[1, 4, 10, 23, 57, 132, 301, 701, 1654, 3847, 8520, 18803]...: 16761257: ACCEPTED IN 31 TRIES, (AVG 540685.7096774194)
[1, 4, 10, 23, 57, 132, 301, 701, 1654, 3847, 8520, 18881]...: 11889489: ACCEPTED IN 22 TRIES, (AVG 540431.3181818182)
[1, 4, 10, 23, 57, 132, 301, 701, 1654, 3847, 8520, 18980]...: 14596113: ACCEPTED IN 27 TRIES, (AVG 540596.7777777778)
[1, 4, 10, 23, 57, 132, 301, 701, 1654, 3847, 8520, 19013]...: 15136661: ACCEPTED IN 28 TRIES, (AVG 540595.0357142857)
[1, 4, 10, 23, 57, 132, 301, 701, 1654, 3847, 8520, 19075]...: 8103150: ACCEPTED IN 15 TRIES, (AVG 540210.0)
[1, 4, 10, 23, 57, 132, 301, 701, 1654, 3847, 8520, 19269]...: 21629730: ACCEPTED IN 40 TRIES, (AVG 540743.25)
[1, 4, 10, 23, 57, 132, 301, 701, 1654, 3847, 8520, 19273]...: 15137973: ACCEPTED IN 28 TRIES, (AVG 540641.8928571428)
[1, 4, 10, 23, 57, 132, 301, 701, 1654, 3847, 8520, 19277]...: 37324508: ACCEPTED IN 69 TRIES, (AVG 540934.8985507246)
[1, 4, 10, 23, 57, 132, 301, 701, 1654, 3847, 8520, 19281]...: 9725511: ACCEPTED IN 18 TRIES, (AVG 540306.1666666666)
[1, 4, 10, 23, 57, 132, 301, 701, 1654, 3847, 8520, 19310]...: 111459253: ACCEPTED IN 206 TRIES, (AVG 541064.3349514563)
[1, 4, 10, 23, 57, 132, 301, 701, 1654, 3847, 8520, 19372]...: 33536435: ACCEPTED IN 62 TRIES, (AVG 540910.2419354839)
[1, 4, 10, 23, 57, 132, 301, 701, 1654, 3847, 8520, 19376]...: 14596800: ACCEPTED IN 27 TRIES, (AVG 540622.2222222222)
[1, 4, 10, 23, 57, 132, 301, 701, 1654, 3847, 8520, 19401]...: 31371880: ACCEPTED IN 58 TRIES, (AVG 540894.4827586206)
[1, 4, 10, 23, 57, 132, 301, 701, 1654, 3847, 8520, 19405]...: 86026632: ACCEPTED IN 159 TRIES, (AVG 541048.0)
[1, 4, 10, 23, 57, 132, 301, 701, 1654, 3847, 8520, 19413]...: 12971957: ACCEPTED IN 24 TRIES, (AVG 540498.2083333334)
[1, 4, 10, 23, 57, 132, 301, 701, 1654, 3847, 8520, 19438]...: 34077492: ACCEPTED IN 63 TRIES, (AVG 540912.5714285715)
[1, 4, 10, 23, 57, 132, 301, 701, 1654, 3847, 8520, 19545]...: 15678082: ACCEPTED IN 29 TRIES, (AVG 540623.5172413794)
[1, 4, 10, 23, 57, 132, 301, 701, 1654, 3847, 8520, 19570]...: 28665078: ACCEPTED IN 53 TRIES, (AVG 540850.5283018867)
[1, 4, 10, 23, 57, 132, 301, 701, 1654, 3847, 8520, 19574]...: 37323823: ACCEPTED IN 69 TRIES, (AVG 540924.9710144928)
[1, 4, 10, 23, 57, 132, 301, 701, 1654, 3847, 8520, 19582]...: 12973446: ACCEPTED IN 24 TRIES, (AVG 540560.25)
[1, 4, 10, 23, 57, 132, 301, 701, 1654, 3847, 8520, 19603]...: 87108785: ACCEPTED IN 161 TRIES, (AVG 541048.354037267)
[1, 4, 10, 23, 57, 132, 301, 701, 1654, 3847, 8520, 19673]...: 18925601: ACCEPTED IN 35 TRIES, (AVG 540731.4571428571)
[1, 4, 10, 23, 57, 132, 301, 701, 1654, 3847, 8520, 19677]...: 104965957: ACCEPTED IN 194 TRIES, (AVG 541061.6340206185)
[1, 4, 10, 23, 57, 132, 301, 701, 1654, 3847, 8520, 19702]...: 14596804: ACCEPTED IN 27 TRIES, (AVG 540622.3703703703)
[1, 4, 10, 23, 57, 132, 301, 701, 1654, 3847, 8520, 19706]...: 9185141: ACCEPTED IN 17 TRIES, (AVG 540302.4117647059)
[1, 4, 10, 23, 57, 132, 301, 701, 1654, 3847, 8520, 19710]...: 16219999: ACCEPTED IN 30 TRIES, (AVG 540666.6333333333)
[1, 4, 10, 23, 57, 132, 301, 701, 1654, 3847, 8520, 19714]...: 5395613: ACCEPTED IN 10 TRIES, (AVG 539561.3)
[1, 4, 10, 23, 57, 132, 301, 701, 1654, 3847, 8520, 19739]...: 8102398: ACCEPTED IN 15 TRIES, (AVG 540159.8666666667)
[1, 4, 10, 23, 57, 132, 301, 701, 1654, 3847, 8520, 19747]...: 238625831: ACCEPTED IN 441 TRIES, (AVG 541101.6575963718)
[1, 4, 10, 23, 57, 132, 301, 701, 1654, 3847, 8520, 19805]...: 56805342: ACCEPTED IN 105 TRIES, (AVG 541003.2571428572)
[1, 4, 10, 23, 57, 132, 301, 701, 1654, 3847, 8520, 19838]...: 15678013: ACCEPTED IN 29 TRIES, (AVG 540621.1379310344)
[1, 4, 10, 23, 57, 132, 301, 701, 1654, 3847, 8520, 19842]...: 12429413: ACCEPTED IN 23 TRIES, (AVG 540409.2608695652)
[1, 4, 10, 23, 57, 132, 301, 701, 1654, 3847, 8520, 19846]...: 17843496: ACCEPTED IN 33 TRIES, (AVG 540712.0)
[1, 4, 10, 23, 57, 132, 301, 701, 1654, 3847, 8520, 19871]...: 4855926: ACCEPTED IN 9 TRIES, (AVG 539547.3333333334)
[1, 4, 10, 23, 57, 132, 301, 701, 1654, 3847, 8520, 19879]...: 132021248: ACCEPTED IN 244 TRIES, (AVG 541070.6885245901)
[1, 4, 10, 23, 57, 132, 301, 701, 1654, 3847, 8520, 19883]...: 15135544: ACCEPTED IN 28 TRIES, (AVG 540555.1428571428)
[1, 4, 10, 23, 57, 132, 301, 701, 1654, 3847, 8520, 19970]...: 11348842: ACCEPTED IN 21 TRIES, (AVG 540421.0476190476)
[1, 4, 10, 23, 57, 132, 301, 701, 1654, 3847, 8520, 19978]...: 15137660: ACCEPTED IN 28 TRIES, (AVG 540630.7142857143)
[1, 4, 10, 23, 57, 132, 301, 701, 1654, 3847, 8520, 20003]...: 14054171: ACCEPTED IN 26 TRIES, (AVG 540545.0384615385)
[1, 4, 10, 23, 57, 132, 301, 701, 1654, 3847, 8520, 20011]...: 30288565: ACCEPTED IN 56 TRIES, (AVG 540867.2321428572)
[1, 4, 10, 23, 57, 132, 301, 701, 1654, 3847, 8520, 20015]...: 13512678: ACCEPTED IN 25 TRIES, (AVG 540507.12)
[1, 4, 10, 23, 57, 132, 301, 701, 1654, 3847, 8520, 20040]...: 11890010: ACCEPTED IN 22 TRIES, (AVG 540455.0)
[1, 4, 10, 23, 57, 132, 301, 701, 1654, 3847, 8520, 20102]...: 10808295: ACCEPTED IN 20 TRIES, (AVG 540414.75)
[1, 4, 10, 23, 57, 132, 301, 701, 1654, 3847, 8520, 20106]...: 10808239: ACCEPTED IN 20 TRIES, (AVG 540411.95)
[1, 4, 10, 23, 57, 132, 301, 701, 1654, 3847, 8520, 20110]...: 17301510: ACCEPTED IN 32 TRIES, (AVG 540672.1875)
[1, 4, 10, 23, 57, 132, 301, 701, 1654, 3847, 8520, 20139]...: 15677108: ACCEPTED IN 29 TRIES, (AVG 540589.9310344828)
[1, 4, 10, 23, 57, 132, 301, 701, 1654, 3847, 8520, 20143]...: 16760810: ACCEPTED IN 31 TRIES, (AVG 540671.2903225806)
[1, 4, 10, 23, 57, 132, 301, 701, 1654, 3847, 8520, 20172]...: 16759322: ACCEPTED IN 31 TRIES, (AVG 540623.2903225806)
[1, 4, 10, 23, 57, 132, 301, 701, 1654, 3847, 8520, 20184]...: 14053505: ACCEPTED IN 26 TRIES, (AVG 540519.4230769231)
[1, 4, 10, 23, 57, 132, 301, 701, 1654, 3847, 8520, 20234]...: 17301500: ACCEPTED IN 32 TRIES, (AVG 540671.875)
[1, 4, 10, 23, 57, 132, 301, 701, 1654, 3847, 8520, 20271]...: 15678549: ACCEPTED IN 29 TRIES, (AVG 540639.6206896552)
[1, 4, 10, 23, 57, 132, 301, 701, 1654, 3847, 8520, 20275]...: 13512829: ACCEPTED IN 25 TRIES, (AVG 540513.16)
[1, 4, 10, 23, 57, 132, 301, 701, 1654, 3847, 8520, 20279]...: 15677196: ACCEPTED IN 29 TRIES, (AVG 540592.9655172414)
[1, 4, 10, 23, 57, 132, 301, 701, 1654, 3847, 8520, 20304]...: 11890806: ACCEPTED IN 22 TRIES, (AVG 540491.1818181818)
[1, 4, 10, 23, 57, 132, 301, 701, 1654, 3847, 8520, 20366]...: 22712289: ACCEPTED IN 42 TRIES, (AVG 540768.7857142857)
[1, 4, 10, 23, 57, 132, 301, 701, 1654, 3847, 8520, 20403]...: 16219653: ACCEPTED IN 30 TRIES, (AVG 540655.1)
[1, 4, 10, 23, 57, 132, 301, 701, 1654, 3847, 8520, 20407]...: 14596720: ACCEPTED IN 27 TRIES, (AVG 540619.2592592592)
[1, 4, 10, 23, 57, 132, 301, 701, 1654, 3847, 8520, 20411]...: 15137551: ACCEPTED IN 28 TRIES, (AVG 540626.8214285715)
[1, 4, 10, 23, 57, 132, 301, 701, 1654, 3847, 8520, 20440]...: 20007797: ACCEPTED IN 37 TRIES, (AVG 540751.2702702703)
[1, 4, 10, 23, 57, 132, 301, 701, 1654, 3847, 8520, 20448]...: 15677801: ACCEPTED IN 29 TRIES, (AVG 540613.8275862068)
