[1, 4, 10, 23, 57, 132, 301, 701, 1636, 3687, 8138, 18154]...: 44899544: ACCEPTED IN 83 TRIES, (AVG 540958.3614457832)
[1, 4, 10, 23, 57, 132, 301, 701, 1636, 3687, 8138, 18255]...: 69250826: ACCEPTED IN 128 TRIES, (AVG 541022.078125)
[1, 4, 10, 23, 57, 132, 301, 701, 1636, 3687, 8138, 18288]...: 68167652: ACCEPTED IN 126 TRIES, (AVG 541013.1111111111)
[1, 4, 10, 23, 57, 132, 301, 701, 1636, 3687, 8138, 18325]...: 102260174: ACCEPTED IN 189 TRIES, (AVG 541059.1216931217)
[1, 4, 10, 23, 57, 132, 301, 701, 1636, 3687, 8138, 18330]...: 28124648: ACCEPTED IN 52 TRIES, (AVG 540858.6153846154)
[1, 4, 10, 23, 57, 132, 301, 701, 1636, 3687, 8138, 18361]...: 94684745: ACCEPTED IN 175 TRIES, (AVG 541055.6857142857)
[1, 4, 10, 23, 57, 132, 301, 701, 1636, 3687, 8138, 18424]...: 29206778: ACCEPTED IN 54 TRIES, (AVG 540866.2592592592)
[1, 4, 10, 23, 57, 132, 301, 701, 1636, 3687, 8138, 18455]...: 66003529: ACCEPTED IN 122 TRIES, (AVG 541012.5327868853)
[1, 4, 10, 23, 57, 132, 301, 701, 1636, 3687, 8138, 18459]...: 21630773: ACCEPTED IN 40 TRIES, (AVG 540769.325)
[1, 4, 10, 23, 57, 132, 301, 701, 1636, 3687, 8138, 18460]...: 24878331: ACCEPTED IN 46 TRIES, (AVG 540833.2826086957)
[1, 4, 10, 23, 57, 132, 301, 701, 1636, 3687, 8138, 18492]...: 67087031: ACCEPTED IN 124 TRIES, (AVG 541024.4435483871)
[1, 4, 10, 23, 57, 132, 301, 701, 1636, 3687, 8138, 18526]...: 37322578: ACCEPTED IN 69 TRIES, (AVG 540906.9275362319)
[1, 4, 10, 23, 57, 132, 301, 701, 1636, 3687, 8138, 18527]...: 41110818: ACCEPTED IN 76 TRIES, (AVG 540931.8157894737)
[1, 4, 10, 23, 57, 132, 301, 701, 1636, 3687, 8138, 18556]...: 13513681: ACCEPTED IN 25 TRIES, (AVG 540547.24)
[1, 4, 10, 23, 57, 132, 301, 701, 1636, 3687, 8138, 18559]...: 21088468: ACCEPTED IN 39 TRIES, (AVG 540729.9487179487)
[1, 4, 10, 23, 57, 132, 301, 701, 1636, 3687, 8138, 18563]...: 27581839: ACCEPTED IN 51 TRIES, (AVG 540820.3725490196)
[1, 4, 10, 23, 57, 132, 301, 701, 1636, 3687, 8138, 18589]...: 23254629: ACCEPTED IN 43 TRIES, (AVG 540805.3255813953)
[1, 4, 10, 23, 57, 132, 301, 701, 1636, 3687, 8138, 18591]...: 23795286: ACCEPTED IN 44 TRIES, (AVG 540801.9545454546)
[1, 4, 10, 23, 57, 132, 301, 701, 1636, 3687, 8138, 18592]...: 116871185: ACCEPTED IN 216 TRIES, (AVG 541070.300925926)
[1, 4, 10, 23, 57, 132, 301, 701, 1636, 3687, 8138, 18593]...: 115788960: ACCEPTED IN 214 TRIES, (AVG 541069.9065420561)
[1, 4, 10, 23, 57, 132, 301, 701, 1636, 3687, 8138, 18621]...: 29748390: ACCEPTED IN 55 TRIES, (AVG 540879.8181818182)
[1, 4, 10, 23, 57, 132, 301, 701, 1636, 3687, 8138, 18625]...: 57887075: ACCEPTED IN 107 TRIES, (AVG 541000.7009345795)
[1, 4, 10, 23, 57, 132, 301, 701, 1636, 3687, 8138, 18626]...: 64379724: ACCEPTED IN 119 TRIES, (AVG 541006.0840336134)
[1, 4, 10, 23, 57, 132, 301, 701, 1636, 3687, 8138, 18628]...: 83861024: ACCEPTED IN 155 TRIES, (AVG 541038.864516129)
[1, 4, 10, 23, 57, 132, 301, 701, 1636, 3687, 8138, 18658]...: 28121978: ACCEPTED IN 52 TRIES, (AVG 540807.2692307692)
[1, 4, 10, 23, 57, 132, 301, 701, 1636, 3687, 8138, 18659]...: 65462533: ACCEPTED IN 121 TRIES, (AVG 541012.6694214876)
[1, 4, 10, 23, 57, 132, 301, 701, 1636, 3687, 8138, 18662]...: 19466138: ACCEPTED IN 36 TRIES, (AVG 540726.0555555555)
[1, 4, 10, 23, 57, 132, 301, 701, 1636, 3687, 8138, 18688]...: 14594830: ACCEPTED IN 27 TRIES, (AVG 540549.2592592592)
[1, 4, 10, 23, 57, 132, 301, 701, 1636, 3687, 8138, 18691]...: 75744851: ACCEPTED IN 140 TRIES, (AVG 541034.65)
[1, 4, 10, 23, 57, 132, 301, 701, 1636, 3687, 8138, 18724]...: 67086353: ACCEPTED IN 124 TRIES, (AVG 541018.9758064516)
[1, 4, 10, 23, 57, 132, 301, 701, 1636, 3687, 8138, 18725]...: 32454368: ACCEPTED IN 60 TRIES, (AVG 540906.1333333333)
[1, 4, 10, 23, 57, 132, 301, 701, 1636, 3687, 8138, 18730]...: 13514254: ACCEPTED IN 25 TRIES, (AVG 540570.16)
[1, 4, 10, 23, 57, 132, 301, 701, 1636, 3687, 8138, 18756]...: 18925725: ACCEPTED IN 35 TRIES, (AVG 540735.0)
[1, 4, 10, 23, 57, 132, 301, 701, 1636, 3687, 8138, 18758]...: 70872792: ACCEPTED IN 131 TRIES, (AVG 541013.679389313)
[1, 4, 10, 23, 57, 132, 301, 701, 1636, 3687, 8138, 18760]...: 64920043: ACCEPTED IN 120 TRIES, (AVG 541000.3583333333)
[1, 4, 10, 23, 57, 132, 301, 701, 1636, 3687, 8138, 18761]...: 14595652: ACCEPTED IN 27 TRIES, (AVG 540579.7037037037)
[1, 4, 10, 23, 57, 132, 301, 701, 1636, 3687, 8138, 18791]...: 73037670: ACCEPTED IN 135 TRIES, (AVG 541019.7777777778)
[1, 4, 10, 23, 57, 132, 301, 701, 1636, 3687, 8138, 18793]...: 23795904: ACCEPTED IN 44 TRIES, (AVG 540816.0)
[1, 4, 10, 23, 57, 132, 301, 701, 1636, 3687, 8138, 18797]...: 23253085: ACCEPTED IN 43 TRIES, (AVG 540769.4186046511)
[1, 4, 10, 23, 57, 132, 301, 701, 1636, 3687, 8138, 18823]...: 24337056: ACCEPTED IN 45 TRIES, (AVG 540823.4666666667)
[1, 4, 10, 23, 57, 132, 301, 701, 1636, 3687, 8138, 18824]...: 13512606: ACCEPTED IN 25 TRIES, (AVG 540504.24)
[1, 4, 10, 23, 57, 132, 301, 701, 1636, 3687, 8138, 18827]...: 64381003: ACCEPTED IN 119 TRIES, (AVG 541016.8319327731)
[1, 4, 10, 23, 57, 132, 301, 701, 1636, 3687, 8138, 18828]...: 45982649: ACCEPTED IN 85 TRIES, (AVG 540972.3411764706)
[1, 4, 10, 23, 57, 132, 301, 701, 1636, 3687, 8138, 18855]...: 32995116: ACCEPTED IN 61 TRIES, (AVG 540903.5409836066)
[1, 4, 10, 23, 57, 132, 301, 701, 1636, 3687, 8138, 18860]...: 64380467: ACCEPTED IN 119 TRIES, (AVG 541012.3277310925)
[1, 4, 10, 23, 57, 132, 301, 701, 1636, 3687, 8138, 18861]...: 56802206: ACCEPTED IN 105 TRIES, (AVG 540973.3904761905)
[1, 4, 10, 23, 57, 132, 301, 701, 1636, 3687, 8138, 18890]...: 31912376: ACCEPTED IN 59 TRIES, (AVG 540887.7288135593)
[1, 4, 10, 23, 57, 132, 301, 701, 1636, 3687, 8138, 18892]...: 71415957: ACCEPTED IN 132 TRIES, (AVG 541029.9772727273)
[1, 4, 10, 23, 57, 132, 301, 701, 1636, 3687, 8138, 18893]...: 31912924: ACCEPTED IN 59 TRIES, (AVG 540897.0169491526)
[1, 4, 10, 23, 57, 132, 301, 701, 1636, 3687, 8138, 18896]...: 89814328: ACCEPTED IN 166 TRIES, (AVG 541050.1686746988)
[1, 4, 10, 23, 57, 132, 301, 701, 1636, 3687, 8138, 18922]...: 14594526: ACCEPTED IN 27 TRIES, (AVG 540538.0)
[1, 4, 10, 23, 57, 132, 301, 701, 1636, 3687, 8138, 18925]...: 66004496: ACCEPTED IN 122 TRIES, (AVG 541020.4590163934)
[1, 4, 10, 23, 57, 132, 301, 701, 1636, 3687, 8138, 18926]...: 31912621: ACCEPTED IN 59 TRIES, (AVG 540891.8813559322)
[1, 4, 10, 23, 57, 132, 301, 701, 1636, 3687, 8138, 18927]...: 21631454: ACCEPTED IN 40 TRIES, (AVG 540786.35)
[1, 4, 10, 23, 57, 132, 301, 701, 1636, 3687, 8138, 18929]...: 68710486: ACCEPTED IN 127 TRIES, (AVG 541027.4488188976)
[1, 4, 10, 23, 57, 132, 301, 701, 1636, 3687, 8138, 18959]...: 14596534: ACCEPTED IN 27 TRIES, (AVG 540612.3703703703)
[1, 4, 10, 23, 57, 132, 301, 701, 1636, 3687, 8138, 18960]...: 19466582: ACCEPTED IN 36 TRIES, (AVG 540738.3888888889)
[1, 4, 10, 23, 57, 132, 301, 701, 1636, 3687, 8138, 18963]...: 14595258: ACCEPTED IN 27 TRIES, (AVG 540565.1111111111)
[1, 4, 10, 23, 57, 132, 301, 701, 1636, 3687, 8138, 18989]...: 12973361: ACCEPTED IN 24 TRIES, (AVG 540556.7083333334)
[1, 4, 10, 23, 57, 132, 301, 701, 1636, 3687, 8138, 18992]...: 20549117: ACCEPTED IN 38 TRIES, (AVG 540766.2368421053)
[1, 4, 10, 23, 57, 132, 301, 701, 1636, 3687, 8138, 18993]...: 25419178: ACCEPTED IN 47 TRIES, (AVG 540833.5744680851)
[1, 4, 10, 23, 57, 132, 301, 701, 1636, 3687, 8138, 19025]...: 8644180: ACCEPTED IN 16 TRIES, (AVG 540261.25)
[1, 4, 10, 23, 57, 132, 301, 701, 1636, 3687, 8138, 19026]...: 17841948: ACCEPTED IN 33 TRIES, (AVG 540665.0909090909)
[1, 4, 10, 23, 57, 132, 301, 701, 1636, 3687, 8138, 19031]...: 30288972: ACCEPTED IN 56 TRIES, (AVG 540874.5)
[1, 4, 10, 23, 57, 132, 301, 701, 1636, 3687, 8138, 19057]...: 38947568: ACCEPTED IN 72 TRIES, (AVG 540938.4444444445)
[1, 4, 10, 23, 57, 132, 301, 701, 1636, 3687, 8138, 19058]...: 23794211: ACCEPTED IN 44 TRIES, (AVG 540777.5227272727)
[1, 4, 10, 23, 57, 132, 301, 701, 1636, 3687, 8138, 19059]...: 24337127: ACCEPTED IN 45 TRIES, (AVG 540825.0444444445)
[1, 4, 10, 23, 57, 132, 301, 701, 1636, 3687, 8138, 19061]...: 39488463: ACCEPTED IN 73 TRIES, (AVG 540937.8493150685)
[1, 4, 10, 23, 57, 132, 301, 701, 1636, 3687, 8138, 19062]...: 34077777: ACCEPTED IN 63 TRIES, (AVG 540917.0952380953)
[1, 4, 10, 23, 57, 132, 301, 701, 1636, 3687, 8138, 19092]...: 55722940: ACCEPTED IN 103 TRIES, (AVG 540999.4174757282)
[1, 4, 10, 23, 57, 132, 301, 701, 1636, 3687, 8138, 19094]...: 17302525: ACCEPTED IN 32 TRIES, (AVG 540703.90625)
[1, 4, 10, 23, 57, 132, 301, 701, 1636, 3687, 8138, 19095]...: 44898262: ACCEPTED IN 83 TRIES, (AVG 540942.9156626506)
[1, 4, 10, 23, 57, 132, 301, 701, 1636, 3687, 8138, 19124]...: 69792044: ACCEPTED IN 129 TRIES, (AVG 541023.5968992248)
[1, 4, 10, 23, 57, 132, 301, 701, 1636, 3687, 8138, 19125]...: 9725859: ACCEPTED IN 18 TRIES, (AVG 540325.5)
[1, 4, 10, 23, 57, 132, 301, 701, 1636, 3687, 8138, 19130]...: 9184812: ACCEPTED IN 17 TRIES, (AVG 540283.0588235294)
[1, 4, 10, 23, 57, 132, 301, 701, 1636, 3687, 8138, 19156]...: 23794331: ACCEPTED IN 44 TRIES, (AVG 540780.25)
[1, 4, 10, 23, 57, 132, 301, 701, 1636, 3687, 8138, 19158]...: 20547797: ACCEPTED IN 38 TRIES, (AVG 540731.5)
[1, 4, 10, 23, 57, 132, 301, 701, 1636, 3687, 8138, 19160]...: 23795971: ACCEPTED IN 44 TRIES, (AVG 540817.5227272727)
[1, 4, 10, 23, 57, 132, 301, 701, 1636, 3687, 8138, 19162]...: 5938178: ACCEPTED IN 11 TRIES, (AVG 539834.3636363636)
[1, 4, 10, 23, 57, 132, 301, 701, 1636, 3687, 8138, 19190]...: 21629315: ACCEPTED IN 40 TRIES, (AVG 540732.875)
[1, 4, 10, 23, 57, 132, 301, 701, 1636, 3687, 8138, 19191]...: 20006809: ACCEPTED IN 37 TRIES, (AVG 540724.5675675676)
[1, 4, 10, 23, 57, 132, 301, 701, 1636, 3687, 8138, 19193]...: 44358167: ACCEPTED IN 82 TRIES, (AVG 540953.256097561)
[1, 4, 10, 23, 57, 132, 301, 701, 1636, 3687, 8138, 19194]...: 25419556: ACCEPTED IN 47 TRIES, (AVG 540841.6170212766)
[1, 4, 10, 23, 57, 132, 301, 701, 1636, 3687, 8138, 19197]...: 11890994: ACCEPTED IN 22 TRIES, (AVG 540499.7272727273)
[1, 4, 10, 23, 57, 132, 301, 701, 1636, 3687, 8138, 19223]...: 21089815: ACCEPTED IN 39 TRIES, (AVG 540764.4871794871)
[1, 4, 10, 23, 57, 132, 301, 701, 1636, 3687, 8138, 19226]...: 22713480: ACCEPTED IN 42 TRIES, (AVG 540797.1428571428)
[1, 4, 10, 23, 57, 132, 301, 701, 1636, 3687, 8138, 19227]...: 17841084: ACCEPTED IN 33 TRIES, (AVG 540638.9090909091)
[1, 4, 10, 23, 57, 132, 301, 701, 1636, 3687, 8138, 19228]...: 5938357: ACCEPTED IN 11 TRIES, (AVG 539850.6363636364)
[1, 4, 10, 23, 57, 132, 301, 701, 1636, 3687, 8138, 19260]...: 17843317: ACCEPTED IN 33 TRIES, (AVG 540706.5757575758)
[1, 4, 10, 23, 57, 132, 301, 701, 1636, 3687, 8138, 19261]...: 7019975: ACCEPTED IN 13 TRIES, (AVG 539998.0769230769)
[1, 4, 10, 23, 57, 132, 301, 701, 1636, 3687, 8138, 19264]...: 15678479: ACCEPTED IN 29 TRIES, (AVG 540637.2068965518)
[1, 4, 10, 23, 57, 132, 301, 701, 1636, 3687, 8138, 19290]...: 17843574: ACCEPTED IN 33 TRIES, (AVG 540714.3636363636)
[1, 4, 10, 23, 57, 132, 301, 701, 1636, 3687, 8138, 19292]...: 15677064: ACCEPTED IN 29 TRIES, (AVG 540588.4137931034)
[1, 4, 10, 23, 57, 132, 301, 701, 1636, 3687, 8138, 19293]...: 31370508: ACCEPTED IN 58 TRIES, (AVG 540870.8275862068)
[1, 4, 10, 23, 57, 132, 301, 701, 1636, 3687, 8138, 19294]...: 28124193: ACCEPTED IN 52 TRIES, (AVG 540849.8653846154)
[1, 4, 10, 23, 57, 132, 301, 701, 1636, 3687, 8138, 19322]...: 7019989: ACCEPTED IN 13 TRIES, (AVG 539999.1538461539)
[1, 4, 10, 23, 57, 132, 301, 701, 1636, 3687, 8138, 19325]...: 94143068: ACCEPTED IN 174 TRIES, (AVG 541052.1149425288)
[1, 4, 10, 23, 57, 132, 301, 701, 1636, 3687, 8138, 19326]...: 11891077: ACCEPTED IN 22 TRIES, (AVG 540503.5)
[1, 4, 10, 23, 57, 132, 301, 701, 1636, 3687, 8138, 19327]...: 8643946: ACCEPTED IN 16 TRIES, (AVG 540246.625)
[1, 4, 10, 23, 57, 132, 301, 701, 1636, 3687, 8138, 19329]...: 34618829: ACCEPTED IN 64 TRIES, (AVG 540919.203125)
[1, 4, 10, 23, 57, 132, 301, 701, 1636, 3687, 8138, 19358]...: 28124466: ACCEPTED IN 52 TRIES, (AVG 540855.1153846154)
[1, 4, 10, 23, 57, 132, 301, 701, 1636, 3687, 8138, 19359]...: 10267446: ACCEPTED IN 19 TRIES, (AVG 540391.8947368421)
[1, 4, 10, 23, 57, 132, 301, 701, 1636, 3687, 8138, 19360]...: 19466208: ACCEPTED IN 36 TRIES, (AVG 540728.0)
[1, 4, 10, 23, 57, 132, 301, 701, 1636, 3687, 8138, 19363]...: 9185072: ACCEPTED IN 17 TRIES, (AVG 540298.3529411765)
[1, 4, 10, 23, 57, 132, 301, 701, 1636, 3687, 8138, 19392]...: 17302027: ACCEPTED IN 32 TRIES, (AVG 540688.34375)
[1, 4, 10, 23, 57, 132, 301, 701, 1636, 3687, 8138, 19393]...: 28124979: ACCEPTED IN 52 TRIES, (AVG 540864.9807692308)
[1, 4, 10, 23, 57, 132, 301, 701, 1636, 3687, 8138, 19394]...: 11890905: ACCEPTED IN 22 TRIES, (AVG 540495.6818181818)
[1, 4, 10, 23, 57, 132, 301, 701, 1636, 3687, 8138, 19395]...: 14596184: ACCEPTED IN 27 TRIES, (AVG 540599.4074074074)
[1, 4, 10, 23, 57, 132, 301, 701, 1636, 3687, 8138, 19396]...: 14052760: ACCEPTED IN 26 TRIES, (AVG 540490.7692307692)
[1, 4, 10, 23, 57, 132, 301, 701, 1636, 3687, 8138, 19424]...: 16761154: ACCEPTED IN 31 TRIES, (AVG 540682.3870967742)
[1, 4, 10, 23, 57, 132, 301, 701, 1636, 3687, 8138, 19425]...: 14596195: ACCEPTED IN 27 TRIES, (AVG 540599.8148148148)
[1, 4, 10, 23, 57, 132, 301, 701, 1636, 3687, 8138, 19426]...: 25419032: ACCEPTED IN 47 TRIES, (AVG 540830.4680851063)
[1, 4, 10, 23, 57, 132, 301, 701, 1636, 3687, 8138, 19431]...: 21630005: ACCEPTED IN 40 TRIES, (AVG 540750.125)
[1, 4, 10, 23, 57, 132, 301, 701, 1636, 3687, 8138, 19457]...: 11349478: ACCEPTED IN 21 TRIES, (AVG 540451.3333333334)
[1, 4, 10, 23, 57, 132, 301, 701, 1636, 3687, 8138, 19459]...: 9726614: ACCEPTED IN 18 TRIES, (AVG 540367.4444444445)
[1, 4, 10, 23, 57, 132, 301, 701, 1636, 3687, 8138, 19461]...: 29748681: ACCEPTED IN 55 TRIES, (AVG 540885.1090909091)
[1, 4, 10, 23, 57, 132, 301, 701, 1636, 3687, 8138, 19462]...: 17840890: ACCEPTED IN 33 TRIES, (AVG 540633.0303030303)
[1, 4, 10, 23, 57, 132, 301, 701, 1636, 3687, 8138, 19463]...: 14596164: ACCEPTED IN 27 TRIES, (AVG 540598.6666666666)
[1, 4, 10, 23, 57, 132, 301, 701, 1636, 3687, 8138, 19491]...: 17841896: ACCEPTED IN 33 TRIES, (AVG 540663.5151515151)
[1, 4, 10, 23, 57, 132, 301, 701, 1636, 3687, 8138, 19492]...: 22713041: ACCEPTED IN 42 TRIES, (AVG 540786.6904761905)
[1, 4, 10, 23, 57, 132, 301, 701, 1636, 3687, 8138, 19495]...: 23252956: ACCEPTED IN 43 TRIES, (AVG 540766.4186046511)
[1, 4, 10, 23, 57, 132, 301, 701, 1636, 3687, 8138, 19498]...: 17301372: ACCEPTED IN 32 TRIES, (AVG 540667.875)
[1, 4, 10, 23, 57, 132, 301, 701, 1636, 3687, 8138, 19524]...: 20006419: ACCEPTED IN 37 TRIES, (AVG 540714.027027027)
[1, 4, 10, 23, 57, 132, 301, 701, 1636, 3687, 8138, 19525]...: 17301735: ACCEPTED IN 32 TRIES, (AVG 540679.21875)
[1, 4, 10, 23, 57, 132, 301, 701, 1636, 3687, 8138, 19526]...: 8103117: ACCEPTED IN 15 TRIES, (AVG 540207.8)
[1, 4, 10, 23, 57, 132, 301, 701, 1636, 3687, 8138, 19527]...: 39488266: ACCEPTED IN 73 TRIES, (AVG 540935.1506849315)
[1, 4, 10, 23, 57, 132, 301, 701, 1636, 3687, 8138, 19528]...: 16760360: ACCEPTED IN 31 TRIES, (AVG 540656.7741935484)
[1, 4, 10, 23, 57, 132, 301, 701, 1636, 3687, 8138, 19529]...: 7019784: ACCEPTED IN 13 TRIES, (AVG 539983.3846153846)
