[1, 4, 10, 23, 57, 132, 301, 701, 1636, 3657, 8235, 18117]...: 56805403: ACCEPTED IN 105 TRIES, (AVG 541003.8380952381)
[1, 4, 10, 23, 57, 132, 301, 701, 1636, 3657, 8235, 18149]...: 29207405: ACCEPTED IN 54 TRIES, (AVG 540877.8703703703)
[1, 4, 10, 23, 57, 132, 301, 701, 1636, 3657, 8235, 18150]...: 14054717: ACCEPTED IN 26 TRIES, (AVG 540566.0384615385)
[1, 4, 10, 23, 57, 132, 301, 701, 1636, 3657, 8235, 18249]...: 20549275: ACCEPTED IN 38 TRIES, (AVG 540770.3947368421)
[1, 4, 10, 23, 57, 132, 301, 701, 1636, 3657, 8235, 18319]...: 18925952: ACCEPTED IN 35 TRIES, (AVG 540741.4857142858)
[1, 4, 10, 23, 57, 132, 301, 701, 1636, 3657, 8235, 18348]...: 15137417: ACCEPTED IN 28 TRIES, (AVG 540622.0357142857)
[1, 4, 10, 23, 57, 132, 301, 701, 1636, 3657, 8235, 18351]...: 18924087: ACCEPTED IN 35 TRIES, (AVG 540688.2)
[1, 4, 10, 23, 57, 132, 301, 701, 1636, 3657, 8235, 18383]...: 20548834: ACCEPTED IN 38 TRIES, (AVG 540758.7894736842)
[1, 4, 10, 23, 57, 132, 301, 701, 1636, 3657, 8235, 18418]...: 17843366: ACCEPTED IN 33 TRIES, (AVG 540708.0606060605)
[1, 4, 10, 23, 57, 132, 301, 701, 1636, 3657, 8235, 18450]...: 19467004: ACCEPTED IN 36 TRIES, (AVG 540750.1111111111)
[1, 4, 10, 23, 57, 132, 301, 701, 1636, 3657, 8235, 18451]...: 14055187: ACCEPTED IN 26 TRIES, (AVG 540584.1153846154)
[1, 4, 10, 23, 57, 132, 301, 701, 1636, 3657, 8235, 18517]...: 88732349: ACCEPTED IN 164 TRIES, (AVG 541050.9085365854)
[1, 4, 10, 23, 57, 132, 301, 701, 1636, 3657, 8235, 18550]...: 30288765: ACCEPTED IN 56 TRIES, (AVG 540870.8035714285)
[1, 4, 10, 23, 57, 132, 301, 701, 1636, 3657, 8235, 18553]...: 23254652: ACCEPTED IN 43 TRIES, (AVG 540805.8604651163)
[1, 4, 10, 23, 57, 132, 301, 701, 1636, 3657, 8235, 18620]...: 25418841: ACCEPTED IN 47 TRIES, (AVG 540826.4042553192)
[1, 4, 10, 23, 57, 132, 301, 701, 1636, 3657, 8235, 18649]...: 15135963: ACCEPTED IN 28 TRIES, (AVG 540570.1071428572)
[1, 4, 10, 23, 57, 132, 301, 701, 1636, 3657, 8235, 18652]...: 18925963: ACCEPTED IN 35 TRIES, (AVG 540741.8)
[1, 4, 10, 23, 57, 132, 301, 701, 1636, 3657, 8235, 18684]...: 10807992: ACCEPTED IN 20 TRIES, (AVG 540399.6)
[1, 4, 10, 23, 57, 132, 301, 701, 1636, 3657, 8235, 18685]...: 7560578: ACCEPTED IN 14 TRIES, (AVG 540041.2857142857)
[1, 4, 10, 23, 57, 132, 301, 701, 1636, 3657, 8235, 18751]...: 9724616: ACCEPTED IN 18 TRIES, (AVG 540256.4444444445)
[1, 4, 10, 23, 57, 132, 301, 701, 1636, 3657, 8235, 18752]...: 12971963: ACCEPTED IN 24 TRIES, (AVG 540498.4583333334)
[1, 4, 10, 23, 57, 132, 301, 701, 1636, 3657, 8235, 18784]...: 21090222: ACCEPTED IN 39 TRIES, (AVG 540774.9230769231)
[1, 4, 10, 23, 57, 132, 301, 701, 1636, 3657, 8235, 18818]...: 10807739: ACCEPTED IN 20 TRIES, (AVG 540386.95)
[1, 4, 10, 23, 57, 132, 301, 701, 1636, 3657, 8235, 18851]...: 10266074: ACCEPTED IN 19 TRIES, (AVG 540319.6842105263)
[1, 4, 10, 23, 57, 132, 301, 701, 1636, 3657, 8235, 18854]...: 8102171: ACCEPTED IN 15 TRIES, (AVG 540144.7333333333)
[1, 4, 10, 23, 57, 132, 301, 701, 1636, 3657, 8235, 18917]...: 20549310: ACCEPTED IN 38 TRIES, (AVG 540771.3157894737)
[1, 4, 10, 23, 57, 132, 301, 701, 1636, 3657, 8235, 18950]...: 11349565: ACCEPTED IN 21 TRIES, (AVG 540455.4761904762)
[1, 4, 10, 23, 57, 132, 301, 701, 1636, 3657, 8235, 18953]...: 10267645: ACCEPTED IN 19 TRIES, (AVG 540402.3684210526)
[1, 4, 10, 23, 57, 132, 301, 701, 1636, 3657, 8235, 18985]...: 21088400: ACCEPTED IN 39 TRIES, (AVG 540728.2051282051)
[1, 4, 10, 23, 57, 132, 301, 701, 1636, 3657, 8235, 18986]...: 8642293: ACCEPTED IN 16 TRIES, (AVG 540143.3125)
[1, 4, 10, 23, 57, 132, 301, 701, 1636, 3657, 8235, 19049]...: 14054915: ACCEPTED IN 26 TRIES, (AVG 540573.6538461539)
[1, 4, 10, 23, 57, 132, 301, 701, 1636, 3657, 8235, 19052]...: 22712007: ACCEPTED IN 42 TRIES, (AVG 540762.0714285715)
[1, 4, 10, 23, 57, 132, 301, 701, 1636, 3657, 8235, 19084]...: 18924990: ACCEPTED IN 35 TRIES, (AVG 540714.0)
[1, 4, 10, 23, 57, 132, 301, 701, 1636, 3657, 8235, 19085]...: 18384135: ACCEPTED IN 34 TRIES, (AVG 540709.8529411765)
[1, 4, 10, 23, 57, 132, 301, 701, 1636, 3657, 8235, 19119]...: 10266783: ACCEPTED IN 19 TRIES, (AVG 540357.0)
[1, 4, 10, 23, 57, 132, 301, 701, 1636, 3657, 8235, 19151]...: 10266382: ACCEPTED IN 19 TRIES, (AVG 540335.8947368421)
[1, 4, 10, 23, 57, 132, 301, 701, 1636, 3657, 8235, 19152]...: 14055329: ACCEPTED IN 26 TRIES, (AVG 540589.5769230769)
[1, 4, 10, 23, 57, 132, 301, 701, 1636, 3657, 8235, 19218]...: 9185187: ACCEPTED IN 17 TRIES, (AVG 540305.1176470588)
[1, 4, 10, 23, 57, 132, 301, 701, 1636, 3657, 8235, 19251]...: 12431372: ACCEPTED IN 23 TRIES, (AVG 540494.4347826086)
[1, 4, 10, 23, 57, 132, 301, 701, 1636, 3657, 8235, 19254]...: 28124799: ACCEPTED IN 52 TRIES, (AVG 540861.5192307692)
[1, 4, 10, 23, 57, 132, 301, 701, 1636, 3657, 8235, 19283]...: 28122327: ACCEPTED IN 52 TRIES, (AVG 540813.9807692308)
[1, 4, 10, 23, 57, 132, 301, 701, 1636, 3657, 8235, 19286]...: 15136430: ACCEPTED IN 28 TRIES, (AVG 540586.7857142857)
[1, 4, 10, 23, 57, 132, 301, 701, 1636, 3657, 8235, 19350]...: 15136524: ACCEPTED IN 28 TRIES, (AVG 540590.1428571428)
[1, 4, 10, 23, 57, 132, 301, 701, 1636, 3657, 8235, 19353]...: 17842780: ACCEPTED IN 33 TRIES, (AVG 540690.303030303)
[1, 4, 10, 23, 57, 132, 301, 701, 1636, 3657, 8235, 19385]...: 12431969: ACCEPTED IN 23 TRIES, (AVG 540520.3913043478)
[1, 4, 10, 23, 57, 132, 301, 701, 1636, 3657, 8235, 19386]...: 9726303: ACCEPTED IN 18 TRIES, (AVG 540350.1666666666)
[1, 4, 10, 23, 57, 132, 301, 701, 1636, 3657, 8235, 19452]...: 8643543: ACCEPTED IN 16 TRIES, (AVG 540221.4375)
[1, 4, 10, 23, 57, 132, 301, 701, 1636, 3657, 8235, 19453]...: 8644199: ACCEPTED IN 16 TRIES, (AVG 540262.4375)
[1, 4, 10, 23, 57, 132, 301, 701, 1636, 3657, 8235, 19485]...: 15136432: ACCEPTED IN 28 TRIES, (AVG 540586.8571428572)
[1, 4, 10, 23, 57, 132, 301, 701, 1636, 3657, 8235, 19519]...: 8642841: ACCEPTED IN 16 TRIES, (AVG 540177.5625)
[1, 4, 10, 23, 57, 132, 301, 701, 1636, 3657, 8235, 19552]...: 7017141: ACCEPTED IN 13 TRIES, (AVG 539780.0769230769)
[1, 4, 10, 23, 57, 132, 301, 701, 1636, 3657, 8235, 19555]...: 21630824: ACCEPTED IN 40 TRIES, (AVG 540770.6)
[1, 4, 10, 23, 57, 132, 301, 701, 1636, 3657, 8235, 19584]...: 9726119: ACCEPTED IN 18 TRIES, (AVG 540339.9444444445)
[1, 4, 10, 23, 57, 132, 301, 701, 1636, 3657, 8235, 19587]...: 12972801: ACCEPTED IN 24 TRIES, (AVG 540533.375)
[1, 4, 10, 23, 57, 132, 301, 701, 1636, 3657, 8235, 19651]...: 11349977: ACCEPTED IN 21 TRIES, (AVG 540475.0952380953)
[1, 4, 10, 23, 57, 132, 301, 701, 1636, 3657, 8235, 19654]...: 9184627: ACCEPTED IN 17 TRIES, (AVG 540272.1764705882)
[1, 4, 10, 23, 57, 132, 301, 701, 1636, 3657, 8235, 19686]...: 8643507: ACCEPTED IN 16 TRIES, (AVG 540219.1875)
[1, 4, 10, 23, 57, 132, 301, 701, 1636, 3657, 8235, 19687]...: 14055266: ACCEPTED IN 26 TRIES, (AVG 540587.1538461539)
[1, 4, 10, 23, 57, 132, 301, 701, 1636, 3657, 8235, 19719]...: 12973366: ACCEPTED IN 24 TRIES, (AVG 540556.9166666666)
[1, 4, 10, 23, 57, 132, 301, 701, 1636, 3657, 8235, 19753]...: 12431819: ACCEPTED IN 23 TRIES, (AVG 540513.8695652174)
[1, 4, 10, 23, 57, 132, 301, 701, 1636, 3657, 8235, 19754]...: 10807273: ACCEPTED IN 20 TRIES, (AVG 540363.65)
