[1, 4, 10, 23, 57, 132, 301, 701, 1654, 3924, 9034, 20100]...: 11891135: ACCEPTED IN 22 TRIES, (AVG 540506.1363636364)
[1, 4, 10, 23, 57, 132, 301, 701, 1654, 3924, 9034, 20187]...: 94142218: ACCEPTED IN 174 TRIES, (AVG 541047.2298850574)
[1, 4, 10, 23, 57, 132, 301, 701, 1654, 3924, 9034, 20199]...: 38947636: ACCEPTED IN 72 TRIES, (AVG 540939.3888888889)
[1, 4, 10, 23, 57, 132, 301, 701, 1654, 3924, 9034, 20224]...: 37865696: ACCEPTED IN 70 TRIES, (AVG 540938.5142857142)
[1, 4, 10, 23, 57, 132, 301, 701, 1654, 3924, 9034, 20356]...: 20547988: ACCEPTED IN 38 TRIES, (AVG 540736.5263157894)
[1, 4, 10, 23, 57, 132, 301, 701, 1654, 3924, 9034, 20360]...: 71955220: ACCEPTED IN 133 TRIES, (AVG 541016.6917293234)
[1, 4, 10, 23, 57, 132, 301, 701, 1654, 3924, 9034, 20393]...: 78991535: ACCEPTED IN 146 TRIES, (AVG 541037.9109589041)
[1, 4, 10, 23, 57, 132, 301, 701, 1654, 3924, 9034, 20397]...: 39488146: ACCEPTED IN 73 TRIES, (AVG 540933.506849315)
[1, 4, 10, 23, 57, 132, 301, 701, 1654, 3924, 9034, 20451]...: 122282554: ACCEPTED IN 226 TRIES, (AVG 541073.2477876106)
[1, 4, 10, 23, 57, 132, 301, 701, 1654, 3924, 9034, 20488]...: 132564480: ACCEPTED IN 245 TRIES, (AVG 541079.5102040817)
[1, 4, 10, 23, 57, 132, 301, 701, 1654, 3924, 9034, 20492]...: 38406544: ACCEPTED IN 71 TRIES, (AVG 540937.2394366197)
[1, 4, 10, 23, 57, 132, 301, 701, 1654, 3924, 9034, 20496]...: 53017372: ACCEPTED IN 98 TRIES, (AVG 540993.5918367347)
[1, 4, 10, 23, 57, 132, 301, 701, 1654, 3924, 9034, 20529]...: 91436578: ACCEPTED IN 169 TRIES, (AVG 541044.8402366864)
[1, 4, 10, 23, 57, 132, 301, 701, 1654, 3924, 9034, 20533]...: 45440988: ACCEPTED IN 84 TRIES, (AVG 540964.1428571428)
[1, 4, 10, 23, 57, 132, 301, 701, 1654, 3924, 9034, 20587]...: 102260122: ACCEPTED IN 189 TRIES, (AVG 541058.8465608465)
[1, 4, 10, 23, 57, 132, 301, 701, 1654, 3924, 9034, 20628]...: 17302347: ACCEPTED IN 32 TRIES, (AVG 540698.34375)
[1, 4, 10, 23, 57, 132, 301, 701, 1654, 3924, 9034, 20657]...: 13513960: ACCEPTED IN 25 TRIES, (AVG 540558.4)
[1, 4, 10, 23, 57, 132, 301, 701, 1654, 3924, 9034, 20665]...: 56804005: ACCEPTED IN 105 TRIES, (AVG 540990.5238095238)
[1, 4, 10, 23, 57, 132, 301, 701, 1654, 3924, 9034, 20698]...: 36782645: ACCEPTED IN 68 TRIES, (AVG 540921.25)
[1, 4, 10, 23, 57, 132, 301, 701, 1654, 3924, 9034, 20752]...: 67085271: ACCEPTED IN 124 TRIES, (AVG 541010.25)
[1, 4, 10, 23, 57, 132, 301, 701, 1654, 3924, 9034, 20797]...: 67085064: ACCEPTED IN 124 TRIES, (AVG 541008.5806451613)
[1, 4, 10, 23, 57, 132, 301, 701, 1654, 3924, 9034, 20826]...: 130396894: ACCEPTED IN 241 TRIES, (AVG 541065.9502074689)
[1, 4, 10, 23, 57, 132, 301, 701, 1654, 3924, 9034, 20830]...: 41111979: ACCEPTED IN 76 TRIES, (AVG 540947.0921052631)
[1, 4, 10, 23, 57, 132, 301, 701, 1654, 3924, 9034, 20850]...: 133103839: ACCEPTED IN 246 TRIES, (AVG 541072.5162601626)
[1, 4, 10, 23, 57, 132, 301, 701, 1654, 3924, 9034, 20863]...: 37324558: ACCEPTED IN 69 TRIES, (AVG 540935.6231884058)
[1, 4, 10, 23, 57, 132, 301, 701, 1654, 3924, 9034, 20884]...: 40029898: ACCEPTED IN 74 TRIES, (AVG 540944.5675675676)
[1, 4, 10, 23, 57, 132, 301, 701, 1654, 3924, 9034, 20888]...: 73579454: ACCEPTED IN 136 TRIES, (AVG 541025.3970588235)
[1, 4, 10, 23, 57, 132, 301, 701, 1654, 3924, 9034, 20900]...: 47605320: ACCEPTED IN 88 TRIES, (AVG 540969.5454545454)
[1, 4, 10, 23, 57, 132, 301, 701, 1654, 3924, 9034, 20933]...: 13514476: ACCEPTED IN 25 TRIES, (AVG 540579.04)
[1, 4, 10, 23, 57, 132, 301, 701, 1654, 3924, 9034, 20962]...: 12432117: ACCEPTED IN 23 TRIES, (AVG 540526.8260869565)
[1, 4, 10, 23, 57, 132, 301, 701, 1654, 3924, 9034, 20995]...: 32453945: ACCEPTED IN 60 TRIES, (AVG 540899.0833333334)
[1, 4, 10, 23, 57, 132, 301, 701, 1654, 3924, 9034, 20999]...: 75743965: ACCEPTED IN 140 TRIES, (AVG 541028.3214285715)
[1, 4, 10, 23, 57, 132, 301, 701, 1654, 3924, 9034, 21024]...: 94143686: ACCEPTED IN 174 TRIES, (AVG 541055.6666666666)
[1, 4, 10, 23, 57, 132, 301, 701, 1654, 3924, 9034, 21057]...: 38946554: ACCEPTED IN 72 TRIES, (AVG 540924.3611111111)
[1, 4, 10, 23, 57, 132, 301, 701, 1654, 3924, 9034, 21090]...: 12973041: ACCEPTED IN 24 TRIES, (AVG 540543.375)
[1, 4, 10, 23, 57, 132, 301, 701, 1654, 3924, 9034, 21094]...: 28665630: ACCEPTED IN 53 TRIES, (AVG 540860.9433962264)
[1, 4, 10, 23, 57, 132, 301, 701, 1654, 3924, 9034, 21131]...: 131481108: ACCEPTED IN 243 TRIES, (AVG 541074.5185185185)
[1, 4, 10, 23, 57, 132, 301, 701, 1654, 3924, 9034, 21185]...: 82779320: ACCEPTED IN 153 TRIES, (AVG 541041.3071895425)
[1, 4, 10, 23, 57, 132, 301, 701, 1654, 3924, 9034, 21193]...: 109295579: ACCEPTED IN 202 TRIES, (AVG 541067.2227722772)
[1, 4, 10, 23, 57, 132, 301, 701, 1654, 3924, 9034, 21197]...: 122822465: ACCEPTED IN 227 TRIES, (AVG 541068.127753304)
[1, 4, 10, 23, 57, 132, 301, 701, 1654, 3924, 9034, 21226]...: 37863745: ACCEPTED IN 70 TRIES, (AVG 540910.6428571428)
[1, 4, 10, 23, 57, 132, 301, 701, 1654, 3924, 9034, 21230]...: 67086568: ACCEPTED IN 124 TRIES, (AVG 541020.7096774194)
[1, 4, 10, 23, 57, 132, 301, 701, 1654, 3924, 9034, 21259]...: 86567215: ACCEPTED IN 160 TRIES, (AVG 541045.09375)
[1, 4, 10, 23, 57, 132, 301, 701, 1654, 3924, 9034, 21263]...: 54098511: ACCEPTED IN 100 TRIES, (AVG 540985.11)
[1, 4, 10, 23, 57, 132, 301, 701, 1654, 3924, 9034, 21276]...: 73580120: ACCEPTED IN 136 TRIES, (AVG 541030.2941176471)
[1, 4, 10, 23, 57, 132, 301, 701, 1654, 3924, 9034, 21284]...: 56804922: ACCEPTED IN 105 TRIES, (AVG 540999.2571428572)
[1, 4, 10, 23, 57, 132, 301, 701, 1654, 3924, 9034, 21288]...: 122282798: ACCEPTED IN 226 TRIES, (AVG 541074.3274336283)
[1, 4, 10, 23, 57, 132, 301, 701, 1654, 3924, 9034, 21296]...: 39488444: ACCEPTED IN 73 TRIES, (AVG 540937.5890410959)
[1, 4, 10, 23, 57, 132, 301, 701, 1654, 3924, 9034, 21317]...: 13514103: ACCEPTED IN 25 TRIES, (AVG 540564.12)
[1, 4, 10, 23, 57, 132, 301, 701, 1654, 3924, 9034, 21321]...: 125528556: ACCEPTED IN 232 TRIES, (AVG 541071.3620689656)
[1, 4, 10, 23, 57, 132, 301, 701, 1654, 3924, 9034, 21325]...: 12970849: ACCEPTED IN 24 TRIES, (AVG 540452.0416666666)
[1, 4, 10, 23, 57, 132, 301, 701, 1654, 3924, 9034, 21329]...: 28664542: ACCEPTED IN 53 TRIES, (AVG 540840.4150943396)
[1, 4, 10, 23, 57, 132, 301, 701, 1654, 3924, 9034, 21333]...: 14055561: ACCEPTED IN 26 TRIES, (AVG 540598.5)
[1, 4, 10, 23, 57, 132, 301, 701, 1654, 3924, 9034, 21362]...: 32452860: ACCEPTED IN 60 TRIES, (AVG 540881.0)
[1, 4, 10, 23, 57, 132, 301, 701, 1654, 3924, 9034, 21391]...: 82238403: ACCEPTED IN 152 TRIES, (AVG 541042.125)
[1, 4, 10, 23, 57, 132, 301, 701, 1654, 3924, 9034, 21395]...: 126070873: ACCEPTED IN 233 TRIES, (AVG 541076.7081545064)
[1, 4, 10, 23, 57, 132, 301, 701, 1654, 3924, 9034, 21408]...: 37324210: ACCEPTED IN 69 TRIES, (AVG 540930.5797101449)
[1, 4, 10, 23, 57, 132, 301, 701, 1654, 3924, 9034, 21420]...: 53016148: ACCEPTED IN 98 TRIES, (AVG 540981.1020408163)
[1, 4, 10, 23, 57, 132, 301, 701, 1654, 3924, 9034, 21445]...: 33535994: ACCEPTED IN 62 TRIES, (AVG 540903.1290322581)
[1, 4, 10, 23, 57, 132, 301, 701, 1654, 3924, 9034, 21449]...: 35158809: ACCEPTED IN 65 TRIES, (AVG 540904.7538461538)
[1, 4, 10, 23, 57, 132, 301, 701, 1654, 3924, 9034, 21465]...: 37863676: ACCEPTED IN 70 TRIES, (AVG 540909.6571428571)
[1, 4, 10, 23, 57, 132, 301, 701, 1654, 3924, 9034, 21486]...: 37324232: ACCEPTED IN 69 TRIES, (AVG 540930.8985507246)
[1, 4, 10, 23, 57, 132, 301, 701, 1654, 3924, 9034, 21490]...: 18383758: ACCEPTED IN 34 TRIES, (AVG 540698.7647058824)
[1, 4, 10, 23, 57, 132, 301, 701, 1654, 3924, 9034, 21498]...: 53557486: ACCEPTED IN 99 TRIES, (AVG 540984.7070707071)
[1, 4, 10, 23, 57, 132, 301, 701, 1654, 3924, 9034, 21502]...: 67086039: ACCEPTED IN 124 TRIES, (AVG 541016.4435483871)
[1, 4, 10, 23, 57, 132, 301, 701, 1654, 3924, 9034, 21523]...: 66545689: ACCEPTED IN 123 TRIES, (AVG 541021.8617886179)
[1, 4, 10, 23, 57, 132, 301, 701, 1654, 3924, 9034, 21527]...: 37865535: ACCEPTED IN 70 TRIES, (AVG 540936.2142857143)
[1, 4, 10, 23, 57, 132, 301, 701, 1654, 3924, 9034, 21531]...: 38946199: ACCEPTED IN 72 TRIES, (AVG 540919.4305555555)
[1, 4, 10, 23, 57, 132, 301, 701, 1654, 3924, 9034, 21552]...: 54639685: ACCEPTED IN 101 TRIES, (AVG 540986.9801980198)
[1, 4, 10, 23, 57, 132, 301, 701, 1654, 3924, 9034, 21560]...: 14055496: ACCEPTED IN 26 TRIES, (AVG 540596.0)
[1, 4, 10, 23, 57, 132, 301, 701, 1654, 3924, 9034, 21577]...: 37323224: ACCEPTED IN 69 TRIES, (AVG 540916.2898550725)
[1, 4, 10, 23, 57, 132, 301, 701, 1654, 3924, 9034, 21581]...: 35158439: ACCEPTED IN 65 TRIES, (AVG 540899.0615384616)
[1, 4, 10, 23, 57, 132, 301, 701, 1654, 3924, 9034, 21585]...: 15677690: ACCEPTED IN 29 TRIES, (AVG 540610.0)
[1, 4, 10, 23, 57, 132, 301, 701, 1654, 3924, 9034, 21589]...: 40030003: ACCEPTED IN 74 TRIES, (AVG 540945.9864864865)
[1, 4, 10, 23, 57, 132, 301, 701, 1654, 3924, 9034, 21593]...: 34618708: ACCEPTED IN 64 TRIES, (AVG 540917.3125)
[1, 4, 10, 23, 57, 132, 301, 701, 1654, 3924, 9034, 21597]...: 60052020: ACCEPTED IN 111 TRIES, (AVG 541009.1891891892)
[1, 4, 10, 23, 57, 132, 301, 701, 1654, 3924, 9034, 21601]...: 37865484: ACCEPTED IN 70 TRIES, (AVG 540935.4857142858)
[1, 4, 10, 23, 57, 132, 301, 701, 1654, 3924, 9034, 21614]...: 15679119: ACCEPTED IN 29 TRIES, (AVG 540659.275862069)
[1, 4, 10, 23, 57, 132, 301, 701, 1654, 3924, 9034, 21618]...: 42194467: ACCEPTED IN 78 TRIES, (AVG 540954.7051282051)
[1, 4, 10, 23, 57, 132, 301, 701, 1654, 3924, 9034, 21622]...: 11890545: ACCEPTED IN 22 TRIES, (AVG 540479.3181818182)
[1, 4, 10, 23, 57, 132, 301, 701, 1654, 3924, 9034, 21626]...: 17302038: ACCEPTED IN 32 TRIES, (AVG 540688.6875)
[1, 4, 10, 23, 57, 132, 301, 701, 1654, 3924, 9034, 21630]...: 54099141: ACCEPTED IN 100 TRIES, (AVG 540991.41)
[1, 4, 10, 23, 57, 132, 301, 701, 1654, 3924, 9034, 21634]...: 35158756: ACCEPTED IN 65 TRIES, (AVG 540903.9384615384)
[1, 4, 10, 23, 57, 132, 301, 701, 1654, 3924, 9034, 21659]...: 48146694: ACCEPTED IN 89 TRIES, (AVG 540974.0898876404)
[1, 4, 10, 23, 57, 132, 301, 701, 1654, 3924, 9034, 21663]...: 35159409: ACCEPTED IN 65 TRIES, (AVG 540913.9846153846)
