[1, 4, 10, 23, 57, 132, 301, 701, 1636, 3817, 9028, 19870]...: 16761150: ACCEPTED IN 31 TRIES, (AVG 540682.2580645161)
[1, 4, 10, 23, 57, 132, 301, 701, 1636, 3817, 9028, 19882]...: 8643225: ACCEPTED IN 16 TRIES, (AVG 540201.5625)
[1, 4, 10, 23, 57, 132, 301, 701, 1636, 3817, 9028, 19903]...: 12432060: ACCEPTED IN 23 TRIES, (AVG 540524.3478260869)
[1, 4, 10, 23, 57, 132, 301, 701, 1636, 3817, 9028, 19907]...: 15137882: ACCEPTED IN 28 TRIES, (AVG 540638.6428571428)
[1, 4, 10, 23, 57, 132, 301, 701, 1636, 3817, 9028, 19914]...: 13512957: ACCEPTED IN 25 TRIES, (AVG 540518.28)
[1, 4, 10, 23, 57, 132, 301, 701, 1636, 3817, 9028, 19915]...: 10265945: ACCEPTED IN 19 TRIES, (AVG 540312.8947368421)
[1, 4, 10, 23, 57, 132, 301, 701, 1636, 3817, 9028, 19918]...: 4314213: ACCEPTED IN 8 TRIES, (AVG 539276.625)
[1, 4, 10, 23, 57, 132, 301, 701, 1636, 3817, 9028, 19944]...: 11349432: ACCEPTED IN 21 TRIES, (AVG 540449.1428571428)
[1, 4, 10, 23, 57, 132, 301, 701, 1636, 3817, 9028, 19949]...: 17302219: ACCEPTED IN 32 TRIES, (AVG 540694.34375)
[1, 4, 10, 23, 57, 132, 301, 701, 1636, 3817, 9028, 19981]...: 17302301: ACCEPTED IN 32 TRIES, (AVG 540696.90625)
[1, 4, 10, 23, 57, 132, 301, 701, 1636, 3817, 9028, 19982]...: 13514204: ACCEPTED IN 25 TRIES, (AVG 540568.16)
[1, 4, 10, 23, 57, 132, 301, 701, 1636, 3817, 9028, 20014]...: 18925853: ACCEPTED IN 35 TRIES, (AVG 540738.6571428571)
[1, 4, 10, 23, 57, 132, 301, 701, 1636, 3817, 9028, 20035]...: 13514076: ACCEPTED IN 25 TRIES, (AVG 540563.04)
[1, 4, 10, 23, 57, 132, 301, 701, 1636, 3817, 9028, 20039]...: 9726056: ACCEPTED IN 18 TRIES, (AVG 540336.4444444445)
[1, 4, 10, 23, 57, 132, 301, 701, 1636, 3817, 9028, 20050]...: 15678963: ACCEPTED IN 29 TRIES, (AVG 540653.8965517242)
[1, 4, 10, 23, 57, 132, 301, 701, 1636, 3817, 9028, 20076]...: 11347657: ACCEPTED IN 21 TRIES, (AVG 540364.619047619)
[1, 4, 10, 23, 57, 132, 301, 701, 1636, 3817, 9028, 20081]...: 13511589: ACCEPTED IN 25 TRIES, (AVG 540463.56)
[1, 4, 10, 23, 57, 132, 301, 701, 1636, 3817, 9028, 20084]...: 12431562: ACCEPTED IN 23 TRIES, (AVG 540502.695652174)
[1, 4, 10, 23, 57, 132, 301, 701, 1636, 3817, 9028, 20113]...: 13512631: ACCEPTED IN 25 TRIES, (AVG 540505.24)
[1, 4, 10, 23, 57, 132, 301, 701, 1636, 3817, 9028, 20116]...: 13513997: ACCEPTED IN 25 TRIES, (AVG 540559.88)
[1, 4, 10, 23, 57, 132, 301, 701, 1636, 3817, 9028, 20151]...: 11891140: ACCEPTED IN 22 TRIES, (AVG 540506.3636363636)
[1, 4, 10, 23, 57, 132, 301, 701, 1636, 3817, 9028, 20167]...: 6477254: ACCEPTED IN 12 TRIES, (AVG 539771.1666666666)
[1, 4, 10, 23, 57, 132, 301, 701, 1636, 3817, 9028, 20171]...: 7561145: ACCEPTED IN 14 TRIES, (AVG 540081.7857142857)
[1, 4, 10, 23, 57, 132, 301, 701, 1636, 3817, 9028, 20182]...: 8101604: ACCEPTED IN 15 TRIES, (AVG 540106.9333333333)
[1, 4, 10, 23, 57, 132, 301, 701, 1636, 3817, 9028, 20183]...: 14054496: ACCEPTED IN 26 TRIES, (AVG 540557.5384615385)
[1, 4, 10, 23, 57, 132, 301, 701, 1636, 3817, 9028, 20208]...: 12432240: ACCEPTED IN 23 TRIES, (AVG 540532.1739130435)
[1, 4, 10, 23, 57, 132, 301, 701, 1636, 3817, 9028, 20215]...: 11348288: ACCEPTED IN 21 TRIES, (AVG 540394.6666666666)
[1, 4, 10, 23, 57, 132, 301, 701, 1636, 3817, 9028, 20216]...: 11890389: ACCEPTED IN 22 TRIES, (AVG 540472.2272727273)
[1, 4, 10, 23, 57, 132, 301, 701, 1636, 3817, 9028, 20282]...: 9185144: ACCEPTED IN 17 TRIES, (AVG 540302.5882352941)
[1, 4, 10, 23, 57, 132, 301, 701, 1636, 3817, 9028, 20283]...: 13511833: ACCEPTED IN 25 TRIES, (AVG 540473.32)
[1, 4, 10, 23, 57, 132, 301, 701, 1636, 3817, 9028, 20314]...: 10267648: ACCEPTED IN 19 TRIES, (AVG 540402.5263157894)
[1, 4, 10, 23, 57, 132, 301, 701, 1636, 3817, 9028, 20315]...: 11347342: ACCEPTED IN 21 TRIES, (AVG 540349.619047619)
[1, 4, 10, 23, 57, 132, 301, 701, 1636, 3817, 9028, 20340]...: 8102087: ACCEPTED IN 15 TRIES, (AVG 540139.1333333333)
[1, 4, 10, 23, 57, 132, 301, 701, 1636, 3817, 9028, 20382]...: 8101593: ACCEPTED IN 15 TRIES, (AVG 540106.2)
[1, 4, 10, 23, 57, 132, 301, 701, 1636, 3817, 9028, 20385]...: 6479788: ACCEPTED IN 12 TRIES, (AVG 539982.3333333334)
[1, 4, 10, 23, 57, 132, 301, 701, 1636, 3817, 9028, 20414]...: 15137574: ACCEPTED IN 28 TRIES, (AVG 540627.6428571428)
[1, 4, 10, 23, 57, 132, 301, 701, 1636, 3817, 9028, 20416]...: 7020821: ACCEPTED IN 13 TRIES, (AVG 540063.1538461539)
[1, 4, 10, 23, 57, 132, 301, 701, 1636, 3817, 9028, 20417]...: 8102724: ACCEPTED IN 15 TRIES, (AVG 540181.6)
[1, 4, 10, 23, 57, 132, 301, 701, 1636, 3817, 9028, 20472]...: 10808677: ACCEPTED IN 20 TRIES, (AVG 540433.85)
[1, 4, 10, 23, 57, 132, 301, 701, 1636, 3817, 9028, 20484]...: 7561243: ACCEPTED IN 14 TRIES, (AVG 540088.7857142857)
[1, 4, 10, 23, 57, 132, 301, 701, 1636, 3817, 9028, 20516]...: 10808196: ACCEPTED IN 20 TRIES, (AVG 540409.8)
[1, 4, 10, 23, 57, 132, 301, 701, 1636, 3817, 9028, 20517]...: 9182920: ACCEPTED IN 17 TRIES, (AVG 540171.7647058824)
[1, 4, 10, 23, 57, 132, 301, 701, 1636, 3817, 9028, 20548]...: 8103219: ACCEPTED IN 15 TRIES, (AVG 540214.6)
[1, 4, 10, 23, 57, 132, 301, 701, 1636, 3817, 9028, 20583]...: 10265978: ACCEPTED IN 19 TRIES, (AVG 540314.6315789474)
[1, 4, 10, 23, 57, 132, 301, 701, 1636, 3817, 9028, 20604]...: 9724617: ACCEPTED IN 18 TRIES, (AVG 540256.5)
[1, 4, 10, 23, 57, 132, 301, 701, 1636, 3817, 9028, 20615]...: 12430018: ACCEPTED IN 23 TRIES, (AVG 540435.5652173914)
[1, 4, 10, 23, 57, 132, 301, 701, 1636, 3817, 9028, 20616]...: 10265835: ACCEPTED IN 19 TRIES, (AVG 540307.1052631579)
[1, 4, 10, 23, 57, 132, 301, 701, 1636, 3817, 9028, 20619]...: 7020476: ACCEPTED IN 13 TRIES, (AVG 540036.6153846154)
[1, 4, 10, 23, 57, 132, 301, 701, 1636, 3817, 9028, 20650]...: 8642522: ACCEPTED IN 16 TRIES, (AVG 540157.625)
[1, 4, 10, 23, 57, 132, 301, 701, 1636, 3817, 9028, 20683]...: 9185500: ACCEPTED IN 17 TRIES, (AVG 540323.5294117647)
[1, 4, 10, 23, 57, 132, 301, 701, 1636, 3817, 9028, 20715]...: 6476423: ACCEPTED IN 12 TRIES, (AVG 539701.9166666666)
[1, 4, 10, 23, 57, 132, 301, 701, 1636, 3817, 9028, 20718]...: 8642123: ACCEPTED IN 16 TRIES, (AVG 540132.6875)
[1, 4, 10, 23, 57, 132, 301, 701, 1636, 3817, 9028, 20751]...: 11348994: ACCEPTED IN 21 TRIES, (AVG 540428.2857142857)
[1, 4, 10, 23, 57, 132, 301, 701, 1636, 3817, 9028, 20782]...: 15135292: ACCEPTED IN 28 TRIES, (AVG 540546.1428571428)
[1, 4, 10, 23, 57, 132, 301, 701, 1636, 3817, 9028, 20785]...: 8102613: ACCEPTED IN 15 TRIES, (AVG 540174.2)
[1, 4, 10, 23, 57, 132, 301, 701, 1636, 3817, 9028, 20817]...: 8642819: ACCEPTED IN 16 TRIES, (AVG 540176.1875)
[1, 4, 10, 23, 57, 132, 301, 701, 1636, 3817, 9028, 20849]...: 10266228: ACCEPTED IN 19 TRIES, (AVG 540327.7894736842)
[1, 4, 10, 23, 57, 132, 301, 701, 1636, 3817, 9028, 20853]...: 7020254: ACCEPTED IN 13 TRIES, (AVG 540019.5384615385)
[1, 4, 10, 23, 57, 132, 301, 701, 1636, 3817, 9028, 20883]...: 7561474: ACCEPTED IN 14 TRIES, (AVG 540105.2857142857)
[1, 4, 10, 23, 57, 132, 301, 701, 1636, 3817, 9028, 20884]...: 6477460: ACCEPTED IN 12 TRIES, (AVG 539788.3333333334)
[1, 4, 10, 23, 57, 132, 301, 701, 1636, 3817, 9028, 20916]...: 12973152: ACCEPTED IN 24 TRIES, (AVG 540548.0)
[1, 4, 10, 23, 57, 132, 301, 701, 1636, 3817, 9028, 20917]...: 7562057: ACCEPTED IN 14 TRIES, (AVG 540146.9285714285)
[1, 4, 10, 23, 57, 132, 301, 701, 1636, 3817, 9028, 20984]...: 7020702: ACCEPTED IN 13 TRIES, (AVG 540054.0)
[1, 4, 10, 23, 57, 132, 301, 701, 1636, 3817, 9028, 20985]...: 10265842: ACCEPTED IN 19 TRIES, (AVG 540307.4736842106)
[1, 4, 10, 23, 57, 132, 301, 701, 1636, 3817, 9028, 21015]...: 10267482: ACCEPTED IN 19 TRIES, (AVG 540393.7894736842)
[1, 4, 10, 23, 57, 132, 301, 701, 1636, 3817, 9028, 21016]...: 9725674: ACCEPTED IN 18 TRIES, (AVG 540315.2222222222)
[1, 4, 10, 23, 57, 132, 301, 701, 1636, 3817, 9028, 21019]...: 7562045: ACCEPTED IN 14 TRIES, (AVG 540146.0714285715)
[1, 4, 10, 23, 57, 132, 301, 701, 1636, 3817, 9028, 21083]...: 6478525: ACCEPTED IN 12 TRIES, (AVG 539877.0833333334)
[1, 4, 10, 23, 57, 132, 301, 701, 1636, 3817, 9028, 21086]...: 8102656: ACCEPTED IN 15 TRIES, (AVG 540177.0666666667)
[1, 4, 10, 23, 57, 132, 301, 701, 1636, 3817, 9028, 21117]...: 7020599: ACCEPTED IN 13 TRIES, (AVG 540046.0769230769)
[1, 4, 10, 23, 57, 132, 301, 701, 1636, 3817, 9028, 21118]...: 8102851: ACCEPTED IN 15 TRIES, (AVG 540190.0666666667)
[1, 4, 10, 23, 57, 132, 301, 701, 1636, 3817, 9028, 21150]...: 10807876: ACCEPTED IN 20 TRIES, (AVG 540393.8)
[1, 4, 10, 23, 57, 132, 301, 701, 1636, 3817, 9028, 21185]...: 7561852: ACCEPTED IN 14 TRIES, (AVG 540132.2857142857)
[1, 4, 10, 23, 57, 132, 301, 701, 1636, 3817, 9028, 21217]...: 9184894: ACCEPTED IN 17 TRIES, (AVG 540287.8823529412)
[1, 4, 10, 23, 57, 132, 301, 701, 1636, 3817, 9028, 21218]...: 10266855: ACCEPTED IN 19 TRIES, (AVG 540360.7894736842)
[1, 4, 10, 23, 57, 132, 301, 701, 1636, 3817, 9028, 21249]...: 7562022: ACCEPTED IN 14 TRIES, (AVG 540144.4285714285)
[1, 4, 10, 23, 57, 132, 301, 701, 1636, 3817, 9028, 21285]...: 10807331: ACCEPTED IN 20 TRIES, (AVG 540366.55)
[1, 4, 10, 23, 57, 132, 301, 701, 1636, 3817, 9028, 21316]...: 10267397: ACCEPTED IN 19 TRIES, (AVG 540389.3157894737)
[1, 4, 10, 23, 57, 132, 301, 701, 1636, 3817, 9028, 21317]...: 9183976: ACCEPTED IN 17 TRIES, (AVG 540233.8823529412)
[1, 4, 10, 23, 57, 132, 301, 701, 1636, 3817, 9028, 21320]...: 4314882: ACCEPTED IN 8 TRIES, (AVG 539360.25)
[1, 4, 10, 23, 57, 132, 301, 701, 1636, 3817, 9028, 21351]...: 5937713: ACCEPTED IN 11 TRIES, (AVG 539792.0909090909)
[1, 4, 10, 23, 57, 132, 301, 701, 1636, 3817, 9028, 21384]...: 6479755: ACCEPTED IN 12 TRIES, (AVG 539979.5833333334)
[1, 4, 10, 23, 57, 132, 301, 701, 1636, 3817, 9028, 21419]...: 10808527: ACCEPTED IN 20 TRIES, (AVG 540426.35)
[1, 4, 10, 23, 57, 132, 301, 701, 1636, 3817, 9028, 21451]...: 9726640: ACCEPTED IN 18 TRIES, (AVG 540368.8888888889)
[1, 4, 10, 23, 57, 132, 301, 701, 1636, 3817, 9028, 21452]...: 6479219: ACCEPTED IN 12 TRIES, (AVG 539934.9166666666)
[1, 4, 10, 23, 57, 132, 301, 701, 1636, 3817, 9028, 21483]...: 10266027: ACCEPTED IN 19 TRIES, (AVG 540317.2105263158)
[1, 4, 10, 23, 57, 132, 301, 701, 1636, 3817, 9028, 21486]...: 15137690: ACCEPTED IN 28 TRIES, (AVG 540631.7857142857)
[1, 4, 10, 23, 57, 132, 301, 701, 1636, 3817, 9028, 21518]...: 11349886: ACCEPTED IN 21 TRIES, (AVG 540470.7619047619)
[1, 4, 10, 23, 57, 132, 301, 701, 1636, 3817, 9028, 21550]...: 8642844: ACCEPTED IN 16 TRIES, (AVG 540177.75)
[1, 4, 10, 23, 57, 132, 301, 701, 1636, 3817, 9028, 21554]...: 7561110: ACCEPTED IN 14 TRIES, (AVG 540079.2857142857)
[1, 4, 10, 23, 57, 132, 301, 701, 1636, 3817, 9028, 21585]...: 8100793: ACCEPTED IN 15 TRIES, (AVG 540052.8666666667)
[1, 4, 10, 23, 57, 132, 301, 701, 1636, 3817, 9028, 21586]...: 8102746: ACCEPTED IN 15 TRIES, (AVG 540183.0666666667)
[1, 4, 10, 23, 57, 132, 301, 701, 1636, 3817, 9028, 21617]...: 8101729: ACCEPTED IN 15 TRIES, (AVG 540115.2666666667)
[1, 4, 10, 23, 57, 132, 301, 701, 1636, 3817, 9028, 21618]...: 7561574: ACCEPTED IN 14 TRIES, (AVG 540112.4285714285)
