[1, 4, 10, 23, 57, 132, 301, 701, 1636, 3824, 8443, 18640]...: 1616615: ACCEPTED IN 3 TRIES, (AVG 538871.6666666666)
[1, 4, 10, 23, 57, 132, 301, 701, 1636, 3824, 8443, 18806]...: 1076844: ACCEPTED IN 2 TRIES, (AVG 538422.0)
[1, 4, 10, 23, 57, 132, 301, 701, 1636, 3824, 8443, 18808]...: 1616506: ACCEPTED IN 3 TRIES, (AVG 538835.3333333334)
[1, 4, 10, 23, 57, 132, 301, 701, 1636, 3824, 8443, 18831]...: 2155401: ACCEPTED IN 4 TRIES, (AVG 538850.25)
[1, 4, 10, 23, 57, 132, 301, 701, 1636, 3824, 8443, 18903]...: 2155019: ACCEPTED IN 4 TRIES, (AVG 538754.75)
[1, 4, 10, 23, 57, 132, 301, 701, 1636, 3824, 8443, 19004]...: 1616705: ACCEPTED IN 3 TRIES, (AVG 538901.6666666666)
[1, 4, 10, 23, 57, 132, 301, 701, 1636, 3824, 8443, 19033]...: 1616513: ACCEPTED IN 3 TRIES, (AVG 538837.6666666666)
[1, 4, 10, 23, 57, 132, 301, 701, 1636, 3824, 8443, 19067]...: 1076961: ACCEPTED IN 2 TRIES, (AVG 538480.5)
[1, 4, 10, 23, 57, 132, 301, 701, 1636, 3824, 8443, 19137]...: 1616056: ACCEPTED IN 3 TRIES, (AVG 538685.3333333334)
[1, 4, 10, 23, 57, 132, 301, 701, 1636, 3824, 8443, 19245]...: 537385: ACCEPTED IN 1 TRIES, (AVG 537385.0)
[1, 4, 10, 23, 57, 132, 301, 701, 1636, 3824, 8443, 19273]...: 1616421: ACCEPTED IN 3 TRIES, (AVG 538807.0)
[1, 4, 10, 23, 57, 132, 301, 701, 1636, 3824, 8443, 19304]...: 2156067: ACCEPTED IN 4 TRIES, (AVG 539016.75)
[1, 4, 10, 23, 57, 132, 301, 701, 1636, 3824, 8443, 19344]...: 1076571: ACCEPTED IN 2 TRIES, (AVG 538285.5)
[1, 4, 10, 23, 57, 132, 301, 701, 1636, 3824, 8443, 19373]...: 1616575: ACCEPTED IN 3 TRIES, (AVG 538858.3333333334)
[1, 4, 10, 23, 57, 132, 301, 701, 1636, 3824, 8443, 19376]...: 2155068: ACCEPTED IN 4 TRIES, (AVG 538767.0)
[1, 4, 10, 23, 57, 132, 301, 701, 1636, 3824, 8443, 19405]...: 1076887: ACCEPTED IN 2 TRIES, (AVG 538443.5)
[1, 4, 10, 23, 57, 132, 301, 701, 1636, 3824, 8443, 19435]...: 1076870: ACCEPTED IN 2 TRIES, (AVG 538435.0)
[1, 4, 10, 23, 57, 132, 301, 701, 1636, 3824, 8443, 19475]...: 1076067: ACCEPTED IN 2 TRIES, (AVG 538033.5)
[1, 4, 10, 23, 57, 132, 301, 701, 1636, 3824, 8443, 19503]...: 1076201: ACCEPTED IN 2 TRIES, (AVG 538100.5)
[1, 4, 10, 23, 57, 132, 301, 701, 1636, 3824, 8443, 19509]...: 1616603: ACCEPTED IN 3 TRIES, (AVG 538867.6666666666)
[1, 4, 10, 23, 57, 132, 301, 701, 1636, 3824, 8443, 19537]...: 2156055: ACCEPTED IN 4 TRIES, (AVG 539013.75)
[1, 4, 10, 23, 57, 132, 301, 701, 1636, 3824, 8443, 19575]...: 2156196: ACCEPTED IN 4 TRIES, (AVG 539049.0)
[1, 4, 10, 23, 57, 132, 301, 701, 1636, 3824, 8443, 19637]...: 1076391: ACCEPTED IN 2 TRIES, (AVG 538195.5)
[1, 4, 10, 23, 57, 132, 301, 701, 1636, 3824, 8443, 19639]...: 2154936: ACCEPTED IN 4 TRIES, (AVG 538734.0)
[1, 4, 10, 23, 57, 132, 301, 701, 1636, 3824, 8443, 19675]...: 2154396: ACCEPTED IN 4 TRIES, (AVG 538599.0)
[1, 4, 10, 23, 57, 132, 301, 701, 1636, 3824, 8443, 19706]...: 5392963: ACCEPTED IN 10 TRIES, (AVG 539296.3)
[1, 4, 10, 23, 57, 132, 301, 701, 1636, 3824, 8443, 19772]...: 1615987: ACCEPTED IN 3 TRIES, (AVG 538662.3333333334)
[1, 4, 10, 23, 57, 132, 301, 701, 1636, 3824, 8443, 19801]...: 2155606: ACCEPTED IN 4 TRIES, (AVG 538901.5)
[1, 4, 10, 23, 57, 132, 301, 701, 1636, 3824, 8443, 19811]...: 1073785: ACCEPTED IN 2 TRIES, (AVG 536892.5)
[1, 4, 10, 23, 57, 132, 301, 701, 1636, 3824, 8443, 19839]...: 2155575: ACCEPTED IN 4 TRIES, (AVG 538893.75)
[1, 4, 10, 23, 57, 132, 301, 701, 1636, 3824, 8443, 19900]...: 2154978: ACCEPTED IN 4 TRIES, (AVG 538744.5)
[1, 4, 10, 23, 57, 132, 301, 701, 1636, 3824, 8443, 19904]...: 1615977: ACCEPTED IN 3 TRIES, (AVG 538659.0)
[1, 4, 10, 23, 57, 132, 301, 701, 1636, 3824, 8443, 19907]...: 1615398: ACCEPTED IN 3 TRIES, (AVG 538466.0)
[1, 4, 10, 23, 57, 132, 301, 701, 1636, 3824, 8443, 19976]...: 2156067: ACCEPTED IN 4 TRIES, (AVG 539016.75)
[1, 4, 10, 23, 57, 132, 301, 701, 1636, 3824, 8443, 20002]...: 1076939: ACCEPTED IN 2 TRIES, (AVG 538469.5)
[1, 4, 10, 23, 57, 132, 301, 701, 1636, 3824, 8443, 20005]...: 3774097: ACCEPTED IN 7 TRIES, (AVG 539156.7142857143)
[1, 4, 10, 23, 57, 132, 301, 701, 1636, 3824, 8443, 20072]...: 1616319: ACCEPTED IN 3 TRIES, (AVG 538773.0)
[1, 4, 10, 23, 57, 132, 301, 701, 1636, 3824, 8443, 20171]...: 1075999: ACCEPTED IN 2 TRIES, (AVG 537999.5)
[1, 4, 10, 23, 57, 132, 301, 701, 1636, 3824, 8443, 20210]...: 1616555: ACCEPTED IN 3 TRIES, (AVG 538851.6666666666)
