[1, 4, 10, 23, 57, 132, 301, 701, 1654, 3759, 8535, 18888]...: 87108505: ACCEPTED IN 161 TRIES, (AVG 541046.6149068323)
[1, 4, 10, 23, 57, 132, 301, 701, 1654, 3759, 8535, 18900]...: 14594647: ACCEPTED IN 27 TRIES, (AVG 540542.4814814815)
[1, 4, 10, 23, 57, 132, 301, 701, 1654, 3759, 8535, 18962]...: 87650001: ACCEPTED IN 162 TRIES, (AVG 541049.3888888889)
[1, 4, 10, 23, 57, 132, 301, 701, 1654, 3759, 8535, 19020]...: 18383213: ACCEPTED IN 34 TRIES, (AVG 540682.7352941176)
[1, 4, 10, 23, 57, 132, 301, 701, 1654, 3759, 8535, 19032]...: 34617537: ACCEPTED IN 64 TRIES, (AVG 540899.015625)
[1, 4, 10, 23, 57, 132, 301, 701, 1654, 3759, 8535, 19057]...: 41651227: ACCEPTED IN 77 TRIES, (AVG 540925.025974026)
[1, 4, 10, 23, 57, 132, 301, 701, 1654, 3759, 8535, 19061]...: 11890262: ACCEPTED IN 22 TRIES, (AVG 540466.4545454546)
[1, 4, 10, 23, 57, 132, 301, 701, 1654, 3759, 8535, 19094]...: 11348701: ACCEPTED IN 21 TRIES, (AVG 540414.3333333334)
[1, 4, 10, 23, 57, 132, 301, 701, 1654, 3759, 8535, 19098]...: 14594129: ACCEPTED IN 27 TRIES, (AVG 540523.2962962963)
[1, 4, 10, 23, 57, 132, 301, 701, 1654, 3759, 8535, 19152]...: 7020267: ACCEPTED IN 13 TRIES, (AVG 540020.5384615385)
[1, 4, 10, 23, 57, 132, 301, 701, 1654, 3759, 8535, 19189]...: 18384014: ACCEPTED IN 34 TRIES, (AVG 540706.2941176471)
[1, 4, 10, 23, 57, 132, 301, 701, 1654, 3759, 8535, 19193]...: 105507502: ACCEPTED IN 195 TRIES, (AVG 541064.1128205128)
[1, 4, 10, 23, 57, 132, 301, 701, 1654, 3759, 8535, 19226]...: 12430101: ACCEPTED IN 23 TRIES, (AVG 540439.1739130435)
[1, 4, 10, 23, 57, 132, 301, 701, 1654, 3759, 8535, 19230]...: 28124197: ACCEPTED IN 52 TRIES, (AVG 540849.9423076923)
[1, 4, 10, 23, 57, 132, 301, 701, 1654, 3759, 8535, 19263]...: 20549182: ACCEPTED IN 38 TRIES, (AVG 540767.947368421)
[1, 4, 10, 23, 57, 132, 301, 701, 1654, 3759, 8535, 19284]...: 46523746: ACCEPTED IN 86 TRIES, (AVG 540973.7906976744)
[1, 4, 10, 23, 57, 132, 301, 701, 1654, 3759, 8535, 19321]...: 10808136: ACCEPTED IN 20 TRIES, (AVG 540406.8)
[1, 4, 10, 23, 57, 132, 301, 701, 1654, 3759, 8535, 19325]...: 12972416: ACCEPTED IN 24 TRIES, (AVG 540517.3333333334)
[1, 4, 10, 23, 57, 132, 301, 701, 1654, 3759, 8535, 19358]...: 32994742: ACCEPTED IN 61 TRIES, (AVG 540897.4098360656)
[1, 4, 10, 23, 57, 132, 301, 701, 1654, 3759, 8535, 19362]...: 18925066: ACCEPTED IN 35 TRIES, (AVG 540716.1714285715)
[1, 4, 10, 23, 57, 132, 301, 701, 1654, 3759, 8535, 19395]...: 21089416: ACCEPTED IN 39 TRIES, (AVG 540754.2564102564)
[1, 4, 10, 23, 57, 132, 301, 701, 1654, 3759, 8535, 19399]...: 19466050: ACCEPTED IN 36 TRIES, (AVG 540723.6111111111)
[1, 4, 10, 23, 57, 132, 301, 701, 1654, 3759, 8535, 19453]...: 5938621: ACCEPTED IN 11 TRIES, (AVG 539874.6363636364)
[1, 4, 10, 23, 57, 132, 301, 701, 1654, 3759, 8535, 19457]...: 11348862: ACCEPTED IN 21 TRIES, (AVG 540422.0)
[1, 4, 10, 23, 57, 132, 301, 701, 1654, 3759, 8535, 19490]...: 17843408: ACCEPTED IN 33 TRIES, (AVG 540709.3333333334)
[1, 4, 10, 23, 57, 132, 301, 701, 1654, 3759, 8535, 19494]...: 12970874: ACCEPTED IN 24 TRIES, (AVG 540453.0833333334)
[1, 4, 10, 23, 57, 132, 301, 701, 1654, 3759, 8535, 19498]...: 10806518: ACCEPTED IN 20 TRIES, (AVG 540325.9)
[1, 4, 10, 23, 57, 132, 301, 701, 1654, 3759, 8535, 19527]...: 11890323: ACCEPTED IN 22 TRIES, (AVG 540469.2272727273)
[1, 4, 10, 23, 57, 132, 301, 701, 1654, 3759, 8535, 19531]...: 18924004: ACCEPTED IN 35 TRIES, (AVG 540685.8285714285)
[1, 4, 10, 23, 57, 132, 301, 701, 1654, 3759, 8535, 19564]...: 18384506: ACCEPTED IN 34 TRIES, (AVG 540720.7647058824)
[1, 4, 10, 23, 57, 132, 301, 701, 1654, 3759, 8535, 19585]...: 20548601: ACCEPTED IN 38 TRIES, (AVG 540752.6578947369)
[1, 4, 10, 23, 57, 132, 301, 701, 1654, 3759, 8535, 19589]...: 38403279: ACCEPTED IN 71 TRIES, (AVG 540891.2535211268)
[1, 4, 10, 23, 57, 132, 301, 701, 1654, 3759, 8535, 19622]...: 16760940: ACCEPTED IN 31 TRIES, (AVG 540675.4838709678)
[1, 4, 10, 23, 57, 132, 301, 701, 1654, 3759, 8535, 19630]...: 11889795: ACCEPTED IN 22 TRIES, (AVG 540445.2272727273)
[1, 4, 10, 23, 57, 132, 301, 701, 1654, 3759, 8535, 19659]...: 10808026: ACCEPTED IN 20 TRIES, (AVG 540401.3)
[1, 4, 10, 23, 57, 132, 301, 701, 1654, 3759, 8535, 19663]...: 21089485: ACCEPTED IN 39 TRIES, (AVG 540756.0256410256)
[1, 4, 10, 23, 57, 132, 301, 701, 1654, 3759, 8535, 19696]...: 8643649: ACCEPTED IN 16 TRIES, (AVG 540228.0625)
[1, 4, 10, 23, 57, 132, 301, 701, 1654, 3759, 8535, 19700]...: 12971941: ACCEPTED IN 24 TRIES, (AVG 540497.5416666666)
[1, 4, 10, 23, 57, 132, 301, 701, 1654, 3759, 8535, 19721]...: 16759865: ACCEPTED IN 31 TRIES, (AVG 540640.8064516129)
[1, 4, 10, 23, 57, 132, 301, 701, 1654, 3759, 8535, 19733]...: 10808439: ACCEPTED IN 20 TRIES, (AVG 540421.95)
[1, 4, 10, 23, 57, 132, 301, 701, 1654, 3759, 8535, 19754]...: 23253100: ACCEPTED IN 43 TRIES, (AVG 540769.7674418605)
[1, 4, 10, 23, 57, 132, 301, 701, 1654, 3759, 8535, 19758]...: 18384153: ACCEPTED IN 34 TRIES, (AVG 540710.3823529412)
[1, 4, 10, 23, 57, 132, 301, 701, 1654, 3759, 8535, 19762]...: 15677766: ACCEPTED IN 29 TRIES, (AVG 540612.6206896552)
[1, 4, 10, 23, 57, 132, 301, 701, 1654, 3759, 8535, 19791]...: 9726516: ACCEPTED IN 18 TRIES, (AVG 540362.0)
[1, 4, 10, 23, 57, 132, 301, 701, 1654, 3759, 8535, 19795]...: 12973451: ACCEPTED IN 24 TRIES, (AVG 540560.4583333334)
[1, 4, 10, 23, 57, 132, 301, 701, 1654, 3759, 8535, 19799]...: 12972564: ACCEPTED IN 24 TRIES, (AVG 540523.5)
[1, 4, 10, 23, 57, 132, 301, 701, 1654, 3759, 8535, 19828]...: 8642739: ACCEPTED IN 16 TRIES, (AVG 540171.1875)
[1, 4, 10, 23, 57, 132, 301, 701, 1654, 3759, 8535, 19832]...: 11349318: ACCEPTED IN 21 TRIES, (AVG 540443.7142857143)
[1, 4, 10, 23, 57, 132, 301, 701, 1654, 3759, 8535, 19853]...: 10266830: ACCEPTED IN 19 TRIES, (AVG 540359.4736842106)
[1, 4, 10, 23, 57, 132, 301, 701, 1654, 3759, 8535, 19865]...: 70333379: ACCEPTED IN 130 TRIES, (AVG 541025.9923076923)
[1, 4, 10, 23, 57, 132, 301, 701, 1654, 3759, 8535, 19886]...: 12971477: ACCEPTED IN 24 TRIES, (AVG 540478.2083333334)
[1, 4, 10, 23, 57, 132, 301, 701, 1654, 3759, 8535, 19890]...: 11890176: ACCEPTED IN 22 TRIES, (AVG 540462.5454545454)
[1, 4, 10, 23, 57, 132, 301, 701, 1654, 3759, 8535, 19894]...: 8643435: ACCEPTED IN 16 TRIES, (AVG 540214.6875)
[1, 4, 10, 23, 57, 132, 301, 701, 1654, 3759, 8535, 19923]...: 13514064: ACCEPTED IN 25 TRIES, (AVG 540562.56)
[1, 4, 10, 23, 57, 132, 301, 701, 1654, 3759, 8535, 19927]...: 12430935: ACCEPTED IN 23 TRIES, (AVG 540475.4347826086)
[1, 4, 10, 23, 57, 132, 301, 701, 1654, 3759, 8535, 19931]...: 18384426: ACCEPTED IN 34 TRIES, (AVG 540718.4117647059)
[1, 4, 10, 23, 57, 132, 301, 701, 1654, 3759, 8535, 19960]...: 17299966: ACCEPTED IN 32 TRIES, (AVG 540623.9375)
[1, 4, 10, 23, 57, 132, 301, 701, 1654, 3759, 8535, 19964]...: 54640185: ACCEPTED IN 101 TRIES, (AVG 540991.9306930694)
[1, 4, 10, 23, 57, 132, 301, 701, 1654, 3759, 8535, 19985]...: 18925035: ACCEPTED IN 35 TRIES, (AVG 540715.2857142857)
[1, 4, 10, 23, 57, 132, 301, 701, 1654, 3759, 8535, 19997]...: 19464657: ACCEPTED IN 36 TRIES, (AVG 540684.9166666666)
[1, 4, 10, 23, 57, 132, 301, 701, 1654, 3759, 8535, 20001]...: 14596824: ACCEPTED IN 27 TRIES, (AVG 540623.1111111111)
[1, 4, 10, 23, 57, 132, 301, 701, 1654, 3759, 8535, 20014]...: 19465404: ACCEPTED IN 36 TRIES, (AVG 540705.6666666666)
[1, 4, 10, 23, 57, 132, 301, 701, 1654, 3759, 8535, 20022]...: 6479633: ACCEPTED IN 12 TRIES, (AVG 539969.4166666666)
[1, 4, 10, 23, 57, 132, 301, 701, 1654, 3759, 8535, 20026]...: 9726591: ACCEPTED IN 18 TRIES, (AVG 540366.1666666666)
[1, 4, 10, 23, 57, 132, 301, 701, 1654, 3759, 8535, 20034]...: 14054476: ACCEPTED IN 26 TRIES, (AVG 540556.7692307692)
[1, 4, 10, 23, 57, 132, 301, 701, 1654, 3759, 8535, 20055]...: 18382325: ACCEPTED IN 34 TRIES, (AVG 540656.6176470588)
[1, 4, 10, 23, 57, 132, 301, 701, 1654, 3759, 8535, 20059]...: 11347453: ACCEPTED IN 21 TRIES, (AVG 540354.9047619047)
[1, 4, 10, 23, 57, 132, 301, 701, 1654, 3759, 8535, 20063]...: 10807643: ACCEPTED IN 20 TRIES, (AVG 540382.15)
[1, 4, 10, 23, 57, 132, 301, 701, 1654, 3759, 8535, 20092]...: 9185245: ACCEPTED IN 17 TRIES, (AVG 540308.5294117647)
[1, 4, 10, 23, 57, 132, 301, 701, 1654, 3759, 8535, 20096]...: 12431678: ACCEPTED IN 23 TRIES, (AVG 540507.7391304348)
[1, 4, 10, 23, 57, 132, 301, 701, 1654, 3759, 8535, 20100]...: 14054808: ACCEPTED IN 26 TRIES, (AVG 540569.5384615385)
[1, 4, 10, 23, 57, 132, 301, 701, 1654, 3759, 8535, 20129]...: 7561758: ACCEPTED IN 14 TRIES, (AVG 540125.5714285715)
[1, 4, 10, 23, 57, 132, 301, 701, 1654, 3759, 8535, 20133]...: 4315096: ACCEPTED IN 8 TRIES, (AVG 539387.0)
[1, 4, 10, 23, 57, 132, 301, 701, 1654, 3759, 8535, 20146]...: 10267100: ACCEPTED IN 19 TRIES, (AVG 540373.6842105263)
[1, 4, 10, 23, 57, 132, 301, 701, 1654, 3759, 8535, 20154]...: 14594805: ACCEPTED IN 27 TRIES, (AVG 540548.3333333334)
[1, 4, 10, 23, 57, 132, 301, 701, 1654, 3759, 8535, 20158]...: 14595543: ACCEPTED IN 27 TRIES, (AVG 540575.6666666666)
[1, 4, 10, 23, 57, 132, 301, 701, 1654, 3759, 8535, 20166]...: 16220246: ACCEPTED IN 30 TRIES, (AVG 540674.8666666667)
[1, 4, 10, 23, 57, 132, 301, 701, 1654, 3759, 8535, 20187]...: 12430002: ACCEPTED IN 23 TRIES, (AVG 540434.8695652174)
[1, 4, 10, 23, 57, 132, 301, 701, 1654, 3759, 8535, 20191]...: 9726413: ACCEPTED IN 18 TRIES, (AVG 540356.2777777778)
[1, 4, 10, 23, 57, 132, 301, 701, 1654, 3759, 8535, 20195]...: 4314101: ACCEPTED IN 8 TRIES, (AVG 539262.625)
[1, 4, 10, 23, 57, 132, 301, 701, 1654, 3759, 8535, 20224]...: 4856106: ACCEPTED IN 9 TRIES, (AVG 539567.3333333334)
[1, 4, 10, 23, 57, 132, 301, 701, 1654, 3759, 8535, 20228]...: 9185157: ACCEPTED IN 17 TRIES, (AVG 540303.3529411765)
[1, 4, 10, 23, 57, 132, 301, 701, 1654, 3759, 8535, 20232]...: 11887962: ACCEPTED IN 22 TRIES, (AVG 540361.9090909091)
[1, 4, 10, 23, 57, 132, 301, 701, 1654, 3759, 8535, 20261]...: 12970852: ACCEPTED IN 24 TRIES, (AVG 540452.1666666666)
[1, 4, 10, 23, 57, 132, 301, 701, 1654, 3759, 8535, 20265]...: 7561267: ACCEPTED IN 14 TRIES, (AVG 540090.5)
[1, 4, 10, 23, 57, 132, 301, 701, 1654, 3759, 8535, 20278]...: 38405770: ACCEPTED IN 71 TRIES, (AVG 540926.338028169)
[1, 4, 10, 23, 57, 132, 301, 701, 1654, 3759, 8535, 20286]...: 11347791: ACCEPTED IN 21 TRIES, (AVG 540371.0)
[1, 4, 10, 23, 57, 132, 301, 701, 1654, 3759, 8535, 20290]...: 7019150: ACCEPTED IN 13 TRIES, (AVG 539934.6153846154)
[1, 4, 10, 23, 57, 132, 301, 701, 1654, 3759, 8535, 20298]...: 11888379: ACCEPTED IN 22 TRIES, (AVG 540380.8636363636)
[1, 4, 10, 23, 57, 132, 301, 701, 1654, 3759, 8535, 20315]...: 9184408: ACCEPTED IN 17 TRIES, (AVG 540259.2941176471)
[1, 4, 10, 23, 57, 132, 301, 701, 1654, 3759, 8535, 20319]...: 12972218: ACCEPTED IN 24 TRIES, (AVG 540509.0833333334)
[1, 4, 10, 23, 57, 132, 301, 701, 1654, 3759, 8535, 20323]...: 17302450: ACCEPTED IN 32 TRIES, (AVG 540701.5625)
[1, 4, 10, 23, 57, 132, 301, 701, 1654, 3759, 8535, 20327]...: 62216214: ACCEPTED IN 115 TRIES, (AVG 541010.5565217391)
[1, 4, 10, 23, 57, 132, 301, 701, 1654, 3759, 8535, 20335]...: 12972717: ACCEPTED IN 24 TRIES, (AVG 540529.875)
[1, 4, 10, 23, 57, 132, 301, 701, 1654, 3759, 8535, 20356]...: 20546016: ACCEPTED IN 38 TRIES, (AVG 540684.6315789474)
[1, 4, 10, 23, 57, 132, 301, 701, 1654, 3759, 8535, 20360]...: 14595902: ACCEPTED IN 27 TRIES, (AVG 540588.9629629629)
[1, 4, 10, 23, 57, 132, 301, 701, 1654, 3759, 8535, 20364]...: 9726364: ACCEPTED IN 18 TRIES, (AVG 540353.5555555555)
[1, 4, 10, 23, 57, 132, 301, 701, 1654, 3759, 8535, 20393]...: 10808649: ACCEPTED IN 20 TRIES, (AVG 540432.45)
[1, 4, 10, 23, 57, 132, 301, 701, 1654, 3759, 8535, 20397]...: 9726398: ACCEPTED IN 18 TRIES, (AVG 540355.4444444445)
[1, 4, 10, 23, 57, 132, 301, 701, 1654, 3759, 8535, 20401]...: 18382784: ACCEPTED IN 34 TRIES, (AVG 540670.1176470588)
[1, 4, 10, 23, 57, 132, 301, 701, 1654, 3759, 8535, 20410]...: 19466301: ACCEPTED IN 36 TRIES, (AVG 540730.5833333334)
[1, 4, 10, 23, 57, 132, 301, 701, 1654, 3759, 8535, 20422]...: 20007706: ACCEPTED IN 37 TRIES, (AVG 540748.8108108108)
[1, 4, 10, 23, 57, 132, 301, 701, 1654, 3759, 8535, 20430]...: 4314889: ACCEPTED IN 8 TRIES, (AVG 539361.125)
[1, 4, 10, 23, 57, 132, 301, 701, 1654, 3759, 8535, 20434]...: 11889191: ACCEPTED IN 22 TRIES, (AVG 540417.7727272727)
[1, 4, 10, 23, 57, 132, 301, 701, 1654, 3759, 8535, 20447]...: 11347820: ACCEPTED IN 21 TRIES, (AVG 540372.380952381)
[1, 4, 10, 23, 57, 132, 301, 701, 1654, 3759, 8535, 20451]...: 10808480: ACCEPTED IN 20 TRIES, (AVG 540424.0)
[1, 4, 10, 23, 57, 132, 301, 701, 1654, 3759, 8535, 20455]...: 14054904: ACCEPTED IN 26 TRIES, (AVG 540573.2307692308)
[1, 4, 10, 23, 57, 132, 301, 701, 1654, 3759, 8535, 20459]...: 10807350: ACCEPTED IN 20 TRIES, (AVG 540367.5)
[1, 4, 10, 23, 57, 132, 301, 701, 1654, 3759, 8535, 20467]...: 14054596: ACCEPTED IN 26 TRIES, (AVG 540561.3846153846)
