[1, 4, 10, 23, 57, 132, 301, 701, 1636, 3761, 8593, 18910]...: 39487212: ACCEPTED IN 73 TRIES, (AVG 540920.7123287672)
[1, 4, 10, 23, 57, 132, 301, 701, 1636, 3761, 8593, 18911]...: 17841950: ACCEPTED IN 33 TRIES, (AVG 540665.1515151515)
[1, 4, 10, 23, 57, 132, 301, 701, 1636, 3761, 8593, 18945]...: 15135987: ACCEPTED IN 28 TRIES, (AVG 540570.9642857143)
[1, 4, 10, 23, 57, 132, 301, 701, 1636, 3761, 8593, 18977]...: 25957020: ACCEPTED IN 48 TRIES, (AVG 540771.25)
[1, 4, 10, 23, 57, 132, 301, 701, 1636, 3761, 8593, 18978]...: 18383846: ACCEPTED IN 34 TRIES, (AVG 540701.3529411765)
[1, 4, 10, 23, 57, 132, 301, 701, 1636, 3761, 8593, 19010]...: 52476099: ACCEPTED IN 97 TRIES, (AVG 540990.7113402062)
[1, 4, 10, 23, 57, 132, 301, 701, 1636, 3761, 8593, 19035]...: 9726545: ACCEPTED IN 18 TRIES, (AVG 540363.6111111111)
[1, 4, 10, 23, 57, 132, 301, 701, 1636, 3761, 8593, 19048]...: 36241513: ACCEPTED IN 67 TRIES, (AVG 540918.104477612)
[1, 4, 10, 23, 57, 132, 301, 701, 1636, 3761, 8593, 19077]...: 35159438: ACCEPTED IN 65 TRIES, (AVG 540914.4307692308)
[1, 4, 10, 23, 57, 132, 301, 701, 1636, 3761, 8593, 19079]...: 17841856: ACCEPTED IN 33 TRIES, (AVG 540662.303030303)
[1, 4, 10, 23, 57, 132, 301, 701, 1636, 3761, 8593, 19080]...: 16219603: ACCEPTED IN 30 TRIES, (AVG 540653.4333333333)
[1, 4, 10, 23, 57, 132, 301, 701, 1636, 3761, 8593, 19109]...: 12430869: ACCEPTED IN 23 TRIES, (AVG 540472.5652173914)
[1, 4, 10, 23, 57, 132, 301, 701, 1636, 3761, 8593, 19147]...: 10807661: ACCEPTED IN 20 TRIES, (AVG 540383.05)
[1, 4, 10, 23, 57, 132, 301, 701, 1636, 3761, 8593, 19167]...: 13514136: ACCEPTED IN 25 TRIES, (AVG 540565.44)
[1, 4, 10, 23, 57, 132, 301, 701, 1636, 3761, 8593, 19178]...: 11349916: ACCEPTED IN 21 TRIES, (AVG 540472.1904761905)
[1, 4, 10, 23, 57, 132, 301, 701, 1636, 3761, 8593, 19179]...: 13512484: ACCEPTED IN 25 TRIES, (AVG 540499.36)
[1, 4, 10, 23, 57, 132, 301, 701, 1636, 3761, 8593, 19180]...: 40027995: ACCEPTED IN 74 TRIES, (AVG 540918.8513513514)
[1, 4, 10, 23, 57, 132, 301, 701, 1636, 3761, 8593, 19211]...: 13514410: ACCEPTED IN 25 TRIES, (AVG 540576.4)
[1, 4, 10, 23, 57, 132, 301, 701, 1636, 3761, 8593, 19212]...: 14054603: ACCEPTED IN 26 TRIES, (AVG 540561.6538461539)
[1, 4, 10, 23, 57, 132, 301, 701, 1636, 3761, 8593, 19246]...: 9184918: ACCEPTED IN 17 TRIES, (AVG 540289.2941176471)
[1, 4, 10, 23, 57, 132, 301, 701, 1636, 3761, 8593, 19278]...: 10807332: ACCEPTED IN 20 TRIES, (AVG 540366.6)
[1, 4, 10, 23, 57, 132, 301, 701, 1636, 3761, 8593, 19279]...: 7559534: ACCEPTED IN 14 TRIES, (AVG 539966.7142857143)
[1, 4, 10, 23, 57, 132, 301, 701, 1636, 3761, 8593, 19310]...: 17302435: ACCEPTED IN 32 TRIES, (AVG 540701.09375)
[1, 4, 10, 23, 57, 132, 301, 701, 1636, 3761, 8593, 19345]...: 12972176: ACCEPTED IN 24 TRIES, (AVG 540507.3333333334)
[1, 4, 10, 23, 57, 132, 301, 701, 1636, 3761, 8593, 19378]...: 8643609: ACCEPTED IN 16 TRIES, (AVG 540225.5625)
[1, 4, 10, 23, 57, 132, 301, 701, 1636, 3761, 8593, 19381]...: 10265793: ACCEPTED IN 19 TRIES, (AVG 540304.8947368421)
[1, 4, 10, 23, 57, 132, 301, 701, 1636, 3761, 8593, 19410]...: 22713564: ACCEPTED IN 42 TRIES, (AVG 540799.1428571428)
[1, 4, 10, 23, 57, 132, 301, 701, 1636, 3761, 8593, 19448]...: 12430621: ACCEPTED IN 23 TRIES, (AVG 540461.7826086957)
[1, 4, 10, 23, 57, 132, 301, 701, 1636, 3761, 8593, 19477]...: 12972193: ACCEPTED IN 24 TRIES, (AVG 540508.0416666666)
[1, 4, 10, 23, 57, 132, 301, 701, 1636, 3761, 8593, 19479]...: 15135463: ACCEPTED IN 28 TRIES, (AVG 540552.25)
[1, 4, 10, 23, 57, 132, 301, 701, 1636, 3761, 8593, 19480]...: 10808706: ACCEPTED IN 20 TRIES, (AVG 540435.3)
[1, 4, 10, 23, 57, 132, 301, 701, 1636, 3761, 8593, 19512]...: 5937555: ACCEPTED IN 11 TRIES, (AVG 539777.7272727273)
[1, 4, 10, 23, 57, 132, 301, 701, 1636, 3761, 8593, 19513]...: 11889933: ACCEPTED IN 22 TRIES, (AVG 540451.5)
[1, 4, 10, 23, 57, 132, 301, 701, 1636, 3761, 8593, 19547]...: 10806786: ACCEPTED IN 20 TRIES, (AVG 540339.3)
[1, 4, 10, 23, 57, 132, 301, 701, 1636, 3761, 8593, 19579]...: 14596669: ACCEPTED IN 27 TRIES, (AVG 540617.3703703703)
[1, 4, 10, 23, 57, 132, 301, 701, 1636, 3761, 8593, 19580]...: 15678288: ACCEPTED IN 29 TRIES, (AVG 540630.6206896552)
[1, 4, 10, 23, 57, 132, 301, 701, 1636, 3761, 8593, 19611]...: 10267341: ACCEPTED IN 19 TRIES, (AVG 540386.3684210526)
[1, 4, 10, 23, 57, 132, 301, 701, 1636, 3761, 8593, 19612]...: 13513395: ACCEPTED IN 25 TRIES, (AVG 540535.8)
[1, 4, 10, 23, 57, 132, 301, 701, 1636, 3761, 8593, 19646]...: 15678293: ACCEPTED IN 29 TRIES, (AVG 540630.7931034482)
[1, 4, 10, 23, 57, 132, 301, 701, 1636, 3761, 8593, 19679]...: 13514217: ACCEPTED IN 25 TRIES, (AVG 540568.68)
[1, 4, 10, 23, 57, 132, 301, 701, 1636, 3761, 8593, 19682]...: 11890248: ACCEPTED IN 22 TRIES, (AVG 540465.8181818182)
[1, 4, 10, 23, 57, 132, 301, 701, 1636, 3761, 8593, 19711]...: 21630407: ACCEPTED IN 40 TRIES, (AVG 540760.175)
[1, 4, 10, 23, 57, 132, 301, 701, 1636, 3761, 8593, 19749]...: 11890771: ACCEPTED IN 22 TRIES, (AVG 540489.5909090909)
[1, 4, 10, 23, 57, 132, 301, 701, 1636, 3761, 8593, 19778]...: 10808690: ACCEPTED IN 20 TRIES, (AVG 540434.5)
[1, 4, 10, 23, 57, 132, 301, 701, 1636, 3761, 8593, 19780]...: 10807276: ACCEPTED IN 20 TRIES, (AVG 540363.8)
[1, 4, 10, 23, 57, 132, 301, 701, 1636, 3761, 8593, 19781]...: 18384440: ACCEPTED IN 34 TRIES, (AVG 540718.8235294118)
[1, 4, 10, 23, 57, 132, 301, 701, 1636, 3761, 8593, 19813]...: 15678603: ACCEPTED IN 29 TRIES, (AVG 540641.4827586206)
[1, 4, 10, 23, 57, 132, 301, 701, 1636, 3761, 8593, 19814]...: 8644225: ACCEPTED IN 16 TRIES, (AVG 540264.0625)
[1, 4, 10, 23, 57, 132, 301, 701, 1636, 3761, 8593, 19848]...: 10266727: ACCEPTED IN 19 TRIES, (AVG 540354.052631579)
[1, 4, 10, 23, 57, 132, 301, 701, 1636, 3761, 8593, 19879]...: 10267115: ACCEPTED IN 19 TRIES, (AVG 540374.4736842106)
[1, 4, 10, 23, 57, 132, 301, 701, 1636, 3761, 8593, 19880]...: 16219453: ACCEPTED IN 30 TRIES, (AVG 540648.4333333333)
[1, 4, 10, 23, 57, 132, 301, 701, 1636, 3761, 8593, 19881]...: 5394666: ACCEPTED IN 10 TRIES, (AVG 539466.6)
[1, 4, 10, 23, 57, 132, 301, 701, 1636, 3761, 8593, 19912]...: 12971793: ACCEPTED IN 24 TRIES, (AVG 540491.375)
[1, 4, 10, 23, 57, 132, 301, 701, 1636, 3761, 8593, 19913]...: 12430139: ACCEPTED IN 23 TRIES, (AVG 540440.8260869565)
[1, 4, 10, 23, 57, 132, 301, 701, 1636, 3761, 8593, 19947]...: 6479441: ACCEPTED IN 12 TRIES, (AVG 539953.4166666666)
[1, 4, 10, 23, 57, 132, 301, 701, 1636, 3761, 8593, 19980]...: 12431509: ACCEPTED IN 23 TRIES, (AVG 540500.3913043478)
[1, 4, 10, 23, 57, 132, 301, 701, 1636, 3761, 8593, 19983]...: 10267521: ACCEPTED IN 19 TRIES, (AVG 540395.8421052631)
[1, 4, 10, 23, 57, 132, 301, 701, 1636, 3761, 8593, 20011]...: 16759059: ACCEPTED IN 31 TRIES, (AVG 540614.8064516129)
[1, 4, 10, 23, 57, 132, 301, 701, 1636, 3761, 8593, 20012]...: 17300737: ACCEPTED IN 32 TRIES, (AVG 540648.03125)
[1, 4, 10, 23, 57, 132, 301, 701, 1636, 3761, 8593, 20046]...: 12971990: ACCEPTED IN 24 TRIES, (AVG 540499.5833333334)
[1, 4, 10, 23, 57, 132, 301, 701, 1636, 3761, 8593, 20079]...: 7020746: ACCEPTED IN 13 TRIES, (AVG 540057.3846153846)
[1, 4, 10, 23, 57, 132, 301, 701, 1636, 3761, 8593, 20082]...: 11891210: ACCEPTED IN 22 TRIES, (AVG 540509.5454545454)
[1, 4, 10, 23, 57, 132, 301, 701, 1636, 3761, 8593, 20113]...: 23253180: ACCEPTED IN 43 TRIES, (AVG 540771.6279069767)
[1, 4, 10, 23, 57, 132, 301, 701, 1636, 3761, 8593, 20114]...: 8103196: ACCEPTED IN 15 TRIES, (AVG 540213.0666666667)
[1, 4, 10, 23, 57, 132, 301, 701, 1636, 3761, 8593, 20115]...: 11349484: ACCEPTED IN 21 TRIES, (AVG 540451.619047619)
[1, 4, 10, 23, 57, 132, 301, 701, 1636, 3761, 8593, 20149]...: 12973236: ACCEPTED IN 24 TRIES, (AVG 540551.5)
[1, 4, 10, 23, 57, 132, 301, 701, 1636, 3761, 8593, 20178]...: 8102257: ACCEPTED IN 15 TRIES, (AVG 540150.4666666667)
[1, 4, 10, 23, 57, 132, 301, 701, 1636, 3761, 8593, 20180]...: 8102263: ACCEPTED IN 15 TRIES, (AVG 540150.8666666667)
[1, 4, 10, 23, 57, 132, 301, 701, 1636, 3761, 8593, 20181]...: 8102199: ACCEPTED IN 15 TRIES, (AVG 540146.6)
[1, 4, 10, 23, 57, 132, 301, 701, 1636, 3761, 8593, 20213]...: 15678540: ACCEPTED IN 29 TRIES, (AVG 540639.3103448276)
[1, 4, 10, 23, 57, 132, 301, 701, 1636, 3761, 8593, 20214]...: 17842456: ACCEPTED IN 33 TRIES, (AVG 540680.4848484849)
[1, 4, 10, 23, 57, 132, 301, 701, 1636, 3761, 8593, 20245]...: 10807368: ACCEPTED IN 20 TRIES, (AVG 540368.4)
[1, 4, 10, 23, 57, 132, 301, 701, 1636, 3761, 8593, 20248]...: 13513596: ACCEPTED IN 25 TRIES, (AVG 540543.84)
[1, 4, 10, 23, 57, 132, 301, 701, 1636, 3761, 8593, 20280]...: 9726410: ACCEPTED IN 18 TRIES, (AVG 540356.1111111111)
[1, 4, 10, 23, 57, 132, 301, 701, 1636, 3761, 8593, 20281]...: 10806708: ACCEPTED IN 20 TRIES, (AVG 540335.4)
[1, 4, 10, 23, 57, 132, 301, 701, 1636, 3761, 8593, 20312]...: 7019951: ACCEPTED IN 13 TRIES, (AVG 539996.2307692308)
[1, 4, 10, 23, 57, 132, 301, 701, 1636, 3761, 8593, 20313]...: 7561634: ACCEPTED IN 14 TRIES, (AVG 540116.7142857143)
[1, 4, 10, 23, 57, 132, 301, 701, 1636, 3761, 8593, 20347]...: 14595763: ACCEPTED IN 27 TRIES, (AVG 540583.8148148148)
[1, 4, 10, 23, 57, 132, 301, 701, 1636, 3761, 8593, 20380]...: 8642550: ACCEPTED IN 16 TRIES, (AVG 540159.375)
[1, 4, 10, 23, 57, 132, 301, 701, 1636, 3761, 8593, 20383]...: 15678716: ACCEPTED IN 29 TRIES, (AVG 540645.3793103448)
[1, 4, 10, 23, 57, 132, 301, 701, 1636, 3761, 8593, 20412]...: 9725224: ACCEPTED IN 18 TRIES, (AVG 540290.2222222222)
[1, 4, 10, 23, 57, 132, 301, 701, 1636, 3761, 8593, 20414]...: 8102539: ACCEPTED IN 15 TRIES, (AVG 540169.2666666667)
[1, 4, 10, 23, 57, 132, 301, 701, 1636, 3761, 8593, 20415]...: 11349200: ACCEPTED IN 21 TRIES, (AVG 540438.0952380953)
[1, 4, 10, 23, 57, 132, 301, 701, 1636, 3761, 8593, 20450]...: 10266716: ACCEPTED IN 19 TRIES, (AVG 540353.4736842106)
[1, 4, 10, 23, 57, 132, 301, 701, 1636, 3761, 8593, 20479]...: 13513558: ACCEPTED IN 25 TRIES, (AVG 540542.32)
[1, 4, 10, 23, 57, 132, 301, 701, 1636, 3761, 8593, 20481]...: 11349262: ACCEPTED IN 21 TRIES, (AVG 540441.0476190476)
[1, 4, 10, 23, 57, 132, 301, 701, 1636, 3761, 8593, 20482]...: 9185426: ACCEPTED IN 17 TRIES, (AVG 540319.1764705882)
[1, 4, 10, 23, 57, 132, 301, 701, 1636, 3761, 8593, 20514]...: 14595827: ACCEPTED IN 27 TRIES, (AVG 540586.1851851852)
[1, 4, 10, 23, 57, 132, 301, 701, 1636, 3761, 8593, 20515]...: 11891189: ACCEPTED IN 22 TRIES, (AVG 540508.5909090909)
[1, 4, 10, 23, 57, 132, 301, 701, 1636, 3761, 8593, 20546]...: 10806838: ACCEPTED IN 20 TRIES, (AVG 540341.9)
[1, 4, 10, 23, 57, 132, 301, 701, 1636, 3761, 8593, 20549]...: 10266865: ACCEPTED IN 19 TRIES, (AVG 540361.3157894737)
[1, 4, 10, 23, 57, 132, 301, 701, 1636, 3761, 8593, 20581]...: 12429278: ACCEPTED IN 23 TRIES, (AVG 540403.3913043478)
[1, 4, 10, 23, 57, 132, 301, 701, 1636, 3761, 8593, 20582]...: 6478688: ACCEPTED IN 12 TRIES, (AVG 539890.6666666666)
[1, 4, 10, 23, 57, 132, 301, 701, 1636, 3761, 8593, 20613]...: 12428965: ACCEPTED IN 23 TRIES, (AVG 540389.7826086957)
[1, 4, 10, 23, 57, 132, 301, 701, 1636, 3761, 8593, 20614]...: 7561609: ACCEPTED IN 14 TRIES, (AVG 540114.9285714285)
