[1, 4, 10, 23, 57, 132, 301, 701, 1636, 3761, 8421, 18595]...: 22710847: ACCEPTED IN 42 TRIES, (AVG 540734.4523809524)
[1, 4, 10, 23, 57, 132, 301, 701, 1636, 3761, 8421, 18662]...: 40029234: ACCEPTED IN 74 TRIES, (AVG 540935.5945945946)
[1, 4, 10, 23, 57, 132, 301, 701, 1636, 3761, 8421, 18732]...: 76826717: ACCEPTED IN 142 TRIES, (AVG 541033.2183098592)
[1, 4, 10, 23, 57, 132, 301, 701, 1636, 3761, 8421, 18763]...: 196418045: ACCEPTED IN 363 TRIES, (AVG 541096.5426997246)
[1, 4, 10, 23, 57, 132, 301, 701, 1636, 3761, 8421, 18764]...: 15138011: ACCEPTED IN 28 TRIES, (AVG 540643.25)
[1, 4, 10, 23, 57, 132, 301, 701, 1636, 3761, 8421, 18768]...: 14596353: ACCEPTED IN 27 TRIES, (AVG 540605.6666666666)
[1, 4, 10, 23, 57, 132, 301, 701, 1636, 3761, 8421, 18795]...: 137434131: ACCEPTED IN 254 TRIES, (AVG 541079.2559055118)
[1, 4, 10, 23, 57, 132, 301, 701, 1636, 3761, 8421, 18797]...: 25419303: ACCEPTED IN 47 TRIES, (AVG 540836.2340425532)
[1, 4, 10, 23, 57, 132, 301, 701, 1636, 3761, 8421, 18831]...: 17842982: ACCEPTED IN 33 TRIES, (AVG 540696.4242424242)
[1, 4, 10, 23, 57, 132, 301, 701, 1636, 3761, 8421, 18835]...: 24336905: ACCEPTED IN 45 TRIES, (AVG 540820.1111111111)
[1, 4, 10, 23, 57, 132, 301, 701, 1636, 3761, 8421, 18864]...: 8643976: ACCEPTED IN 16 TRIES, (AVG 540248.5)
[1, 4, 10, 23, 57, 132, 301, 701, 1636, 3761, 8421, 18934]...: 20548743: ACCEPTED IN 38 TRIES, (AVG 540756.3947368421)
[1, 4, 10, 23, 57, 132, 301, 701, 1636, 3761, 8421, 18937]...: 13512941: ACCEPTED IN 25 TRIES, (AVG 540517.64)
[1, 4, 10, 23, 57, 132, 301, 701, 1636, 3761, 8421, 18963]...: 21631123: ACCEPTED IN 40 TRIES, (AVG 540778.075)
[1, 4, 10, 23, 57, 132, 301, 701, 1636, 3761, 8421, 18996]...: 32994971: ACCEPTED IN 61 TRIES, (AVG 540901.1639344263)
[1, 4, 10, 23, 57, 132, 301, 701, 1636, 3761, 8421, 19000]...: 160162200: ACCEPTED IN 296 TRIES, (AVG 541088.5135135135)
[1, 4, 10, 23, 57, 132, 301, 701, 1636, 3761, 8421, 19002]...: 43817062: ACCEPTED IN 81 TRIES, (AVG 540951.3827160494)
[1, 4, 10, 23, 57, 132, 301, 701, 1636, 3761, 8421, 19028]...: 19465318: ACCEPTED IN 36 TRIES, (AVG 540703.2777777778)
[1, 4, 10, 23, 57, 132, 301, 701, 1636, 3761, 8421, 19032]...: 15137567: ACCEPTED IN 28 TRIES, (AVG 540627.3928571428)
[1, 4, 10, 23, 57, 132, 301, 701, 1636, 3761, 8421, 19037]...: 14595773: ACCEPTED IN 27 TRIES, (AVG 540584.1851851852)
[1, 4, 10, 23, 57, 132, 301, 701, 1636, 3761, 8421, 19062]...: 25418787: ACCEPTED IN 47 TRIES, (AVG 540825.2553191489)
[1, 4, 10, 23, 57, 132, 301, 701, 1636, 3761, 8421, 19064]...: 107669201: ACCEPTED IN 199 TRIES, (AVG 541051.2613065327)
[1, 4, 10, 23, 57, 132, 301, 701, 1636, 3761, 8421, 19065]...: 169360915: ACCEPTED IN 313 TRIES, (AVG 541089.1853035144)
[1, 4, 10, 23, 57, 132, 301, 701, 1636, 3761, 8421, 19095]...: 21631452: ACCEPTED IN 40 TRIES, (AVG 540786.3)
[1, 4, 10, 23, 57, 132, 301, 701, 1636, 3761, 8421, 19099]...: 36783201: ACCEPTED IN 68 TRIES, (AVG 540929.4264705882)
[1, 4, 10, 23, 57, 132, 301, 701, 1636, 3761, 8421, 19131]...: 20006992: ACCEPTED IN 37 TRIES, (AVG 540729.5135135135)
[1, 4, 10, 23, 57, 132, 301, 701, 1636, 3761, 8421, 19135]...: 36783296: ACCEPTED IN 68 TRIES, (AVG 540930.8235294118)
[1, 4, 10, 23, 57, 132, 301, 701, 1636, 3761, 8421, 19136]...: 21629214: ACCEPTED IN 40 TRIES, (AVG 540730.35)
[1, 4, 10, 23, 57, 132, 301, 701, 1636, 3761, 8421, 19163]...: 121200314: ACCEPTED IN 224 TRIES, (AVG 541072.8303571428)
[1, 4, 10, 23, 57, 132, 301, 701, 1636, 3761, 8421, 19164]...: 82238386: ACCEPTED IN 152 TRIES, (AVG 541042.0131578947)
[1, 4, 10, 23, 57, 132, 301, 701, 1636, 3761, 8421, 19168]...: 10267411: ACCEPTED IN 19 TRIES, (AVG 540390.052631579)
[1, 4, 10, 23, 57, 132, 301, 701, 1636, 3761, 8421, 19169]...: 73039483: ACCEPTED IN 135 TRIES, (AVG 541033.2074074075)
[1, 4, 10, 23, 57, 132, 301, 701, 1636, 3761, 8421, 19171]...: 19465721: ACCEPTED IN 36 TRIES, (AVG 540714.4722222222)
[1, 4, 10, 23, 57, 132, 301, 701, 1636, 3761, 8421, 19197]...: 78991203: ACCEPTED IN 146 TRIES, (AVG 541035.6369863014)
[1, 4, 10, 23, 57, 132, 301, 701, 1636, 3761, 8421, 19198]...: 21090508: ACCEPTED IN 39 TRIES, (AVG 540782.2564102564)
[1, 4, 10, 23, 57, 132, 301, 701, 1636, 3761, 8421, 19202]...: 21090134: ACCEPTED IN 39 TRIES, (AVG 540772.6666666666)
[1, 4, 10, 23, 57, 132, 301, 701, 1636, 3761, 8421, 19230]...: 21089884: ACCEPTED IN 39 TRIES, (AVG 540766.2564102564)
[1, 4, 10, 23, 57, 132, 301, 701, 1636, 3761, 8421, 19231]...: 17301771: ACCEPTED IN 32 TRIES, (AVG 540680.34375)
[1, 4, 10, 23, 57, 132, 301, 701, 1636, 3761, 8421, 19234]...: 7020059: ACCEPTED IN 13 TRIES, (AVG 540004.5384615385)
[1, 4, 10, 23, 57, 132, 301, 701, 1636, 3761, 8421, 19262]...: 15678483: ACCEPTED IN 29 TRIES, (AVG 540637.3448275862)
[1, 4, 10, 23, 57, 132, 301, 701, 1636, 3761, 8421, 19264]...: 21629182: ACCEPTED IN 40 TRIES, (AVG 540729.55)
[1, 4, 10, 23, 57, 132, 301, 701, 1636, 3761, 8421, 19266]...: 12431230: ACCEPTED IN 23 TRIES, (AVG 540488.2608695652)
[1, 4, 10, 23, 57, 132, 301, 701, 1636, 3761, 8421, 19267]...: 16218691: ACCEPTED IN 30 TRIES, (AVG 540623.0333333333)
[1, 4, 10, 23, 57, 132, 301, 701, 1636, 3761, 8421, 19270]...: 23795981: ACCEPTED IN 44 TRIES, (AVG 540817.75)
[1, 4, 10, 23, 57, 132, 301, 701, 1636, 3761, 8421, 19296]...: 17302356: ACCEPTED IN 32 TRIES, (AVG 540698.625)
[1, 4, 10, 23, 57, 132, 301, 701, 1636, 3761, 8421, 19300]...: 16761167: ACCEPTED IN 31 TRIES, (AVG 540682.8064516129)
[1, 4, 10, 23, 57, 132, 301, 701, 1636, 3761, 8421, 19301]...: 21090502: ACCEPTED IN 39 TRIES, (AVG 540782.1025641026)
[1, 4, 10, 23, 57, 132, 301, 701, 1636, 3761, 8421, 19303]...: 22713550: ACCEPTED IN 42 TRIES, (AVG 540798.8095238095)
[1, 4, 10, 23, 57, 132, 301, 701, 1636, 3761, 8421, 19329]...: 21629139: ACCEPTED IN 40 TRIES, (AVG 540728.475)
[1, 4, 10, 23, 57, 132, 301, 701, 1636, 3761, 8421, 19333]...: 82778958: ACCEPTED IN 153 TRIES, (AVG 541038.9411764706)
[1, 4, 10, 23, 57, 132, 301, 701, 1636, 3761, 8421, 19334]...: 13513471: ACCEPTED IN 25 TRIES, (AVG 540538.84)
[1, 4, 10, 23, 57, 132, 301, 701, 1636, 3761, 8421, 19338]...: 25418222: ACCEPTED IN 47 TRIES, (AVG 540813.2340425532)
[1, 4, 10, 23, 57, 132, 301, 701, 1636, 3761, 8421, 19363]...: 14054573: ACCEPTED IN 26 TRIES, (AVG 540560.5)
[1, 4, 10, 23, 57, 132, 301, 701, 1636, 3761, 8421, 19365]...: 15678641: ACCEPTED IN 29 TRIES, (AVG 540642.7931034482)
[1, 4, 10, 23, 57, 132, 301, 701, 1636, 3761, 8421, 19366]...: 14055139: ACCEPTED IN 26 TRIES, (AVG 540582.2692307692)
[1, 4, 10, 23, 57, 132, 301, 701, 1636, 3761, 8421, 19396]...: 25417238: ACCEPTED IN 47 TRIES, (AVG 540792.2978723404)
[1, 4, 10, 23, 57, 132, 301, 701, 1636, 3761, 8421, 19397]...: 30830620: ACCEPTED IN 57 TRIES, (AVG 540888.0701754387)
[1, 4, 10, 23, 57, 132, 301, 701, 1636, 3761, 8421, 19398]...: 17302420: ACCEPTED IN 32 TRIES, (AVG 540700.625)
[1, 4, 10, 23, 57, 132, 301, 701, 1636, 3761, 8421, 19399]...: 8102425: ACCEPTED IN 15 TRIES, (AVG 540161.6666666666)
[1, 4, 10, 23, 57, 132, 301, 701, 1636, 3761, 8421, 19400]...: 32452709: ACCEPTED IN 60 TRIES, (AVG 540878.4833333333)
[1, 4, 10, 23, 57, 132, 301, 701, 1636, 3761, 8421, 19402]...: 18383871: ACCEPTED IN 34 TRIES, (AVG 540702.0882352941)
[1, 4, 10, 23, 57, 132, 301, 701, 1636, 3761, 8421, 19428]...: 14053368: ACCEPTED IN 26 TRIES, (AVG 540514.1538461539)
[1, 4, 10, 23, 57, 132, 301, 701, 1636, 3761, 8421, 19432]...: 17300687: ACCEPTED IN 32 TRIES, (AVG 540646.46875)
[1, 4, 10, 23, 57, 132, 301, 701, 1636, 3761, 8421, 19435]...: 20548300: ACCEPTED IN 38 TRIES, (AVG 540744.7368421053)
[1, 4, 10, 23, 57, 132, 301, 701, 1636, 3761, 8421, 19436]...: 17843264: ACCEPTED IN 33 TRIES, (AVG 540704.9696969697)
[1, 4, 10, 23, 57, 132, 301, 701, 1636, 3761, 8421, 19437]...: 12431499: ACCEPTED IN 23 TRIES, (AVG 540499.9565217391)
[1, 4, 10, 23, 57, 132, 301, 701, 1636, 3761, 8421, 19464]...: 16218677: ACCEPTED IN 30 TRIES, (AVG 540622.5666666667)
[1, 4, 10, 23, 57, 132, 301, 701, 1636, 3761, 8421, 19465]...: 14054467: ACCEPTED IN 26 TRIES, (AVG 540556.4230769231)
[1, 4, 10, 23, 57, 132, 301, 701, 1636, 3761, 8421, 19466]...: 21628480: ACCEPTED IN 40 TRIES, (AVG 540712.0)
[1, 4, 10, 23, 57, 132, 301, 701, 1636, 3761, 8421, 19469]...: 12970808: ACCEPTED IN 24 TRIES, (AVG 540450.3333333334)
[1, 4, 10, 23, 57, 132, 301, 701, 1636, 3761, 8421, 19470]...: 6479841: ACCEPTED IN 12 TRIES, (AVG 539986.75)
[1, 4, 10, 23, 57, 132, 301, 701, 1636, 3761, 8421, 19495]...: 109836448: ACCEPTED IN 203 TRIES, (AVG 541066.2463054187)
[1, 4, 10, 23, 57, 132, 301, 701, 1636, 3761, 8421, 19496]...: 9184849: ACCEPTED IN 17 TRIES, (AVG 540285.2352941176)
[1, 4, 10, 23, 57, 132, 301, 701, 1636, 3761, 8421, 19498]...: 49227737: ACCEPTED IN 91 TRIES, (AVG 540964.1428571428)
[1, 4, 10, 23, 57, 132, 301, 701, 1636, 3761, 8421, 19530]...: 15678887: ACCEPTED IN 29 TRIES, (AVG 540651.275862069)
[1, 4, 10, 23, 57, 132, 301, 701, 1636, 3761, 8421, 19531]...: 9726654: ACCEPTED IN 18 TRIES, (AVG 540369.6666666666)
[1, 4, 10, 23, 57, 132, 301, 701, 1636, 3761, 8421, 19532]...: 21631649: ACCEPTED IN 40 TRIES, (AVG 540791.225)
[1, 4, 10, 23, 57, 132, 301, 701, 1636, 3761, 8421, 19534]...: 5396767: ACCEPTED IN 10 TRIES, (AVG 539676.7)
[1, 4, 10, 23, 57, 132, 301, 701, 1636, 3761, 8421, 19535]...: 26501718: ACCEPTED IN 49 TRIES, (AVG 540851.387755102)
[1, 4, 10, 23, 57, 132, 301, 701, 1636, 3761, 8421, 19536]...: 14054338: ACCEPTED IN 26 TRIES, (AVG 540551.4615384615)
[1, 4, 10, 23, 57, 132, 301, 701, 1636, 3761, 8421, 19563]...: 38406754: ACCEPTED IN 71 TRIES, (AVG 540940.1971830986)
[1, 4, 10, 23, 57, 132, 301, 701, 1636, 3761, 8421, 19565]...: 42735502: ACCEPTED IN 79 TRIES, (AVG 540955.7215189873)
[1, 4, 10, 23, 57, 132, 301, 701, 1636, 3761, 8421, 19567]...: 10808940: ACCEPTED IN 20 TRIES, (AVG 540447.0)
[1, 4, 10, 23, 57, 132, 301, 701, 1636, 3761, 8421, 19568]...: 24335030: ACCEPTED IN 45 TRIES, (AVG 540778.4444444445)
[1, 4, 10, 23, 57, 132, 301, 701, 1636, 3761, 8421, 19571]...: 91437657: ACCEPTED IN 169 TRIES, (AVG 541051.224852071)
[1, 4, 10, 23, 57, 132, 301, 701, 1636, 3761, 8421, 19597]...: 24876751: ACCEPTED IN 46 TRIES, (AVG 540798.9347826086)
[1, 4, 10, 23, 57, 132, 301, 701, 1636, 3761, 8421, 19598]...: 40030286: ACCEPTED IN 74 TRIES, (AVG 540949.8108108108)
[1, 4, 10, 23, 57, 132, 301, 701, 1636, 3761, 8421, 19602]...: 22172195: ACCEPTED IN 41 TRIES, (AVG 540785.243902439)
[1, 4, 10, 23, 57, 132, 301, 701, 1636, 3761, 8421, 19630]...: 14596230: ACCEPTED IN 27 TRIES, (AVG 540601.1111111111)
[1, 4, 10, 23, 57, 132, 301, 701, 1636, 3761, 8421, 19631]...: 5937787: ACCEPTED IN 11 TRIES, (AVG 539798.8181818182)
[1, 4, 10, 23, 57, 132, 301, 701, 1636, 3761, 8421, 19634]...: 21630475: ACCEPTED IN 40 TRIES, (AVG 540761.875)
[1, 4, 10, 23, 57, 132, 301, 701, 1636, 3761, 8421, 19635]...: 14055269: ACCEPTED IN 26 TRIES, (AVG 540587.2692307692)
[1, 4, 10, 23, 57, 132, 301, 701, 1636, 3761, 8421, 19639]...: 30830435: ACCEPTED IN 57 TRIES, (AVG 540884.8245614035)
[1, 4, 10, 23, 57, 132, 301, 701, 1636, 3761, 8421, 19662]...: 8102894: ACCEPTED IN 15 TRIES, (AVG 540192.9333333333)
[1, 4, 10, 23, 57, 132, 301, 701, 1636, 3761, 8421, 19664]...: 20547144: ACCEPTED IN 38 TRIES, (AVG 540714.3157894737)
[1, 4, 10, 23, 57, 132, 301, 701, 1636, 3761, 8421, 19666]...: 15677475: ACCEPTED IN 29 TRIES, (AVG 540602.5862068966)
[1, 4, 10, 23, 57, 132, 301, 701, 1636, 3761, 8421, 19667]...: 22713571: ACCEPTED IN 42 TRIES, (AVG 540799.3095238095)
[1, 4, 10, 23, 57, 132, 301, 701, 1636, 3761, 8421, 19668]...: 13514139: ACCEPTED IN 25 TRIES, (AVG 540565.56)
[1, 4, 10, 23, 57, 132, 301, 701, 1636, 3761, 8421, 19697]...: 25960251: ACCEPTED IN 48 TRIES, (AVG 540838.5625)
[1, 4, 10, 23, 57, 132, 301, 701, 1636, 3761, 8421, 19698]...: 15137141: ACCEPTED IN 28 TRIES, (AVG 540612.1785714285)
[1, 4, 10, 23, 57, 132, 301, 701, 1636, 3761, 8421, 19699]...: 5937170: ACCEPTED IN 11 TRIES, (AVG 539742.7272727273)
[1, 4, 10, 23, 57, 132, 301, 701, 1636, 3761, 8421, 19701]...: 12430444: ACCEPTED IN 23 TRIES, (AVG 540454.0869565217)
[1, 4, 10, 23, 57, 132, 301, 701, 1636, 3761, 8421, 19703]...: 12432010: ACCEPTED IN 23 TRIES, (AVG 540522.1739130435)
[1, 4, 10, 23, 57, 132, 301, 701, 1636, 3761, 8421, 19729]...: 18925310: ACCEPTED IN 35 TRIES, (AVG 540723.1428571428)
[1, 4, 10, 23, 57, 132, 301, 701, 1636, 3761, 8421, 19733]...: 14054767: ACCEPTED IN 26 TRIES, (AVG 540567.9615384615)
[1, 4, 10, 23, 57, 132, 301, 701, 1636, 3761, 8421, 19734]...: 9724578: ACCEPTED IN 18 TRIES, (AVG 540254.3333333334)
[1, 4, 10, 23, 57, 132, 301, 701, 1636, 3761, 8421, 19738]...: 5935141: ACCEPTED IN 11 TRIES, (AVG 539558.2727272727)
[1, 4, 10, 23, 57, 132, 301, 701, 1636, 3761, 8421, 19765]...: 12972161: ACCEPTED IN 24 TRIES, (AVG 540506.7083333334)
[1, 4, 10, 23, 57, 132, 301, 701, 1636, 3761, 8421, 19766]...: 14055730: ACCEPTED IN 26 TRIES, (AVG 540605.0)
[1, 4, 10, 23, 57, 132, 301, 701, 1636, 3761, 8421, 19767]...: 8644171: ACCEPTED IN 16 TRIES, (AVG 540260.6875)
[1, 4, 10, 23, 57, 132, 301, 701, 1636, 3761, 8421, 19770]...: 4315033: ACCEPTED IN 8 TRIES, (AVG 539379.125)
[1, 4, 10, 23, 57, 132, 301, 701, 1636, 3761, 8421, 19771]...: 25418607: ACCEPTED IN 47 TRIES, (AVG 540821.4255319149)
[1, 4, 10, 23, 57, 132, 301, 701, 1636, 3761, 8421, 19796]...: 27583400: ACCEPTED IN 51 TRIES, (AVG 540850.9803921569)
[1, 4, 10, 23, 57, 132, 301, 701, 1636, 3761, 8421, 19797]...: 19467074: ACCEPTED IN 36 TRIES, (AVG 540752.0555555555)
[1, 4, 10, 23, 57, 132, 301, 701, 1636, 3761, 8421, 19799]...: 86566927: ACCEPTED IN 160 TRIES, (AVG 541043.29375)
[1, 4, 10, 23, 57, 132, 301, 701, 1636, 3761, 8421, 19800]...: 19466161: ACCEPTED IN 36 TRIES, (AVG 540726.6944444445)
[1, 4, 10, 23, 57, 132, 301, 701, 1636, 3761, 8421, 19831]...: 9726594: ACCEPTED IN 18 TRIES, (AVG 540366.3333333334)
[1, 4, 10, 23, 57, 132, 301, 701, 1636, 3761, 8421, 19832]...: 94143440: ACCEPTED IN 174 TRIES, (AVG 541054.2528735632)
[1, 4, 10, 23, 57, 132, 301, 701, 1636, 3761, 8421, 19833]...: 18925394: ACCEPTED IN 35 TRIES, (AVG 540725.5428571429)
[1, 4, 10, 23, 57, 132, 301, 701, 1636, 3761, 8421, 19835]...: 30830172: ACCEPTED IN 57 TRIES, (AVG 540880.2105263158)
[1, 4, 10, 23, 57, 132, 301, 701, 1636, 3761, 8421, 19836]...: 22172416: ACCEPTED IN 41 TRIES, (AVG 540790.6341463415)
[1, 4, 10, 23, 57, 132, 301, 701, 1636, 3761, 8421, 19837]...: 26500840: ACCEPTED IN 49 TRIES, (AVG 540833.4693877551)
[1, 4, 10, 23, 57, 132, 301, 701, 1636, 3761, 8421, 19864]...: 14054063: ACCEPTED IN 26 TRIES, (AVG 540540.8846153846)
[1, 4, 10, 23, 57, 132, 301, 701, 1636, 3761, 8421, 19865]...: 17842958: ACCEPTED IN 33 TRIES, (AVG 540695.696969697)
[1, 4, 10, 23, 57, 132, 301, 701, 1636, 3761, 8421, 19868]...: 25959839: ACCEPTED IN 48 TRIES, (AVG 540829.9791666666)
[1, 4, 10, 23, 57, 132, 301, 701, 1636, 3761, 8421, 19869]...: 8644385: ACCEPTED IN 16 TRIES, (AVG 540274.0625)
[1, 4, 10, 23, 57, 132, 301, 701, 1636, 3761, 8421, 19870]...: 80614548: ACCEPTED IN 149 TRIES, (AVG 541037.2348993289)
[1, 4, 10, 23, 57, 132, 301, 701, 1636, 3761, 8421, 19872]...: 17301742: ACCEPTED IN 32 TRIES, (AVG 540679.4375)
[1, 4, 10, 23, 57, 132, 301, 701, 1636, 3761, 8421, 19896]...: 8101350: ACCEPTED IN 15 TRIES, (AVG 540090.0)
[1, 4, 10, 23, 57, 132, 301, 701, 1636, 3761, 8421, 19898]...: 19466998: ACCEPTED IN 36 TRIES, (AVG 540749.9444444445)
[1, 4, 10, 23, 57, 132, 301, 701, 1636, 3761, 8421, 19899]...: 3774125: ACCEPTED IN 7 TRIES, (AVG 539160.7142857143)
[1, 4, 10, 23, 57, 132, 301, 701, 1636, 3761, 8421, 19903]...: 21630816: ACCEPTED IN 40 TRIES, (AVG 540770.4)
[1, 4, 10, 23, 57, 132, 301, 701, 1636, 3761, 8421, 19931]...: 13514566: ACCEPTED IN 25 TRIES, (AVG 540582.64)
[1, 4, 10, 23, 57, 132, 301, 701, 1636, 3761, 8421, 19932]...: 25417556: ACCEPTED IN 47 TRIES, (AVG 540799.0638297872)
[1, 4, 10, 23, 57, 132, 301, 701, 1636, 3761, 8421, 19935]...: 66545929: ACCEPTED IN 123 TRIES, (AVG 541023.8130081301)
[1, 4, 10, 23, 57, 132, 301, 701, 1636, 3761, 8421, 19936]...: 21631027: ACCEPTED IN 40 TRIES, (AVG 540775.675)
[1, 4, 10, 23, 57, 132, 301, 701, 1636, 3761, 8421, 19963]...: 7560372: ACCEPTED IN 14 TRIES, (AVG 540026.5714285715)
[1, 4, 10, 23, 57, 132, 301, 701, 1636, 3761, 8421, 19965]...: 15675747: ACCEPTED IN 29 TRIES, (AVG 540543.0)
[1, 4, 10, 23, 57, 132, 301, 701, 1636, 3761, 8421, 19967]...: 12432211: ACCEPTED IN 23 TRIES, (AVG 540530.9130434783)
[1, 4, 10, 23, 57, 132, 301, 701, 1636, 3761, 8421, 19968]...: 13514183: ACCEPTED IN 25 TRIES, (AVG 540567.32)
[1, 4, 10, 23, 57, 132, 301, 701, 1636, 3761, 8421, 19969]...: 16219225: ACCEPTED IN 30 TRIES, (AVG 540640.8333333334)
[1, 4, 10, 23, 57, 132, 301, 701, 1636, 3761, 8421, 19971]...: 38405395: ACCEPTED IN 71 TRIES, (AVG 540921.0563380282)
[1, 4, 10, 23, 57, 132, 301, 701, 1636, 3761, 8421, 19997]...: 19467037: ACCEPTED IN 36 TRIES, (AVG 540751.0277777778)
[1, 4, 10, 23, 57, 132, 301, 701, 1636, 3761, 8421, 19998]...: 8103064: ACCEPTED IN 15 TRIES, (AVG 540204.2666666667)
[1, 4, 10, 23, 57, 132, 301, 701, 1636, 3761, 8421, 19999]...: 11349968: ACCEPTED IN 21 TRIES, (AVG 540474.6666666666)
[1, 4, 10, 23, 57, 132, 301, 701, 1636, 3761, 8421, 20000]...: 25418633: ACCEPTED IN 47 TRIES, (AVG 540821.9787234042)
[1, 4, 10, 23, 57, 132, 301, 701, 1636, 3761, 8421, 20001]...: 23795966: ACCEPTED IN 44 TRIES, (AVG 540817.4090909091)
[1, 4, 10, 23, 57, 132, 301, 701, 1636, 3761, 8421, 20002]...: 14054680: ACCEPTED IN 26 TRIES, (AVG 540564.6153846154)
[1, 4, 10, 23, 57, 132, 301, 701, 1636, 3761, 8421, 20004]...: 7561332: ACCEPTED IN 14 TRIES, (AVG 540095.1428571428)
[1, 4, 10, 23, 57, 132, 301, 701, 1636, 3761, 8421, 20030]...: 8643906: ACCEPTED IN 16 TRIES, (AVG 540244.125)
[1, 4, 10, 23, 57, 132, 301, 701, 1636, 3761, 8421, 20034]...: 86567407: ACCEPTED IN 160 TRIES, (AVG 541046.29375)
[1, 4, 10, 23, 57, 132, 301, 701, 1636, 3761, 8421, 20035]...: 15137968: ACCEPTED IN 28 TRIES, (AVG 540641.7142857143)
[1, 4, 10, 23, 57, 132, 301, 701, 1636, 3761, 8421, 20039]...: 14055394: ACCEPTED IN 26 TRIES, (AVG 540592.0769230769)
[1, 4, 10, 23, 57, 132, 301, 701, 1636, 3761, 8421, 20066]...: 11890775: ACCEPTED IN 22 TRIES, (AVG 540489.7727272727)
[1, 4, 10, 23, 57, 132, 301, 701, 1636, 3761, 8421, 20067]...: 26501093: ACCEPTED IN 49 TRIES, (AVG 540838.6326530612)
[1, 4, 10, 23, 57, 132, 301, 701, 1636, 3761, 8421, 20068]...: 24337206: ACCEPTED IN 45 TRIES, (AVG 540826.8)
[1, 4, 10, 23, 57, 132, 301, 701, 1636, 3761, 8421, 20071]...: 20007791: ACCEPTED IN 37 TRIES, (AVG 540751.1081081082)
[1, 4, 10, 23, 57, 132, 301, 701, 1636, 3761, 8421, 20097]...: 20548667: ACCEPTED IN 38 TRIES, (AVG 540754.3947368421)
[1, 4, 10, 23, 57, 132, 301, 701, 1636, 3761, 8421, 20099]...: 21631430: ACCEPTED IN 40 TRIES, (AVG 540785.75)
[1, 4, 10, 23, 57, 132, 301, 701, 1636, 3761, 8421, 20100]...: 19466674: ACCEPTED IN 36 TRIES, (AVG 540740.9444444445)
[1, 4, 10, 23, 57, 132, 301, 701, 1636, 3761, 8421, 20101]...: 45441238: ACCEPTED IN 84 TRIES, (AVG 540967.119047619)
[1, 4, 10, 23, 57, 132, 301, 701, 1636, 3761, 8421, 20103]...: 17843485: ACCEPTED IN 33 TRIES, (AVG 540711.6666666666)
[1, 4, 10, 23, 57, 132, 301, 701, 1636, 3761, 8421, 20129]...: 26501000: ACCEPTED IN 49 TRIES, (AVG 540836.7346938775)
[1, 4, 10, 23, 57, 132, 301, 701, 1636, 3761, 8421, 20132]...: 5937953: ACCEPTED IN 11 TRIES, (AVG 539813.9090909091)
[1, 4, 10, 23, 57, 132, 301, 701, 1636, 3761, 8421, 20133]...: 14054362: ACCEPTED IN 26 TRIES, (AVG 540552.3846153846)
[1, 4, 10, 23, 57, 132, 301, 701, 1636, 3761, 8421, 20134]...: 5396646: ACCEPTED IN 10 TRIES, (AVG 539664.6)
[1, 4, 10, 23, 57, 132, 301, 701, 1636, 3761, 8421, 20136]...: 44900470: ACCEPTED IN 83 TRIES, (AVG 540969.5180722892)
[1, 4, 10, 23, 57, 132, 301, 701, 1636, 3761, 8421, 20137]...: 9185163: ACCEPTED IN 17 TRIES, (AVG 540303.7058823529)
[1, 4, 10, 23, 57, 132, 301, 701, 1636, 3761, 8421, 20138]...: 14054868: ACCEPTED IN 26 TRIES, (AVG 540571.8461538461)
[1, 4, 10, 23, 57, 132, 301, 701, 1636, 3761, 8421, 20165]...: 25419398: ACCEPTED IN 47 TRIES, (AVG 540838.2553191489)
[1, 4, 10, 23, 57, 132, 301, 701, 1636, 3761, 8421, 20166]...: 25418327: ACCEPTED IN 47 TRIES, (AVG 540815.4680851063)
[1, 4, 10, 23, 57, 132, 301, 701, 1636, 3761, 8421, 20167]...: 19467001: ACCEPTED IN 36 TRIES, (AVG 540750.0277777778)
[1, 4, 10, 23, 57, 132, 301, 701, 1636, 3761, 8421, 20169]...: 7020915: ACCEPTED IN 13 TRIES, (AVG 540070.3846153846)
[1, 4, 10, 23, 57, 132, 301, 701, 1636, 3761, 8421, 20170]...: 5937576: ACCEPTED IN 11 TRIES, (AVG 539779.6363636364)
[1, 4, 10, 23, 57, 132, 301, 701, 1636, 3761, 8421, 20197]...: 18383263: ACCEPTED IN 34 TRIES, (AVG 540684.2058823529)
[1, 4, 10, 23, 57, 132, 301, 701, 1636, 3761, 8421, 20199]...: 21631052: ACCEPTED IN 40 TRIES, (AVG 540776.3)
[1, 4, 10, 23, 57, 132, 301, 701, 1636, 3761, 8421, 20200]...: 21089263: ACCEPTED IN 39 TRIES, (AVG 540750.3333333334)
[1, 4, 10, 23, 57, 132, 301, 701, 1636, 3761, 8421, 20205]...: 20548872: ACCEPTED IN 38 TRIES, (AVG 540759.7894736842)
