[1, 4, 10, 23, 57, 132, 301, 701, 1654, 3641, 8094, 18608]...: 41112102: ACCEPTED IN 76 TRIES, (AVG 540948.7105263158)
[1, 4, 10, 23, 57, 132, 301, 701, 1654, 3641, 8094, 18707]...: 10808034: ACCEPTED IN 20 TRIES, (AVG 540401.7)
[1, 4, 10, 23, 57, 132, 301, 701, 1654, 3641, 8094, 18983]...: 10267483: ACCEPTED IN 19 TRIES, (AVG 540393.8421052631)
[1, 4, 10, 23, 57, 132, 301, 701, 1654, 3641, 8094, 19119]...: 9726076: ACCEPTED IN 18 TRIES, (AVG 540337.5555555555)
[1, 4, 10, 23, 57, 132, 301, 701, 1654, 3641, 8094, 19144]...: 13511965: ACCEPTED IN 25 TRIES, (AVG 540478.6)
[1, 4, 10, 23, 57, 132, 301, 701, 1654, 3641, 8094, 19210]...: 111459229: ACCEPTED IN 206 TRIES, (AVG 541064.218446602)
[1, 4, 10, 23, 57, 132, 301, 701, 1654, 3641, 8094, 19247]...: 13514142: ACCEPTED IN 25 TRIES, (AVG 540565.68)
[1, 4, 10, 23, 57, 132, 301, 701, 1654, 3641, 8094, 19305]...: 110918884: ACCEPTED IN 205 TRIES, (AVG 541067.7268292683)
[1, 4, 10, 23, 57, 132, 301, 701, 1654, 3641, 8094, 19342]...: 38947376: ACCEPTED IN 72 TRIES, (AVG 540935.7777777778)
[1, 4, 10, 23, 57, 132, 301, 701, 1654, 3641, 8094, 19379]...: 87649465: ACCEPTED IN 162 TRIES, (AVG 541046.0802469136)
[1, 4, 10, 23, 57, 132, 301, 701, 1654, 3641, 8094, 19396]...: 60051723: ACCEPTED IN 111 TRIES, (AVG 541006.5135135135)
[1, 4, 10, 23, 57, 132, 301, 701, 1654, 3641, 8094, 19408]...: 13512387: ACCEPTED IN 25 TRIES, (AVG 540495.48)
[1, 4, 10, 23, 57, 132, 301, 701, 1654, 3641, 8094, 19420]...: 4313539: ACCEPTED IN 8 TRIES, (AVG 539192.375)
