[1, 4, 10, 23, 57, 132, 301, 701, 1654, 3942, 8986, 19801]...: 107130158: ACCEPTED IN 198 TRIES, (AVG 541061.404040404)
[1, 4, 10, 23, 57, 132, 301, 701, 1654, 3942, 8986, 19805]...: 181265969: ACCEPTED IN 335 TRIES, (AVG 541092.4447761194)
[1, 4, 10, 23, 57, 132, 301, 701, 1654, 3942, 8986, 19838]...: 22712404: ACCEPTED IN 42 TRIES, (AVG 540771.5238095238)
[1, 4, 10, 23, 57, 132, 301, 701, 1654, 3942, 8986, 19846]...: 49229172: ACCEPTED IN 91 TRIES, (AVG 540979.9120879121)
[1, 4, 10, 23, 57, 132, 301, 701, 1654, 3942, 8986, 19867]...: 32453765: ACCEPTED IN 60 TRIES, (AVG 540896.0833333334)
[1, 4, 10, 23, 57, 132, 301, 701, 1654, 3942, 8986, 19904]...: 22713826: ACCEPTED IN 42 TRIES, (AVG 540805.380952381)
[1, 4, 10, 23, 57, 132, 301, 701, 1654, 3942, 8986, 19908]...: 23252934: ACCEPTED IN 43 TRIES, (AVG 540765.9069767442)
[1, 4, 10, 23, 57, 132, 301, 701, 1654, 3942, 8986, 19912]...: 22170352: ACCEPTED IN 41 TRIES, (AVG 540740.2926829269)
[1, 4, 10, 23, 57, 132, 301, 701, 1654, 3942, 8986, 19937]...: 12431287: ACCEPTED IN 23 TRIES, (AVG 540490.7391304348)
[1, 4, 10, 23, 57, 132, 301, 701, 1654, 3942, 8986, 19966]...: 23253191: ACCEPTED IN 43 TRIES, (AVG 540771.8837209302)
[1, 4, 10, 23, 57, 132, 301, 701, 1654, 3942, 8986, 20007]...: 169902469: ACCEPTED IN 314 TRIES, (AVG 541090.6656050956)
[1, 4, 10, 23, 57, 132, 301, 701, 1654, 3942, 8986, 20036]...: 10267166: ACCEPTED IN 19 TRIES, (AVG 540377.1578947369)
[1, 4, 10, 23, 57, 132, 301, 701, 1654, 3942, 8986, 20040]...: 31371093: ACCEPTED IN 58 TRIES, (AVG 540880.9137931034)
[1, 4, 10, 23, 57, 132, 301, 701, 1654, 3942, 8986, 20069]...: 57346574: ACCEPTED IN 106 TRIES, (AVG 541005.4150943396)
[1, 4, 10, 23, 57, 132, 301, 701, 1654, 3942, 8986, 20077]...: 17301427: ACCEPTED IN 32 TRIES, (AVG 540669.59375)
[1, 4, 10, 23, 57, 132, 301, 701, 1654, 3942, 8986, 20081]...: 39486012: ACCEPTED IN 73 TRIES, (AVG 540904.2739726028)
[1, 4, 10, 23, 57, 132, 301, 701, 1654, 3942, 8986, 20098]...: 20005637: ACCEPTED IN 37 TRIES, (AVG 540692.8918918918)
[1, 4, 10, 23, 57, 132, 301, 701, 1654, 3942, 8986, 20102]...: 23253012: ACCEPTED IN 43 TRIES, (AVG 540767.7209302326)
[1, 4, 10, 23, 57, 132, 301, 701, 1654, 3942, 8986, 20110]...: 39488328: ACCEPTED IN 73 TRIES, (AVG 540936.0)
[1, 4, 10, 23, 57, 132, 301, 701, 1654, 3942, 8986, 20114]...: 17840363: ACCEPTED IN 33 TRIES, (AVG 540617.0606060605)
[1, 4, 10, 23, 57, 132, 301, 701, 1654, 3942, 8986, 20135]...: 90355689: ACCEPTED IN 167 TRIES, (AVG 541052.0299401197)
[1, 4, 10, 23, 57, 132, 301, 701, 1654, 3942, 8986, 20139]...: 23254517: ACCEPTED IN 43 TRIES, (AVG 540802.7209302326)
[1, 4, 10, 23, 57, 132, 301, 701, 1654, 3942, 8986, 20151]...: 25960268: ACCEPTED IN 48 TRIES, (AVG 540838.9166666666)
[1, 4, 10, 23, 57, 132, 301, 701, 1654, 3942, 8986, 20168]...: 18925971: ACCEPTED IN 35 TRIES, (AVG 540742.0285714286)
[1, 4, 10, 23, 57, 132, 301, 701, 1654, 3942, 8986, 20172]...: 21631369: ACCEPTED IN 40 TRIES, (AVG 540784.225)
[1, 4, 10, 23, 57, 132, 301, 701, 1654, 3942, 8986, 20176]...: 22171572: ACCEPTED IN 41 TRIES, (AVG 540770.0487804879)
[1, 4, 10, 23, 57, 132, 301, 701, 1654, 3942, 8986, 20201]...: 21090094: ACCEPTED IN 39 TRIES, (AVG 540771.641025641)
[1, 4, 10, 23, 57, 132, 301, 701, 1654, 3942, 8986, 20205]...: 6479380: ACCEPTED IN 12 TRIES, (AVG 539948.3333333334)
[1, 4, 10, 23, 57, 132, 301, 701, 1654, 3942, 8986, 20209]...: 10807799: ACCEPTED IN 20 TRIES, (AVG 540389.95)
[1, 4, 10, 23, 57, 132, 301, 701, 1654, 3942, 8986, 20213]...: 22172752: ACCEPTED IN 41 TRIES, (AVG 540798.8292682926)
[1, 4, 10, 23, 57, 132, 301, 701, 1654, 3942, 8986, 20250]...: 28666147: ACCEPTED IN 53 TRIES, (AVG 540870.6981132076)
[1, 4, 10, 23, 57, 132, 301, 701, 1654, 3942, 8986, 20271]...: 125528351: ACCEPTED IN 232 TRIES, (AVG 541070.4784482758)
[1, 4, 10, 23, 57, 132, 301, 701, 1654, 3942, 8986, 20283]...: 93602147: ACCEPTED IN 173 TRIES, (AVG 541052.87283237)
[1, 4, 10, 23, 57, 132, 301, 701, 1654, 3942, 8986, 20300]...: 17302498: ACCEPTED IN 32 TRIES, (AVG 540703.0625)
[1, 4, 10, 23, 57, 132, 301, 701, 1654, 3942, 8986, 20304]...: 20007161: ACCEPTED IN 37 TRIES, (AVG 540734.0810810811)
[1, 4, 10, 23, 57, 132, 301, 701, 1654, 3942, 8986, 20308]...: 36781217: ACCEPTED IN 68 TRIES, (AVG 540900.25)
[1, 4, 10, 23, 57, 132, 301, 701, 1654, 3942, 8986, 20337]...: 49228973: ACCEPTED IN 91 TRIES, (AVG 540977.7252747252)
[1, 4, 10, 23, 57, 132, 301, 701, 1654, 3942, 8986, 20341]...: 25419578: ACCEPTED IN 47 TRIES, (AVG 540842.085106383)
[1, 4, 10, 23, 57, 132, 301, 701, 1654, 3942, 8986, 20345]...: 27583841: ACCEPTED IN 51 TRIES, (AVG 540859.6274509804)
[1, 4, 10, 23, 57, 132, 301, 701, 1654, 3942, 8986, 20370]...: 12431766: ACCEPTED IN 23 TRIES, (AVG 540511.5652173914)
[1, 4, 10, 23, 57, 132, 301, 701, 1654, 3942, 8986, 20374]...: 35158560: ACCEPTED IN 65 TRIES, (AVG 540900.9230769231)
[1, 4, 10, 23, 57, 132, 301, 701, 1654, 3942, 8986, 20378]...: 34077430: ACCEPTED IN 63 TRIES, (AVG 540911.5873015873)
[1, 4, 10, 23, 57, 132, 301, 701, 1654, 3942, 8986, 20382]...: 44358965: ACCEPTED IN 82 TRIES, (AVG 540962.987804878)
[1, 4, 10, 23, 57, 132, 301, 701, 1654, 3942, 8986, 20399]...: 49229362: ACCEPTED IN 91 TRIES, (AVG 540982.0)
[1, 4, 10, 23, 57, 132, 301, 701, 1654, 3942, 8986, 20403]...: 10267424: ACCEPTED IN 19 TRIES, (AVG 540390.7368421053)
[1, 4, 10, 23, 57, 132, 301, 701, 1654, 3942, 8986, 20436]...: 7020956: ACCEPTED IN 13 TRIES, (AVG 540073.5384615385)
[1, 4, 10, 23, 57, 132, 301, 701, 1654, 3942, 8986, 20440]...: 35699655: ACCEPTED IN 66 TRIES, (AVG 540903.8636363636)
[1, 4, 10, 23, 57, 132, 301, 701, 1654, 3942, 8986, 20469]...: 29748158: ACCEPTED IN 55 TRIES, (AVG 540875.6)
[1, 4, 10, 23, 57, 132, 301, 701, 1654, 3942, 8986, 20473]...: 3231547: ACCEPTED IN 6 TRIES, (AVG 538591.1666666666)
[1, 4, 10, 23, 57, 132, 301, 701, 1654, 3942, 8986, 20477]...: 7562101: ACCEPTED IN 14 TRIES, (AVG 540150.0714285715)
[1, 4, 10, 23, 57, 132, 301, 701, 1654, 3942, 8986, 20502]...: 29207372: ACCEPTED IN 54 TRIES, (AVG 540877.2592592592)
[1, 4, 10, 23, 57, 132, 301, 701, 1654, 3942, 8986, 20506]...: 18925705: ACCEPTED IN 35 TRIES, (AVG 540734.4285714285)
[1, 4, 10, 23, 57, 132, 301, 701, 1654, 3942, 8986, 20510]...: 7561579: ACCEPTED IN 14 TRIES, (AVG 540112.7857142857)
[1, 4, 10, 23, 57, 132, 301, 701, 1654, 3942, 8986, 20514]...: 72498310: ACCEPTED IN 134 TRIES, (AVG 541032.1641791045)
[1, 4, 10, 23, 57, 132, 301, 701, 1654, 3942, 8986, 20535]...: 36782660: ACCEPTED IN 68 TRIES, (AVG 540921.4705882353)
[1, 4, 10, 23, 57, 132, 301, 701, 1654, 3942, 8986, 20547]...: 14596022: ACCEPTED IN 27 TRIES, (AVG 540593.4074074074)
[1, 4, 10, 23, 57, 132, 301, 701, 1654, 3942, 8986, 20551]...: 17843584: ACCEPTED IN 33 TRIES, (AVG 540714.6666666666)
[1, 4, 10, 23, 57, 132, 301, 701, 1654, 3942, 8986, 20568]...: 22713309: ACCEPTED IN 42 TRIES, (AVG 540793.0714285715)
[1, 4, 10, 23, 57, 132, 301, 701, 1654, 3942, 8986, 20605]...: 11890566: ACCEPTED IN 22 TRIES, (AVG 540480.2727272727)
[1, 4, 10, 23, 57, 132, 301, 701, 1654, 3942, 8986, 20638]...: 23254954: ACCEPTED IN 43 TRIES, (AVG 540812.8837209302)
[1, 4, 10, 23, 57, 132, 301, 701, 1654, 3942, 8986, 20642]...: 41653036: ACCEPTED IN 77 TRIES, (AVG 540948.5194805195)
[1, 4, 10, 23, 57, 132, 301, 701, 1654, 3942, 8986, 20667]...: 20007717: ACCEPTED IN 37 TRIES, (AVG 540749.1081081082)
[1, 4, 10, 23, 57, 132, 301, 701, 1654, 3942, 8986, 20671]...: 19466420: ACCEPTED IN 36 TRIES, (AVG 540733.8888888889)
[1, 4, 10, 23, 57, 132, 301, 701, 1654, 3942, 8986, 20679]...: 20007277: ACCEPTED IN 37 TRIES, (AVG 540737.2162162162)
[1, 4, 10, 23, 57, 132, 301, 701, 1654, 3942, 8986, 20683]...: 5938083: ACCEPTED IN 11 TRIES, (AVG 539825.7272727273)
[1, 4, 10, 23, 57, 132, 301, 701, 1654, 3942, 8986, 20700]...: 16219524: ACCEPTED IN 30 TRIES, (AVG 540650.8)
[1, 4, 10, 23, 57, 132, 301, 701, 1654, 3942, 8986, 20737]...: 20007784: ACCEPTED IN 37 TRIES, (AVG 540750.9189189189)
[1, 4, 10, 23, 57, 132, 301, 701, 1654, 3942, 8986, 20741]...: 14055196: ACCEPTED IN 26 TRIES, (AVG 540584.4615384615)
[1, 4, 10, 23, 57, 132, 301, 701, 1654, 3942, 8986, 20770]...: 43817981: ACCEPTED IN 81 TRIES, (AVG 540962.7283950617)
[1, 4, 10, 23, 57, 132, 301, 701, 1654, 3942, 8986, 20774]...: 7019218: ACCEPTED IN 13 TRIES, (AVG 539939.8461538461)
[1, 4, 10, 23, 57, 132, 301, 701, 1654, 3942, 8986, 20778]...: 7020666: ACCEPTED IN 13 TRIES, (AVG 540051.2307692308)
[1, 4, 10, 23, 57, 132, 301, 701, 1654, 3942, 8986, 20799]...: 7020144: ACCEPTED IN 13 TRIES, (AVG 540011.0769230769)
[1, 4, 10, 23, 57, 132, 301, 701, 1654, 3942, 8986, 20803]...: 17302053: ACCEPTED IN 32 TRIES, (AVG 540689.15625)
[1, 4, 10, 23, 57, 132, 301, 701, 1654, 3942, 8986, 20811]...: 3232716: ACCEPTED IN 6 TRIES, (AVG 538786.0)
[1, 4, 10, 23, 57, 132, 301, 701, 1654, 3942, 8986, 20815]...: 28666355: ACCEPTED IN 53 TRIES, (AVG 540874.6226415094)
[1, 4, 10, 23, 57, 132, 301, 701, 1654, 3942, 8986, 20852]...: 18384299: ACCEPTED IN 34 TRIES, (AVG 540714.6764705882)
[1, 4, 10, 23, 57, 132, 301, 701, 1654, 3942, 8986, 20869]...: 15136789: ACCEPTED IN 28 TRIES, (AVG 540599.6071428572)
[1, 4, 10, 23, 57, 132, 301, 701, 1654, 3942, 8986, 20902]...: 20547382: ACCEPTED IN 38 TRIES, (AVG 540720.5789473684)
[1, 4, 10, 23, 57, 132, 301, 701, 1654, 3942, 8986, 20910]...: 18924631: ACCEPTED IN 35 TRIES, (AVG 540703.7428571428)
[1, 4, 10, 23, 57, 132, 301, 701, 1654, 3942, 8986, 20943]...: 38406715: ACCEPTED IN 71 TRIES, (AVG 540939.647887324)
[1, 4, 10, 23, 57, 132, 301, 701, 1654, 3942, 8986, 20947]...: 48685703: ACCEPTED IN 90 TRIES, (AVG 540952.2555555556)
[1, 4, 10, 23, 57, 132, 301, 701, 1654, 3942, 8986, 20972]...: 16220228: ACCEPTED IN 30 TRIES, (AVG 540674.2666666667)
[1, 4, 10, 23, 57, 132, 301, 701, 1654, 3942, 8986, 20984]...: 45981093: ACCEPTED IN 85 TRIES, (AVG 540954.0352941176)
[1, 4, 10, 23, 57, 132, 301, 701, 1654, 3942, 8986, 21001]...: 18925682: ACCEPTED IN 35 TRIES, (AVG 540733.7714285714)
[1, 4, 10, 23, 57, 132, 301, 701, 1654, 3942, 8986, 21038]...: 6479481: ACCEPTED IN 12 TRIES, (AVG 539956.75)
[1, 4, 10, 23, 57, 132, 301, 701, 1654, 3942, 8986, 21042]...: 34076528: ACCEPTED IN 63 TRIES, (AVG 540897.2698412698)
[1, 4, 10, 23, 57, 132, 301, 701, 1654, 3942, 8986, 21071]...: 16760121: ACCEPTED IN 31 TRIES, (AVG 540649.0645161291)
[1, 4, 10, 23, 57, 132, 301, 701, 1654, 3942, 8986, 21075]...: 25959969: ACCEPTED IN 48 TRIES, (AVG 540832.6875)
[1, 4, 10, 23, 57, 132, 301, 701, 1654, 3942, 8986, 21116]...: 107672166: ACCEPTED IN 199 TRIES, (AVG 541066.1608040201)
[1, 4, 10, 23, 57, 132, 301, 701, 1654, 3942, 8986, 21170]...: 33534739: ACCEPTED IN 62 TRIES, (AVG 540882.8870967742)
[1, 4, 10, 23, 57, 132, 301, 701, 1654, 3942, 8986, 21203]...: 5938456: ACCEPTED IN 11 TRIES, (AVG 539859.6363636364)
[1, 4, 10, 23, 57, 132, 301, 701, 1654, 3942, 8986, 21207]...: 34075307: ACCEPTED IN 63 TRIES, (AVG 540877.8888888889)
[1, 4, 10, 23, 57, 132, 301, 701, 1654, 3942, 8986, 21211]...: 17302109: ACCEPTED IN 32 TRIES, (AVG 540690.90625)
[1, 4, 10, 23, 57, 132, 301, 701, 1654, 3942, 8986, 21236]...: 37324144: ACCEPTED IN 69 TRIES, (AVG 540929.6231884058)
[1, 4, 10, 23, 57, 132, 301, 701, 1654, 3942, 8986, 21248]...: 20548874: ACCEPTED IN 38 TRIES, (AVG 540759.8421052631)
[1, 4, 10, 23, 57, 132, 301, 701, 1654, 3942, 8986, 21302]...: 23254724: ACCEPTED IN 43 TRIES, (AVG 540807.5348837209)
[1, 4, 10, 23, 57, 132, 301, 701, 1654, 3942, 8986, 21339]...: 29205440: ACCEPTED IN 54 TRIES, (AVG 540841.4814814815)
[1, 4, 10, 23, 57, 132, 301, 701, 1654, 3942, 8986, 21343]...: 20005964: ACCEPTED IN 37 TRIES, (AVG 540701.7297297297)
[1, 4, 10, 23, 57, 132, 301, 701, 1654, 3942, 8986, 21368]...: 18383945: ACCEPTED IN 34 TRIES, (AVG 540704.2647058824)
[1, 4, 10, 23, 57, 132, 301, 701, 1654, 3942, 8986, 21372]...: 4854317: ACCEPTED IN 9 TRIES, (AVG 539368.5555555555)
[1, 4, 10, 23, 57, 132, 301, 701, 1654, 3942, 8986, 21380]...: 33536259: ACCEPTED IN 62 TRIES, (AVG 540907.4032258064)
[1, 4, 10, 23, 57, 132, 301, 701, 1654, 3942, 8986, 21471]...: 16217654: ACCEPTED IN 30 TRIES, (AVG 540588.4666666667)
[1, 4, 10, 23, 57, 132, 301, 701, 1654, 3942, 8986, 21500]...: 16220207: ACCEPTED IN 30 TRIES, (AVG 540673.5666666667)
[1, 4, 10, 23, 57, 132, 301, 701, 1654, 3942, 8986, 21504]...: 14054444: ACCEPTED IN 26 TRIES, (AVG 540555.5384615385)
[1, 4, 10, 23, 57, 132, 301, 701, 1654, 3942, 8986, 21512]...: 7020663: ACCEPTED IN 13 TRIES, (AVG 540051.0)
