[1, 4, 10, 23, 57, 132, 301, 701, 1654, 3942, 9027, 19891]...: 20547886: ACCEPTED IN 38 TRIES, (AVG 540733.8421052631)
[1, 4, 10, 23, 57, 132, 301, 701, 1654, 3942, 9027, 19990]...: 7560362: ACCEPTED IN 14 TRIES, (AVG 540025.8571428572)
[1, 4, 10, 23, 57, 132, 301, 701, 1654, 3942, 9027, 20023]...: 12973434: ACCEPTED IN 24 TRIES, (AVG 540559.75)
[1, 4, 10, 23, 57, 132, 301, 701, 1654, 3942, 9027, 20089]...: 8102313: ACCEPTED IN 15 TRIES, (AVG 540154.2)
[1, 4, 10, 23, 57, 132, 301, 701, 1654, 3942, 9027, 20122]...: 11889760: ACCEPTED IN 22 TRIES, (AVG 540443.6363636364)
[1, 4, 10, 23, 57, 132, 301, 701, 1654, 3942, 9027, 20192]...: 7020544: ACCEPTED IN 13 TRIES, (AVG 540041.8461538461)
[1, 4, 10, 23, 57, 132, 301, 701, 1654, 3942, 9027, 20221]...: 14053491: ACCEPTED IN 26 TRIES, (AVG 540518.8846153846)
[1, 4, 10, 23, 57, 132, 301, 701, 1654, 3942, 9027, 20291]...: 10266076: ACCEPTED IN 19 TRIES, (AVG 540319.7894736842)
[1, 4, 10, 23, 57, 132, 301, 701, 1654, 3942, 9027, 20324]...: 8103098: ACCEPTED IN 15 TRIES, (AVG 540206.5333333333)
[1, 4, 10, 23, 57, 132, 301, 701, 1654, 3942, 9027, 20390]...: 10265600: ACCEPTED IN 19 TRIES, (AVG 540294.7368421053)
[1, 4, 10, 23, 57, 132, 301, 701, 1654, 3942, 9027, 20423]...: 11350028: ACCEPTED IN 21 TRIES, (AVG 540477.5238095238)
[1, 4, 10, 23, 57, 132, 301, 701, 1654, 3942, 9027, 20522]...: 12431127: ACCEPTED IN 23 TRIES, (AVG 540483.7826086957)
[1, 4, 10, 23, 57, 132, 301, 701, 1654, 3942, 9027, 20592]...: 12972834: ACCEPTED IN 24 TRIES, (AVG 540534.75)
[1, 4, 10, 23, 57, 132, 301, 701, 1654, 3942, 9027, 20691]...: 12430642: ACCEPTED IN 23 TRIES, (AVG 540462.695652174)
[1, 4, 10, 23, 57, 132, 301, 701, 1654, 3942, 9027, 20724]...: 16761235: ACCEPTED IN 31 TRIES, (AVG 540685.0)
[1, 4, 10, 23, 57, 132, 301, 701, 1654, 3942, 9027, 20823]...: 10807830: ACCEPTED IN 20 TRIES, (AVG 540391.5)
[1, 4, 10, 23, 57, 132, 301, 701, 1654, 3942, 9027, 20893]...: 10267435: ACCEPTED IN 19 TRIES, (AVG 540391.3157894737)
[1, 4, 10, 23, 57, 132, 301, 701, 1654, 3942, 9027, 20992]...: 11349362: ACCEPTED IN 21 TRIES, (AVG 540445.8095238095)
[1, 4, 10, 23, 57, 132, 301, 701, 1654, 3942, 9027, 21025]...: 12430250: ACCEPTED IN 23 TRIES, (AVG 540445.6521739131)
[1, 4, 10, 23, 57, 132, 301, 701, 1654, 3942, 9027, 21124]...: 11888625: ACCEPTED IN 22 TRIES, (AVG 540392.0454545454)
[1, 4, 10, 23, 57, 132, 301, 701, 1654, 3942, 9027, 21293]...: 15137688: ACCEPTED IN 28 TRIES, (AVG 540631.7142857143)
[1, 4, 10, 23, 57, 132, 301, 701, 1654, 3942, 9027, 21425]...: 7561641: ACCEPTED IN 14 TRIES, (AVG 540117.2142857143)
[1, 4, 10, 23, 57, 132, 301, 701, 1654, 3942, 9027, 21594]...: 7017873: ACCEPTED IN 13 TRIES, (AVG 539836.3846153846)
