[1, 4, 10, 23, 57, 132, 301, 701, 1654, 3640, 8667, 19152]...: 12972439: ACCEPTED IN 24 TRIES, (AVG 540518.2916666666)
[1, 4, 10, 23, 57, 132, 301, 701, 1654, 3640, 8667, 19164]...: 12971871: ACCEPTED IN 24 TRIES, (AVG 540494.625)
[1, 4, 10, 23, 57, 132, 301, 701, 1654, 3640, 8667, 19189]...: 40571298: ACCEPTED IN 75 TRIES, (AVG 540950.64)
[1, 4, 10, 23, 57, 132, 301, 701, 1654, 3640, 8667, 19193]...: 37322520: ACCEPTED IN 69 TRIES, (AVG 540906.0869565217)
[1, 4, 10, 23, 57, 132, 301, 701, 1654, 3640, 8667, 19226]...: 29207026: ACCEPTED IN 54 TRIES, (AVG 540870.8518518518)
[1, 4, 10, 23, 57, 132, 301, 701, 1654, 3640, 8667, 19230]...: 11349716: ACCEPTED IN 21 TRIES, (AVG 540462.6666666666)
[1, 4, 10, 23, 57, 132, 301, 701, 1654, 3640, 8667, 19284]...: 31371281: ACCEPTED IN 58 TRIES, (AVG 540884.1551724138)
[1, 4, 10, 23, 57, 132, 301, 701, 1654, 3640, 8667, 19296]...: 28124097: ACCEPTED IN 52 TRIES, (AVG 540848.0192307692)
[1, 4, 10, 23, 57, 132, 301, 701, 1654, 3640, 8667, 19321]...: 11890070: ACCEPTED IN 22 TRIES, (AVG 540457.7272727273)
[1, 4, 10, 23, 57, 132, 301, 701, 1654, 3640, 8667, 19325]...: 58968125: ACCEPTED IN 109 TRIES, (AVG 540991.9724770642)
[1, 4, 10, 23, 57, 132, 301, 701, 1654, 3640, 8667, 19358]...: 39487470: ACCEPTED IN 73 TRIES, (AVG 540924.2465753425)
[1, 4, 10, 23, 57, 132, 301, 701, 1654, 3640, 8667, 19362]...: 36242117: ACCEPTED IN 67 TRIES, (AVG 540927.1194029851)
[1, 4, 10, 23, 57, 132, 301, 701, 1654, 3640, 8667, 19416]...: 28665617: ACCEPTED IN 53 TRIES, (AVG 540860.6981132076)
[1, 4, 10, 23, 57, 132, 301, 701, 1654, 3640, 8667, 19453]...: 41111067: ACCEPTED IN 76 TRIES, (AVG 540935.0921052631)
[1, 4, 10, 23, 57, 132, 301, 701, 1654, 3640, 8667, 19457]...: 5937199: ACCEPTED IN 11 TRIES, (AVG 539745.3636363636)
[1, 4, 10, 23, 57, 132, 301, 701, 1654, 3640, 8667, 19490]...: 35700705: ACCEPTED IN 66 TRIES, (AVG 540919.7727272727)
[1, 4, 10, 23, 57, 132, 301, 701, 1654, 3640, 8667, 19494]...: 15678966: ACCEPTED IN 29 TRIES, (AVG 540654.0)
[1, 4, 10, 23, 57, 132, 301, 701, 1654, 3640, 8667, 19527]...: 39489089: ACCEPTED IN 73 TRIES, (AVG 540946.4246575342)
[1, 4, 10, 23, 57, 132, 301, 701, 1654, 3640, 8667, 19531]...: 19466392: ACCEPTED IN 36 TRIES, (AVG 540733.1111111111)
[1, 4, 10, 23, 57, 132, 301, 701, 1654, 3640, 8667, 19548]...: 51393554: ACCEPTED IN 95 TRIES, (AVG 540984.7789473684)
[1, 4, 10, 23, 57, 132, 301, 701, 1654, 3640, 8667, 19585]...: 12971476: ACCEPTED IN 24 TRIES, (AVG 540478.1666666666)
[1, 4, 10, 23, 57, 132, 301, 701, 1654, 3640, 8667, 19589]...: 24337111: ACCEPTED IN 45 TRIES, (AVG 540824.6888888889)
[1, 4, 10, 23, 57, 132, 301, 701, 1654, 3640, 8667, 19622]...: 25959968: ACCEPTED IN 48 TRIES, (AVG 540832.6666666666)
[1, 4, 10, 23, 57, 132, 301, 701, 1654, 3640, 8667, 19626]...: 11348713: ACCEPTED IN 21 TRIES, (AVG 540414.9047619047)
[1, 4, 10, 23, 57, 132, 301, 701, 1654, 3640, 8667, 19630]...: 35158990: ACCEPTED IN 65 TRIES, (AVG 540907.5384615385)
[1, 4, 10, 23, 57, 132, 301, 701, 1654, 3640, 8667, 19659]...: 28665126: ACCEPTED IN 53 TRIES, (AVG 540851.4339622641)
[1, 4, 10, 23, 57, 132, 301, 701, 1654, 3640, 8667, 19663]...: 22170995: ACCEPTED IN 41 TRIES, (AVG 540755.9756097561)
[1, 4, 10, 23, 57, 132, 301, 701, 1654, 3640, 8667, 19717]...: 11890001: ACCEPTED IN 22 TRIES, (AVG 540454.5909090909)
[1, 4, 10, 23, 57, 132, 301, 701, 1654, 3640, 8667, 19721]...: 41652601: ACCEPTED IN 77 TRIES, (AVG 540942.8701298701)
[1, 4, 10, 23, 57, 132, 301, 701, 1654, 3640, 8667, 19754]...: 35698190: ACCEPTED IN 66 TRIES, (AVG 540881.6666666666)
[1, 4, 10, 23, 57, 132, 301, 701, 1654, 3640, 8667, 19758]...: 24337239: ACCEPTED IN 45 TRIES, (AVG 540827.5333333333)
[1, 4, 10, 23, 57, 132, 301, 701, 1654, 3640, 8667, 19762]...: 10266633: ACCEPTED IN 19 TRIES, (AVG 540349.1052631579)
[1, 4, 10, 23, 57, 132, 301, 701, 1654, 3640, 8667, 19791]...: 10808072: ACCEPTED IN 20 TRIES, (AVG 540403.6)
[1, 4, 10, 23, 57, 132, 301, 701, 1654, 3640, 8667, 19795]...: 17301919: ACCEPTED IN 32 TRIES, (AVG 540684.96875)
[1, 4, 10, 23, 57, 132, 301, 701, 1654, 3640, 8667, 19828]...: 12973194: ACCEPTED IN 24 TRIES, (AVG 540549.75)
[1, 4, 10, 23, 57, 132, 301, 701, 1654, 3640, 8667, 19832]...: 35700078: ACCEPTED IN 66 TRIES, (AVG 540910.2727272727)
[1, 4, 10, 23, 57, 132, 301, 701, 1654, 3640, 8667, 19849]...: 9725588: ACCEPTED IN 18 TRIES, (AVG 540310.4444444445)
[1, 4, 10, 23, 57, 132, 301, 701, 1654, 3640, 8667, 19853]...: 24877687: ACCEPTED IN 46 TRIES, (AVG 540819.2826086957)
[1, 4, 10, 23, 57, 132, 301, 701, 1654, 3640, 8667, 19886]...: 37323778: ACCEPTED IN 69 TRIES, (AVG 540924.3188405797)
[1, 4, 10, 23, 57, 132, 301, 701, 1654, 3640, 8667, 19890]...: 10808564: ACCEPTED IN 20 TRIES, (AVG 540428.2)
[1, 4, 10, 23, 57, 132, 301, 701, 1654, 3640, 8667, 19894]...: 14596723: ACCEPTED IN 27 TRIES, (AVG 540619.3703703703)
[1, 4, 10, 23, 57, 132, 301, 701, 1654, 3640, 8667, 19923]...: 12430991: ACCEPTED IN 23 TRIES, (AVG 540477.8695652174)
[1, 4, 10, 23, 57, 132, 301, 701, 1654, 3640, 8667, 19927]...: 17301329: ACCEPTED IN 32 TRIES, (AVG 540666.53125)
[1, 4, 10, 23, 57, 132, 301, 701, 1654, 3640, 8667, 19931]...: 11890856: ACCEPTED IN 22 TRIES, (AVG 540493.4545454546)
[1, 4, 10, 23, 57, 132, 301, 701, 1654, 3640, 8667, 19960]...: 28124657: ACCEPTED IN 52 TRIES, (AVG 540858.7884615385)
[1, 4, 10, 23, 57, 132, 301, 701, 1654, 3640, 8667, 19964]...: 18925813: ACCEPTED IN 35 TRIES, (AVG 540737.5142857142)
[1, 4, 10, 23, 57, 132, 301, 701, 1654, 3640, 8667, 19985]...: 10267627: ACCEPTED IN 19 TRIES, (AVG 540401.4210526316)
[1, 4, 10, 23, 57, 132, 301, 701, 1654, 3640, 8667, 20018]...: 25418306: ACCEPTED IN 47 TRIES, (AVG 540815.0212765958)
[1, 4, 10, 23, 57, 132, 301, 701, 1654, 3640, 8667, 20022]...: 29748313: ACCEPTED IN 55 TRIES, (AVG 540878.4181818182)
[1, 4, 10, 23, 57, 132, 301, 701, 1654, 3640, 8667, 20026]...: 20549289: ACCEPTED IN 38 TRIES, (AVG 540770.7631578947)
[1, 4, 10, 23, 57, 132, 301, 701, 1654, 3640, 8667, 20055]...: 24877997: ACCEPTED IN 46 TRIES, (AVG 540826.0217391305)
[1, 4, 10, 23, 57, 132, 301, 701, 1654, 3640, 8667, 20059]...: 10266480: ACCEPTED IN 19 TRIES, (AVG 540341.052631579)
[1, 4, 10, 23, 57, 132, 301, 701, 1654, 3640, 8667, 20063]...: 17843418: ACCEPTED IN 33 TRIES, (AVG 540709.6363636364)
[1, 4, 10, 23, 57, 132, 301, 701, 1654, 3640, 8667, 20092]...: 10807335: ACCEPTED IN 20 TRIES, (AVG 540366.75)
[1, 4, 10, 23, 57, 132, 301, 701, 1654, 3640, 8667, 20096]...: 12972581: ACCEPTED IN 24 TRIES, (AVG 540524.2083333334)
[1, 4, 10, 23, 57, 132, 301, 701, 1654, 3640, 8667, 20117]...: 10808654: ACCEPTED IN 20 TRIES, (AVG 540432.7)
[1, 4, 10, 23, 57, 132, 301, 701, 1654, 3640, 8667, 20129]...: 7560969: ACCEPTED IN 14 TRIES, (AVG 540069.2142857143)
[1, 4, 10, 23, 57, 132, 301, 701, 1654, 3640, 8667, 20133]...: 11349119: ACCEPTED IN 21 TRIES, (AVG 540434.2380952381)
[1, 4, 10, 23, 57, 132, 301, 701, 1654, 3640, 8667, 20150]...: 20545629: ACCEPTED IN 38 TRIES, (AVG 540674.447368421)
[1, 4, 10, 23, 57, 132, 301, 701, 1654, 3640, 8667, 20154]...: 12971134: ACCEPTED IN 24 TRIES, (AVG 540463.9166666666)
[1, 4, 10, 23, 57, 132, 301, 701, 1654, 3640, 8667, 20158]...: 11346579: ACCEPTED IN 21 TRIES, (AVG 540313.2857142857)
[1, 4, 10, 23, 57, 132, 301, 701, 1654, 3640, 8667, 20187]...: 6478344: ACCEPTED IN 12 TRIES, (AVG 539862.0)
[1, 4, 10, 23, 57, 132, 301, 701, 1654, 3640, 8667, 20191]...: 11347256: ACCEPTED IN 21 TRIES, (AVG 540345.5238095238)
[1, 4, 10, 23, 57, 132, 301, 701, 1654, 3640, 8667, 20195]...: 7560519: ACCEPTED IN 14 TRIES, (AVG 540037.0714285715)
[1, 4, 10, 23, 57, 132, 301, 701, 1654, 3640, 8667, 20224]...: 10265976: ACCEPTED IN 19 TRIES, (AVG 540314.5263157894)
[1, 4, 10, 23, 57, 132, 301, 701, 1654, 3640, 8667, 20228]...: 7019718: ACCEPTED IN 13 TRIES, (AVG 539978.3076923077)
[1, 4, 10, 23, 57, 132, 301, 701, 1654, 3640, 8667, 20232]...: 11888712: ACCEPTED IN 22 TRIES, (AVG 540396.0)
[1, 4, 10, 23, 57, 132, 301, 701, 1654, 3640, 8667, 20249]...: 7019868: ACCEPTED IN 13 TRIES, (AVG 539989.8461538461)
[1, 4, 10, 23, 57, 132, 301, 701, 1654, 3640, 8667, 20261]...: 5937940: ACCEPTED IN 11 TRIES, (AVG 539812.7272727273)
[1, 4, 10, 23, 57, 132, 301, 701, 1654, 3640, 8667, 20265]...: 11890891: ACCEPTED IN 22 TRIES, (AVG 540495.0454545454)
[1, 4, 10, 23, 57, 132, 301, 701, 1654, 3640, 8667, 20278]...: 10808222: ACCEPTED IN 20 TRIES, (AVG 540411.1)
[1, 4, 10, 23, 57, 132, 301, 701, 1654, 3640, 8667, 20286]...: 14055403: ACCEPTED IN 26 TRIES, (AVG 540592.4230769231)
[1, 4, 10, 23, 57, 132, 301, 701, 1654, 3640, 8667, 20290]...: 5936462: ACCEPTED IN 11 TRIES, (AVG 539678.3636363636)
[1, 4, 10, 23, 57, 132, 301, 701, 1654, 3640, 8667, 20319]...: 10807582: ACCEPTED IN 20 TRIES, (AVG 540379.1)
[1, 4, 10, 23, 57, 132, 301, 701, 1654, 3640, 8667, 20323]...: 10265694: ACCEPTED IN 19 TRIES, (AVG 540299.6842105263)
[1, 4, 10, 23, 57, 132, 301, 701, 1654, 3640, 8667, 20327]...: 10266059: ACCEPTED IN 19 TRIES, (AVG 540318.8947368421)
[1, 4, 10, 23, 57, 132, 301, 701, 1654, 3640, 8667, 20356]...: 10266990: ACCEPTED IN 19 TRIES, (AVG 540367.8947368421)
[1, 4, 10, 23, 57, 132, 301, 701, 1654, 3640, 8667, 20360]...: 10266335: ACCEPTED IN 19 TRIES, (AVG 540333.4210526316)
[1, 4, 10, 23, 57, 132, 301, 701, 1654, 3640, 8667, 20364]...: 11890661: ACCEPTED IN 22 TRIES, (AVG 540484.5909090909)
[1, 4, 10, 23, 57, 132, 301, 701, 1654, 3640, 8667, 20393]...: 15679066: ACCEPTED IN 29 TRIES, (AVG 540657.448275862)
[1, 4, 10, 23, 57, 132, 301, 701, 1654, 3640, 8667, 20397]...: 12972059: ACCEPTED IN 24 TRIES, (AVG 540502.4583333334)
[1, 4, 10, 23, 57, 132, 301, 701, 1654, 3640, 8667, 20410]...: 11349953: ACCEPTED IN 21 TRIES, (AVG 540473.9523809524)
[1, 4, 10, 23, 57, 132, 301, 701, 1654, 3640, 8667, 20418]...: 35700887: ACCEPTED IN 66 TRIES, (AVG 540922.5303030303)
[1, 4, 10, 23, 57, 132, 301, 701, 1654, 3640, 8667, 20422]...: 11890892: ACCEPTED IN 22 TRIES, (AVG 540495.0909090909)
[1, 4, 10, 23, 57, 132, 301, 701, 1654, 3640, 8667, 20430]...: 12972539: ACCEPTED IN 24 TRIES, (AVG 540522.4583333334)
[1, 4, 10, 23, 57, 132, 301, 701, 1654, 3640, 8667, 20451]...: 13514532: ACCEPTED IN 25 TRIES, (AVG 540581.28)
[1, 4, 10, 23, 57, 132, 301, 701, 1654, 3640, 8667, 20455]...: 12971074: ACCEPTED IN 24 TRIES, (AVG 540461.4166666666)
[1, 4, 10, 23, 57, 132, 301, 701, 1654, 3640, 8667, 20459]...: 11890185: ACCEPTED IN 22 TRIES, (AVG 540462.9545454546)
[1, 4, 10, 23, 57, 132, 301, 701, 1654, 3640, 8667, 20488]...: 10808887: ACCEPTED IN 20 TRIES, (AVG 540444.35)
[1, 4, 10, 23, 57, 132, 301, 701, 1654, 3640, 8667, 20492]...: 5396661: ACCEPTED IN 10 TRIES, (AVG 539666.1)
[1, 4, 10, 23, 57, 132, 301, 701, 1654, 3640, 8667, 20496]...: 10267539: ACCEPTED IN 19 TRIES, (AVG 540396.7894736842)
[1, 4, 10, 23, 57, 132, 301, 701, 1654, 3640, 8667, 20525]...: 13514393: ACCEPTED IN 25 TRIES, (AVG 540575.72)
[1, 4, 10, 23, 57, 132, 301, 701, 1654, 3640, 8667, 20529]...: 10808040: ACCEPTED IN 20 TRIES, (AVG 540402.0)
[1, 4, 10, 23, 57, 132, 301, 701, 1654, 3640, 8667, 20533]...: 11349715: ACCEPTED IN 21 TRIES, (AVG 540462.619047619)
[1, 4, 10, 23, 57, 132, 301, 701, 1654, 3640, 8667, 20542]...: 11349184: ACCEPTED IN 21 TRIES, (AVG 540437.3333333334)
[1, 4, 10, 23, 57, 132, 301, 701, 1654, 3640, 8667, 20550]...: 23254864: ACCEPTED IN 43 TRIES, (AVG 540810.7906976744)
[1, 4, 10, 23, 57, 132, 301, 701, 1654, 3640, 8667, 20554]...: 10265296: ACCEPTED IN 19 TRIES, (AVG 540278.7368421053)
[1, 4, 10, 23, 57, 132, 301, 701, 1654, 3640, 8667, 20562]...: 11349442: ACCEPTED IN 21 TRIES, (AVG 540449.619047619)
[1, 4, 10, 23, 57, 132, 301, 701, 1654, 3640, 8667, 20579]...: 10808928: ACCEPTED IN 20 TRIES, (AVG 540446.4)
[1, 4, 10, 23, 57, 132, 301, 701, 1654, 3640, 8667, 20583]...: 9184983: ACCEPTED IN 17 TRIES, (AVG 540293.1176470588)
[1, 4, 10, 23, 57, 132, 301, 701, 1654, 3640, 8667, 20587]...: 23794539: ACCEPTED IN 44 TRIES, (AVG 540784.9772727273)
[1, 4, 10, 23, 57, 132, 301, 701, 1654, 3640, 8667, 20591]...: 14596338: ACCEPTED IN 27 TRIES, (AVG 540605.1111111111)
[1, 4, 10, 23, 57, 132, 301, 701, 1654, 3640, 8667, 20620]...: 10266186: ACCEPTED IN 19 TRIES, (AVG 540325.5789473684)
[1, 4, 10, 23, 57, 132, 301, 701, 1654, 3640, 8667, 20624]...: 24878353: ACCEPTED IN 46 TRIES, (AVG 540833.7608695652)
[1, 4, 10, 23, 57, 132, 301, 701, 1654, 3640, 8667, 20628]...: 12972073: ACCEPTED IN 24 TRIES, (AVG 540503.0416666666)
[1, 4, 10, 23, 57, 132, 301, 701, 1654, 3640, 8667, 20657]...: 12972270: ACCEPTED IN 24 TRIES, (AVG 540511.25)
[1, 4, 10, 23, 57, 132, 301, 701, 1654, 3640, 8667, 20661]...: 11349749: ACCEPTED IN 21 TRIES, (AVG 540464.2380952381)
[1, 4, 10, 23, 57, 132, 301, 701, 1654, 3640, 8667, 20665]...: 7018205: ACCEPTED IN 13 TRIES, (AVG 539861.9230769231)
[1, 4, 10, 23, 57, 132, 301, 701, 1654, 3640, 8667, 20674]...: 31372021: ACCEPTED IN 58 TRIES, (AVG 540896.9137931034)
[1, 4, 10, 23, 57, 132, 301, 701, 1654, 3640, 8667, 20686]...: 11349934: ACCEPTED IN 21 TRIES, (AVG 540473.0476190476)
[1, 4, 10, 23, 57, 132, 301, 701, 1654, 3640, 8667, 20694]...: 7019438: ACCEPTED IN 13 TRIES, (AVG 539956.7692307692)
[1, 4, 10, 23, 57, 132, 301, 701, 1654, 3640, 8667, 20711]...: 11889864: ACCEPTED IN 22 TRIES, (AVG 540448.3636363636)
[1, 4, 10, 23, 57, 132, 301, 701, 1654, 3640, 8667, 20715]...: 12432161: ACCEPTED IN 23 TRIES, (AVG 540528.7391304348)
[1, 4, 10, 23, 57, 132, 301, 701, 1654, 3640, 8667, 20719]...: 15677621: ACCEPTED IN 29 TRIES, (AVG 540607.6206896552)
[1, 4, 10, 23, 57, 132, 301, 701, 1654, 3640, 8667, 20723]...: 11347310: ACCEPTED IN 21 TRIES, (AVG 540348.0952380953)
[1, 4, 10, 23, 57, 132, 301, 701, 1654, 3640, 8667, 20731]...: 10808066: ACCEPTED IN 20 TRIES, (AVG 540403.3)
[1, 4, 10, 23, 57, 132, 301, 701, 1654, 3640, 8667, 20752]...: 14054897: ACCEPTED IN 26 TRIES, (AVG 540572.9615384615)
[1, 4, 10, 23, 57, 132, 301, 701, 1654, 3640, 8667, 20756]...: 6479118: ACCEPTED IN 12 TRIES, (AVG 539926.5)
[1, 4, 10, 23, 57, 132, 301, 701, 1654, 3640, 8667, 20760]...: 10267002: ACCEPTED IN 19 TRIES, (AVG 540368.5263157894)
[1, 4, 10, 23, 57, 132, 301, 701, 1654, 3640, 8667, 20789]...: 33536247: ACCEPTED IN 62 TRIES, (AVG 540907.2096774194)
[1, 4, 10, 23, 57, 132, 301, 701, 1654, 3640, 8667, 20793]...: 12970174: ACCEPTED IN 24 TRIES, (AVG 540423.9166666666)
[1, 4, 10, 23, 57, 132, 301, 701, 1654, 3640, 8667, 20797]...: 12430800: ACCEPTED IN 23 TRIES, (AVG 540469.5652173914)
