[1, 4, 10, 23, 57, 132, 301, 701, 1654, 3640, 8052, 18313]...: 26501134: ACCEPTED IN 49 TRIES, (AVG 540839.4693877551)
[1, 4, 10, 23, 57, 132, 301, 701, 1654, 3640, 8052, 18350]...: 48688054: ACCEPTED IN 90 TRIES, (AVG 540978.3777777777)
[1, 4, 10, 23, 57, 132, 301, 701, 1654, 3640, 8052, 18519]...: 31372107: ACCEPTED IN 58 TRIES, (AVG 540898.3965517242)
[1, 4, 10, 23, 57, 132, 301, 701, 1654, 3640, 8052, 18523]...: 41112449: ACCEPTED IN 76 TRIES, (AVG 540953.2763157894)
[1, 4, 10, 23, 57, 132, 301, 701, 1654, 3640, 8052, 18536]...: 48146122: ACCEPTED IN 89 TRIES, (AVG 540967.6629213484)
[1, 4, 10, 23, 57, 132, 301, 701, 1654, 3640, 8052, 18634]...: 33536192: ACCEPTED IN 62 TRIES, (AVG 540906.3225806452)
[1, 4, 10, 23, 57, 132, 301, 701, 1654, 3640, 8052, 18647]...: 89814253: ACCEPTED IN 166 TRIES, (AVG 541049.7168674698)
[1, 4, 10, 23, 57, 132, 301, 701, 1654, 3640, 8052, 18688]...: 118493110: ACCEPTED IN 219 TRIES, (AVG 541064.4292237443)
[1, 4, 10, 23, 57, 132, 301, 701, 1654, 3640, 8052, 18742]...: 35159613: ACCEPTED IN 65 TRIES, (AVG 540917.1230769231)
[1, 4, 10, 23, 57, 132, 301, 701, 1654, 3640, 8052, 18746]...: 200206051: ACCEPTED IN 370 TRIES, (AVG 541097.4351351351)
[1, 4, 10, 23, 57, 132, 301, 701, 1654, 3640, 8052, 18783]...: 24877821: ACCEPTED IN 46 TRIES, (AVG 540822.195652174)
[1, 4, 10, 23, 57, 132, 301, 701, 1654, 3640, 8052, 18816]...: 41111658: ACCEPTED IN 76 TRIES, (AVG 540942.8684210526)
[1, 4, 10, 23, 57, 132, 301, 701, 1654, 3640, 8052, 18824]...: 49769132: ACCEPTED IN 92 TRIES, (AVG 540968.8260869565)
[1, 4, 10, 23, 57, 132, 301, 701, 1654, 3640, 8052, 18857]...: 162867860: ACCEPTED IN 301 TRIES, (AVG 541089.2358803987)
[1, 4, 10, 23, 57, 132, 301, 701, 1654, 3640, 8052, 18874]...: 109294352: ACCEPTED IN 202 TRIES, (AVG 541061.1485148515)
[1, 4, 10, 23, 57, 132, 301, 701, 1654, 3640, 8052, 18878]...: 80615113: ACCEPTED IN 149 TRIES, (AVG 541041.0268456376)
[1, 4, 10, 23, 57, 132, 301, 701, 1654, 3640, 8052, 18886]...: 38947418: ACCEPTED IN 72 TRIES, (AVG 540936.3611111111)
[1, 4, 10, 23, 57, 132, 301, 701, 1654, 3640, 8052, 18898]...: 41111251: ACCEPTED IN 76 TRIES, (AVG 540937.5131578947)
[1, 4, 10, 23, 57, 132, 301, 701, 1654, 3640, 8052, 18915]...: 11349430: ACCEPTED IN 21 TRIES, (AVG 540449.0476190476)
[1, 4, 10, 23, 57, 132, 301, 701, 1654, 3640, 8052, 18948]...: 28661935: ACCEPTED IN 53 TRIES, (AVG 540791.2264150943)
[1, 4, 10, 23, 57, 132, 301, 701, 1654, 3640, 8052, 18952]...: 20549105: ACCEPTED IN 38 TRIES, (AVG 540765.9210526316)
[1, 4, 10, 23, 57, 132, 301, 701, 1654, 3640, 8052, 18956]...: 9726499: ACCEPTED IN 18 TRIES, (AVG 540361.0555555555)
[1, 4, 10, 23, 57, 132, 301, 701, 1654, 3640, 8052, 18973]...: 42194178: ACCEPTED IN 78 TRIES, (AVG 540951.0)
[1, 4, 10, 23, 57, 132, 301, 701, 1654, 3640, 8052, 18985]...: 39489065: ACCEPTED IN 73 TRIES, (AVG 540946.095890411)
[1, 4, 10, 23, 57, 132, 301, 701, 1654, 3640, 8052, 18989]...: 41651766: ACCEPTED IN 77 TRIES, (AVG 540932.025974026)
[1, 4, 10, 23, 57, 132, 301, 701, 1654, 3640, 8052, 19006]...: 96849455: ACCEPTED IN 179 TRIES, (AVG 541058.4078212291)
[1, 4, 10, 23, 57, 132, 301, 701, 1654, 3640, 8052, 19010]...: 41111699: ACCEPTED IN 76 TRIES, (AVG 540943.4078947369)
[1, 4, 10, 23, 57, 132, 301, 701, 1654, 3640, 8052, 19030]...: 47606066: ACCEPTED IN 88 TRIES, (AVG 540978.0227272727)
[1, 4, 10, 23, 57, 132, 301, 701, 1654, 3640, 8052, 19047]...: 35700053: ACCEPTED IN 66 TRIES, (AVG 540909.8939393939)
[1, 4, 10, 23, 57, 132, 301, 701, 1654, 3640, 8052, 19048]...: 66544701: ACCEPTED IN 123 TRIES, (AVG 541013.8292682926)
[1, 4, 10, 23, 57, 132, 301, 701, 1654, 3640, 8052, 19080]...: 121199541: ACCEPTED IN 224 TRIES, (AVG 541069.3794642857)
[1, 4, 10, 23, 57, 132, 301, 701, 1654, 3640, 8052, 19084]...: 16760845: ACCEPTED IN 31 TRIES, (AVG 540672.4193548387)
[1, 4, 10, 23, 57, 132, 301, 701, 1654, 3640, 8052, 19105]...: 37865572: ACCEPTED IN 70 TRIES, (AVG 540936.7428571428)
[1, 4, 10, 23, 57, 132, 301, 701, 1654, 3640, 8052, 19117]...: 12971760: ACCEPTED IN 24 TRIES, (AVG 540490.0)
[1, 4, 10, 23, 57, 132, 301, 701, 1654, 3640, 8052, 19121]...: 21631582: ACCEPTED IN 40 TRIES, (AVG 540789.55)
[1, 4, 10, 23, 57, 132, 301, 701, 1654, 3640, 8052, 19125]...: 54098535: ACCEPTED IN 100 TRIES, (AVG 540985.35)
[1, 4, 10, 23, 57, 132, 301, 701, 1654, 3640, 8052, 19138]...: 6477665: ACCEPTED IN 12 TRIES, (AVG 539805.4166666666)
[1, 4, 10, 23, 57, 132, 301, 701, 1654, 3640, 8052, 19162]...: 21630854: ACCEPTED IN 40 TRIES, (AVG 540771.35)
[1, 4, 10, 23, 57, 132, 301, 701, 1654, 3640, 8052, 19175]...: 44357836: ACCEPTED IN 82 TRIES, (AVG 540949.2195121951)
[1, 4, 10, 23, 57, 132, 301, 701, 1654, 3640, 8052, 19180]...: 27042641: ACCEPTED IN 50 TRIES, (AVG 540852.82)
[1, 4, 10, 23, 57, 132, 301, 701, 1654, 3640, 8052, 19212]...: 29207523: ACCEPTED IN 54 TRIES, (AVG 540880.0555555555)
[1, 4, 10, 23, 57, 132, 301, 701, 1654, 3640, 8052, 19216]...: 41111237: ACCEPTED IN 76 TRIES, (AVG 540937.3289473684)
[1, 4, 10, 23, 57, 132, 301, 701, 1654, 3640, 8052, 19237]...: 34618500: ACCEPTED IN 64 TRIES, (AVG 540914.0625)
[1, 4, 10, 23, 57, 132, 301, 701, 1654, 3640, 8052, 19249]...: 36782002: ACCEPTED IN 68 TRIES, (AVG 540911.7941176471)
[1, 4, 10, 23, 57, 132, 301, 701, 1654, 3640, 8052, 19253]...: 33535209: ACCEPTED IN 62 TRIES, (AVG 540890.4677419355)
[1, 4, 10, 23, 57, 132, 301, 701, 1654, 3640, 8052, 19257]...: 18925973: ACCEPTED IN 35 TRIES, (AVG 540742.0857142857)
[1, 4, 10, 23, 57, 132, 301, 701, 1654, 3640, 8052, 19274]...: 41112411: ACCEPTED IN 76 TRIES, (AVG 540952.7763157894)
[1, 4, 10, 23, 57, 132, 301, 701, 1654, 3640, 8052, 19286]...: 21631386: ACCEPTED IN 40 TRIES, (AVG 540784.65)
[1, 4, 10, 23, 57, 132, 301, 701, 1654, 3640, 8052, 19294]...: 4314900: ACCEPTED IN 8 TRIES, (AVG 539362.5)
[1, 4, 10, 23, 57, 132, 301, 701, 1654, 3640, 8052, 19307]...: 35159925: ACCEPTED IN 65 TRIES, (AVG 540921.9230769231)
[1, 4, 10, 23, 57, 132, 301, 701, 1654, 3640, 8052, 19311]...: 49228952: ACCEPTED IN 91 TRIES, (AVG 540977.4945054945)
[1, 4, 10, 23, 57, 132, 301, 701, 1654, 3640, 8052, 19312]...: 24876597: ACCEPTED IN 46 TRIES, (AVG 540795.5869565217)
