[1, 4, 10, 23, 57, 132, 301, 701, 1636, 3885, 9203, 20252]...: 6478917: ACCEPTED IN 12 TRIES, (AVG 539909.75)
[1, 4, 10, 23, 57, 132, 301, 701, 1636, 3885, 9203, 20254]...: 8644048: ACCEPTED IN 16 TRIES, (AVG 540253.0)
[1, 4, 10, 23, 57, 132, 301, 701, 1636, 3885, 9203, 20255]...: 12431678: ACCEPTED IN 23 TRIES, (AVG 540507.7391304348)
[1, 4, 10, 23, 57, 132, 301, 701, 1636, 3885, 9203, 20259]...: 16220256: ACCEPTED IN 30 TRIES, (AVG 540675.2)
[1, 4, 10, 23, 57, 132, 301, 701, 1636, 3885, 9203, 20263]...: 17300739: ACCEPTED IN 32 TRIES, (AVG 540648.09375)
[1, 4, 10, 23, 57, 132, 301, 701, 1636, 3885, 9203, 20284]...: 15678579: ACCEPTED IN 29 TRIES, (AVG 540640.6551724138)
[1, 4, 10, 23, 57, 132, 301, 701, 1636, 3885, 9203, 20289]...: 15677506: ACCEPTED IN 29 TRIES, (AVG 540603.6551724138)
[1, 4, 10, 23, 57, 132, 301, 701, 1636, 3885, 9203, 20296]...: 16759129: ACCEPTED IN 31 TRIES, (AVG 540617.0645161291)
[1, 4, 10, 23, 57, 132, 301, 701, 1636, 3885, 9203, 20300]...: 8643055: ACCEPTED IN 16 TRIES, (AVG 540190.9375)
[1, 4, 10, 23, 57, 132, 301, 701, 1636, 3885, 9203, 20321]...: 13514425: ACCEPTED IN 25 TRIES, (AVG 540577.0)
[1, 4, 10, 23, 57, 132, 301, 701, 1636, 3885, 9203, 20351]...: 7019613: ACCEPTED IN 13 TRIES, (AVG 539970.2307692308)
[1, 4, 10, 23, 57, 132, 301, 701, 1636, 3885, 9203, 20354]...: 14596556: ACCEPTED IN 27 TRIES, (AVG 540613.1851851852)
[1, 4, 10, 23, 57, 132, 301, 701, 1636, 3885, 9203, 20358]...: 18924423: ACCEPTED IN 35 TRIES, (AVG 540697.8)
[1, 4, 10, 23, 57, 132, 301, 701, 1636, 3885, 9203, 20386]...: 15678618: ACCEPTED IN 29 TRIES, (AVG 540642.0)
[1, 4, 10, 23, 57, 132, 301, 701, 1636, 3885, 9203, 20387]...: 8643950: ACCEPTED IN 16 TRIES, (AVG 540246.875)
[1, 4, 10, 23, 57, 132, 301, 701, 1636, 3885, 9203, 20388]...: 5938620: ACCEPTED IN 11 TRIES, (AVG 539874.5454545454)
[1, 4, 10, 23, 57, 132, 301, 701, 1636, 3885, 9203, 20391]...: 8643277: ACCEPTED IN 16 TRIES, (AVG 540204.8125)
[1, 4, 10, 23, 57, 132, 301, 701, 1636, 3885, 9203, 20395]...: 9184079: ACCEPTED IN 17 TRIES, (AVG 540239.9411764706)
[1, 4, 10, 23, 57, 132, 301, 701, 1636, 3885, 9203, 20421]...: 24877738: ACCEPTED IN 46 TRIES, (AVG 540820.3913043478)
[1, 4, 10, 23, 57, 132, 301, 701, 1636, 3885, 9203, 20428]...: 10808524: ACCEPTED IN 20 TRIES, (AVG 540426.2)
[1, 4, 10, 23, 57, 132, 301, 701, 1636, 3885, 9203, 20432]...: 16760630: ACCEPTED IN 31 TRIES, (AVG 540665.4838709678)
[1, 4, 10, 23, 57, 132, 301, 701, 1636, 3885, 9203, 20453]...: 20007847: ACCEPTED IN 37 TRIES, (AVG 540752.6216216217)
[1, 4, 10, 23, 57, 132, 301, 701, 1636, 3885, 9203, 20486]...: 5396690: ACCEPTED IN 10 TRIES, (AVG 539669.0)
[1, 4, 10, 23, 57, 132, 301, 701, 1636, 3885, 9203, 20487]...: 7020718: ACCEPTED IN 13 TRIES, (AVG 540055.2307692308)
[1, 4, 10, 23, 57, 132, 301, 701, 1636, 3885, 9203, 20490]...: 9724890: ACCEPTED IN 18 TRIES, (AVG 540271.6666666666)
[1, 4, 10, 23, 57, 132, 301, 701, 1636, 3885, 9203, 20520]...: 10808439: ACCEPTED IN 20 TRIES, (AVG 540421.95)
[1, 4, 10, 23, 57, 132, 301, 701, 1636, 3885, 9203, 20522]...: 5935155: ACCEPTED IN 11 TRIES, (AVG 539559.5454545454)
[1, 4, 10, 23, 57, 132, 301, 701, 1636, 3885, 9203, 20523]...: 11349264: ACCEPTED IN 21 TRIES, (AVG 540441.1428571428)
[1, 4, 10, 23, 57, 132, 301, 701, 1636, 3885, 9203, 20527]...: 15136885: ACCEPTED IN 28 TRIES, (AVG 540603.0357142857)
[1, 4, 10, 23, 57, 132, 301, 701, 1636, 3885, 9203, 20553]...: 9183404: ACCEPTED IN 17 TRIES, (AVG 540200.2352941176)
[1, 4, 10, 23, 57, 132, 301, 701, 1636, 3885, 9203, 20560]...: 22171333: ACCEPTED IN 41 TRIES, (AVG 540764.2195121951)
[1, 4, 10, 23, 57, 132, 301, 701, 1636, 3885, 9203, 20564]...: 5938612: ACCEPTED IN 11 TRIES, (AVG 539873.8181818182)
[1, 4, 10, 23, 57, 132, 301, 701, 1636, 3885, 9203, 20585]...: 10267603: ACCEPTED IN 19 TRIES, (AVG 540400.1578947369)
[1, 4, 10, 23, 57, 132, 301, 701, 1636, 3885, 9203, 20590]...: 6479791: ACCEPTED IN 12 TRIES, (AVG 539982.5833333334)
[1, 4, 10, 23, 57, 132, 301, 701, 1636, 3885, 9203, 20601]...: 10267513: ACCEPTED IN 19 TRIES, (AVG 540395.4210526316)
[1, 4, 10, 23, 57, 132, 301, 701, 1636, 3885, 9203, 20619]...: 8644372: ACCEPTED IN 16 TRIES, (AVG 540273.25)
[1, 4, 10, 23, 57, 132, 301, 701, 1636, 3885, 9203, 20621]...: 9726075: ACCEPTED IN 18 TRIES, (AVG 540337.5)
[1, 4, 10, 23, 57, 132, 301, 701, 1636, 3885, 9203, 20622]...: 15677601: ACCEPTED IN 29 TRIES, (AVG 540606.9310344828)
[1, 4, 10, 23, 57, 132, 301, 701, 1636, 3885, 9203, 20652]...: 6477878: ACCEPTED IN 12 TRIES, (AVG 539823.1666666666)
[1, 4, 10, 23, 57, 132, 301, 701, 1636, 3885, 9203, 20655]...: 53017212: ACCEPTED IN 98 TRIES, (AVG 540991.9591836735)
[1, 4, 10, 23, 57, 132, 301, 701, 1636, 3885, 9203, 20659]...: 9724941: ACCEPTED IN 18 TRIES, (AVG 540274.5)
[1, 4, 10, 23, 57, 132, 301, 701, 1636, 3885, 9203, 20689]...: 9183021: ACCEPTED IN 17 TRIES, (AVG 540177.7058823529)
[1, 4, 10, 23, 57, 132, 301, 701, 1636, 3885, 9203, 20692]...: 8103262: ACCEPTED IN 15 TRIES, (AVG 540217.4666666667)
[1, 4, 10, 23, 57, 132, 301, 701, 1636, 3885, 9203, 20696]...: 21630950: ACCEPTED IN 40 TRIES, (AVG 540773.75)
[1, 4, 10, 23, 57, 132, 301, 701, 1636, 3885, 9203, 20721]...: 15137278: ACCEPTED IN 28 TRIES, (AVG 540617.0714285715)
[1, 4, 10, 23, 57, 132, 301, 701, 1636, 3885, 9203, 20722]...: 9184223: ACCEPTED IN 17 TRIES, (AVG 540248.4117647059)
[1, 4, 10, 23, 57, 132, 301, 701, 1636, 3885, 9203, 20733]...: 9184681: ACCEPTED IN 17 TRIES, (AVG 540275.3529411765)
[1, 4, 10, 23, 57, 132, 301, 701, 1636, 3885, 9203, 20751]...: 15134952: ACCEPTED IN 28 TRIES, (AVG 540534.0)
[1, 4, 10, 23, 57, 132, 301, 701, 1636, 3885, 9203, 20754]...: 13514011: ACCEPTED IN 25 TRIES, (AVG 540560.44)
[1, 4, 10, 23, 57, 132, 301, 701, 1636, 3885, 9203, 20787]...: 6478500: ACCEPTED IN 12 TRIES, (AVG 539875.0)
[1, 4, 10, 23, 57, 132, 301, 701, 1636, 3885, 9203, 20788]...: 8102854: ACCEPTED IN 15 TRIES, (AVG 540190.2666666667)
[1, 4, 10, 23, 57, 132, 301, 701, 1636, 3885, 9203, 20791]...: 9185069: ACCEPTED IN 17 TRIES, (AVG 540298.1764705882)
[1, 4, 10, 23, 57, 132, 301, 701, 1636, 3885, 9203, 20821]...: 18384139: ACCEPTED IN 34 TRIES, (AVG 540709.9705882353)
[1, 4, 10, 23, 57, 132, 301, 701, 1636, 3885, 9203, 20823]...: 14596635: ACCEPTED IN 27 TRIES, (AVG 540616.1111111111)
[1, 4, 10, 23, 57, 132, 301, 701, 1636, 3885, 9203, 20824]...: 7560193: ACCEPTED IN 14 TRIES, (AVG 540013.7857142857)
[1, 4, 10, 23, 57, 132, 301, 701, 1636, 3885, 9203, 20828]...: 7019072: ACCEPTED IN 13 TRIES, (AVG 539928.6153846154)
[1, 4, 10, 23, 57, 132, 301, 701, 1636, 3885, 9203, 20853]...: 15136817: ACCEPTED IN 28 TRIES, (AVG 540600.6071428572)
[1, 4, 10, 23, 57, 132, 301, 701, 1636, 3885, 9203, 20854]...: 9183256: ACCEPTED IN 17 TRIES, (AVG 540191.5294117647)
[1, 4, 10, 23, 57, 132, 301, 701, 1636, 3885, 9203, 20855]...: 4314850: ACCEPTED IN 8 TRIES, (AVG 539356.25)
[1, 4, 10, 23, 57, 132, 301, 701, 1636, 3885, 9203, 20865]...: 13513594: ACCEPTED IN 25 TRIES, (AVG 540543.76)
[1, 4, 10, 23, 57, 132, 301, 701, 1636, 3885, 9203, 20886]...: 15136507: ACCEPTED IN 28 TRIES, (AVG 540589.5357142857)
[1, 4, 10, 23, 57, 132, 301, 701, 1636, 3885, 9203, 20920]...: 9182224: ACCEPTED IN 17 TRIES, (AVG 540130.8235294118)
[1, 4, 10, 23, 57, 132, 301, 701, 1636, 3885, 9203, 20922]...: 9183993: ACCEPTED IN 17 TRIES, (AVG 540234.8823529412)
[1, 4, 10, 23, 57, 132, 301, 701, 1636, 3885, 9203, 20923]...: 9185472: ACCEPTED IN 17 TRIES, (AVG 540321.8823529412)
[1, 4, 10, 23, 57, 132, 301, 701, 1636, 3885, 9203, 20953]...: 9724844: ACCEPTED IN 18 TRIES, (AVG 540269.1111111111)
[1, 4, 10, 23, 57, 132, 301, 701, 1636, 3885, 9203, 20955]...: 7561582: ACCEPTED IN 14 TRIES, (AVG 540113.0)
[1, 4, 10, 23, 57, 132, 301, 701, 1636, 3885, 9203, 20956]...: 7019309: ACCEPTED IN 13 TRIES, (AVG 539946.8461538461)
[1, 4, 10, 23, 57, 132, 301, 701, 1636, 3885, 9203, 20960]...: 14596651: ACCEPTED IN 27 TRIES, (AVG 540616.7037037037)
[1, 4, 10, 23, 57, 132, 301, 701, 1636, 3885, 9203, 20985]...: 9184714: ACCEPTED IN 17 TRIES, (AVG 540277.2941176471)
[1, 4, 10, 23, 57, 132, 301, 701, 1636, 3885, 9203, 20987]...: 6478637: ACCEPTED IN 12 TRIES, (AVG 539886.4166666666)
[1, 4, 10, 23, 57, 132, 301, 701, 1636, 3885, 9203, 20990]...: 14595780: ACCEPTED IN 27 TRIES, (AVG 540584.4444444445)
[1, 4, 10, 23, 57, 132, 301, 701, 1636, 3885, 9203, 20997]...: 9726464: ACCEPTED IN 18 TRIES, (AVG 540359.1111111111)
[1, 4, 10, 23, 57, 132, 301, 701, 1636, 3885, 9203, 21022]...: 15135854: ACCEPTED IN 28 TRIES, (AVG 540566.2142857143)
[1, 4, 10, 23, 57, 132, 301, 701, 1636, 3885, 9203, 21052]...: 17302377: ACCEPTED IN 32 TRIES, (AVG 540699.28125)
[1, 4, 10, 23, 57, 132, 301, 701, 1636, 3885, 9203, 21055]...: 16760089: ACCEPTED IN 31 TRIES, (AVG 540648.0322580645)
[1, 4, 10, 23, 57, 132, 301, 701, 1636, 3885, 9203, 21087]...: 14595880: ACCEPTED IN 27 TRIES, (AVG 540588.1481481482)
[1, 4, 10, 23, 57, 132, 301, 701, 1636, 3885, 9203, 21088]...: 5938640: ACCEPTED IN 11 TRIES, (AVG 539876.3636363636)
[1, 4, 10, 23, 57, 132, 301, 701, 1636, 3885, 9203, 21089]...: 5935493: ACCEPTED IN 11 TRIES, (AVG 539590.2727272727)
[1, 4, 10, 23, 57, 132, 301, 701, 1636, 3885, 9203, 21092]...: 16219590: ACCEPTED IN 30 TRIES, (AVG 540653.0)
[1, 4, 10, 23, 57, 132, 301, 701, 1636, 3885, 9203, 21119]...: 9180560: ACCEPTED IN 17 TRIES, (AVG 540032.9411764706)
[1, 4, 10, 23, 57, 132, 301, 701, 1636, 3885, 9203, 21122]...: 15677188: ACCEPTED IN 29 TRIES, (AVG 540592.6896551724)
[1, 4, 10, 23, 57, 132, 301, 701, 1636, 3885, 9203, 21129]...: 9181160: ACCEPTED IN 17 TRIES, (AVG 540068.2352941176)
[1, 4, 10, 23, 57, 132, 301, 701, 1636, 3885, 9203, 21154]...: 5937029: ACCEPTED IN 11 TRIES, (AVG 539729.9090909091)
[1, 4, 10, 23, 57, 132, 301, 701, 1636, 3885, 9203, 21156]...: 10267134: ACCEPTED IN 19 TRIES, (AVG 540375.4736842106)
[1, 4, 10, 23, 57, 132, 301, 701, 1636, 3885, 9203, 21187]...: 8103163: ACCEPTED IN 15 TRIES, (AVG 540210.8666666667)
[1, 4, 10, 23, 57, 132, 301, 701, 1636, 3885, 9203, 21188]...: 18384431: ACCEPTED IN 34 TRIES, (AVG 540718.5588235294)
[1, 4, 10, 23, 57, 132, 301, 701, 1636, 3885, 9203, 21219]...: 10267191: ACCEPTED IN 19 TRIES, (AVG 540378.4736842106)
[1, 4, 10, 23, 57, 132, 301, 701, 1636, 3885, 9203, 21221]...: 9184103: ACCEPTED IN 17 TRIES, (AVG 540241.3529411765)
[1, 4, 10, 23, 57, 132, 301, 701, 1636, 3885, 9203, 21223]...: 6479432: ACCEPTED IN 12 TRIES, (AVG 539952.6666666666)
[1, 4, 10, 23, 57, 132, 301, 701, 1636, 3885, 9203, 21224]...: 10267205: ACCEPTED IN 19 TRIES, (AVG 540379.2105263158)
[1, 4, 10, 23, 57, 132, 301, 701, 1636, 3885, 9203, 21254]...: 22172606: ACCEPTED IN 41 TRIES, (AVG 540795.268292683)
[1, 4, 10, 23, 57, 132, 301, 701, 1636, 3885, 9203, 21261]...: 11348705: ACCEPTED IN 21 TRIES, (AVG 540414.5238095238)
[1, 4, 10, 23, 57, 132, 301, 701, 1636, 3885, 9203, 21286]...: 8103106: ACCEPTED IN 15 TRIES, (AVG 540207.0666666667)
[1, 4, 10, 23, 57, 132, 301, 701, 1636, 3885, 9203, 21288]...: 11349348: ACCEPTED IN 21 TRIES, (AVG 540445.1428571428)
[1, 4, 10, 23, 57, 132, 301, 701, 1636, 3885, 9203, 21291]...: 5938321: ACCEPTED IN 11 TRIES, (AVG 539847.3636363636)
[1, 4, 10, 23, 57, 132, 301, 701, 1636, 3885, 9203, 21320]...: 10265846: ACCEPTED IN 19 TRIES, (AVG 540307.6842105263)
[1, 4, 10, 23, 57, 132, 301, 701, 1636, 3885, 9203, 21322]...: 7020230: ACCEPTED IN 13 TRIES, (AVG 540017.6923076923)
[1, 4, 10, 23, 57, 132, 301, 701, 1636, 3885, 9203, 21323]...: 10267641: ACCEPTED IN 19 TRIES, (AVG 540402.1578947369)
[1, 4, 10, 23, 57, 132, 301, 701, 1636, 3885, 9203, 21353]...: 4315187: ACCEPTED IN 8 TRIES, (AVG 539398.375)
[1, 4, 10, 23, 57, 132, 301, 701, 1636, 3885, 9203, 21356]...: 16217574: ACCEPTED IN 30 TRIES, (AVG 540585.8)
[1, 4, 10, 23, 57, 132, 301, 701, 1636, 3885, 9203, 21390]...: 6478299: ACCEPTED IN 12 TRIES, (AVG 539858.25)
[1, 4, 10, 23, 57, 132, 301, 701, 1636, 3885, 9203, 21393]...: 4312814: ACCEPTED IN 8 TRIES, (AVG 539101.75)
[1, 4, 10, 23, 57, 132, 301, 701, 1636, 3885, 9203, 21420]...: 5396148: ACCEPTED IN 10 TRIES, (AVG 539614.8)
[1, 4, 10, 23, 57, 132, 301, 701, 1636, 3885, 9203, 21421]...: 17301570: ACCEPTED IN 32 TRIES, (AVG 540674.0625)
[1, 4, 10, 23, 57, 132, 301, 701, 1636, 3885, 9203, 21422]...: 5938067: ACCEPTED IN 11 TRIES, (AVG 539824.2727272727)
[1, 4, 10, 23, 57, 132, 301, 701, 1636, 3885, 9203, 21423]...: 6479705: ACCEPTED IN 12 TRIES, (AVG 539975.4166666666)
[1, 4, 10, 23, 57, 132, 301, 701, 1636, 3885, 9203, 21452]...: 6479479: ACCEPTED IN 12 TRIES, (AVG 539956.5833333334)
[1, 4, 10, 23, 57, 132, 301, 701, 1636, 3885, 9203, 21455]...: 5936284: ACCEPTED IN 11 TRIES, (AVG 539662.1818181818)
[1, 4, 10, 23, 57, 132, 301, 701, 1636, 3885, 9203, 21457]...: 9183575: ACCEPTED IN 17 TRIES, (AVG 540210.2941176471)
[1, 4, 10, 23, 57, 132, 301, 701, 1636, 3885, 9203, 21488]...: 5936401: ACCEPTED IN 11 TRIES, (AVG 539672.8181818182)
[1, 4, 10, 23, 57, 132, 301, 701, 1636, 3885, 9203, 21489]...: 5397482: ACCEPTED IN 10 TRIES, (AVG 539748.2)
[1, 4, 10, 23, 57, 132, 301, 701, 1636, 3885, 9203, 21520]...: 9726245: ACCEPTED IN 18 TRIES, (AVG 540346.9444444445)
[1, 4, 10, 23, 57, 132, 301, 701, 1636, 3885, 9203, 21522]...: 8101679: ACCEPTED IN 15 TRIES, (AVG 540111.9333333333)
[1, 4, 10, 23, 57, 132, 301, 701, 1636, 3885, 9203, 21524]...: 9725260: ACCEPTED IN 18 TRIES, (AVG 540292.2222222222)
[1, 4, 10, 23, 57, 132, 301, 701, 1636, 3885, 9203, 21525]...: 5937503: ACCEPTED IN 11 TRIES, (AVG 539773.0)
[1, 4, 10, 23, 57, 132, 301, 701, 1636, 3885, 9203, 21554]...: 9725649: ACCEPTED IN 18 TRIES, (AVG 540313.8333333334)
[1, 4, 10, 23, 57, 132, 301, 701, 1636, 3885, 9203, 21555]...: 4856024: ACCEPTED IN 9 TRIES, (AVG 539558.2222222222)
[1, 4, 10, 23, 57, 132, 301, 701, 1636, 3885, 9203, 21556]...: 4312813: ACCEPTED IN 8 TRIES, (AVG 539101.625)
[1, 4, 10, 23, 57, 132, 301, 701, 1636, 3885, 9203, 21587]...: 9184071: ACCEPTED IN 17 TRIES, (AVG 540239.4705882353)
[1, 4, 10, 23, 57, 132, 301, 701, 1636, 3885, 9203, 21589]...: 8641566: ACCEPTED IN 16 TRIES, (AVG 540097.875)
[1, 4, 10, 23, 57, 132, 301, 701, 1636, 3885, 9203, 21621]...: 11348521: ACCEPTED IN 21 TRIES, (AVG 540405.7619047619)
[1, 4, 10, 23, 57, 132, 301, 701, 1636, 3885, 9203, 21624]...: 4314836: ACCEPTED IN 8 TRIES, (AVG 539354.5)
[1, 4, 10, 23, 57, 132, 301, 701, 1636, 3885, 9203, 21654]...: 5935102: ACCEPTED IN 11 TRIES, (AVG 539554.7272727273)
[1, 4, 10, 23, 57, 132, 301, 701, 1636, 3885, 9203, 21656]...: 9725395: ACCEPTED IN 18 TRIES, (AVG 540299.7222222222)
[1, 4, 10, 23, 57, 132, 301, 701, 1636, 3885, 9203, 21657]...: 9184467: ACCEPTED IN 17 TRIES, (AVG 540262.7647058824)
[1, 4, 10, 23, 57, 132, 301, 701, 1636, 3885, 9203, 21686]...: 9182865: ACCEPTED IN 17 TRIES, (AVG 540168.5294117647)
[1, 4, 10, 23, 57, 132, 301, 701, 1636, 3885, 9203, 21691]...: 7019711: ACCEPTED IN 13 TRIES, (AVG 539977.7692307692)
[1, 4, 10, 23, 57, 132, 301, 701, 1636, 3885, 9203, 21721]...: 7019578: ACCEPTED IN 13 TRIES, (AVG 539967.5384615385)
[1, 4, 10, 23, 57, 132, 301, 701, 1636, 3885, 9203, 21722]...: 7019261: ACCEPTED IN 13 TRIES, (AVG 539943.1538461539)
[1, 4, 10, 23, 57, 132, 301, 701, 1636, 3885, 9203, 21723]...: 9185235: ACCEPTED IN 17 TRIES, (AVG 540307.9411764706)
[1, 4, 10, 23, 57, 132, 301, 701, 1636, 3885, 9203, 21753]...: 9184968: ACCEPTED IN 17 TRIES, (AVG 540292.2352941176)
[1, 4, 10, 23, 57, 132, 301, 701, 1636, 3885, 9203, 21756]...: 5395840: ACCEPTED IN 10 TRIES, (AVG 539584.0)
[1, 4, 10, 23, 57, 132, 301, 701, 1636, 3885, 9203, 21758]...: 7020482: ACCEPTED IN 13 TRIES, (AVG 540037.0769230769)
[1, 4, 10, 23, 57, 132, 301, 701, 1636, 3885, 9203, 21788]...: 7561731: ACCEPTED IN 14 TRIES, (AVG 540123.6428571428)
[1, 4, 10, 23, 57, 132, 301, 701, 1636, 3885, 9203, 21789]...: 4856383: ACCEPTED IN 9 TRIES, (AVG 539598.1111111111)
[1, 4, 10, 23, 57, 132, 301, 701, 1636, 3885, 9203, 21790]...: 6478682: ACCEPTED IN 12 TRIES, (AVG 539890.1666666666)
[1, 4, 10, 23, 57, 132, 301, 701, 1636, 3885, 9203, 21821]...: 15677990: ACCEPTED IN 29 TRIES, (AVG 540620.3448275862)
[1, 4, 10, 23, 57, 132, 301, 701, 1636, 3885, 9203, 21823]...: 7561576: ACCEPTED IN 14 TRIES, (AVG 540112.5714285715)
[1, 4, 10, 23, 57, 132, 301, 701, 1636, 3885, 9203, 21855]...: 9182486: ACCEPTED IN 17 TRIES, (AVG 540146.2352941176)
[1, 4, 10, 23, 57, 132, 301, 701, 1636, 3885, 9203, 21857]...: 9185239: ACCEPTED IN 17 TRIES, (AVG 540308.1764705882)
[1, 4, 10, 23, 57, 132, 301, 701, 1636, 3885, 9203, 21888]...: 5396911: ACCEPTED IN 10 TRIES, (AVG 539691.1)
[1, 4, 10, 23, 57, 132, 301, 701, 1636, 3885, 9203, 21889]...: 9185532: ACCEPTED IN 17 TRIES, (AVG 540325.4117647059)
[1, 4, 10, 23, 57, 132, 301, 701, 1636, 3885, 9203, 21890]...: 4855561: ACCEPTED IN 9 TRIES, (AVG 539506.7777777778)
[1, 4, 10, 23, 57, 132, 301, 701, 1636, 3885, 9203, 21920]...: 6478343: ACCEPTED IN 12 TRIES, (AVG 539861.9166666666)
[1, 4, 10, 23, 57, 132, 301, 701, 1636, 3885, 9203, 21922]...: 7020097: ACCEPTED IN 13 TRIES, (AVG 540007.4615384615)
[1, 4, 10, 23, 57, 132, 301, 701, 1636, 3885, 9203, 21925]...: 8102570: ACCEPTED IN 15 TRIES, (AVG 540171.3333333334)
[1, 4, 10, 23, 57, 132, 301, 701, 1636, 3885, 9203, 21955]...: 9182680: ACCEPTED IN 17 TRIES, (AVG 540157.6470588235)
[1, 4, 10, 23, 57, 132, 301, 701, 1636, 3885, 9203, 21987]...: 5937913: ACCEPTED IN 11 TRIES, (AVG 539810.2727272727)
[1, 4, 10, 23, 57, 132, 301, 701, 1636, 3885, 9203, 21992]...: 5937395: ACCEPTED IN 11 TRIES, (AVG 539763.1818181818)
[1, 4, 10, 23, 57, 132, 301, 701, 1636, 3885, 9203, 22021]...: 9185217: ACCEPTED IN 17 TRIES, (AVG 540306.8823529412)
[1, 4, 10, 23, 57, 132, 301, 701, 1636, 3885, 9203, 22022]...: 4315017: ACCEPTED IN 8 TRIES, (AVG 539377.125)
[1, 4, 10, 23, 57, 132, 301, 701, 1636, 3885, 9203, 22023]...: 4856300: ACCEPTED IN 9 TRIES, (AVG 539588.8888888889)
[1, 4, 10, 23, 57, 132, 301, 701, 1636, 3885, 9203, 22024]...: 5395845: ACCEPTED IN 10 TRIES, (AVG 539584.5)
[1, 4, 10, 23, 57, 132, 301, 701, 1636, 3885, 9203, 22054]...: 4315095: ACCEPTED IN 8 TRIES, (AVG 539386.875)
[1, 4, 10, 23, 57, 132, 301, 701, 1636, 3885, 9203, 22057]...: 9725557: ACCEPTED IN 18 TRIES, (AVG 540308.7222222222)
