[1, 4, 10, 23, 57, 132, 301, 701, 1636, 3892, 9205, 20397]...: 3234276: ACCEPTED IN 6 TRIES, (AVG 539046.0)
[1, 4, 10, 23, 57, 132, 301, 701, 1636, 3892, 9205, 20524]...: 536850: ACCEPTED IN 1 TRIES, (AVG 536850.0)
[1, 4, 10, 23, 57, 132, 301, 701, 1636, 3892, 9205, 20557]...: 537283: ACCEPTED IN 1 TRIES, (AVG 537283.0)
[1, 4, 10, 23, 57, 132, 301, 701, 1636, 3892, 9205, 20625]...: 3234116: ACCEPTED IN 6 TRIES, (AVG 539019.3333333334)
[1, 4, 10, 23, 57, 132, 301, 701, 1636, 3892, 9205, 20760]...: 3235285: ACCEPTED IN 6 TRIES, (AVG 539214.1666666666)
[1, 4, 10, 23, 57, 132, 301, 701, 1636, 3892, 9205, 20871]...: 537450: ACCEPTED IN 1 TRIES, (AVG 537450.0)
[1, 4, 10, 23, 57, 132, 301, 701, 1636, 3892, 9205, 20996]...: 5933077: ACCEPTED IN 11 TRIES, (AVG 539370.6363636364)
[1, 4, 10, 23, 57, 132, 301, 701, 1636, 3892, 9205, 21028]...: 1076526: ACCEPTED IN 2 TRIES, (AVG 538263.0)
[1, 4, 10, 23, 57, 132, 301, 701, 1636, 3892, 9205, 21091]...: 4854093: ACCEPTED IN 9 TRIES, (AVG 539343.6666666666)
[1, 4, 10, 23, 57, 132, 301, 701, 1636, 3892, 9205, 21292]...: 537492: ACCEPTED IN 1 TRIES, (AVG 537492.0)
[1, 4, 10, 23, 57, 132, 301, 701, 1636, 3892, 9205, 21558]...: 5392648: ACCEPTED IN 10 TRIES, (AVG 539264.8)
[1, 4, 10, 23, 57, 132, 301, 701, 1636, 3892, 9205, 21594]...: 1616258: ACCEPTED IN 3 TRIES, (AVG 538752.6666666666)
[1, 4, 10, 23, 57, 132, 301, 701, 1636, 3892, 9205, 21627]...: 1075779: ACCEPTED IN 2 TRIES, (AVG 537889.5)
[1, 4, 10, 23, 57, 132, 301, 701, 1636, 3892, 9205, 21658]...: 4853487: ACCEPTED IN 9 TRIES, (AVG 539276.3333333334)
[1, 4, 10, 23, 57, 132, 301, 701, 1636, 3892, 9205, 21659]...: 2695608: ACCEPTED IN 5 TRIES, (AVG 539121.6)
[1, 4, 10, 23, 57, 132, 301, 701, 1636, 3892, 9205, 21794]...: 2155510: ACCEPTED IN 4 TRIES, (AVG 538877.5)
[1, 4, 10, 23, 57, 132, 301, 701, 1636, 3892, 9205, 21924]...: 2695801: ACCEPTED IN 5 TRIES, (AVG 539160.2)
