[1, 4, 10, 23, 57, 132, 301, 701, 1654, 3805, 8795, 19354]...: 10808164: ACCEPTED IN 20 TRIES, (AVG 540408.2)
[1, 4, 10, 23, 57, 132, 301, 701, 1654, 3805, 8795, 19358]...: 9185227: ACCEPTED IN 17 TRIES, (AVG 540307.4705882353)
[1, 4, 10, 23, 57, 132, 301, 701, 1654, 3805, 8795, 19391]...: 32994818: ACCEPTED IN 61 TRIES, (AVG 540898.655737705)
[1, 4, 10, 23, 57, 132, 301, 701, 1654, 3805, 8795, 19408]...: 17843322: ACCEPTED IN 33 TRIES, (AVG 540706.7272727273)
[1, 4, 10, 23, 57, 132, 301, 701, 1654, 3805, 8795, 19420]...: 8643391: ACCEPTED IN 16 TRIES, (AVG 540211.9375)
[1, 4, 10, 23, 57, 132, 301, 701, 1654, 3805, 8795, 19445]...: 16219103: ACCEPTED IN 30 TRIES, (AVG 540636.7666666667)
[1, 4, 10, 23, 57, 132, 301, 701, 1654, 3805, 8795, 19449]...: 9185236: ACCEPTED IN 17 TRIES, (AVG 540308.0)
[1, 4, 10, 23, 57, 132, 301, 701, 1654, 3805, 8795, 19453]...: 8643057: ACCEPTED IN 16 TRIES, (AVG 540191.0625)
[1, 4, 10, 23, 57, 132, 301, 701, 1654, 3805, 8795, 19482]...: 8102384: ACCEPTED IN 15 TRIES, (AVG 540158.9333333333)
[1, 4, 10, 23, 57, 132, 301, 701, 1654, 3805, 8795, 19486]...: 17843379: ACCEPTED IN 33 TRIES, (AVG 540708.4545454546)
[1, 4, 10, 23, 57, 132, 301, 701, 1654, 3805, 8795, 19490]...: 27042571: ACCEPTED IN 50 TRIES, (AVG 540851.42)
[1, 4, 10, 23, 57, 132, 301, 701, 1654, 3805, 8795, 19523]...: 7019967: ACCEPTED IN 13 TRIES, (AVG 539997.4615384615)
[1, 4, 10, 23, 57, 132, 301, 701, 1654, 3805, 8795, 19540]...: 10264889: ACCEPTED IN 19 TRIES, (AVG 540257.3157894737)
[1, 4, 10, 23, 57, 132, 301, 701, 1654, 3805, 8795, 19552]...: 10267103: ACCEPTED IN 19 TRIES, (AVG 540373.8421052631)
[1, 4, 10, 23, 57, 132, 301, 701, 1654, 3805, 8795, 19560]...: 8102630: ACCEPTED IN 15 TRIES, (AVG 540175.3333333334)
[1, 4, 10, 23, 57, 132, 301, 701, 1654, 3805, 8795, 19577]...: 14596523: ACCEPTED IN 27 TRIES, (AVG 540611.9629629629)
[1, 4, 10, 23, 57, 132, 301, 701, 1654, 3805, 8795, 19581]...: 7561065: ACCEPTED IN 14 TRIES, (AVG 540076.0714285715)
[1, 4, 10, 23, 57, 132, 301, 701, 1654, 3805, 8795, 19614]...: 18382856: ACCEPTED IN 34 TRIES, (AVG 540672.2352941176)
[1, 4, 10, 23, 57, 132, 301, 701, 1654, 3805, 8795, 19618]...: 10807308: ACCEPTED IN 20 TRIES, (AVG 540365.4)
[1, 4, 10, 23, 57, 132, 301, 701, 1654, 3805, 8795, 19622]...: 6479833: ACCEPTED IN 12 TRIES, (AVG 539986.0833333334)
[1, 4, 10, 23, 57, 132, 301, 701, 1654, 3805, 8795, 19655]...: 7559418: ACCEPTED IN 14 TRIES, (AVG 539958.4285714285)
[1, 4, 10, 23, 57, 132, 301, 701, 1654, 3805, 8795, 19659]...: 9724515: ACCEPTED IN 18 TRIES, (AVG 540250.8333333334)
[1, 4, 10, 23, 57, 132, 301, 701, 1654, 3805, 8795, 19672]...: 5937221: ACCEPTED IN 11 TRIES, (AVG 539747.3636363636)
[1, 4, 10, 23, 57, 132, 301, 701, 1654, 3805, 8795, 19692]...: 8642497: ACCEPTED IN 16 TRIES, (AVG 540156.0625)
[1, 4, 10, 23, 57, 132, 301, 701, 1654, 3805, 8795, 19709]...: 8102328: ACCEPTED IN 15 TRIES, (AVG 540155.2)
[1, 4, 10, 23, 57, 132, 301, 701, 1654, 3805, 8795, 19713]...: 10267526: ACCEPTED IN 19 TRIES, (AVG 540396.1052631579)
[1, 4, 10, 23, 57, 132, 301, 701, 1654, 3805, 8795, 19746]...: 7020934: ACCEPTED IN 13 TRIES, (AVG 540071.8461538461)
[1, 4, 10, 23, 57, 132, 301, 701, 1654, 3805, 8795, 19750]...: 9185231: ACCEPTED IN 17 TRIES, (AVG 540307.7058823529)
[1, 4, 10, 23, 57, 132, 301, 701, 1654, 3805, 8795, 19754]...: 6478814: ACCEPTED IN 12 TRIES, (AVG 539901.1666666666)
[1, 4, 10, 23, 57, 132, 301, 701, 1654, 3805, 8795, 19783]...: 10265154: ACCEPTED IN 19 TRIES, (AVG 540271.2631578947)
[1, 4, 10, 23, 57, 132, 301, 701, 1654, 3805, 8795, 19787]...: 8101342: ACCEPTED IN 15 TRIES, (AVG 540089.4666666667)
[1, 4, 10, 23, 57, 132, 301, 701, 1654, 3805, 8795, 19791]...: 7559275: ACCEPTED IN 14 TRIES, (AVG 539948.2142857143)
[1, 4, 10, 23, 57, 132, 301, 701, 1654, 3805, 8795, 19804]...: 8642455: ACCEPTED IN 16 TRIES, (AVG 540153.4375)
[1, 4, 10, 23, 57, 132, 301, 701, 1654, 3805, 8795, 19824]...: 10267304: ACCEPTED IN 19 TRIES, (AVG 540384.4210526316)
[1, 4, 10, 23, 57, 132, 301, 701, 1654, 3805, 8795, 19841]...: 9183766: ACCEPTED IN 17 TRIES, (AVG 540221.5294117647)
[1, 4, 10, 23, 57, 132, 301, 701, 1654, 3805, 8795, 19845]...: 8102077: ACCEPTED IN 15 TRIES, (AVG 540138.4666666667)
[1, 4, 10, 23, 57, 132, 301, 701, 1654, 3805, 8795, 19857]...: 8101308: ACCEPTED IN 15 TRIES, (AVG 540087.2)
[1, 4, 10, 23, 57, 132, 301, 701, 1654, 3805, 8795, 19861]...: 9726073: ACCEPTED IN 18 TRIES, (AVG 540337.3888888889)
[1, 4, 10, 23, 57, 132, 301, 701, 1654, 3805, 8795, 19878]...: 10265921: ACCEPTED IN 19 TRIES, (AVG 540311.6315789474)
[1, 4, 10, 23, 57, 132, 301, 701, 1654, 3805, 8795, 19882]...: 9185440: ACCEPTED IN 17 TRIES, (AVG 540320.0)
[1, 4, 10, 23, 57, 132, 301, 701, 1654, 3805, 8795, 19886]...: 5396493: ACCEPTED IN 10 TRIES, (AVG 539649.3)
[1, 4, 10, 23, 57, 132, 301, 701, 1654, 3805, 8795, 19915]...: 11891133: ACCEPTED IN 22 TRIES, (AVG 540506.0454545454)
[1, 4, 10, 23, 57, 132, 301, 701, 1654, 3805, 8795, 19919]...: 5397244: ACCEPTED IN 10 TRIES, (AVG 539724.4)
[1, 4, 10, 23, 57, 132, 301, 701, 1654, 3805, 8795, 19923]...: 8643978: ACCEPTED IN 16 TRIES, (AVG 540248.625)
[1, 4, 10, 23, 57, 132, 301, 701, 1654, 3805, 8795, 19956]...: 12429520: ACCEPTED IN 23 TRIES, (AVG 540413.9130434783)
[1, 4, 10, 23, 57, 132, 301, 701, 1654, 3805, 8795, 19960]...: 11349593: ACCEPTED IN 21 TRIES, (AVG 540456.8095238095)
[1, 4, 10, 23, 57, 132, 301, 701, 1654, 3805, 8795, 19973]...: 11348908: ACCEPTED IN 21 TRIES, (AVG 540424.1904761905)
[1, 4, 10, 23, 57, 132, 301, 701, 1654, 3805, 8795, 19977]...: 14055716: ACCEPTED IN 26 TRIES, (AVG 540604.4615384615)
[1, 4, 10, 23, 57, 132, 301, 701, 1654, 3805, 8795, 19989]...: 10267152: ACCEPTED IN 19 TRIES, (AVG 540376.4210526316)
[1, 4, 10, 23, 57, 132, 301, 701, 1654, 3805, 8795, 19993]...: 12973002: ACCEPTED IN 24 TRIES, (AVG 540541.75)
[1, 4, 10, 23, 57, 132, 301, 701, 1654, 3805, 8795, 20010]...: 8643418: ACCEPTED IN 16 TRIES, (AVG 540213.625)
[1, 4, 10, 23, 57, 132, 301, 701, 1654, 3805, 8795, 20014]...: 10807780: ACCEPTED IN 20 TRIES, (AVG 540389.0)
[1, 4, 10, 23, 57, 132, 301, 701, 1654, 3805, 8795, 20018]...: 8100145: ACCEPTED IN 15 TRIES, (AVG 540009.6666666666)
[1, 4, 10, 23, 57, 132, 301, 701, 1654, 3805, 8795, 20047]...: 9726446: ACCEPTED IN 18 TRIES, (AVG 540358.1111111111)
[1, 4, 10, 23, 57, 132, 301, 701, 1654, 3805, 8795, 20051]...: 11350064: ACCEPTED IN 21 TRIES, (AVG 540479.2380952381)
[1, 4, 10, 23, 57, 132, 301, 701, 1654, 3805, 8795, 20055]...: 8643043: ACCEPTED IN 16 TRIES, (AVG 540190.1875)
[1, 4, 10, 23, 57, 132, 301, 701, 1654, 3805, 8795, 20084]...: 4315239: ACCEPTED IN 8 TRIES, (AVG 539404.875)
[1, 4, 10, 23, 57, 132, 301, 701, 1654, 3805, 8795, 20088]...: 9185093: ACCEPTED IN 17 TRIES, (AVG 540299.5882352941)
[1, 4, 10, 23, 57, 132, 301, 701, 1654, 3805, 8795, 20092]...: 11890493: ACCEPTED IN 22 TRIES, (AVG 540476.9545454546)
[1, 4, 10, 23, 57, 132, 301, 701, 1654, 3805, 8795, 20105]...: 7560166: ACCEPTED IN 14 TRIES, (AVG 540011.8571428572)
[1, 4, 10, 23, 57, 132, 301, 701, 1654, 3805, 8795, 20109]...: 9184856: ACCEPTED IN 17 TRIES, (AVG 540285.6470588235)
[1, 4, 10, 23, 57, 132, 301, 701, 1654, 3805, 8795, 20121]...: 9725988: ACCEPTED IN 18 TRIES, (AVG 540332.6666666666)
[1, 4, 10, 23, 57, 132, 301, 701, 1654, 3805, 8795, 20125]...: 9184397: ACCEPTED IN 17 TRIES, (AVG 540258.6470588235)
[1, 4, 10, 23, 57, 132, 301, 701, 1654, 3805, 8795, 20142]...: 9183022: ACCEPTED IN 17 TRIES, (AVG 540177.7647058824)
[1, 4, 10, 23, 57, 132, 301, 701, 1654, 3805, 8795, 20146]...: 7562063: ACCEPTED IN 14 TRIES, (AVG 540147.3571428572)
[1, 4, 10, 23, 57, 132, 301, 701, 1654, 3805, 8795, 20150]...: 9182212: ACCEPTED IN 17 TRIES, (AVG 540130.1176470588)
[1, 4, 10, 23, 57, 132, 301, 701, 1654, 3805, 8795, 20162]...: 5937735: ACCEPTED IN 11 TRIES, (AVG 539794.0909090909)
[1, 4, 10, 23, 57, 132, 301, 701, 1654, 3805, 8795, 20179]...: 9182217: ACCEPTED IN 17 TRIES, (AVG 540130.4117647059)
[1, 4, 10, 23, 57, 132, 301, 701, 1654, 3805, 8795, 20183]...: 7561916: ACCEPTED IN 14 TRIES, (AVG 540136.8571428572)
[1, 4, 10, 23, 57, 132, 301, 701, 1654, 3805, 8795, 20187]...: 9183267: ACCEPTED IN 17 TRIES, (AVG 540192.1764705882)
[1, 4, 10, 23, 57, 132, 301, 701, 1654, 3805, 8795, 20216]...: 7559212: ACCEPTED IN 14 TRIES, (AVG 539943.7142857143)
[1, 4, 10, 23, 57, 132, 301, 701, 1654, 3805, 8795, 20220]...: 15136604: ACCEPTED IN 28 TRIES, (AVG 540593.0)
[1, 4, 10, 23, 57, 132, 301, 701, 1654, 3805, 8795, 20224]...: 5936054: ACCEPTED IN 11 TRIES, (AVG 539641.2727272727)
[1, 4, 10, 23, 57, 132, 301, 701, 1654, 3805, 8795, 20241]...: 8643372: ACCEPTED IN 16 TRIES, (AVG 540210.75)
[1, 4, 10, 23, 57, 132, 301, 701, 1654, 3805, 8795, 20253]...: 8100471: ACCEPTED IN 15 TRIES, (AVG 540031.4)
[1, 4, 10, 23, 57, 132, 301, 701, 1654, 3805, 8795, 20257]...: 8102080: ACCEPTED IN 15 TRIES, (AVG 540138.6666666666)
[1, 4, 10, 23, 57, 132, 301, 701, 1654, 3805, 8795, 20261]...: 9184080: ACCEPTED IN 17 TRIES, (AVG 540240.0)
[1, 4, 10, 23, 57, 132, 301, 701, 1654, 3805, 8795, 20274]...: 8099970: ACCEPTED IN 15 TRIES, (AVG 539998.0)
[1, 4, 10, 23, 57, 132, 301, 701, 1654, 3805, 8795, 20278]...: 5396929: ACCEPTED IN 10 TRIES, (AVG 539692.9)
[1, 4, 10, 23, 57, 132, 301, 701, 1654, 3805, 8795, 20282]...: 7020356: ACCEPTED IN 13 TRIES, (AVG 540027.3846153846)
[1, 4, 10, 23, 57, 132, 301, 701, 1654, 3805, 8795, 20294]...: 6477203: ACCEPTED IN 12 TRIES, (AVG 539766.9166666666)
[1, 4, 10, 23, 57, 132, 301, 701, 1654, 3805, 8795, 20311]...: 8102074: ACCEPTED IN 15 TRIES, (AVG 540138.2666666667)
[1, 4, 10, 23, 57, 132, 301, 701, 1654, 3805, 8795, 20315]...: 10266645: ACCEPTED IN 19 TRIES, (AVG 540349.7368421053)
[1, 4, 10, 23, 57, 132, 301, 701, 1654, 3805, 8795, 20319]...: 9184954: ACCEPTED IN 17 TRIES, (AVG 540291.4117647059)
[1, 4, 10, 23, 57, 132, 301, 701, 1654, 3805, 8795, 20348]...: 8102534: ACCEPTED IN 15 TRIES, (AVG 540168.9333333333)
[1, 4, 10, 23, 57, 132, 301, 701, 1654, 3805, 8795, 20352]...: 5938544: ACCEPTED IN 11 TRIES, (AVG 539867.6363636364)
[1, 4, 10, 23, 57, 132, 301, 701, 1654, 3805, 8795, 20356]...: 7019278: ACCEPTED IN 13 TRIES, (AVG 539944.4615384615)
[1, 4, 10, 23, 57, 132, 301, 701, 1654, 3805, 8795, 20373]...: 7560903: ACCEPTED IN 14 TRIES, (AVG 540064.5)
[1, 4, 10, 23, 57, 132, 301, 701, 1654, 3805, 8795, 20385]...: 9185486: ACCEPTED IN 17 TRIES, (AVG 540322.7058823529)
[1, 4, 10, 23, 57, 132, 301, 701, 1654, 3805, 8795, 20389]...: 9725332: ACCEPTED IN 18 TRIES, (AVG 540296.2222222222)
[1, 4, 10, 23, 57, 132, 301, 701, 1654, 3805, 8795, 20393]...: 8640732: ACCEPTED IN 16 TRIES, (AVG 540045.75)
[1, 4, 10, 23, 57, 132, 301, 701, 1654, 3805, 8795, 20406]...: 7019595: ACCEPTED IN 13 TRIES, (AVG 539968.8461538461)
[1, 4, 10, 23, 57, 132, 301, 701, 1654, 3805, 8795, 20410]...: 4856247: ACCEPTED IN 9 TRIES, (AVG 539583.0)
[1, 4, 10, 23, 57, 132, 301, 701, 1654, 3805, 8795, 20414]...: 3231858: ACCEPTED IN 6 TRIES, (AVG 538643.0)
[1, 4, 10, 23, 57, 132, 301, 701, 1654, 3805, 8795, 20426]...: 10262899: ACCEPTED IN 19 TRIES, (AVG 540152.5789473684)
[1, 4, 10, 23, 57, 132, 301, 701, 1654, 3805, 8795, 20443]...: 9725667: ACCEPTED IN 18 TRIES, (AVG 540314.8333333334)
[1, 4, 10, 23, 57, 132, 301, 701, 1654, 3805, 8795, 20447]...: 7020978: ACCEPTED IN 13 TRIES, (AVG 540075.2307692308)
[1, 4, 10, 23, 57, 132, 301, 701, 1654, 3805, 8795, 20451]...: 3232933: ACCEPTED IN 6 TRIES, (AVG 538822.1666666666)
[1, 4, 10, 23, 57, 132, 301, 701, 1654, 3805, 8795, 20480]...: 5397160: ACCEPTED IN 10 TRIES, (AVG 539716.0)
[1, 4, 10, 23, 57, 132, 301, 701, 1654, 3805, 8795, 20484]...: 6479398: ACCEPTED IN 12 TRIES, (AVG 539949.8333333334)
[1, 4, 10, 23, 57, 132, 301, 701, 1654, 3805, 8795, 20488]...: 7561672: ACCEPTED IN 14 TRIES, (AVG 540119.4285714285)
[1, 4, 10, 23, 57, 132, 301, 701, 1654, 3805, 8795, 20505]...: 5397514: ACCEPTED IN 10 TRIES, (AVG 539751.4)
[1, 4, 10, 23, 57, 132, 301, 701, 1654, 3805, 8795, 20517]...: 8102893: ACCEPTED IN 15 TRIES, (AVG 540192.8666666667)
[1, 4, 10, 23, 57, 132, 301, 701, 1654, 3805, 8795, 20521]...: 6478718: ACCEPTED IN 12 TRIES, (AVG 539893.1666666666)
[1, 4, 10, 23, 57, 132, 301, 701, 1654, 3805, 8795, 20525]...: 6478688: ACCEPTED IN 12 TRIES, (AVG 539890.6666666666)
[1, 4, 10, 23, 57, 132, 301, 701, 1654, 3805, 8795, 20534]...: 8101670: ACCEPTED IN 15 TRIES, (AVG 540111.3333333334)
[1, 4, 10, 23, 57, 132, 301, 701, 1654, 3805, 8795, 20542]...: 7560476: ACCEPTED IN 14 TRIES, (AVG 540034.0)
[1, 4, 10, 23, 57, 132, 301, 701, 1654, 3805, 8795, 20546]...: 5395525: ACCEPTED IN 10 TRIES, (AVG 539552.5)
[1, 4, 10, 23, 57, 132, 301, 701, 1654, 3805, 8795, 20558]...: 5936702: ACCEPTED IN 11 TRIES, (AVG 539700.1818181818)
[1, 4, 10, 23, 57, 132, 301, 701, 1654, 3805, 8795, 20562]...: 9725768: ACCEPTED IN 18 TRIES, (AVG 540320.4444444445)
[1, 4, 10, 23, 57, 132, 301, 701, 1654, 3805, 8795, 20575]...: 8103148: ACCEPTED IN 15 TRIES, (AVG 540209.8666666667)
[1, 4, 10, 23, 57, 132, 301, 701, 1654, 3805, 8795, 20579]...: 7560599: ACCEPTED IN 14 TRIES, (AVG 540042.7857142857)
[1, 4, 10, 23, 57, 132, 301, 701, 1654, 3805, 8795, 20583]...: 7019297: ACCEPTED IN 13 TRIES, (AVG 539945.9230769231)
[1, 4, 10, 23, 57, 132, 301, 701, 1654, 3805, 8795, 20612]...: 9725671: ACCEPTED IN 18 TRIES, (AVG 540315.0555555555)
[1, 4, 10, 23, 57, 132, 301, 701, 1654, 3805, 8795, 20616]...: 8102903: ACCEPTED IN 15 TRIES, (AVG 540193.5333333333)
[1, 4, 10, 23, 57, 132, 301, 701, 1654, 3805, 8795, 20620]...: 7020064: ACCEPTED IN 13 TRIES, (AVG 540004.9230769231)
[1, 4, 10, 23, 57, 132, 301, 701, 1654, 3805, 8795, 20649]...: 7561245: ACCEPTED IN 14 TRIES, (AVG 540088.9285714285)
[1, 4, 10, 23, 57, 132, 301, 701, 1654, 3805, 8795, 20653]...: 10808692: ACCEPTED IN 20 TRIES, (AVG 540434.6)
[1, 4, 10, 23, 57, 132, 301, 701, 1654, 3805, 8795, 20657]...: 7020036: ACCEPTED IN 13 TRIES, (AVG 540002.7692307692)
[1, 4, 10, 23, 57, 132, 301, 701, 1654, 3805, 8795, 20666]...: 7020571: ACCEPTED IN 13 TRIES, (AVG 540043.9230769231)
[1, 4, 10, 23, 57, 132, 301, 701, 1654, 3805, 8795, 20674]...: 7560192: ACCEPTED IN 14 TRIES, (AVG 540013.7142857143)
[1, 4, 10, 23, 57, 132, 301, 701, 1654, 3805, 8795, 20678]...: 9724962: ACCEPTED IN 18 TRIES, (AVG 540275.6666666666)
[1, 4, 10, 23, 57, 132, 301, 701, 1654, 3805, 8795, 20690]...: 7561963: ACCEPTED IN 14 TRIES, (AVG 540140.2142857143)
[1, 4, 10, 23, 57, 132, 301, 701, 1654, 3805, 8795, 20694]...: 9183932: ACCEPTED IN 17 TRIES, (AVG 540231.2941176471)
[1, 4, 10, 23, 57, 132, 301, 701, 1654, 3805, 8795, 20707]...: 6479013: ACCEPTED IN 12 TRIES, (AVG 539917.75)
[1, 4, 10, 23, 57, 132, 301, 701, 1654, 3805, 8795, 20711]...: 7019987: ACCEPTED IN 13 TRIES, (AVG 539999.0)
[1, 4, 10, 23, 57, 132, 301, 701, 1654, 3805, 8795, 20744]...: 7560251: ACCEPTED IN 14 TRIES, (AVG 540017.9285714285)
[1, 4, 10, 23, 57, 132, 301, 701, 1654, 3805, 8795, 20748]...: 6478941: ACCEPTED IN 12 TRIES, (AVG 539911.75)
[1, 4, 10, 23, 57, 132, 301, 701, 1654, 3805, 8795, 20752]...: 7019201: ACCEPTED IN 13 TRIES, (AVG 539938.5384615385)
[1, 4, 10, 23, 57, 132, 301, 701, 1654, 3805, 8795, 20781]...: 7561415: ACCEPTED IN 14 TRIES, (AVG 540101.0714285715)
[1, 4, 10, 23, 57, 132, 301, 701, 1654, 3805, 8795, 20785]...: 4315103: ACCEPTED IN 8 TRIES, (AVG 539387.875)
[1, 4, 10, 23, 57, 132, 301, 701, 1654, 3805, 8795, 20789]...: 8102057: ACCEPTED IN 15 TRIES, (AVG 540137.1333333333)
[1, 4, 10, 23, 57, 132, 301, 701, 1654, 3805, 8795, 20798]...: 12431347: ACCEPTED IN 23 TRIES, (AVG 540493.3478260869)
[1, 4, 10, 23, 57, 132, 301, 701, 1654, 3805, 8795, 20806]...: 3232035: ACCEPTED IN 6 TRIES, (AVG 538672.5)
[1, 4, 10, 23, 57, 132, 301, 701, 1654, 3805, 8795, 20810]...: 6479460: ACCEPTED IN 12 TRIES, (AVG 539955.0)
[1, 4, 10, 23, 57, 132, 301, 701, 1654, 3805, 8795, 20822]...: 7561915: ACCEPTED IN 14 TRIES, (AVG 540136.7857142857)
[1, 4, 10, 23, 57, 132, 301, 701, 1654, 3805, 8795, 20826]...: 5937507: ACCEPTED IN 11 TRIES, (AVG 539773.3636363636)
[1, 4, 10, 23, 57, 132, 301, 701, 1654, 3805, 8795, 20835]...: 8102956: ACCEPTED IN 15 TRIES, (AVG 540197.0666666667)
[1, 4, 10, 23, 57, 132, 301, 701, 1654, 3805, 8795, 20839]...: 9182940: ACCEPTED IN 17 TRIES, (AVG 540172.9411764706)
[1, 4, 10, 23, 57, 132, 301, 701, 1654, 3805, 8795, 20843]...: 5936770: ACCEPTED IN 11 TRIES, (AVG 539706.3636363636)
[1, 4, 10, 23, 57, 132, 301, 701, 1654, 3805, 8795, 20863]...: 7562050: ACCEPTED IN 14 TRIES, (AVG 540146.4285714285)
[1, 4, 10, 23, 57, 132, 301, 701, 1654, 3805, 8795, 20876]...: 7562097: ACCEPTED IN 14 TRIES, (AVG 540149.7857142857)
[1, 4, 10, 23, 57, 132, 301, 701, 1654, 3805, 8795, 20880]...: 5396640: ACCEPTED IN 10 TRIES, (AVG 539664.0)
[1, 4, 10, 23, 57, 132, 301, 701, 1654, 3805, 8795, 20884]...: 15678109: ACCEPTED IN 29 TRIES, (AVG 540624.448275862)
[1, 4, 10, 23, 57, 132, 301, 701, 1654, 3805, 8795, 20913]...: 7019198: ACCEPTED IN 13 TRIES, (AVG 539938.3076923077)
[1, 4, 10, 23, 57, 132, 301, 701, 1654, 3805, 8795, 20917]...: 8642623: ACCEPTED IN 16 TRIES, (AVG 540163.9375)
[1, 4, 10, 23, 57, 132, 301, 701, 1654, 3805, 8795, 20921]...: 7019200: ACCEPTED IN 13 TRIES, (AVG 539938.4615384615)
[1, 4, 10, 23, 57, 132, 301, 701, 1654, 3805, 8795, 20930]...: 11350078: ACCEPTED IN 21 TRIES, (AVG 540479.9047619047)
[1, 4, 10, 23, 57, 132, 301, 701, 1654, 3805, 8795, 20942]...: 8102483: ACCEPTED IN 15 TRIES, (AVG 540165.5333333333)
[1, 4, 10, 23, 57, 132, 301, 701, 1654, 3805, 8795, 20954]...: 5937762: ACCEPTED IN 11 TRIES, (AVG 539796.5454545454)
[1, 4, 10, 23, 57, 132, 301, 701, 1654, 3805, 8795, 20958]...: 9726273: ACCEPTED IN 18 TRIES, (AVG 540348.5)
[1, 4, 10, 23, 57, 132, 301, 701, 1654, 3805, 8795, 20967]...: 4855244: ACCEPTED IN 9 TRIES, (AVG 539471.5555555555)
[1, 4, 10, 23, 57, 132, 301, 701, 1654, 3805, 8795, 20971]...: 5938149: ACCEPTED IN 11 TRIES, (AVG 539831.7272727273)
[1, 4, 10, 23, 57, 132, 301, 701, 1654, 3805, 8795, 20975]...: 9184764: ACCEPTED IN 17 TRIES, (AVG 540280.2352941176)
[1, 4, 10, 23, 57, 132, 301, 701, 1654, 3805, 8795, 20995]...: 10807411: ACCEPTED IN 20 TRIES, (AVG 540370.55)
[1, 4, 10, 23, 57, 132, 301, 701, 1654, 3805, 8795, 21008]...: 6479760: ACCEPTED IN 12 TRIES, (AVG 539980.0)
[1, 4, 10, 23, 57, 132, 301, 701, 1654, 3805, 8795, 21012]...: 8641865: ACCEPTED IN 16 TRIES, (AVG 540116.5625)
[1, 4, 10, 23, 57, 132, 301, 701, 1654, 3805, 8795, 21045]...: 7560229: ACCEPTED IN 14 TRIES, (AVG 540016.3571428572)
[1, 4, 10, 23, 57, 132, 301, 701, 1654, 3805, 8795, 21049]...: 8643488: ACCEPTED IN 16 TRIES, (AVG 540218.0)
[1, 4, 10, 23, 57, 132, 301, 701, 1654, 3805, 8795, 21053]...: 9725273: ACCEPTED IN 18 TRIES, (AVG 540292.9444444445)
[1, 4, 10, 23, 57, 132, 301, 701, 1654, 3805, 8795, 21062]...: 12431800: ACCEPTED IN 23 TRIES, (AVG 540513.0434782609)
[1, 4, 10, 23, 57, 132, 301, 701, 1654, 3805, 8795, 21074]...: 8643609: ACCEPTED IN 16 TRIES, (AVG 540225.5625)
[1, 4, 10, 23, 57, 132, 301, 701, 1654, 3805, 8795, 21086]...: 10807817: ACCEPTED IN 20 TRIES, (AVG 540390.85)
[1, 4, 10, 23, 57, 132, 301, 701, 1654, 3805, 8795, 21090]...: 9725044: ACCEPTED IN 18 TRIES, (AVG 540280.2222222222)
[1, 4, 10, 23, 57, 132, 301, 701, 1654, 3805, 8795, 21099]...: 8643018: ACCEPTED IN 16 TRIES, (AVG 540188.625)
[1, 4, 10, 23, 57, 132, 301, 701, 1654, 3805, 8795, 21103]...: 10267201: ACCEPTED IN 19 TRIES, (AVG 540379.0)
[1, 4, 10, 23, 57, 132, 301, 701, 1654, 3805, 8795, 21107]...: 4314481: ACCEPTED IN 8 TRIES, (AVG 539310.125)
