[1, 4, 10, 23, 57, 132, 301, 701, 1654, 3677, 8812, 19392]...: 14055531: ACCEPTED IN 26 TRIES, (AVG 540597.3461538461)
[1, 4, 10, 23, 57, 132, 301, 701, 1654, 3677, 8812, 19442]...: 28665959: ACCEPTED IN 53 TRIES, (AVG 540867.1509433963)
[1, 4, 10, 23, 57, 132, 301, 701, 1654, 3677, 8812, 19483]...: 35701193: ACCEPTED IN 66 TRIES, (AVG 540927.1666666666)
[1, 4, 10, 23, 57, 132, 301, 701, 1654, 3677, 8812, 19487]...: 9724813: ACCEPTED IN 18 TRIES, (AVG 540267.3888888889)
[1, 4, 10, 23, 57, 132, 301, 701, 1654, 3677, 8812, 19524]...: 11891102: ACCEPTED IN 22 TRIES, (AVG 540504.6363636364)
[1, 4, 10, 23, 57, 132, 301, 701, 1654, 3677, 8812, 19574]...: 7020492: ACCEPTED IN 13 TRIES, (AVG 540037.8461538461)
[1, 4, 10, 23, 57, 132, 301, 701, 1654, 3677, 8812, 19611]...: 18384521: ACCEPTED IN 34 TRIES, (AVG 540721.2058823529)
[1, 4, 10, 23, 57, 132, 301, 701, 1654, 3677, 8812, 19615]...: 18384500: ACCEPTED IN 34 TRIES, (AVG 540720.5882352941)
[1, 4, 10, 23, 57, 132, 301, 701, 1654, 3677, 8812, 19656]...: 36241836: ACCEPTED IN 67 TRIES, (AVG 540922.9253731343)
[1, 4, 10, 23, 57, 132, 301, 701, 1654, 3677, 8812, 19706]...: 30286994: ACCEPTED IN 56 TRIES, (AVG 540839.1785714285)
[1, 4, 10, 23, 57, 132, 301, 701, 1654, 3677, 8812, 19743]...: 9184113: ACCEPTED IN 17 TRIES, (AVG 540241.9411764706)
[1, 4, 10, 23, 57, 132, 301, 701, 1654, 3677, 8812, 19747]...: 10808621: ACCEPTED IN 20 TRIES, (AVG 540431.05)
[1, 4, 10, 23, 57, 132, 301, 701, 1654, 3677, 8812, 19788]...: 15679083: ACCEPTED IN 29 TRIES, (AVG 540658.0344827586)
[1, 4, 10, 23, 57, 132, 301, 701, 1654, 3677, 8812, 19838]...: 28665822: ACCEPTED IN 53 TRIES, (AVG 540864.5660377359)
[1, 4, 10, 23, 57, 132, 301, 701, 1654, 3677, 8812, 19875]...: 10266893: ACCEPTED IN 19 TRIES, (AVG 540362.7894736842)
[1, 4, 10, 23, 57, 132, 301, 701, 1654, 3677, 8812, 19879]...: 8101589: ACCEPTED IN 15 TRIES, (AVG 540105.9333333333)
[1, 4, 10, 23, 57, 132, 301, 701, 1654, 3677, 8812, 19912]...: 14055700: ACCEPTED IN 26 TRIES, (AVG 540603.8461538461)
[1, 4, 10, 23, 57, 132, 301, 701, 1654, 3677, 8812, 19920]...: 10808863: ACCEPTED IN 20 TRIES, (AVG 540443.15)
[1, 4, 10, 23, 57, 132, 301, 701, 1654, 3677, 8812, 20007]...: 9726131: ACCEPTED IN 18 TRIES, (AVG 540340.6111111111)
[1, 4, 10, 23, 57, 132, 301, 701, 1654, 3677, 8812, 20011]...: 7019216: ACCEPTED IN 13 TRIES, (AVG 539939.6923076923)
[1, 4, 10, 23, 57, 132, 301, 701, 1654, 3677, 8812, 20044]...: 12972641: ACCEPTED IN 24 TRIES, (AVG 540526.7083333334)
[1, 4, 10, 23, 57, 132, 301, 701, 1654, 3677, 8812, 20052]...: 9725893: ACCEPTED IN 18 TRIES, (AVG 540327.3888888889)
[1, 4, 10, 23, 57, 132, 301, 701, 1654, 3677, 8812, 20139]...: 7560682: ACCEPTED IN 14 TRIES, (AVG 540048.7142857143)
[1, 4, 10, 23, 57, 132, 301, 701, 1654, 3677, 8812, 20143]...: 8103097: ACCEPTED IN 15 TRIES, (AVG 540206.4666666667)
[1, 4, 10, 23, 57, 132, 301, 701, 1654, 3677, 8812, 20176]...: 7559873: ACCEPTED IN 14 TRIES, (AVG 539990.9285714285)
[1, 4, 10, 23, 57, 132, 301, 701, 1654, 3677, 8812, 20184]...: 18383285: ACCEPTED IN 34 TRIES, (AVG 540684.8529411765)
[1, 4, 10, 23, 57, 132, 301, 701, 1654, 3677, 8812, 20213]...: 9184956: ACCEPTED IN 17 TRIES, (AVG 540291.5294117647)
[1, 4, 10, 23, 57, 132, 301, 701, 1654, 3677, 8812, 20275]...: 8103195: ACCEPTED IN 15 TRIES, (AVG 540213.0)
[1, 4, 10, 23, 57, 132, 301, 701, 1654, 3677, 8812, 20308]...: 6478740: ACCEPTED IN 12 TRIES, (AVG 539895.0)
[1, 4, 10, 23, 57, 132, 301, 701, 1654, 3677, 8812, 20312]...: 8101900: ACCEPTED IN 15 TRIES, (AVG 540126.6666666666)
[1, 4, 10, 23, 57, 132, 301, 701, 1654, 3677, 8812, 20345]...: 12432099: ACCEPTED IN 23 TRIES, (AVG 540526.0434782609)
[1, 4, 10, 23, 57, 132, 301, 701, 1654, 3677, 8812, 20407]...: 8643646: ACCEPTED IN 16 TRIES, (AVG 540227.875)
[1, 4, 10, 23, 57, 132, 301, 701, 1654, 3677, 8812, 20440]...: 7560043: ACCEPTED IN 14 TRIES, (AVG 540003.0714285715)
[1, 4, 10, 23, 57, 132, 301, 701, 1654, 3677, 8812, 20444]...: 15137160: ACCEPTED IN 28 TRIES, (AVG 540612.8571428572)
[1, 4, 10, 23, 57, 132, 301, 701, 1654, 3677, 8812, 20477]...: 7559074: ACCEPTED IN 14 TRIES, (AVG 539933.8571428572)
[1, 4, 10, 23, 57, 132, 301, 701, 1654, 3677, 8812, 20539]...: 9725992: ACCEPTED IN 18 TRIES, (AVG 540332.8888888889)
[1, 4, 10, 23, 57, 132, 301, 701, 1654, 3677, 8812, 20568]...: 5935995: ACCEPTED IN 11 TRIES, (AVG 539635.9090909091)
[1, 4, 10, 23, 57, 132, 301, 701, 1654, 3677, 8812, 20576]...: 10806536: ACCEPTED IN 20 TRIES, (AVG 540326.8)
[1, 4, 10, 23, 57, 132, 301, 701, 1654, 3677, 8812, 20609]...: 8102346: ACCEPTED IN 15 TRIES, (AVG 540156.4)
[1, 4, 10, 23, 57, 132, 301, 701, 1654, 3677, 8812, 20613]...: 9724072: ACCEPTED IN 18 TRIES, (AVG 540226.2222222222)
[1, 4, 10, 23, 57, 132, 301, 701, 1654, 3677, 8812, 20700]...: 9725966: ACCEPTED IN 18 TRIES, (AVG 540331.4444444445)
[1, 4, 10, 23, 57, 132, 301, 701, 1654, 3677, 8812, 20708]...: 5937414: ACCEPTED IN 11 TRIES, (AVG 539764.9090909091)
[1, 4, 10, 23, 57, 132, 301, 701, 1654, 3677, 8812, 20741]...: 8101415: ACCEPTED IN 15 TRIES, (AVG 540094.3333333334)
[1, 4, 10, 23, 57, 132, 301, 701, 1654, 3677, 8812, 20745]...: 24877524: ACCEPTED IN 46 TRIES, (AVG 540815.7391304348)
[1, 4, 10, 23, 57, 132, 301, 701, 1654, 3677, 8812, 20832]...: 9183420: ACCEPTED IN 17 TRIES, (AVG 540201.1764705882)
[1, 4, 10, 23, 57, 132, 301, 701, 1654, 3677, 8812, 20840]...: 5937406: ACCEPTED IN 11 TRIES, (AVG 539764.1818181818)
[1, 4, 10, 23, 57, 132, 301, 701, 1654, 3677, 8812, 20873]...: 9726404: ACCEPTED IN 18 TRIES, (AVG 540355.7777777778)
[1, 4, 10, 23, 57, 132, 301, 701, 1654, 3677, 8812, 20877]...: 9183269: ACCEPTED IN 17 TRIES, (AVG 540192.2941176471)
[1, 4, 10, 23, 57, 132, 301, 701, 1654, 3677, 8812, 20914]...: 7560833: ACCEPTED IN 14 TRIES, (AVG 540059.5)
[1, 4, 10, 23, 57, 132, 301, 701, 1654, 3677, 8812, 20964]...: 9182363: ACCEPTED IN 17 TRIES, (AVG 540139.0)
[1, 4, 10, 23, 57, 132, 301, 701, 1654, 3677, 8812, 21005]...: 7561179: ACCEPTED IN 14 TRIES, (AVG 540084.2142857143)
[1, 4, 10, 23, 57, 132, 301, 701, 1654, 3677, 8812, 21009]...: 8643465: ACCEPTED IN 16 TRIES, (AVG 540216.5625)
[1, 4, 10, 23, 57, 132, 301, 701, 1654, 3677, 8812, 21046]...: 9185153: ACCEPTED IN 17 TRIES, (AVG 540303.1176470588)
[1, 4, 10, 23, 57, 132, 301, 701, 1654, 3677, 8812, 21096]...: 8102208: ACCEPTED IN 15 TRIES, (AVG 540147.2)
[1, 4, 10, 23, 57, 132, 301, 701, 1654, 3677, 8812, 21137]...: 9185257: ACCEPTED IN 17 TRIES, (AVG 540309.2352941176)
[1, 4, 10, 23, 57, 132, 301, 701, 1654, 3677, 8812, 21141]...: 9725974: ACCEPTED IN 18 TRIES, (AVG 540331.8888888889)
