[1, 4, 10, 23, 57, 132, 301, 701, 1654, 3912, 8650, 19039]...: 32995350: ACCEPTED IN 61 TRIES, (AVG 540907.3770491803)
[1, 4, 10, 23, 57, 132, 301, 701, 1654, 3912, 8650, 19043]...: 20546248: ACCEPTED IN 38 TRIES, (AVG 540690.7368421053)
[1, 4, 10, 23, 57, 132, 301, 701, 1654, 3912, 8650, 19051]...: 72497558: ACCEPTED IN 134 TRIES, (AVG 541026.5522388059)
[1, 4, 10, 23, 57, 132, 301, 701, 1654, 3912, 8650, 19055]...: 39488723: ACCEPTED IN 73 TRIES, (AVG 540941.4109589041)
[1, 4, 10, 23, 57, 132, 301, 701, 1654, 3912, 8650, 19076]...: 18924240: ACCEPTED IN 35 TRIES, (AVG 540692.5714285715)
[1, 4, 10, 23, 57, 132, 301, 701, 1654, 3912, 8650, 19080]...: 33534118: ACCEPTED IN 62 TRIES, (AVG 540872.8709677419)
[1, 4, 10, 23, 57, 132, 301, 701, 1654, 3912, 8650, 19084]...: 32454280: ACCEPTED IN 60 TRIES, (AVG 540904.6666666666)
[1, 4, 10, 23, 57, 132, 301, 701, 1654, 3912, 8650, 19088]...: 10808461: ACCEPTED IN 20 TRIES, (AVG 540423.05)
[1, 4, 10, 23, 57, 132, 301, 701, 1654, 3912, 8650, 19092]...: 33536564: ACCEPTED IN 62 TRIES, (AVG 540912.3225806452)
[1, 4, 10, 23, 57, 132, 301, 701, 1654, 3912, 8650, 19096]...: 19466626: ACCEPTED IN 36 TRIES, (AVG 540739.6111111111)
[1, 4, 10, 23, 57, 132, 301, 701, 1654, 3912, 8650, 19113]...: 41112472: ACCEPTED IN 76 TRIES, (AVG 540953.5789473684)
[1, 4, 10, 23, 57, 132, 301, 701, 1654, 3912, 8650, 19117]...: 23795204: ACCEPTED IN 44 TRIES, (AVG 540800.0909090909)
[1, 4, 10, 23, 57, 132, 301, 701, 1654, 3912, 8650, 19121]...: 19466632: ACCEPTED IN 36 TRIES, (AVG 540739.7777777778)
[1, 4, 10, 23, 57, 132, 301, 701, 1654, 3912, 8650, 19125]...: 15137589: ACCEPTED IN 28 TRIES, (AVG 540628.1785714285)
[1, 4, 10, 23, 57, 132, 301, 701, 1654, 3912, 8650, 19129]...: 19466235: ACCEPTED IN 36 TRIES, (AVG 540728.75)
[1, 4, 10, 23, 57, 132, 301, 701, 1654, 3912, 8650, 19133]...: 31912428: ACCEPTED IN 59 TRIES, (AVG 540888.6101694915)
[1, 4, 10, 23, 57, 132, 301, 701, 1654, 3912, 8650, 19158]...: 39488853: ACCEPTED IN 73 TRIES, (AVG 540943.1917808219)
[1, 4, 10, 23, 57, 132, 301, 701, 1654, 3912, 8650, 19171]...: 20548198: ACCEPTED IN 38 TRIES, (AVG 540742.052631579)
[1, 4, 10, 23, 57, 132, 301, 701, 1654, 3912, 8650, 19175]...: 10264572: ACCEPTED IN 19 TRIES, (AVG 540240.6315789474)
[1, 4, 10, 23, 57, 132, 301, 701, 1654, 3912, 8650, 19183]...: 12973485: ACCEPTED IN 24 TRIES, (AVG 540561.875)
[1, 4, 10, 23, 57, 132, 301, 701, 1654, 3912, 8650, 19187]...: 20007866: ACCEPTED IN 37 TRIES, (AVG 540753.1351351351)
[1, 4, 10, 23, 57, 132, 301, 701, 1654, 3912, 8650, 19208]...: 32454004: ACCEPTED IN 60 TRIES, (AVG 540900.0666666667)
[1, 4, 10, 23, 57, 132, 301, 701, 1654, 3912, 8650, 19212]...: 23796089: ACCEPTED IN 44 TRIES, (AVG 540820.2045454546)
[1, 4, 10, 23, 57, 132, 301, 701, 1654, 3912, 8650, 19216]...: 10267729: ACCEPTED IN 19 TRIES, (AVG 540406.7894736842)
[1, 4, 10, 23, 57, 132, 301, 701, 1654, 3912, 8650, 19220]...: 20547885: ACCEPTED IN 38 TRIES, (AVG 540733.8157894737)
[1, 4, 10, 23, 57, 132, 301, 701, 1654, 3912, 8650, 19224]...: 34076434: ACCEPTED IN 63 TRIES, (AVG 540895.7777777778)
[1, 4, 10, 23, 57, 132, 301, 701, 1654, 3912, 8650, 19245]...: 14055329: ACCEPTED IN 26 TRIES, (AVG 540589.5769230769)
[1, 4, 10, 23, 57, 132, 301, 701, 1654, 3912, 8650, 19249]...: 25417694: ACCEPTED IN 47 TRIES, (AVG 540802.0)
[1, 4, 10, 23, 57, 132, 301, 701, 1654, 3912, 8650, 19253]...: 28124556: ACCEPTED IN 52 TRIES, (AVG 540856.8461538461)
[1, 4, 10, 23, 57, 132, 301, 701, 1654, 3912, 8650, 19257]...: 11889689: ACCEPTED IN 22 TRIES, (AVG 540440.4090909091)
[1, 4, 10, 23, 57, 132, 301, 701, 1654, 3912, 8650, 19261]...: 5397454: ACCEPTED IN 10 TRIES, (AVG 539745.4)
[1, 4, 10, 23, 57, 132, 301, 701, 1654, 3912, 8650, 19265]...: 17842706: ACCEPTED IN 33 TRIES, (AVG 540688.0606060605)
[1, 4, 10, 23, 57, 132, 301, 701, 1654, 3912, 8650, 19290]...: 22713644: ACCEPTED IN 42 TRIES, (AVG 540801.0476190476)
[1, 4, 10, 23, 57, 132, 301, 701, 1654, 3912, 8650, 19303]...: 9726653: ACCEPTED IN 18 TRIES, (AVG 540369.6111111111)
[1, 4, 10, 23, 57, 132, 301, 701, 1654, 3912, 8650, 19307]...: 32453052: ACCEPTED IN 60 TRIES, (AVG 540884.2)
[1, 4, 10, 23, 57, 132, 301, 701, 1654, 3912, 8650, 19319]...: 20008179: ACCEPTED IN 37 TRIES, (AVG 540761.5945945946)
[1, 4, 10, 23, 57, 132, 301, 701, 1654, 3912, 8650, 19340]...: 32992929: ACCEPTED IN 61 TRIES, (AVG 540867.6885245901)
[1, 4, 10, 23, 57, 132, 301, 701, 1654, 3912, 8650, 19344]...: 11889481: ACCEPTED IN 22 TRIES, (AVG 540430.9545454546)
[1, 4, 10, 23, 57, 132, 301, 701, 1654, 3912, 8650, 19348]...: 5395639: ACCEPTED IN 10 TRIES, (AVG 539563.9)
[1, 4, 10, 23, 57, 132, 301, 701, 1654, 3912, 8650, 19352]...: 28123992: ACCEPTED IN 52 TRIES, (AVG 540846.0)
[1, 4, 10, 23, 57, 132, 301, 701, 1654, 3912, 8650, 19356]...: 5397001: ACCEPTED IN 10 TRIES, (AVG 539700.1)
[1, 4, 10, 23, 57, 132, 301, 701, 1654, 3912, 8650, 19377]...: 23254086: ACCEPTED IN 43 TRIES, (AVG 540792.6976744186)
[1, 4, 10, 23, 57, 132, 301, 701, 1654, 3912, 8650, 19381]...: 14055557: ACCEPTED IN 26 TRIES, (AVG 540598.3461538461)
[1, 4, 10, 23, 57, 132, 301, 701, 1654, 3912, 8650, 19385]...: 6479251: ACCEPTED IN 12 TRIES, (AVG 539937.5833333334)
[1, 4, 10, 23, 57, 132, 301, 701, 1654, 3912, 8650, 19389]...: 20549190: ACCEPTED IN 38 TRIES, (AVG 540768.1578947369)
[1, 4, 10, 23, 57, 132, 301, 701, 1654, 3912, 8650, 19393]...: 3772739: ACCEPTED IN 7 TRIES, (AVG 538962.7142857143)
[1, 4, 10, 23, 57, 132, 301, 701, 1654, 3912, 8650, 19397]...: 7020879: ACCEPTED IN 13 TRIES, (AVG 540067.6153846154)
[1, 4, 10, 23, 57, 132, 301, 701, 1654, 3912, 8650, 19414]...: 69792266: ACCEPTED IN 129 TRIES, (AVG 541025.3178294573)
[1, 4, 10, 23, 57, 132, 301, 701, 1654, 3912, 8650, 19422]...: 31371376: ACCEPTED IN 58 TRIES, (AVG 540885.7931034482)
[1, 4, 10, 23, 57, 132, 301, 701, 1654, 3912, 8650, 19426]...: 36781456: ACCEPTED IN 68 TRIES, (AVG 540903.7647058824)
[1, 4, 10, 23, 57, 132, 301, 701, 1654, 3912, 8650, 19435]...: 20007630: ACCEPTED IN 37 TRIES, (AVG 540746.7567567568)
[1, 4, 10, 23, 57, 132, 301, 701, 1654, 3912, 8650, 19439]...: 33535558: ACCEPTED IN 62 TRIES, (AVG 540896.0967741936)
[1, 4, 10, 23, 57, 132, 301, 701, 1654, 3912, 8650, 19451]...: 19466699: ACCEPTED IN 36 TRIES, (AVG 540741.6388888889)
[1, 4, 10, 23, 57, 132, 301, 701, 1654, 3912, 8650, 19472]...: 14595766: ACCEPTED IN 27 TRIES, (AVG 540583.925925926)
[1, 4, 10, 23, 57, 132, 301, 701, 1654, 3912, 8650, 19476]...: 7561905: ACCEPTED IN 14 TRIES, (AVG 540136.0714285715)
[1, 4, 10, 23, 57, 132, 301, 701, 1654, 3912, 8650, 19480]...: 6479061: ACCEPTED IN 12 TRIES, (AVG 539921.75)
[1, 4, 10, 23, 57, 132, 301, 701, 1654, 3912, 8650, 19484]...: 4314830: ACCEPTED IN 8 TRIES, (AVG 539353.75)
[1, 4, 10, 23, 57, 132, 301, 701, 1654, 3912, 8650, 19488]...: 21630269: ACCEPTED IN 40 TRIES, (AVG 540756.725)
[1, 4, 10, 23, 57, 132, 301, 701, 1654, 3912, 8650, 19509]...: 7561305: ACCEPTED IN 14 TRIES, (AVG 540093.2142857143)
[1, 4, 10, 23, 57, 132, 301, 701, 1654, 3912, 8650, 19513]...: 4314377: ACCEPTED IN 8 TRIES, (AVG 539297.125)
[1, 4, 10, 23, 57, 132, 301, 701, 1654, 3912, 8650, 19514]...: 25959921: ACCEPTED IN 48 TRIES, (AVG 540831.6875)
[1, 4, 10, 23, 57, 132, 301, 701, 1654, 3912, 8650, 19517]...: 14596765: ACCEPTED IN 27 TRIES, (AVG 540620.925925926)
[1, 4, 10, 23, 57, 132, 301, 701, 1654, 3912, 8650, 19521]...: 11349707: ACCEPTED IN 21 TRIES, (AVG 540462.2380952381)
[1, 4, 10, 23, 57, 132, 301, 701, 1654, 3912, 8650, 19525]...: 20007901: ACCEPTED IN 37 TRIES, (AVG 540754.0810810811)
[1, 4, 10, 23, 57, 132, 301, 701, 1654, 3912, 8650, 19546]...: 11890527: ACCEPTED IN 22 TRIES, (AVG 540478.5)
[1, 4, 10, 23, 57, 132, 301, 701, 1654, 3912, 8650, 19554]...: 30289430: ACCEPTED IN 56 TRIES, (AVG 540882.6785714285)
[1, 4, 10, 23, 57, 132, 301, 701, 1654, 3912, 8650, 19571]...: 6479022: ACCEPTED IN 12 TRIES, (AVG 539918.5)
[1, 4, 10, 23, 57, 132, 301, 701, 1654, 3912, 8650, 19583]...: 28124785: ACCEPTED IN 52 TRIES, (AVG 540861.25)
[1, 4, 10, 23, 57, 132, 301, 701, 1654, 3912, 8650, 19604]...: 7020900: ACCEPTED IN 13 TRIES, (AVG 540069.2307692308)
[1, 4, 10, 23, 57, 132, 301, 701, 1654, 3912, 8650, 19608]...: 30829020: ACCEPTED IN 57 TRIES, (AVG 540860.0)
[1, 4, 10, 23, 57, 132, 301, 701, 1654, 3912, 8650, 19612]...: 34076680: ACCEPTED IN 63 TRIES, (AVG 540899.6825396825)
[1, 4, 10, 23, 57, 132, 301, 701, 1654, 3912, 8650, 19620]...: 8644284: ACCEPTED IN 16 TRIES, (AVG 540267.75)
[1, 4, 10, 23, 57, 132, 301, 701, 1654, 3912, 8650, 19641]...: 43817199: ACCEPTED IN 81 TRIES, (AVG 540953.074074074)
[1, 4, 10, 23, 57, 132, 301, 701, 1654, 3912, 8650, 19645]...: 7561483: ACCEPTED IN 14 TRIES, (AVG 540105.9285714285)
[1, 4, 10, 23, 57, 132, 301, 701, 1654, 3912, 8650, 19649]...: 5937731: ACCEPTED IN 11 TRIES, (AVG 539793.7272727273)
[1, 4, 10, 23, 57, 132, 301, 701, 1654, 3912, 8650, 19653]...: 9726444: ACCEPTED IN 18 TRIES, (AVG 540358.0)
[1, 4, 10, 23, 57, 132, 301, 701, 1654, 3912, 8650, 19657]...: 32994667: ACCEPTED IN 61 TRIES, (AVG 540896.1803278689)
[1, 4, 10, 23, 57, 132, 301, 701, 1654, 3912, 8650, 19678]...: 8103027: ACCEPTED IN 15 TRIES, (AVG 540201.8)
[1, 4, 10, 23, 57, 132, 301, 701, 1654, 3912, 8650, 19686]...: 22172351: ACCEPTED IN 41 TRIES, (AVG 540789.0487804879)
[1, 4, 10, 23, 57, 132, 301, 701, 1654, 3912, 8650, 19690]...: 12431984: ACCEPTED IN 23 TRIES, (AVG 540521.0434782609)
[1, 4, 10, 23, 57, 132, 301, 701, 1654, 3912, 8650, 19698]...: 25418950: ACCEPTED IN 47 TRIES, (AVG 540828.7234042553)
[1, 4, 10, 23, 57, 132, 301, 701, 1654, 3912, 8650, 19703]...: 7561601: ACCEPTED IN 14 TRIES, (AVG 540114.3571428572)
[1, 4, 10, 23, 57, 132, 301, 701, 1654, 3912, 8650, 19715]...: 7019221: ACCEPTED IN 13 TRIES, (AVG 539940.0769230769)
[1, 4, 10, 23, 57, 132, 301, 701, 1654, 3912, 8650, 19727]...: 8642133: ACCEPTED IN 16 TRIES, (AVG 540133.3125)
[1, 4, 10, 23, 57, 132, 301, 701, 1654, 3912, 8650, 19736]...: 10265199: ACCEPTED IN 19 TRIES, (AVG 540273.6315789474)
[1, 4, 10, 23, 57, 132, 301, 701, 1654, 3912, 8650, 19740]...: 11890300: ACCEPTED IN 22 TRIES, (AVG 540468.1818181818)
[1, 4, 10, 23, 57, 132, 301, 701, 1654, 3912, 8650, 19744]...: 6478908: ACCEPTED IN 12 TRIES, (AVG 539909.0)
[1, 4, 10, 23, 57, 132, 301, 701, 1654, 3912, 8650, 19752]...: 25418450: ACCEPTED IN 47 TRIES, (AVG 540818.085106383)
[1, 4, 10, 23, 57, 132, 301, 701, 1654, 3912, 8650, 19773]...: 4854022: ACCEPTED IN 9 TRIES, (AVG 539335.7777777778)
[1, 4, 10, 23, 57, 132, 301, 701, 1654, 3912, 8650, 19777]...: 4855565: ACCEPTED IN 9 TRIES, (AVG 539507.2222222222)
[1, 4, 10, 23, 57, 132, 301, 701, 1654, 3912, 8650, 19781]...: 11890528: ACCEPTED IN 22 TRIES, (AVG 540478.5454545454)
[1, 4, 10, 23, 57, 132, 301, 701, 1654, 3912, 8650, 19785]...: 4314260: ACCEPTED IN 8 TRIES, (AVG 539282.5)
[1, 4, 10, 23, 57, 132, 301, 701, 1654, 3912, 8650, 19789]...: 20548691: ACCEPTED IN 38 TRIES, (AVG 540755.0263157894)
[1, 4, 10, 23, 57, 132, 301, 701, 1654, 3912, 8650, 19810]...: 16219938: ACCEPTED IN 30 TRIES, (AVG 540664.6)
[1, 4, 10, 23, 57, 132, 301, 701, 1654, 3912, 8650, 19815]...: 20547891: ACCEPTED IN 38 TRIES, (AVG 540733.9736842106)
[1, 4, 10, 23, 57, 132, 301, 701, 1654, 3912, 8650, 19818]...: 27041904: ACCEPTED IN 50 TRIES, (AVG 540838.08)
[1, 4, 10, 23, 57, 132, 301, 701, 1654, 3912, 8650, 19822]...: 9185110: ACCEPTED IN 17 TRIES, (AVG 540300.5882352941)
[1, 4, 10, 23, 57, 132, 301, 701, 1654, 3912, 8650, 19826]...: 7561849: ACCEPTED IN 14 TRIES, (AVG 540132.0714285715)
[1, 4, 10, 23, 57, 132, 301, 701, 1654, 3912, 8650, 19835]...: 31912238: ACCEPTED IN 59 TRIES, (AVG 540885.3898305085)
[1, 4, 10, 23, 57, 132, 301, 701, 1654, 3912, 8650, 19847]...: 7020772: ACCEPTED IN 13 TRIES, (AVG 540059.3846153846)
[1, 4, 10, 23, 57, 132, 301, 701, 1654, 3912, 8650, 19859]...: 9185351: ACCEPTED IN 17 TRIES, (AVG 540314.7647058824)
[1, 4, 10, 23, 57, 132, 301, 701, 1654, 3912, 8650, 19864]...: 21090216: ACCEPTED IN 39 TRIES, (AVG 540774.7692307692)
[1, 4, 10, 23, 57, 132, 301, 701, 1654, 3912, 8650, 19872]...: 21629216: ACCEPTED IN 40 TRIES, (AVG 540730.4)
[1, 4, 10, 23, 57, 132, 301, 701, 1654, 3912, 8650, 19876]...: 7560254: ACCEPTED IN 14 TRIES, (AVG 540018.1428571428)
[1, 4, 10, 23, 57, 132, 301, 701, 1654, 3912, 8650, 19884]...: 8102387: ACCEPTED IN 15 TRIES, (AVG 540159.1333333333)
[1, 4, 10, 23, 57, 132, 301, 701, 1654, 3912, 8650, 19905]...: 10267361: ACCEPTED IN 19 TRIES, (AVG 540387.4210526316)
[1, 4, 10, 23, 57, 132, 301, 701, 1654, 3912, 8650, 19909]...: 6479657: ACCEPTED IN 12 TRIES, (AVG 539971.4166666666)
[1, 4, 10, 23, 57, 132, 301, 701, 1654, 3912, 8650, 19913]...: 11349689: ACCEPTED IN 21 TRIES, (AVG 540461.380952381)
[1, 4, 10, 23, 57, 132, 301, 701, 1654, 3912, 8650, 19917]...: 25960174: ACCEPTED IN 48 TRIES, (AVG 540836.9583333334)
[1, 4, 10, 23, 57, 132, 301, 701, 1654, 3912, 8650, 19921]...: 4315147: ACCEPTED IN 8 TRIES, (AVG 539393.375)
[1, 4, 10, 23, 57, 132, 301, 701, 1654, 3912, 8650, 19942]...: 11890832: ACCEPTED IN 22 TRIES, (AVG 540492.3636363636)
[1, 4, 10, 23, 57, 132, 301, 701, 1654, 3912, 8650, 19950]...: 7561519: ACCEPTED IN 14 TRIES, (AVG 540108.5)
[1, 4, 10, 23, 57, 132, 301, 701, 1654, 3912, 8650, 19954]...: 21089232: ACCEPTED IN 39 TRIES, (AVG 540749.5384615385)
[1, 4, 10, 23, 57, 132, 301, 701, 1654, 3912, 8650, 19958]...: 3771620: ACCEPTED IN 7 TRIES, (AVG 538802.8571428572)
[1, 4, 10, 23, 57, 132, 301, 701, 1654, 3912, 8650, 19979]...: 9725331: ACCEPTED IN 18 TRIES, (AVG 540296.1666666666)
[1, 4, 10, 23, 57, 132, 301, 701, 1654, 3912, 8650, 19991]...: 11890095: ACCEPTED IN 22 TRIES, (AVG 540458.8636363636)
[1, 4, 10, 23, 57, 132, 301, 701, 1654, 3912, 8650, 20004]...: 7020874: ACCEPTED IN 13 TRIES, (AVG 540067.2307692308)
[1, 4, 10, 23, 57, 132, 301, 701, 1654, 3912, 8650, 20008]...: 9183070: ACCEPTED IN 17 TRIES, (AVG 540180.5882352941)
[1, 4, 10, 23, 57, 132, 301, 701, 1654, 3912, 8650, 20016]...: 7018748: ACCEPTED IN 13 TRIES, (AVG 539903.6923076923)
[1, 4, 10, 23, 57, 132, 301, 701, 1654, 3912, 8650, 20037]...: 7019058: ACCEPTED IN 13 TRIES, (AVG 539927.5384615385)
[1, 4, 10, 23, 57, 132, 301, 701, 1654, 3912, 8650, 20041]...: 7560373: ACCEPTED IN 14 TRIES, (AVG 540026.6428571428)
[1, 4, 10, 23, 57, 132, 301, 701, 1654, 3912, 8650, 20045]...: 7020636: ACCEPTED IN 13 TRIES, (AVG 540048.9230769231)
[1, 4, 10, 23, 57, 132, 301, 701, 1654, 3912, 8650, 20049]...: 9181732: ACCEPTED IN 17 TRIES, (AVG 540101.8823529412)
[1, 4, 10, 23, 57, 132, 301, 701, 1654, 3912, 8650, 20053]...: 9184495: ACCEPTED IN 17 TRIES, (AVG 540264.4117647059)
[1, 4, 10, 23, 57, 132, 301, 701, 1654, 3912, 8650, 20074]...: 20007820: ACCEPTED IN 37 TRIES, (AVG 540751.8918918918)
[1, 4, 10, 23, 57, 132, 301, 701, 1654, 3912, 8650, 20078]...: 4313343: ACCEPTED IN 8 TRIES, (AVG 539167.875)
[1, 4, 10, 23, 57, 132, 301, 701, 1654, 3912, 8650, 20082]...: 9725875: ACCEPTED IN 18 TRIES, (AVG 540326.3888888889)
[1, 4, 10, 23, 57, 132, 301, 701, 1654, 3912, 8650, 20086]...: 5938549: ACCEPTED IN 11 TRIES, (AVG 539868.0909090909)
[1, 4, 10, 23, 57, 132, 301, 701, 1654, 3912, 8650, 20090]...: 20548164: ACCEPTED IN 38 TRIES, (AVG 540741.1578947369)
[1, 4, 10, 23, 57, 132, 301, 701, 1654, 3912, 8650, 20111]...: 6478889: ACCEPTED IN 12 TRIES, (AVG 539907.4166666666)
[1, 4, 10, 23, 57, 132, 301, 701, 1654, 3912, 8650, 20116]...: 7019361: ACCEPTED IN 13 TRIES, (AVG 539950.8461538461)
[1, 4, 10, 23, 57, 132, 301, 701, 1654, 3912, 8650, 20123]...: 5938151: ACCEPTED IN 11 TRIES, (AVG 539831.9090909091)
[1, 4, 10, 23, 57, 132, 301, 701, 1654, 3912, 8650, 20127]...: 6477827: ACCEPTED IN 12 TRIES, (AVG 539818.9166666666)
[1, 4, 10, 23, 57, 132, 301, 701, 1654, 3912, 8650, 20136]...: 7020552: ACCEPTED IN 13 TRIES, (AVG 540042.4615384615)
[1, 4, 10, 23, 57, 132, 301, 701, 1654, 3912, 8650, 20140]...: 7020727: ACCEPTED IN 13 TRIES, (AVG 540055.9230769231)
[1, 4, 10, 23, 57, 132, 301, 701, 1654, 3912, 8650, 20148]...: 9184349: ACCEPTED IN 17 TRIES, (AVG 540255.8235294118)
[1, 4, 10, 23, 57, 132, 301, 701, 1654, 3912, 8650, 20165]...: 6479674: ACCEPTED IN 12 TRIES, (AVG 539972.8333333334)
[1, 4, 10, 23, 57, 132, 301, 701, 1654, 3912, 8650, 20169]...: 9725800: ACCEPTED IN 18 TRIES, (AVG 540322.2222222222)
[1, 4, 10, 23, 57, 132, 301, 701, 1654, 3912, 8650, 20173]...: 6478162: ACCEPTED IN 12 TRIES, (AVG 539846.8333333334)
[1, 4, 10, 23, 57, 132, 301, 701, 1654, 3912, 8650, 20177]...: 5397315: ACCEPTED IN 10 TRIES, (AVG 539731.5)
[1, 4, 10, 23, 57, 132, 301, 701, 1654, 3912, 8650, 20181]...: 11889817: ACCEPTED IN 22 TRIES, (AVG 540446.2272727273)
[1, 4, 10, 23, 57, 132, 301, 701, 1654, 3912, 8650, 20185]...: 8102273: ACCEPTED IN 15 TRIES, (AVG 540151.5333333333)
[1, 4, 10, 23, 57, 132, 301, 701, 1654, 3912, 8650, 20206]...: 7018949: ACCEPTED IN 13 TRIES, (AVG 539919.1538461539)
[1, 4, 10, 23, 57, 132, 301, 701, 1654, 3912, 8650, 20210]...: 23794496: ACCEPTED IN 44 TRIES, (AVG 540784.0)
[1, 4, 10, 23, 57, 132, 301, 701, 1654, 3912, 8650, 20214]...: 7020060: ACCEPTED IN 13 TRIES, (AVG 540004.6153846154)
[1, 4, 10, 23, 57, 132, 301, 701, 1654, 3912, 8650, 20215]...: 10267352: ACCEPTED IN 19 TRIES, (AVG 540386.947368421)
[1, 4, 10, 23, 57, 132, 301, 701, 1654, 3912, 8650, 20218]...: 7560312: ACCEPTED IN 14 TRIES, (AVG 540022.2857142857)
[1, 4, 10, 23, 57, 132, 301, 701, 1654, 3912, 8650, 20222]...: 7019124: ACCEPTED IN 13 TRIES, (AVG 539932.6153846154)
[1, 4, 10, 23, 57, 132, 301, 701, 1654, 3912, 8650, 20243]...: 10808121: ACCEPTED IN 20 TRIES, (AVG 540406.05)
[1, 4, 10, 23, 57, 132, 301, 701, 1654, 3912, 8650, 20244]...: 9182786: ACCEPTED IN 17 TRIES, (AVG 540163.8823529412)
[1, 4, 10, 23, 57, 132, 301, 701, 1654, 3912, 8650, 20255]...: 25959869: ACCEPTED IN 48 TRIES, (AVG 540830.6041666666)
[1, 4, 10, 23, 57, 132, 301, 701, 1654, 3912, 8650, 20259]...: 36782913: ACCEPTED IN 68 TRIES, (AVG 540925.1911764706)
[1, 4, 10, 23, 57, 132, 301, 701, 1654, 3912, 8650, 20272]...: 28666332: ACCEPTED IN 53 TRIES, (AVG 540874.1886792453)
[1, 4, 10, 23, 57, 132, 301, 701, 1654, 3912, 8650, 20297]...: 7019519: ACCEPTED IN 13 TRIES, (AVG 539963.0)
[1, 4, 10, 23, 57, 132, 301, 701, 1654, 3912, 8650, 20301]...: 5397576: ACCEPTED IN 10 TRIES, (AVG 539757.6)
[1, 4, 10, 23, 57, 132, 301, 701, 1654, 3912, 8650, 20305]...: 7561762: ACCEPTED IN 14 TRIES, (AVG 540125.8571428572)
[1, 4, 10, 23, 57, 132, 301, 701, 1654, 3912, 8650, 20309]...: 9184435: ACCEPTED IN 17 TRIES, (AVG 540260.8823529412)
[1, 4, 10, 23, 57, 132, 301, 701, 1654, 3912, 8650, 20313]...: 7018777: ACCEPTED IN 13 TRIES, (AVG 539905.9230769231)
[1, 4, 10, 23, 57, 132, 301, 701, 1654, 3912, 8650, 20317]...: 9725236: ACCEPTED IN 18 TRIES, (AVG 540290.8888888889)
[1, 4, 10, 23, 57, 132, 301, 701, 1654, 3912, 8650, 20338]...: 8643906: ACCEPTED IN 16 TRIES, (AVG 540244.125)
[1, 4, 10, 23, 57, 132, 301, 701, 1654, 3912, 8650, 20342]...: 11890455: ACCEPTED IN 22 TRIES, (AVG 540475.2272727273)
[1, 4, 10, 23, 57, 132, 301, 701, 1654, 3912, 8650, 20346]...: 7561084: ACCEPTED IN 14 TRIES, (AVG 540077.4285714285)
[1, 4, 10, 23, 57, 132, 301, 701, 1654, 3912, 8650, 20350]...: 7558800: ACCEPTED IN 14 TRIES, (AVG 539914.2857142857)
[1, 4, 10, 23, 57, 132, 301, 701, 1654, 3912, 8650, 20354]...: 6478892: ACCEPTED IN 12 TRIES, (AVG 539907.6666666666)
[1, 4, 10, 23, 57, 132, 301, 701, 1654, 3912, 8650, 20375]...: 15137619: ACCEPTED IN 28 TRIES, (AVG 540629.25)
[1, 4, 10, 23, 57, 132, 301, 701, 1654, 3912, 8650, 20376]...: 11889740: ACCEPTED IN 22 TRIES, (AVG 540442.7272727273)
[1, 4, 10, 23, 57, 132, 301, 701, 1654, 3912, 8650, 20379]...: 11890574: ACCEPTED IN 22 TRIES, (AVG 540480.6363636364)
[1, 4, 10, 23, 57, 132, 301, 701, 1654, 3912, 8650, 20387]...: 14054350: ACCEPTED IN 26 TRIES, (AVG 540551.9230769231)
[1, 4, 10, 23, 57, 132, 301, 701, 1654, 3912, 8650, 20391]...: 7019948: ACCEPTED IN 13 TRIES, (AVG 539996.0)
[1, 4, 10, 23, 57, 132, 301, 701, 1654, 3912, 8650, 20404]...: 6479537: ACCEPTED IN 12 TRIES, (AVG 539961.4166666666)
[1, 4, 10, 23, 57, 132, 301, 701, 1654, 3912, 8650, 20417]...: 11349620: ACCEPTED IN 21 TRIES, (AVG 540458.0952380953)
[1, 4, 10, 23, 57, 132, 301, 701, 1654, 3912, 8650, 20429]...: 6477700: ACCEPTED IN 12 TRIES, (AVG 539808.3333333334)
[1, 4, 10, 23, 57, 132, 301, 701, 1654, 3912, 8650, 20433]...: 4314005: ACCEPTED IN 8 TRIES, (AVG 539250.625)
[1, 4, 10, 23, 57, 132, 301, 701, 1654, 3912, 8650, 20437]...: 6479702: ACCEPTED IN 12 TRIES, (AVG 539975.1666666666)
[1, 4, 10, 23, 57, 132, 301, 701, 1654, 3912, 8650, 20441]...: 7019588: ACCEPTED IN 13 TRIES, (AVG 539968.3076923077)
[1, 4, 10, 23, 57, 132, 301, 701, 1654, 3912, 8650, 20445]...: 18384166: ACCEPTED IN 34 TRIES, (AVG 540710.7647058824)
[1, 4, 10, 23, 57, 132, 301, 701, 1654, 3912, 8650, 20449]...: 7561807: ACCEPTED IN 14 TRIES, (AVG 540129.0714285715)
[1, 4, 10, 23, 57, 132, 301, 701, 1654, 3912, 8650, 20466]...: 10267335: ACCEPTED IN 19 TRIES, (AVG 540386.052631579)
[1, 4, 10, 23, 57, 132, 301, 701, 1654, 3912, 8650, 20470]...: 5397035: ACCEPTED IN 10 TRIES, (AVG 539703.5)
[1, 4, 10, 23, 57, 132, 301, 701, 1654, 3912, 8650, 20474]...: 7020697: ACCEPTED IN 13 TRIES, (AVG 540053.6153846154)
[1, 4, 10, 23, 57, 132, 301, 701, 1654, 3912, 8650, 20478]...: 8102375: ACCEPTED IN 15 TRIES, (AVG 540158.3333333334)
[1, 4, 10, 23, 57, 132, 301, 701, 1654, 3912, 8650, 20482]...: 9184258: ACCEPTED IN 17 TRIES, (AVG 540250.4705882353)
[1, 4, 10, 23, 57, 132, 301, 701, 1654, 3912, 8650, 20486]...: 5938226: ACCEPTED IN 11 TRIES, (AVG 539838.7272727273)
[1, 4, 10, 23, 57, 132, 301, 701, 1654, 3912, 8650, 20507]...: 6479074: ACCEPTED IN 12 TRIES, (AVG 539922.8333333334)
[1, 4, 10, 23, 57, 132, 301, 701, 1654, 3912, 8650, 20508]...: 17301750: ACCEPTED IN 32 TRIES, (AVG 540679.6875)
[1, 4, 10, 23, 57, 132, 301, 701, 1654, 3912, 8650, 20511]...: 21631154: ACCEPTED IN 40 TRIES, (AVG 540778.85)
[1, 4, 10, 23, 57, 132, 301, 701, 1654, 3912, 8650, 20516]...: 14055266: ACCEPTED IN 26 TRIES, (AVG 540587.1538461539)
[1, 4, 10, 23, 57, 132, 301, 701, 1654, 3912, 8650, 20519]...: 32451711: ACCEPTED IN 60 TRIES, (AVG 540861.85)
[1, 4, 10, 23, 57, 132, 301, 701, 1654, 3912, 8650, 20523]...: 7561399: ACCEPTED IN 14 TRIES, (AVG 540099.9285714285)
[1, 4, 10, 23, 57, 132, 301, 701, 1654, 3912, 8650, 20536]...: 10267281: ACCEPTED IN 19 TRIES, (AVG 540383.2105263158)
[1, 4, 10, 23, 57, 132, 301, 701, 1654, 3912, 8650, 20545]...: 10267101: ACCEPTED IN 19 TRIES, (AVG 540373.7368421053)
[1, 4, 10, 23, 57, 132, 301, 701, 1654, 3912, 8650, 20549]...: 7560822: ACCEPTED IN 14 TRIES, (AVG 540058.7142857143)
[1, 4, 10, 23, 57, 132, 301, 701, 1654, 3912, 8650, 20561]...: 6479097: ACCEPTED IN 12 TRIES, (AVG 539924.75)
[1, 4, 10, 23, 57, 132, 301, 701, 1654, 3912, 8650, 20565]...: 6477769: ACCEPTED IN 12 TRIES, (AVG 539814.0833333334)
[1, 4, 10, 23, 57, 132, 301, 701, 1654, 3912, 8650, 20573]...: 7560651: ACCEPTED IN 14 TRIES, (AVG 540046.5)
[1, 4, 10, 23, 57, 132, 301, 701, 1654, 3912, 8650, 20577]...: 7561822: ACCEPTED IN 14 TRIES, (AVG 540130.1428571428)
[1, 4, 10, 23, 57, 132, 301, 701, 1654, 3912, 8650, 20598]...: 10267103: ACCEPTED IN 19 TRIES, (AVG 540373.8421052631)
[1, 4, 10, 23, 57, 132, 301, 701, 1654, 3912, 8650, 20602]...: 5936469: ACCEPTED IN 11 TRIES, (AVG 539679.0)
[1, 4, 10, 23, 57, 132, 301, 701, 1654, 3912, 8650, 20606]...: 5938454: ACCEPTED IN 11 TRIES, (AVG 539859.4545454546)
[1, 4, 10, 23, 57, 132, 301, 701, 1654, 3912, 8650, 20610]...: 32992850: ACCEPTED IN 61 TRIES, (AVG 540866.393442623)
[1, 4, 10, 23, 57, 132, 301, 701, 1654, 3912, 8650, 20614]...: 11890443: ACCEPTED IN 22 TRIES, (AVG 540474.6818181818)
[1, 4, 10, 23, 57, 132, 301, 701, 1654, 3912, 8650, 20618]...: 10806490: ACCEPTED IN 20 TRIES, (AVG 540324.5)
[1, 4, 10, 23, 57, 132, 301, 701, 1654, 3912, 8650, 20639]...: 5397486: ACCEPTED IN 10 TRIES, (AVG 539748.6)
[1, 4, 10, 23, 57, 132, 301, 701, 1654, 3912, 8650, 20640]...: 6479075: ACCEPTED IN 12 TRIES, (AVG 539922.9166666666)
[1, 4, 10, 23, 57, 132, 301, 701, 1654, 3912, 8650, 20643]...: 9184227: ACCEPTED IN 17 TRIES, (AVG 540248.6470588235)
[1, 4, 10, 23, 57, 132, 301, 701, 1654, 3912, 8650, 20651]...: 4315039: ACCEPTED IN 8 TRIES, (AVG 539379.875)
[1, 4, 10, 23, 57, 132, 301, 701, 1654, 3912, 8650, 20655]...: 7020086: ACCEPTED IN 13 TRIES, (AVG 540006.6153846154)
[1, 4, 10, 23, 57, 132, 301, 701, 1654, 3912, 8650, 20677]...: 7561444: ACCEPTED IN 14 TRIES, (AVG 540103.1428571428)
[1, 4, 10, 23, 57, 132, 301, 701, 1654, 3912, 8650, 20680]...: 18924195: ACCEPTED IN 35 TRIES, (AVG 540691.2857142857)
[1, 4, 10, 23, 57, 132, 301, 701, 1654, 3912, 8650, 20681]...: 8641757: ACCEPTED IN 16 TRIES, (AVG 540109.8125)
[1, 4, 10, 23, 57, 132, 301, 701, 1654, 3912, 8650, 20693]...: 5937729: ACCEPTED IN 11 TRIES, (AVG 539793.5454545454)
[1, 4, 10, 23, 57, 132, 301, 701, 1654, 3912, 8650, 20697]...: 8643672: ACCEPTED IN 16 TRIES, (AVG 540229.5)
[1, 4, 10, 23, 57, 132, 301, 701, 1654, 3912, 8650, 20705]...: 6479020: ACCEPTED IN 12 TRIES, (AVG 539918.3333333334)
[1, 4, 10, 23, 57, 132, 301, 701, 1654, 3912, 8650, 20709]...: 4314580: ACCEPTED IN 8 TRIES, (AVG 539322.5)
[1, 4, 10, 23, 57, 132, 301, 701, 1654, 3912, 8650, 20718]...: 6479333: ACCEPTED IN 12 TRIES, (AVG 539944.4166666666)
[1, 4, 10, 23, 57, 132, 301, 701, 1654, 3912, 8650, 20730]...: 5396524: ACCEPTED IN 10 TRIES, (AVG 539652.4)
[1, 4, 10, 23, 57, 132, 301, 701, 1654, 3912, 8650, 20734]...: 6477115: ACCEPTED IN 12 TRIES, (AVG 539759.5833333334)
[1, 4, 10, 23, 57, 132, 301, 701, 1654, 3912, 8650, 20738]...: 8642408: ACCEPTED IN 16 TRIES, (AVG 540150.5)
[1, 4, 10, 23, 57, 132, 301, 701, 1654, 3912, 8650, 20742]...: 9184457: ACCEPTED IN 17 TRIES, (AVG 540262.1764705882)
[1, 4, 10, 23, 57, 132, 301, 701, 1654, 3912, 8650, 20746]...: 8643569: ACCEPTED IN 16 TRIES, (AVG 540223.0625)
[1, 4, 10, 23, 57, 132, 301, 701, 1654, 3912, 8650, 20750]...: 10264748: ACCEPTED IN 19 TRIES, (AVG 540249.8947368421)
