[1, 4, 10, 23, 57, 132, 301, 701, 1654, 3912, 8904, 19588]...: 20549266: ACCEPTED IN 38 TRIES, (AVG 540770.1578947369)
[1, 4, 10, 23, 57, 132, 301, 701, 1654, 3912, 8904, 19592]...: 11891099: ACCEPTED IN 22 TRIES, (AVG 540504.5)
[1, 4, 10, 23, 57, 132, 301, 701, 1654, 3912, 8904, 19596]...: 9721955: ACCEPTED IN 18 TRIES, (AVG 540108.6111111111)
[1, 4, 10, 23, 57, 132, 301, 701, 1654, 3912, 8904, 19600]...: 12973126: ACCEPTED IN 24 TRIES, (AVG 540546.9166666666)
[1, 4, 10, 23, 57, 132, 301, 701, 1654, 3912, 8904, 19604]...: 21629927: ACCEPTED IN 40 TRIES, (AVG 540748.175)
[1, 4, 10, 23, 57, 132, 301, 701, 1654, 3912, 8904, 19608]...: 29746923: ACCEPTED IN 55 TRIES, (AVG 540853.1454545455)
[1, 4, 10, 23, 57, 132, 301, 701, 1654, 3912, 8904, 19612]...: 9726396: ACCEPTED IN 18 TRIES, (AVG 540355.3333333334)
[1, 4, 10, 23, 57, 132, 301, 701, 1654, 3912, 8904, 19616]...: 9182453: ACCEPTED IN 17 TRIES, (AVG 540144.2941176471)
[1, 4, 10, 23, 57, 132, 301, 701, 1654, 3912, 8904, 19621]...: 9726664: ACCEPTED IN 18 TRIES, (AVG 540370.2222222222)
[1, 4, 10, 23, 57, 132, 301, 701, 1654, 3912, 8904, 19625]...: 7561812: ACCEPTED IN 14 TRIES, (AVG 540129.4285714285)
[1, 4, 10, 23, 57, 132, 301, 701, 1654, 3912, 8904, 19629]...: 4313116: ACCEPTED IN 8 TRIES, (AVG 539139.5)
[1, 4, 10, 23, 57, 132, 301, 701, 1654, 3912, 8904, 19633]...: 14596836: ACCEPTED IN 27 TRIES, (AVG 540623.5555555555)
[1, 4, 10, 23, 57, 132, 301, 701, 1654, 3912, 8904, 19637]...: 16759158: ACCEPTED IN 31 TRIES, (AVG 540618.0)
[1, 4, 10, 23, 57, 132, 301, 701, 1654, 3912, 8904, 19641]...: 22171711: ACCEPTED IN 41 TRIES, (AVG 540773.4390243902)
[1, 4, 10, 23, 57, 132, 301, 701, 1654, 3912, 8904, 19645]...: 8643226: ACCEPTED IN 16 TRIES, (AVG 540201.625)
[1, 4, 10, 23, 57, 132, 301, 701, 1654, 3912, 8904, 19649]...: 9181800: ACCEPTED IN 17 TRIES, (AVG 540105.8823529412)
[1, 4, 10, 23, 57, 132, 301, 701, 1654, 3912, 8904, 19653]...: 14055574: ACCEPTED IN 26 TRIES, (AVG 540599.0)
[1, 4, 10, 23, 57, 132, 301, 701, 1654, 3912, 8904, 19654]...: 7562113: ACCEPTED IN 14 TRIES, (AVG 540150.9285714285)
[1, 4, 10, 23, 57, 132, 301, 701, 1654, 3912, 8904, 19658]...: 14595373: ACCEPTED IN 27 TRIES, (AVG 540569.3703703703)
[1, 4, 10, 23, 57, 132, 301, 701, 1654, 3912, 8904, 19662]...: 11890170: ACCEPTED IN 22 TRIES, (AVG 540462.2727272727)
[1, 4, 10, 23, 57, 132, 301, 701, 1654, 3912, 8904, 19666]...: 30287809: ACCEPTED IN 56 TRIES, (AVG 540853.7321428572)
[1, 4, 10, 23, 57, 132, 301, 701, 1654, 3912, 8904, 19670]...: 8103084: ACCEPTED IN 15 TRIES, (AVG 540205.6)
[1, 4, 10, 23, 57, 132, 301, 701, 1654, 3912, 8904, 19674]...: 11349160: ACCEPTED IN 21 TRIES, (AVG 540436.1904761905)
[1, 4, 10, 23, 57, 132, 301, 701, 1654, 3912, 8904, 19682]...: 12431360: ACCEPTED IN 23 TRIES, (AVG 540493.9130434783)
[1, 4, 10, 23, 57, 132, 301, 701, 1654, 3912, 8904, 19686]...: 16219551: ACCEPTED IN 30 TRIES, (AVG 540651.7)
[1, 4, 10, 23, 57, 132, 301, 701, 1654, 3912, 8904, 19691]...: 9185273: ACCEPTED IN 17 TRIES, (AVG 540310.1764705882)
[1, 4, 10, 23, 57, 132, 301, 701, 1654, 3912, 8904, 19694]...: 7019122: ACCEPTED IN 13 TRIES, (AVG 539932.4615384615)
[1, 4, 10, 23, 57, 132, 301, 701, 1654, 3912, 8904, 19695]...: 15678745: ACCEPTED IN 29 TRIES, (AVG 540646.3793103448)
[1, 4, 10, 23, 57, 132, 301, 701, 1654, 3912, 8904, 19699]...: 8644095: ACCEPTED IN 16 TRIES, (AVG 540255.9375)
[1, 4, 10, 23, 57, 132, 301, 701, 1654, 3912, 8904, 19703]...: 4315032: ACCEPTED IN 8 TRIES, (AVG 539379.0)
[1, 4, 10, 23, 57, 132, 301, 701, 1654, 3912, 8904, 19707]...: 6479154: ACCEPTED IN 12 TRIES, (AVG 539929.5)
[1, 4, 10, 23, 57, 132, 301, 701, 1654, 3912, 8904, 19711]...: 7020661: ACCEPTED IN 13 TRIES, (AVG 540050.8461538461)
[1, 4, 10, 23, 57, 132, 301, 701, 1654, 3912, 8904, 19720]...: 11349543: ACCEPTED IN 21 TRIES, (AVG 540454.4285714285)
[1, 4, 10, 23, 57, 132, 301, 701, 1654, 3912, 8904, 19724]...: 9726107: ACCEPTED IN 18 TRIES, (AVG 540339.2777777778)
[1, 4, 10, 23, 57, 132, 301, 701, 1654, 3912, 8904, 19728]...: 5395314: ACCEPTED IN 10 TRIES, (AVG 539531.4)
[1, 4, 10, 23, 57, 132, 301, 701, 1654, 3912, 8904, 19732]...: 14054282: ACCEPTED IN 26 TRIES, (AVG 540549.3076923077)
[1, 4, 10, 23, 57, 132, 301, 701, 1654, 3912, 8904, 19736]...: 13514553: ACCEPTED IN 25 TRIES, (AVG 540582.12)
[1, 4, 10, 23, 57, 132, 301, 701, 1654, 3912, 8904, 19740]...: 8643482: ACCEPTED IN 16 TRIES, (AVG 540217.625)
[1, 4, 10, 23, 57, 132, 301, 701, 1654, 3912, 8904, 19744]...: 11888527: ACCEPTED IN 22 TRIES, (AVG 540387.5909090909)
[1, 4, 10, 23, 57, 132, 301, 701, 1654, 3912, 8904, 19748]...: 7561797: ACCEPTED IN 14 TRIES, (AVG 540128.3571428572)
[1, 4, 10, 23, 57, 132, 301, 701, 1654, 3912, 8904, 19753]...: 9184800: ACCEPTED IN 17 TRIES, (AVG 540282.3529411765)
[1, 4, 10, 23, 57, 132, 301, 701, 1654, 3912, 8904, 19757]...: 9184522: ACCEPTED IN 17 TRIES, (AVG 540266.0)
[1, 4, 10, 23, 57, 132, 301, 701, 1654, 3912, 8904, 19761]...: 7560892: ACCEPTED IN 14 TRIES, (AVG 540063.7142857143)
[1, 4, 10, 23, 57, 132, 301, 701, 1654, 3912, 8904, 19765]...: 28125126: ACCEPTED IN 52 TRIES, (AVG 540867.8076923077)
[1, 4, 10, 23, 57, 132, 301, 701, 1654, 3912, 8904, 19769]...: 8643270: ACCEPTED IN 16 TRIES, (AVG 540204.375)
[1, 4, 10, 23, 57, 132, 301, 701, 1654, 3912, 8904, 19773]...: 7561350: ACCEPTED IN 14 TRIES, (AVG 540096.4285714285)
[1, 4, 10, 23, 57, 132, 301, 701, 1654, 3912, 8904, 19777]...: 5396245: ACCEPTED IN 10 TRIES, (AVG 539624.5)
[1, 4, 10, 23, 57, 132, 301, 701, 1654, 3912, 8904, 19781]...: 5396021: ACCEPTED IN 10 TRIES, (AVG 539602.1)
[1, 4, 10, 23, 57, 132, 301, 701, 1654, 3912, 8904, 19785]...: 5938602: ACCEPTED IN 11 TRIES, (AVG 539872.9090909091)
[1, 4, 10, 23, 57, 132, 301, 701, 1654, 3912, 8904, 19790]...: 4855924: ACCEPTED IN 9 TRIES, (AVG 539547.1111111111)
[1, 4, 10, 23, 57, 132, 301, 701, 1654, 3912, 8904, 19794]...: 5397360: ACCEPTED IN 10 TRIES, (AVG 539736.0)
[1, 4, 10, 23, 57, 132, 301, 701, 1654, 3912, 8904, 19798]...: 5396498: ACCEPTED IN 10 TRIES, (AVG 539649.8)
[1, 4, 10, 23, 57, 132, 301, 701, 1654, 3912, 8904, 19802]...: 11890955: ACCEPTED IN 22 TRIES, (AVG 540497.9545454546)
[1, 4, 10, 23, 57, 132, 301, 701, 1654, 3912, 8904, 19806]...: 7561921: ACCEPTED IN 14 TRIES, (AVG 540137.2142857143)
[1, 4, 10, 23, 57, 132, 301, 701, 1654, 3912, 8904, 19814]...: 7020196: ACCEPTED IN 13 TRIES, (AVG 540015.0769230769)
[1, 4, 10, 23, 57, 132, 301, 701, 1654, 3912, 8904, 19818]...: 11349055: ACCEPTED IN 21 TRIES, (AVG 540431.1904761905)
[1, 4, 10, 23, 57, 132, 301, 701, 1654, 3912, 8904, 19823]...: 9184946: ACCEPTED IN 17 TRIES, (AVG 540290.9411764706)
[1, 4, 10, 23, 57, 132, 301, 701, 1654, 3912, 8904, 19826]...: 4314091: ACCEPTED IN 8 TRIES, (AVG 539261.375)
[1, 4, 10, 23, 57, 132, 301, 701, 1654, 3912, 8904, 19827]...: 8644010: ACCEPTED IN 16 TRIES, (AVG 540250.625)
[1, 4, 10, 23, 57, 132, 301, 701, 1654, 3912, 8904, 19831]...: 14593518: ACCEPTED IN 27 TRIES, (AVG 540500.6666666666)
[1, 4, 10, 23, 57, 132, 301, 701, 1654, 3912, 8904, 19835]...: 16218802: ACCEPTED IN 30 TRIES, (AVG 540626.7333333333)
[1, 4, 10, 23, 57, 132, 301, 701, 1654, 3912, 8904, 19839]...: 5397270: ACCEPTED IN 10 TRIES, (AVG 539727.0)
[1, 4, 10, 23, 57, 132, 301, 701, 1654, 3912, 8904, 19843]...: 10808707: ACCEPTED IN 20 TRIES, (AVG 540435.35)
[1, 4, 10, 23, 57, 132, 301, 701, 1654, 3912, 8904, 19852]...: 4854363: ACCEPTED IN 9 TRIES, (AVG 539373.6666666666)
[1, 4, 10, 23, 57, 132, 301, 701, 1654, 3912, 8904, 19855]...: 10808317: ACCEPTED IN 20 TRIES, (AVG 540415.85)
[1, 4, 10, 23, 57, 132, 301, 701, 1654, 3912, 8904, 19856]...: 7561205: ACCEPTED IN 14 TRIES, (AVG 540086.0714285715)
[1, 4, 10, 23, 57, 132, 301, 701, 1654, 3912, 8904, 19860]...: 11890752: ACCEPTED IN 22 TRIES, (AVG 540488.7272727273)
[1, 4, 10, 23, 57, 132, 301, 701, 1654, 3912, 8904, 19864]...: 8641751: ACCEPTED IN 16 TRIES, (AVG 540109.4375)
[1, 4, 10, 23, 57, 132, 301, 701, 1654, 3912, 8904, 19868]...: 7020135: ACCEPTED IN 13 TRIES, (AVG 540010.3846153846)
[1, 4, 10, 23, 57, 132, 301, 701, 1654, 3912, 8904, 19872]...: 14055228: ACCEPTED IN 26 TRIES, (AVG 540585.6923076923)
[1, 4, 10, 23, 57, 132, 301, 701, 1654, 3912, 8904, 19876]...: 9726023: ACCEPTED IN 18 TRIES, (AVG 540334.6111111111)
[1, 4, 10, 23, 57, 132, 301, 701, 1654, 3912, 8904, 19880]...: 7561644: ACCEPTED IN 14 TRIES, (AVG 540117.4285714285)
[1, 4, 10, 23, 57, 132, 301, 701, 1654, 3912, 8904, 19889]...: 7561542: ACCEPTED IN 14 TRIES, (AVG 540110.1428571428)
[1, 4, 10, 23, 57, 132, 301, 701, 1654, 3912, 8904, 19893]...: 5397485: ACCEPTED IN 10 TRIES, (AVG 539748.5)
[1, 4, 10, 23, 57, 132, 301, 701, 1654, 3912, 8904, 19897]...: 11890997: ACCEPTED IN 22 TRIES, (AVG 540499.8636363636)
[1, 4, 10, 23, 57, 132, 301, 701, 1654, 3912, 8904, 19901]...: 9183098: ACCEPTED IN 17 TRIES, (AVG 540182.2352941176)
[1, 4, 10, 23, 57, 132, 301, 701, 1654, 3912, 8904, 19905]...: 9183889: ACCEPTED IN 17 TRIES, (AVG 540228.7647058824)
[1, 4, 10, 23, 57, 132, 301, 701, 1654, 3912, 8904, 19909]...: 4856177: ACCEPTED IN 9 TRIES, (AVG 539575.2222222222)
[1, 4, 10, 23, 57, 132, 301, 701, 1654, 3912, 8904, 19913]...: 9181780: ACCEPTED IN 17 TRIES, (AVG 540104.7058823529)
[1, 4, 10, 23, 57, 132, 301, 701, 1654, 3912, 8904, 19917]...: 9183731: ACCEPTED IN 17 TRIES, (AVG 540219.4705882353)
[1, 4, 10, 23, 57, 132, 301, 701, 1654, 3912, 8904, 19922]...: 15677270: ACCEPTED IN 29 TRIES, (AVG 540595.5172413794)
[1, 4, 10, 23, 57, 132, 301, 701, 1654, 3912, 8904, 19926]...: 5936027: ACCEPTED IN 11 TRIES, (AVG 539638.8181818182)
[1, 4, 10, 23, 57, 132, 301, 701, 1654, 3912, 8904, 19930]...: 5397456: ACCEPTED IN 10 TRIES, (AVG 539745.6)
[1, 4, 10, 23, 57, 132, 301, 701, 1654, 3912, 8904, 19934]...: 7019474: ACCEPTED IN 13 TRIES, (AVG 539959.5384615385)
[1, 4, 10, 23, 57, 132, 301, 701, 1654, 3912, 8904, 19938]...: 4314930: ACCEPTED IN 8 TRIES, (AVG 539366.25)
[1, 4, 10, 23, 57, 132, 301, 701, 1654, 3912, 8904, 19946]...: 5937644: ACCEPTED IN 11 TRIES, (AVG 539785.8181818182)
[1, 4, 10, 23, 57, 132, 301, 701, 1654, 3912, 8904, 19950]...: 7560284: ACCEPTED IN 14 TRIES, (AVG 540020.2857142857)
[1, 4, 10, 23, 57, 132, 301, 701, 1654, 3912, 8904, 19954]...: 9724995: ACCEPTED IN 18 TRIES, (AVG 540277.5)
[1, 4, 10, 23, 57, 132, 301, 701, 1654, 3912, 8904, 19955]...: 24876751: ACCEPTED IN 46 TRIES, (AVG 540798.9347826086)
[1, 4, 10, 23, 57, 132, 301, 701, 1654, 3912, 8904, 19959]...: 5396889: ACCEPTED IN 10 TRIES, (AVG 539688.9)
[1, 4, 10, 23, 57, 132, 301, 701, 1654, 3912, 8904, 19963]...: 5938203: ACCEPTED IN 11 TRIES, (AVG 539836.6363636364)
[1, 4, 10, 23, 57, 132, 301, 701, 1654, 3912, 8904, 19967]...: 9183892: ACCEPTED IN 17 TRIES, (AVG 540228.9411764706)
[1, 4, 10, 23, 57, 132, 301, 701, 1654, 3912, 8904, 19971]...: 7562082: ACCEPTED IN 14 TRIES, (AVG 540148.7142857143)
[1, 4, 10, 23, 57, 132, 301, 701, 1654, 3912, 8904, 19975]...: 9182072: ACCEPTED IN 17 TRIES, (AVG 540121.8823529412)
[1, 4, 10, 23, 57, 132, 301, 701, 1654, 3912, 8904, 19987]...: 9185353: ACCEPTED IN 17 TRIES, (AVG 540314.8823529412)
[1, 4, 10, 23, 57, 132, 301, 701, 1654, 3912, 8904, 19992]...: 9726241: ACCEPTED IN 18 TRIES, (AVG 540346.7222222222)
[1, 4, 10, 23, 57, 132, 301, 701, 1654, 3912, 8904, 19996]...: 18384236: ACCEPTED IN 34 TRIES, (AVG 540712.8235294118)
[1, 4, 10, 23, 57, 132, 301, 701, 1654, 3912, 8904, 20000]...: 8102188: ACCEPTED IN 15 TRIES, (AVG 540145.8666666667)
[1, 4, 10, 23, 57, 132, 301, 701, 1654, 3912, 8904, 20004]...: 14596649: ACCEPTED IN 27 TRIES, (AVG 540616.6296296297)
[1, 4, 10, 23, 57, 132, 301, 701, 1654, 3912, 8904, 20008]...: 7018806: ACCEPTED IN 13 TRIES, (AVG 539908.1538461539)
[1, 4, 10, 23, 57, 132, 301, 701, 1654, 3912, 8904, 20012]...: 16220008: ACCEPTED IN 30 TRIES, (AVG 540666.9333333333)
[1, 4, 10, 23, 57, 132, 301, 701, 1654, 3912, 8904, 20021]...: 9724659: ACCEPTED IN 18 TRIES, (AVG 540258.8333333334)
[1, 4, 10, 23, 57, 132, 301, 701, 1654, 3912, 8904, 20025]...: 16220274: ACCEPTED IN 30 TRIES, (AVG 540675.8)
[1, 4, 10, 23, 57, 132, 301, 701, 1654, 3912, 8904, 20029]...: 11891009: ACCEPTED IN 22 TRIES, (AVG 540500.4090909091)
[1, 4, 10, 23, 57, 132, 301, 701, 1654, 3912, 8904, 20033]...: 9726658: ACCEPTED IN 18 TRIES, (AVG 540369.8888888889)
[1, 4, 10, 23, 57, 132, 301, 701, 1654, 3912, 8904, 20037]...: 25417089: ACCEPTED IN 47 TRIES, (AVG 540789.1276595745)
[1, 4, 10, 23, 57, 132, 301, 701, 1654, 3912, 8904, 20041]...: 3772441: ACCEPTED IN 7 TRIES, (AVG 538920.1428571428)
[1, 4, 10, 23, 57, 132, 301, 701, 1654, 3912, 8904, 20045]...: 6479809: ACCEPTED IN 12 TRIES, (AVG 539984.0833333334)
[1, 4, 10, 23, 57, 132, 301, 701, 1654, 3912, 8904, 20049]...: 7562058: ACCEPTED IN 14 TRIES, (AVG 540147.0)
[1, 4, 10, 23, 57, 132, 301, 701, 1654, 3912, 8904, 20054]...: 23794417: ACCEPTED IN 44 TRIES, (AVG 540782.2045454546)
[1, 4, 10, 23, 57, 132, 301, 701, 1654, 3912, 8904, 20058]...: 5397406: ACCEPTED IN 10 TRIES, (AVG 539740.6)
[1, 4, 10, 23, 57, 132, 301, 701, 1654, 3912, 8904, 20062]...: 4854913: ACCEPTED IN 9 TRIES, (AVG 539434.7777777778)
[1, 4, 10, 23, 57, 132, 301, 701, 1654, 3912, 8904, 20070]...: 9184955: ACCEPTED IN 17 TRIES, (AVG 540291.4705882353)
[1, 4, 10, 23, 57, 132, 301, 701, 1654, 3912, 8904, 20078]...: 7560765: ACCEPTED IN 14 TRIES, (AVG 540054.6428571428)
[1, 4, 10, 23, 57, 132, 301, 701, 1654, 3912, 8904, 20082]...: 4313413: ACCEPTED IN 8 TRIES, (AVG 539176.625)
[1, 4, 10, 23, 57, 132, 301, 701, 1654, 3912, 8904, 20086]...: 13514215: ACCEPTED IN 25 TRIES, (AVG 540568.6)
[1, 4, 10, 23, 57, 132, 301, 701, 1654, 3912, 8904, 20091]...: 17842472: ACCEPTED IN 33 TRIES, (AVG 540680.9696969697)
[1, 4, 10, 23, 57, 132, 301, 701, 1654, 3912, 8904, 20095]...: 4856334: ACCEPTED IN 9 TRIES, (AVG 539592.6666666666)
[1, 4, 10, 23, 57, 132, 301, 701, 1654, 3912, 8904, 20099]...: 24875060: ACCEPTED IN 46 TRIES, (AVG 540762.1739130435)
[1, 4, 10, 23, 57, 132, 301, 701, 1654, 3912, 8904, 20103]...: 15677741: ACCEPTED IN 29 TRIES, (AVG 540611.7586206896)
[1, 4, 10, 23, 57, 132, 301, 701, 1654, 3912, 8904, 20107]...: 10808352: ACCEPTED IN 20 TRIES, (AVG 540417.6)
[1, 4, 10, 23, 57, 132, 301, 701, 1654, 3912, 8904, 20119]...: 5397247: ACCEPTED IN 10 TRIES, (AVG 539724.7)
[1, 4, 10, 23, 57, 132, 301, 701, 1654, 3912, 8904, 20124]...: 15678286: ACCEPTED IN 29 TRIES, (AVG 540630.551724138)
[1, 4, 10, 23, 57, 132, 301, 701, 1654, 3912, 8904, 20128]...: 4856058: ACCEPTED IN 9 TRIES, (AVG 539562.0)
[1, 4, 10, 23, 57, 132, 301, 701, 1654, 3912, 8904, 20132]...: 8644285: ACCEPTED IN 16 TRIES, (AVG 540267.8125)
[1, 4, 10, 23, 57, 132, 301, 701, 1654, 3912, 8904, 20136]...: 16759156: ACCEPTED IN 31 TRIES, (AVG 540617.9354838709)
[1, 4, 10, 23, 57, 132, 301, 701, 1654, 3912, 8904, 20140]...: 3773656: ACCEPTED IN 7 TRIES, (AVG 539093.7142857143)
[1, 4, 10, 23, 57, 132, 301, 701, 1654, 3912, 8904, 20144]...: 11889930: ACCEPTED IN 22 TRIES, (AVG 540451.3636363636)
[1, 4, 10, 23, 57, 132, 301, 701, 1654, 3912, 8904, 20153]...: 7560115: ACCEPTED IN 14 TRIES, (AVG 540008.2142857143)
[1, 4, 10, 23, 57, 132, 301, 701, 1654, 3912, 8904, 20157]...: 5937763: ACCEPTED IN 11 TRIES, (AVG 539796.6363636364)
[1, 4, 10, 23, 57, 132, 301, 701, 1654, 3912, 8904, 20161]...: 9725398: ACCEPTED IN 18 TRIES, (AVG 540299.8888888889)
[1, 4, 10, 23, 57, 132, 301, 701, 1654, 3912, 8904, 20165]...: 3772443: ACCEPTED IN 7 TRIES, (AVG 538920.4285714285)
[1, 4, 10, 23, 57, 132, 301, 701, 1654, 3912, 8904, 20169]...: 11349410: ACCEPTED IN 21 TRIES, (AVG 540448.0952380953)
[1, 4, 10, 23, 57, 132, 301, 701, 1654, 3912, 8904, 20173]...: 8100455: ACCEPTED IN 15 TRIES, (AVG 540030.3333333334)
[1, 4, 10, 23, 57, 132, 301, 701, 1654, 3912, 8904, 20177]...: 4856059: ACCEPTED IN 9 TRIES, (AVG 539562.1111111111)
[1, 4, 10, 23, 57, 132, 301, 701, 1654, 3912, 8904, 20181]...: 5938330: ACCEPTED IN 11 TRIES, (AVG 539848.1818181818)
[1, 4, 10, 23, 57, 132, 301, 701, 1654, 3912, 8904, 20190]...: 4313712: ACCEPTED IN 8 TRIES, (AVG 539214.0)
[1, 4, 10, 23, 57, 132, 301, 701, 1654, 3912, 8904, 20194]...: 7560175: ACCEPTED IN 14 TRIES, (AVG 540012.5)
[1, 4, 10, 23, 57, 132, 301, 701, 1654, 3912, 8904, 20198]...: 8644221: ACCEPTED IN 16 TRIES, (AVG 540263.8125)
[1, 4, 10, 23, 57, 132, 301, 701, 1654, 3912, 8904, 20202]...: 9724885: ACCEPTED IN 18 TRIES, (AVG 540271.3888888889)
[1, 4, 10, 23, 57, 132, 301, 701, 1654, 3912, 8904, 20206]...: 9183159: ACCEPTED IN 17 TRIES, (AVG 540185.8235294118)
[1, 4, 10, 23, 57, 132, 301, 701, 1654, 3912, 8904, 20210]...: 4855383: ACCEPTED IN 9 TRIES, (AVG 539487.0)
[1, 4, 10, 23, 57, 132, 301, 701, 1654, 3912, 8904, 20214]...: 10807978: ACCEPTED IN 20 TRIES, (AVG 540398.9)
[1, 4, 10, 23, 57, 132, 301, 701, 1654, 3912, 8904, 20218]...: 9183827: ACCEPTED IN 17 TRIES, (AVG 540225.1176470588)
[1, 4, 10, 23, 57, 132, 301, 701, 1654, 3912, 8904, 20223]...: 5395725: ACCEPTED IN 10 TRIES, (AVG 539572.5)
[1, 4, 10, 23, 57, 132, 301, 701, 1654, 3912, 8904, 20227]...: 10267365: ACCEPTED IN 19 TRIES, (AVG 540387.6315789474)
[1, 4, 10, 23, 57, 132, 301, 701, 1654, 3912, 8904, 20231]...: 5938535: ACCEPTED IN 11 TRIES, (AVG 539866.8181818182)
[1, 4, 10, 23, 57, 132, 301, 701, 1654, 3912, 8904, 20235]...: 4855389: ACCEPTED IN 9 TRIES, (AVG 539487.6666666666)
[1, 4, 10, 23, 57, 132, 301, 701, 1654, 3912, 8904, 20239]...: 8644112: ACCEPTED IN 16 TRIES, (AVG 540257.0)
[1, 4, 10, 23, 57, 132, 301, 701, 1654, 3912, 8904, 20251]...: 8643159: ACCEPTED IN 16 TRIES, (AVG 540197.4375)
[1, 4, 10, 23, 57, 132, 301, 701, 1654, 3912, 8904, 20255]...: 11890409: ACCEPTED IN 22 TRIES, (AVG 540473.1363636364)
[1, 4, 10, 23, 57, 132, 301, 701, 1654, 3912, 8904, 20256]...: 12973436: ACCEPTED IN 24 TRIES, (AVG 540559.8333333334)
[1, 4, 10, 23, 57, 132, 301, 701, 1654, 3912, 8904, 20260]...: 7561370: ACCEPTED IN 14 TRIES, (AVG 540097.8571428572)
[1, 4, 10, 23, 57, 132, 301, 701, 1654, 3912, 8904, 20264]...: 8101900: ACCEPTED IN 15 TRIES, (AVG 540126.6666666666)
[1, 4, 10, 23, 57, 132, 301, 701, 1654, 3912, 8904, 20268]...: 9183196: ACCEPTED IN 17 TRIES, (AVG 540188.0)
[1, 4, 10, 23, 57, 132, 301, 701, 1654, 3912, 8904, 20272]...: 9183581: ACCEPTED IN 17 TRIES, (AVG 540210.6470588235)
[1, 4, 10, 23, 57, 132, 301, 701, 1654, 3912, 8904, 20276]...: 7562059: ACCEPTED IN 14 TRIES, (AVG 540147.0714285715)
[1, 4, 10, 23, 57, 132, 301, 701, 1654, 3912, 8904, 20289]...: 7560437: ACCEPTED IN 14 TRIES, (AVG 540031.2142857143)
[1, 4, 10, 23, 57, 132, 301, 701, 1654, 3912, 8904, 20293]...: 5395391: ACCEPTED IN 10 TRIES, (AVG 539539.1)
[1, 4, 10, 23, 57, 132, 301, 701, 1654, 3912, 8904, 20297]...: 7561599: ACCEPTED IN 14 TRIES, (AVG 540114.2142857143)
[1, 4, 10, 23, 57, 132, 301, 701, 1654, 3912, 8904, 20301]...: 12431364: ACCEPTED IN 23 TRIES, (AVG 540494.0869565217)
[1, 4, 10, 23, 57, 132, 301, 701, 1654, 3912, 8904, 20305]...: 7561932: ACCEPTED IN 14 TRIES, (AVG 540138.0)
[1, 4, 10, 23, 57, 132, 301, 701, 1654, 3912, 8904, 20309]...: 11889560: ACCEPTED IN 22 TRIES, (AVG 540434.5454545454)
[1, 4, 10, 23, 57, 132, 301, 701, 1654, 3912, 8904, 20313]...: 5396793: ACCEPTED IN 10 TRIES, (AVG 539679.3)
[1, 4, 10, 23, 57, 132, 301, 701, 1654, 3912, 8904, 20322]...: 7560602: ACCEPTED IN 14 TRIES, (AVG 540043.0)
[1, 4, 10, 23, 57, 132, 301, 701, 1654, 3912, 8904, 20326]...: 6479543: ACCEPTED IN 12 TRIES, (AVG 539961.9166666666)
[1, 4, 10, 23, 57, 132, 301, 701, 1654, 3912, 8904, 20330]...: 9183352: ACCEPTED IN 17 TRIES, (AVG 540197.1764705882)
[1, 4, 10, 23, 57, 132, 301, 701, 1654, 3912, 8904, 20334]...: 4313007: ACCEPTED IN 8 TRIES, (AVG 539125.875)
[1, 4, 10, 23, 57, 132, 301, 701, 1654, 3912, 8904, 20338]...: 7020742: ACCEPTED IN 13 TRIES, (AVG 540057.0769230769)
[1, 4, 10, 23, 57, 132, 301, 701, 1654, 3912, 8904, 20342]...: 7561182: ACCEPTED IN 14 TRIES, (AVG 540084.4285714285)
[1, 4, 10, 23, 57, 132, 301, 701, 1654, 3912, 8904, 20346]...: 7020467: ACCEPTED IN 13 TRIES, (AVG 540035.9230769231)
[1, 4, 10, 23, 57, 132, 301, 701, 1654, 3912, 8904, 20350]...: 6479721: ACCEPTED IN 12 TRIES, (AVG 539976.75)
[1, 4, 10, 23, 57, 132, 301, 701, 1654, 3912, 8904, 20355]...: 4854724: ACCEPTED IN 9 TRIES, (AVG 539413.7777777778)
[1, 4, 10, 23, 57, 132, 301, 701, 1654, 3912, 8904, 20359]...: 3773702: ACCEPTED IN 7 TRIES, (AVG 539100.2857142857)
[1, 4, 10, 23, 57, 132, 301, 701, 1654, 3912, 8904, 20363]...: 10266524: ACCEPTED IN 19 TRIES, (AVG 540343.3684210526)
[1, 4, 10, 23, 57, 132, 301, 701, 1654, 3912, 8904, 20367]...: 17843436: ACCEPTED IN 33 TRIES, (AVG 540710.1818181818)
[1, 4, 10, 23, 57, 132, 301, 701, 1654, 3912, 8904, 20371]...: 8103241: ACCEPTED IN 15 TRIES, (AVG 540216.0666666667)
[1, 4, 10, 23, 57, 132, 301, 701, 1654, 3912, 8904, 20383]...: 7561732: ACCEPTED IN 14 TRIES, (AVG 540123.7142857143)
[1, 4, 10, 23, 57, 132, 301, 701, 1654, 3912, 8904, 20387]...: 11888610: ACCEPTED IN 22 TRIES, (AVG 540391.3636363636)
[1, 4, 10, 23, 57, 132, 301, 701, 1654, 3912, 8904, 20392]...: 9183987: ACCEPTED IN 17 TRIES, (AVG 540234.5294117647)
[1, 4, 10, 23, 57, 132, 301, 701, 1654, 3912, 8904, 20396]...: 5938186: ACCEPTED IN 11 TRIES, (AVG 539835.0909090909)
[1, 4, 10, 23, 57, 132, 301, 701, 1654, 3912, 8904, 20400]...: 7561088: ACCEPTED IN 14 TRIES, (AVG 540077.7142857143)
[1, 4, 10, 23, 57, 132, 301, 701, 1654, 3912, 8904, 20404]...: 7561756: ACCEPTED IN 14 TRIES, (AVG 540125.4285714285)
[1, 4, 10, 23, 57, 132, 301, 701, 1654, 3912, 8904, 20421]...: 9183368: ACCEPTED IN 17 TRIES, (AVG 540198.1176470588)
[1, 4, 10, 23, 57, 132, 301, 701, 1654, 3912, 8904, 20425]...: 8643490: ACCEPTED IN 16 TRIES, (AVG 540218.125)
[1, 4, 10, 23, 57, 132, 301, 701, 1654, 3912, 8904, 20429]...: 4314370: ACCEPTED IN 8 TRIES, (AVG 539296.25)
[1, 4, 10, 23, 57, 132, 301, 701, 1654, 3912, 8904, 20433]...: 7561403: ACCEPTED IN 14 TRIES, (AVG 540100.2142857143)
[1, 4, 10, 23, 57, 132, 301, 701, 1654, 3912, 8904, 20437]...: 8643352: ACCEPTED IN 16 TRIES, (AVG 540209.5)
[1, 4, 10, 23, 57, 132, 301, 701, 1654, 3912, 8904, 20441]...: 7020882: ACCEPTED IN 13 TRIES, (AVG 540067.8461538461)
[1, 4, 10, 23, 57, 132, 301, 701, 1654, 3912, 8904, 20445]...: 17843009: ACCEPTED IN 33 TRIES, (AVG 540697.2424242424)
[1, 4, 10, 23, 57, 132, 301, 701, 1654, 3912, 8904, 20454]...: 4314835: ACCEPTED IN 8 TRIES, (AVG 539354.375)
[1, 4, 10, 23, 57, 132, 301, 701, 1654, 3912, 8904, 20458]...: 5396875: ACCEPTED IN 10 TRIES, (AVG 539687.5)
[1, 4, 10, 23, 57, 132, 301, 701, 1654, 3912, 8904, 20462]...: 3773562: ACCEPTED IN 7 TRIES, (AVG 539080.2857142857)
[1, 4, 10, 23, 57, 132, 301, 701, 1654, 3912, 8904, 20466]...: 7020706: ACCEPTED IN 13 TRIES, (AVG 540054.3076923077)
[1, 4, 10, 23, 57, 132, 301, 701, 1654, 3912, 8904, 20470]...: 9183058: ACCEPTED IN 17 TRIES, (AVG 540179.8823529412)
[1, 4, 10, 23, 57, 132, 301, 701, 1654, 3912, 8904, 20474]...: 7019183: ACCEPTED IN 13 TRIES, (AVG 539937.1538461539)
[1, 4, 10, 23, 57, 132, 301, 701, 1654, 3912, 8904, 20478]...: 9183997: ACCEPTED IN 17 TRIES, (AVG 540235.1176470588)
[1, 4, 10, 23, 57, 132, 301, 701, 1654, 3912, 8904, 20482]...: 9181520: ACCEPTED IN 17 TRIES, (AVG 540089.4117647059)
[1, 4, 10, 23, 57, 132, 301, 701, 1654, 3912, 8904, 20491]...: 9185026: ACCEPTED IN 17 TRIES, (AVG 540295.6470588235)
[1, 4, 10, 23, 57, 132, 301, 701, 1654, 3912, 8904, 20495]...: 9182746: ACCEPTED IN 17 TRIES, (AVG 540161.5294117647)
[1, 4, 10, 23, 57, 132, 301, 701, 1654, 3912, 8904, 20499]...: 11347908: ACCEPTED IN 21 TRIES, (AVG 540376.5714285715)
[1, 4, 10, 23, 57, 132, 301, 701, 1654, 3912, 8904, 20503]...: 7561467: ACCEPTED IN 14 TRIES, (AVG 540104.7857142857)
[1, 4, 10, 23, 57, 132, 301, 701, 1654, 3912, 8904, 20507]...: 7020024: ACCEPTED IN 13 TRIES, (AVG 540001.8461538461)
[1, 4, 10, 23, 57, 132, 301, 701, 1654, 3912, 8904, 20515]...: 16219674: ACCEPTED IN 30 TRIES, (AVG 540655.8)
[1, 4, 10, 23, 57, 132, 301, 701, 1654, 3912, 8904, 20519]...: 9181815: ACCEPTED IN 17 TRIES, (AVG 540106.7647058824)
[1, 4, 10, 23, 57, 132, 301, 701, 1654, 3912, 8904, 20524]...: 9185238: ACCEPTED IN 17 TRIES, (AVG 540308.1176470588)
[1, 4, 10, 23, 57, 132, 301, 701, 1654, 3912, 8904, 20528]...: 6479028: ACCEPTED IN 12 TRIES, (AVG 539919.0)
[1, 4, 10, 23, 57, 132, 301, 701, 1654, 3912, 8904, 20532]...: 9184576: ACCEPTED IN 17 TRIES, (AVG 540269.1764705882)
[1, 4, 10, 23, 57, 132, 301, 701, 1654, 3912, 8904, 20536]...: 9182353: ACCEPTED IN 17 TRIES, (AVG 540138.4117647059)
[1, 4, 10, 23, 57, 132, 301, 701, 1654, 3912, 8904, 20553]...: 9183771: ACCEPTED IN 17 TRIES, (AVG 540221.8235294118)
[1, 4, 10, 23, 57, 132, 301, 701, 1654, 3912, 8904, 20556]...: 5397562: ACCEPTED IN 10 TRIES, (AVG 539756.2)
[1, 4, 10, 23, 57, 132, 301, 701, 1654, 3912, 8904, 20557]...: 4856028: ACCEPTED IN 9 TRIES, (AVG 539558.6666666666)
[1, 4, 10, 23, 57, 132, 301, 701, 1654, 3912, 8904, 20561]...: 4855098: ACCEPTED IN 9 TRIES, (AVG 539455.3333333334)
[1, 4, 10, 23, 57, 132, 301, 701, 1654, 3912, 8904, 20565]...: 11888948: ACCEPTED IN 22 TRIES, (AVG 540406.7272727273)
[1, 4, 10, 23, 57, 132, 301, 701, 1654, 3912, 8904, 20569]...: 7561310: ACCEPTED IN 14 TRIES, (AVG 540093.5714285715)
[1, 4, 10, 23, 57, 132, 301, 701, 1654, 3912, 8904, 20573]...: 7017937: ACCEPTED IN 13 TRIES, (AVG 539841.3076923077)
[1, 4, 10, 23, 57, 132, 301, 701, 1654, 3912, 8904, 20577]...: 4855944: ACCEPTED IN 9 TRIES, (AVG 539549.3333333334)
[1, 4, 10, 23, 57, 132, 301, 701, 1654, 3912, 8904, 20590]...: 8102204: ACCEPTED IN 15 TRIES, (AVG 540146.9333333333)
[1, 4, 10, 23, 57, 132, 301, 701, 1654, 3912, 8904, 20594]...: 7560921: ACCEPTED IN 14 TRIES, (AVG 540065.7857142857)
[1, 4, 10, 23, 57, 132, 301, 701, 1654, 3912, 8904, 20598]...: 7559714: ACCEPTED IN 14 TRIES, (AVG 539979.5714285715)
[1, 4, 10, 23, 57, 132, 301, 701, 1654, 3912, 8904, 20602]...: 7020530: ACCEPTED IN 13 TRIES, (AVG 540040.7692307692)
[1, 4, 10, 23, 57, 132, 301, 701, 1654, 3912, 8904, 20606]...: 9185297: ACCEPTED IN 17 TRIES, (AVG 540311.5882352941)
[1, 4, 10, 23, 57, 132, 301, 701, 1654, 3912, 8904, 20610]...: 8643926: ACCEPTED IN 16 TRIES, (AVG 540245.375)
[1, 4, 10, 23, 57, 132, 301, 701, 1654, 3912, 8904, 20614]...: 4314792: ACCEPTED IN 8 TRIES, (AVG 539349.0)
[1, 4, 10, 23, 57, 132, 301, 701, 1654, 3912, 8904, 20623]...: 5395676: ACCEPTED IN 10 TRIES, (AVG 539567.6)
[1, 4, 10, 23, 57, 132, 301, 701, 1654, 3912, 8904, 20627]...: 8102898: ACCEPTED IN 15 TRIES, (AVG 540193.2)
[1, 4, 10, 23, 57, 132, 301, 701, 1654, 3912, 8904, 20631]...: 9183703: ACCEPTED IN 17 TRIES, (AVG 540217.8235294118)
[1, 4, 10, 23, 57, 132, 301, 701, 1654, 3912, 8904, 20635]...: 5397322: ACCEPTED IN 10 TRIES, (AVG 539732.2)
[1, 4, 10, 23, 57, 132, 301, 701, 1654, 3912, 8904, 20639]...: 5938470: ACCEPTED IN 11 TRIES, (AVG 539860.9090909091)
[1, 4, 10, 23, 57, 132, 301, 701, 1654, 3912, 8904, 20647]...: 7561791: ACCEPTED IN 14 TRIES, (AVG 540127.9285714285)
[1, 4, 10, 23, 57, 132, 301, 701, 1654, 3912, 8904, 20651]...: 9182144: ACCEPTED IN 17 TRIES, (AVG 540126.1176470588)
[1, 4, 10, 23, 57, 132, 301, 701, 1654, 3912, 8904, 20656]...: 9184576: ACCEPTED IN 17 TRIES, (AVG 540269.1764705882)
[1, 4, 10, 23, 57, 132, 301, 701, 1654, 3912, 8904, 20660]...: 7560929: ACCEPTED IN 14 TRIES, (AVG 540066.3571428572)
[1, 4, 10, 23, 57, 132, 301, 701, 1654, 3912, 8904, 20664]...: 7019962: ACCEPTED IN 13 TRIES, (AVG 539997.0769230769)
[1, 4, 10, 23, 57, 132, 301, 701, 1654, 3912, 8904, 20668]...: 11349862: ACCEPTED IN 21 TRIES, (AVG 540469.619047619)
[1, 4, 10, 23, 57, 132, 301, 701, 1654, 3912, 8904, 20688]...: 4855903: ACCEPTED IN 9 TRIES, (AVG 539544.7777777778)
[1, 4, 10, 23, 57, 132, 301, 701, 1654, 3912, 8904, 20693]...: 5936679: ACCEPTED IN 11 TRIES, (AVG 539698.0909090909)
[1, 4, 10, 23, 57, 132, 301, 701, 1654, 3912, 8904, 20697]...: 18383514: ACCEPTED IN 34 TRIES, (AVG 540691.5882352941)
[1, 4, 10, 23, 57, 132, 301, 701, 1654, 3912, 8904, 20701]...: 7561286: ACCEPTED IN 14 TRIES, (AVG 540091.8571428572)
[1, 4, 10, 23, 57, 132, 301, 701, 1654, 3912, 8904, 20705]...: 5938226: ACCEPTED IN 11 TRIES, (AVG 539838.7272727273)
[1, 4, 10, 23, 57, 132, 301, 701, 1654, 3912, 8904, 20722]...: 4855183: ACCEPTED IN 9 TRIES, (AVG 539464.7777777778)
[1, 4, 10, 23, 57, 132, 301, 701, 1654, 3912, 8904, 20726]...: 11348971: ACCEPTED IN 21 TRIES, (AVG 540427.1904761905)
[1, 4, 10, 23, 57, 132, 301, 701, 1654, 3912, 8904, 20730]...: 4313644: ACCEPTED IN 8 TRIES, (AVG 539205.5)
[1, 4, 10, 23, 57, 132, 301, 701, 1654, 3912, 8904, 20734]...: 5395521: ACCEPTED IN 10 TRIES, (AVG 539552.1)
[1, 4, 10, 23, 57, 132, 301, 701, 1654, 3912, 8904, 20738]...: 3772916: ACCEPTED IN 7 TRIES, (AVG 538988.0)
[1, 4, 10, 23, 57, 132, 301, 701, 1654, 3912, 8904, 20742]...: 5938382: ACCEPTED IN 11 TRIES, (AVG 539852.9090909091)
[1, 4, 10, 23, 57, 132, 301, 701, 1654, 3912, 8904, 20746]...: 7561924: ACCEPTED IN 14 TRIES, (AVG 540137.4285714285)
[1, 4, 10, 23, 57, 132, 301, 701, 1654, 3912, 8904, 20755]...: 4314964: ACCEPTED IN 8 TRIES, (AVG 539370.5)
[1, 4, 10, 23, 57, 132, 301, 701, 1654, 3912, 8904, 20759]...: 7019845: ACCEPTED IN 13 TRIES, (AVG 539988.0769230769)
[1, 4, 10, 23, 57, 132, 301, 701, 1654, 3912, 8904, 20763]...: 3773505: ACCEPTED IN 7 TRIES, (AVG 539072.1428571428)
[1, 4, 10, 23, 57, 132, 301, 701, 1654, 3912, 8904, 20767]...: 9723606: ACCEPTED IN 18 TRIES, (AVG 540200.3333333334)
[1, 4, 10, 23, 57, 132, 301, 701, 1654, 3912, 8904, 20771]...: 7018960: ACCEPTED IN 13 TRIES, (AVG 539920.0)
[1, 4, 10, 23, 57, 132, 301, 701, 1654, 3912, 8904, 20779]...: 4313665: ACCEPTED IN 8 TRIES, (AVG 539208.125)
[1, 4, 10, 23, 57, 132, 301, 701, 1654, 3912, 8904, 20783]...: 3774042: ACCEPTED IN 7 TRIES, (AVG 539148.8571428572)
[1, 4, 10, 23, 57, 132, 301, 701, 1654, 3912, 8904, 20792]...: 9183905: ACCEPTED IN 17 TRIES, (AVG 540229.7058823529)
[1, 4, 10, 23, 57, 132, 301, 701, 1654, 3912, 8904, 20796]...: 9725958: ACCEPTED IN 18 TRIES, (AVG 540331.0)
[1, 4, 10, 23, 57, 132, 301, 701, 1654, 3912, 8904, 20800]...: 5937446: ACCEPTED IN 11 TRIES, (AVG 539767.8181818182)
[1, 4, 10, 23, 57, 132, 301, 701, 1654, 3912, 8904, 20808]...: 3773301: ACCEPTED IN 7 TRIES, (AVG 539043.0)
[1, 4, 10, 23, 57, 132, 301, 701, 1654, 3912, 8904, 20820]...: 4856020: ACCEPTED IN 9 TRIES, (AVG 539557.7777777778)
[1, 4, 10, 23, 57, 132, 301, 701, 1654, 3912, 8904, 20825]...: 10807938: ACCEPTED IN 20 TRIES, (AVG 540396.9)
[1, 4, 10, 23, 57, 132, 301, 701, 1654, 3912, 8904, 20829]...: 7020688: ACCEPTED IN 13 TRIES, (AVG 540052.9230769231)
[1, 4, 10, 23, 57, 132, 301, 701, 1654, 3912, 8904, 20833]...: 7560584: ACCEPTED IN 14 TRIES, (AVG 540041.7142857143)
[1, 4, 10, 23, 57, 132, 301, 701, 1654, 3912, 8904, 20837]...: 7560506: ACCEPTED IN 14 TRIES, (AVG 540036.1428571428)
[1, 4, 10, 23, 57, 132, 301, 701, 1654, 3912, 8904, 20854]...: 7018246: ACCEPTED IN 13 TRIES, (AVG 539865.0769230769)
[1, 4, 10, 23, 57, 132, 301, 701, 1654, 3912, 8904, 20858]...: 4313320: ACCEPTED IN 8 TRIES, (AVG 539165.0)
[1, 4, 10, 23, 57, 132, 301, 701, 1654, 3912, 8904, 20862]...: 9181803: ACCEPTED IN 17 TRIES, (AVG 540106.0588235294)
[1, 4, 10, 23, 57, 132, 301, 701, 1654, 3912, 8904, 20866]...: 4855883: ACCEPTED IN 9 TRIES, (AVG 539542.5555555555)
[1, 4, 10, 23, 57, 132, 301, 701, 1654, 3912, 8904, 20870]...: 7020282: ACCEPTED IN 13 TRIES, (AVG 540021.6923076923)
[1, 4, 10, 23, 57, 132, 301, 701, 1654, 3912, 8904, 20874]...: 8102142: ACCEPTED IN 15 TRIES, (AVG 540142.8)
[1, 4, 10, 23, 57, 132, 301, 701, 1654, 3912, 8904, 20878]...: 11347480: ACCEPTED IN 21 TRIES, (AVG 540356.1904761905)
[1, 4, 10, 23, 57, 132, 301, 701, 1654, 3912, 8904, 20891]...: 7020095: ACCEPTED IN 13 TRIES, (AVG 540007.3076923077)
[1, 4, 10, 23, 57, 132, 301, 701, 1654, 3912, 8904, 20895]...: 7561342: ACCEPTED IN 14 TRIES, (AVG 540095.8571428572)
[1, 4, 10, 23, 57, 132, 301, 701, 1654, 3912, 8904, 20899]...: 9185149: ACCEPTED IN 17 TRIES, (AVG 540302.8823529412)
[1, 4, 10, 23, 57, 132, 301, 701, 1654, 3912, 8904, 20903]...: 7020388: ACCEPTED IN 13 TRIES, (AVG 540029.8461538461)
[1, 4, 10, 23, 57, 132, 301, 701, 1654, 3912, 8904, 20907]...: 8103193: ACCEPTED IN 15 TRIES, (AVG 540212.8666666667)
[1, 4, 10, 23, 57, 132, 301, 701, 1654, 3912, 8904, 20911]...: 5935992: ACCEPTED IN 11 TRIES, (AVG 539635.6363636364)
[1, 4, 10, 23, 57, 132, 301, 701, 1654, 3912, 8904, 20915]...: 3774159: ACCEPTED IN 7 TRIES, (AVG 539165.5714285715)
[1, 4, 10, 23, 57, 132, 301, 701, 1654, 3912, 8904, 20924]...: 7560069: ACCEPTED IN 14 TRIES, (AVG 540004.9285714285)
[1, 4, 10, 23, 57, 132, 301, 701, 1654, 3912, 8904, 20928]...: 3773117: ACCEPTED IN 7 TRIES, (AVG 539016.7142857143)
[1, 4, 10, 23, 57, 132, 301, 701, 1654, 3912, 8904, 20932]...: 8102526: ACCEPTED IN 15 TRIES, (AVG 540168.4)
[1, 4, 10, 23, 57, 132, 301, 701, 1654, 3912, 8904, 20940]...: 7019680: ACCEPTED IN 13 TRIES, (AVG 539975.3846153846)
[1, 4, 10, 23, 57, 132, 301, 701, 1654, 3912, 8904, 20952]...: 5937493: ACCEPTED IN 11 TRIES, (AVG 539772.0909090909)
[1, 4, 10, 23, 57, 132, 301, 701, 1654, 3912, 8904, 20957]...: 4856329: ACCEPTED IN 9 TRIES, (AVG 539592.1111111111)
[1, 4, 10, 23, 57, 132, 301, 701, 1654, 3912, 8904, 20961]...: 8643726: ACCEPTED IN 16 TRIES, (AVG 540232.875)
[1, 4, 10, 23, 57, 132, 301, 701, 1654, 3912, 8904, 20965]...: 8644284: ACCEPTED IN 16 TRIES, (AVG 540267.75)
[1, 4, 10, 23, 57, 132, 301, 701, 1654, 3912, 8904, 20969]...: 10808770: ACCEPTED IN 20 TRIES, (AVG 540438.5)
[1, 4, 10, 23, 57, 132, 301, 701, 1654, 3912, 8904, 20990]...: 7018789: ACCEPTED IN 13 TRIES, (AVG 539906.8461538461)
[1, 4, 10, 23, 57, 132, 301, 701, 1654, 3912, 8904, 20994]...: 9184555: ACCEPTED IN 17 TRIES, (AVG 540267.9411764706)
[1, 4, 10, 23, 57, 132, 301, 701, 1654, 3912, 8904, 20998]...: 9185110: ACCEPTED IN 17 TRIES, (AVG 540300.5882352941)
[1, 4, 10, 23, 57, 132, 301, 701, 1654, 3912, 8904, 21002]...: 9724503: ACCEPTED IN 18 TRIES, (AVG 540250.1666666666)
[1, 4, 10, 23, 57, 132, 301, 701, 1654, 3912, 8904, 21006]...: 9183857: ACCEPTED IN 17 TRIES, (AVG 540226.8823529412)
[1, 4, 10, 23, 57, 132, 301, 701, 1654, 3912, 8904, 21023]...: 4855546: ACCEPTED IN 9 TRIES, (AVG 539505.1111111111)
[1, 4, 10, 23, 57, 132, 301, 701, 1654, 3912, 8904, 21027]...: 5395677: ACCEPTED IN 10 TRIES, (AVG 539567.7)
[1, 4, 10, 23, 57, 132, 301, 701, 1654, 3912, 8904, 21031]...: 4856038: ACCEPTED IN 9 TRIES, (AVG 539559.7777777778)
[1, 4, 10, 23, 57, 132, 301, 701, 1654, 3912, 8904, 21035]...: 5938267: ACCEPTED IN 11 TRIES, (AVG 539842.4545454546)
[1, 4, 10, 23, 57, 132, 301, 701, 1654, 3912, 8904, 21039]...: 9184299: ACCEPTED IN 17 TRIES, (AVG 540252.8823529412)
[1, 4, 10, 23, 57, 132, 301, 701, 1654, 3912, 8904, 21043]...: 7019257: ACCEPTED IN 13 TRIES, (AVG 539942.8461538461)
[1, 4, 10, 23, 57, 132, 301, 701, 1654, 3912, 8904, 21047]...: 8642201: ACCEPTED IN 16 TRIES, (AVG 540137.5625)
[1, 4, 10, 23, 57, 132, 301, 701, 1654, 3912, 8904, 21056]...: 9183303: ACCEPTED IN 17 TRIES, (AVG 540194.2941176471)
[1, 4, 10, 23, 57, 132, 301, 701, 1654, 3912, 8904, 21060]...: 7560880: ACCEPTED IN 14 TRIES, (AVG 540062.8571428572)
[1, 4, 10, 23, 57, 132, 301, 701, 1654, 3912, 8904, 21064]...: 7561187: ACCEPTED IN 14 TRIES, (AVG 540084.7857142857)
[1, 4, 10, 23, 57, 132, 301, 701, 1654, 3912, 8904, 21072]...: 8102447: ACCEPTED IN 15 TRIES, (AVG 540163.1333333333)
[1, 4, 10, 23, 57, 132, 301, 701, 1654, 3912, 8904, 21084]...: 7561335: ACCEPTED IN 14 TRIES, (AVG 540095.3571428572)
[1, 4, 10, 23, 57, 132, 301, 701, 1654, 3912, 8904, 21093]...: 9183445: ACCEPTED IN 17 TRIES, (AVG 540202.6470588235)
[1, 4, 10, 23, 57, 132, 301, 701, 1654, 3912, 8904, 21097]...: 4313822: ACCEPTED IN 8 TRIES, (AVG 539227.75)
[1, 4, 10, 23, 57, 132, 301, 701, 1654, 3912, 8904, 21101]...: 7561257: ACCEPTED IN 14 TRIES, (AVG 540089.7857142857)
[1, 4, 10, 23, 57, 132, 301, 701, 1654, 3912, 8904, 21122]...: 9184257: ACCEPTED IN 17 TRIES, (AVG 540250.4117647059)
[1, 4, 10, 23, 57, 132, 301, 701, 1654, 3912, 8904, 21126]...: 4313888: ACCEPTED IN 8 TRIES, (AVG 539236.0)
[1, 4, 10, 23, 57, 132, 301, 701, 1654, 3912, 8904, 21130]...: 7019762: ACCEPTED IN 13 TRIES, (AVG 539981.6923076923)
[1, 4, 10, 23, 57, 132, 301, 701, 1654, 3912, 8904, 21134]...: 7020028: ACCEPTED IN 13 TRIES, (AVG 540002.1538461539)
[1, 4, 10, 23, 57, 132, 301, 701, 1654, 3912, 8904, 21138]...: 9185336: ACCEPTED IN 17 TRIES, (AVG 540313.8823529412)
[1, 4, 10, 23, 57, 132, 301, 701, 1654, 3912, 8904, 21155]...: 3772755: ACCEPTED IN 7 TRIES, (AVG 538965.0)
[1, 4, 10, 23, 57, 132, 301, 701, 1654, 3912, 8904, 21159]...: 3232912: ACCEPTED IN 6 TRIES, (AVG 538818.6666666666)
[1, 4, 10, 23, 57, 132, 301, 701, 1654, 3912, 8904, 21163]...: 4853251: ACCEPTED IN 9 TRIES, (AVG 539250.1111111111)
[1, 4, 10, 23, 57, 132, 301, 701, 1654, 3912, 8904, 21167]...: 4853841: ACCEPTED IN 9 TRIES, (AVG 539315.6666666666)
[1, 4, 10, 23, 57, 132, 301, 701, 1654, 3912, 8904, 21171]...: 10807739: ACCEPTED IN 20 TRIES, (AVG 540386.95)
[1, 4, 10, 23, 57, 132, 301, 701, 1654, 3912, 8904, 21175]...: 14596154: ACCEPTED IN 27 TRIES, (AVG 540598.2962962963)
[1, 4, 10, 23, 57, 132, 301, 701, 1654, 3912, 8904, 21179]...: 9182486: ACCEPTED IN 17 TRIES, (AVG 540146.2352941176)
[1, 4, 10, 23, 57, 132, 301, 701, 1654, 3912, 8904, 21192]...: 9725244: ACCEPTED IN 18 TRIES, (AVG 540291.3333333334)
[1, 4, 10, 23, 57, 132, 301, 701, 1654, 3912, 8904, 21196]...: 7560930: ACCEPTED IN 14 TRIES, (AVG 540066.4285714285)
[1, 4, 10, 23, 57, 132, 301, 701, 1654, 3912, 8904, 21204]...: 5396298: ACCEPTED IN 10 TRIES, (AVG 539629.8)
[1, 4, 10, 23, 57, 132, 301, 701, 1654, 3912, 8904, 21208]...: 8643047: ACCEPTED IN 16 TRIES, (AVG 540190.4375)
[1, 4, 10, 23, 57, 132, 301, 701, 1654, 3912, 8904, 21216]...: 5937465: ACCEPTED IN 11 TRIES, (AVG 539769.5454545454)
[1, 4, 10, 23, 57, 132, 301, 701, 1654, 3912, 8904, 21225]...: 3772539: ACCEPTED IN 7 TRIES, (AVG 538934.1428571428)
[1, 4, 10, 23, 57, 132, 301, 701, 1654, 3912, 8904, 21229]...: 9184166: ACCEPTED IN 17 TRIES, (AVG 540245.0588235294)
[1, 4, 10, 23, 57, 132, 301, 701, 1654, 3912, 8904, 21233]...: 8641977: ACCEPTED IN 16 TRIES, (AVG 540123.5625)
[1, 4, 10, 23, 57, 132, 301, 701, 1654, 3912, 8904, 21254]...: 4856282: ACCEPTED IN 9 TRIES, (AVG 539586.8888888889)
[1, 4, 10, 23, 57, 132, 301, 701, 1654, 3912, 8904, 21258]...: 7019974: ACCEPTED IN 13 TRIES, (AVG 539998.0)
[1, 4, 10, 23, 57, 132, 301, 701, 1654, 3912, 8904, 21262]...: 9183801: ACCEPTED IN 17 TRIES, (AVG 540223.5882352941)
[1, 4, 10, 23, 57, 132, 301, 701, 1654, 3912, 8904, 21266]...: 4855310: ACCEPTED IN 9 TRIES, (AVG 539478.8888888889)
[1, 4, 10, 23, 57, 132, 301, 701, 1654, 3912, 8904, 21270]...: 9182788: ACCEPTED IN 17 TRIES, (AVG 540164.0)
[1, 4, 10, 23, 57, 132, 301, 701, 1654, 3912, 8904, 21291]...: 3773076: ACCEPTED IN 7 TRIES, (AVG 539010.8571428572)
[1, 4, 10, 23, 57, 132, 301, 701, 1654, 3912, 8904, 21295]...: 5397575: ACCEPTED IN 10 TRIES, (AVG 539757.5)
[1, 4, 10, 23, 57, 132, 301, 701, 1654, 3912, 8904, 21299]...: 7560531: ACCEPTED IN 14 TRIES, (AVG 540037.9285714285)
[1, 4, 10, 23, 57, 132, 301, 701, 1654, 3912, 8904, 21303]...: 7020274: ACCEPTED IN 13 TRIES, (AVG 540021.0769230769)
[1, 4, 10, 23, 57, 132, 301, 701, 1654, 3912, 8904, 21307]...: 9725333: ACCEPTED IN 18 TRIES, (AVG 540296.2777777778)
[1, 4, 10, 23, 57, 132, 301, 701, 1654, 3912, 8904, 21324]...: 8642098: ACCEPTED IN 16 TRIES, (AVG 540131.125)
[1, 4, 10, 23, 57, 132, 301, 701, 1654, 3912, 8904, 21328]...: 3771070: ACCEPTED IN 7 TRIES, (AVG 538724.2857142857)
[1, 4, 10, 23, 57, 132, 301, 701, 1654, 3912, 8904, 21336]...: 9181842: ACCEPTED IN 17 TRIES, (AVG 540108.3529411765)
[1, 4, 10, 23, 57, 132, 301, 701, 1654, 3912, 8904, 21340]...: 4853527: ACCEPTED IN 9 TRIES, (AVG 539280.7777777778)
[1, 4, 10, 23, 57, 132, 301, 701, 1654, 3912, 8904, 21348]...: 5937800: ACCEPTED IN 11 TRIES, (AVG 539800.0)
[1, 4, 10, 23, 57, 132, 301, 701, 1654, 3912, 8904, 21357]...: 9184995: ACCEPTED IN 17 TRIES, (AVG 540293.8235294118)
[1, 4, 10, 23, 57, 132, 301, 701, 1654, 3912, 8904, 21361]...: 4315001: ACCEPTED IN 8 TRIES, (AVG 539375.125)
[1, 4, 10, 23, 57, 132, 301, 701, 1654, 3912, 8904, 21365]...: 5938441: ACCEPTED IN 11 TRIES, (AVG 539858.2727272727)
