[1, 4, 10, 23, 57, 132, 301, 701, 1654, 3912, 9120, 20065]...: 4855157: ACCEPTED IN 9 TRIES, (AVG 539461.8888888889)
[1, 4, 10, 23, 57, 132, 301, 701, 1654, 3912, 9120, 20069]...: 17300752: ACCEPTED IN 32 TRIES, (AVG 540648.5)
[1, 4, 10, 23, 57, 132, 301, 701, 1654, 3912, 9120, 20073]...: 17843552: ACCEPTED IN 33 TRIES, (AVG 540713.696969697)
[1, 4, 10, 23, 57, 132, 301, 701, 1654, 3912, 9120, 20078]...: 5936299: ACCEPTED IN 11 TRIES, (AVG 539663.5454545454)
[1, 4, 10, 23, 57, 132, 301, 701, 1654, 3912, 9120, 20082]...: 7560545: ACCEPTED IN 14 TRIES, (AVG 540038.9285714285)
[1, 4, 10, 23, 57, 132, 301, 701, 1654, 3912, 9120, 20090]...: 6478092: ACCEPTED IN 12 TRIES, (AVG 539841.0)
[1, 4, 10, 23, 57, 132, 301, 701, 1654, 3912, 9120, 20094]...: 8644300: ACCEPTED IN 16 TRIES, (AVG 540268.75)
[1, 4, 10, 23, 57, 132, 301, 701, 1654, 3912, 9120, 20098]...: 10267062: ACCEPTED IN 19 TRIES, (AVG 540371.6842105263)
[1, 4, 10, 23, 57, 132, 301, 701, 1654, 3912, 9120, 20102]...: 6477981: ACCEPTED IN 12 TRIES, (AVG 539831.75)
[1, 4, 10, 23, 57, 132, 301, 701, 1654, 3912, 9120, 20106]...: 8644275: ACCEPTED IN 16 TRIES, (AVG 540267.1875)
[1, 4, 10, 23, 57, 132, 301, 701, 1654, 3912, 9120, 20111]...: 8101268: ACCEPTED IN 15 TRIES, (AVG 540084.5333333333)
[1, 4, 10, 23, 57, 132, 301, 701, 1654, 3912, 9120, 20115]...: 14595321: ACCEPTED IN 27 TRIES, (AVG 540567.4444444445)
[1, 4, 10, 23, 57, 132, 301, 701, 1654, 3912, 9120, 20119]...: 12430533: ACCEPTED IN 23 TRIES, (AVG 540457.9565217391)
[1, 4, 10, 23, 57, 132, 301, 701, 1654, 3912, 9120, 20123]...: 3232771: ACCEPTED IN 6 TRIES, (AVG 538795.1666666666)
[1, 4, 10, 23, 57, 132, 301, 701, 1654, 3912, 9120, 20127]...: 14053691: ACCEPTED IN 26 TRIES, (AVG 540526.5769230769)
[1, 4, 10, 23, 57, 132, 301, 701, 1654, 3912, 9120, 20131]...: 8101271: ACCEPTED IN 15 TRIES, (AVG 540084.7333333333)
[1, 4, 10, 23, 57, 132, 301, 701, 1654, 3912, 9120, 20135]...: 8644113: ACCEPTED IN 16 TRIES, (AVG 540257.0625)
[1, 4, 10, 23, 57, 132, 301, 701, 1654, 3912, 9120, 20143]...: 7561985: ACCEPTED IN 14 TRIES, (AVG 540141.7857142857)
[1, 4, 10, 23, 57, 132, 301, 701, 1654, 3912, 9120, 20148]...: 3232927: ACCEPTED IN 6 TRIES, (AVG 538821.1666666666)
[1, 4, 10, 23, 57, 132, 301, 701, 1654, 3912, 9120, 20152]...: 7560811: ACCEPTED IN 14 TRIES, (AVG 540057.9285714285)
[1, 4, 10, 23, 57, 132, 301, 701, 1654, 3912, 9120, 20156]...: 8102593: ACCEPTED IN 15 TRIES, (AVG 540172.8666666667)
[1, 4, 10, 23, 57, 132, 301, 701, 1654, 3912, 9120, 20160]...: 12431370: ACCEPTED IN 23 TRIES, (AVG 540494.3478260869)
[1, 4, 10, 23, 57, 132, 301, 701, 1654, 3912, 9120, 20164]...: 13513869: ACCEPTED IN 25 TRIES, (AVG 540554.76)
[1, 4, 10, 23, 57, 132, 301, 701, 1654, 3912, 9120, 20173]...: 8644009: ACCEPTED IN 16 TRIES, (AVG 540250.5625)
[1, 4, 10, 23, 57, 132, 301, 701, 1654, 3912, 9120, 20185]...: 7020447: ACCEPTED IN 13 TRIES, (AVG 540034.3846153846)
[1, 4, 10, 23, 57, 132, 301, 701, 1654, 3912, 9120, 20189]...: 5937967: ACCEPTED IN 11 TRIES, (AVG 539815.1818181818)
[1, 4, 10, 23, 57, 132, 301, 701, 1654, 3912, 9120, 20193]...: 6478784: ACCEPTED IN 12 TRIES, (AVG 539898.6666666666)
[1, 4, 10, 23, 57, 132, 301, 701, 1654, 3912, 9120, 20197]...: 8644073: ACCEPTED IN 16 TRIES, (AVG 540254.5625)
[1, 4, 10, 23, 57, 132, 301, 701, 1654, 3912, 9120, 20201]...: 5396610: ACCEPTED IN 10 TRIES, (AVG 539661.0)
[1, 4, 10, 23, 57, 132, 301, 701, 1654, 3912, 9120, 20205]...: 4854367: ACCEPTED IN 9 TRIES, (AVG 539374.1111111111)
[1, 4, 10, 23, 57, 132, 301, 701, 1654, 3912, 9120, 20210]...: 7559696: ACCEPTED IN 14 TRIES, (AVG 539978.2857142857)
[1, 4, 10, 23, 57, 132, 301, 701, 1654, 3912, 9120, 20214]...: 4854716: ACCEPTED IN 9 TRIES, (AVG 539412.8888888889)
[1, 4, 10, 23, 57, 132, 301, 701, 1654, 3912, 9120, 20222]...: 8100501: ACCEPTED IN 15 TRIES, (AVG 540033.4)
[1, 4, 10, 23, 57, 132, 301, 701, 1654, 3912, 9120, 20226]...: 11890692: ACCEPTED IN 22 TRIES, (AVG 540486.0)
[1, 4, 10, 23, 57, 132, 301, 701, 1654, 3912, 9120, 20230]...: 9185067: ACCEPTED IN 17 TRIES, (AVG 540298.0588235294)
[1, 4, 10, 23, 57, 132, 301, 701, 1654, 3912, 9120, 20234]...: 11890661: ACCEPTED IN 22 TRIES, (AVG 540484.5909090909)
[1, 4, 10, 23, 57, 132, 301, 701, 1654, 3912, 9120, 20238]...: 5937598: ACCEPTED IN 11 TRIES, (AVG 539781.6363636364)
[1, 4, 10, 23, 57, 132, 301, 701, 1654, 3912, 9120, 20243]...: 8102492: ACCEPTED IN 15 TRIES, (AVG 540166.1333333333)
[1, 4, 10, 23, 57, 132, 301, 701, 1654, 3912, 9120, 20247]...: 11886194: ACCEPTED IN 22 TRIES, (AVG 540281.5454545454)
[1, 4, 10, 23, 57, 132, 301, 701, 1654, 3912, 9120, 20251]...: 8102639: ACCEPTED IN 15 TRIES, (AVG 540175.9333333333)
[1, 4, 10, 23, 57, 132, 301, 701, 1654, 3912, 9120, 20255]...: 8102821: ACCEPTED IN 15 TRIES, (AVG 540188.0666666667)
[1, 4, 10, 23, 57, 132, 301, 701, 1654, 3912, 9120, 20259]...: 11888117: ACCEPTED IN 22 TRIES, (AVG 540368.9545454546)
[1, 4, 10, 23, 57, 132, 301, 701, 1654, 3912, 9120, 20263]...: 14054622: ACCEPTED IN 26 TRIES, (AVG 540562.3846153846)
[1, 4, 10, 23, 57, 132, 301, 701, 1654, 3912, 9120, 20267]...: 9185266: ACCEPTED IN 17 TRIES, (AVG 540309.7647058824)
[1, 4, 10, 23, 57, 132, 301, 701, 1654, 3912, 9120, 20275]...: 5937907: ACCEPTED IN 11 TRIES, (AVG 539809.7272727273)
[1, 4, 10, 23, 57, 132, 301, 701, 1654, 3912, 9120, 20280]...: 14054471: ACCEPTED IN 26 TRIES, (AVG 540556.5769230769)
[1, 4, 10, 23, 57, 132, 301, 701, 1654, 3912, 9120, 20284]...: 5937280: ACCEPTED IN 11 TRIES, (AVG 539752.7272727273)
[1, 4, 10, 23, 57, 132, 301, 701, 1654, 3912, 9120, 20288]...: 5937867: ACCEPTED IN 11 TRIES, (AVG 539806.0909090909)
[1, 4, 10, 23, 57, 132, 301, 701, 1654, 3912, 9120, 20292]...: 7561068: ACCEPTED IN 14 TRIES, (AVG 540076.2857142857)
[1, 4, 10, 23, 57, 132, 301, 701, 1654, 3912, 9120, 20296]...: 7562015: ACCEPTED IN 14 TRIES, (AVG 540143.9285714285)
[1, 4, 10, 23, 57, 132, 301, 701, 1654, 3912, 9120, 20305]...: 5396545: ACCEPTED IN 10 TRIES, (AVG 539654.5)
[1, 4, 10, 23, 57, 132, 301, 701, 1654, 3912, 9120, 20317]...: 4315036: ACCEPTED IN 8 TRIES, (AVG 539379.5)
[1, 4, 10, 23, 57, 132, 301, 701, 1654, 3912, 9120, 20321]...: 5938374: ACCEPTED IN 11 TRIES, (AVG 539852.1818181818)
[1, 4, 10, 23, 57, 132, 301, 701, 1654, 3912, 9120, 20325]...: 6478516: ACCEPTED IN 12 TRIES, (AVG 539876.3333333334)
[1, 4, 10, 23, 57, 132, 301, 701, 1654, 3912, 9120, 20329]...: 7017457: ACCEPTED IN 13 TRIES, (AVG 539804.3846153846)
[1, 4, 10, 23, 57, 132, 301, 701, 1654, 3912, 9120, 20333]...: 6477853: ACCEPTED IN 12 TRIES, (AVG 539821.0833333334)
[1, 4, 10, 23, 57, 132, 301, 701, 1654, 3912, 9120, 20342]...: 8102713: ACCEPTED IN 15 TRIES, (AVG 540180.8666666667)
[1, 4, 10, 23, 57, 132, 301, 701, 1654, 3912, 9120, 20346]...: 15678783: ACCEPTED IN 29 TRIES, (AVG 540647.6896551724)
[1, 4, 10, 23, 57, 132, 301, 701, 1654, 3912, 9120, 20354]...: 5935119: ACCEPTED IN 11 TRIES, (AVG 539556.2727272727)
[1, 4, 10, 23, 57, 132, 301, 701, 1654, 3912, 9120, 20358]...: 9185296: ACCEPTED IN 17 TRIES, (AVG 540311.5294117647)
[1, 4, 10, 23, 57, 132, 301, 701, 1654, 3912, 9120, 20362]...: 7020703: ACCEPTED IN 13 TRIES, (AVG 540054.0769230769)
[1, 4, 10, 23, 57, 132, 301, 701, 1654, 3912, 9120, 20366]...: 5938680: ACCEPTED IN 11 TRIES, (AVG 539880.0)
[1, 4, 10, 23, 57, 132, 301, 701, 1654, 3912, 9120, 20370]...: 8643208: ACCEPTED IN 16 TRIES, (AVG 540200.5)
[1, 4, 10, 23, 57, 132, 301, 701, 1654, 3912, 9120, 20375]...: 5397130: ACCEPTED IN 10 TRIES, (AVG 539713.0)
[1, 4, 10, 23, 57, 132, 301, 701, 1654, 3912, 9120, 20379]...: 6478825: ACCEPTED IN 12 TRIES, (AVG 539902.0833333334)
[1, 4, 10, 23, 57, 132, 301, 701, 1654, 3912, 9120, 20383]...: 7560712: ACCEPTED IN 14 TRIES, (AVG 540050.8571428572)
[1, 4, 10, 23, 57, 132, 301, 701, 1654, 3912, 9120, 20387]...: 13514428: ACCEPTED IN 25 TRIES, (AVG 540577.12)
[1, 4, 10, 23, 57, 132, 301, 701, 1654, 3912, 9120, 20391]...: 4856418: ACCEPTED IN 9 TRIES, (AVG 539602.0)
[1, 4, 10, 23, 57, 132, 301, 701, 1654, 3912, 9120, 20395]...: 6478059: ACCEPTED IN 12 TRIES, (AVG 539838.25)
[1, 4, 10, 23, 57, 132, 301, 701, 1654, 3912, 9120, 20399]...: 6479297: ACCEPTED IN 12 TRIES, (AVG 539941.4166666666)
[1, 4, 10, 23, 57, 132, 301, 701, 1654, 3912, 9120, 20407]...: 4315310: ACCEPTED IN 8 TRIES, (AVG 539413.75)
[1, 4, 10, 23, 57, 132, 301, 701, 1654, 3912, 9120, 20412]...: 12430670: ACCEPTED IN 23 TRIES, (AVG 540463.9130434783)
[1, 4, 10, 23, 57, 132, 301, 701, 1654, 3912, 9120, 20416]...: 7020838: ACCEPTED IN 13 TRIES, (AVG 540064.4615384615)
[1, 4, 10, 23, 57, 132, 301, 701, 1654, 3912, 9120, 20420]...: 7020596: ACCEPTED IN 13 TRIES, (AVG 540045.8461538461)
[1, 4, 10, 23, 57, 132, 301, 701, 1654, 3912, 9120, 20424]...: 9184710: ACCEPTED IN 17 TRIES, (AVG 540277.0588235294)
[1, 4, 10, 23, 57, 132, 301, 701, 1654, 3912, 9120, 20428]...: 4314563: ACCEPTED IN 8 TRIES, (AVG 539320.375)
[1, 4, 10, 23, 57, 132, 301, 701, 1654, 3912, 9120, 20436]...: 4856350: ACCEPTED IN 9 TRIES, (AVG 539594.4444444445)
[1, 4, 10, 23, 57, 132, 301, 701, 1654, 3912, 9120, 20449]...: 7019404: ACCEPTED IN 13 TRIES, (AVG 539954.1538461539)
[1, 4, 10, 23, 57, 132, 301, 701, 1654, 3912, 9120, 20453]...: 8102888: ACCEPTED IN 15 TRIES, (AVG 540192.5333333333)
[1, 4, 10, 23, 57, 132, 301, 701, 1654, 3912, 9120, 20457]...: 8102707: ACCEPTED IN 15 TRIES, (AVG 540180.4666666667)
[1, 4, 10, 23, 57, 132, 301, 701, 1654, 3912, 9120, 20461]...: 5395372: ACCEPTED IN 10 TRIES, (AVG 539537.2)
[1, 4, 10, 23, 57, 132, 301, 701, 1654, 3912, 9120, 20465]...: 9724971: ACCEPTED IN 18 TRIES, (AVG 540276.1666666666)
[1, 4, 10, 23, 57, 132, 301, 701, 1654, 3912, 9120, 20474]...: 5397360: ACCEPTED IN 10 TRIES, (AVG 539736.0)
[1, 4, 10, 23, 57, 132, 301, 701, 1654, 3912, 9120, 20478]...: 5936055: ACCEPTED IN 11 TRIES, (AVG 539641.3636363636)
[1, 4, 10, 23, 57, 132, 301, 701, 1654, 3912, 9120, 20486]...: 15679024: ACCEPTED IN 29 TRIES, (AVG 540656.0)
[1, 4, 10, 23, 57, 132, 301, 701, 1654, 3912, 9120, 20490]...: 7020527: ACCEPTED IN 13 TRIES, (AVG 540040.5384615385)
[1, 4, 10, 23, 57, 132, 301, 701, 1654, 3912, 9120, 20494]...: 10267537: ACCEPTED IN 19 TRIES, (AVG 540396.6842105263)
[1, 4, 10, 23, 57, 132, 301, 701, 1654, 3912, 9120, 20498]...: 55722609: ACCEPTED IN 103 TRIES, (AVG 540996.2038834952)
[1, 4, 10, 23, 57, 132, 301, 701, 1654, 3912, 9120, 20502]...: 11889617: ACCEPTED IN 22 TRIES, (AVG 540437.1363636364)
[1, 4, 10, 23, 57, 132, 301, 701, 1654, 3912, 9120, 20507]...: 5937387: ACCEPTED IN 11 TRIES, (AVG 539762.4545454546)
[1, 4, 10, 23, 57, 132, 301, 701, 1654, 3912, 9120, 20511]...: 8644277: ACCEPTED IN 16 TRIES, (AVG 540267.3125)
[1, 4, 10, 23, 57, 132, 301, 701, 1654, 3912, 9120, 20515]...: 6477140: ACCEPTED IN 12 TRIES, (AVG 539761.6666666666)
[1, 4, 10, 23, 57, 132, 301, 701, 1654, 3912, 9120, 20519]...: 7561452: ACCEPTED IN 14 TRIES, (AVG 540103.7142857143)
[1, 4, 10, 23, 57, 132, 301, 701, 1654, 3912, 9120, 20523]...: 5396978: ACCEPTED IN 10 TRIES, (AVG 539697.8)
[1, 4, 10, 23, 57, 132, 301, 701, 1654, 3912, 9120, 20527]...: 8101117: ACCEPTED IN 15 TRIES, (AVG 540074.4666666667)
[1, 4, 10, 23, 57, 132, 301, 701, 1654, 3912, 9120, 20531]...: 6478916: ACCEPTED IN 12 TRIES, (AVG 539909.6666666666)
[1, 4, 10, 23, 57, 132, 301, 701, 1654, 3912, 9120, 20535]...: 7018718: ACCEPTED IN 13 TRIES, (AVG 539901.3846153846)
[1, 4, 10, 23, 57, 132, 301, 701, 1654, 3912, 9120, 20539]...: 7019519: ACCEPTED IN 13 TRIES, (AVG 539963.0)
[1, 4, 10, 23, 57, 132, 301, 701, 1654, 3912, 9120, 20544]...: 6479747: ACCEPTED IN 12 TRIES, (AVG 539978.9166666666)
[1, 4, 10, 23, 57, 132, 301, 701, 1654, 3912, 9120, 20548]...: 10266925: ACCEPTED IN 19 TRIES, (AVG 540364.4736842106)
[1, 4, 10, 23, 57, 132, 301, 701, 1654, 3912, 9120, 20552]...: 10266978: ACCEPTED IN 19 TRIES, (AVG 540367.2631578947)
[1, 4, 10, 23, 57, 132, 301, 701, 1654, 3912, 9120, 20556]...: 6478657: ACCEPTED IN 12 TRIES, (AVG 539888.0833333334)
[1, 4, 10, 23, 57, 132, 301, 701, 1654, 3912, 9120, 20560]...: 11891025: ACCEPTED IN 22 TRIES, (AVG 540501.1363636364)
[1, 4, 10, 23, 57, 132, 301, 701, 1654, 3912, 9120, 20568]...: 7019826: ACCEPTED IN 13 TRIES, (AVG 539986.6153846154)
[1, 4, 10, 23, 57, 132, 301, 701, 1654, 3912, 9120, 20581]...: 5937149: ACCEPTED IN 11 TRIES, (AVG 539740.8181818182)
[1, 4, 10, 23, 57, 132, 301, 701, 1654, 3912, 9120, 20585]...: 11890693: ACCEPTED IN 22 TRIES, (AVG 540486.0454545454)
[1, 4, 10, 23, 57, 132, 301, 701, 1654, 3912, 9120, 20589]...: 11889889: ACCEPTED IN 22 TRIES, (AVG 540449.5)
[1, 4, 10, 23, 57, 132, 301, 701, 1654, 3912, 9120, 20593]...: 7561769: ACCEPTED IN 14 TRIES, (AVG 540126.3571428572)
[1, 4, 10, 23, 57, 132, 301, 701, 1654, 3912, 9120, 20597]...: 11889757: ACCEPTED IN 22 TRIES, (AVG 540443.5)
[1, 4, 10, 23, 57, 132, 301, 701, 1654, 3912, 9120, 20606]...: 7019299: ACCEPTED IN 13 TRIES, (AVG 539946.0769230769)
[1, 4, 10, 23, 57, 132, 301, 701, 1654, 3912, 9120, 20610]...: 14595005: ACCEPTED IN 27 TRIES, (AVG 540555.7407407408)
[1, 4, 10, 23, 57, 132, 301, 701, 1654, 3912, 9120, 20618]...: 6478515: ACCEPTED IN 12 TRIES, (AVG 539876.25)
[1, 4, 10, 23, 57, 132, 301, 701, 1654, 3912, 9120, 20622]...: 8643939: ACCEPTED IN 16 TRIES, (AVG 540246.1875)
[1, 4, 10, 23, 57, 132, 301, 701, 1654, 3912, 9120, 20626]...: 11891208: ACCEPTED IN 22 TRIES, (AVG 540509.4545454546)
[1, 4, 10, 23, 57, 132, 301, 701, 1654, 3912, 9120, 20630]...: 7019905: ACCEPTED IN 13 TRIES, (AVG 539992.6923076923)
[1, 4, 10, 23, 57, 132, 301, 701, 1654, 3912, 9120, 20634]...: 5397072: ACCEPTED IN 10 TRIES, (AVG 539707.2)
[1, 4, 10, 23, 57, 132, 301, 701, 1654, 3912, 9120, 20639]...: 9185156: ACCEPTED IN 17 TRIES, (AVG 540303.2941176471)
[1, 4, 10, 23, 57, 132, 301, 701, 1654, 3912, 9120, 20643]...: 7559123: ACCEPTED IN 14 TRIES, (AVG 539937.3571428572)
[1, 4, 10, 23, 57, 132, 301, 701, 1654, 3912, 9120, 20647]...: 6477878: ACCEPTED IN 12 TRIES, (AVG 539823.1666666666)
[1, 4, 10, 23, 57, 132, 301, 701, 1654, 3912, 9120, 20651]...: 6478286: ACCEPTED IN 12 TRIES, (AVG 539857.1666666666)
[1, 4, 10, 23, 57, 132, 301, 701, 1654, 3912, 9120, 20655]...: 4315261: ACCEPTED IN 8 TRIES, (AVG 539407.625)
[1, 4, 10, 23, 57, 132, 301, 701, 1654, 3912, 9120, 20659]...: 4312476: ACCEPTED IN 8 TRIES, (AVG 539059.5)
[1, 4, 10, 23, 57, 132, 301, 701, 1654, 3912, 9120, 20663]...: 5396178: ACCEPTED IN 10 TRIES, (AVG 539617.8)
[1, 4, 10, 23, 57, 132, 301, 701, 1654, 3912, 9120, 20667]...: 5396793: ACCEPTED IN 10 TRIES, (AVG 539679.3)
[1, 4, 10, 23, 57, 132, 301, 701, 1654, 3912, 9120, 20671]...: 7020011: ACCEPTED IN 13 TRIES, (AVG 540000.8461538461)
[1, 4, 10, 23, 57, 132, 301, 701, 1654, 3912, 9120, 20676]...: 5397521: ACCEPTED IN 10 TRIES, (AVG 539752.1)
[1, 4, 10, 23, 57, 132, 301, 701, 1654, 3912, 9120, 20680]...: 4312159: ACCEPTED IN 8 TRIES, (AVG 539019.875)
[1, 4, 10, 23, 57, 132, 301, 701, 1654, 3912, 9120, 20684]...: 7560760: ACCEPTED IN 14 TRIES, (AVG 540054.2857142857)
[1, 4, 10, 23, 57, 132, 301, 701, 1654, 3912, 9120, 20688]...: 7561315: ACCEPTED IN 14 TRIES, (AVG 540093.9285714285)
[1, 4, 10, 23, 57, 132, 301, 701, 1654, 3912, 9120, 20692]...: 11887843: ACCEPTED IN 22 TRIES, (AVG 540356.5)
[1, 4, 10, 23, 57, 132, 301, 701, 1654, 3912, 9120, 20700]...: 9724741: ACCEPTED IN 18 TRIES, (AVG 540263.3888888889)
[1, 4, 10, 23, 57, 132, 301, 701, 1654, 3912, 9120, 20713]...: 6478292: ACCEPTED IN 12 TRIES, (AVG 539857.6666666666)
[1, 4, 10, 23, 57, 132, 301, 701, 1654, 3912, 9120, 20717]...: 5396338: ACCEPTED IN 10 TRIES, (AVG 539633.8)
[1, 4, 10, 23, 57, 132, 301, 701, 1654, 3912, 9120, 20721]...: 7561500: ACCEPTED IN 14 TRIES, (AVG 540107.1428571428)
[1, 4, 10, 23, 57, 132, 301, 701, 1654, 3912, 9120, 20725]...: 5396812: ACCEPTED IN 10 TRIES, (AVG 539681.2)
[1, 4, 10, 23, 57, 132, 301, 701, 1654, 3912, 9120, 20729]...: 7018943: ACCEPTED IN 13 TRIES, (AVG 539918.6923076923)
[1, 4, 10, 23, 57, 132, 301, 701, 1654, 3912, 9120, 20742]...: 5938281: ACCEPTED IN 11 TRIES, (AVG 539843.7272727273)
[1, 4, 10, 23, 57, 132, 301, 701, 1654, 3912, 9120, 20750]...: 5937638: ACCEPTED IN 11 TRIES, (AVG 539785.2727272727)
[1, 4, 10, 23, 57, 132, 301, 701, 1654, 3912, 9120, 20754]...: 5938302: ACCEPTED IN 11 TRIES, (AVG 539845.6363636364)
[1, 4, 10, 23, 57, 132, 301, 701, 1654, 3912, 9120, 20758]...: 6478005: ACCEPTED IN 12 TRIES, (AVG 539833.75)
[1, 4, 10, 23, 57, 132, 301, 701, 1654, 3912, 9120, 20762]...: 7018794: ACCEPTED IN 13 TRIES, (AVG 539907.2307692308)
[1, 4, 10, 23, 57, 132, 301, 701, 1654, 3912, 9120, 20766]...: 11890269: ACCEPTED IN 22 TRIES, (AVG 540466.7727272727)
[1, 4, 10, 23, 57, 132, 301, 701, 1654, 3912, 9120, 20771]...: 8642925: ACCEPTED IN 16 TRIES, (AVG 540182.8125)
[1, 4, 10, 23, 57, 132, 301, 701, 1654, 3912, 9120, 20775]...: 11888534: ACCEPTED IN 22 TRIES, (AVG 540387.9090909091)
[1, 4, 10, 23, 57, 132, 301, 701, 1654, 3912, 9120, 20779]...: 7020018: ACCEPTED IN 13 TRIES, (AVG 540001.3846153846)
[1, 4, 10, 23, 57, 132, 301, 701, 1654, 3912, 9120, 20783]...: 7020162: ACCEPTED IN 13 TRIES, (AVG 540012.4615384615)
[1, 4, 10, 23, 57, 132, 301, 701, 1654, 3912, 9120, 20787]...: 7020902: ACCEPTED IN 13 TRIES, (AVG 540069.3846153846)
[1, 4, 10, 23, 57, 132, 301, 701, 1654, 3912, 9120, 20791]...: 5937953: ACCEPTED IN 11 TRIES, (AVG 539813.9090909091)
[1, 4, 10, 23, 57, 132, 301, 701, 1654, 3912, 9120, 20795]...: 11888234: ACCEPTED IN 22 TRIES, (AVG 540374.2727272727)
[1, 4, 10, 23, 57, 132, 301, 701, 1654, 3912, 9120, 20799]...: 10267559: ACCEPTED IN 19 TRIES, (AVG 540397.8421052631)
[1, 4, 10, 23, 57, 132, 301, 701, 1654, 3912, 9120, 20803]...: 4854467: ACCEPTED IN 9 TRIES, (AVG 539385.2222222222)
[1, 4, 10, 23, 57, 132, 301, 701, 1654, 3912, 9120, 20808]...: 10808286: ACCEPTED IN 20 TRIES, (AVG 540414.3)
[1, 4, 10, 23, 57, 132, 301, 701, 1654, 3912, 9120, 20812]...: 5397542: ACCEPTED IN 10 TRIES, (AVG 539754.2)
[1, 4, 10, 23, 57, 132, 301, 701, 1654, 3912, 9120, 20816]...: 8101688: ACCEPTED IN 15 TRIES, (AVG 540112.5333333333)
[1, 4, 10, 23, 57, 132, 301, 701, 1654, 3912, 9120, 20820]...: 7560166: ACCEPTED IN 14 TRIES, (AVG 540011.8571428572)
[1, 4, 10, 23, 57, 132, 301, 701, 1654, 3912, 9120, 20824]...: 7018919: ACCEPTED IN 13 TRIES, (AVG 539916.8461538461)
[1, 4, 10, 23, 57, 132, 301, 701, 1654, 3912, 9120, 20832]...: 5937835: ACCEPTED IN 11 TRIES, (AVG 539803.1818181818)
[1, 4, 10, 23, 57, 132, 301, 701, 1654, 3912, 9120, 20836]...: 7561812: ACCEPTED IN 14 TRIES, (AVG 540129.4285714285)
[1, 4, 10, 23, 57, 132, 301, 701, 1654, 3912, 9120, 20845]...: 4314707: ACCEPTED IN 8 TRIES, (AVG 539338.375)
[1, 4, 10, 23, 57, 132, 301, 701, 1654, 3912, 9120, 20849]...: 8641286: ACCEPTED IN 16 TRIES, (AVG 540080.375)
[1, 4, 10, 23, 57, 132, 301, 701, 1654, 3912, 9120, 20853]...: 4855158: ACCEPTED IN 9 TRIES, (AVG 539462.0)
[1, 4, 10, 23, 57, 132, 301, 701, 1654, 3912, 9120, 20857]...: 5938340: ACCEPTED IN 11 TRIES, (AVG 539849.0909090909)
[1, 4, 10, 23, 57, 132, 301, 701, 1654, 3912, 9120, 20861]...: 7020958: ACCEPTED IN 13 TRIES, (AVG 540073.6923076923)
[1, 4, 10, 23, 57, 132, 301, 701, 1654, 3912, 9120, 20874]...: 9723969: ACCEPTED IN 18 TRIES, (AVG 540220.5)
[1, 4, 10, 23, 57, 132, 301, 701, 1654, 3912, 9120, 20882]...: 9182599: ACCEPTED IN 17 TRIES, (AVG 540152.8823529412)
[1, 4, 10, 23, 57, 132, 301, 701, 1654, 3912, 9120, 20886]...: 5935212: ACCEPTED IN 11 TRIES, (AVG 539564.7272727273)
[1, 4, 10, 23, 57, 132, 301, 701, 1654, 3912, 9120, 20890]...: 11888503: ACCEPTED IN 22 TRIES, (AVG 540386.5)
[1, 4, 10, 23, 57, 132, 301, 701, 1654, 3912, 9120, 20894]...: 7558386: ACCEPTED IN 14 TRIES, (AVG 539884.7142857143)
[1, 4, 10, 23, 57, 132, 301, 701, 1654, 3912, 9120, 20898]...: 7561579: ACCEPTED IN 14 TRIES, (AVG 540112.7857142857)
[1, 4, 10, 23, 57, 132, 301, 701, 1654, 3912, 9120, 20903]...: 5937863: ACCEPTED IN 11 TRIES, (AVG 539805.7272727273)
[1, 4, 10, 23, 57, 132, 301, 701, 1654, 3912, 9120, 20907]...: 5395662: ACCEPTED IN 10 TRIES, (AVG 539566.2)
[1, 4, 10, 23, 57, 132, 301, 701, 1654, 3912, 9120, 20911]...: 9726401: ACCEPTED IN 18 TRIES, (AVG 540355.6111111111)
[1, 4, 10, 23, 57, 132, 301, 701, 1654, 3912, 9120, 20915]...: 10267139: ACCEPTED IN 19 TRIES, (AVG 540375.7368421053)
[1, 4, 10, 23, 57, 132, 301, 701, 1654, 3912, 9120, 20919]...: 6479733: ACCEPTED IN 12 TRIES, (AVG 539977.75)
[1, 4, 10, 23, 57, 132, 301, 701, 1654, 3912, 9120, 20923]...: 5397570: ACCEPTED IN 10 TRIES, (AVG 539757.0)
[1, 4, 10, 23, 57, 132, 301, 701, 1654, 3912, 9120, 20927]...: 8102833: ACCEPTED IN 15 TRIES, (AVG 540188.8666666667)
[1, 4, 10, 23, 57, 132, 301, 701, 1654, 3912, 9120, 20931]...: 4314913: ACCEPTED IN 8 TRIES, (AVG 539364.125)
[1, 4, 10, 23, 57, 132, 301, 701, 1654, 3912, 9120, 20935]...: 5935637: ACCEPTED IN 11 TRIES, (AVG 539603.3636363636)
[1, 4, 10, 23, 57, 132, 301, 701, 1654, 3912, 9120, 20940]...: 5937931: ACCEPTED IN 11 TRIES, (AVG 539811.9090909091)
[1, 4, 10, 23, 57, 132, 301, 701, 1654, 3912, 9120, 20944]...: 5936874: ACCEPTED IN 11 TRIES, (AVG 539715.8181818182)
[1, 4, 10, 23, 57, 132, 301, 701, 1654, 3912, 9120, 20948]...: 7018506: ACCEPTED IN 13 TRIES, (AVG 539885.0769230769)
[1, 4, 10, 23, 57, 132, 301, 701, 1654, 3912, 9120, 20952]...: 7020029: ACCEPTED IN 13 TRIES, (AVG 540002.2307692308)
[1, 4, 10, 23, 57, 132, 301, 701, 1654, 3912, 9120, 20956]...: 8102272: ACCEPTED IN 15 TRIES, (AVG 540151.4666666667)
[1, 4, 10, 23, 57, 132, 301, 701, 1654, 3912, 9120, 20964]...: 6479632: ACCEPTED IN 12 TRIES, (AVG 539969.3333333334)
[1, 4, 10, 23, 57, 132, 301, 701, 1654, 3912, 9120, 20968]...: 8100646: ACCEPTED IN 15 TRIES, (AVG 540043.0666666667)
[1, 4, 10, 23, 57, 132, 301, 701, 1654, 3912, 9120, 20977]...: 3232461: ACCEPTED IN 6 TRIES, (AVG 538743.5)
[1, 4, 10, 23, 57, 132, 301, 701, 1654, 3912, 9120, 20981]...: 5395906: ACCEPTED IN 10 TRIES, (AVG 539590.6)
[1, 4, 10, 23, 57, 132, 301, 701, 1654, 3912, 9120, 20985]...: 5396581: ACCEPTED IN 10 TRIES, (AVG 539658.1)
[1, 4, 10, 23, 57, 132, 301, 701, 1654, 3912, 9120, 20989]...: 5395136: ACCEPTED IN 10 TRIES, (AVG 539513.6)
[1, 4, 10, 23, 57, 132, 301, 701, 1654, 3912, 9120, 20993]...: 5938108: ACCEPTED IN 11 TRIES, (AVG 539828.0)
[1, 4, 10, 23, 57, 132, 301, 701, 1654, 3912, 9120, 21006]...: 5395713: ACCEPTED IN 10 TRIES, (AVG 539571.3)
[1, 4, 10, 23, 57, 132, 301, 701, 1654, 3912, 9120, 21014]...: 8643671: ACCEPTED IN 16 TRIES, (AVG 540229.4375)
[1, 4, 10, 23, 57, 132, 301, 701, 1654, 3912, 9120, 21018]...: 14055112: ACCEPTED IN 26 TRIES, (AVG 540581.2307692308)
[1, 4, 10, 23, 57, 132, 301, 701, 1654, 3912, 9120, 21022]...: 7561469: ACCEPTED IN 14 TRIES, (AVG 540104.9285714285)
[1, 4, 10, 23, 57, 132, 301, 701, 1654, 3912, 9120, 21026]...: 5938149: ACCEPTED IN 11 TRIES, (AVG 539831.7272727273)
[1, 4, 10, 23, 57, 132, 301, 701, 1654, 3912, 9120, 21030]...: 8102869: ACCEPTED IN 15 TRIES, (AVG 540191.2666666667)
[1, 4, 10, 23, 57, 132, 301, 701, 1654, 3912, 9120, 21035]...: 3773857: ACCEPTED IN 7 TRIES, (AVG 539122.4285714285)
[1, 4, 10, 23, 57, 132, 301, 701, 1654, 3912, 9120, 21043]...: 7561902: ACCEPTED IN 14 TRIES, (AVG 540135.8571428572)
[1, 4, 10, 23, 57, 132, 301, 701, 1654, 3912, 9120, 21047]...: 12432144: ACCEPTED IN 23 TRIES, (AVG 540528.0)
[1, 4, 10, 23, 57, 132, 301, 701, 1654, 3912, 9120, 21051]...: 4314399: ACCEPTED IN 8 TRIES, (AVG 539299.875)
[1, 4, 10, 23, 57, 132, 301, 701, 1654, 3912, 9120, 21055]...: 10266007: ACCEPTED IN 19 TRIES, (AVG 540316.1578947369)
[1, 4, 10, 23, 57, 132, 301, 701, 1654, 3912, 9120, 21059]...: 8642869: ACCEPTED IN 16 TRIES, (AVG 540179.3125)
[1, 4, 10, 23, 57, 132, 301, 701, 1654, 3912, 9120, 21063]...: 5394779: ACCEPTED IN 10 TRIES, (AVG 539477.9)
[1, 4, 10, 23, 57, 132, 301, 701, 1654, 3912, 9120, 21067]...: 7019217: ACCEPTED IN 13 TRIES, (AVG 539939.7692307692)
[1, 4, 10, 23, 57, 132, 301, 701, 1654, 3912, 9120, 21072]...: 5937010: ACCEPTED IN 11 TRIES, (AVG 539728.1818181818)
[1, 4, 10, 23, 57, 132, 301, 701, 1654, 3912, 9120, 21076]...: 5397484: ACCEPTED IN 10 TRIES, (AVG 539748.4)
[1, 4, 10, 23, 57, 132, 301, 701, 1654, 3912, 9120, 21080]...: 5936983: ACCEPTED IN 11 TRIES, (AVG 539725.7272727273)
[1, 4, 10, 23, 57, 132, 301, 701, 1654, 3912, 9120, 21084]...: 8101745: ACCEPTED IN 15 TRIES, (AVG 540116.3333333334)
[1, 4, 10, 23, 57, 132, 301, 701, 1654, 3912, 9120, 21088]...: 7561090: ACCEPTED IN 14 TRIES, (AVG 540077.8571428572)
[1, 4, 10, 23, 57, 132, 301, 701, 1654, 3912, 9120, 21096]...: 5936635: ACCEPTED IN 11 TRIES, (AVG 539694.0909090909)
[1, 4, 10, 23, 57, 132, 301, 701, 1654, 3912, 9120, 21100]...: 4855134: ACCEPTED IN 9 TRIES, (AVG 539459.3333333334)
[1, 4, 10, 23, 57, 132, 301, 701, 1654, 3912, 9120, 21109]...: 9725550: ACCEPTED IN 18 TRIES, (AVG 540308.3333333334)
[1, 4, 10, 23, 57, 132, 301, 701, 1654, 3912, 9120, 21113]...: 7020693: ACCEPTED IN 13 TRIES, (AVG 540053.3076923077)
[1, 4, 10, 23, 57, 132, 301, 701, 1654, 3912, 9120, 21117]...: 11889156: ACCEPTED IN 22 TRIES, (AVG 540416.1818181818)
[1, 4, 10, 23, 57, 132, 301, 701, 1654, 3912, 9120, 21121]...: 7019548: ACCEPTED IN 13 TRIES, (AVG 539965.2307692308)
[1, 4, 10, 23, 57, 132, 301, 701, 1654, 3912, 9120, 21125]...: 7561603: ACCEPTED IN 14 TRIES, (AVG 540114.5)
[1, 4, 10, 23, 57, 132, 301, 701, 1654, 3912, 9120, 21137]...: 8643507: ACCEPTED IN 16 TRIES, (AVG 540219.1875)
[1, 4, 10, 23, 57, 132, 301, 701, 1654, 3912, 9120, 21146]...: 6479131: ACCEPTED IN 12 TRIES, (AVG 539927.5833333334)
[1, 4, 10, 23, 57, 132, 301, 701, 1654, 3912, 9120, 21150]...: 8103110: ACCEPTED IN 15 TRIES, (AVG 540207.3333333334)
[1, 4, 10, 23, 57, 132, 301, 701, 1654, 3912, 9120, 21154]...: 6479196: ACCEPTED IN 12 TRIES, (AVG 539933.0)
[1, 4, 10, 23, 57, 132, 301, 701, 1654, 3912, 9120, 21158]...: 5935755: ACCEPTED IN 11 TRIES, (AVG 539614.0909090909)
[1, 4, 10, 23, 57, 132, 301, 701, 1654, 3912, 9120, 21162]...: 5936147: ACCEPTED IN 11 TRIES, (AVG 539649.7272727273)
[1, 4, 10, 23, 57, 132, 301, 701, 1654, 3912, 9120, 21167]...: 5396875: ACCEPTED IN 10 TRIES, (AVG 539687.5)
[1, 4, 10, 23, 57, 132, 301, 701, 1654, 3912, 9120, 21175]...: 5938664: ACCEPTED IN 11 TRIES, (AVG 539878.5454545454)
[1, 4, 10, 23, 57, 132, 301, 701, 1654, 3912, 9120, 21179]...: 3772886: ACCEPTED IN 7 TRIES, (AVG 538983.7142857143)
[1, 4, 10, 23, 57, 132, 301, 701, 1654, 3912, 9120, 21183]...: 4313802: ACCEPTED IN 8 TRIES, (AVG 539225.25)
[1, 4, 10, 23, 57, 132, 301, 701, 1654, 3912, 9120, 21184]...: 10267253: ACCEPTED IN 19 TRIES, (AVG 540381.7368421053)
[1, 4, 10, 23, 57, 132, 301, 701, 1654, 3912, 9120, 21187]...: 4856109: ACCEPTED IN 9 TRIES, (AVG 539567.6666666666)
[1, 4, 10, 23, 57, 132, 301, 701, 1654, 3912, 9120, 21191]...: 7559454: ACCEPTED IN 14 TRIES, (AVG 539961.0)
[1, 4, 10, 23, 57, 132, 301, 701, 1654, 3912, 9120, 21195]...: 4855378: ACCEPTED IN 9 TRIES, (AVG 539486.4444444445)
[1, 4, 10, 23, 57, 132, 301, 701, 1654, 3912, 9120, 21199]...: 5937356: ACCEPTED IN 11 TRIES, (AVG 539759.6363636364)
[1, 4, 10, 23, 57, 132, 301, 701, 1654, 3912, 9120, 21204]...: 7559421: ACCEPTED IN 14 TRIES, (AVG 539958.6428571428)
[1, 4, 10, 23, 57, 132, 301, 701, 1654, 3912, 9120, 21208]...: 5396155: ACCEPTED IN 10 TRIES, (AVG 539615.5)
[1, 4, 10, 23, 57, 132, 301, 701, 1654, 3912, 9120, 21212]...: 8644152: ACCEPTED IN 16 TRIES, (AVG 540259.5)
[1, 4, 10, 23, 57, 132, 301, 701, 1654, 3912, 9120, 21216]...: 4314960: ACCEPTED IN 8 TRIES, (AVG 539370.0)
[1, 4, 10, 23, 57, 132, 301, 701, 1654, 3912, 9120, 21220]...: 7561725: ACCEPTED IN 14 TRIES, (AVG 540123.2142857143)
[1, 4, 10, 23, 57, 132, 301, 701, 1654, 3912, 9120, 21228]...: 8103141: ACCEPTED IN 15 TRIES, (AVG 540209.4)
[1, 4, 10, 23, 57, 132, 301, 701, 1654, 3912, 9120, 21232]...: 8644307: ACCEPTED IN 16 TRIES, (AVG 540269.1875)
[1, 4, 10, 23, 57, 132, 301, 701, 1654, 3912, 9120, 21237]...: 7559544: ACCEPTED IN 14 TRIES, (AVG 539967.4285714285)
[1, 4, 10, 23, 57, 132, 301, 701, 1654, 3912, 9120, 21241]...: 5938271: ACCEPTED IN 11 TRIES, (AVG 539842.8181818182)
[1, 4, 10, 23, 57, 132, 301, 701, 1654, 3912, 9120, 21245]...: 5938268: ACCEPTED IN 11 TRIES, (AVG 539842.5454545454)
[1, 4, 10, 23, 57, 132, 301, 701, 1654, 3912, 9120, 21249]...: 11890902: ACCEPTED IN 22 TRIES, (AVG 540495.5454545454)
[1, 4, 10, 23, 57, 132, 301, 701, 1654, 3912, 9120, 21253]...: 11889005: ACCEPTED IN 22 TRIES, (AVG 540409.3181818182)
[1, 4, 10, 23, 57, 132, 301, 701, 1654, 3912, 9120, 21257]...: 8101342: ACCEPTED IN 15 TRIES, (AVG 540089.4666666667)
[1, 4, 10, 23, 57, 132, 301, 701, 1654, 3912, 9120, 21269]...: 7560302: ACCEPTED IN 14 TRIES, (AVG 540021.5714285715)
[1, 4, 10, 23, 57, 132, 301, 701, 1654, 3912, 9120, 21278]...: 7018683: ACCEPTED IN 13 TRIES, (AVG 539898.6923076923)
[1, 4, 10, 23, 57, 132, 301, 701, 1654, 3912, 9120, 21282]...: 10266592: ACCEPTED IN 19 TRIES, (AVG 540346.947368421)
[1, 4, 10, 23, 57, 132, 301, 701, 1654, 3912, 9120, 21286]...: 14053633: ACCEPTED IN 26 TRIES, (AVG 540524.3461538461)
[1, 4, 10, 23, 57, 132, 301, 701, 1654, 3912, 9120, 21290]...: 8103076: ACCEPTED IN 15 TRIES, (AVG 540205.0666666667)
[1, 4, 10, 23, 57, 132, 301, 701, 1654, 3912, 9120, 21294]...: 6478663: ACCEPTED IN 12 TRIES, (AVG 539888.5833333334)
[1, 4, 10, 23, 57, 132, 301, 701, 1654, 3912, 9120, 21299]...: 6479161: ACCEPTED IN 12 TRIES, (AVG 539930.0833333334)
[1, 4, 10, 23, 57, 132, 301, 701, 1654, 3912, 9120, 21307]...: 7018912: ACCEPTED IN 13 TRIES, (AVG 539916.3076923077)
[1, 4, 10, 23, 57, 132, 301, 701, 1654, 3912, 9120, 21311]...: 5396352: ACCEPTED IN 10 TRIES, (AVG 539635.2)
[1, 4, 10, 23, 57, 132, 301, 701, 1654, 3912, 9120, 21315]...: 5394813: ACCEPTED IN 10 TRIES, (AVG 539481.3)
[1, 4, 10, 23, 57, 132, 301, 701, 1654, 3912, 9120, 21316]...: 5394911: ACCEPTED IN 10 TRIES, (AVG 539491.1)
[1, 4, 10, 23, 57, 132, 301, 701, 1654, 3912, 9120, 21319]...: 8102513: ACCEPTED IN 15 TRIES, (AVG 540167.5333333333)
[1, 4, 10, 23, 57, 132, 301, 701, 1654, 3912, 9120, 21323]...: 5936354: ACCEPTED IN 11 TRIES, (AVG 539668.5454545454)
[1, 4, 10, 23, 57, 132, 301, 701, 1654, 3912, 9120, 21327]...: 7561868: ACCEPTED IN 14 TRIES, (AVG 540133.4285714285)
[1, 4, 10, 23, 57, 132, 301, 701, 1654, 3912, 9120, 21331]...: 9724798: ACCEPTED IN 18 TRIES, (AVG 540266.5555555555)
[1, 4, 10, 23, 57, 132, 301, 701, 1654, 3912, 9120, 21336]...: 5396615: ACCEPTED IN 10 TRIES, (AVG 539661.5)
[1, 4, 10, 23, 57, 132, 301, 701, 1654, 3912, 9120, 21340]...: 5938065: ACCEPTED IN 11 TRIES, (AVG 539824.0909090909)
[1, 4, 10, 23, 57, 132, 301, 701, 1654, 3912, 9120, 21344]...: 5936365: ACCEPTED IN 11 TRIES, (AVG 539669.5454545454)
[1, 4, 10, 23, 57, 132, 301, 701, 1654, 3912, 9120, 21348]...: 4855063: ACCEPTED IN 9 TRIES, (AVG 539451.4444444445)
[1, 4, 10, 23, 57, 132, 301, 701, 1654, 3912, 9120, 21352]...: 10266619: ACCEPTED IN 19 TRIES, (AVG 540348.3684210526)
[1, 4, 10, 23, 57, 132, 301, 701, 1654, 3912, 9120, 21360]...: 3232594: ACCEPTED IN 6 TRIES, (AVG 538765.6666666666)
[1, 4, 10, 23, 57, 132, 301, 701, 1654, 3912, 9120, 21364]...: 12973354: ACCEPTED IN 24 TRIES, (AVG 540556.4166666666)
[1, 4, 10, 23, 57, 132, 301, 701, 1654, 3912, 9120, 21369]...: 5936716: ACCEPTED IN 11 TRIES, (AVG 539701.4545454546)
[1, 4, 10, 23, 57, 132, 301, 701, 1654, 3912, 9120, 21373]...: 5396981: ACCEPTED IN 10 TRIES, (AVG 539698.1)
[1, 4, 10, 23, 57, 132, 301, 701, 1654, 3912, 9120, 21377]...: 5938456: ACCEPTED IN 11 TRIES, (AVG 539859.6363636364)
[1, 4, 10, 23, 57, 132, 301, 701, 1654, 3912, 9120, 21381]...: 6478835: ACCEPTED IN 12 TRIES, (AVG 539902.9166666666)
[1, 4, 10, 23, 57, 132, 301, 701, 1654, 3912, 9120, 21385]...: 5936128: ACCEPTED IN 11 TRIES, (AVG 539648.0)
[1, 4, 10, 23, 57, 132, 301, 701, 1654, 3912, 9120, 21389]...: 4314302: ACCEPTED IN 8 TRIES, (AVG 539287.75)
[1, 4, 10, 23, 57, 132, 301, 701, 1654, 3912, 9120, 21401]...: 5397420: ACCEPTED IN 10 TRIES, (AVG 539742.0)
[1, 4, 10, 23, 57, 132, 301, 701, 1654, 3912, 9120, 21410]...: 7561315: ACCEPTED IN 14 TRIES, (AVG 540093.9285714285)
[1, 4, 10, 23, 57, 132, 301, 701, 1654, 3912, 9120, 21414]...: 8101634: ACCEPTED IN 15 TRIES, (AVG 540108.9333333333)
[1, 4, 10, 23, 57, 132, 301, 701, 1654, 3912, 9120, 21418]...: 11890764: ACCEPTED IN 22 TRIES, (AVG 540489.2727272727)
[1, 4, 10, 23, 57, 132, 301, 701, 1654, 3912, 9120, 21422]...: 7019462: ACCEPTED IN 13 TRIES, (AVG 539958.6153846154)
[1, 4, 10, 23, 57, 132, 301, 701, 1654, 3912, 9120, 21426]...: 5938270: ACCEPTED IN 11 TRIES, (AVG 539842.7272727273)
[1, 4, 10, 23, 57, 132, 301, 701, 1654, 3912, 9120, 21431]...: 6476550: ACCEPTED IN 12 TRIES, (AVG 539712.5)
[1, 4, 10, 23, 57, 132, 301, 701, 1654, 3912, 9120, 21443]...: 8644325: ACCEPTED IN 16 TRIES, (AVG 540270.3125)
[1, 4, 10, 23, 57, 132, 301, 701, 1654, 3912, 9120, 21447]...: 4313553: ACCEPTED IN 8 TRIES, (AVG 539194.125)
[1, 4, 10, 23, 57, 132, 301, 701, 1654, 3912, 9120, 21448]...: 8102560: ACCEPTED IN 15 TRIES, (AVG 540170.6666666666)
[1, 4, 10, 23, 57, 132, 301, 701, 1654, 3912, 9120, 21451]...: 7560421: ACCEPTED IN 14 TRIES, (AVG 540030.0714285715)
[1, 4, 10, 23, 57, 132, 301, 701, 1654, 3912, 9120, 21455]...: 4856220: ACCEPTED IN 9 TRIES, (AVG 539580.0)
[1, 4, 10, 23, 57, 132, 301, 701, 1654, 3912, 9120, 21459]...: 5938586: ACCEPTED IN 11 TRIES, (AVG 539871.4545454546)
[1, 4, 10, 23, 57, 132, 301, 701, 1654, 3912, 9120, 21463]...: 4315149: ACCEPTED IN 8 TRIES, (AVG 539393.625)
[1, 4, 10, 23, 57, 132, 301, 701, 1654, 3912, 9120, 21468]...: 5938057: ACCEPTED IN 11 TRIES, (AVG 539823.3636363636)
[1, 4, 10, 23, 57, 132, 301, 701, 1654, 3912, 9120, 21472]...: 4854587: ACCEPTED IN 9 TRIES, (AVG 539398.5555555555)
[1, 4, 10, 23, 57, 132, 301, 701, 1654, 3912, 9120, 21476]...: 6479614: ACCEPTED IN 12 TRIES, (AVG 539967.8333333334)
[1, 4, 10, 23, 57, 132, 301, 701, 1654, 3912, 9120, 21480]...: 5395856: ACCEPTED IN 10 TRIES, (AVG 539585.6)
[1, 4, 10, 23, 57, 132, 301, 701, 1654, 3912, 9120, 21484]...: 8102330: ACCEPTED IN 15 TRIES, (AVG 540155.3333333334)
[1, 4, 10, 23, 57, 132, 301, 701, 1654, 3912, 9120, 21485]...: 5397475: ACCEPTED IN 10 TRIES, (AVG 539747.5)
[1, 4, 10, 23, 57, 132, 301, 701, 1654, 3912, 9120, 21488]...: 7559530: ACCEPTED IN 14 TRIES, (AVG 539966.4285714285)
[1, 4, 10, 23, 57, 132, 301, 701, 1654, 3912, 9120, 21489]...: 5937488: ACCEPTED IN 11 TRIES, (AVG 539771.6363636364)
[1, 4, 10, 23, 57, 132, 301, 701, 1654, 3912, 9120, 21492]...: 10267558: ACCEPTED IN 19 TRIES, (AVG 540397.7894736842)
[1, 4, 10, 23, 57, 132, 301, 701, 1654, 3912, 9120, 21496]...: 5937111: ACCEPTED IN 11 TRIES, (AVG 539737.3636363636)
[1, 4, 10, 23, 57, 132, 301, 701, 1654, 3912, 9120, 21501]...: 5937119: ACCEPTED IN 11 TRIES, (AVG 539738.0909090909)
[1, 4, 10, 23, 57, 132, 301, 701, 1654, 3912, 9120, 21505]...: 4855798: ACCEPTED IN 9 TRIES, (AVG 539533.1111111111)
[1, 4, 10, 23, 57, 132, 301, 701, 1654, 3912, 9120, 21509]...: 4855825: ACCEPTED IN 9 TRIES, (AVG 539536.1111111111)
[1, 4, 10, 23, 57, 132, 301, 701, 1654, 3912, 9120, 21513]...: 8642507: ACCEPTED IN 16 TRIES, (AVG 540156.6875)
[1, 4, 10, 23, 57, 132, 301, 701, 1654, 3912, 9120, 21517]...: 7019973: ACCEPTED IN 13 TRIES, (AVG 539997.9230769231)
[1, 4, 10, 23, 57, 132, 301, 701, 1654, 3912, 9120, 21521]...: 5937832: ACCEPTED IN 11 TRIES, (AVG 539802.9090909091)
[1, 4, 10, 23, 57, 132, 301, 701, 1654, 3912, 9120, 21533]...: 5396931: ACCEPTED IN 10 TRIES, (AVG 539693.1)
[1, 4, 10, 23, 57, 132, 301, 701, 1654, 3912, 9120, 21538]...: 8101613: ACCEPTED IN 15 TRIES, (AVG 540107.5333333333)
[1, 4, 10, 23, 57, 132, 301, 701, 1654, 3912, 9120, 21542]...: 9726207: ACCEPTED IN 18 TRIES, (AVG 540344.8333333334)
[1, 4, 10, 23, 57, 132, 301, 701, 1654, 3912, 9120, 21546]...: 4855283: ACCEPTED IN 9 TRIES, (AVG 539475.8888888889)
[1, 4, 10, 23, 57, 132, 301, 701, 1654, 3912, 9120, 21550]...: 5937318: ACCEPTED IN 11 TRIES, (AVG 539756.1818181818)
[1, 4, 10, 23, 57, 132, 301, 701, 1654, 3912, 9120, 21554]...: 11891173: ACCEPTED IN 22 TRIES, (AVG 540507.8636363636)
[1, 4, 10, 23, 57, 132, 301, 701, 1654, 3912, 9120, 21558]...: 8102413: ACCEPTED IN 15 TRIES, (AVG 540160.8666666667)
[1, 4, 10, 23, 57, 132, 301, 701, 1654, 3912, 9120, 21563]...: 6479316: ACCEPTED IN 12 TRIES, (AVG 539943.0)
[1, 4, 10, 23, 57, 132, 301, 701, 1654, 3912, 9120, 21575]...: 8102843: ACCEPTED IN 15 TRIES, (AVG 540189.5333333333)
[1, 4, 10, 23, 57, 132, 301, 701, 1654, 3912, 9120, 21579]...: 5937497: ACCEPTED IN 11 TRIES, (AVG 539772.4545454546)
[1, 4, 10, 23, 57, 132, 301, 701, 1654, 3912, 9120, 21580]...: 5397507: ACCEPTED IN 10 TRIES, (AVG 539750.7)
[1, 4, 10, 23, 57, 132, 301, 701, 1654, 3912, 9120, 21583]...: 5395144: ACCEPTED IN 10 TRIES, (AVG 539514.4)
[1, 4, 10, 23, 57, 132, 301, 701, 1654, 3912, 9120, 21587]...: 7560378: ACCEPTED IN 14 TRIES, (AVG 540027.0)
[1, 4, 10, 23, 57, 132, 301, 701, 1654, 3912, 9120, 21591]...: 5397223: ACCEPTED IN 10 TRIES, (AVG 539722.3)
[1, 4, 10, 23, 57, 132, 301, 701, 1654, 3912, 9120, 21595]...: 5938091: ACCEPTED IN 11 TRIES, (AVG 539826.4545454546)
[1, 4, 10, 23, 57, 132, 301, 701, 1654, 3912, 9120, 21600]...: 5396481: ACCEPTED IN 10 TRIES, (AVG 539648.1)
[1, 4, 10, 23, 57, 132, 301, 701, 1654, 3912, 9120, 21604]...: 5936199: ACCEPTED IN 11 TRIES, (AVG 539654.4545454546)
[1, 4, 10, 23, 57, 132, 301, 701, 1654, 3912, 9120, 21608]...: 6478936: ACCEPTED IN 12 TRIES, (AVG 539911.3333333334)
[1, 4, 10, 23, 57, 132, 301, 701, 1654, 3912, 9120, 21612]...: 7559890: ACCEPTED IN 14 TRIES, (AVG 539992.1428571428)
[1, 4, 10, 23, 57, 132, 301, 701, 1654, 3912, 9120, 21616]...: 8100844: ACCEPTED IN 15 TRIES, (AVG 540056.2666666667)
[1, 4, 10, 23, 57, 132, 301, 701, 1654, 3912, 9120, 21617]...: 5937202: ACCEPTED IN 11 TRIES, (AVG 539745.6363636364)
[1, 4, 10, 23, 57, 132, 301, 701, 1654, 3912, 9120, 21620]...: 5937666: ACCEPTED IN 11 TRIES, (AVG 539787.8181818182)
[1, 4, 10, 23, 57, 132, 301, 701, 1654, 3912, 9120, 21621]...: 4856061: ACCEPTED IN 9 TRIES, (AVG 539562.3333333334)
[1, 4, 10, 23, 57, 132, 301, 701, 1654, 3912, 9120, 21624]...: 5396283: ACCEPTED IN 10 TRIES, (AVG 539628.3)
[1, 4, 10, 23, 57, 132, 301, 701, 1654, 3912, 9120, 21628]...: 5936301: ACCEPTED IN 11 TRIES, (AVG 539663.7272727273)
[1, 4, 10, 23, 57, 132, 301, 701, 1654, 3912, 9120, 21633]...: 4855564: ACCEPTED IN 9 TRIES, (AVG 539507.1111111111)
[1, 4, 10, 23, 57, 132, 301, 701, 1654, 3912, 9120, 21637]...: 4313871: ACCEPTED IN 8 TRIES, (AVG 539233.875)
[1, 4, 10, 23, 57, 132, 301, 701, 1654, 3912, 9120, 21641]...: 5937913: ACCEPTED IN 11 TRIES, (AVG 539810.2727272727)
[1, 4, 10, 23, 57, 132, 301, 701, 1654, 3912, 9120, 21645]...: 5937403: ACCEPTED IN 11 TRIES, (AVG 539763.9090909091)
[1, 4, 10, 23, 57, 132, 301, 701, 1654, 3912, 9120, 21649]...: 8102929: ACCEPTED IN 15 TRIES, (AVG 540195.2666666667)
[1, 4, 10, 23, 57, 132, 301, 701, 1654, 3912, 9120, 21653]...: 5396415: ACCEPTED IN 10 TRIES, (AVG 539641.5)
[1, 4, 10, 23, 57, 132, 301, 701, 1654, 3912, 9120, 21665]...: 7019921: ACCEPTED IN 13 TRIES, (AVG 539993.9230769231)
[1, 4, 10, 23, 57, 132, 301, 701, 1654, 3912, 9120, 21670]...: 5935739: ACCEPTED IN 11 TRIES, (AVG 539612.6363636364)
[1, 4, 10, 23, 57, 132, 301, 701, 1654, 3912, 9120, 21674]...: 4856107: ACCEPTED IN 9 TRIES, (AVG 539567.4444444445)
[1, 4, 10, 23, 57, 132, 301, 701, 1654, 3912, 9120, 21678]...: 5396832: ACCEPTED IN 10 TRIES, (AVG 539683.2)
[1, 4, 10, 23, 57, 132, 301, 701, 1654, 3912, 9120, 21682]...: 6479527: ACCEPTED IN 12 TRIES, (AVG 539960.5833333334)
[1, 4, 10, 23, 57, 132, 301, 701, 1654, 3912, 9120, 21686]...: 8643814: ACCEPTED IN 16 TRIES, (AVG 540238.375)
[1, 4, 10, 23, 57, 132, 301, 701, 1654, 3912, 9120, 21695]...: 5936266: ACCEPTED IN 11 TRIES, (AVG 539660.5454545454)
[1, 4, 10, 23, 57, 132, 301, 701, 1654, 3912, 9120, 21707]...: 5936471: ACCEPTED IN 11 TRIES, (AVG 539679.1818181818)
[1, 4, 10, 23, 57, 132, 301, 701, 1654, 3912, 9120, 21711]...: 11889566: ACCEPTED IN 22 TRIES, (AVG 540434.8181818182)
[1, 4, 10, 23, 57, 132, 301, 701, 1654, 3912, 9120, 21712]...: 4314005: ACCEPTED IN 8 TRIES, (AVG 539250.625)
[1, 4, 10, 23, 57, 132, 301, 701, 1654, 3912, 9120, 21715]...: 5397303: ACCEPTED IN 10 TRIES, (AVG 539730.3)
[1, 4, 10, 23, 57, 132, 301, 701, 1654, 3912, 9120, 21719]...: 6477811: ACCEPTED IN 12 TRIES, (AVG 539817.5833333334)
[1, 4, 10, 23, 57, 132, 301, 701, 1654, 3912, 9120, 21723]...: 6479833: ACCEPTED IN 12 TRIES, (AVG 539986.0833333334)
[1, 4, 10, 23, 57, 132, 301, 701, 1654, 3912, 9120, 21727]...: 5395783: ACCEPTED IN 10 TRIES, (AVG 539578.3)
[1, 4, 10, 23, 57, 132, 301, 701, 1654, 3912, 9120, 21732]...: 7019814: ACCEPTED IN 13 TRIES, (AVG 539985.6923076923)
[1, 4, 10, 23, 57, 132, 301, 701, 1654, 3912, 9120, 21736]...: 6479642: ACCEPTED IN 12 TRIES, (AVG 539970.1666666666)
[1, 4, 10, 23, 57, 132, 301, 701, 1654, 3912, 9120, 21744]...: 5396453: ACCEPTED IN 10 TRIES, (AVG 539645.3)
[1, 4, 10, 23, 57, 132, 301, 701, 1654, 3912, 9120, 21748]...: 5937140: ACCEPTED IN 11 TRIES, (AVG 539740.0)
[1, 4, 10, 23, 57, 132, 301, 701, 1654, 3912, 9120, 21749]...: 8102241: ACCEPTED IN 15 TRIES, (AVG 540149.4)
[1, 4, 10, 23, 57, 132, 301, 701, 1654, 3912, 9120, 21752]...: 5935689: ACCEPTED IN 11 TRIES, (AVG 539608.0909090909)
[1, 4, 10, 23, 57, 132, 301, 701, 1654, 3912, 9120, 21753]...: 4314252: ACCEPTED IN 8 TRIES, (AVG 539281.5)
[1, 4, 10, 23, 57, 132, 301, 701, 1654, 3912, 9120, 21756]...: 5935770: ACCEPTED IN 11 TRIES, (AVG 539615.4545454546)
[1, 4, 10, 23, 57, 132, 301, 701, 1654, 3912, 9120, 21760]...: 5938575: ACCEPTED IN 11 TRIES, (AVG 539870.4545454546)
[1, 4, 10, 23, 57, 132, 301, 701, 1654, 3912, 9120, 21765]...: 4315091: ACCEPTED IN 8 TRIES, (AVG 539386.375)
[1, 4, 10, 23, 57, 132, 301, 701, 1654, 3912, 9120, 21769]...: 7559747: ACCEPTED IN 14 TRIES, (AVG 539981.9285714285)
[1, 4, 10, 23, 57, 132, 301, 701, 1654, 3912, 9120, 21773]...: 5935766: ACCEPTED IN 11 TRIES, (AVG 539615.0909090909)
[1, 4, 10, 23, 57, 132, 301, 701, 1654, 3912, 9120, 21777]...: 7020541: ACCEPTED IN 13 TRIES, (AVG 540041.6153846154)
[1, 4, 10, 23, 57, 132, 301, 701, 1654, 3912, 9120, 21781]...: 7019381: ACCEPTED IN 13 TRIES, (AVG 539952.3846153846)
[1, 4, 10, 23, 57, 132, 301, 701, 1654, 3912, 9120, 21785]...: 6479754: ACCEPTED IN 12 TRIES, (AVG 539979.5)
[1, 4, 10, 23, 57, 132, 301, 701, 1654, 3912, 9120, 21786]...: 5395266: ACCEPTED IN 10 TRIES, (AVG 539526.6)
[1, 4, 10, 23, 57, 132, 301, 701, 1654, 3912, 9120, 21789]...: 6478442: ACCEPTED IN 12 TRIES, (AVG 539870.1666666666)
[1, 4, 10, 23, 57, 132, 301, 701, 1654, 3912, 9120, 21790]...: 10266948: ACCEPTED IN 19 TRIES, (AVG 540365.6842105263)
[1, 4, 10, 23, 57, 132, 301, 701, 1654, 3912, 9120, 21797]...: 5934382: ACCEPTED IN 11 TRIES, (AVG 539489.2727272727)
[1, 4, 10, 23, 57, 132, 301, 701, 1654, 3912, 9120, 21802]...: 5396137: ACCEPTED IN 10 TRIES, (AVG 539613.7)
[1, 4, 10, 23, 57, 132, 301, 701, 1654, 3912, 9120, 21806]...: 8644121: ACCEPTED IN 16 TRIES, (AVG 540257.5625)
[1, 4, 10, 23, 57, 132, 301, 701, 1654, 3912, 9120, 21810]...: 4854950: ACCEPTED IN 9 TRIES, (AVG 539438.8888888889)
[1, 4, 10, 23, 57, 132, 301, 701, 1654, 3912, 9120, 21814]...: 8643573: ACCEPTED IN 16 TRIES, (AVG 540223.3125)
[1, 4, 10, 23, 57, 132, 301, 701, 1654, 3912, 9120, 21818]...: 6477356: ACCEPTED IN 12 TRIES, (AVG 539779.6666666666)
[1, 4, 10, 23, 57, 132, 301, 701, 1654, 3912, 9120, 21827]...: 5936031: ACCEPTED IN 11 TRIES, (AVG 539639.1818181818)
[1, 4, 10, 23, 57, 132, 301, 701, 1654, 3912, 9120, 21839]...: 8102414: ACCEPTED IN 15 TRIES, (AVG 540160.9333333333)
[1, 4, 10, 23, 57, 132, 301, 701, 1654, 3912, 9120, 21843]...: 8643813: ACCEPTED IN 16 TRIES, (AVG 540238.3125)
[1, 4, 10, 23, 57, 132, 301, 701, 1654, 3912, 9120, 21844]...: 7561445: ACCEPTED IN 14 TRIES, (AVG 540103.2142857143)
[1, 4, 10, 23, 57, 132, 301, 701, 1654, 3912, 9120, 21847]...: 8101245: ACCEPTED IN 15 TRIES, (AVG 540083.0)
[1, 4, 10, 23, 57, 132, 301, 701, 1654, 3912, 9120, 21851]...: 7561041: ACCEPTED IN 14 TRIES, (AVG 540074.3571428572)
[1, 4, 10, 23, 57, 132, 301, 701, 1654, 3912, 9120, 21855]...: 5395254: ACCEPTED IN 10 TRIES, (AVG 539525.4)
[1, 4, 10, 23, 57, 132, 301, 701, 1654, 3912, 9120, 21859]...: 5397111: ACCEPTED IN 10 TRIES, (AVG 539711.1)
[1, 4, 10, 23, 57, 132, 301, 701, 1654, 3912, 9120, 21864]...: 5938027: ACCEPTED IN 11 TRIES, (AVG 539820.6363636364)
[1, 4, 10, 23, 57, 132, 301, 701, 1654, 3912, 9120, 21868]...: 8101905: ACCEPTED IN 15 TRIES, (AVG 540127.0)
[1, 4, 10, 23, 57, 132, 301, 701, 1654, 3912, 9120, 21876]...: 7560178: ACCEPTED IN 14 TRIES, (AVG 540012.7142857143)
[1, 4, 10, 23, 57, 132, 301, 701, 1654, 3912, 9120, 21880]...: 5938527: ACCEPTED IN 11 TRIES, (AVG 539866.0909090909)
[1, 4, 10, 23, 57, 132, 301, 701, 1654, 3912, 9120, 21881]...: 4313262: ACCEPTED IN 8 TRIES, (AVG 539157.75)
[1, 4, 10, 23, 57, 132, 301, 701, 1654, 3912, 9120, 21884]...: 8100869: ACCEPTED IN 15 TRIES, (AVG 540057.9333333333)
[1, 4, 10, 23, 57, 132, 301, 701, 1654, 3912, 9120, 21885]...: 5938042: ACCEPTED IN 11 TRIES, (AVG 539822.0)
[1, 4, 10, 23, 57, 132, 301, 701, 1654, 3912, 9120, 21888]...: 5936804: ACCEPTED IN 11 TRIES, (AVG 539709.4545454546)
