[1, 4, 10, 23, 57, 132, 301, 701, 1654, 3912, 8643, 19104]...: 36242241: ACCEPTED IN 67 TRIES, (AVG 540928.9701492537)
[1, 4, 10, 23, 57, 132, 301, 701, 1654, 3912, 8643, 19149]...: 44358244: ACCEPTED IN 82 TRIES, (AVG 540954.1951219512)
[1, 4, 10, 23, 57, 132, 301, 701, 1654, 3912, 8643, 19236]...: 29747367: ACCEPTED IN 55 TRIES, (AVG 540861.2181818181)
[1, 4, 10, 23, 57, 132, 301, 701, 1654, 3912, 8643, 19368]...: 37865011: ACCEPTED IN 70 TRIES, (AVG 540928.7285714286)
[1, 4, 10, 23, 57, 132, 301, 701, 1654, 3912, 8643, 19405]...: 18924410: ACCEPTED IN 35 TRIES, (AVG 540697.4285714285)
[1, 4, 10, 23, 57, 132, 301, 701, 1654, 3912, 8643, 19537]...: 5937541: ACCEPTED IN 11 TRIES, (AVG 539776.4545454546)
[1, 4, 10, 23, 57, 132, 301, 701, 1654, 3912, 8643, 19669]...: 63840053: ACCEPTED IN 118 TRIES, (AVG 541017.3983050848)
[1, 4, 10, 23, 57, 132, 301, 701, 1654, 3912, 8643, 19706]...: 30289337: ACCEPTED IN 56 TRIES, (AVG 540881.0178571428)
[1, 4, 10, 23, 57, 132, 301, 701, 1654, 3912, 8643, 19801]...: 16219584: ACCEPTED IN 30 TRIES, (AVG 540652.8)
[1, 4, 10, 23, 57, 132, 301, 701, 1654, 3912, 8643, 19805]...: 8644380: ACCEPTED IN 16 TRIES, (AVG 540273.75)
[1, 4, 10, 23, 57, 132, 301, 701, 1654, 3912, 8643, 19838]...: 28666158: ACCEPTED IN 53 TRIES, (AVG 540870.9056603773)
[1, 4, 10, 23, 57, 132, 301, 701, 1654, 3912, 8643, 19937]...: 17301422: ACCEPTED IN 32 TRIES, (AVG 540669.4375)
[1, 4, 10, 23, 57, 132, 301, 701, 1654, 3912, 8643, 19970]...: 16217348: ACCEPTED IN 30 TRIES, (AVG 540578.2666666667)
[1, 4, 10, 23, 57, 132, 301, 701, 1654, 3912, 8643, 20069]...: 34616171: ACCEPTED IN 64 TRIES, (AVG 540877.671875)
[1, 4, 10, 23, 57, 132, 301, 701, 1654, 3912, 8643, 20102]...: 19466492: ACCEPTED IN 36 TRIES, (AVG 540735.8888888889)
[1, 4, 10, 23, 57, 132, 301, 701, 1654, 3912, 8643, 20106]...: 15137363: ACCEPTED IN 28 TRIES, (AVG 540620.1071428572)
[1, 4, 10, 23, 57, 132, 301, 701, 1654, 3912, 8643, 20201]...: 18383070: ACCEPTED IN 34 TRIES, (AVG 540678.5294117647)
[1, 4, 10, 23, 57, 132, 301, 701, 1654, 3912, 8643, 20238]...: 34618461: ACCEPTED IN 64 TRIES, (AVG 540913.453125)
[1, 4, 10, 23, 57, 132, 301, 701, 1654, 3912, 8643, 20370]...: 14595282: ACCEPTED IN 27 TRIES, (AVG 540566.0)
[1, 4, 10, 23, 57, 132, 301, 701, 1654, 3912, 8643, 20407]...: 16759502: ACCEPTED IN 31 TRIES, (AVG 540629.0967741936)
[1, 4, 10, 23, 57, 132, 301, 701, 1654, 3912, 8643, 20502]...: 21089393: ACCEPTED IN 39 TRIES, (AVG 540753.6666666666)
[1, 4, 10, 23, 57, 132, 301, 701, 1654, 3912, 8643, 20539]...: 15137619: ACCEPTED IN 28 TRIES, (AVG 540629.25)
[1, 4, 10, 23, 57, 132, 301, 701, 1654, 3912, 8643, 20671]...: 28123014: ACCEPTED IN 52 TRIES, (AVG 540827.1923076923)
