[1, 4, 10, 23, 57, 132, 301, 701, 1654, 3917, 9308, 20478]...: 10267491: ACCEPTED IN 19 TRIES, (AVG 540394.2631578947)
[1, 4, 10, 23, 57, 132, 301, 701, 1654, 3917, 9308, 20482]...: 13512052: ACCEPTED IN 25 TRIES, (AVG 540482.08)
[1, 4, 10, 23, 57, 132, 301, 701, 1654, 3917, 9308, 20490]...: 10808534: ACCEPTED IN 20 TRIES, (AVG 540426.7)
[1, 4, 10, 23, 57, 132, 301, 701, 1654, 3917, 9308, 20494]...: 12972766: ACCEPTED IN 24 TRIES, (AVG 540531.9166666666)
[1, 4, 10, 23, 57, 132, 301, 701, 1654, 3917, 9308, 20502]...: 11347527: ACCEPTED IN 21 TRIES, (AVG 540358.4285714285)
[1, 4, 10, 23, 57, 132, 301, 701, 1654, 3917, 9308, 20503]...: 10264438: ACCEPTED IN 19 TRIES, (AVG 540233.5789473684)
[1, 4, 10, 23, 57, 132, 301, 701, 1654, 3917, 9308, 20507]...: 13514122: ACCEPTED IN 25 TRIES, (AVG 540564.88)
[1, 4, 10, 23, 57, 132, 301, 701, 1654, 3917, 9308, 20511]...: 10266052: ACCEPTED IN 19 TRIES, (AVG 540318.5263157894)
[1, 4, 10, 23, 57, 132, 301, 701, 1654, 3917, 9308, 20515]...: 10266763: ACCEPTED IN 19 TRIES, (AVG 540355.947368421)
[1, 4, 10, 23, 57, 132, 301, 701, 1654, 3917, 9308, 20519]...: 10808164: ACCEPTED IN 20 TRIES, (AVG 540408.2)
[1, 4, 10, 23, 57, 132, 301, 701, 1654, 3917, 9308, 20532]...: 9726065: ACCEPTED IN 18 TRIES, (AVG 540336.9444444445)
[1, 4, 10, 23, 57, 132, 301, 701, 1654, 3917, 9308, 20536]...: 6477615: ACCEPTED IN 12 TRIES, (AVG 539801.25)
[1, 4, 10, 23, 57, 132, 301, 701, 1654, 3917, 9308, 20540]...: 4314989: ACCEPTED IN 8 TRIES, (AVG 539373.625)
[1, 4, 10, 23, 57, 132, 301, 701, 1654, 3917, 9308, 20544]...: 5397559: ACCEPTED IN 10 TRIES, (AVG 539755.9)
[1, 4, 10, 23, 57, 132, 301, 701, 1654, 3917, 9308, 20548]...: 11890582: ACCEPTED IN 22 TRIES, (AVG 540481.0)
[1, 4, 10, 23, 57, 132, 301, 701, 1654, 3917, 9308, 20552]...: 12973057: ACCEPTED IN 24 TRIES, (AVG 540544.0416666666)
[1, 4, 10, 23, 57, 132, 301, 701, 1654, 3917, 9308, 20556]...: 7020341: ACCEPTED IN 13 TRIES, (AVG 540026.2307692308)
[1, 4, 10, 23, 57, 132, 301, 701, 1654, 3917, 9308, 20565]...: 6479398: ACCEPTED IN 12 TRIES, (AVG 539949.8333333334)
[1, 4, 10, 23, 57, 132, 301, 701, 1654, 3917, 9308, 20569]...: 11348101: ACCEPTED IN 21 TRIES, (AVG 540385.7619047619)
[1, 4, 10, 23, 57, 132, 301, 701, 1654, 3917, 9308, 20573]...: 9184976: ACCEPTED IN 17 TRIES, (AVG 540292.7058823529)
[1, 4, 10, 23, 57, 132, 301, 701, 1654, 3917, 9308, 20577]...: 9723518: ACCEPTED IN 18 TRIES, (AVG 540195.4444444445)
[1, 4, 10, 23, 57, 132, 301, 701, 1654, 3917, 9308, 20581]...: 8102614: ACCEPTED IN 15 TRIES, (AVG 540174.2666666667)
[1, 4, 10, 23, 57, 132, 301, 701, 1654, 3917, 9308, 20585]...: 15678016: ACCEPTED IN 29 TRIES, (AVG 540621.2413793104)
[1, 4, 10, 23, 57, 132, 301, 701, 1654, 3917, 9308, 20589]...: 6478893: ACCEPTED IN 12 TRIES, (AVG 539907.75)
[1, 4, 10, 23, 57, 132, 301, 701, 1654, 3917, 9308, 20593]...: 7020346: ACCEPTED IN 13 TRIES, (AVG 540026.6153846154)
[1, 4, 10, 23, 57, 132, 301, 701, 1654, 3917, 9308, 20602]...: 10808142: ACCEPTED IN 20 TRIES, (AVG 540407.1)
[1, 4, 10, 23, 57, 132, 301, 701, 1654, 3917, 9308, 20606]...: 10808888: ACCEPTED IN 20 TRIES, (AVG 540444.4)
[1, 4, 10, 23, 57, 132, 301, 701, 1654, 3917, 9308, 20610]...: 7559403: ACCEPTED IN 14 TRIES, (AVG 539957.3571428572)
[1, 4, 10, 23, 57, 132, 301, 701, 1654, 3917, 9308, 20614]...: 7561724: ACCEPTED IN 14 TRIES, (AVG 540123.1428571428)
[1, 4, 10, 23, 57, 132, 301, 701, 1654, 3917, 9308, 20622]...: 10808507: ACCEPTED IN 20 TRIES, (AVG 540425.35)
[1, 4, 10, 23, 57, 132, 301, 701, 1654, 3917, 9308, 20626]...: 9184849: ACCEPTED IN 17 TRIES, (AVG 540285.2352941176)
[1, 4, 10, 23, 57, 132, 301, 701, 1654, 3917, 9308, 20634]...: 13511145: ACCEPTED IN 25 TRIES, (AVG 540445.8)
[1, 4, 10, 23, 57, 132, 301, 701, 1654, 3917, 9308, 20635]...: 7560729: ACCEPTED IN 14 TRIES, (AVG 540052.0714285715)
[1, 4, 10, 23, 57, 132, 301, 701, 1654, 3917, 9308, 20639]...: 8102637: ACCEPTED IN 15 TRIES, (AVG 540175.8)
[1, 4, 10, 23, 57, 132, 301, 701, 1654, 3917, 9308, 20643]...: 7561649: ACCEPTED IN 14 TRIES, (AVG 540117.7857142857)
[1, 4, 10, 23, 57, 132, 301, 701, 1654, 3917, 9308, 20647]...: 15677640: ACCEPTED IN 29 TRIES, (AVG 540608.275862069)
[1, 4, 10, 23, 57, 132, 301, 701, 1654, 3917, 9308, 20651]...: 10266738: ACCEPTED IN 19 TRIES, (AVG 540354.6315789474)
[1, 4, 10, 23, 57, 132, 301, 701, 1654, 3917, 9308, 20663]...: 11349271: ACCEPTED IN 21 TRIES, (AVG 540441.4761904762)
[1, 4, 10, 23, 57, 132, 301, 701, 1654, 3917, 9308, 20664]...: 6478789: ACCEPTED IN 12 TRIES, (AVG 539899.0833333334)
[1, 4, 10, 23, 57, 132, 301, 701, 1654, 3917, 9308, 20668]...: 4855966: ACCEPTED IN 9 TRIES, (AVG 539551.7777777778)
[1, 4, 10, 23, 57, 132, 301, 701, 1654, 3917, 9308, 20672]...: 5937851: ACCEPTED IN 11 TRIES, (AVG 539804.6363636364)
[1, 4, 10, 23, 57, 132, 301, 701, 1654, 3917, 9308, 20676]...: 8102236: ACCEPTED IN 15 TRIES, (AVG 540149.0666666667)
[1, 4, 10, 23, 57, 132, 301, 701, 1654, 3917, 9308, 20680]...: 10807304: ACCEPTED IN 20 TRIES, (AVG 540365.2)
[1, 4, 10, 23, 57, 132, 301, 701, 1654, 3917, 9308, 20684]...: 10808814: ACCEPTED IN 20 TRIES, (AVG 540440.7)
[1, 4, 10, 23, 57, 132, 301, 701, 1654, 3917, 9308, 20688]...: 5397526: ACCEPTED IN 10 TRIES, (AVG 539752.6)
[1, 4, 10, 23, 57, 132, 301, 701, 1654, 3917, 9308, 20701]...: 7019622: ACCEPTED IN 13 TRIES, (AVG 539970.9230769231)
[1, 4, 10, 23, 57, 132, 301, 701, 1654, 3917, 9308, 20705]...: 15677832: ACCEPTED IN 29 TRIES, (AVG 540614.8965517242)
[1, 4, 10, 23, 57, 132, 301, 701, 1654, 3917, 9308, 20709]...: 8102705: ACCEPTED IN 15 TRIES, (AVG 540180.3333333334)
[1, 4, 10, 23, 57, 132, 301, 701, 1654, 3917, 9308, 20713]...: 13513191: ACCEPTED IN 25 TRIES, (AVG 540527.64)
[1, 4, 10, 23, 57, 132, 301, 701, 1654, 3917, 9308, 20717]...: 7561442: ACCEPTED IN 14 TRIES, (AVG 540103.0)
[1, 4, 10, 23, 57, 132, 301, 701, 1654, 3917, 9308, 20721]...: 9725904: ACCEPTED IN 18 TRIES, (AVG 540328.0)
[1, 4, 10, 23, 57, 132, 301, 701, 1654, 3917, 9308, 20725]...: 2691551: ACCEPTED IN 5 TRIES, (AVG 538310.2)
[1, 4, 10, 23, 57, 132, 301, 701, 1654, 3917, 9308, 20734]...: 10267782: ACCEPTED IN 19 TRIES, (AVG 540409.5789473684)
[1, 4, 10, 23, 57, 132, 301, 701, 1654, 3917, 9308, 20738]...: 7561068: ACCEPTED IN 14 TRIES, (AVG 540076.2857142857)
[1, 4, 10, 23, 57, 132, 301, 701, 1654, 3917, 9308, 20742]...: 9724910: ACCEPTED IN 18 TRIES, (AVG 540272.7777777778)
[1, 4, 10, 23, 57, 132, 301, 701, 1654, 3917, 9308, 20746]...: 8102827: ACCEPTED IN 15 TRIES, (AVG 540188.4666666667)
[1, 4, 10, 23, 57, 132, 301, 701, 1654, 3917, 9308, 20754]...: 10266177: ACCEPTED IN 19 TRIES, (AVG 540325.1052631579)
[1, 4, 10, 23, 57, 132, 301, 701, 1654, 3917, 9308, 20758]...: 13514454: ACCEPTED IN 25 TRIES, (AVG 540578.16)
[1, 4, 10, 23, 57, 132, 301, 701, 1654, 3917, 9308, 20762]...: 12972196: ACCEPTED IN 24 TRIES, (AVG 540508.1666666666)
[1, 4, 10, 23, 57, 132, 301, 701, 1654, 3917, 9308, 20767]...: 9724228: ACCEPTED IN 18 TRIES, (AVG 540234.8888888889)
[1, 4, 10, 23, 57, 132, 301, 701, 1654, 3917, 9308, 20771]...: 4854507: ACCEPTED IN 9 TRIES, (AVG 539389.6666666666)
[1, 4, 10, 23, 57, 132, 301, 701, 1654, 3917, 9308, 20775]...: 7019220: ACCEPTED IN 13 TRIES, (AVG 539940.0)
[1, 4, 10, 23, 57, 132, 301, 701, 1654, 3917, 9308, 20779]...: 7562088: ACCEPTED IN 14 TRIES, (AVG 540149.1428571428)
[1, 4, 10, 23, 57, 132, 301, 701, 1654, 3917, 9308, 20783]...: 13514283: ACCEPTED IN 25 TRIES, (AVG 540571.32)
[1, 4, 10, 23, 57, 132, 301, 701, 1654, 3917, 9308, 20795]...: 6479284: ACCEPTED IN 12 TRIES, (AVG 539940.3333333334)
[1, 4, 10, 23, 57, 132, 301, 701, 1654, 3917, 9308, 20800]...: 4315178: ACCEPTED IN 8 TRIES, (AVG 539397.25)
[1, 4, 10, 23, 57, 132, 301, 701, 1654, 3917, 9308, 20804]...: 10808055: ACCEPTED IN 20 TRIES, (AVG 540402.75)
[1, 4, 10, 23, 57, 132, 301, 701, 1654, 3917, 9308, 20808]...: 4855390: ACCEPTED IN 9 TRIES, (AVG 539487.7777777778)
[1, 4, 10, 23, 57, 132, 301, 701, 1654, 3917, 9308, 20812]...: 10267266: ACCEPTED IN 19 TRIES, (AVG 540382.4210526316)
[1, 4, 10, 23, 57, 132, 301, 701, 1654, 3917, 9308, 20816]...: 7557812: ACCEPTED IN 14 TRIES, (AVG 539843.7142857143)
[1, 4, 10, 23, 57, 132, 301, 701, 1654, 3917, 9308, 20820]...: 10806566: ACCEPTED IN 20 TRIES, (AVG 540328.3)
[1, 4, 10, 23, 57, 132, 301, 701, 1654, 3917, 9308, 20833]...: 7019857: ACCEPTED IN 13 TRIES, (AVG 539989.0)
[1, 4, 10, 23, 57, 132, 301, 701, 1654, 3917, 9308, 20837]...: 7020704: ACCEPTED IN 13 TRIES, (AVG 540054.1538461539)
[1, 4, 10, 23, 57, 132, 301, 701, 1654, 3917, 9308, 20841]...: 3773902: ACCEPTED IN 7 TRIES, (AVG 539128.8571428572)
[1, 4, 10, 23, 57, 132, 301, 701, 1654, 3917, 9308, 20845]...: 13512547: ACCEPTED IN 25 TRIES, (AVG 540501.88)
[1, 4, 10, 23, 57, 132, 301, 701, 1654, 3917, 9308, 20849]...: 6478378: ACCEPTED IN 12 TRIES, (AVG 539864.8333333334)
[1, 4, 10, 23, 57, 132, 301, 701, 1654, 3917, 9308, 20853]...: 10806112: ACCEPTED IN 20 TRIES, (AVG 540305.6)
[1, 4, 10, 23, 57, 132, 301, 701, 1654, 3917, 9308, 20857]...: 10264837: ACCEPTED IN 19 TRIES, (AVG 540254.5789473684)
[1, 4, 10, 23, 57, 132, 301, 701, 1654, 3917, 9308, 20866]...: 5396146: ACCEPTED IN 10 TRIES, (AVG 539614.6)
[1, 4, 10, 23, 57, 132, 301, 701, 1654, 3917, 9308, 20870]...: 5937619: ACCEPTED IN 11 TRIES, (AVG 539783.5454545454)
[1, 4, 10, 23, 57, 132, 301, 701, 1654, 3917, 9308, 20874]...: 8643998: ACCEPTED IN 16 TRIES, (AVG 540249.875)
[1, 4, 10, 23, 57, 132, 301, 701, 1654, 3917, 9308, 20878]...: 5937724: ACCEPTED IN 11 TRIES, (AVG 539793.0909090909)
[1, 4, 10, 23, 57, 132, 301, 701, 1654, 3917, 9308, 20886]...: 6478187: ACCEPTED IN 12 TRIES, (AVG 539848.9166666666)
[1, 4, 10, 23, 57, 132, 301, 701, 1654, 3917, 9308, 20890]...: 4856099: ACCEPTED IN 9 TRIES, (AVG 539566.5555555555)
[1, 4, 10, 23, 57, 132, 301, 701, 1654, 3917, 9308, 20894]...: 11346951: ACCEPTED IN 21 TRIES, (AVG 540331.0)
[1, 4, 10, 23, 57, 132, 301, 701, 1654, 3917, 9308, 20903]...: 10266516: ACCEPTED IN 19 TRIES, (AVG 540342.947368421)
[1, 4, 10, 23, 57, 132, 301, 701, 1654, 3917, 9308, 20907]...: 7019749: ACCEPTED IN 13 TRIES, (AVG 539980.6923076923)
[1, 4, 10, 23, 57, 132, 301, 701, 1654, 3917, 9308, 20911]...: 7557732: ACCEPTED IN 14 TRIES, (AVG 539838.0)
[1, 4, 10, 23, 57, 132, 301, 701, 1654, 3917, 9308, 20915]...: 6478750: ACCEPTED IN 12 TRIES, (AVG 539895.8333333334)
[1, 4, 10, 23, 57, 132, 301, 701, 1654, 3917, 9308, 20927]...: 4314772: ACCEPTED IN 8 TRIES, (AVG 539346.5)
[1, 4, 10, 23, 57, 132, 301, 701, 1654, 3917, 9308, 20932]...: 7561722: ACCEPTED IN 14 TRIES, (AVG 540123.0)
[1, 4, 10, 23, 57, 132, 301, 701, 1654, 3917, 9308, 20936]...: 12430363: ACCEPTED IN 23 TRIES, (AVG 540450.5652173914)
[1, 4, 10, 23, 57, 132, 301, 701, 1654, 3917, 9308, 20940]...: 8102437: ACCEPTED IN 15 TRIES, (AVG 540162.4666666667)
[1, 4, 10, 23, 57, 132, 301, 701, 1654, 3917, 9308, 20944]...: 3772997: ACCEPTED IN 7 TRIES, (AVG 538999.5714285715)
[1, 4, 10, 23, 57, 132, 301, 701, 1654, 3917, 9308, 20948]...: 4854221: ACCEPTED IN 9 TRIES, (AVG 539357.8888888889)
[1, 4, 10, 23, 57, 132, 301, 701, 1654, 3917, 9308, 20952]...: 3773304: ACCEPTED IN 7 TRIES, (AVG 539043.4285714285)
[1, 4, 10, 23, 57, 132, 301, 701, 1654, 3917, 9308, 20965]...: 11349482: ACCEPTED IN 21 TRIES, (AVG 540451.5238095238)
[1, 4, 10, 23, 57, 132, 301, 701, 1654, 3917, 9308, 20969]...: 7560811: ACCEPTED IN 14 TRIES, (AVG 540057.9285714285)
[1, 4, 10, 23, 57, 132, 301, 701, 1654, 3917, 9308, 20973]...: 15136964: ACCEPTED IN 28 TRIES, (AVG 540605.8571428572)
[1, 4, 10, 23, 57, 132, 301, 701, 1654, 3917, 9308, 20977]...: 10805513: ACCEPTED IN 20 TRIES, (AVG 540275.65)
[1, 4, 10, 23, 57, 132, 301, 701, 1654, 3917, 9308, 20981]...: 5938235: ACCEPTED IN 11 TRIES, (AVG 539839.5454545454)
[1, 4, 10, 23, 57, 132, 301, 701, 1654, 3917, 9308, 20985]...: 5938560: ACCEPTED IN 11 TRIES, (AVG 539869.0909090909)
[1, 4, 10, 23, 57, 132, 301, 701, 1654, 3917, 9308, 20989]...: 11349564: ACCEPTED IN 21 TRIES, (AVG 540455.4285714285)
[1, 4, 10, 23, 57, 132, 301, 701, 1654, 3917, 9308, 21002]...: 7020765: ACCEPTED IN 13 TRIES, (AVG 540058.8461538461)
[1, 4, 10, 23, 57, 132, 301, 701, 1654, 3917, 9308, 21006]...: 7020157: ACCEPTED IN 13 TRIES, (AVG 540012.0769230769)
[1, 4, 10, 23, 57, 132, 301, 701, 1654, 3917, 9308, 21010]...: 10266192: ACCEPTED IN 19 TRIES, (AVG 540325.8947368421)
[1, 4, 10, 23, 57, 132, 301, 701, 1654, 3917, 9308, 21014]...: 10807329: ACCEPTED IN 20 TRIES, (AVG 540366.45)
[1, 4, 10, 23, 57, 132, 301, 701, 1654, 3917, 9308, 21018]...: 10805995: ACCEPTED IN 20 TRIES, (AVG 540299.75)
[1, 4, 10, 23, 57, 132, 301, 701, 1654, 3917, 9308, 21022]...: 2690976: ACCEPTED IN 5 TRIES, (AVG 538195.2)
[1, 4, 10, 23, 57, 132, 301, 701, 1654, 3917, 9308, 21026]...: 7558982: ACCEPTED IN 14 TRIES, (AVG 539927.2857142857)
[1, 4, 10, 23, 57, 132, 301, 701, 1654, 3917, 9308, 21035]...: 3772052: ACCEPTED IN 7 TRIES, (AVG 538864.5714285715)
[1, 4, 10, 23, 57, 132, 301, 701, 1654, 3917, 9308, 21039]...: 10808864: ACCEPTED IN 20 TRIES, (AVG 540443.2)
[1, 4, 10, 23, 57, 132, 301, 701, 1654, 3917, 9308, 21043]...: 13512809: ACCEPTED IN 25 TRIES, (AVG 540512.36)
[1, 4, 10, 23, 57, 132, 301, 701, 1654, 3917, 9308, 21047]...: 6479386: ACCEPTED IN 12 TRIES, (AVG 539948.8333333334)
[1, 4, 10, 23, 57, 132, 301, 701, 1654, 3917, 9308, 21059]...: 7560786: ACCEPTED IN 14 TRIES, (AVG 540056.1428571428)
[1, 4, 10, 23, 57, 132, 301, 701, 1654, 3917, 9308, 21063]...: 15677082: ACCEPTED IN 29 TRIES, (AVG 540589.0344827586)
[1, 4, 10, 23, 57, 132, 301, 701, 1654, 3917, 9308, 21064]...: 9183926: ACCEPTED IN 17 TRIES, (AVG 540230.9411764706)
[1, 4, 10, 23, 57, 132, 301, 701, 1654, 3917, 9308, 21068]...: 7018667: ACCEPTED IN 13 TRIES, (AVG 539897.4615384615)
[1, 4, 10, 23, 57, 132, 301, 701, 1654, 3917, 9308, 21072]...: 3774136: ACCEPTED IN 7 TRIES, (AVG 539162.2857142857)
[1, 4, 10, 23, 57, 132, 301, 701, 1654, 3917, 9308, 21076]...: 5936819: ACCEPTED IN 11 TRIES, (AVG 539710.8181818182)
[1, 4, 10, 23, 57, 132, 301, 701, 1654, 3917, 9308, 21080]...: 11347617: ACCEPTED IN 21 TRIES, (AVG 540362.7142857143)
[1, 4, 10, 23, 57, 132, 301, 701, 1654, 3917, 9308, 21084]...: 6479598: ACCEPTED IN 12 TRIES, (AVG 539966.5)
[1, 4, 10, 23, 57, 132, 301, 701, 1654, 3917, 9308, 21101]...: 7560743: ACCEPTED IN 14 TRIES, (AVG 540053.0714285715)
[1, 4, 10, 23, 57, 132, 301, 701, 1654, 3917, 9308, 21105]...: 16758984: ACCEPTED IN 31 TRIES, (AVG 540612.3870967742)
[1, 4, 10, 23, 57, 132, 301, 701, 1654, 3917, 9308, 21109]...: 7560807: ACCEPTED IN 14 TRIES, (AVG 540057.6428571428)
[1, 4, 10, 23, 57, 132, 301, 701, 1654, 3917, 9308, 21113]...: 7020170: ACCEPTED IN 13 TRIES, (AVG 540013.0769230769)
[1, 4, 10, 23, 57, 132, 301, 701, 1654, 3917, 9308, 21117]...: 5938116: ACCEPTED IN 11 TRIES, (AVG 539828.7272727273)
[1, 4, 10, 23, 57, 132, 301, 701, 1654, 3917, 9308, 21121]...: 5937879: ACCEPTED IN 11 TRIES, (AVG 539807.1818181818)
[1, 4, 10, 23, 57, 132, 301, 701, 1654, 3917, 9308, 21134]...: 4856272: ACCEPTED IN 9 TRIES, (AVG 539585.7777777778)
[1, 4, 10, 23, 57, 132, 301, 701, 1654, 3917, 9308, 21138]...: 10267632: ACCEPTED IN 19 TRIES, (AVG 540401.6842105263)
[1, 4, 10, 23, 57, 132, 301, 701, 1654, 3917, 9308, 21142]...: 10265350: ACCEPTED IN 19 TRIES, (AVG 540281.5789473684)
[1, 4, 10, 23, 57, 132, 301, 701, 1654, 3917, 9308, 21146]...: 12431660: ACCEPTED IN 23 TRIES, (AVG 540506.9565217391)
[1, 4, 10, 23, 57, 132, 301, 701, 1654, 3917, 9308, 21150]...: 10808073: ACCEPTED IN 20 TRIES, (AVG 540403.65)
[1, 4, 10, 23, 57, 132, 301, 701, 1654, 3917, 9308, 21154]...: 3772996: ACCEPTED IN 7 TRIES, (AVG 538999.4285714285)
[1, 4, 10, 23, 57, 132, 301, 701, 1654, 3917, 9308, 21158]...: 5937895: ACCEPTED IN 11 TRIES, (AVG 539808.6363636364)
[1, 4, 10, 23, 57, 132, 301, 701, 1654, 3917, 9308, 21167]...: 7562045: ACCEPTED IN 14 TRIES, (AVG 540146.0714285715)
[1, 4, 10, 23, 57, 132, 301, 701, 1654, 3917, 9308, 21171]...: 10808280: ACCEPTED IN 20 TRIES, (AVG 540414.0)
[1, 4, 10, 23, 57, 132, 301, 701, 1654, 3917, 9308, 21175]...: 7559950: ACCEPTED IN 14 TRIES, (AVG 539996.4285714285)
[1, 4, 10, 23, 57, 132, 301, 701, 1654, 3917, 9308, 21179]...: 7559529: ACCEPTED IN 14 TRIES, (AVG 539966.3571428572)
[1, 4, 10, 23, 57, 132, 301, 701, 1654, 3917, 9308, 21191]...: 4855579: ACCEPTED IN 9 TRIES, (AVG 539508.7777777778)
[1, 4, 10, 23, 57, 132, 301, 701, 1654, 3917, 9308, 21195]...: 7560408: ACCEPTED IN 14 TRIES, (AVG 540029.1428571428)
[1, 4, 10, 23, 57, 132, 301, 701, 1654, 3917, 9308, 21204]...: 12431250: ACCEPTED IN 23 TRIES, (AVG 540489.1304347826)
[1, 4, 10, 23, 57, 132, 301, 701, 1654, 3917, 9308, 21208]...: 8643799: ACCEPTED IN 16 TRIES, (AVG 540237.4375)
[1, 4, 10, 23, 57, 132, 301, 701, 1654, 3917, 9308, 21212]...: 5937940: ACCEPTED IN 11 TRIES, (AVG 539812.7272727273)
[1, 4, 10, 23, 57, 132, 301, 701, 1654, 3917, 9308, 21233]...: 3773096: ACCEPTED IN 7 TRIES, (AVG 539013.7142857143)
[1, 4, 10, 23, 57, 132, 301, 701, 1654, 3917, 9308, 21237]...: 5397039: ACCEPTED IN 10 TRIES, (AVG 539703.9)
[1, 4, 10, 23, 57, 132, 301, 701, 1654, 3917, 9308, 21241]...: 5938004: ACCEPTED IN 11 TRIES, (AVG 539818.5454545454)
[1, 4, 10, 23, 57, 132, 301, 701, 1654, 3917, 9308, 21245]...: 7560678: ACCEPTED IN 14 TRIES, (AVG 540048.4285714285)
[1, 4, 10, 23, 57, 132, 301, 701, 1654, 3917, 9308, 21249]...: 6478928: ACCEPTED IN 12 TRIES, (AVG 539910.6666666666)
[1, 4, 10, 23, 57, 132, 301, 701, 1654, 3917, 9308, 21253]...: 3774093: ACCEPTED IN 7 TRIES, (AVG 539156.1428571428)
[1, 4, 10, 23, 57, 132, 301, 701, 1654, 3917, 9308, 21266]...: 3232163: ACCEPTED IN 6 TRIES, (AVG 538693.8333333334)
[1, 4, 10, 23, 57, 132, 301, 701, 1654, 3917, 9308, 21270]...: 7560293: ACCEPTED IN 14 TRIES, (AVG 540020.9285714285)
[1, 4, 10, 23, 57, 132, 301, 701, 1654, 3917, 9308, 21274]...: 4314542: ACCEPTED IN 8 TRIES, (AVG 539317.75)
[1, 4, 10, 23, 57, 132, 301, 701, 1654, 3917, 9308, 21278]...: 7020479: ACCEPTED IN 13 TRIES, (AVG 540036.8461538461)
[1, 4, 10, 23, 57, 132, 301, 701, 1654, 3917, 9308, 21282]...: 9725523: ACCEPTED IN 18 TRIES, (AVG 540306.8333333334)
[1, 4, 10, 23, 57, 132, 301, 701, 1654, 3917, 9308, 21286]...: 5936030: ACCEPTED IN 11 TRIES, (AVG 539639.0909090909)
[1, 4, 10, 23, 57, 132, 301, 701, 1654, 3917, 9308, 21290]...: 7559430: ACCEPTED IN 14 TRIES, (AVG 539959.2857142857)
[1, 4, 10, 23, 57, 132, 301, 701, 1654, 3917, 9308, 21303]...: 5938365: ACCEPTED IN 11 TRIES, (AVG 539851.3636363636)
[1, 4, 10, 23, 57, 132, 301, 701, 1654, 3917, 9308, 21307]...: 7560347: ACCEPTED IN 14 TRIES, (AVG 540024.7857142857)
[1, 4, 10, 23, 57, 132, 301, 701, 1654, 3917, 9308, 21311]...: 10808194: ACCEPTED IN 20 TRIES, (AVG 540409.7)
[1, 4, 10, 23, 57, 132, 301, 701, 1654, 3917, 9308, 21315]...: 7020933: ACCEPTED IN 13 TRIES, (AVG 540071.7692307692)
[1, 4, 10, 23, 57, 132, 301, 701, 1654, 3917, 9308, 21323]...: 8103137: ACCEPTED IN 15 TRIES, (AVG 540209.1333333333)
[1, 4, 10, 23, 57, 132, 301, 701, 1654, 3917, 9308, 21327]...: 7561260: ACCEPTED IN 14 TRIES, (AVG 540090.0)
[1, 4, 10, 23, 57, 132, 301, 701, 1654, 3917, 9308, 21336]...: 2691397: ACCEPTED IN 5 TRIES, (AVG 538279.4)
[1, 4, 10, 23, 57, 132, 301, 701, 1654, 3917, 9308, 21340]...: 7558954: ACCEPTED IN 14 TRIES, (AVG 539925.2857142857)
[1, 4, 10, 23, 57, 132, 301, 701, 1654, 3917, 9308, 21344]...: 7559810: ACCEPTED IN 14 TRIES, (AVG 539986.4285714285)
[1, 4, 10, 23, 57, 132, 301, 701, 1654, 3917, 9308, 21364]...: 7020159: ACCEPTED IN 13 TRIES, (AVG 540012.2307692308)
[1, 4, 10, 23, 57, 132, 301, 701, 1654, 3917, 9308, 21365]...: 4855185: ACCEPTED IN 9 TRIES, (AVG 539465.0)
[1, 4, 10, 23, 57, 132, 301, 701, 1654, 3917, 9308, 21369]...: 5396893: ACCEPTED IN 10 TRIES, (AVG 539689.3)
[1, 4, 10, 23, 57, 132, 301, 701, 1654, 3917, 9308, 21373]...: 3773531: ACCEPTED IN 7 TRIES, (AVG 539075.8571428572)
[1, 4, 10, 23, 57, 132, 301, 701, 1654, 3917, 9308, 21377]...: 9185109: ACCEPTED IN 17 TRIES, (AVG 540300.5294117647)
[1, 4, 10, 23, 57, 132, 301, 701, 1654, 3917, 9308, 21381]...: 8102456: ACCEPTED IN 15 TRIES, (AVG 540163.7333333333)
[1, 4, 10, 23, 57, 132, 301, 701, 1654, 3917, 9308, 21385]...: 8644094: ACCEPTED IN 16 TRIES, (AVG 540255.875)
[1, 4, 10, 23, 57, 132, 301, 701, 1654, 3917, 9308, 21402]...: 11347192: ACCEPTED IN 21 TRIES, (AVG 540342.4761904762)
[1, 4, 10, 23, 57, 132, 301, 701, 1654, 3917, 9308, 21406]...: 10267760: ACCEPTED IN 19 TRIES, (AVG 540408.4210526316)
[1, 4, 10, 23, 57, 132, 301, 701, 1654, 3917, 9308, 21410]...: 9185514: ACCEPTED IN 17 TRIES, (AVG 540324.3529411765)
[1, 4, 10, 23, 57, 132, 301, 701, 1654, 3917, 9308, 21414]...: 3771979: ACCEPTED IN 7 TRIES, (AVG 538854.1428571428)
[1, 4, 10, 23, 57, 132, 301, 701, 1654, 3917, 9308, 21418]...: 6477586: ACCEPTED IN 12 TRIES, (AVG 539798.8333333334)
[1, 4, 10, 23, 57, 132, 301, 701, 1654, 3917, 9308, 21422]...: 3772824: ACCEPTED IN 7 TRIES, (AVG 538974.8571428572)
[1, 4, 10, 23, 57, 132, 301, 701, 1654, 3917, 9308, 21435]...: 10267099: ACCEPTED IN 19 TRIES, (AVG 540373.6315789474)
[1, 4, 10, 23, 57, 132, 301, 701, 1654, 3917, 9308, 21439]...: 7560817: ACCEPTED IN 14 TRIES, (AVG 540058.3571428572)
[1, 4, 10, 23, 57, 132, 301, 701, 1654, 3917, 9308, 21443]...: 5397346: ACCEPTED IN 10 TRIES, (AVG 539734.6)
[1, 4, 10, 23, 57, 132, 301, 701, 1654, 3917, 9308, 21447]...: 7561492: ACCEPTED IN 14 TRIES, (AVG 540106.5714285715)
[1, 4, 10, 23, 57, 132, 301, 701, 1654, 3917, 9308, 21455]...: 4856316: ACCEPTED IN 9 TRIES, (AVG 539590.6666666666)
[1, 4, 10, 23, 57, 132, 301, 701, 1654, 3917, 9308, 21459]...: 7020250: ACCEPTED IN 13 TRIES, (AVG 540019.2307692308)
[1, 4, 10, 23, 57, 132, 301, 701, 1654, 3917, 9308, 21468]...: 7019972: ACCEPTED IN 13 TRIES, (AVG 539997.8461538461)
[1, 4, 10, 23, 57, 132, 301, 701, 1654, 3917, 9308, 21472]...: 6478198: ACCEPTED IN 12 TRIES, (AVG 539849.8333333334)
[1, 4, 10, 23, 57, 132, 301, 701, 1654, 3917, 9308, 21476]...: 6479455: ACCEPTED IN 12 TRIES, (AVG 539954.5833333334)
[1, 4, 10, 23, 57, 132, 301, 701, 1654, 3917, 9308, 21496]...: 7560595: ACCEPTED IN 14 TRIES, (AVG 540042.5)
[1, 4, 10, 23, 57, 132, 301, 701, 1654, 3917, 9308, 21501]...: 7019353: ACCEPTED IN 13 TRIES, (AVG 539950.2307692308)
[1, 4, 10, 23, 57, 132, 301, 701, 1654, 3917, 9308, 21505]...: 2689632: ACCEPTED IN 5 TRIES, (AVG 537926.4)
[1, 4, 10, 23, 57, 132, 301, 701, 1654, 3917, 9308, 21509]...: 10807530: ACCEPTED IN 20 TRIES, (AVG 540376.5)
[1, 4, 10, 23, 57, 132, 301, 701, 1654, 3917, 9308, 21513]...: 10266746: ACCEPTED IN 19 TRIES, (AVG 540355.052631579)
[1, 4, 10, 23, 57, 132, 301, 701, 1654, 3917, 9308, 21534]...: 10807434: ACCEPTED IN 20 TRIES, (AVG 540371.7)
[1, 4, 10, 23, 57, 132, 301, 701, 1654, 3917, 9308, 21538]...: 4315079: ACCEPTED IN 8 TRIES, (AVG 539384.875)
[1, 4, 10, 23, 57, 132, 301, 701, 1654, 3917, 9308, 21542]...: 3773629: ACCEPTED IN 7 TRIES, (AVG 539089.8571428572)
[1, 4, 10, 23, 57, 132, 301, 701, 1654, 3917, 9308, 21546]...: 5937294: ACCEPTED IN 11 TRIES, (AVG 539754.0)
[1, 4, 10, 23, 57, 132, 301, 701, 1654, 3917, 9308, 21550]...: 9726249: ACCEPTED IN 18 TRIES, (AVG 540347.1666666666)
[1, 4, 10, 23, 57, 132, 301, 701, 1654, 3917, 9308, 21554]...: 4856244: ACCEPTED IN 9 TRIES, (AVG 539582.6666666666)
[1, 4, 10, 23, 57, 132, 301, 701, 1654, 3917, 9308, 21567]...: 12970278: ACCEPTED IN 24 TRIES, (AVG 540428.25)
[1, 4, 10, 23, 57, 132, 301, 701, 1654, 3917, 9308, 21571]...: 8102327: ACCEPTED IN 15 TRIES, (AVG 540155.1333333333)
[1, 4, 10, 23, 57, 132, 301, 701, 1654, 3917, 9308, 21575]...: 7020539: ACCEPTED IN 13 TRIES, (AVG 540041.4615384615)
[1, 4, 10, 23, 57, 132, 301, 701, 1654, 3917, 9308, 21579]...: 6478917: ACCEPTED IN 12 TRIES, (AVG 539909.75)
[1, 4, 10, 23, 57, 132, 301, 701, 1654, 3917, 9308, 21587]...: 8643772: ACCEPTED IN 16 TRIES, (AVG 540235.75)
[1, 4, 10, 23, 57, 132, 301, 701, 1654, 3917, 9308, 21591]...: 4313720: ACCEPTED IN 8 TRIES, (AVG 539215.0)
[1, 4, 10, 23, 57, 132, 301, 701, 1654, 3917, 9308, 21604]...: 3774039: ACCEPTED IN 7 TRIES, (AVG 539148.4285714285)
[1, 4, 10, 23, 57, 132, 301, 701, 1654, 3917, 9308, 21608]...: 5397228: ACCEPTED IN 10 TRIES, (AVG 539722.8)
[1, 4, 10, 23, 57, 132, 301, 701, 1654, 3917, 9308, 21616]...: 8103145: ACCEPTED IN 15 TRIES, (AVG 540209.6666666666)
[1, 4, 10, 23, 57, 132, 301, 701, 1654, 3917, 9308, 21628]...: 4314975: ACCEPTED IN 8 TRIES, (AVG 539371.875)
[1, 4, 10, 23, 57, 132, 301, 701, 1654, 3917, 9308, 21633]...: 12431714: ACCEPTED IN 23 TRIES, (AVG 540509.304347826)
[1, 4, 10, 23, 57, 132, 301, 701, 1654, 3917, 9308, 21637]...: 8102165: ACCEPTED IN 15 TRIES, (AVG 540144.3333333334)
[1, 4, 10, 23, 57, 132, 301, 701, 1654, 3917, 9308, 21641]...: 3232408: ACCEPTED IN 6 TRIES, (AVG 538734.6666666666)
[1, 4, 10, 23, 57, 132, 301, 701, 1654, 3917, 9308, 21645]...: 7019798: ACCEPTED IN 13 TRIES, (AVG 539984.4615384615)
[1, 4, 10, 23, 57, 132, 301, 701, 1654, 3917, 9308, 21666]...: 5937853: ACCEPTED IN 11 TRIES, (AVG 539804.8181818182)
[1, 4, 10, 23, 57, 132, 301, 701, 1654, 3917, 9308, 21670]...: 4315008: ACCEPTED IN 8 TRIES, (AVG 539376.0)
[1, 4, 10, 23, 57, 132, 301, 701, 1654, 3917, 9308, 21674]...: 7020061: ACCEPTED IN 13 TRIES, (AVG 540004.6923076923)
[1, 4, 10, 23, 57, 132, 301, 701, 1654, 3917, 9308, 21678]...: 7561290: ACCEPTED IN 14 TRIES, (AVG 540092.1428571428)
[1, 4, 10, 23, 57, 132, 301, 701, 1654, 3917, 9308, 21682]...: 6479680: ACCEPTED IN 12 TRIES, (AVG 539973.3333333334)
[1, 4, 10, 23, 57, 132, 301, 701, 1654, 3917, 9308, 21686]...: 7019793: ACCEPTED IN 13 TRIES, (AVG 539984.0769230769)
[1, 4, 10, 23, 57, 132, 301, 701, 1654, 3917, 9308, 21703]...: 7020124: ACCEPTED IN 13 TRIES, (AVG 540009.5384615385)
[1, 4, 10, 23, 57, 132, 301, 701, 1654, 3917, 9308, 21707]...: 7560785: ACCEPTED IN 14 TRIES, (AVG 540056.0714285715)
[1, 4, 10, 23, 57, 132, 301, 701, 1654, 3917, 9308, 21711]...: 7562093: ACCEPTED IN 14 TRIES, (AVG 540149.5)
[1, 4, 10, 23, 57, 132, 301, 701, 1654, 3917, 9308, 21715]...: 7560074: ACCEPTED IN 14 TRIES, (AVG 540005.2857142857)
[1, 4, 10, 23, 57, 132, 301, 701, 1654, 3917, 9308, 21719]...: 7560333: ACCEPTED IN 14 TRIES, (AVG 540023.7857142857)
[1, 4, 10, 23, 57, 132, 301, 701, 1654, 3917, 9308, 21723]...: 6479473: ACCEPTED IN 12 TRIES, (AVG 539956.0833333334)
[1, 4, 10, 23, 57, 132, 301, 701, 1654, 3917, 9308, 21736]...: 3772630: ACCEPTED IN 7 TRIES, (AVG 538947.1428571428)
[1, 4, 10, 23, 57, 132, 301, 701, 1654, 3917, 9308, 21740]...: 5938037: ACCEPTED IN 11 TRIES, (AVG 539821.5454545454)
[1, 4, 10, 23, 57, 132, 301, 701, 1654, 3917, 9308, 21748]...: 7560812: ACCEPTED IN 14 TRIES, (AVG 540058.0)
[1, 4, 10, 23, 57, 132, 301, 701, 1654, 3917, 9308, 21760]...: 11349923: ACCEPTED IN 21 TRIES, (AVG 540472.5238095238)
[1, 4, 10, 23, 57, 132, 301, 701, 1654, 3917, 9308, 21765]...: 5938485: ACCEPTED IN 11 TRIES, (AVG 539862.2727272727)
[1, 4, 10, 23, 57, 132, 301, 701, 1654, 3917, 9308, 21769]...: 3232654: ACCEPTED IN 6 TRIES, (AVG 538775.6666666666)
[1, 4, 10, 23, 57, 132, 301, 701, 1654, 3917, 9308, 21773]...: 3773700: ACCEPTED IN 7 TRIES, (AVG 539100.0)
[1, 4, 10, 23, 57, 132, 301, 701, 1654, 3917, 9308, 21777]...: 3773645: ACCEPTED IN 7 TRIES, (AVG 539092.1428571428)
[1, 4, 10, 23, 57, 132, 301, 701, 1654, 3917, 9308, 21802]...: 7558337: ACCEPTED IN 14 TRIES, (AVG 539881.2142857143)
[1, 4, 10, 23, 57, 132, 301, 701, 1654, 3917, 9308, 21806]...: 7560560: ACCEPTED IN 14 TRIES, (AVG 540040.0)
[1, 4, 10, 23, 57, 132, 301, 701, 1654, 3917, 9308, 21810]...: 4855976: ACCEPTED IN 9 TRIES, (AVG 539552.8888888889)
[1, 4, 10, 23, 57, 132, 301, 701, 1654, 3917, 9308, 21814]...: 3774041: ACCEPTED IN 7 TRIES, (AVG 539148.7142857143)
[1, 4, 10, 23, 57, 132, 301, 701, 1654, 3917, 9308, 21835]...: 7018767: ACCEPTED IN 13 TRIES, (AVG 539905.1538461539)
[1, 4, 10, 23, 57, 132, 301, 701, 1654, 3917, 9308, 21839]...: 5937500: ACCEPTED IN 11 TRIES, (AVG 539772.7272727273)
[1, 4, 10, 23, 57, 132, 301, 701, 1654, 3917, 9308, 21843]...: 3773414: ACCEPTED IN 7 TRIES, (AVG 539059.1428571428)
[1, 4, 10, 23, 57, 132, 301, 701, 1654, 3917, 9308, 21847]...: 8101610: ACCEPTED IN 15 TRIES, (AVG 540107.3333333334)
[1, 4, 10, 23, 57, 132, 301, 701, 1654, 3917, 9308, 21851]...: 5937139: ACCEPTED IN 11 TRIES, (AVG 539739.9090909091)
[1, 4, 10, 23, 57, 132, 301, 701, 1654, 3917, 9308, 21855]...: 9185287: ACCEPTED IN 17 TRIES, (AVG 540311.0)
[1, 4, 10, 23, 57, 132, 301, 701, 1654, 3917, 9308, 21868]...: 5394526: ACCEPTED IN 10 TRIES, (AVG 539452.6)
[1, 4, 10, 23, 57, 132, 301, 701, 1654, 3917, 9308, 21872]...: 7560680: ACCEPTED IN 14 TRIES, (AVG 540048.5714285715)
[1, 4, 10, 23, 57, 132, 301, 701, 1654, 3917, 9308, 21880]...: 5396715: ACCEPTED IN 10 TRIES, (AVG 539671.5)
[1, 4, 10, 23, 57, 132, 301, 701, 1654, 3917, 9308, 21892]...: 5938569: ACCEPTED IN 11 TRIES, (AVG 539869.9090909091)
[1, 4, 10, 23, 57, 132, 301, 701, 1654, 3917, 9308, 21905]...: 7020531: ACCEPTED IN 13 TRIES, (AVG 540040.8461538461)
[1, 4, 10, 23, 57, 132, 301, 701, 1654, 3917, 9308, 21909]...: 8101924: ACCEPTED IN 15 TRIES, (AVG 540128.2666666667)
[1, 4, 10, 23, 57, 132, 301, 701, 1654, 3917, 9308, 21934]...: 4314229: ACCEPTED IN 8 TRIES, (AVG 539278.625)
[1, 4, 10, 23, 57, 132, 301, 701, 1654, 3917, 9308, 21938]...: 2691026: ACCEPTED IN 5 TRIES, (AVG 538205.2)
[1, 4, 10, 23, 57, 132, 301, 701, 1654, 3917, 9308, 21942]...: 4855441: ACCEPTED IN 9 TRIES, (AVG 539493.4444444445)
[1, 4, 10, 23, 57, 132, 301, 701, 1654, 3917, 9308, 21946]...: 5937040: ACCEPTED IN 11 TRIES, (AVG 539730.9090909091)
[1, 4, 10, 23, 57, 132, 301, 701, 1654, 3917, 9308, 21967]...: 4314323: ACCEPTED IN 8 TRIES, (AVG 539290.375)
[1, 4, 10, 23, 57, 132, 301, 701, 1654, 3917, 9308, 21971]...: 5397317: ACCEPTED IN 10 TRIES, (AVG 539731.7)
[1, 4, 10, 23, 57, 132, 301, 701, 1654, 3917, 9308, 21975]...: 5395259: ACCEPTED IN 10 TRIES, (AVG 539525.9)
[1, 4, 10, 23, 57, 132, 301, 701, 1654, 3917, 9308, 21979]...: 2690094: ACCEPTED IN 5 TRIES, (AVG 538018.8)
[1, 4, 10, 23, 57, 132, 301, 701, 1654, 3917, 9308, 21983]...: 4855956: ACCEPTED IN 9 TRIES, (AVG 539550.6666666666)
[1, 4, 10, 23, 57, 132, 301, 701, 1654, 3917, 9308, 21987]...: 5396527: ACCEPTED IN 10 TRIES, (AVG 539652.7)
[1, 4, 10, 23, 57, 132, 301, 701, 1654, 3917, 9308, 22004]...: 7020217: ACCEPTED IN 13 TRIES, (AVG 540016.6923076923)
[1, 4, 10, 23, 57, 132, 301, 701, 1654, 3917, 9308, 22012]...: 5937750: ACCEPTED IN 11 TRIES, (AVG 539795.4545454546)
[1, 4, 10, 23, 57, 132, 301, 701, 1654, 3917, 9308, 22016]...: 10266770: ACCEPTED IN 19 TRIES, (AVG 540356.3157894737)
[1, 4, 10, 23, 57, 132, 301, 701, 1654, 3917, 9308, 22024]...: 2691476: ACCEPTED IN 5 TRIES, (AVG 538295.2)
[1, 4, 10, 23, 57, 132, 301, 701, 1654, 3917, 9308, 22037]...: 3773531: ACCEPTED IN 7 TRIES, (AVG 539075.8571428572)
[1, 4, 10, 23, 57, 132, 301, 701, 1654, 3917, 9308, 22041]...: 6479308: ACCEPTED IN 12 TRIES, (AVG 539942.3333333334)
[1, 4, 10, 23, 57, 132, 301, 701, 1654, 3917, 9308, 22066]...: 5397490: ACCEPTED IN 10 TRIES, (AVG 539749.0)
[1, 4, 10, 23, 57, 132, 301, 701, 1654, 3917, 9308, 22070]...: 9725301: ACCEPTED IN 18 TRIES, (AVG 540294.5)
[1, 4, 10, 23, 57, 132, 301, 701, 1654, 3917, 9308, 22074]...: 7559714: ACCEPTED IN 14 TRIES, (AVG 539979.5714285715)
[1, 4, 10, 23, 57, 132, 301, 701, 1654, 3917, 9308, 22078]...: 7559971: ACCEPTED IN 14 TRIES, (AVG 539997.9285714285)
[1, 4, 10, 23, 57, 132, 301, 701, 1654, 3917, 9308, 22103]...: 5936340: ACCEPTED IN 11 TRIES, (AVG 539667.2727272727)
[1, 4, 10, 23, 57, 132, 301, 701, 1654, 3917, 9308, 22107]...: 7558055: ACCEPTED IN 14 TRIES, (AVG 539861.0714285715)
[1, 4, 10, 23, 57, 132, 301, 701, 1654, 3917, 9308, 22111]...: 5396461: ACCEPTED IN 10 TRIES, (AVG 539646.1)
[1, 4, 10, 23, 57, 132, 301, 701, 1654, 3917, 9308, 22115]...: 3771476: ACCEPTED IN 7 TRIES, (AVG 538782.2857142857)
[1, 4, 10, 23, 57, 132, 301, 701, 1654, 3917, 9308, 22136]...: 3773666: ACCEPTED IN 7 TRIES, (AVG 539095.1428571428)
[1, 4, 10, 23, 57, 132, 301, 701, 1654, 3917, 9308, 22144]...: 8101775: ACCEPTED IN 15 TRIES, (AVG 540118.3333333334)
[1, 4, 10, 23, 57, 132, 301, 701, 1654, 3917, 9308, 22148]...: 7562126: ACCEPTED IN 14 TRIES, (AVG 540151.8571428572)
[1, 4, 10, 23, 57, 132, 301, 701, 1654, 3917, 9308, 22156]...: 7561869: ACCEPTED IN 14 TRIES, (AVG 540133.5)
[1, 4, 10, 23, 57, 132, 301, 701, 1654, 3917, 9308, 22169]...: 5937898: ACCEPTED IN 11 TRIES, (AVG 539808.9090909091)
[1, 4, 10, 23, 57, 132, 301, 701, 1654, 3917, 9308, 22173]...: 7561424: ACCEPTED IN 14 TRIES, (AVG 540101.7142857143)
[1, 4, 10, 23, 57, 132, 301, 701, 1654, 3917, 9308, 22202]...: 7557993: ACCEPTED IN 14 TRIES, (AVG 539856.6428571428)
[1, 4, 10, 23, 57, 132, 301, 701, 1654, 3917, 9308, 22206]...: 6479670: ACCEPTED IN 12 TRIES, (AVG 539972.5)
[1, 4, 10, 23, 57, 132, 301, 701, 1654, 3917, 9308, 22210]...: 3774146: ACCEPTED IN 7 TRIES, (AVG 539163.7142857143)
[1, 4, 10, 23, 57, 132, 301, 701, 1654, 3917, 9308, 22235]...: 6478781: ACCEPTED IN 12 TRIES, (AVG 539898.4166666666)
[1, 4, 10, 23, 57, 132, 301, 701, 1654, 3917, 9308, 22239]...: 5396883: ACCEPTED IN 10 TRIES, (AVG 539688.3)
[1, 4, 10, 23, 57, 132, 301, 701, 1654, 3917, 9308, 22243]...: 2691062: ACCEPTED IN 5 TRIES, (AVG 538212.4)
[1, 4, 10, 23, 57, 132, 301, 701, 1654, 3917, 9308, 22247]...: 7561996: ACCEPTED IN 14 TRIES, (AVG 540142.5714285715)
[1, 4, 10, 23, 57, 132, 301, 701, 1654, 3917, 9308, 22268]...: 7020489: ACCEPTED IN 13 TRIES, (AVG 540037.6153846154)
[1, 4, 10, 23, 57, 132, 301, 701, 1654, 3917, 9308, 22276]...: 7561766: ACCEPTED IN 14 TRIES, (AVG 540126.1428571428)
[1, 4, 10, 23, 57, 132, 301, 701, 1654, 3917, 9308, 22280]...: 3773542: ACCEPTED IN 7 TRIES, (AVG 539077.4285714285)
[1, 4, 10, 23, 57, 132, 301, 701, 1654, 3917, 9308, 22288]...: 7020919: ACCEPTED IN 13 TRIES, (AVG 540070.6923076923)
[1, 4, 10, 23, 57, 132, 301, 701, 1654, 3917, 9308, 22305]...: 5938351: ACCEPTED IN 11 TRIES, (AVG 539850.0909090909)
[1, 4, 10, 23, 57, 132, 301, 701, 1654, 3917, 9308, 22317]...: 9185503: ACCEPTED IN 17 TRIES, (AVG 540323.7058823529)
[1, 4, 10, 23, 57, 132, 301, 701, 1654, 3917, 9308, 22334]...: 3232881: ACCEPTED IN 6 TRIES, (AVG 538813.5)
[1, 4, 10, 23, 57, 132, 301, 701, 1654, 3917, 9308, 22338]...: 3773563: ACCEPTED IN 7 TRIES, (AVG 539080.4285714285)
