[1, 4, 10, 23, 57, 132, 301, 701, 1636, 3856, 9095, 20016]...: 29205006: ACCEPTED IN 54 TRIES, (AVG 540833.4444444445)
[1, 4, 10, 23, 57, 132, 301, 701, 1636, 3856, 9095, 20048]...: 25958078: ACCEPTED IN 48 TRIES, (AVG 540793.2916666666)
[1, 4, 10, 23, 57, 132, 301, 701, 1636, 3856, 9095, 20052]...: 198582100: ACCEPTED IN 367 TRIES, (AVG 541095.6403269755)
[1, 4, 10, 23, 57, 132, 301, 701, 1636, 3856, 9095, 20071]...: 20008112: ACCEPTED IN 37 TRIES, (AVG 540759.7837837838)
[1, 4, 10, 23, 57, 132, 301, 701, 1636, 3856, 9095, 20115]...: 40029626: ACCEPTED IN 74 TRIES, (AVG 540940.8918918918)
[1, 4, 10, 23, 57, 132, 301, 701, 1636, 3856, 9095, 20151]...: 93602110: ACCEPTED IN 173 TRIES, (AVG 541052.6589595376)
[1, 4, 10, 23, 57, 132, 301, 701, 1636, 3856, 9095, 20183]...: 32994997: ACCEPTED IN 61 TRIES, (AVG 540901.5901639344)
[1, 4, 10, 23, 57, 132, 301, 701, 1636, 3856, 9095, 20218]...: 15136269: ACCEPTED IN 28 TRIES, (AVG 540581.0357142857)
[1, 4, 10, 23, 57, 132, 301, 701, 1636, 3856, 9095, 20250]...: 30829684: ACCEPTED IN 57 TRIES, (AVG 540871.649122807)
[1, 4, 10, 23, 57, 132, 301, 701, 1636, 3856, 9095, 20317]...: 21090058: ACCEPTED IN 39 TRIES, (AVG 540770.717948718)
[1, 4, 10, 23, 57, 132, 301, 701, 1636, 3856, 9095, 20372]...: 24337112: ACCEPTED IN 45 TRIES, (AVG 540824.7111111111)
[1, 4, 10, 23, 57, 132, 301, 701, 1636, 3856, 9095, 20416]...: 35160062: ACCEPTED IN 65 TRIES, (AVG 540924.0307692308)
[1, 4, 10, 23, 57, 132, 301, 701, 1636, 3856, 9095, 20452]...: 96848930: ACCEPTED IN 179 TRIES, (AVG 541055.4748603352)
[1, 4, 10, 23, 57, 132, 301, 701, 1636, 3856, 9095, 20484]...: 24878024: ACCEPTED IN 46 TRIES, (AVG 540826.6086956522)
[1, 4, 10, 23, 57, 132, 301, 701, 1636, 3856, 9095, 20504]...: 83321071: ACCEPTED IN 154 TRIES, (AVG 541045.9155844155)
[1, 4, 10, 23, 57, 132, 301, 701, 1636, 3856, 9095, 20515]...: 17302012: ACCEPTED IN 32 TRIES, (AVG 540687.875)
[1, 4, 10, 23, 57, 132, 301, 701, 1636, 3856, 9095, 20519]...: 68709867: ACCEPTED IN 127 TRIES, (AVG 541022.5748031496)
[1, 4, 10, 23, 57, 132, 301, 701, 1636, 3856, 9095, 20551]...: 27583993: ACCEPTED IN 51 TRIES, (AVG 540862.6078431372)
[1, 4, 10, 23, 57, 132, 301, 701, 1636, 3856, 9095, 20583]...: 12431640: ACCEPTED IN 23 TRIES, (AVG 540506.0869565217)
[1, 4, 10, 23, 57, 132, 301, 701, 1636, 3856, 9095, 20615]...: 35159354: ACCEPTED IN 65 TRIES, (AVG 540913.1384615385)
[1, 4, 10, 23, 57, 132, 301, 701, 1636, 3856, 9095, 20618]...: 30289487: ACCEPTED IN 56 TRIES, (AVG 540883.6964285715)
[1, 4, 10, 23, 57, 132, 301, 701, 1636, 3856, 9095, 20650]...: 15138020: ACCEPTED IN 28 TRIES, (AVG 540643.5714285715)
[1, 4, 10, 23, 57, 132, 301, 701, 1636, 3856, 9095, 20673]...: 15677932: ACCEPTED IN 29 TRIES, (AVG 540618.3448275862)
[1, 4, 10, 23, 57, 132, 301, 701, 1636, 3856, 9095, 20686]...: 21090019: ACCEPTED IN 39 TRIES, (AVG 540769.717948718)
[1, 4, 10, 23, 57, 132, 301, 701, 1636, 3856, 9095, 20717]...: 54098878: ACCEPTED IN 100 TRIES, (AVG 540988.78)
[1, 4, 10, 23, 57, 132, 301, 701, 1636, 3856, 9095, 20749]...: 48688015: ACCEPTED IN 90 TRIES, (AVG 540977.9444444445)
[1, 4, 10, 23, 57, 132, 301, 701, 1636, 3856, 9095, 20753]...: 17301411: ACCEPTED IN 32 TRIES, (AVG 540669.09375)
[1, 4, 10, 23, 57, 132, 301, 701, 1636, 3856, 9095, 20784]...: 30829912: ACCEPTED IN 57 TRIES, (AVG 540875.649122807)
[1, 4, 10, 23, 57, 132, 301, 701, 1636, 3856, 9095, 20785]...: 13511948: ACCEPTED IN 25 TRIES, (AVG 540477.92)
[1, 4, 10, 23, 57, 132, 301, 701, 1636, 3856, 9095, 20805]...: 13513041: ACCEPTED IN 25 TRIES, (AVG 540521.64)
[1, 4, 10, 23, 57, 132, 301, 701, 1636, 3856, 9095, 20816]...: 25959768: ACCEPTED IN 48 TRIES, (AVG 540828.5)
[1, 4, 10, 23, 57, 132, 301, 701, 1636, 3856, 9095, 20852]...: 19467062: ACCEPTED IN 36 TRIES, (AVG 540751.7222222222)
[1, 4, 10, 23, 57, 132, 301, 701, 1636, 3856, 9095, 20884]...: 15137711: ACCEPTED IN 28 TRIES, (AVG 540632.5357142857)
[1, 4, 10, 23, 57, 132, 301, 701, 1636, 3856, 9095, 20919]...: 13514218: ACCEPTED IN 25 TRIES, (AVG 540568.72)
[1, 4, 10, 23, 57, 132, 301, 701, 1636, 3856, 9095, 20951]...: 15677901: ACCEPTED IN 29 TRIES, (AVG 540617.275862069)
[1, 4, 10, 23, 57, 132, 301, 701, 1636, 3856, 9095, 20983]...: 16219930: ACCEPTED IN 30 TRIES, (AVG 540664.3333333334)
[1, 4, 10, 23, 57, 132, 301, 701, 1636, 3856, 9095, 20987]...: 14054276: ACCEPTED IN 26 TRIES, (AVG 540549.0769230769)
[1, 4, 10, 23, 57, 132, 301, 701, 1636, 3856, 9095, 21018]...: 14054321: ACCEPTED IN 26 TRIES, (AVG 540550.8076923077)
[1, 4, 10, 23, 57, 132, 301, 701, 1636, 3856, 9095, 21050]...: 15137571: ACCEPTED IN 28 TRIES, (AVG 540627.5357142857)
[1, 4, 10, 23, 57, 132, 301, 701, 1636, 3856, 9095, 21086]...: 20548288: ACCEPTED IN 38 TRIES, (AVG 540744.4210526316)
[1, 4, 10, 23, 57, 132, 301, 701, 1636, 3856, 9095, 21117]...: 19466554: ACCEPTED IN 36 TRIES, (AVG 540737.6111111111)
[1, 4, 10, 23, 57, 132, 301, 701, 1636, 3856, 9095, 21153]...: 47604573: ACCEPTED IN 88 TRIES, (AVG 540961.0568181818)
[1, 4, 10, 23, 57, 132, 301, 701, 1636, 3856, 9095, 21185]...: 17301294: ACCEPTED IN 32 TRIES, (AVG 540665.4375)
[1, 4, 10, 23, 57, 132, 301, 701, 1636, 3856, 9095, 21216]...: 18384358: ACCEPTED IN 34 TRIES, (AVG 540716.4117647059)
[1, 4, 10, 23, 57, 132, 301, 701, 1636, 3856, 9095, 21220]...: 56263327: ACCEPTED IN 104 TRIES, (AVG 540993.5288461539)
[1, 4, 10, 23, 57, 132, 301, 701, 1636, 3856, 9095, 21252]...: 57346417: ACCEPTED IN 106 TRIES, (AVG 541003.9339622641)
[1, 4, 10, 23, 57, 132, 301, 701, 1636, 3856, 9095, 21284]...: 9184149: ACCEPTED IN 17 TRIES, (AVG 540244.0588235294)
[1, 4, 10, 23, 57, 132, 301, 701, 1636, 3856, 9095, 21319]...: 35157151: ACCEPTED IN 65 TRIES, (AVG 540879.2461538462)
[1, 4, 10, 23, 57, 132, 301, 701, 1636, 3856, 9095, 21351]...: 29748537: ACCEPTED IN 55 TRIES, (AVG 540882.490909091)
[1, 4, 10, 23, 57, 132, 301, 701, 1636, 3856, 9095, 21387]...: 48147013: ACCEPTED IN 89 TRIES, (AVG 540977.6741573034)
[1, 4, 10, 23, 57, 132, 301, 701, 1636, 3856, 9095, 21418]...: 17301277: ACCEPTED IN 32 TRIES, (AVG 540664.90625)
[1, 4, 10, 23, 57, 132, 301, 701, 1636, 3856, 9095, 21450]...: 25959092: ACCEPTED IN 48 TRIES, (AVG 540814.4166666666)
[1, 4, 10, 23, 57, 132, 301, 701, 1636, 3856, 9095, 21454]...: 24336245: ACCEPTED IN 45 TRIES, (AVG 540805.4444444445)
[1, 4, 10, 23, 57, 132, 301, 701, 1636, 3856, 9095, 21486]...: 38946715: ACCEPTED IN 72 TRIES, (AVG 540926.5972222222)
[1, 4, 10, 23, 57, 132, 301, 701, 1636, 3856, 9095, 21517]...: 11349902: ACCEPTED IN 21 TRIES, (AVG 540471.5238095238)
[1, 4, 10, 23, 57, 132, 301, 701, 1636, 3856, 9095, 21518]...: 14055469: ACCEPTED IN 26 TRIES, (AVG 540594.9615384615)
[1, 4, 10, 23, 57, 132, 301, 701, 1636, 3856, 9095, 21553]...: 15679002: ACCEPTED IN 29 TRIES, (AVG 540655.2413793104)
[1, 4, 10, 23, 57, 132, 301, 701, 1636, 3856, 9095, 21585]...: 30288420: ACCEPTED IN 56 TRIES, (AVG 540864.6428571428)
[1, 4, 10, 23, 57, 132, 301, 701, 1636, 3856, 9095, 21620]...: 17302467: ACCEPTED IN 32 TRIES, (AVG 540702.09375)
[1, 4, 10, 23, 57, 132, 301, 701, 1636, 3856, 9095, 21652]...: 15678782: ACCEPTED IN 29 TRIES, (AVG 540647.6551724138)
[1, 4, 10, 23, 57, 132, 301, 701, 1636, 3856, 9095, 21684]...: 26500436: ACCEPTED IN 49 TRIES, (AVG 540825.224489796)
[1, 4, 10, 23, 57, 132, 301, 701, 1636, 3856, 9095, 21688]...: 11350074: ACCEPTED IN 21 TRIES, (AVG 540479.7142857143)
[1, 4, 10, 23, 57, 132, 301, 701, 1636, 3856, 9095, 21719]...: 13514600: ACCEPTED IN 25 TRIES, (AVG 540584.0)
[1, 4, 10, 23, 57, 132, 301, 701, 1636, 3856, 9095, 21751]...: 13513200: ACCEPTED IN 25 TRIES, (AVG 540528.0)
[1, 4, 10, 23, 57, 132, 301, 701, 1636, 3856, 9095, 21787]...: 11349670: ACCEPTED IN 21 TRIES, (AVG 540460.4761904762)
[1, 4, 10, 23, 57, 132, 301, 701, 1636, 3856, 9095, 21818]...: 19463091: ACCEPTED IN 36 TRIES, (AVG 540641.4166666666)
[1, 4, 10, 23, 57, 132, 301, 701, 1636, 3856, 9095, 21819]...: 17302540: ACCEPTED IN 32 TRIES, (AVG 540704.375)
