[1, 4, 10, 23, 57, 132, 301, 701, 1636, 3856, 9129, 20353]...: 84402122: ACCEPTED IN 156 TRIES, (AVG 541039.2435897436)
[1, 4, 10, 23, 57, 132, 301, 701, 1636, 3856, 9129, 20474]...: 90354530: ACCEPTED IN 167 TRIES, (AVG 541045.0898203593)
[1, 4, 10, 23, 57, 132, 301, 701, 1636, 3856, 9129, 20485]...: 60593395: ACCEPTED IN 112 TRIES, (AVG 541012.4553571428)
[1, 4, 10, 23, 57, 132, 301, 701, 1636, 3856, 9129, 20606]...: 75203593: ACCEPTED IN 139 TRIES, (AVG 541033.0431654677)
[1, 4, 10, 23, 57, 132, 301, 701, 1636, 3856, 9129, 20618]...: 35157915: ACCEPTED IN 65 TRIES, (AVG 540891.0)
[1, 4, 10, 23, 57, 132, 301, 701, 1636, 3856, 9129, 20643]...: 74120851: ACCEPTED IN 137 TRIES, (AVG 541028.109489051)
[1, 4, 10, 23, 57, 132, 301, 701, 1636, 3856, 9129, 20754]...: 219145459: ACCEPTED IN 405 TRIES, (AVG 541099.8987654321)
[1, 4, 10, 23, 57, 132, 301, 701, 1636, 3856, 9129, 20775]...: 75203330: ACCEPTED IN 139 TRIES, (AVG 541031.1510791366)
[1, 4, 10, 23, 57, 132, 301, 701, 1636, 3856, 9129, 20821]...: 12431718: ACCEPTED IN 23 TRIES, (AVG 540509.4782608695)
[1, 4, 10, 23, 57, 132, 301, 701, 1636, 3856, 9129, 20907]...: 20007659: ACCEPTED IN 37 TRIES, (AVG 540747.5405405406)
[1, 4, 10, 23, 57, 132, 301, 701, 1636, 3856, 9129, 20953]...: 24877710: ACCEPTED IN 46 TRIES, (AVG 540819.7826086957)
[1, 4, 10, 23, 57, 132, 301, 701, 1636, 3856, 9129, 21018]...: 104964309: ACCEPTED IN 194 TRIES, (AVG 541053.1391752578)
[1, 4, 10, 23, 57, 132, 301, 701, 1636, 3856, 9129, 21055]...: 39489031: ACCEPTED IN 73 TRIES, (AVG 540945.6301369863)
[1, 4, 10, 23, 57, 132, 301, 701, 1636, 3856, 9129, 21186]...: 34618433: ACCEPTED IN 64 TRIES, (AVG 540913.015625)
[1, 4, 10, 23, 57, 132, 301, 701, 1636, 3856, 9129, 21187]...: 10805964: ACCEPTED IN 20 TRIES, (AVG 540298.2)
[1, 4, 10, 23, 57, 132, 301, 701, 1636, 3856, 9129, 21288]...: 68168904: ACCEPTED IN 126 TRIES, (AVG 541023.0476190476)
[1, 4, 10, 23, 57, 132, 301, 701, 1636, 3856, 9129, 21319]...: 18384554: ACCEPTED IN 34 TRIES, (AVG 540722.1764705882)
[1, 4, 10, 23, 57, 132, 301, 701, 1636, 3856, 9129, 21420]...: 40570284: ACCEPTED IN 75 TRIES, (AVG 540937.12)
[1, 4, 10, 23, 57, 132, 301, 701, 1636, 3856, 9129, 21487]...: 34077444: ACCEPTED IN 63 TRIES, (AVG 540911.8095238095)
[1, 4, 10, 23, 57, 132, 301, 701, 1636, 3856, 9129, 21522]...: 20549270: ACCEPTED IN 38 TRIES, (AVG 540770.2631578947)
[1, 4, 10, 23, 57, 132, 301, 701, 1636, 3856, 9129, 21552]...: 24877122: ACCEPTED IN 46 TRIES, (AVG 540807.0)
[1, 4, 10, 23, 57, 132, 301, 701, 1636, 3856, 9129, 21619]...: 73039266: ACCEPTED IN 135 TRIES, (AVG 541031.6)
[1, 4, 10, 23, 57, 132, 301, 701, 1636, 3856, 9129, 21654]...: 24878371: ACCEPTED IN 46 TRIES, (AVG 540834.1521739131)
[1, 4, 10, 23, 57, 132, 301, 701, 1636, 3856, 9129, 21756]...: 15679063: ACCEPTED IN 29 TRIES, (AVG 540657.3448275862)
[1, 4, 10, 23, 57, 132, 301, 701, 1636, 3856, 9129, 21786]...: 28123512: ACCEPTED IN 52 TRIES, (AVG 540836.7692307692)
[1, 4, 10, 23, 57, 132, 301, 701, 1636, 3856, 9129, 21788]...: 35159899: ACCEPTED IN 65 TRIES, (AVG 540921.5230769231)
[1, 4, 10, 23, 57, 132, 301, 701, 1636, 3856, 9129, 21888]...: 25419509: ACCEPTED IN 47 TRIES, (AVG 540840.6170212766)
