[1, 4, 10, 23, 57, 132, 301, 701, 1636, 3722, 8827, 19846]...: 1076792: ACCEPTED IN 2 TRIES, (AVG 538396.0)
[1, 4, 10, 23, 57, 132, 301, 701, 1636, 3722, 8827, 19945]...: 1076862: ACCEPTED IN 2 TRIES, (AVG 538431.0)
[1, 4, 10, 23, 57, 132, 301, 701, 1636, 3722, 8827, 20115]...: 1076563: ACCEPTED IN 2 TRIES, (AVG 538281.5)
[1, 4, 10, 23, 57, 132, 301, 701, 1636, 3722, 8827, 20179]...: 1075990: ACCEPTED IN 2 TRIES, (AVG 537995.0)
[1, 4, 10, 23, 57, 132, 301, 701, 1636, 3722, 8827, 20514]...: 1076011: ACCEPTED IN 2 TRIES, (AVG 538005.5)
[1, 4, 10, 23, 57, 132, 301, 701, 1636, 3722, 8827, 20547]...: 1076368: ACCEPTED IN 2 TRIES, (AVG 538184.0)
[1, 4, 10, 23, 57, 132, 301, 701, 1636, 3722, 8827, 20550]...: 1075075: ACCEPTED IN 2 TRIES, (AVG 537537.5)
[1, 4, 10, 23, 57, 132, 301, 701, 1636, 3722, 8827, 20781]...: 1075941: ACCEPTED IN 2 TRIES, (AVG 537970.5)
[1, 4, 10, 23, 57, 132, 301, 701, 1636, 3722, 8827, 20848]...: 1076378: ACCEPTED IN 2 TRIES, (AVG 538189.0)
[1, 4, 10, 23, 57, 132, 301, 701, 1636, 3722, 8827, 20915]...: 1074929: ACCEPTED IN 2 TRIES, (AVG 537464.5)
[1, 4, 10, 23, 57, 132, 301, 701, 1636, 3722, 8827, 21116]...: 1075388: ACCEPTED IN 2 TRIES, (AVG 537694.0)
[1, 4, 10, 23, 57, 132, 301, 701, 1636, 3722, 8827, 21183]...: 1076433: ACCEPTED IN 2 TRIES, (AVG 538216.5)
