[1, 4, 10, 23, 57, 132, 301, 701, 1636, 3722, 8356, 18403]...: 42735200: ACCEPTED IN 79 TRIES, (AVG 540951.8987341772)
[1, 4, 10, 23, 57, 132, 301, 701, 1636, 3722, 8356, 18436]...: 19466307: ACCEPTED IN 36 TRIES, (AVG 540730.75)
[1, 4, 10, 23, 57, 132, 301, 701, 1636, 3722, 8356, 18439]...: 32453637: ACCEPTED IN 60 TRIES, (AVG 540893.95)
[1, 4, 10, 23, 57, 132, 301, 701, 1636, 3722, 8356, 18468]...: 14055682: ACCEPTED IN 26 TRIES, (AVG 540603.1538461539)
[1, 4, 10, 23, 57, 132, 301, 701, 1636, 3722, 8356, 18469]...: 10808276: ACCEPTED IN 20 TRIES, (AVG 540413.8)
[1, 4, 10, 23, 57, 132, 301, 701, 1636, 3722, 8356, 18472]...: 29207232: ACCEPTED IN 54 TRIES, (AVG 540874.6666666666)
[1, 4, 10, 23, 57, 132, 301, 701, 1636, 3722, 8356, 18502]...: 48688141: ACCEPTED IN 90 TRIES, (AVG 540979.3444444444)
[1, 4, 10, 23, 57, 132, 301, 701, 1636, 3722, 8356, 18504]...: 12972537: ACCEPTED IN 24 TRIES, (AVG 540522.375)
[1, 4, 10, 23, 57, 132, 301, 701, 1636, 3722, 8356, 18506]...: 28125257: ACCEPTED IN 52 TRIES, (AVG 540870.3269230769)
[1, 4, 10, 23, 57, 132, 301, 701, 1636, 3722, 8356, 18535]...: 17302158: ACCEPTED IN 32 TRIES, (AVG 540692.4375)
[1, 4, 10, 23, 57, 132, 301, 701, 1636, 3722, 8356, 18567]...: 12432324: ACCEPTED IN 23 TRIES, (AVG 540535.8260869565)
[1, 4, 10, 23, 57, 132, 301, 701, 1636, 3722, 8356, 18568]...: 49227581: ACCEPTED IN 91 TRIES, (AVG 540962.4285714285)
[1, 4, 10, 23, 57, 132, 301, 701, 1636, 3722, 8356, 18571]...: 15137605: ACCEPTED IN 28 TRIES, (AVG 540628.75)
[1, 4, 10, 23, 57, 132, 301, 701, 1636, 3722, 8356, 18599]...: 36783460: ACCEPTED IN 68 TRIES, (AVG 540933.2352941176)
[1, 4, 10, 23, 57, 132, 301, 701, 1636, 3722, 8356, 18600]...: 20008252: ACCEPTED IN 37 TRIES, (AVG 540763.5675675676)
[1, 4, 10, 23, 57, 132, 301, 701, 1636, 3722, 8356, 18604]...: 19465909: ACCEPTED IN 36 TRIES, (AVG 540719.6944444445)
[1, 4, 10, 23, 57, 132, 301, 701, 1636, 3722, 8356, 18605]...: 35701051: ACCEPTED IN 66 TRIES, (AVG 540925.0151515151)
[1, 4, 10, 23, 57, 132, 301, 701, 1636, 3722, 8356, 18634]...: 17302193: ACCEPTED IN 32 TRIES, (AVG 540693.53125)
[1, 4, 10, 23, 57, 132, 301, 701, 1636, 3722, 8356, 18636]...: 15678758: ACCEPTED IN 29 TRIES, (AVG 540646.8275862068)
[1, 4, 10, 23, 57, 132, 301, 701, 1636, 3722, 8356, 18637]...: 19467011: ACCEPTED IN 36 TRIES, (AVG 540750.3055555555)
[1, 4, 10, 23, 57, 132, 301, 701, 1636, 3722, 8356, 18638]...: 10266644: ACCEPTED IN 19 TRIES, (AVG 540349.6842105263)
[1, 4, 10, 23, 57, 132, 301, 701, 1636, 3722, 8356, 18667]...: 27584132: ACCEPTED IN 51 TRIES, (AVG 540865.3333333334)
[1, 4, 10, 23, 57, 132, 301, 701, 1636, 3722, 8356, 18673]...: 20006984: ACCEPTED IN 37 TRIES, (AVG 540729.2972972973)
[1, 4, 10, 23, 57, 132, 301, 701, 1636, 3722, 8356, 18699]...: 38406801: ACCEPTED IN 71 TRIES, (AVG 540940.8591549295)
[1, 4, 10, 23, 57, 132, 301, 701, 1636, 3722, 8356, 18703]...: 35159276: ACCEPTED IN 65 TRIES, (AVG 540911.9384615384)
[1, 4, 10, 23, 57, 132, 301, 701, 1636, 3722, 8356, 18704]...: 18382820: ACCEPTED IN 34 TRIES, (AVG 540671.1764705882)
[1, 4, 10, 23, 57, 132, 301, 701, 1636, 3722, 8356, 18736]...: 14595714: ACCEPTED IN 27 TRIES, (AVG 540582.0)
[1, 4, 10, 23, 57, 132, 301, 701, 1636, 3722, 8356, 18737]...: 9725646: ACCEPTED IN 18 TRIES, (AVG 540313.6666666666)
[1, 4, 10, 23, 57, 132, 301, 701, 1636, 3722, 8356, 18740]...: 23795790: ACCEPTED IN 44 TRIES, (AVG 540813.4090909091)
[1, 4, 10, 23, 57, 132, 301, 701, 1636, 3722, 8356, 18766]...: 16761009: ACCEPTED IN 31 TRIES, (AVG 540677.7096774194)
[1, 4, 10, 23, 57, 132, 301, 701, 1636, 3722, 8356, 18768]...: 15137551: ACCEPTED IN 28 TRIES, (AVG 540626.8214285715)
[1, 4, 10, 23, 57, 132, 301, 701, 1636, 3722, 8356, 18769]...: 12972287: ACCEPTED IN 24 TRIES, (AVG 540511.9583333334)
[1, 4, 10, 23, 57, 132, 301, 701, 1636, 3722, 8356, 18770]...: 23796007: ACCEPTED IN 44 TRIES, (AVG 540818.3409090909)
[1, 4, 10, 23, 57, 132, 301, 701, 1636, 3722, 8356, 18803]...: 14594808: ACCEPTED IN 27 TRIES, (AVG 540548.4444444445)
[1, 4, 10, 23, 57, 132, 301, 701, 1636, 3722, 8356, 18805]...: 13514544: ACCEPTED IN 25 TRIES, (AVG 540581.76)
[1, 4, 10, 23, 57, 132, 301, 701, 1636, 3722, 8356, 18807]...: 14596351: ACCEPTED IN 27 TRIES, (AVG 540605.5925925926)
[1, 4, 10, 23, 57, 132, 301, 701, 1636, 3722, 8356, 18836]...: 13514271: ACCEPTED IN 25 TRIES, (AVG 540570.84)
[1, 4, 10, 23, 57, 132, 301, 701, 1636, 3722, 8356, 18839]...: 15677268: ACCEPTED IN 29 TRIES, (AVG 540595.448275862)
[1, 4, 10, 23, 57, 132, 301, 701, 1636, 3722, 8356, 18868]...: 17300488: ACCEPTED IN 32 TRIES, (AVG 540640.25)
[1, 4, 10, 23, 57, 132, 301, 701, 1636, 3722, 8356, 18869]...: 11349993: ACCEPTED IN 21 TRIES, (AVG 540475.8571428572)
[1, 4, 10, 23, 57, 132, 301, 701, 1636, 3722, 8356, 18872]...: 14055574: ACCEPTED IN 26 TRIES, (AVG 540599.0)
[1, 4, 10, 23, 57, 132, 301, 701, 1636, 3722, 8356, 18900]...: 15677519: ACCEPTED IN 29 TRIES, (AVG 540604.1034482758)
[1, 4, 10, 23, 57, 132, 301, 701, 1636, 3722, 8356, 18901]...: 27583484: ACCEPTED IN 51 TRIES, (AVG 540852.6274509804)
[1, 4, 10, 23, 57, 132, 301, 701, 1636, 3722, 8356, 18935]...: 11889457: ACCEPTED IN 22 TRIES, (AVG 540429.8636363636)
[1, 4, 10, 23, 57, 132, 301, 701, 1636, 3722, 8356, 18937]...: 22172591: ACCEPTED IN 41 TRIES, (AVG 540794.9024390244)
[1, 4, 10, 23, 57, 132, 301, 701, 1636, 3722, 8356, 18938]...: 14053197: ACCEPTED IN 26 TRIES, (AVG 540507.5769230769)
[1, 4, 10, 23, 57, 132, 301, 701, 1636, 3722, 8356, 18939]...: 14055738: ACCEPTED IN 26 TRIES, (AVG 540605.3076923077)
[1, 4, 10, 23, 57, 132, 301, 701, 1636, 3722, 8356, 18968]...: 6478611: ACCEPTED IN 12 TRIES, (AVG 539884.25)
[1, 4, 10, 23, 57, 132, 301, 701, 1636, 3722, 8356, 18971]...: 15137822: ACCEPTED IN 28 TRIES, (AVG 540636.5)
[1, 4, 10, 23, 57, 132, 301, 701, 1636, 3722, 8356, 18974]...: 23794676: ACCEPTED IN 44 TRIES, (AVG 540788.0909090909)
[1, 4, 10, 23, 57, 132, 301, 701, 1636, 3722, 8356, 18999]...: 9184067: ACCEPTED IN 17 TRIES, (AVG 540239.2352941176)
[1, 4, 10, 23, 57, 132, 301, 701, 1636, 3722, 8356, 19000]...: 13514026: ACCEPTED IN 25 TRIES, (AVG 540561.04)
[1, 4, 10, 23, 57, 132, 301, 701, 1636, 3722, 8356, 19004]...: 13512243: ACCEPTED IN 25 TRIES, (AVG 540489.72)
[1, 4, 10, 23, 57, 132, 301, 701, 1636, 3722, 8356, 19005]...: 17843394: ACCEPTED IN 33 TRIES, (AVG 540708.9090909091)
[1, 4, 10, 23, 57, 132, 301, 701, 1636, 3722, 8356, 19037]...: 13513268: ACCEPTED IN 25 TRIES, (AVG 540530.72)
[1, 4, 10, 23, 57, 132, 301, 701, 1636, 3722, 8356, 19038]...: 19466244: ACCEPTED IN 36 TRIES, (AVG 540729.0)
[1, 4, 10, 23, 57, 132, 301, 701, 1636, 3722, 8356, 19041]...: 28124817: ACCEPTED IN 52 TRIES, (AVG 540861.8653846154)
[1, 4, 10, 23, 57, 132, 301, 701, 1636, 3722, 8356, 19067]...: 11890120: ACCEPTED IN 22 TRIES, (AVG 540460.0)
[1, 4, 10, 23, 57, 132, 301, 701, 1636, 3722, 8356, 19069]...: 15137879: ACCEPTED IN 28 TRIES, (AVG 540638.5357142857)
[1, 4, 10, 23, 57, 132, 301, 701, 1636, 3722, 8356, 19070]...: 8644167: ACCEPTED IN 16 TRIES, (AVG 540260.4375)
[1, 4, 10, 23, 57, 132, 301, 701, 1636, 3722, 8356, 19071]...: 20007417: ACCEPTED IN 37 TRIES, (AVG 540741.0)
[1, 4, 10, 23, 57, 132, 301, 701, 1636, 3722, 8356, 19073]...: 25418112: ACCEPTED IN 47 TRIES, (AVG 540810.8936170213)
[1, 4, 10, 23, 57, 132, 301, 701, 1636, 3722, 8356, 19103]...: 17302372: ACCEPTED IN 32 TRIES, (AVG 540699.125)
[1, 4, 10, 23, 57, 132, 301, 701, 1636, 3722, 8356, 19104]...: 15137294: ACCEPTED IN 28 TRIES, (AVG 540617.6428571428)
[1, 4, 10, 23, 57, 132, 301, 701, 1636, 3722, 8356, 19106]...: 5936322: ACCEPTED IN 11 TRIES, (AVG 539665.6363636364)
[1, 4, 10, 23, 57, 132, 301, 701, 1636, 3722, 8356, 19137]...: 7019590: ACCEPTED IN 13 TRIES, (AVG 539968.4615384615)
[1, 4, 10, 23, 57, 132, 301, 701, 1636, 3722, 8356, 19140]...: 9184574: ACCEPTED IN 17 TRIES, (AVG 540269.0588235294)
[1, 4, 10, 23, 57, 132, 301, 701, 1636, 3722, 8356, 19169]...: 14596402: ACCEPTED IN 27 TRIES, (AVG 540607.4814814815)
[1, 4, 10, 23, 57, 132, 301, 701, 1636, 3722, 8356, 19170]...: 12973230: ACCEPTED IN 24 TRIES, (AVG 540551.25)
[1, 4, 10, 23, 57, 132, 301, 701, 1636, 3722, 8356, 19173]...: 18924763: ACCEPTED IN 35 TRIES, (AVG 540707.5142857142)
[1, 4, 10, 23, 57, 132, 301, 701, 1636, 3722, 8356, 19201]...: 8643499: ACCEPTED IN 16 TRIES, (AVG 540218.6875)
[1, 4, 10, 23, 57, 132, 301, 701, 1636, 3722, 8356, 19202]...: 12970589: ACCEPTED IN 24 TRIES, (AVG 540441.2083333334)
[1, 4, 10, 23, 57, 132, 301, 701, 1636, 3722, 8356, 19203]...: 13512766: ACCEPTED IN 25 TRIES, (AVG 540510.64)
[1, 4, 10, 23, 57, 132, 301, 701, 1636, 3722, 8356, 19205]...: 7560942: ACCEPTED IN 14 TRIES, (AVG 540067.2857142857)
[1, 4, 10, 23, 57, 132, 301, 701, 1636, 3722, 8356, 19236]...: 8102078: ACCEPTED IN 15 TRIES, (AVG 540138.5333333333)
[1, 4, 10, 23, 57, 132, 301, 701, 1636, 3722, 8356, 19238]...: 13511976: ACCEPTED IN 25 TRIES, (AVG 540479.04)
[1, 4, 10, 23, 57, 132, 301, 701, 1636, 3722, 8356, 19239]...: 14055694: ACCEPTED IN 26 TRIES, (AVG 540603.6153846154)
[1, 4, 10, 23, 57, 132, 301, 701, 1636, 3722, 8356, 19269]...: 19466934: ACCEPTED IN 36 TRIES, (AVG 540748.1666666666)
[1, 4, 10, 23, 57, 132, 301, 701, 1636, 3722, 8356, 19272]...: 15678768: ACCEPTED IN 29 TRIES, (AVG 540647.1724137932)
[1, 4, 10, 23, 57, 132, 301, 701, 1636, 3722, 8356, 19275]...: 24878441: ACCEPTED IN 46 TRIES, (AVG 540835.6739130435)
[1, 4, 10, 23, 57, 132, 301, 701, 1636, 3722, 8356, 19300]...: 11889632: ACCEPTED IN 22 TRIES, (AVG 540437.8181818182)
[1, 4, 10, 23, 57, 132, 301, 701, 1636, 3722, 8356, 19301]...: 14055313: ACCEPTED IN 26 TRIES, (AVG 540588.9615384615)
[1, 4, 10, 23, 57, 132, 301, 701, 1636, 3722, 8356, 19305]...: 15136542: ACCEPTED IN 28 TRIES, (AVG 540590.7857142857)
[1, 4, 10, 23, 57, 132, 301, 701, 1636, 3722, 8356, 19306]...: 27583605: ACCEPTED IN 51 TRIES, (AVG 540855.0)
[1, 4, 10, 23, 57, 132, 301, 701, 1636, 3722, 8356, 19335]...: 6479750: ACCEPTED IN 12 TRIES, (AVG 539979.1666666666)
[1, 4, 10, 23, 57, 132, 301, 701, 1636, 3722, 8356, 19337]...: 6478652: ACCEPTED IN 12 TRIES, (AVG 539887.6666666666)
[1, 4, 10, 23, 57, 132, 301, 701, 1636, 3722, 8356, 19338]...: 17301926: ACCEPTED IN 32 TRIES, (AVG 540685.1875)
[1, 4, 10, 23, 57, 132, 301, 701, 1636, 3722, 8356, 19339]...: 16217548: ACCEPTED IN 30 TRIES, (AVG 540584.9333333333)
[1, 4, 10, 23, 57, 132, 301, 701, 1636, 3722, 8356, 19368]...: 15137274: ACCEPTED IN 28 TRIES, (AVG 540616.9285714285)
[1, 4, 10, 23, 57, 132, 301, 701, 1636, 3722, 8356, 19370]...: 5938014: ACCEPTED IN 11 TRIES, (AVG 539819.4545454546)
[1, 4, 10, 23, 57, 132, 301, 701, 1636, 3722, 8356, 19371]...: 10807312: ACCEPTED IN 20 TRIES, (AVG 540365.6)
[1, 4, 10, 23, 57, 132, 301, 701, 1636, 3722, 8356, 19374]...: 9184762: ACCEPTED IN 17 TRIES, (AVG 540280.1176470588)
[1, 4, 10, 23, 57, 132, 301, 701, 1636, 3722, 8356, 19404]...: 11348813: ACCEPTED IN 21 TRIES, (AVG 540419.6666666666)
[1, 4, 10, 23, 57, 132, 301, 701, 1636, 3722, 8356, 19405]...: 14055659: ACCEPTED IN 26 TRIES, (AVG 540602.2692307692)
[1, 4, 10, 23, 57, 132, 301, 701, 1636, 3722, 8356, 19407]...: 14054269: ACCEPTED IN 26 TRIES, (AVG 540548.8076923077)
[1, 4, 10, 23, 57, 132, 301, 701, 1636, 3722, 8356, 19437]...: 15135499: ACCEPTED IN 28 TRIES, (AVG 540553.5357142857)
[1, 4, 10, 23, 57, 132, 301, 701, 1636, 3722, 8356, 19438]...: 12432302: ACCEPTED IN 23 TRIES, (AVG 540534.8695652174)
[1, 4, 10, 23, 57, 132, 301, 701, 1636, 3722, 8356, 19441]...: 15678383: ACCEPTED IN 29 TRIES, (AVG 540633.8965517242)
[1, 4, 10, 23, 57, 132, 301, 701, 1636, 3722, 8356, 19467]...: 16220271: ACCEPTED IN 30 TRIES, (AVG 540675.7)
[1, 4, 10, 23, 57, 132, 301, 701, 1636, 3722, 8356, 19469]...: 13513994: ACCEPTED IN 25 TRIES, (AVG 540559.76)
[1, 4, 10, 23, 57, 132, 301, 701, 1636, 3722, 8356, 19470]...: 15679025: ACCEPTED IN 29 TRIES, (AVG 540656.0344827586)
[1, 4, 10, 23, 57, 132, 301, 701, 1636, 3722, 8356, 19471]...: 8643891: ACCEPTED IN 16 TRIES, (AVG 540243.1875)
[1, 4, 10, 23, 57, 132, 301, 701, 1636, 3722, 8356, 19502]...: 11888908: ACCEPTED IN 22 TRIES, (AVG 540404.9090909091)
[1, 4, 10, 23, 57, 132, 301, 701, 1636, 3722, 8356, 19503]...: 13514144: ACCEPTED IN 25 TRIES, (AVG 540565.76)
[1, 4, 10, 23, 57, 132, 301, 701, 1636, 3722, 8356, 19504]...: 15137446: ACCEPTED IN 28 TRIES, (AVG 540623.0714285715)
[1, 4, 10, 23, 57, 132, 301, 701, 1636, 3722, 8356, 19506]...: 11349356: ACCEPTED IN 21 TRIES, (AVG 540445.5238095238)
[1, 4, 10, 23, 57, 132, 301, 701, 1636, 3722, 8356, 19537]...: 9185014: ACCEPTED IN 17 TRIES, (AVG 540294.9411764706)
[1, 4, 10, 23, 57, 132, 301, 701, 1636, 3722, 8356, 19539]...: 10808673: ACCEPTED IN 20 TRIES, (AVG 540433.65)
[1, 4, 10, 23, 57, 132, 301, 701, 1636, 3722, 8356, 19540]...: 28125274: ACCEPTED IN 52 TRIES, (AVG 540870.6538461539)
[1, 4, 10, 23, 57, 132, 301, 701, 1636, 3722, 8356, 19569]...: 9184949: ACCEPTED IN 17 TRIES, (AVG 540291.1176470588)
[1, 4, 10, 23, 57, 132, 301, 701, 1636, 3722, 8356, 19570]...: 7560549: ACCEPTED IN 14 TRIES, (AVG 540039.2142857143)
[1, 4, 10, 23, 57, 132, 301, 701, 1636, 3722, 8356, 19573]...: 11890173: ACCEPTED IN 22 TRIES, (AVG 540462.4090909091)
[1, 4, 10, 23, 57, 132, 301, 701, 1636, 3722, 8356, 19601]...: 12973194: ACCEPTED IN 24 TRIES, (AVG 540549.75)
[1, 4, 10, 23, 57, 132, 301, 701, 1636, 3722, 8356, 19602]...: 16761141: ACCEPTED IN 31 TRIES, (AVG 540681.9677419355)
[1, 4, 10, 23, 57, 132, 301, 701, 1636, 3722, 8356, 19636]...: 5937688: ACCEPTED IN 11 TRIES, (AVG 539789.8181818182)
[1, 4, 10, 23, 57, 132, 301, 701, 1636, 3722, 8356, 19638]...: 17300896: ACCEPTED IN 32 TRIES, (AVG 540653.0)
[1, 4, 10, 23, 57, 132, 301, 701, 1636, 3722, 8356, 19639]...: 19466434: ACCEPTED IN 36 TRIES, (AVG 540734.2777777778)
[1, 4, 10, 23, 57, 132, 301, 701, 1636, 3722, 8356, 19640]...: 15677980: ACCEPTED IN 29 TRIES, (AVG 540620.0)
[1, 4, 10, 23, 57, 132, 301, 701, 1636, 3722, 8356, 19669]...: 12971761: ACCEPTED IN 24 TRIES, (AVG 540490.0416666666)
[1, 4, 10, 23, 57, 132, 301, 701, 1636, 3722, 8356, 19671]...: 14054188: ACCEPTED IN 26 TRIES, (AVG 540545.6923076923)
[1, 4, 10, 23, 57, 132, 301, 701, 1636, 3722, 8356, 19672]...: 10808828: ACCEPTED IN 20 TRIES, (AVG 540441.4)
[1, 4, 10, 23, 57, 132, 301, 701, 1636, 3722, 8356, 19675]...: 9184779: ACCEPTED IN 17 TRIES, (AVG 540281.1176470588)
[1, 4, 10, 23, 57, 132, 301, 701, 1636, 3722, 8356, 19701]...: 6478211: ACCEPTED IN 12 TRIES, (AVG 539850.9166666666)
[1, 4, 10, 23, 57, 132, 301, 701, 1636, 3722, 8356, 19705]...: 15677621: ACCEPTED IN 29 TRIES, (AVG 540607.6206896552)
[1, 4, 10, 23, 57, 132, 301, 701, 1636, 3722, 8356, 19738]...: 17300313: ACCEPTED IN 32 TRIES, (AVG 540634.78125)
[1, 4, 10, 23, 57, 132, 301, 701, 1636, 3722, 8356, 19739]...: 10807276: ACCEPTED IN 20 TRIES, (AVG 540363.8)
[1, 4, 10, 23, 57, 132, 301, 701, 1636, 3722, 8356, 19742]...: 15677767: ACCEPTED IN 29 TRIES, (AVG 540612.6551724138)
[1, 4, 10, 23, 57, 132, 301, 701, 1636, 3722, 8356, 19768]...: 18925669: ACCEPTED IN 35 TRIES, (AVG 540733.4)
[1, 4, 10, 23, 57, 132, 301, 701, 1636, 3722, 8356, 19770]...: 8642920: ACCEPTED IN 16 TRIES, (AVG 540182.5)
[1, 4, 10, 23, 57, 132, 301, 701, 1636, 3722, 8356, 19771]...: 11890121: ACCEPTED IN 22 TRIES, (AVG 540460.0454545454)
[1, 4, 10, 23, 57, 132, 301, 701, 1636, 3722, 8356, 19772]...: 9184816: ACCEPTED IN 17 TRIES, (AVG 540283.2941176471)
[1, 4, 10, 23, 57, 132, 301, 701, 1636, 3722, 8356, 19774]...: 6478081: ACCEPTED IN 12 TRIES, (AVG 539840.0833333334)
[1, 4, 10, 23, 57, 132, 301, 701, 1636, 3722, 8356, 19803]...: 13511306: ACCEPTED IN 25 TRIES, (AVG 540452.24)
[1, 4, 10, 23, 57, 132, 301, 701, 1636, 3722, 8356, 19804]...: 9726540: ACCEPTED IN 18 TRIES, (AVG 540363.3333333334)
[1, 4, 10, 23, 57, 132, 301, 701, 1636, 3722, 8356, 19805]...: 11889202: ACCEPTED IN 22 TRIES, (AVG 540418.2727272727)
[1, 4, 10, 23, 57, 132, 301, 701, 1636, 3722, 8356, 19807]...: 5395895: ACCEPTED IN 10 TRIES, (AVG 539589.5)
[1, 4, 10, 23, 57, 132, 301, 701, 1636, 3722, 8356, 19841]...: 6479275: ACCEPTED IN 12 TRIES, (AVG 539939.5833333334)
[1, 4, 10, 23, 57, 132, 301, 701, 1636, 3722, 8356, 19870]...: 8644327: ACCEPTED IN 16 TRIES, (AVG 540270.4375)
[1, 4, 10, 23, 57, 132, 301, 701, 1636, 3722, 8356, 19871]...: 9726654: ACCEPTED IN 18 TRIES, (AVG 540369.6666666666)
[1, 4, 10, 23, 57, 132, 301, 701, 1636, 3722, 8356, 19874]...: 5937898: ACCEPTED IN 11 TRIES, (AVG 539808.9090909091)
[1, 4, 10, 23, 57, 132, 301, 701, 1636, 3722, 8356, 19902]...: 5938312: ACCEPTED IN 11 TRIES, (AVG 539846.5454545454)
[1, 4, 10, 23, 57, 132, 301, 701, 1636, 3722, 8356, 19903]...: 10808235: ACCEPTED IN 20 TRIES, (AVG 540411.75)
[1, 4, 10, 23, 57, 132, 301, 701, 1636, 3722, 8356, 19904]...: 9185229: ACCEPTED IN 17 TRIES, (AVG 540307.5882352941)
[1, 4, 10, 23, 57, 132, 301, 701, 1636, 3722, 8356, 19906]...: 6477352: ACCEPTED IN 12 TRIES, (AVG 539779.3333333334)
[1, 4, 10, 23, 57, 132, 301, 701, 1636, 3722, 8356, 19934]...: 18925418: ACCEPTED IN 35 TRIES, (AVG 540726.2285714286)
[1, 4, 10, 23, 57, 132, 301, 701, 1636, 3722, 8356, 19937]...: 6479155: ACCEPTED IN 12 TRIES, (AVG 539929.5833333334)
[1, 4, 10, 23, 57, 132, 301, 701, 1636, 3722, 8356, 19939]...: 13514484: ACCEPTED IN 25 TRIES, (AVG 540579.36)
[1, 4, 10, 23, 57, 132, 301, 701, 1636, 3722, 8356, 19940]...: 6477333: ACCEPTED IN 12 TRIES, (AVG 539777.75)
[1, 4, 10, 23, 57, 132, 301, 701, 1636, 3722, 8356, 19941]...: 5937455: ACCEPTED IN 11 TRIES, (AVG 539768.6363636364)
[1, 4, 10, 23, 57, 132, 301, 701, 1636, 3722, 8356, 19972]...: 11349468: ACCEPTED IN 21 TRIES, (AVG 540450.8571428572)
[1, 4, 10, 23, 57, 132, 301, 701, 1636, 3722, 8356, 19973]...: 6478740: ACCEPTED IN 12 TRIES, (AVG 539895.0)
[1, 4, 10, 23, 57, 132, 301, 701, 1636, 3722, 8356, 19976]...: 7561941: ACCEPTED IN 14 TRIES, (AVG 540138.6428571428)
[1, 4, 10, 23, 57, 132, 301, 701, 1636, 3722, 8356, 20002]...: 14055153: ACCEPTED IN 26 TRIES, (AVG 540582.8076923077)
[1, 4, 10, 23, 57, 132, 301, 701, 1636, 3722, 8356, 20006]...: 14055532: ACCEPTED IN 26 TRIES, (AVG 540597.3846153846)
[1, 4, 10, 23, 57, 132, 301, 701, 1636, 3722, 8356, 20008]...: 4855976: ACCEPTED IN 9 TRIES, (AVG 539552.8888888889)
[1, 4, 10, 23, 57, 132, 301, 701, 1636, 3722, 8356, 20036]...: 5937977: ACCEPTED IN 11 TRIES, (AVG 539816.0909090909)
[1, 4, 10, 23, 57, 132, 301, 701, 1636, 3722, 8356, 20038]...: 5937989: ACCEPTED IN 11 TRIES, (AVG 539817.1818181818)
[1, 4, 10, 23, 57, 132, 301, 701, 1636, 3722, 8356, 20039]...: 9184008: ACCEPTED IN 17 TRIES, (AVG 540235.7647058824)
[1, 4, 10, 23, 57, 132, 301, 701, 1636, 3722, 8356, 20040]...: 10808390: ACCEPTED IN 20 TRIES, (AVG 540419.5)
