[1, 4, 10, 23, 57, 132, 301, 701, 1654, 3682, 8452, 18614]...: 50852895: ACCEPTED IN 94 TRIES, (AVG 540988.2446808511)
[1, 4, 10, 23, 57, 132, 301, 701, 1654, 3682, 8452, 18622]...: 12973026: ACCEPTED IN 24 TRIES, (AVG 540542.75)
[1, 4, 10, 23, 57, 132, 301, 701, 1654, 3682, 8452, 18626]...: 14055481: ACCEPTED IN 26 TRIES, (AVG 540595.4230769231)
[1, 4, 10, 23, 57, 132, 301, 701, 1654, 3682, 8452, 18659]...: 10808759: ACCEPTED IN 20 TRIES, (AVG 540437.95)
[1, 4, 10, 23, 57, 132, 301, 701, 1654, 3682, 8452, 18663]...: 53016698: ACCEPTED IN 98 TRIES, (AVG 540986.7142857143)
[1, 4, 10, 23, 57, 132, 301, 701, 1654, 3682, 8452, 18671]...: 105507622: ACCEPTED IN 195 TRIES, (AVG 541064.7282051282)
[1, 4, 10, 23, 57, 132, 301, 701, 1654, 3682, 8452, 18672]...: 16760904: ACCEPTED IN 31 TRIES, (AVG 540674.3225806452)
[1, 4, 10, 23, 57, 132, 301, 701, 1654, 3682, 8452, 18684]...: 34077057: ACCEPTED IN 63 TRIES, (AVG 540905.6666666666)
[1, 4, 10, 23, 57, 132, 301, 701, 1654, 3682, 8452, 18696]...: 32994010: ACCEPTED IN 61 TRIES, (AVG 540885.4098360656)
[1, 4, 10, 23, 57, 132, 301, 701, 1654, 3682, 8452, 18708]...: 6479705: ACCEPTED IN 12 TRIES, (AVG 539975.4166666666)
[1, 4, 10, 23, 57, 132, 301, 701, 1654, 3682, 8452, 18709]...: 30830721: ACCEPTED IN 57 TRIES, (AVG 540889.8421052631)
[1, 4, 10, 23, 57, 132, 301, 701, 1654, 3682, 8452, 18713]...: 47604295: ACCEPTED IN 88 TRIES, (AVG 540957.8977272727)
[1, 4, 10, 23, 57, 132, 301, 701, 1654, 3682, 8452, 18721]...: 14596791: ACCEPTED IN 27 TRIES, (AVG 540621.8888888889)
[1, 4, 10, 23, 57, 132, 301, 701, 1654, 3682, 8452, 18725]...: 32994377: ACCEPTED IN 61 TRIES, (AVG 540891.4262295082)
[1, 4, 10, 23, 57, 132, 301, 701, 1654, 3682, 8452, 18754]...: 9725507: ACCEPTED IN 18 TRIES, (AVG 540305.9444444445)
[1, 4, 10, 23, 57, 132, 301, 701, 1654, 3682, 8452, 18758]...: 13514608: ACCEPTED IN 25 TRIES, (AVG 540584.32)
[1, 4, 10, 23, 57, 132, 301, 701, 1654, 3682, 8452, 18762]...: 39488862: ACCEPTED IN 73 TRIES, (AVG 540943.3150684931)
[1, 4, 10, 23, 57, 132, 301, 701, 1654, 3682, 8452, 18787]...: 107670821: ACCEPTED IN 199 TRIES, (AVG 541059.4020100503)
[1, 4, 10, 23, 57, 132, 301, 701, 1654, 3682, 8452, 18791]...: 14055468: ACCEPTED IN 26 TRIES, (AVG 540594.9230769231)
[1, 4, 10, 23, 57, 132, 301, 701, 1654, 3682, 8452, 18795]...: 87108283: ACCEPTED IN 161 TRIES, (AVG 541045.2360248447)
[1, 4, 10, 23, 57, 132, 301, 701, 1654, 3682, 8452, 18799]...: 32995175: ACCEPTED IN 61 TRIES, (AVG 540904.5081967213)
[1, 4, 10, 23, 57, 132, 301, 701, 1654, 3682, 8452, 18803]...: 32453099: ACCEPTED IN 60 TRIES, (AVG 540884.9833333333)
[1, 4, 10, 23, 57, 132, 301, 701, 1654, 3682, 8452, 18804]...: 29747218: ACCEPTED IN 55 TRIES, (AVG 540858.509090909)
[1, 4, 10, 23, 57, 132, 301, 701, 1654, 3682, 8452, 18828]...: 9184165: ACCEPTED IN 17 TRIES, (AVG 540245.0)
[1, 4, 10, 23, 57, 132, 301, 701, 1654, 3682, 8452, 18832]...: 10808405: ACCEPTED IN 20 TRIES, (AVG 540420.25)
[1, 4, 10, 23, 57, 132, 301, 701, 1654, 3682, 8452, 18840]...: 11349663: ACCEPTED IN 21 TRIES, (AVG 540460.1428571428)
[1, 4, 10, 23, 57, 132, 301, 701, 1654, 3682, 8452, 18841]...: 13513988: ACCEPTED IN 25 TRIES, (AVG 540559.52)
[1, 4, 10, 23, 57, 132, 301, 701, 1654, 3682, 8452, 18845]...: 31912604: ACCEPTED IN 59 TRIES, (AVG 540891.593220339)
[1, 4, 10, 23, 57, 132, 301, 701, 1654, 3682, 8452, 18853]...: 11889975: ACCEPTED IN 22 TRIES, (AVG 540453.4090909091)
[1, 4, 10, 23, 57, 132, 301, 701, 1654, 3682, 8452, 18878]...: 12432034: ACCEPTED IN 23 TRIES, (AVG 540523.2173913043)
[1, 4, 10, 23, 57, 132, 301, 701, 1654, 3682, 8452, 18882]...: 28123869: ACCEPTED IN 52 TRIES, (AVG 540843.6346153846)
[1, 4, 10, 23, 57, 132, 301, 701, 1654, 3682, 8452, 18886]...: 30830875: ACCEPTED IN 57 TRIES, (AVG 540892.5438596491)
[1, 4, 10, 23, 57, 132, 301, 701, 1654, 3682, 8452, 18890]...: 13513266: ACCEPTED IN 25 TRIES, (AVG 540530.64)
[1, 4, 10, 23, 57, 132, 301, 701, 1654, 3682, 8452, 18894]...: 17840372: ACCEPTED IN 33 TRIES, (AVG 540617.3333333334)
[1, 4, 10, 23, 57, 132, 301, 701, 1654, 3682, 8452, 18915]...: 14596373: ACCEPTED IN 27 TRIES, (AVG 540606.4074074074)
[1, 4, 10, 23, 57, 132, 301, 701, 1654, 3682, 8452, 18919]...: 11890872: ACCEPTED IN 22 TRIES, (AVG 540494.1818181818)
[1, 4, 10, 23, 57, 132, 301, 701, 1654, 3682, 8452, 18923]...: 14055404: ACCEPTED IN 26 TRIES, (AVG 540592.4615384615)
[1, 4, 10, 23, 57, 132, 301, 701, 1654, 3682, 8452, 18927]...: 15677968: ACCEPTED IN 29 TRIES, (AVG 540619.5862068966)
[1, 4, 10, 23, 57, 132, 301, 701, 1654, 3682, 8452, 18931]...: 44900036: ACCEPTED IN 83 TRIES, (AVG 540964.2891566266)
[1, 4, 10, 23, 57, 132, 301, 701, 1654, 3682, 8452, 18936]...: 15678764: ACCEPTED IN 29 TRIES, (AVG 540647.0344827586)
[1, 4, 10, 23, 57, 132, 301, 701, 1654, 3682, 8452, 18960]...: 30289213: ACCEPTED IN 56 TRIES, (AVG 540878.8035714285)
[1, 4, 10, 23, 57, 132, 301, 701, 1654, 3682, 8452, 18964]...: 7560142: ACCEPTED IN 14 TRIES, (AVG 540010.1428571428)
[1, 4, 10, 23, 57, 132, 301, 701, 1654, 3682, 8452, 18972]...: 15135994: ACCEPTED IN 28 TRIES, (AVG 540571.2142857143)
[1, 4, 10, 23, 57, 132, 301, 701, 1654, 3682, 8452, 18973]...: 10266597: ACCEPTED IN 19 TRIES, (AVG 540347.2105263158)
[1, 4, 10, 23, 57, 132, 301, 701, 1654, 3682, 8452, 18977]...: 14054126: ACCEPTED IN 26 TRIES, (AVG 540543.3076923077)
[1, 4, 10, 23, 57, 132, 301, 701, 1654, 3682, 8452, 18985]...: 9726608: ACCEPTED IN 18 TRIES, (AVG 540367.1111111111)
[1, 4, 10, 23, 57, 132, 301, 701, 1654, 3682, 8452, 18989]...: 14055519: ACCEPTED IN 26 TRIES, (AVG 540596.8846153846)
[1, 4, 10, 23, 57, 132, 301, 701, 1654, 3682, 8452, 19010]...: 8103155: ACCEPTED IN 15 TRIES, (AVG 540210.3333333334)
[1, 4, 10, 23, 57, 132, 301, 701, 1654, 3682, 8452, 19014]...: 14596435: ACCEPTED IN 27 TRIES, (AVG 540608.7037037037)
[1, 4, 10, 23, 57, 132, 301, 701, 1654, 3682, 8452, 19018]...: 11889703: ACCEPTED IN 22 TRIES, (AVG 540441.0454545454)
[1, 4, 10, 23, 57, 132, 301, 701, 1654, 3682, 8452, 19022]...: 9725434: ACCEPTED IN 18 TRIES, (AVG 540301.8888888889)
[1, 4, 10, 23, 57, 132, 301, 701, 1654, 3682, 8452, 19026]...: 12431954: ACCEPTED IN 23 TRIES, (AVG 540519.7391304348)
[1, 4, 10, 23, 57, 132, 301, 701, 1654, 3682, 8452, 19047]...: 23254267: ACCEPTED IN 43 TRIES, (AVG 540796.9069767442)
[1, 4, 10, 23, 57, 132, 301, 701, 1654, 3682, 8452, 19051]...: 28125255: ACCEPTED IN 52 TRIES, (AVG 540870.2884615385)
[1, 4, 10, 23, 57, 132, 301, 701, 1654, 3682, 8452, 19055]...: 25959766: ACCEPTED IN 48 TRIES, (AVG 540828.4583333334)
[1, 4, 10, 23, 57, 132, 301, 701, 1654, 3682, 8452, 19059]...: 10808753: ACCEPTED IN 20 TRIES, (AVG 540437.65)
[1, 4, 10, 23, 57, 132, 301, 701, 1654, 3682, 8452, 19063]...: 9724701: ACCEPTED IN 18 TRIES, (AVG 540261.1666666666)
[1, 4, 10, 23, 57, 132, 301, 701, 1654, 3682, 8452, 19092]...: 17841014: ACCEPTED IN 33 TRIES, (AVG 540636.7878787878)
[1, 4, 10, 23, 57, 132, 301, 701, 1654, 3682, 8452, 19096]...: 8643302: ACCEPTED IN 16 TRIES, (AVG 540206.375)
[1, 4, 10, 23, 57, 132, 301, 701, 1654, 3682, 8452, 19104]...: 10807902: ACCEPTED IN 20 TRIES, (AVG 540395.1)
[1, 4, 10, 23, 57, 132, 301, 701, 1654, 3682, 8452, 19105]...: 22172352: ACCEPTED IN 41 TRIES, (AVG 540789.0731707317)
[1, 4, 10, 23, 57, 132, 301, 701, 1654, 3682, 8452, 19109]...: 10808004: ACCEPTED IN 20 TRIES, (AVG 540400.2)
[1, 4, 10, 23, 57, 132, 301, 701, 1654, 3682, 8452, 19121]...: 8102124: ACCEPTED IN 15 TRIES, (AVG 540141.6)
[1, 4, 10, 23, 57, 132, 301, 701, 1654, 3682, 8452, 19133]...: 16761312: ACCEPTED IN 31 TRIES, (AVG 540687.4838709678)
[1, 4, 10, 23, 57, 132, 301, 701, 1654, 3682, 8452, 19142]...: 14596619: ACCEPTED IN 27 TRIES, (AVG 540615.5185185185)
[1, 4, 10, 23, 57, 132, 301, 701, 1654, 3682, 8452, 19146]...: 45441139: ACCEPTED IN 84 TRIES, (AVG 540965.9404761905)
[1, 4, 10, 23, 57, 132, 301, 701, 1654, 3682, 8452, 19150]...: 12971439: ACCEPTED IN 24 TRIES, (AVG 540476.625)
[1, 4, 10, 23, 57, 132, 301, 701, 1654, 3682, 8452, 19154]...: 3773888: ACCEPTED IN 7 TRIES, (AVG 539126.8571428572)
[1, 4, 10, 23, 57, 132, 301, 701, 1654, 3682, 8452, 19158]...: 11890837: ACCEPTED IN 22 TRIES, (AVG 540492.5909090909)
[1, 4, 10, 23, 57, 132, 301, 701, 1654, 3682, 8452, 19179]...: 11889930: ACCEPTED IN 22 TRIES, (AVG 540451.3636363636)
[1, 4, 10, 23, 57, 132, 301, 701, 1654, 3682, 8452, 19183]...: 49229010: ACCEPTED IN 91 TRIES, (AVG 540978.1318681319)
[1, 4, 10, 23, 57, 132, 301, 701, 1654, 3682, 8452, 19187]...: 11349682: ACCEPTED IN 21 TRIES, (AVG 540461.0476190476)
[1, 4, 10, 23, 57, 132, 301, 701, 1654, 3682, 8452, 19191]...: 13514534: ACCEPTED IN 25 TRIES, (AVG 540581.36)
[1, 4, 10, 23, 57, 132, 301, 701, 1654, 3682, 8452, 19195]...: 13514435: ACCEPTED IN 25 TRIES, (AVG 540577.4)
[1, 4, 10, 23, 57, 132, 301, 701, 1654, 3682, 8452, 19216]...: 29206678: ACCEPTED IN 54 TRIES, (AVG 540864.4074074074)
[1, 4, 10, 23, 57, 132, 301, 701, 1654, 3682, 8452, 19224]...: 9725797: ACCEPTED IN 18 TRIES, (AVG 540322.0555555555)
[1, 4, 10, 23, 57, 132, 301, 701, 1654, 3682, 8452, 19228]...: 13513499: ACCEPTED IN 25 TRIES, (AVG 540539.96)
[1, 4, 10, 23, 57, 132, 301, 701, 1654, 3682, 8452, 19232]...: 16760411: ACCEPTED IN 31 TRIES, (AVG 540658.4193548387)
[1, 4, 10, 23, 57, 132, 301, 701, 1654, 3682, 8452, 19237]...: 17843678: ACCEPTED IN 33 TRIES, (AVG 540717.5151515151)
[1, 4, 10, 23, 57, 132, 301, 701, 1654, 3682, 8452, 19241]...: 15137841: ACCEPTED IN 28 TRIES, (AVG 540637.1785714285)
[1, 4, 10, 23, 57, 132, 301, 701, 1654, 3682, 8452, 19253]...: 9723460: ACCEPTED IN 18 TRIES, (AVG 540192.2222222222)
[1, 4, 10, 23, 57, 132, 301, 701, 1654, 3682, 8452, 19265]...: 11890901: ACCEPTED IN 22 TRIES, (AVG 540495.5)
[1, 4, 10, 23, 57, 132, 301, 701, 1654, 3682, 8452, 19274]...: 11349690: ACCEPTED IN 21 TRIES, (AVG 540461.4285714285)
[1, 4, 10, 23, 57, 132, 301, 701, 1654, 3682, 8452, 19278]...: 6478660: ACCEPTED IN 12 TRIES, (AVG 539888.3333333334)
[1, 4, 10, 23, 57, 132, 301, 701, 1654, 3682, 8452, 19282]...: 15678751: ACCEPTED IN 29 TRIES, (AVG 540646.5862068966)
[1, 4, 10, 23, 57, 132, 301, 701, 1654, 3682, 8452, 19286]...: 7559887: ACCEPTED IN 14 TRIES, (AVG 539991.9285714285)
[1, 4, 10, 23, 57, 132, 301, 701, 1654, 3682, 8452, 19290]...: 26499633: ACCEPTED IN 49 TRIES, (AVG 540808.8367346938)
[1, 4, 10, 23, 57, 132, 301, 701, 1654, 3682, 8452, 19311]...: 9185265: ACCEPTED IN 17 TRIES, (AVG 540309.7058823529)
[1, 4, 10, 23, 57, 132, 301, 701, 1654, 3682, 8452, 19315]...: 15137574: ACCEPTED IN 28 TRIES, (AVG 540627.6428571428)
[1, 4, 10, 23, 57, 132, 301, 701, 1654, 3682, 8452, 19319]...: 8643278: ACCEPTED IN 16 TRIES, (AVG 540204.875)
[1, 4, 10, 23, 57, 132, 301, 701, 1654, 3682, 8452, 19323]...: 15678394: ACCEPTED IN 29 TRIES, (AVG 540634.275862069)
[1, 4, 10, 23, 57, 132, 301, 701, 1654, 3682, 8452, 19327]...: 7561290: ACCEPTED IN 14 TRIES, (AVG 540092.1428571428)
[1, 4, 10, 23, 57, 132, 301, 701, 1654, 3682, 8452, 19348]...: 8643695: ACCEPTED IN 16 TRIES, (AVG 540230.9375)
[1, 4, 10, 23, 57, 132, 301, 701, 1654, 3682, 8452, 19356]...: 11890940: ACCEPTED IN 22 TRIES, (AVG 540497.2727272727)
[1, 4, 10, 23, 57, 132, 301, 701, 1654, 3682, 8452, 19360]...: 7019640: ACCEPTED IN 13 TRIES, (AVG 539972.3076923077)
[1, 4, 10, 23, 57, 132, 301, 701, 1654, 3682, 8452, 19364]...: 9724569: ACCEPTED IN 18 TRIES, (AVG 540253.8333333334)
[1, 4, 10, 23, 57, 132, 301, 701, 1654, 3682, 8452, 19373]...: 11349744: ACCEPTED IN 21 TRIES, (AVG 540464.0)
[1, 4, 10, 23, 57, 132, 301, 701, 1654, 3682, 8452, 19385]...: 14595697: ACCEPTED IN 27 TRIES, (AVG 540581.3703703703)
[1, 4, 10, 23, 57, 132, 301, 701, 1654, 3682, 8452, 19397]...: 7561843: ACCEPTED IN 14 TRIES, (AVG 540131.6428571428)
[1, 4, 10, 23, 57, 132, 301, 701, 1654, 3682, 8452, 19406]...: 12972480: ACCEPTED IN 24 TRIES, (AVG 540520.0)
[1, 4, 10, 23, 57, 132, 301, 701, 1654, 3682, 8452, 19410]...: 9724248: ACCEPTED IN 18 TRIES, (AVG 540236.0)
[1, 4, 10, 23, 57, 132, 301, 701, 1654, 3682, 8452, 19414]...: 8099574: ACCEPTED IN 15 TRIES, (AVG 539971.6)
[1, 4, 10, 23, 57, 132, 301, 701, 1654, 3682, 8452, 19422]...: 10808930: ACCEPTED IN 20 TRIES, (AVG 540446.5)
[1, 4, 10, 23, 57, 132, 301, 701, 1654, 3682, 8452, 19443]...: 4856212: ACCEPTED IN 9 TRIES, (AVG 539579.1111111111)
[1, 4, 10, 23, 57, 132, 301, 701, 1654, 3682, 8452, 19447]...: 23252980: ACCEPTED IN 43 TRIES, (AVG 540766.976744186)
[1, 4, 10, 23, 57, 132, 301, 701, 1654, 3682, 8452, 19451]...: 15678040: ACCEPTED IN 29 TRIES, (AVG 540622.0689655172)
[1, 4, 10, 23, 57, 132, 301, 701, 1654, 3682, 8452, 19455]...: 7562059: ACCEPTED IN 14 TRIES, (AVG 540147.0714285715)
[1, 4, 10, 23, 57, 132, 301, 701, 1654, 3682, 8452, 19459]...: 11890345: ACCEPTED IN 22 TRIES, (AVG 540470.2272727273)
[1, 4, 10, 23, 57, 132, 301, 701, 1654, 3682, 8452, 19480]...: 7020811: ACCEPTED IN 13 TRIES, (AVG 540062.3846153846)
[1, 4, 10, 23, 57, 132, 301, 701, 1654, 3682, 8452, 19484]...: 22172644: ACCEPTED IN 41 TRIES, (AVG 540796.1951219512)
[1, 4, 10, 23, 57, 132, 301, 701, 1654, 3682, 8452, 19488]...: 21086955: ACCEPTED IN 39 TRIES, (AVG 540691.1538461539)
[1, 4, 10, 23, 57, 132, 301, 701, 1654, 3682, 8452, 19492]...: 19464972: ACCEPTED IN 36 TRIES, (AVG 540693.6666666666)
[1, 4, 10, 23, 57, 132, 301, 701, 1654, 3682, 8452, 19496]...: 4854960: ACCEPTED IN 9 TRIES, (AVG 539440.0)
[1, 4, 10, 23, 57, 132, 301, 701, 1654, 3682, 8452, 19505]...: 15678697: ACCEPTED IN 29 TRIES, (AVG 540644.724137931)
[1, 4, 10, 23, 57, 132, 301, 701, 1654, 3682, 8452, 19517]...: 9723518: ACCEPTED IN 18 TRIES, (AVG 540195.4444444445)
[1, 4, 10, 23, 57, 132, 301, 701, 1654, 3682, 8452, 19529]...: 8103257: ACCEPTED IN 15 TRIES, (AVG 540217.1333333333)
[1, 4, 10, 23, 57, 132, 301, 701, 1654, 3682, 8452, 19533]...: 22172117: ACCEPTED IN 41 TRIES, (AVG 540783.3414634146)
[1, 4, 10, 23, 57, 132, 301, 701, 1654, 3682, 8452, 19538]...: 14055593: ACCEPTED IN 26 TRIES, (AVG 540599.7307692308)
[1, 4, 10, 23, 57, 132, 301, 701, 1654, 3682, 8452, 19542]...: 20547911: ACCEPTED IN 38 TRIES, (AVG 540734.5)
[1, 4, 10, 23, 57, 132, 301, 701, 1654, 3682, 8452, 19546]...: 16761006: ACCEPTED IN 31 TRIES, (AVG 540677.6129032258)
[1, 4, 10, 23, 57, 132, 301, 701, 1654, 3682, 8452, 19554]...: 9185325: ACCEPTED IN 17 TRIES, (AVG 540313.2352941176)
[1, 4, 10, 23, 57, 132, 301, 701, 1654, 3682, 8452, 19575]...: 8102769: ACCEPTED IN 15 TRIES, (AVG 540184.6)
[1, 4, 10, 23, 57, 132, 301, 701, 1654, 3682, 8452, 19579]...: 9185059: ACCEPTED IN 17 TRIES, (AVG 540297.5882352941)
[1, 4, 10, 23, 57, 132, 301, 701, 1654, 3682, 8452, 19583]...: 32451515: ACCEPTED IN 60 TRIES, (AVG 540858.5833333334)
[1, 4, 10, 23, 57, 132, 301, 701, 1654, 3682, 8452, 19587]...: 8643838: ACCEPTED IN 16 TRIES, (AVG 540239.875)
[1, 4, 10, 23, 57, 132, 301, 701, 1654, 3682, 8452, 19591]...: 11890725: ACCEPTED IN 22 TRIES, (AVG 540487.5)
[1, 4, 10, 23, 57, 132, 301, 701, 1654, 3682, 8452, 19612]...: 14595410: ACCEPTED IN 27 TRIES, (AVG 540570.7407407408)
[1, 4, 10, 23, 57, 132, 301, 701, 1654, 3682, 8452, 19616]...: 11889346: ACCEPTED IN 22 TRIES, (AVG 540424.8181818182)
[1, 4, 10, 23, 57, 132, 301, 701, 1654, 3682, 8452, 19620]...: 18382564: ACCEPTED IN 34 TRIES, (AVG 540663.6470588235)
[1, 4, 10, 23, 57, 132, 301, 701, 1654, 3682, 8452, 19624]...: 16759480: ACCEPTED IN 31 TRIES, (AVG 540628.3870967742)
[1, 4, 10, 23, 57, 132, 301, 701, 1654, 3682, 8452, 19628]...: 11891160: ACCEPTED IN 22 TRIES, (AVG 540507.2727272727)
[1, 4, 10, 23, 57, 132, 301, 701, 1654, 3682, 8452, 19637]...: 7019829: ACCEPTED IN 13 TRIES, (AVG 539986.8461538461)
[1, 4, 10, 23, 57, 132, 301, 701, 1654, 3682, 8452, 19649]...: 11348752: ACCEPTED IN 21 TRIES, (AVG 540416.7619047619)
[1, 4, 10, 23, 57, 132, 301, 701, 1654, 3682, 8452, 19661]...: 8101875: ACCEPTED IN 15 TRIES, (AVG 540125.0)
[1, 4, 10, 23, 57, 132, 301, 701, 1654, 3682, 8452, 19665]...: 11891060: ACCEPTED IN 22 TRIES, (AVG 540502.7272727273)
[1, 4, 10, 23, 57, 132, 301, 701, 1654, 3682, 8452, 19666]...: 7019724: ACCEPTED IN 13 TRIES, (AVG 539978.7692307692)
[1, 4, 10, 23, 57, 132, 301, 701, 1654, 3682, 8452, 19674]...: 8102510: ACCEPTED IN 15 TRIES, (AVG 540167.3333333334)
[1, 4, 10, 23, 57, 132, 301, 701, 1654, 3682, 8452, 19678]...: 11350065: ACCEPTED IN 21 TRIES, (AVG 540479.2857142857)
[1, 4, 10, 23, 57, 132, 301, 701, 1654, 3682, 8452, 19707]...: 6479253: ACCEPTED IN 12 TRIES, (AVG 539937.75)
[1, 4, 10, 23, 57, 132, 301, 701, 1654, 3682, 8452, 19711]...: 4855254: ACCEPTED IN 9 TRIES, (AVG 539472.6666666666)
[1, 4, 10, 23, 57, 132, 301, 701, 1654, 3682, 8452, 19715]...: 22171581: ACCEPTED IN 41 TRIES, (AVG 540770.268292683)
[1, 4, 10, 23, 57, 132, 301, 701, 1654, 3682, 8452, 19719]...: 13513626: ACCEPTED IN 25 TRIES, (AVG 540545.04)
[1, 4, 10, 23, 57, 132, 301, 701, 1654, 3682, 8452, 19723]...: 11889550: ACCEPTED IN 22 TRIES, (AVG 540434.0909090909)
[1, 4, 10, 23, 57, 132, 301, 701, 1654, 3682, 8452, 19744]...: 15676762: ACCEPTED IN 29 TRIES, (AVG 540578.0)
[1, 4, 10, 23, 57, 132, 301, 701, 1654, 3682, 8452, 19748]...: 8100388: ACCEPTED IN 15 TRIES, (AVG 540025.8666666667)
[1, 4, 10, 23, 57, 132, 301, 701, 1654, 3682, 8452, 19752]...: 11348947: ACCEPTED IN 21 TRIES, (AVG 540426.0476190476)
[1, 4, 10, 23, 57, 132, 301, 701, 1654, 3682, 8452, 19756]...: 9726436: ACCEPTED IN 18 TRIES, (AVG 540357.5555555555)
[1, 4, 10, 23, 57, 132, 301, 701, 1654, 3682, 8452, 19760]...: 11889625: ACCEPTED IN 22 TRIES, (AVG 540437.5)
[1, 4, 10, 23, 57, 132, 301, 701, 1654, 3682, 8452, 19781]...: 11890109: ACCEPTED IN 22 TRIES, (AVG 540459.5)
[1, 4, 10, 23, 57, 132, 301, 701, 1654, 3682, 8452, 19785]...: 7018873: ACCEPTED IN 13 TRIES, (AVG 539913.3076923077)
[1, 4, 10, 23, 57, 132, 301, 701, 1654, 3682, 8452, 19793]...: 7020131: ACCEPTED IN 13 TRIES, (AVG 540010.0769230769)
[1, 4, 10, 23, 57, 132, 301, 701, 1654, 3682, 8452, 19797]...: 9724554: ACCEPTED IN 18 TRIES, (AVG 540253.0)
[1, 4, 10, 23, 57, 132, 301, 701, 1654, 3682, 8452, 19798]...: 10808621: ACCEPTED IN 20 TRIES, (AVG 540431.05)
[1, 4, 10, 23, 57, 132, 301, 701, 1654, 3682, 8452, 19806]...: 7561785: ACCEPTED IN 14 TRIES, (AVG 540127.5)
[1, 4, 10, 23, 57, 132, 301, 701, 1654, 3682, 8452, 19810]...: 23253808: ACCEPTED IN 43 TRIES, (AVG 540786.2325581395)
[1, 4, 10, 23, 57, 132, 301, 701, 1654, 3682, 8452, 19819]...: 5937106: ACCEPTED IN 11 TRIES, (AVG 539736.9090909091)
[1, 4, 10, 23, 57, 132, 301, 701, 1654, 3682, 8452, 19834]...: 6479165: ACCEPTED IN 12 TRIES, (AVG 539930.4166666666)
[1, 4, 10, 23, 57, 132, 301, 701, 1654, 3682, 8452, 19839]...: 7560527: ACCEPTED IN 14 TRIES, (AVG 540037.6428571428)
[1, 4, 10, 23, 57, 132, 301, 701, 1654, 3682, 8452, 19843]...: 9724247: ACCEPTED IN 18 TRIES, (AVG 540235.9444444445)
[1, 4, 10, 23, 57, 132, 301, 701, 1654, 3682, 8452, 19847]...: 7019999: ACCEPTED IN 13 TRIES, (AVG 539999.9230769231)
[1, 4, 10, 23, 57, 132, 301, 701, 1654, 3682, 8452, 19848]...: 6478410: ACCEPTED IN 12 TRIES, (AVG 539867.5)
[1, 4, 10, 23, 57, 132, 301, 701, 1654, 3682, 8452, 19851]...: 5397430: ACCEPTED IN 10 TRIES, (AVG 539743.0)
[1, 4, 10, 23, 57, 132, 301, 701, 1654, 3682, 8452, 19855]...: 7559477: ACCEPTED IN 14 TRIES, (AVG 539962.6428571428)
[1, 4, 10, 23, 57, 132, 301, 701, 1654, 3682, 8452, 19876]...: 7559362: ACCEPTED IN 14 TRIES, (AVG 539954.4285714285)
[1, 4, 10, 23, 57, 132, 301, 701, 1654, 3682, 8452, 19880]...: 8102500: ACCEPTED IN 15 TRIES, (AVG 540166.6666666666)
[1, 4, 10, 23, 57, 132, 301, 701, 1654, 3682, 8452, 19884]...: 13513624: ACCEPTED IN 25 TRIES, (AVG 540544.96)
[1, 4, 10, 23, 57, 132, 301, 701, 1654, 3682, 8452, 19888]...: 12972361: ACCEPTED IN 24 TRIES, (AVG 540515.0416666666)
[1, 4, 10, 23, 57, 132, 301, 701, 1654, 3682, 8452, 19892]...: 16760450: ACCEPTED IN 31 TRIES, (AVG 540659.6774193548)
[1, 4, 10, 23, 57, 132, 301, 701, 1654, 3682, 8452, 19913]...: 4856183: ACCEPTED IN 9 TRIES, (AVG 539575.8888888889)
[1, 4, 10, 23, 57, 132, 301, 701, 1654, 3682, 8452, 19917]...: 10808727: ACCEPTED IN 20 TRIES, (AVG 540436.35)
[1, 4, 10, 23, 57, 132, 301, 701, 1654, 3682, 8452, 19925]...: 9725184: ACCEPTED IN 18 TRIES, (AVG 540288.0)
[1, 4, 10, 23, 57, 132, 301, 701, 1654, 3682, 8452, 19929]...: 9725083: ACCEPTED IN 18 TRIES, (AVG 540282.3888888889)
[1, 4, 10, 23, 57, 132, 301, 701, 1654, 3682, 8452, 19930]...: 29748519: ACCEPTED IN 55 TRIES, (AVG 540882.1636363637)
[1, 4, 10, 23, 57, 132, 301, 701, 1654, 3682, 8452, 19938]...: 12973155: ACCEPTED IN 24 TRIES, (AVG 540548.125)
[1, 4, 10, 23, 57, 132, 301, 701, 1654, 3682, 8452, 19942]...: 15676880: ACCEPTED IN 29 TRIES, (AVG 540582.0689655172)
[1, 4, 10, 23, 57, 132, 301, 701, 1654, 3682, 8452, 19966]...: 7562053: ACCEPTED IN 14 TRIES, (AVG 540146.6428571428)
[1, 4, 10, 23, 57, 132, 301, 701, 1654, 3682, 8452, 19967]...: 7019847: ACCEPTED IN 13 TRIES, (AVG 539988.2307692308)
[1, 4, 10, 23, 57, 132, 301, 701, 1654, 3682, 8452, 19971]...: 16219878: ACCEPTED IN 30 TRIES, (AVG 540662.6)
[1, 4, 10, 23, 57, 132, 301, 701, 1654, 3682, 8452, 19975]...: 5397020: ACCEPTED IN 10 TRIES, (AVG 539702.0)
[1, 4, 10, 23, 57, 132, 301, 701, 1654, 3682, 8452, 19979]...: 4856245: ACCEPTED IN 9 TRIES, (AVG 539582.7777777778)
[1, 4, 10, 23, 57, 132, 301, 701, 1654, 3682, 8452, 19980]...: 8103073: ACCEPTED IN 15 TRIES, (AVG 540204.8666666667)
[1, 4, 10, 23, 57, 132, 301, 701, 1654, 3682, 8452, 19983]...: 9185038: ACCEPTED IN 17 TRIES, (AVG 540296.3529411765)
[1, 4, 10, 23, 57, 132, 301, 701, 1654, 3682, 8452, 20008]...: 9183383: ACCEPTED IN 17 TRIES, (AVG 540199.0)
[1, 4, 10, 23, 57, 132, 301, 701, 1654, 3682, 8452, 20012]...: 20008031: ACCEPTED IN 37 TRIES, (AVG 540757.5945945946)
[1, 4, 10, 23, 57, 132, 301, 701, 1654, 3682, 8452, 20016]...: 10808905: ACCEPTED IN 20 TRIES, (AVG 540445.25)
[1, 4, 10, 23, 57, 132, 301, 701, 1654, 3682, 8452, 20020]...: 5938383: ACCEPTED IN 11 TRIES, (AVG 539853.0)
[1, 4, 10, 23, 57, 132, 301, 701, 1654, 3682, 8452, 20024]...: 9724955: ACCEPTED IN 18 TRIES, (AVG 540275.2777777778)
[1, 4, 10, 23, 57, 132, 301, 701, 1654, 3682, 8452, 20045]...: 7020708: ACCEPTED IN 13 TRIES, (AVG 540054.4615384615)
[1, 4, 10, 23, 57, 132, 301, 701, 1654, 3682, 8452, 20049]...: 5937384: ACCEPTED IN 11 TRIES, (AVG 539762.1818181818)
[1, 4, 10, 23, 57, 132, 301, 701, 1654, 3682, 8452, 20057]...: 5396823: ACCEPTED IN 10 TRIES, (AVG 539682.3)
[1, 4, 10, 23, 57, 132, 301, 701, 1654, 3682, 8452, 20061]...: 7560120: ACCEPTED IN 14 TRIES, (AVG 540008.5714285715)
[1, 4, 10, 23, 57, 132, 301, 701, 1654, 3682, 8452, 20062]...: 8102765: ACCEPTED IN 15 TRIES, (AVG 540184.3333333334)
[1, 4, 10, 23, 57, 132, 301, 701, 1654, 3682, 8452, 20074]...: 8643792: ACCEPTED IN 16 TRIES, (AVG 540237.0)
[1, 4, 10, 23, 57, 132, 301, 701, 1654, 3682, 8452, 20086]...: 10807497: ACCEPTED IN 20 TRIES, (AVG 540374.85)
[1, 4, 10, 23, 57, 132, 301, 701, 1654, 3682, 8452, 20098]...: 10808140: ACCEPTED IN 20 TRIES, (AVG 540407.0)
[1, 4, 10, 23, 57, 132, 301, 701, 1654, 3682, 8452, 20099]...: 11889777: ACCEPTED IN 22 TRIES, (AVG 540444.4090909091)
[1, 4, 10, 23, 57, 132, 301, 701, 1654, 3682, 8452, 20103]...: 7561004: ACCEPTED IN 14 TRIES, (AVG 540071.7142857143)
[1, 4, 10, 23, 57, 132, 301, 701, 1654, 3682, 8452, 20107]...: 4854822: ACCEPTED IN 9 TRIES, (AVG 539424.6666666666)
[1, 4, 10, 23, 57, 132, 301, 701, 1654, 3682, 8452, 20111]...: 8644299: ACCEPTED IN 16 TRIES, (AVG 540268.6875)
[1, 4, 10, 23, 57, 132, 301, 701, 1654, 3682, 8452, 20112]...: 4856012: ACCEPTED IN 9 TRIES, (AVG 539556.8888888889)
[1, 4, 10, 23, 57, 132, 301, 701, 1654, 3682, 8452, 20115]...: 6479149: ACCEPTED IN 12 TRIES, (AVG 539929.0833333334)
[1, 4, 10, 23, 57, 132, 301, 701, 1654, 3682, 8452, 20120]...: 4315155: ACCEPTED IN 8 TRIES, (AVG 539394.375)
[1, 4, 10, 23, 57, 132, 301, 701, 1654, 3682, 8452, 20140]...: 7020139: ACCEPTED IN 13 TRIES, (AVG 540010.6923076923)
[1, 4, 10, 23, 57, 132, 301, 701, 1654, 3682, 8452, 20144]...: 7561777: ACCEPTED IN 14 TRIES, (AVG 540126.9285714285)
[1, 4, 10, 23, 57, 132, 301, 701, 1654, 3682, 8452, 20148]...: 12432113: ACCEPTED IN 23 TRIES, (AVG 540526.6521739131)
[1, 4, 10, 23, 57, 132, 301, 701, 1654, 3682, 8452, 20149]...: 9725944: ACCEPTED IN 18 TRIES, (AVG 540330.2222222222)
[1, 4, 10, 23, 57, 132, 301, 701, 1654, 3682, 8452, 20152]...: 8102739: ACCEPTED IN 15 TRIES, (AVG 540182.6)
[1, 4, 10, 23, 57, 132, 301, 701, 1654, 3682, 8452, 20156]...: 9726530: ACCEPTED IN 18 TRIES, (AVG 540362.7777777778)
[1, 4, 10, 23, 57, 132, 301, 701, 1654, 3682, 8452, 20177]...: 7559669: ACCEPTED IN 14 TRIES, (AVG 539976.3571428572)
[1, 4, 10, 23, 57, 132, 301, 701, 1654, 3682, 8452, 20181]...: 12973454: ACCEPTED IN 24 TRIES, (AVG 540560.5833333334)
[1, 4, 10, 23, 57, 132, 301, 701, 1654, 3682, 8452, 20185]...: 10267506: ACCEPTED IN 19 TRIES, (AVG 540395.052631579)
[1, 4, 10, 23, 57, 132, 301, 701, 1654, 3682, 8452, 20189]...: 4854683: ACCEPTED IN 9 TRIES, (AVG 539409.2222222222)
[1, 4, 10, 23, 57, 132, 301, 701, 1654, 3682, 8452, 20193]...: 4854996: ACCEPTED IN 9 TRIES, (AVG 539444.0)
[1, 4, 10, 23, 57, 132, 301, 701, 1654, 3682, 8452, 20194]...: 7020355: ACCEPTED IN 13 TRIES, (AVG 540027.3076923077)
[1, 4, 10, 23, 57, 132, 301, 701, 1654, 3682, 8452, 20206]...: 7561253: ACCEPTED IN 14 TRIES, (AVG 540089.5)
[1, 4, 10, 23, 57, 132, 301, 701, 1654, 3682, 8452, 20218]...: 8643994: ACCEPTED IN 16 TRIES, (AVG 540249.625)
[1, 4, 10, 23, 57, 132, 301, 701, 1654, 3682, 8452, 20230]...: 7020626: ACCEPTED IN 13 TRIES, (AVG 540048.1538461539)
[1, 4, 10, 23, 57, 132, 301, 701, 1654, 3682, 8452, 20231]...: 5396345: ACCEPTED IN 10 TRIES, (AVG 539634.5)
[1, 4, 10, 23, 57, 132, 301, 701, 1654, 3682, 8452, 20235]...: 18924526: ACCEPTED IN 35 TRIES, (AVG 540700.7428571428)
[1, 4, 10, 23, 57, 132, 301, 701, 1654, 3682, 8452, 20239]...: 17842447: ACCEPTED IN 33 TRIES, (AVG 540680.2121212122)
[1, 4, 10, 23, 57, 132, 301, 701, 1654, 3682, 8452, 20243]...: 9724327: ACCEPTED IN 18 TRIES, (AVG 540240.3888888889)
[1, 4, 10, 23, 57, 132, 301, 701, 1654, 3682, 8452, 20244]...: 3774137: ACCEPTED IN 7 TRIES, (AVG 539162.4285714285)
[1, 4, 10, 23, 57, 132, 301, 701, 1654, 3682, 8452, 20247]...: 7018752: ACCEPTED IN 13 TRIES, (AVG 539904.0)
[1, 4, 10, 23, 57, 132, 301, 701, 1654, 3682, 8452, 20268]...: 6479832: ACCEPTED IN 12 TRIES, (AVG 539986.0)
[1, 4, 10, 23, 57, 132, 301, 701, 1654, 3682, 8452, 20272]...: 10808057: ACCEPTED IN 20 TRIES, (AVG 540402.85)
[1, 4, 10, 23, 57, 132, 301, 701, 1654, 3682, 8452, 20276]...: 4854982: ACCEPTED IN 9 TRIES, (AVG 539442.4444444445)
[1, 4, 10, 23, 57, 132, 301, 701, 1654, 3682, 8452, 20280]...: 5938026: ACCEPTED IN 11 TRIES, (AVG 539820.5454545454)
[1, 4, 10, 23, 57, 132, 301, 701, 1654, 3682, 8452, 20281]...: 4856043: ACCEPTED IN 9 TRIES, (AVG 539560.3333333334)
[1, 4, 10, 23, 57, 132, 301, 701, 1654, 3682, 8452, 20284]...: 21631452: ACCEPTED IN 40 TRIES, (AVG 540786.3)
