[1, 4, 10, 23, 57, 132, 301, 701, 1636, 3852, 9225, 20344]...: 2695573: ACCEPTED IN 5 TRIES, (AVG 539114.6)
[1, 4, 10, 23, 57, 132, 301, 701, 1636, 3852, 9225, 20442]...: 2155570: ACCEPTED IN 4 TRIES, (AVG 538892.5)
[1, 4, 10, 23, 57, 132, 301, 701, 1636, 3852, 9225, 20443]...: 1076076: ACCEPTED IN 2 TRIES, (AVG 538038.0)
[1, 4, 10, 23, 57, 132, 301, 701, 1636, 3852, 9225, 20575]...: 2155324: ACCEPTED IN 4 TRIES, (AVG 538831.0)
[1, 4, 10, 23, 57, 132, 301, 701, 1636, 3852, 9225, 20608]...: 537487: ACCEPTED IN 1 TRIES, (AVG 537487.0)
[1, 4, 10, 23, 57, 132, 301, 701, 1636, 3852, 9225, 20641]...: 3234903: ACCEPTED IN 6 TRIES, (AVG 539150.5)
[1, 4, 10, 23, 57, 132, 301, 701, 1636, 3852, 9225, 20744]...: 1076869: ACCEPTED IN 2 TRIES, (AVG 538434.5)
[1, 4, 10, 23, 57, 132, 301, 701, 1636, 3852, 9225, 20773]...: 2155821: ACCEPTED IN 4 TRIES, (AVG 538955.25)
[1, 4, 10, 23, 57, 132, 301, 701, 1636, 3852, 9225, 20776]...: 4313772: ACCEPTED IN 8 TRIES, (AVG 539221.5)
[1, 4, 10, 23, 57, 132, 301, 701, 1636, 3852, 9225, 20799]...: 1077112: ACCEPTED IN 2 TRIES, (AVG 538556.0)
[1, 4, 10, 23, 57, 132, 301, 701, 1636, 3852, 9225, 20810]...: 5392394: ACCEPTED IN 10 TRIES, (AVG 539239.4)
[1, 4, 10, 23, 57, 132, 301, 701, 1636, 3852, 9225, 20841]...: 1075871: ACCEPTED IN 2 TRIES, (AVG 537935.5)
[1, 4, 10, 23, 57, 132, 301, 701, 1636, 3852, 9225, 20876]...: 2156297: ACCEPTED IN 4 TRIES, (AVG 539074.25)
[1, 4, 10, 23, 57, 132, 301, 701, 1636, 3852, 9225, 20905]...: 1075312: ACCEPTED IN 2 TRIES, (AVG 537656.0)
[1, 4, 10, 23, 57, 132, 301, 701, 1636, 3852, 9225, 20909]...: 1076330: ACCEPTED IN 2 TRIES, (AVG 538165.0)
[1, 4, 10, 23, 57, 132, 301, 701, 1636, 3852, 9225, 20942]...: 7011720: ACCEPTED IN 13 TRIES, (AVG 539363.0769230769)
[1, 4, 10, 23, 57, 132, 301, 701, 1636, 3852, 9225, 20946]...: 2695782: ACCEPTED IN 5 TRIES, (AVG 539156.4)
[1, 4, 10, 23, 57, 132, 301, 701, 1636, 3852, 9225, 20975]...: 537297: ACCEPTED IN 1 TRIES, (AVG 537297.0)
[1, 4, 10, 23, 57, 132, 301, 701, 1636, 3852, 9225, 21009]...: 2156165: ACCEPTED IN 4 TRIES, (AVG 539041.25)
[1, 4, 10, 23, 57, 132, 301, 701, 1636, 3852, 9225, 21010]...: 1076285: ACCEPTED IN 2 TRIES, (AVG 538142.5)
[1, 4, 10, 23, 57, 132, 301, 701, 1636, 3852, 9225, 21074]...: 1076648: ACCEPTED IN 2 TRIES, (AVG 538324.0)
[1, 4, 10, 23, 57, 132, 301, 701, 1636, 3852, 9225, 21179]...: 2695658: ACCEPTED IN 5 TRIES, (AVG 539131.6)
[1, 4, 10, 23, 57, 132, 301, 701, 1636, 3852, 9225, 21209]...: 5393693: ACCEPTED IN 10 TRIES, (AVG 539369.3)
[1, 4, 10, 23, 57, 132, 301, 701, 1636, 3852, 9225, 21243]...: 1616154: ACCEPTED IN 3 TRIES, (AVG 538718.0)
[1, 4, 10, 23, 57, 132, 301, 701, 1636, 3852, 9225, 21274]...: 1075286: ACCEPTED IN 2 TRIES, (AVG 537643.0)
[1, 4, 10, 23, 57, 132, 301, 701, 1636, 3852, 9225, 21308]...: 2156229: ACCEPTED IN 4 TRIES, (AVG 539057.25)
[1, 4, 10, 23, 57, 132, 301, 701, 1636, 3852, 9225, 21309]...: 536940: ACCEPTED IN 1 TRIES, (AVG 536940.0)
[1, 4, 10, 23, 57, 132, 301, 701, 1636, 3852, 9225, 21342]...: 5933358: ACCEPTED IN 11 TRIES, (AVG 539396.1818181818)
[1, 4, 10, 23, 57, 132, 301, 701, 1636, 3852, 9225, 21378]...: 11328881: ACCEPTED IN 21 TRIES, (AVG 539470.5238095238)
[1, 4, 10, 23, 57, 132, 301, 701, 1636, 3852, 9225, 21379]...: 1076925: ACCEPTED IN 2 TRIES, (AVG 538462.5)
[1, 4, 10, 23, 57, 132, 301, 701, 1636, 3852, 9225, 21440]...: 537443: ACCEPTED IN 1 TRIES, (AVG 537443.0)
[1, 4, 10, 23, 57, 132, 301, 701, 1636, 3852, 9225, 21443]...: 1076350: ACCEPTED IN 2 TRIES, (AVG 538175.0)
[1, 4, 10, 23, 57, 132, 301, 701, 1636, 3852, 9225, 21477]...: 2695867: ACCEPTED IN 5 TRIES, (AVG 539173.4)
[1, 4, 10, 23, 57, 132, 301, 701, 1636, 3852, 9225, 21510]...: 4853856: ACCEPTED IN 9 TRIES, (AVG 539317.3333333334)
[1, 4, 10, 23, 57, 132, 301, 701, 1636, 3852, 9225, 21542]...: 537512: ACCEPTED IN 1 TRIES, (AVG 537512.0)
[1, 4, 10, 23, 57, 132, 301, 701, 1636, 3852, 9225, 21544]...: 1076229: ACCEPTED IN 2 TRIES, (AVG 538114.5)
[1, 4, 10, 23, 57, 132, 301, 701, 1636, 3852, 9225, 21609]...: 1077083: ACCEPTED IN 2 TRIES, (AVG 538541.5)
[1, 4, 10, 23, 57, 132, 301, 701, 1636, 3852, 9225, 21611]...: 2695268: ACCEPTED IN 5 TRIES, (AVG 539053.6)
[1, 4, 10, 23, 57, 132, 301, 701, 1636, 3852, 9225, 21612]...: 4853072: ACCEPTED IN 9 TRIES, (AVG 539230.2222222222)
[1, 4, 10, 23, 57, 132, 301, 701, 1636, 3852, 9225, 21643]...: 2695517: ACCEPTED IN 5 TRIES, (AVG 539103.4)
[1, 4, 10, 23, 57, 132, 301, 701, 1636, 3852, 9225, 21674]...: 1616465: ACCEPTED IN 3 TRIES, (AVG 538821.6666666666)
[1, 4, 10, 23, 57, 132, 301, 701, 1636, 3852, 9225, 21678]...: 1075778: ACCEPTED IN 2 TRIES, (AVG 537889.0)
[1, 4, 10, 23, 57, 132, 301, 701, 1636, 3852, 9225, 21708]...: 537566: ACCEPTED IN 1 TRIES, (AVG 537566.0)
[1, 4, 10, 23, 57, 132, 301, 701, 1636, 3852, 9225, 21709]...: 2694580: ACCEPTED IN 5 TRIES, (AVG 538916.0)
[1, 4, 10, 23, 57, 132, 301, 701, 1636, 3852, 9225, 21710]...: 1076979: ACCEPTED IN 2 TRIES, (AVG 538489.5)
[1, 4, 10, 23, 57, 132, 301, 701, 1636, 3852, 9225, 21711]...: 2694420: ACCEPTED IN 5 TRIES, (AVG 538884.0)
[1, 4, 10, 23, 57, 132, 301, 701, 1636, 3852, 9225, 21777]...: 2154341: ACCEPTED IN 4 TRIES, (AVG 538585.25)
[1, 4, 10, 23, 57, 132, 301, 701, 1636, 3852, 9225, 21840]...: 1075662: ACCEPTED IN 2 TRIES, (AVG 537831.0)
[1, 4, 10, 23, 57, 132, 301, 701, 1636, 3852, 9225, 21844]...: 1076162: ACCEPTED IN 2 TRIES, (AVG 538081.0)
[1, 4, 10, 23, 57, 132, 301, 701, 1636, 3852, 9225, 21876]...: 1076541: ACCEPTED IN 2 TRIES, (AVG 538270.5)
[1, 4, 10, 23, 57, 132, 301, 701, 1636, 3852, 9225, 21878]...: 3235115: ACCEPTED IN 6 TRIES, (AVG 539185.8333333334)
[1, 4, 10, 23, 57, 132, 301, 701, 1636, 3852, 9225, 21880]...: 11327163: ACCEPTED IN 21 TRIES, (AVG 539388.7142857143)
[1, 4, 10, 23, 57, 132, 301, 701, 1636, 3852, 9225, 21907]...: 1076569: ACCEPTED IN 2 TRIES, (AVG 538284.5)
[1, 4, 10, 23, 57, 132, 301, 701, 1636, 3852, 9225, 21910]...: 1077153: ACCEPTED IN 2 TRIES, (AVG 538576.5)
[1, 4, 10, 23, 57, 132, 301, 701, 1636, 3852, 9225, 21912]...: 1076827: ACCEPTED IN 2 TRIES, (AVG 538413.5)
[1, 4, 10, 23, 57, 132, 301, 701, 1636, 3852, 9225, 21943]...: 5931458: ACCEPTED IN 11 TRIES, (AVG 539223.4545454546)
[1, 4, 10, 23, 57, 132, 301, 701, 1636, 3852, 9225, 21944]...: 2156202: ACCEPTED IN 4 TRIES, (AVG 539050.5)
[1, 4, 10, 23, 57, 132, 301, 701, 1636, 3852, 9225, 21948]...: 2154491: ACCEPTED IN 4 TRIES, (AVG 538622.75)
[1, 4, 10, 23, 57, 132, 301, 701, 1636, 3852, 9225, 21975]...: 1076970: ACCEPTED IN 2 TRIES, (AVG 538485.0)
[1, 4, 10, 23, 57, 132, 301, 701, 1636, 3852, 9225, 21977]...: 2156229: ACCEPTED IN 4 TRIES, (AVG 539057.25)
[1, 4, 10, 23, 57, 132, 301, 701, 1636, 3852, 9225, 21980]...: 3774802: ACCEPTED IN 7 TRIES, (AVG 539257.4285714285)
[1, 4, 10, 23, 57, 132, 301, 701, 1636, 3852, 9225, 22011]...: 2155883: ACCEPTED IN 4 TRIES, (AVG 538970.75)
[1, 4, 10, 23, 57, 132, 301, 701, 1636, 3852, 9225, 22043]...: 6472463: ACCEPTED IN 12 TRIES, (AVG 539371.9166666666)
[1, 4, 10, 23, 57, 132, 301, 701, 1636, 3852, 9225, 22044]...: 1076230: ACCEPTED IN 2 TRIES, (AVG 538115.0)
[1, 4, 10, 23, 57, 132, 301, 701, 1636, 3852, 9225, 22047]...: 1076960: ACCEPTED IN 2 TRIES, (AVG 538480.0)
[1, 4, 10, 23, 57, 132, 301, 701, 1636, 3852, 9225, 22074]...: 2695279: ACCEPTED IN 5 TRIES, (AVG 539055.8)
[1, 4, 10, 23, 57, 132, 301, 701, 1636, 3852, 9225, 22076]...: 4853283: ACCEPTED IN 9 TRIES, (AVG 539253.6666666666)
[1, 4, 10, 23, 57, 132, 301, 701, 1636, 3852, 9225, 22080]...: 1076466: ACCEPTED IN 2 TRIES, (AVG 538233.0)
[1, 4, 10, 23, 57, 132, 301, 701, 1636, 3852, 9225, 22109]...: 1615739: ACCEPTED IN 3 TRIES, (AVG 538579.6666666666)
[1, 4, 10, 23, 57, 132, 301, 701, 1636, 3852, 9225, 22112]...: 1075368: ACCEPTED IN 2 TRIES, (AVG 537684.0)
