[1, 4, 10, 23, 57, 132, 301, 701, 1654, 3747, 8515, 18753]...: 76825876: ACCEPTED IN 142 TRIES, (AVG 541027.2957746478)
[1, 4, 10, 23, 57, 132, 301, 701, 1654, 3747, 8515, 18765]...: 30289294: ACCEPTED IN 56 TRIES, (AVG 540880.25)
[1, 4, 10, 23, 57, 132, 301, 701, 1654, 3747, 8515, 18848]...: 23253158: ACCEPTED IN 43 TRIES, (AVG 540771.1162790698)
[1, 4, 10, 23, 57, 132, 301, 701, 1654, 3747, 8515, 18860]...: 15677615: ACCEPTED IN 29 TRIES, (AVG 540607.4137931034)
[1, 4, 10, 23, 57, 132, 301, 701, 1654, 3747, 8515, 18885]...: 37322915: ACCEPTED IN 69 TRIES, (AVG 540911.8115942029)
[1, 4, 10, 23, 57, 132, 301, 701, 1654, 3747, 8515, 18897]...: 145010191: ACCEPTED IN 268 TRIES, (AVG 541082.8022388059)
[1, 4, 10, 23, 57, 132, 301, 701, 1654, 3747, 8515, 18980]...: 15678431: ACCEPTED IN 29 TRIES, (AVG 540635.551724138)
[1, 4, 10, 23, 57, 132, 301, 701, 1654, 3747, 8515, 18992]...: 21630721: ACCEPTED IN 40 TRIES, (AVG 540768.025)
[1, 4, 10, 23, 57, 132, 301, 701, 1654, 3747, 8515, 19017]...: 31912182: ACCEPTED IN 59 TRIES, (AVG 540884.4406779661)
[1, 4, 10, 23, 57, 132, 301, 701, 1654, 3747, 8515, 19021]...: 15678679: ACCEPTED IN 29 TRIES, (AVG 540644.1034482758)
[1, 4, 10, 23, 57, 132, 301, 701, 1654, 3747, 8515, 19029]...: 12973184: ACCEPTED IN 24 TRIES, (AVG 540549.3333333334)
[1, 4, 10, 23, 57, 132, 301, 701, 1654, 3747, 8515, 19112]...: 17302491: ACCEPTED IN 32 TRIES, (AVG 540702.84375)
[1, 4, 10, 23, 57, 132, 301, 701, 1654, 3747, 8515, 19149]...: 11349804: ACCEPTED IN 21 TRIES, (AVG 540466.8571428572)
[1, 4, 10, 23, 57, 132, 301, 701, 1654, 3747, 8515, 19153]...: 23794867: ACCEPTED IN 44 TRIES, (AVG 540792.4318181818)
[1, 4, 10, 23, 57, 132, 301, 701, 1654, 3747, 8515, 19161]...: 18925560: ACCEPTED IN 35 TRIES, (AVG 540730.2857142857)
[1, 4, 10, 23, 57, 132, 301, 701, 1654, 3747, 8515, 19244]...: 23255018: ACCEPTED IN 43 TRIES, (AVG 540814.3720930233)
[1, 4, 10, 23, 57, 132, 301, 701, 1654, 3747, 8515, 19281]...: 10807603: ACCEPTED IN 20 TRIES, (AVG 540380.15)
[1, 4, 10, 23, 57, 132, 301, 701, 1654, 3747, 8515, 19285]...: 16219141: ACCEPTED IN 30 TRIES, (AVG 540638.0333333333)
[1, 4, 10, 23, 57, 132, 301, 701, 1654, 3747, 8515, 19293]...: 17301882: ACCEPTED IN 32 TRIES, (AVG 540683.8125)
[1, 4, 10, 23, 57, 132, 301, 701, 1654, 3747, 8515, 19322]...: 12971833: ACCEPTED IN 24 TRIES, (AVG 540493.0416666666)
[1, 4, 10, 23, 57, 132, 301, 701, 1654, 3747, 8515, 19413]...: 11349278: ACCEPTED IN 21 TRIES, (AVG 540441.8095238095)
[1, 4, 10, 23, 57, 132, 301, 701, 1654, 3747, 8515, 19417]...: 10267518: ACCEPTED IN 19 TRIES, (AVG 540395.6842105263)
[1, 4, 10, 23, 57, 132, 301, 701, 1654, 3747, 8515, 19454]...: 17842505: ACCEPTED IN 33 TRIES, (AVG 540681.9696969697)
[1, 4, 10, 23, 57, 132, 301, 701, 1654, 3747, 8515, 19545]...: 19465630: ACCEPTED IN 36 TRIES, (AVG 540711.9444444445)
[1, 4, 10, 23, 57, 132, 301, 701, 1654, 3747, 8515, 19549]...: 21629918: ACCEPTED IN 40 TRIES, (AVG 540747.95)
[1, 4, 10, 23, 57, 132, 301, 701, 1654, 3747, 8515, 19586]...: 10265477: ACCEPTED IN 19 TRIES, (AVG 540288.2631578947)
[1, 4, 10, 23, 57, 132, 301, 701, 1654, 3747, 8515, 19681]...: 10808245: ACCEPTED IN 20 TRIES, (AVG 540412.25)
[1, 4, 10, 23, 57, 132, 301, 701, 1654, 3747, 8515, 19718]...: 8644144: ACCEPTED IN 16 TRIES, (AVG 540259.0)
[1, 4, 10, 23, 57, 132, 301, 701, 1654, 3747, 8515, 19722]...: 12432288: ACCEPTED IN 23 TRIES, (AVG 540534.2608695652)
[1, 4, 10, 23, 57, 132, 301, 701, 1654, 3747, 8515, 19813]...: 21631161: ACCEPTED IN 40 TRIES, (AVG 540779.025)
[1, 4, 10, 23, 57, 132, 301, 701, 1654, 3747, 8515, 19850]...: 10808526: ACCEPTED IN 20 TRIES, (AVG 540426.3)
[1, 4, 10, 23, 57, 132, 301, 701, 1654, 3747, 8515, 19854]...: 15137919: ACCEPTED IN 28 TRIES, (AVG 540639.9642857143)
[1, 4, 10, 23, 57, 132, 301, 701, 1654, 3747, 8515, 19945]...: 8102464: ACCEPTED IN 15 TRIES, (AVG 540164.2666666667)
[1, 4, 10, 23, 57, 132, 301, 701, 1654, 3747, 8515, 19974]...: 15677085: ACCEPTED IN 29 TRIES, (AVG 540589.1379310344)
[1, 4, 10, 23, 57, 132, 301, 701, 1654, 3747, 8515, 19982]...: 13514537: ACCEPTED IN 25 TRIES, (AVG 540581.48)
[1, 4, 10, 23, 57, 132, 301, 701, 1654, 3747, 8515, 19986]...: 14055010: ACCEPTED IN 26 TRIES, (AVG 540577.3076923077)
[1, 4, 10, 23, 57, 132, 301, 701, 1654, 3747, 8515, 20023]...: 8100467: ACCEPTED IN 15 TRIES, (AVG 540031.1333333333)
[1, 4, 10, 23, 57, 132, 301, 701, 1654, 3747, 8515, 20106]...: 12971195: ACCEPTED IN 24 TRIES, (AVG 540466.4583333334)
[1, 4, 10, 23, 57, 132, 301, 701, 1654, 3747, 8515, 20114]...: 12431696: ACCEPTED IN 23 TRIES, (AVG 540508.5217391305)
[1, 4, 10, 23, 57, 132, 301, 701, 1654, 3747, 8515, 20118]...: 10267483: ACCEPTED IN 19 TRIES, (AVG 540393.8421052631)
[1, 4, 10, 23, 57, 132, 301, 701, 1654, 3747, 8515, 20155]...: 19466371: ACCEPTED IN 36 TRIES, (AVG 540732.5277777778)
[1, 4, 10, 23, 57, 132, 301, 701, 1654, 3747, 8515, 20238]...: 12971916: ACCEPTED IN 24 TRIES, (AVG 540496.5)
[1, 4, 10, 23, 57, 132, 301, 701, 1654, 3747, 8515, 20246]...: 9725373: ACCEPTED IN 18 TRIES, (AVG 540298.5)
[1, 4, 10, 23, 57, 132, 301, 701, 1654, 3747, 8515, 20250]...: 12969250: ACCEPTED IN 24 TRIES, (AVG 540385.4166666666)
[1, 4, 10, 23, 57, 132, 301, 701, 1654, 3747, 8515, 20275]...: 14055617: ACCEPTED IN 26 TRIES, (AVG 540600.6538461539)
[1, 4, 10, 23, 57, 132, 301, 701, 1654, 3747, 8515, 20287]...: 9185460: ACCEPTED IN 17 TRIES, (AVG 540321.1764705882)
[1, 4, 10, 23, 57, 132, 301, 701, 1654, 3747, 8515, 20370]...: 11347471: ACCEPTED IN 21 TRIES, (AVG 540355.7619047619)
[1, 4, 10, 23, 57, 132, 301, 701, 1654, 3747, 8515, 20382]...: 10807162: ACCEPTED IN 20 TRIES, (AVG 540358.1)
[1, 4, 10, 23, 57, 132, 301, 701, 1654, 3747, 8515, 20407]...: 11348870: ACCEPTED IN 21 TRIES, (AVG 540422.380952381)
[1, 4, 10, 23, 57, 132, 301, 701, 1654, 3747, 8515, 20419]...: 9185191: ACCEPTED IN 17 TRIES, (AVG 540305.3529411765)
