[1, 4, 10, 23, 57, 132, 301, 701, 1654, 3747, 8552, 18827]...: 40569484: ACCEPTED IN 75 TRIES, (AVG 540926.4533333334)
[1, 4, 10, 23, 57, 132, 301, 701, 1654, 3747, 8552, 18835]...: 77909775: ACCEPTED IN 144 TRIES, (AVG 541040.1041666666)
[1, 4, 10, 23, 57, 132, 301, 701, 1654, 3747, 8552, 18876]...: 76285472: ACCEPTED IN 141 TRIES, (AVG 541031.7163120568)
[1, 4, 10, 23, 57, 132, 301, 701, 1654, 3747, 8552, 18922]...: 38406390: ACCEPTED IN 71 TRIES, (AVG 540935.0704225352)
[1, 4, 10, 23, 57, 132, 301, 701, 1654, 3747, 8552, 18959]...: 34077101: ACCEPTED IN 63 TRIES, (AVG 540906.3650793651)
[1, 4, 10, 23, 57, 132, 301, 701, 1654, 3747, 8552, 18963]...: 27583625: ACCEPTED IN 51 TRIES, (AVG 540855.3921568628)
[1, 4, 10, 23, 57, 132, 301, 701, 1654, 3747, 8552, 18967]...: 41653374: ACCEPTED IN 77 TRIES, (AVG 540952.9090909091)
[1, 4, 10, 23, 57, 132, 301, 701, 1654, 3747, 8552, 19008]...: 38947116: ACCEPTED IN 72 TRIES, (AVG 540932.1666666666)
[1, 4, 10, 23, 57, 132, 301, 701, 1654, 3747, 8552, 19054]...: 47064037: ACCEPTED IN 87 TRIES, (AVG 540965.9425287356)
[1, 4, 10, 23, 57, 132, 301, 701, 1654, 3747, 8552, 19091]...: 30830054: ACCEPTED IN 57 TRIES, (AVG 540878.1403508772)
[1, 4, 10, 23, 57, 132, 301, 701, 1654, 3747, 8552, 19095]...: 42734478: ACCEPTED IN 79 TRIES, (AVG 540942.7594936709)
[1, 4, 10, 23, 57, 132, 301, 701, 1654, 3747, 8552, 19103]...: 54639558: ACCEPTED IN 101 TRIES, (AVG 540985.7227722772)
[1, 4, 10, 23, 57, 132, 301, 701, 1654, 3747, 8552, 19186]...: 35159510: ACCEPTED IN 65 TRIES, (AVG 540915.5384615385)
[1, 4, 10, 23, 57, 132, 301, 701, 1654, 3747, 8552, 19260]...: 48688446: ACCEPTED IN 90 TRIES, (AVG 540982.7333333333)
[1, 4, 10, 23, 57, 132, 301, 701, 1654, 3747, 8552, 19264]...: 37323156: ACCEPTED IN 69 TRIES, (AVG 540915.304347826)
[1, 4, 10, 23, 57, 132, 301, 701, 1654, 3747, 8552, 19318]...: 21089729: ACCEPTED IN 39 TRIES, (AVG 540762.282051282)
[1, 4, 10, 23, 57, 132, 301, 701, 1654, 3747, 8552, 19355]...: 41653508: ACCEPTED IN 77 TRIES, (AVG 540954.6493506493)
[1, 4, 10, 23, 57, 132, 301, 701, 1654, 3747, 8552, 19359]...: 27042094: ACCEPTED IN 50 TRIES, (AVG 540841.88)
[1, 4, 10, 23, 57, 132, 301, 701, 1654, 3747, 8552, 19392]...: 25958062: ACCEPTED IN 48 TRIES, (AVG 540792.9583333334)
[1, 4, 10, 23, 57, 132, 301, 701, 1654, 3747, 8552, 19396]...: 54640761: ACCEPTED IN 101 TRIES, (AVG 540997.6336633663)
[1, 4, 10, 23, 57, 132, 301, 701, 1654, 3747, 8552, 19404]...: 54640662: ACCEPTED IN 101 TRIES, (AVG 540996.6534653465)
[1, 4, 10, 23, 57, 132, 301, 701, 1654, 3747, 8552, 19433]...: 35699612: ACCEPTED IN 66 TRIES, (AVG 540903.2121212122)
[1, 4, 10, 23, 57, 132, 301, 701, 1654, 3747, 8552, 19487]...: 41111882: ACCEPTED IN 76 TRIES, (AVG 540945.8157894737)
[1, 4, 10, 23, 57, 132, 301, 701, 1654, 3747, 8552, 19491]...: 32994241: ACCEPTED IN 61 TRIES, (AVG 540889.1967213114)
[1, 4, 10, 23, 57, 132, 301, 701, 1654, 3747, 8552, 19524]...: 28665428: ACCEPTED IN 53 TRIES, (AVG 540857.1320754717)
[1, 4, 10, 23, 57, 132, 301, 701, 1654, 3747, 8552, 19528]...: 35158370: ACCEPTED IN 65 TRIES, (AVG 540898.0)
[1, 4, 10, 23, 57, 132, 301, 701, 1654, 3747, 8552, 19532]...: 25418979: ACCEPTED IN 47 TRIES, (AVG 540829.340425532)
[1, 4, 10, 23, 57, 132, 301, 701, 1654, 3747, 8552, 19565]...: 40028139: ACCEPTED IN 74 TRIES, (AVG 540920.7972972973)
[1, 4, 10, 23, 57, 132, 301, 701, 1654, 3747, 8552, 19619]...: 57344781: ACCEPTED IN 106 TRIES, (AVG 540988.5)
[1, 4, 10, 23, 57, 132, 301, 701, 1654, 3747, 8552, 19623]...: 42735693: ACCEPTED IN 79 TRIES, (AVG 540958.1392405063)
[1, 4, 10, 23, 57, 132, 301, 701, 1654, 3747, 8552, 19656]...: 25958970: ACCEPTED IN 48 TRIES, (AVG 540811.875)
[1, 4, 10, 23, 57, 132, 301, 701, 1654, 3747, 8552, 19660]...: 21089944: ACCEPTED IN 39 TRIES, (AVG 540767.7948717949)
[1, 4, 10, 23, 57, 132, 301, 701, 1654, 3747, 8552, 19664]...: 30830493: ACCEPTED IN 57 TRIES, (AVG 540885.8421052631)
[1, 4, 10, 23, 57, 132, 301, 701, 1654, 3747, 8552, 19697]...: 22171097: ACCEPTED IN 41 TRIES, (AVG 540758.4634146341)
[1, 4, 10, 23, 57, 132, 301, 701, 1654, 3747, 8552, 19755]...: 25959459: ACCEPTED IN 48 TRIES, (AVG 540822.0625)
[1, 4, 10, 23, 57, 132, 301, 701, 1654, 3747, 8552, 19788]...: 11347678: ACCEPTED IN 21 TRIES, (AVG 540365.619047619)
[1, 4, 10, 23, 57, 132, 301, 701, 1654, 3747, 8552, 19792]...: 43273960: ACCEPTED IN 80 TRIES, (AVG 540924.5)
[1, 4, 10, 23, 57, 132, 301, 701, 1654, 3747, 8552, 19796]...: 22171826: ACCEPTED IN 41 TRIES, (AVG 540776.243902439)
[1, 4, 10, 23, 57, 132, 301, 701, 1654, 3747, 8552, 19829]...: 14594210: ACCEPTED IN 27 TRIES, (AVG 540526.2962962963)
[1, 4, 10, 23, 57, 132, 301, 701, 1654, 3747, 8552, 19833]...: 23794967: ACCEPTED IN 44 TRIES, (AVG 540794.7045454546)
[1, 4, 10, 23, 57, 132, 301, 701, 1654, 3747, 8552, 19887]...: 17301395: ACCEPTED IN 32 TRIES, (AVG 540668.59375)
[1, 4, 10, 23, 57, 132, 301, 701, 1654, 3747, 8552, 19920]...: 5397482: ACCEPTED IN 10 TRIES, (AVG 539748.2)
[1, 4, 10, 23, 57, 132, 301, 701, 1654, 3747, 8552, 19924]...: 33534770: ACCEPTED IN 62 TRIES, (AVG 540883.3870967742)
[1, 4, 10, 23, 57, 132, 301, 701, 1654, 3747, 8552, 19961]...: 25419369: ACCEPTED IN 47 TRIES, (AVG 540837.6382978724)
[1, 4, 10, 23, 57, 132, 301, 701, 1654, 3747, 8552, 19965]...: 26500965: ACCEPTED IN 49 TRIES, (AVG 540836.0204081633)
[1, 4, 10, 23, 57, 132, 301, 701, 1654, 3747, 8552, 20019]...: 17301938: ACCEPTED IN 32 TRIES, (AVG 540685.5625)
[1, 4, 10, 23, 57, 132, 301, 701, 1654, 3747, 8552, 20048]...: 17300252: ACCEPTED IN 32 TRIES, (AVG 540632.875)
[1, 4, 10, 23, 57, 132, 301, 701, 1654, 3747, 8552, 20056]...: 68710245: ACCEPTED IN 127 TRIES, (AVG 541025.5511811024)
[1, 4, 10, 23, 57, 132, 301, 701, 1654, 3747, 8552, 20060]...: 14596880: ACCEPTED IN 27 TRIES, (AVG 540625.1851851852)
[1, 4, 10, 23, 57, 132, 301, 701, 1654, 3747, 8552, 20093]...: 11349209: ACCEPTED IN 21 TRIES, (AVG 540438.5238095238)
[1, 4, 10, 23, 57, 132, 301, 701, 1654, 3747, 8552, 20097]...: 15137721: ACCEPTED IN 28 TRIES, (AVG 540632.8928571428)
[1, 4, 10, 23, 57, 132, 301, 701, 1654, 3747, 8552, 20134]...: 25960178: ACCEPTED IN 48 TRIES, (AVG 540837.0416666666)
[1, 4, 10, 23, 57, 132, 301, 701, 1654, 3747, 8552, 20180]...: 27040136: ACCEPTED IN 50 TRIES, (AVG 540802.72)
[1, 4, 10, 23, 57, 132, 301, 701, 1654, 3747, 8552, 20188]...: 26501056: ACCEPTED IN 49 TRIES, (AVG 540837.8775510204)
[1, 4, 10, 23, 57, 132, 301, 701, 1654, 3747, 8552, 20192]...: 7562112: ACCEPTED IN 14 TRIES, (AVG 540150.8571428572)
[1, 4, 10, 23, 57, 132, 301, 701, 1654, 3747, 8552, 20225]...: 21089284: ACCEPTED IN 39 TRIES, (AVG 540750.8717948718)
[1, 4, 10, 23, 57, 132, 301, 701, 1654, 3747, 8552, 20229]...: 30286223: ACCEPTED IN 56 TRIES, (AVG 540825.4107142857)
[1, 4, 10, 23, 57, 132, 301, 701, 1654, 3747, 8552, 20266]...: 30830610: ACCEPTED IN 57 TRIES, (AVG 540887.8947368421)
[1, 4, 10, 23, 57, 132, 301, 701, 1654, 3747, 8552, 20312]...: 27583571: ACCEPTED IN 51 TRIES, (AVG 540854.3333333334)
[1, 4, 10, 23, 57, 132, 301, 701, 1654, 3747, 8552, 20320]...: 17843314: ACCEPTED IN 33 TRIES, (AVG 540706.4848484849)
[1, 4, 10, 23, 57, 132, 301, 701, 1654, 3747, 8552, 20324]...: 11888900: ACCEPTED IN 22 TRIES, (AVG 540404.5454545454)
[1, 4, 10, 23, 57, 132, 301, 701, 1654, 3747, 8552, 20349]...: 26501240: ACCEPTED IN 49 TRIES, (AVG 540841.6326530612)
[1, 4, 10, 23, 57, 132, 301, 701, 1654, 3747, 8552, 20357]...: 17301089: ACCEPTED IN 32 TRIES, (AVG 540659.03125)
[1, 4, 10, 23, 57, 132, 301, 701, 1654, 3747, 8552, 20361]...: 18382219: ACCEPTED IN 34 TRIES, (AVG 540653.5)
[1, 4, 10, 23, 57, 132, 301, 701, 1654, 3747, 8552, 20398]...: 37865209: ACCEPTED IN 70 TRIES, (AVG 540931.5571428571)
[1, 4, 10, 23, 57, 132, 301, 701, 1654, 3747, 8552, 20444]...: 9185079: ACCEPTED IN 17 TRIES, (AVG 540298.7647058824)
[1, 4, 10, 23, 57, 132, 301, 701, 1654, 3747, 8552, 20456]...: 25957766: ACCEPTED IN 48 TRIES, (AVG 540786.7916666666)
[1, 4, 10, 23, 57, 132, 301, 701, 1654, 3747, 8552, 20481]...: 34617217: ACCEPTED IN 64 TRIES, (AVG 540894.015625)
[1, 4, 10, 23, 57, 132, 301, 701, 1654, 3747, 8552, 20485]...: 17301557: ACCEPTED IN 32 TRIES, (AVG 540673.65625)
[1, 4, 10, 23, 57, 132, 301, 701, 1654, 3747, 8552, 20489]...: 17300862: ACCEPTED IN 32 TRIES, (AVG 540651.9375)
[1, 4, 10, 23, 57, 132, 301, 701, 1654, 3747, 8552, 20493]...: 13514149: ACCEPTED IN 25 TRIES, (AVG 540565.96)
