[1, 4, 10, 23, 57, 132, 301, 701, 1654, 3747, 8698, 19225]...: 36783184: ACCEPTED IN 68 TRIES, (AVG 540929.1764705882)
[1, 4, 10, 23, 57, 132, 301, 701, 1654, 3747, 8698, 19246]...: 38405828: ACCEPTED IN 71 TRIES, (AVG 540927.1549295775)
[1, 4, 10, 23, 57, 132, 301, 701, 1654, 3747, 8698, 19274]...: 54640271: ACCEPTED IN 101 TRIES, (AVG 540992.7821782178)
[1, 4, 10, 23, 57, 132, 301, 701, 1654, 3747, 8698, 19282]...: 58967367: ACCEPTED IN 109 TRIES, (AVG 540985.0183486239)
[1, 4, 10, 23, 57, 132, 301, 701, 1654, 3747, 8698, 19283]...: 130939576: ACCEPTED IN 242 TRIES, (AVG 541072.6280991735)
[1, 4, 10, 23, 57, 132, 301, 701, 1654, 3747, 8698, 19299]...: 91978388: ACCEPTED IN 170 TRIES, (AVG 541049.3411764706)
[1, 4, 10, 23, 57, 132, 301, 701, 1654, 3747, 8698, 19349]...: 27583110: ACCEPTED IN 51 TRIES, (AVG 540845.2941176471)
[1, 4, 10, 23, 57, 132, 301, 701, 1654, 3747, 8698, 19365]...: 18384310: ACCEPTED IN 34 TRIES, (AVG 540715.0)
[1, 4, 10, 23, 57, 132, 301, 701, 1654, 3747, 8698, 19373]...: 50310984: ACCEPTED IN 93 TRIES, (AVG 540978.3225806452)
[1, 4, 10, 23, 57, 132, 301, 701, 1654, 3747, 8698, 19394]...: 115788936: ACCEPTED IN 214 TRIES, (AVG 541069.7943925234)
[1, 4, 10, 23, 57, 132, 301, 701, 1654, 3747, 8698, 19402]...: 98472568: ACCEPTED IN 182 TRIES, (AVG 541058.065934066)
[1, 4, 10, 23, 57, 132, 301, 701, 1654, 3747, 8698, 19414]...: 111460190: ACCEPTED IN 206 TRIES, (AVG 541068.8834951456)
[1, 4, 10, 23, 57, 132, 301, 701, 1654, 3747, 8698, 19506]...: 94143583: ACCEPTED IN 174 TRIES, (AVG 541055.0747126436)
[1, 4, 10, 23, 57, 132, 301, 701, 1654, 3747, 8698, 19542]...: 56263790: ACCEPTED IN 104 TRIES, (AVG 540997.9807692308)
[1, 4, 10, 23, 57, 132, 301, 701, 1654, 3747, 8698, 19547]...: 28665402: ACCEPTED IN 53 TRIES, (AVG 540856.641509434)
[1, 4, 10, 23, 57, 132, 301, 701, 1654, 3747, 8698, 19551]...: 166656088: ACCEPTED IN 308 TRIES, (AVG 541091.1948051949)
[1, 4, 10, 23, 57, 132, 301, 701, 1654, 3747, 8698, 19575]...: 16761435: ACCEPTED IN 31 TRIES, (AVG 540691.4516129033)
[1, 4, 10, 23, 57, 132, 301, 701, 1654, 3747, 8698, 19596]...: 97930296: ACCEPTED IN 181 TRIES, (AVG 541051.3591160221)
[1, 4, 10, 23, 57, 132, 301, 701, 1654, 3747, 8698, 19600]...: 35697724: ACCEPTED IN 66 TRIES, (AVG 540874.6060606061)
[1, 4, 10, 23, 57, 132, 301, 701, 1654, 3747, 8698, 19605]...: 36240615: ACCEPTED IN 67 TRIES, (AVG 540904.7014925373)
[1, 4, 10, 23, 57, 132, 301, 701, 1654, 3747, 8698, 19617]...: 56263854: ACCEPTED IN 104 TRIES, (AVG 540998.5961538461)
[1, 4, 10, 23, 57, 132, 301, 701, 1654, 3747, 8698, 19625]...: 67627306: ACCEPTED IN 125 TRIES, (AVG 541018.448)
[1, 4, 10, 23, 57, 132, 301, 701, 1654, 3747, 8698, 19670]...: 44358228: ACCEPTED IN 82 TRIES, (AVG 540954.0)
[1, 4, 10, 23, 57, 132, 301, 701, 1654, 3747, 8698, 19674]...: 38405583: ACCEPTED IN 71 TRIES, (AVG 540923.7042253522)
[1, 4, 10, 23, 57, 132, 301, 701, 1654, 3747, 8698, 19695]...: 43815709: ACCEPTED IN 81 TRIES, (AVG 540934.6790123457)
[1, 4, 10, 23, 57, 132, 301, 701, 1654, 3747, 8698, 19720]...: 119035126: ACCEPTED IN 220 TRIES, (AVG 541068.7545454545)
[1, 4, 10, 23, 57, 132, 301, 701, 1654, 3747, 8698, 19724]...: 94684807: ACCEPTED IN 175 TRIES, (AVG 541056.04)
[1, 4, 10, 23, 57, 132, 301, 701, 1654, 3747, 8698, 19728]...: 32994775: ACCEPTED IN 61 TRIES, (AVG 540897.9508196721)
[1, 4, 10, 23, 57, 132, 301, 701, 1654, 3747, 8698, 19732]...: 78450601: ACCEPTED IN 145 TRIES, (AVG 541038.6275862069)
[1, 4, 10, 23, 57, 132, 301, 701, 1654, 3747, 8698, 19778]...: 23795878: ACCEPTED IN 44 TRIES, (AVG 540815.4090909091)
[1, 4, 10, 23, 57, 132, 301, 701, 1654, 3747, 8698, 19790]...: 30830309: ACCEPTED IN 57 TRIES, (AVG 540882.6140350878)
[1, 4, 10, 23, 57, 132, 301, 701, 1654, 3747, 8698, 19798]...: 36782992: ACCEPTED IN 68 TRIES, (AVG 540926.3529411765)
[1, 4, 10, 23, 57, 132, 301, 701, 1654, 3747, 8698, 19803]...: 94143284: ACCEPTED IN 174 TRIES, (AVG 541053.356321839)
[1, 4, 10, 23, 57, 132, 301, 701, 1654, 3747, 8698, 19806]...: 53558182: ACCEPTED IN 99 TRIES, (AVG 540991.7373737374)
[1, 4, 10, 23, 57, 132, 301, 701, 1654, 3747, 8698, 19807]...: 83321071: ACCEPTED IN 154 TRIES, (AVG 541045.9155844155)
[1, 4, 10, 23, 57, 132, 301, 701, 1654, 3747, 8698, 19819]...: 59509441: ACCEPTED IN 110 TRIES, (AVG 540994.9181818182)
[1, 4, 10, 23, 57, 132, 301, 701, 1654, 3747, 8698, 19823]...: 37864902: ACCEPTED IN 70 TRIES, (AVG 540927.1714285715)
[1, 4, 10, 23, 57, 132, 301, 701, 1654, 3747, 8698, 19827]...: 82238810: ACCEPTED IN 152 TRIES, (AVG 541044.802631579)
[1, 4, 10, 23, 57, 132, 301, 701, 1654, 3747, 8698, 19843]...: 88190803: ACCEPTED IN 163 TRIES, (AVG 541047.8711656441)
[1, 4, 10, 23, 57, 132, 301, 701, 1654, 3747, 8698, 19856]...: 16761207: ACCEPTED IN 31 TRIES, (AVG 540684.0967741936)
[1, 4, 10, 23, 57, 132, 301, 701, 1654, 3747, 8698, 19881]...: 27583067: ACCEPTED IN 51 TRIES, (AVG 540844.4509803922)
[1, 4, 10, 23, 57, 132, 301, 701, 1654, 3747, 8698, 19897]...: 19466792: ACCEPTED IN 36 TRIES, (AVG 540744.2222222222)
[1, 4, 10, 23, 57, 132, 301, 701, 1654, 3747, 8698, 19906]...: 88190172: ACCEPTED IN 163 TRIES, (AVG 541044.0)
[1, 4, 10, 23, 57, 132, 301, 701, 1654, 3747, 8698, 19918]...: 86025869: ACCEPTED IN 159 TRIES, (AVG 541043.2012578617)
[1, 4, 10, 23, 57, 132, 301, 701, 1654, 3747, 8698, 19926]...: 77368219: ACCEPTED IN 143 TRIES, (AVG 541036.4965034965)
[1, 4, 10, 23, 57, 132, 301, 701, 1654, 3747, 8698, 19930]...: 37864976: ACCEPTED IN 70 TRIES, (AVG 540928.2285714286)
[1, 4, 10, 23, 57, 132, 301, 701, 1654, 3747, 8698, 19934]...: 17302571: ACCEPTED IN 32 TRIES, (AVG 540705.34375)
[1, 4, 10, 23, 57, 132, 301, 701, 1654, 3747, 8698, 19943]...: 98472610: ACCEPTED IN 182 TRIES, (AVG 541058.2967032967)
[1, 4, 10, 23, 57, 132, 301, 701, 1654, 3747, 8698, 19947]...: 65463580: ACCEPTED IN 121 TRIES, (AVG 541021.3223140496)
[1, 4, 10, 23, 57, 132, 301, 701, 1654, 3747, 8698, 19971]...: 52475162: ACCEPTED IN 97 TRIES, (AVG 540981.0515463918)
[1, 4, 10, 23, 57, 132, 301, 701, 1654, 3747, 8698, 19975]...: 84943828: ACCEPTED IN 157 TRIES, (AVG 541043.4904458598)
[1, 4, 10, 23, 57, 132, 301, 701, 1654, 3747, 8698, 19976]...: 56262638: ACCEPTED IN 104 TRIES, (AVG 540986.9038461539)
[1, 4, 10, 23, 57, 132, 301, 701, 1654, 3747, 8698, 19980]...: 67086746: ACCEPTED IN 124 TRIES, (AVG 541022.1451612903)
[1, 4, 10, 23, 57, 132, 301, 701, 1654, 3747, 8698, 19984]...: 13514515: ACCEPTED IN 25 TRIES, (AVG 540580.6)
[1, 4, 10, 23, 57, 132, 301, 701, 1654, 3747, 8698, 20021]...: 16219964: ACCEPTED IN 30 TRIES, (AVG 540665.4666666667)
[1, 4, 10, 23, 57, 132, 301, 701, 1654, 3747, 8698, 20025]...: 55722463: ACCEPTED IN 103 TRIES, (AVG 540994.786407767)
[1, 4, 10, 23, 57, 132, 301, 701, 1654, 3747, 8698, 20029]...: 12971646: ACCEPTED IN 24 TRIES, (AVG 540485.25)
[1, 4, 10, 23, 57, 132, 301, 701, 1654, 3747, 8698, 20033]...: 93061429: ACCEPTED IN 172 TRIES, (AVG 541054.8197674418)
[1, 4, 10, 23, 57, 132, 301, 701, 1654, 3747, 8698, 20038]...: 88188984: ACCEPTED IN 163 TRIES, (AVG 541036.7116564417)
[1, 4, 10, 23, 57, 132, 301, 701, 1654, 3747, 8698, 20042]...: 221310791: ACCEPTED IN 409 TRIES, (AVG 541102.1784841076)
[1, 4, 10, 23, 57, 132, 301, 701, 1654, 3747, 8698, 20046]...: 86566616: ACCEPTED IN 160 TRIES, (AVG 541041.35)
[1, 4, 10, 23, 57, 132, 301, 701, 1654, 3747, 8698, 20050]...: 38406134: ACCEPTED IN 71 TRIES, (AVG 540931.4647887324)
[1, 4, 10, 23, 57, 132, 301, 701, 1654, 3747, 8698, 20054]...: 34077419: ACCEPTED IN 63 TRIES, (AVG 540911.4126984127)
[1, 4, 10, 23, 57, 132, 301, 701, 1654, 3747, 8698, 20058]...: 92519704: ACCEPTED IN 171 TRIES, (AVG 541050.9005847953)
[1, 4, 10, 23, 57, 132, 301, 701, 1654, 3747, 8698, 20066]...: 88191196: ACCEPTED IN 163 TRIES, (AVG 541050.2822085889)
[1, 4, 10, 23, 57, 132, 301, 701, 1654, 3747, 8698, 20070]...: 67626567: ACCEPTED IN 125 TRIES, (AVG 541012.536)
[1, 4, 10, 23, 57, 132, 301, 701, 1654, 3747, 8698, 20075]...: 60050882: ACCEPTED IN 111 TRIES, (AVG 540998.9369369369)
[1, 4, 10, 23, 57, 132, 301, 701, 1654, 3747, 8698, 20079]...: 55181879: ACCEPTED IN 102 TRIES, (AVG 540998.8137254902)
[1, 4, 10, 23, 57, 132, 301, 701, 1654, 3747, 8698, 20087]...: 43275902: ACCEPTED IN 80 TRIES, (AVG 540948.775)
[1, 4, 10, 23, 57, 132, 301, 701, 1654, 3747, 8698, 20095]...: 11349406: ACCEPTED IN 21 TRIES, (AVG 540447.9047619047)
[1, 4, 10, 23, 57, 132, 301, 701, 1654, 3747, 8698, 20103]...: 52476384: ACCEPTED IN 97 TRIES, (AVG 540993.649484536)
[1, 4, 10, 23, 57, 132, 301, 701, 1654, 3747, 8698, 20104]...: 18382727: ACCEPTED IN 34 TRIES, (AVG 540668.4411764706)
[1, 4, 10, 23, 57, 132, 301, 701, 1654, 3747, 8698, 20107]...: 34077264: ACCEPTED IN 63 TRIES, (AVG 540908.9523809524)
[1, 4, 10, 23, 57, 132, 301, 701, 1654, 3747, 8698, 20112]...: 67086910: ACCEPTED IN 124 TRIES, (AVG 541023.4677419355)
[1, 4, 10, 23, 57, 132, 301, 701, 1654, 3747, 8698, 20116]...: 69792140: ACCEPTED IN 129 TRIES, (AVG 541024.3410852713)
[1, 4, 10, 23, 57, 132, 301, 701, 1654, 3747, 8698, 20124]...: 58427814: ACCEPTED IN 108 TRIES, (AVG 540998.2777777778)
[1, 4, 10, 23, 57, 132, 301, 701, 1654, 3747, 8698, 20137]...: 60591300: ACCEPTED IN 112 TRIES, (AVG 540993.75)
[1, 4, 10, 23, 57, 132, 301, 701, 1654, 3747, 8698, 20144]...: 15678895: ACCEPTED IN 29 TRIES, (AVG 540651.551724138)
[1, 4, 10, 23, 57, 132, 301, 701, 1654, 3747, 8698, 20153]...: 58969251: ACCEPTED IN 109 TRIES, (AVG 541002.3027522935)
[1, 4, 10, 23, 57, 132, 301, 701, 1654, 3747, 8698, 20157]...: 27581539: ACCEPTED IN 51 TRIES, (AVG 540814.4901960784)
[1, 4, 10, 23, 57, 132, 301, 701, 1654, 3747, 8698, 20161]...: 82236675: ACCEPTED IN 152 TRIES, (AVG 541030.7565789474)
[1, 4, 10, 23, 57, 132, 301, 701, 1654, 3747, 8698, 20165]...: 24878034: ACCEPTED IN 46 TRIES, (AVG 540826.8260869565)
[1, 4, 10, 23, 57, 132, 301, 701, 1654, 3747, 8698, 20182]...: 38947764: ACCEPTED IN 72 TRIES, (AVG 540941.1666666666)
[1, 4, 10, 23, 57, 132, 301, 701, 1654, 3747, 8698, 20186]...: 37324048: ACCEPTED IN 69 TRIES, (AVG 540928.231884058)
[1, 4, 10, 23, 57, 132, 301, 701, 1654, 3747, 8698, 20194]...: 43817499: ACCEPTED IN 81 TRIES, (AVG 540956.7777777778)
[1, 4, 10, 23, 57, 132, 301, 701, 1654, 3747, 8698, 20198]...: 53016072: ACCEPTED IN 98 TRIES, (AVG 540980.3265306122)
[1, 4, 10, 23, 57, 132, 301, 701, 1654, 3747, 8698, 20202]...: 15678832: ACCEPTED IN 29 TRIES, (AVG 540649.3793103448)
[1, 4, 10, 23, 57, 132, 301, 701, 1654, 3747, 8698, 20207]...: 58968037: ACCEPTED IN 109 TRIES, (AVG 540991.1651376147)
[1, 4, 10, 23, 57, 132, 301, 701, 1654, 3747, 8698, 20211]...: 94683771: ACCEPTED IN 175 TRIES, (AVG 541050.12)
[1, 4, 10, 23, 57, 132, 301, 701, 1654, 3747, 8698, 20219]...: 13513196: ACCEPTED IN 25 TRIES, (AVG 540527.84)
[1, 4, 10, 23, 57, 132, 301, 701, 1654, 3747, 8698, 20223]...: 31371837: ACCEPTED IN 58 TRIES, (AVG 540893.7413793104)
[1, 4, 10, 23, 57, 132, 301, 701, 1654, 3747, 8698, 20227]...: 27584058: ACCEPTED IN 51 TRIES, (AVG 540863.8823529412)
[1, 4, 10, 23, 57, 132, 301, 701, 1654, 3747, 8698, 20235]...: 17299951: ACCEPTED IN 32 TRIES, (AVG 540623.46875)
[1, 4, 10, 23, 57, 132, 301, 701, 1654, 3747, 8698, 20236]...: 60592121: ACCEPTED IN 112 TRIES, (AVG 541001.0803571428)
[1, 4, 10, 23, 57, 132, 301, 701, 1654, 3747, 8698, 20244]...: 35159240: ACCEPTED IN 65 TRIES, (AVG 540911.3846153846)
[1, 4, 10, 23, 57, 132, 301, 701, 1654, 3747, 8698, 20248]...: 29205620: ACCEPTED IN 54 TRIES, (AVG 540844.8148148148)
[1, 4, 10, 23, 57, 132, 301, 701, 1654, 3747, 8698, 20252]...: 67627959: ACCEPTED IN 125 TRIES, (AVG 541023.672)
[1, 4, 10, 23, 57, 132, 301, 701, 1654, 3747, 8698, 20256]...: 25959963: ACCEPTED IN 48 TRIES, (AVG 540832.5625)
[1, 4, 10, 23, 57, 132, 301, 701, 1654, 3747, 8698, 20273]...: 57345930: ACCEPTED IN 106 TRIES, (AVG 540999.3396226416)
[1, 4, 10, 23, 57, 132, 301, 701, 1654, 3747, 8698, 20276]...: 15678763: ACCEPTED IN 29 TRIES, (AVG 540647.0)
[1, 4, 10, 23, 57, 132, 301, 701, 1654, 3747, 8698, 20277]...: 15677451: ACCEPTED IN 29 TRIES, (AVG 540601.7586206896)
[1, 4, 10, 23, 57, 132, 301, 701, 1654, 3747, 8698, 20281]...: 12972433: ACCEPTED IN 24 TRIES, (AVG 540518.0416666666)
[1, 4, 10, 23, 57, 132, 301, 701, 1654, 3747, 8698, 20285]...: 24877789: ACCEPTED IN 46 TRIES, (AVG 540821.5)
[1, 4, 10, 23, 57, 132, 301, 701, 1654, 3747, 8698, 20289]...: 15136978: ACCEPTED IN 28 TRIES, (AVG 540606.3571428572)
[1, 4, 10, 23, 57, 132, 301, 701, 1654, 3747, 8698, 20293]...: 37865214: ACCEPTED IN 70 TRIES, (AVG 540931.6285714286)
[1, 4, 10, 23, 57, 132, 301, 701, 1654, 3747, 8698, 20306]...: 61134111: ACCEPTED IN 113 TRIES, (AVG 541009.8318584071)
[1, 4, 10, 23, 57, 132, 301, 701, 1654, 3747, 8698, 20310]...: 16761193: ACCEPTED IN 31 TRIES, (AVG 540683.6451612903)
[1, 4, 10, 23, 57, 132, 301, 701, 1654, 3747, 8698, 20318]...: 13514498: ACCEPTED IN 25 TRIES, (AVG 540579.92)
[1, 4, 10, 23, 57, 132, 301, 701, 1654, 3747, 8698, 20322]...: 37864020: ACCEPTED IN 70 TRIES, (AVG 540914.5714285715)
[1, 4, 10, 23, 57, 132, 301, 701, 1654, 3747, 8698, 20326]...: 58965090: ACCEPTED IN 109 TRIES, (AVG 540964.1284403669)
[1, 4, 10, 23, 57, 132, 301, 701, 1654, 3747, 8698, 20330]...: 15678069: ACCEPTED IN 29 TRIES, (AVG 540623.0689655172)
[1, 4, 10, 23, 57, 132, 301, 701, 1654, 3747, 8698, 20334]...: 25960263: ACCEPTED IN 48 TRIES, (AVG 540838.8125)
[1, 4, 10, 23, 57, 132, 301, 701, 1654, 3747, 8698, 20347]...: 93061319: ACCEPTED IN 172 TRIES, (AVG 541054.1802325582)
[1, 4, 10, 23, 57, 132, 301, 701, 1654, 3747, 8698, 20351]...: 30830407: ACCEPTED IN 57 TRIES, (AVG 540884.3333333334)
[1, 4, 10, 23, 57, 132, 301, 701, 1654, 3747, 8698, 20355]...: 37865305: ACCEPTED IN 70 TRIES, (AVG 540932.9285714285)
[1, 4, 10, 23, 57, 132, 301, 701, 1654, 3747, 8698, 20359]...: 67085725: ACCEPTED IN 124 TRIES, (AVG 541013.9112903225)
[1, 4, 10, 23, 57, 132, 301, 701, 1654, 3747, 8698, 20367]...: 17301592: ACCEPTED IN 32 TRIES, (AVG 540674.75)
[1, 4, 10, 23, 57, 132, 301, 701, 1654, 3747, 8698, 20371]...: 48146699: ACCEPTED IN 89 TRIES, (AVG 540974.1460674157)
[1, 4, 10, 23, 57, 132, 301, 701, 1654, 3747, 8698, 20372]...: 27042150: ACCEPTED IN 50 TRIES, (AVG 540843.0)
[1, 4, 10, 23, 57, 132, 301, 701, 1654, 3747, 8698, 20376]...: 16219589: ACCEPTED IN 30 TRIES, (AVG 540652.9666666667)
[1, 4, 10, 23, 57, 132, 301, 701, 1654, 3747, 8698, 20380]...: 13513439: ACCEPTED IN 25 TRIES, (AVG 540537.56)
[1, 4, 10, 23, 57, 132, 301, 701, 1654, 3747, 8698, 20384]...: 13514611: ACCEPTED IN 25 TRIES, (AVG 540584.44)
[1, 4, 10, 23, 57, 132, 301, 701, 1654, 3747, 8698, 20396]...: 13514038: ACCEPTED IN 25 TRIES, (AVG 540561.52)
[1, 4, 10, 23, 57, 132, 301, 701, 1654, 3747, 8698, 20405]...: 30828802: ACCEPTED IN 57 TRIES, (AVG 540856.1754385965)
[1, 4, 10, 23, 57, 132, 301, 701, 1654, 3747, 8698, 20408]...: 25960544: ACCEPTED IN 48 TRIES, (AVG 540844.6666666666)
[1, 4, 10, 23, 57, 132, 301, 701, 1654, 3747, 8698, 20409]...: 29207280: ACCEPTED IN 54 TRIES, (AVG 540875.5555555555)
[1, 4, 10, 23, 57, 132, 301, 701, 1654, 3747, 8698, 20417]...: 57346592: ACCEPTED IN 106 TRIES, (AVG 541005.5849056604)
[1, 4, 10, 23, 57, 132, 301, 701, 1654, 3747, 8698, 20425]...: 77368251: ACCEPTED IN 143 TRIES, (AVG 541036.7202797203)
[1, 4, 10, 23, 57, 132, 301, 701, 1654, 3747, 8698, 20446]...: 35158620: ACCEPTED IN 65 TRIES, (AVG 540901.8461538461)
[1, 4, 10, 23, 57, 132, 301, 701, 1654, 3747, 8698, 20450]...: 23253791: ACCEPTED IN 43 TRIES, (AVG 540785.8372093023)
[1, 4, 10, 23, 57, 132, 301, 701, 1654, 3747, 8698, 20454]...: 39487819: ACCEPTED IN 73 TRIES, (AVG 540929.0273972603)
[1, 4, 10, 23, 57, 132, 301, 701, 1654, 3747, 8698, 20462]...: 91978849: ACCEPTED IN 170 TRIES, (AVG 541052.0529411765)
[1, 4, 10, 23, 57, 132, 301, 701, 1654, 3747, 8698, 20466]...: 28666340: ACCEPTED IN 53 TRIES, (AVG 540874.3396226416)
[1, 4, 10, 23, 57, 132, 301, 701, 1654, 3747, 8698, 20479]...: 17843707: ACCEPTED IN 33 TRIES, (AVG 540718.3939393939)
[1, 4, 10, 23, 57, 132, 301, 701, 1654, 3747, 8698, 20483]...: 87649654: ACCEPTED IN 162 TRIES, (AVG 541047.2469135802)
[1, 4, 10, 23, 57, 132, 301, 701, 1654, 3747, 8698, 20487]...: 65461882: ACCEPTED IN 121 TRIES, (AVG 541007.2892561983)
[1, 4, 10, 23, 57, 132, 301, 701, 1654, 3747, 8698, 20495]...: 38406283: ACCEPTED IN 71 TRIES, (AVG 540933.5633802817)
[1, 4, 10, 23, 57, 132, 301, 701, 1654, 3747, 8698, 20499]...: 92520338: ACCEPTED IN 171 TRIES, (AVG 541054.6081871345)
[1, 4, 10, 23, 57, 132, 301, 701, 1654, 3747, 8698, 20503]...: 36782833: ACCEPTED IN 68 TRIES, (AVG 540924.0147058824)
[1, 4, 10, 23, 57, 132, 301, 701, 1654, 3747, 8698, 20504]...: 39489036: ACCEPTED IN 73 TRIES, (AVG 540945.698630137)
[1, 4, 10, 23, 57, 132, 301, 701, 1654, 3747, 8698, 20508]...: 34076523: ACCEPTED IN 63 TRIES, (AVG 540897.1904761905)
[1, 4, 10, 23, 57, 132, 301, 701, 1654, 3747, 8698, 20512]...: 48147220: ACCEPTED IN 89 TRIES, (AVG 540980.0)
[1, 4, 10, 23, 57, 132, 301, 701, 1654, 3747, 8698, 20516]...: 35700965: ACCEPTED IN 66 TRIES, (AVG 540923.7121212122)
[1, 4, 10, 23, 57, 132, 301, 701, 1654, 3747, 8698, 20520]...: 28123567: ACCEPTED IN 52 TRIES, (AVG 540837.8269230769)
[1, 4, 10, 23, 57, 132, 301, 701, 1654, 3747, 8698, 20528]...: 13514553: ACCEPTED IN 25 TRIES, (AVG 540582.12)
[1, 4, 10, 23, 57, 132, 301, 701, 1654, 3747, 8698, 20537]...: 35699512: ACCEPTED IN 66 TRIES, (AVG 540901.696969697)
[1, 4, 10, 23, 57, 132, 301, 701, 1654, 3747, 8698, 20545]...: 31370426: ACCEPTED IN 58 TRIES, (AVG 540869.4137931034)
[1, 4, 10, 23, 57, 132, 301, 701, 1654, 3747, 8698, 20549]...: 76284615: ACCEPTED IN 141 TRIES, (AVG 541025.6382978724)
[1, 4, 10, 23, 57, 132, 301, 701, 1654, 3747, 8698, 20553]...: 17302040: ACCEPTED IN 32 TRIES, (AVG 540688.75)
[1, 4, 10, 23, 57, 132, 301, 701, 1654, 3747, 8698, 20574]...: 13513896: ACCEPTED IN 25 TRIES, (AVG 540555.84)
[1, 4, 10, 23, 57, 132, 301, 701, 1654, 3747, 8698, 20582]...: 14055556: ACCEPTED IN 26 TRIES, (AVG 540598.3076923077)
[1, 4, 10, 23, 57, 132, 301, 701, 1654, 3747, 8698, 20586]...: 15677769: ACCEPTED IN 29 TRIES, (AVG 540612.724137931)
[1, 4, 10, 23, 57, 132, 301, 701, 1654, 3747, 8698, 20594]...: 25959231: ACCEPTED IN 48 TRIES, (AVG 540817.3125)
[1, 4, 10, 23, 57, 132, 301, 701, 1654, 3747, 8698, 20607]...: 35698162: ACCEPTED IN 66 TRIES, (AVG 540881.2424242424)
[1, 4, 10, 23, 57, 132, 301, 701, 1654, 3747, 8698, 20611]...: 37865030: ACCEPTED IN 70 TRIES, (AVG 540929.0)
[1, 4, 10, 23, 57, 132, 301, 701, 1654, 3747, 8698, 20615]...: 15137402: ACCEPTED IN 28 TRIES, (AVG 540621.5)
[1, 4, 10, 23, 57, 132, 301, 701, 1654, 3747, 8698, 20619]...: 37324511: ACCEPTED IN 69 TRIES, (AVG 540934.9420289855)
[1, 4, 10, 23, 57, 132, 301, 701, 1654, 3747, 8698, 20623]...: 11349128: ACCEPTED IN 21 TRIES, (AVG 540434.6666666666)
[1, 4, 10, 23, 57, 132, 301, 701, 1654, 3747, 8698, 20627]...: 30830235: ACCEPTED IN 57 TRIES, (AVG 540881.3157894737)
[1, 4, 10, 23, 57, 132, 301, 701, 1654, 3747, 8698, 20631]...: 15137907: ACCEPTED IN 28 TRIES, (AVG 540639.5357142857)
[1, 4, 10, 23, 57, 132, 301, 701, 1654, 3747, 8698, 20636]...: 30289434: ACCEPTED IN 56 TRIES, (AVG 540882.75)
[1, 4, 10, 23, 57, 132, 301, 701, 1654, 3747, 8698, 20644]...: 68708837: ACCEPTED IN 127 TRIES, (AVG 541014.4645669291)
[1, 4, 10, 23, 57, 132, 301, 701, 1654, 3747, 8698, 20648]...: 60593176: ACCEPTED IN 112 TRIES, (AVG 541010.5)
[1, 4, 10, 23, 57, 132, 301, 701, 1654, 3747, 8698, 20652]...: 13513055: ACCEPTED IN 25 TRIES, (AVG 540522.2)
[1, 4, 10, 23, 57, 132, 301, 701, 1654, 3747, 8698, 20660]...: 35157795: ACCEPTED IN 65 TRIES, (AVG 540889.1538461539)
[1, 4, 10, 23, 57, 132, 301, 701, 1654, 3747, 8698, 20672]...: 13513727: ACCEPTED IN 25 TRIES, (AVG 540549.08)
[1, 4, 10, 23, 57, 132, 301, 701, 1654, 3747, 8698, 20673]...: 60052267: ACCEPTED IN 111 TRIES, (AVG 541011.4144144144)
[1, 4, 10, 23, 57, 132, 301, 701, 1654, 3747, 8698, 20677]...: 15137778: ACCEPTED IN 28 TRIES, (AVG 540634.9285714285)
[1, 4, 10, 23, 57, 132, 301, 701, 1654, 3747, 8698, 20681]...: 67626290: ACCEPTED IN 125 TRIES, (AVG 541010.32)
[1, 4, 10, 23, 57, 132, 301, 701, 1654, 3747, 8698, 20685]...: 58969128: ACCEPTED IN 109 TRIES, (AVG 541001.1743119266)
[1, 4, 10, 23, 57, 132, 301, 701, 1654, 3747, 8698, 20689]...: 91977957: ACCEPTED IN 170 TRIES, (AVG 541046.805882353)
[1, 4, 10, 23, 57, 132, 301, 701, 1654, 3747, 8698, 20706]...: 56263325: ACCEPTED IN 104 TRIES, (AVG 540993.5096153846)
[1, 4, 10, 23, 57, 132, 301, 701, 1654, 3747, 8698, 20726]...: 60051000: ACCEPTED IN 111 TRIES, (AVG 541000.0)
[1, 4, 10, 23, 57, 132, 301, 701, 1654, 3747, 8698, 20739]...: 99554748: ACCEPTED IN 184 TRIES, (AVG 541058.4130434783)
[1, 4, 10, 23, 57, 132, 301, 701, 1654, 3747, 8698, 20747]...: 35700974: ACCEPTED IN 66 TRIES, (AVG 540923.8484848485)
[1, 4, 10, 23, 57, 132, 301, 701, 1654, 3747, 8698, 20751]...: 25958741: ACCEPTED IN 48 TRIES, (AVG 540807.1041666666)
[1, 4, 10, 23, 57, 132, 301, 701, 1654, 3747, 8698, 20755]...: 29747195: ACCEPTED IN 55 TRIES, (AVG 540858.0909090909)
[1, 4, 10, 23, 57, 132, 301, 701, 1654, 3747, 8698, 20763]...: 60051604: ACCEPTED IN 111 TRIES, (AVG 541005.4414414414)
[1, 4, 10, 23, 57, 132, 301, 701, 1654, 3747, 8698, 20767]...: 56804240: ACCEPTED IN 105 TRIES, (AVG 540992.7619047619)
[1, 4, 10, 23, 57, 132, 301, 701, 1654, 3747, 8698, 20776]...: 17301261: ACCEPTED IN 32 TRIES, (AVG 540664.40625)
[1, 4, 10, 23, 57, 132, 301, 701, 1654, 3747, 8698, 20780]...: 15136836: ACCEPTED IN 28 TRIES, (AVG 540601.2857142857)
[1, 4, 10, 23, 57, 132, 301, 701, 1654, 3747, 8698, 20784]...: 31370913: ACCEPTED IN 58 TRIES, (AVG 540877.8103448276)
[1, 4, 10, 23, 57, 132, 301, 701, 1654, 3747, 8698, 20796]...: 58969054: ACCEPTED IN 109 TRIES, (AVG 541000.495412844)
[1, 4, 10, 23, 57, 132, 301, 701, 1654, 3747, 8698, 20804]...: 11349899: ACCEPTED IN 21 TRIES, (AVG 540471.380952381)
[1, 4, 10, 23, 57, 132, 301, 701, 1654, 3747, 8698, 20805]...: 13513655: ACCEPTED IN 25 TRIES, (AVG 540546.2)
[1, 4, 10, 23, 57, 132, 301, 701, 1654, 3747, 8698, 20813]...: 34617671: ACCEPTED IN 64 TRIES, (AVG 540901.109375)
[1, 4, 10, 23, 57, 132, 301, 701, 1654, 3747, 8698, 20817]...: 91438144: ACCEPTED IN 169 TRIES, (AVG 541054.1065088757)
[1, 4, 10, 23, 57, 132, 301, 701, 1654, 3747, 8698, 20821]...: 13514194: ACCEPTED IN 25 TRIES, (AVG 540567.76)
[1, 4, 10, 23, 57, 132, 301, 701, 1654, 3747, 8698, 20846]...: 60051960: ACCEPTED IN 111 TRIES, (AVG 541008.6486486486)
[1, 4, 10, 23, 57, 132, 301, 701, 1654, 3747, 8698, 20850]...: 54639343: ACCEPTED IN 101 TRIES, (AVG 540983.594059406)
[1, 4, 10, 23, 57, 132, 301, 701, 1654, 3747, 8698, 20854]...: 18384376: ACCEPTED IN 34 TRIES, (AVG 540716.9411764706)
[1, 4, 10, 23, 57, 132, 301, 701, 1654, 3747, 8698, 20858]...: 33536207: ACCEPTED IN 62 TRIES, (AVG 540906.5645161291)
[1, 4, 10, 23, 57, 132, 301, 701, 1654, 3747, 8698, 20875]...: 11890714: ACCEPTED IN 22 TRIES, (AVG 540487.0)
