[1, 4, 10, 23, 57, 132, 301, 701, 1654, 3868, 9278, 20411]...: 34616162: ACCEPTED IN 64 TRIES, (AVG 540877.53125)
[1, 4, 10, 23, 57, 132, 301, 701, 1654, 3868, 9278, 20442]...: 5396170: ACCEPTED IN 10 TRIES, (AVG 539617.0)
[1, 4, 10, 23, 57, 132, 301, 701, 1654, 3868, 9278, 20448]...: 8102229: ACCEPTED IN 15 TRIES, (AVG 540148.6)
[1, 4, 10, 23, 57, 132, 301, 701, 1654, 3868, 9278, 20452]...: 36241221: ACCEPTED IN 67 TRIES, (AVG 540913.7462686567)
[1, 4, 10, 23, 57, 132, 301, 701, 1654, 3868, 9278, 20489]...: 32992486: ACCEPTED IN 61 TRIES, (AVG 540860.4262295082)
[1, 4, 10, 23, 57, 132, 301, 701, 1654, 3868, 9278, 20506]...: 23795925: ACCEPTED IN 44 TRIES, (AVG 540816.4772727273)
[1, 4, 10, 23, 57, 132, 301, 701, 1654, 3868, 9278, 20543]...: 13514384: ACCEPTED IN 25 TRIES, (AVG 540575.36)
[1, 4, 10, 23, 57, 132, 301, 701, 1654, 3868, 9278, 20547]...: 5395197: ACCEPTED IN 10 TRIES, (AVG 539519.7)
[1, 4, 10, 23, 57, 132, 301, 701, 1654, 3868, 9278, 20574]...: 49229241: ACCEPTED IN 91 TRIES, (AVG 540980.6703296703)
[1, 4, 10, 23, 57, 132, 301, 701, 1654, 3868, 9278, 20580]...: 7020272: ACCEPTED IN 13 TRIES, (AVG 540020.9230769231)
[1, 4, 10, 23, 57, 132, 301, 701, 1654, 3868, 9278, 20584]...: 29748501: ACCEPTED IN 55 TRIES, (AVG 540881.8363636363)
[1, 4, 10, 23, 57, 132, 301, 701, 1654, 3868, 9278, 20621]...: 5395433: ACCEPTED IN 10 TRIES, (AVG 539543.3)
[1, 4, 10, 23, 57, 132, 301, 701, 1654, 3868, 9278, 20638]...: 32993226: ACCEPTED IN 61 TRIES, (AVG 540872.5573770492)
[1, 4, 10, 23, 57, 132, 301, 701, 1654, 3868, 9278, 20658]...: 40570506: ACCEPTED IN 75 TRIES, (AVG 540940.08)
[1, 4, 10, 23, 57, 132, 301, 701, 1654, 3868, 9278, 20675]...: 20548717: ACCEPTED IN 38 TRIES, (AVG 540755.7105263158)
[1, 4, 10, 23, 57, 132, 301, 701, 1654, 3868, 9278, 20679]...: 33534808: ACCEPTED IN 62 TRIES, (AVG 540884.0)
[1, 4, 10, 23, 57, 132, 301, 701, 1654, 3868, 9278, 20712]...: 35701075: ACCEPTED IN 66 TRIES, (AVG 540925.3787878788)
[1, 4, 10, 23, 57, 132, 301, 701, 1654, 3868, 9278, 20716]...: 20547854: ACCEPTED IN 38 TRIES, (AVG 540733.0)
[1, 4, 10, 23, 57, 132, 301, 701, 1654, 3868, 9278, 20749]...: 18381438: ACCEPTED IN 34 TRIES, (AVG 540630.5294117647)
[1, 4, 10, 23, 57, 132, 301, 701, 1654, 3868, 9278, 20753]...: 20006921: ACCEPTED IN 37 TRIES, (AVG 540727.5945945946)
[1, 4, 10, 23, 57, 132, 301, 701, 1654, 3868, 9278, 20790]...: 10807915: ACCEPTED IN 20 TRIES, (AVG 540395.75)
[1, 4, 10, 23, 57, 132, 301, 701, 1654, 3868, 9278, 20807]...: 20007074: ACCEPTED IN 37 TRIES, (AVG 540731.7297297297)
[1, 4, 10, 23, 57, 132, 301, 701, 1654, 3868, 9278, 20844]...: 10267535: ACCEPTED IN 19 TRIES, (AVG 540396.5789473684)
[1, 4, 10, 23, 57, 132, 301, 701, 1654, 3868, 9278, 20848]...: 12429580: ACCEPTED IN 23 TRIES, (AVG 540416.5217391305)
[1, 4, 10, 23, 57, 132, 301, 701, 1654, 3868, 9278, 20881]...: 5938460: ACCEPTED IN 11 TRIES, (AVG 539860.0)
[1, 4, 10, 23, 57, 132, 301, 701, 1654, 3868, 9278, 20885]...: 8100925: ACCEPTED IN 15 TRIES, (AVG 540061.6666666666)
[1, 4, 10, 23, 57, 132, 301, 701, 1654, 3868, 9278, 20922]...: 6477210: ACCEPTED IN 12 TRIES, (AVG 539767.5)
[1, 4, 10, 23, 57, 132, 301, 701, 1654, 3868, 9278, 20939]...: 23795942: ACCEPTED IN 44 TRIES, (AVG 540816.8636363636)
[1, 4, 10, 23, 57, 132, 301, 701, 1654, 3868, 9278, 20976]...: 5397468: ACCEPTED IN 10 TRIES, (AVG 539746.8)
[1, 4, 10, 23, 57, 132, 301, 701, 1654, 3868, 9278, 20980]...: 20007031: ACCEPTED IN 37 TRIES, (AVG 540730.5675675676)
[1, 4, 10, 23, 57, 132, 301, 701, 1654, 3868, 9278, 21013]...: 36242049: ACCEPTED IN 67 TRIES, (AVG 540926.104477612)
[1, 4, 10, 23, 57, 132, 301, 701, 1654, 3868, 9278, 21017]...: 5396671: ACCEPTED IN 10 TRIES, (AVG 539667.1)
[1, 4, 10, 23, 57, 132, 301, 701, 1654, 3868, 9278, 21054]...: 12431536: ACCEPTED IN 23 TRIES, (AVG 540501.5652173914)
[1, 4, 10, 23, 57, 132, 301, 701, 1654, 3868, 9278, 21071]...: 18924622: ACCEPTED IN 35 TRIES, (AVG 540703.4857142858)
[1, 4, 10, 23, 57, 132, 301, 701, 1654, 3868, 9278, 21108]...: 8102978: ACCEPTED IN 15 TRIES, (AVG 540198.5333333333)
[1, 4, 10, 23, 57, 132, 301, 701, 1654, 3868, 9278, 21145]...: 19464656: ACCEPTED IN 36 TRIES, (AVG 540684.8888888889)
[1, 4, 10, 23, 57, 132, 301, 701, 1654, 3868, 9278, 21149]...: 30289332: ACCEPTED IN 56 TRIES, (AVG 540880.9285714285)
[1, 4, 10, 23, 57, 132, 301, 701, 1654, 3868, 9278, 21186]...: 29747708: ACCEPTED IN 55 TRIES, (AVG 540867.4181818182)
[1, 4, 10, 23, 57, 132, 301, 701, 1654, 3868, 9278, 21240]...: 9725539: ACCEPTED IN 18 TRIES, (AVG 540307.7222222222)
[1, 4, 10, 23, 57, 132, 301, 701, 1654, 3868, 9278, 21277]...: 8102004: ACCEPTED IN 15 TRIES, (AVG 540133.6)
[1, 4, 10, 23, 57, 132, 301, 701, 1654, 3868, 9278, 21281]...: 7561246: ACCEPTED IN 14 TRIES, (AVG 540089.0)
[1, 4, 10, 23, 57, 132, 301, 701, 1654, 3868, 9278, 21318]...: 6478601: ACCEPTED IN 12 TRIES, (AVG 539883.4166666666)
[1, 4, 10, 23, 57, 132, 301, 701, 1654, 3868, 9278, 21372]...: 32993818: ACCEPTED IN 61 TRIES, (AVG 540882.262295082)
[1, 4, 10, 23, 57, 132, 301, 701, 1654, 3868, 9278, 21409]...: 5938586: ACCEPTED IN 11 TRIES, (AVG 539871.4545454546)
[1, 4, 10, 23, 57, 132, 301, 701, 1654, 3868, 9278, 21450]...: 4855876: ACCEPTED IN 9 TRIES, (AVG 539541.7777777778)
[1, 4, 10, 23, 57, 132, 301, 701, 1654, 3868, 9278, 21500]...: 17302157: ACCEPTED IN 32 TRIES, (AVG 540692.40625)
[1, 4, 10, 23, 57, 132, 301, 701, 1654, 3868, 9278, 21541]...: 12972435: ACCEPTED IN 24 TRIES, (AVG 540518.125)
[1, 4, 10, 23, 57, 132, 301, 701, 1654, 3868, 9278, 21582]...: 4314629: ACCEPTED IN 8 TRIES, (AVG 539328.625)
[1, 4, 10, 23, 57, 132, 301, 701, 1654, 3868, 9278, 21632]...: 18384742: ACCEPTED IN 34 TRIES, (AVG 540727.7058823529)
[1, 4, 10, 23, 57, 132, 301, 701, 1654, 3868, 9278, 21673]...: 6475423: ACCEPTED IN 12 TRIES, (AVG 539618.5833333334)
[1, 4, 10, 23, 57, 132, 301, 701, 1654, 3868, 9278, 21710]...: 31911176: ACCEPTED IN 59 TRIES, (AVG 540867.3898305085)
[1, 4, 10, 23, 57, 132, 301, 701, 1654, 3868, 9278, 21764]...: 2690837: ACCEPTED IN 5 TRIES, (AVG 538167.4)
[1, 4, 10, 23, 57, 132, 301, 701, 1654, 3868, 9278, 21801]...: 5396805: ACCEPTED IN 10 TRIES, (AVG 539680.5)
[1, 4, 10, 23, 57, 132, 301, 701, 1654, 3868, 9278, 21805]...: 14053352: ACCEPTED IN 26 TRIES, (AVG 540513.5384615385)
[1, 4, 10, 23, 57, 132, 301, 701, 1654, 3868, 9278, 21842]...: 8103246: ACCEPTED IN 15 TRIES, (AVG 540216.4)
[1, 4, 10, 23, 57, 132, 301, 701, 1654, 3868, 9278, 21896]...: 12432057: ACCEPTED IN 23 TRIES, (AVG 540524.2173913043)
[1, 4, 10, 23, 57, 132, 301, 701, 1654, 3868, 9278, 21933]...: 7561825: ACCEPTED IN 14 TRIES, (AVG 540130.3571428572)
[1, 4, 10, 23, 57, 132, 301, 701, 1654, 3868, 9278, 21937]...: 3773292: ACCEPTED IN 7 TRIES, (AVG 539041.7142857143)
[1, 4, 10, 23, 57, 132, 301, 701, 1654, 3868, 9278, 21974]...: 8102410: ACCEPTED IN 15 TRIES, (AVG 540160.6666666666)
[1, 4, 10, 23, 57, 132, 301, 701, 1654, 3868, 9278, 22011]...: 5397020: ACCEPTED IN 10 TRIES, (AVG 539702.0)
[1, 4, 10, 23, 57, 132, 301, 701, 1654, 3868, 9278, 22028]...: 6477612: ACCEPTED IN 12 TRIES, (AVG 539801.0)
[1, 4, 10, 23, 57, 132, 301, 701, 1654, 3868, 9278, 22065]...: 5396781: ACCEPTED IN 10 TRIES, (AVG 539678.1)
[1, 4, 10, 23, 57, 132, 301, 701, 1654, 3868, 9278, 22069]...: 7561792: ACCEPTED IN 14 TRIES, (AVG 540128.0)
[1, 4, 10, 23, 57, 132, 301, 701, 1654, 3868, 9278, 22102]...: 5397130: ACCEPTED IN 10 TRIES, (AVG 539713.0)
[1, 4, 10, 23, 57, 132, 301, 701, 1654, 3868, 9278, 22106]...: 8103201: ACCEPTED IN 15 TRIES, (AVG 540213.4)
[1, 4, 10, 23, 57, 132, 301, 701, 1654, 3868, 9278, 22143]...: 7019763: ACCEPTED IN 13 TRIES, (AVG 539981.7692307692)
[1, 4, 10, 23, 57, 132, 301, 701, 1654, 3868, 9278, 22160]...: 7561578: ACCEPTED IN 14 TRIES, (AVG 540112.7142857143)
[1, 4, 10, 23, 57, 132, 301, 701, 1654, 3868, 9278, 22197]...: 5397569: ACCEPTED IN 10 TRIES, (AVG 539756.9)
[1, 4, 10, 23, 57, 132, 301, 701, 1654, 3868, 9278, 22201]...: 5395494: ACCEPTED IN 10 TRIES, (AVG 539549.4)
[1, 4, 10, 23, 57, 132, 301, 701, 1654, 3868, 9278, 22234]...: 10808245: ACCEPTED IN 20 TRIES, (AVG 540412.25)
[1, 4, 10, 23, 57, 132, 301, 701, 1654, 3868, 9278, 22238]...: 6478587: ACCEPTED IN 12 TRIES, (AVG 539882.25)
