[1, 4, 10, 23, 57, 132, 301, 701, 1654, 3868, 9108, 20062]...: 45982528: ACCEPTED IN 85 TRIES, (AVG 540970.9176470588)
[1, 4, 10, 23, 57, 132, 301, 701, 1654, 3868, 9108, 20070]...: 31371509: ACCEPTED IN 58 TRIES, (AVG 540888.0862068966)
[1, 4, 10, 23, 57, 132, 301, 701, 1654, 3868, 9108, 20071]...: 18924198: ACCEPTED IN 35 TRIES, (AVG 540691.3714285714)
[1, 4, 10, 23, 57, 132, 301, 701, 1654, 3868, 9108, 20194]...: 42192821: ACCEPTED IN 78 TRIES, (AVG 540933.6025641026)
[1, 4, 10, 23, 57, 132, 301, 701, 1654, 3868, 9108, 20198]...: 31371594: ACCEPTED IN 58 TRIES, (AVG 540889.551724138)
[1, 4, 10, 23, 57, 132, 301, 701, 1654, 3868, 9108, 20231]...: 200205211: ACCEPTED IN 370 TRIES, (AVG 541095.1648648649)
[1, 4, 10, 23, 57, 132, 301, 701, 1654, 3868, 9108, 20243]...: 74120929: ACCEPTED IN 137 TRIES, (AVG 541028.6788321168)
[1, 4, 10, 23, 57, 132, 301, 701, 1654, 3868, 9108, 20280]...: 122282405: ACCEPTED IN 226 TRIES, (AVG 541072.5884955752)
[1, 4, 10, 23, 57, 132, 301, 701, 1654, 3868, 9108, 20322]...: 51393692: ACCEPTED IN 95 TRIES, (AVG 540986.2315789474)
[1, 4, 10, 23, 57, 132, 301, 701, 1654, 3868, 9108, 20330]...: 108212490: ACCEPTED IN 200 TRIES, (AVG 541062.45)
[1, 4, 10, 23, 57, 132, 301, 701, 1654, 3868, 9108, 20334]...: 34617718: ACCEPTED IN 64 TRIES, (AVG 540901.84375)
[1, 4, 10, 23, 57, 132, 301, 701, 1654, 3868, 9108, 20335]...: 107670891: ACCEPTED IN 199 TRIES, (AVG 541059.7537688442)
[1, 4, 10, 23, 57, 132, 301, 701, 1654, 3868, 9108, 20375]...: 14055707: ACCEPTED IN 26 TRIES, (AVG 540604.1153846154)
[1, 4, 10, 23, 57, 132, 301, 701, 1654, 3868, 9108, 20412]...: 33535100: ACCEPTED IN 62 TRIES, (AVG 540888.7096774194)
[1, 4, 10, 23, 57, 132, 301, 701, 1654, 3868, 9108, 20462]...: 17302131: ACCEPTED IN 32 TRIES, (AVG 540691.59375)
[1, 4, 10, 23, 57, 132, 301, 701, 1654, 3868, 9108, 20466]...: 31911816: ACCEPTED IN 59 TRIES, (AVG 540878.2372881356)
[1, 4, 10, 23, 57, 132, 301, 701, 1654, 3868, 9108, 20467]...: 88190605: ACCEPTED IN 163 TRIES, (AVG 541046.6564417178)
[1, 4, 10, 23, 57, 132, 301, 701, 1654, 3868, 9108, 20471]...: 31910155: ACCEPTED IN 59 TRIES, (AVG 540850.0847457628)
[1, 4, 10, 23, 57, 132, 301, 701, 1654, 3868, 9108, 20495]...: 69251320: ACCEPTED IN 128 TRIES, (AVG 541025.9375)
[1, 4, 10, 23, 57, 132, 301, 701, 1654, 3868, 9108, 20503]...: 34618822: ACCEPTED IN 64 TRIES, (AVG 540919.09375)
[1, 4, 10, 23, 57, 132, 301, 701, 1654, 3868, 9108, 20507]...: 31910580: ACCEPTED IN 59 TRIES, (AVG 540857.2881355932)
[1, 4, 10, 23, 57, 132, 301, 701, 1654, 3868, 9108, 20532]...: 51393705: ACCEPTED IN 95 TRIES, (AVG 540986.3684210526)
[1, 4, 10, 23, 57, 132, 301, 701, 1654, 3868, 9108, 20586]...: 32995294: ACCEPTED IN 61 TRIES, (AVG 540906.4590163934)
[1, 4, 10, 23, 57, 132, 301, 701, 1654, 3868, 9108, 20594]...: 22170609: ACCEPTED IN 41 TRIES, (AVG 540746.5609756098)
[1, 4, 10, 23, 57, 132, 301, 701, 1654, 3868, 9108, 20599]...: 94141100: ACCEPTED IN 174 TRIES, (AVG 541040.8045977012)
[1, 4, 10, 23, 57, 132, 301, 701, 1654, 3868, 9108, 20603]...: 40029015: ACCEPTED IN 74 TRIES, (AVG 540932.6351351351)
[1, 4, 10, 23, 57, 132, 301, 701, 1654, 3868, 9108, 20623]...: 39489134: ACCEPTED IN 73 TRIES, (AVG 540947.0410958905)
[1, 4, 10, 23, 57, 132, 301, 701, 1654, 3868, 9108, 20631]...: 16220169: ACCEPTED IN 30 TRIES, (AVG 540672.3)
[1, 4, 10, 23, 57, 132, 301, 701, 1654, 3868, 9108, 20635]...: 22172494: ACCEPTED IN 41 TRIES, (AVG 540792.5365853659)
[1, 4, 10, 23, 57, 132, 301, 701, 1654, 3868, 9108, 20636]...: 36782726: ACCEPTED IN 68 TRIES, (AVG 540922.4411764706)
[1, 4, 10, 23, 57, 132, 301, 701, 1654, 3868, 9108, 20639]...: 14595378: ACCEPTED IN 27 TRIES, (AVG 540569.5555555555)
[1, 4, 10, 23, 57, 132, 301, 701, 1654, 3868, 9108, 20664]...: 14054847: ACCEPTED IN 26 TRIES, (AVG 540571.0384615385)
[1, 4, 10, 23, 57, 132, 301, 701, 1654, 3868, 9108, 20673]...: 34077006: ACCEPTED IN 63 TRIES, (AVG 540904.8571428572)
[1, 4, 10, 23, 57, 132, 301, 701, 1654, 3868, 9108, 20676]...: 34077511: ACCEPTED IN 63 TRIES, (AVG 540912.873015873)
[1, 4, 10, 23, 57, 132, 301, 701, 1654, 3868, 9108, 20718]...: 90895778: ACCEPTED IN 168 TRIES, (AVG 541046.2976190476)
[1, 4, 10, 23, 57, 132, 301, 701, 1654, 3868, 9108, 20730]...: 42194437: ACCEPTED IN 78 TRIES, (AVG 540954.3205128205)
[1, 4, 10, 23, 57, 132, 301, 701, 1654, 3868, 9108, 20735]...: 85485375: ACCEPTED IN 158 TRIES, (AVG 541046.6772151899)
[1, 4, 10, 23, 57, 132, 301, 701, 1654, 3868, 9108, 20759]...: 22170847: ACCEPTED IN 41 TRIES, (AVG 540752.3658536585)
[1, 4, 10, 23, 57, 132, 301, 701, 1654, 3868, 9108, 20763]...: 31910649: ACCEPTED IN 59 TRIES, (AVG 540858.4576271187)
[1, 4, 10, 23, 57, 132, 301, 701, 1654, 3868, 9108, 20772]...: 37865467: ACCEPTED IN 70 TRIES, (AVG 540935.2428571428)
[1, 4, 10, 23, 57, 132, 301, 701, 1654, 3868, 9108, 20776]...: 18384658: ACCEPTED IN 34 TRIES, (AVG 540725.2352941176)
[1, 4, 10, 23, 57, 132, 301, 701, 1654, 3868, 9108, 20796]...: 33536523: ACCEPTED IN 62 TRIES, (AVG 540911.6612903225)
[1, 4, 10, 23, 57, 132, 301, 701, 1654, 3868, 9108, 20800]...: 47605222: ACCEPTED IN 88 TRIES, (AVG 540968.4318181818)
[1, 4, 10, 23, 57, 132, 301, 701, 1654, 3868, 9108, 20805]...: 38405473: ACCEPTED IN 71 TRIES, (AVG 540922.1549295775)
[1, 4, 10, 23, 57, 132, 301, 701, 1654, 3868, 9108, 20808]...: 19467073: ACCEPTED IN 36 TRIES, (AVG 540752.0277777778)
[1, 4, 10, 23, 57, 132, 301, 701, 1654, 3868, 9108, 20850]...: 23795198: ACCEPTED IN 44 TRIES, (AVG 540799.9545454546)
[1, 4, 10, 23, 57, 132, 301, 701, 1654, 3868, 9108, 20862]...: 15137595: ACCEPTED IN 28 TRIES, (AVG 540628.3928571428)
[1, 4, 10, 23, 57, 132, 301, 701, 1654, 3868, 9108, 20867]...: 35158941: ACCEPTED IN 65 TRIES, (AVG 540906.7846153846)
[1, 4, 10, 23, 57, 132, 301, 701, 1654, 3868, 9108, 20887]...: 20549035: ACCEPTED IN 38 TRIES, (AVG 540764.0789473684)
[1, 4, 10, 23, 57, 132, 301, 701, 1654, 3868, 9108, 20895]...: 34076775: ACCEPTED IN 63 TRIES, (AVG 540901.1904761905)
[1, 4, 10, 23, 57, 132, 301, 701, 1654, 3868, 9108, 20899]...: 105506545: ACCEPTED IN 195 TRIES, (AVG 541059.2051282051)
[1, 4, 10, 23, 57, 132, 301, 701, 1654, 3868, 9108, 20900]...: 47064999: ACCEPTED IN 87 TRIES, (AVG 540977.0)
[1, 4, 10, 23, 57, 132, 301, 701, 1654, 3868, 9108, 20904]...: 35700163: ACCEPTED IN 66 TRIES, (AVG 540911.5606060605)
[1, 4, 10, 23, 57, 132, 301, 701, 1654, 3868, 9108, 20928]...: 32995330: ACCEPTED IN 61 TRIES, (AVG 540907.0491803279)
[1, 4, 10, 23, 57, 132, 301, 701, 1654, 3868, 9108, 20932]...: 82779945: ACCEPTED IN 153 TRIES, (AVG 541045.3921568628)
[1, 4, 10, 23, 57, 132, 301, 701, 1654, 3868, 9108, 20937]...: 31913048: ACCEPTED IN 59 TRIES, (AVG 540899.1186440678)
[1, 4, 10, 23, 57, 132, 301, 701, 1654, 3868, 9108, 20940]...: 23792564: ACCEPTED IN 44 TRIES, (AVG 540740.0909090909)
[1, 4, 10, 23, 57, 132, 301, 701, 1654, 3868, 9108, 20974]...: 92520295: ACCEPTED IN 171 TRIES, (AVG 541054.3567251462)
[1, 4, 10, 23, 57, 132, 301, 701, 1654, 3868, 9108, 20982]...: 21631464: ACCEPTED IN 40 TRIES, (AVG 540786.6)
[1, 4, 10, 23, 57, 132, 301, 701, 1654, 3868, 9108, 20999]...: 21089999: ACCEPTED IN 39 TRIES, (AVG 540769.2051282051)
[1, 4, 10, 23, 57, 132, 301, 701, 1654, 3868, 9108, 21019]...: 29746969: ACCEPTED IN 55 TRIES, (AVG 540853.9818181818)
[1, 4, 10, 23, 57, 132, 301, 701, 1654, 3868, 9108, 21023]...: 119575763: ACCEPTED IN 221 TRIES, (AVG 541066.8009049774)
[1, 4, 10, 23, 57, 132, 301, 701, 1654, 3868, 9108, 21031]...: 39488118: ACCEPTED IN 73 TRIES, (AVG 540933.1232876712)
[1, 4, 10, 23, 57, 132, 301, 701, 1654, 3868, 9108, 21032]...: 43274148: ACCEPTED IN 80 TRIES, (AVG 540926.85)
[1, 4, 10, 23, 57, 132, 301, 701, 1654, 3868, 9108, 21036]...: 22171378: ACCEPTED IN 41 TRIES, (AVG 540765.3170731707)
[1, 4, 10, 23, 57, 132, 301, 701, 1654, 3868, 9108, 21060]...: 31912533: ACCEPTED IN 59 TRIES, (AVG 540890.3898305085)
[1, 4, 10, 23, 57, 132, 301, 701, 1654, 3868, 9108, 21069]...: 31372024: ACCEPTED IN 58 TRIES, (AVG 540896.9655172414)
[1, 4, 10, 23, 57, 132, 301, 701, 1654, 3868, 9108, 21072]...: 45981128: ACCEPTED IN 85 TRIES, (AVG 540954.4470588235)
[1, 4, 10, 23, 57, 132, 301, 701, 1654, 3868, 9108, 21073]...: 21090333: ACCEPTED IN 39 TRIES, (AVG 540777.7692307692)
[1, 4, 10, 23, 57, 132, 301, 701, 1654, 3868, 9108, 21077]...: 69790424: ACCEPTED IN 129 TRIES, (AVG 541011.0387596899)
[1, 4, 10, 23, 57, 132, 301, 701, 1654, 3868, 9108, 21106]...: 84400548: ACCEPTED IN 156 TRIES, (AVG 541029.1538461539)
[1, 4, 10, 23, 57, 132, 301, 701, 1654, 3868, 9108, 21114]...: 20549363: ACCEPTED IN 38 TRIES, (AVG 540772.7105263158)
[1, 4, 10, 23, 57, 132, 301, 701, 1654, 3868, 9108, 21151]...: 34616393: ACCEPTED IN 64 TRIES, (AVG 540881.140625)
[1, 4, 10, 23, 57, 132, 301, 701, 1654, 3868, 9108, 21155]...: 33536028: ACCEPTED IN 62 TRIES, (AVG 540903.6774193548)
[1, 4, 10, 23, 57, 132, 301, 701, 1654, 3868, 9108, 21160]...: 24877461: ACCEPTED IN 46 TRIES, (AVG 540814.3695652174)
[1, 4, 10, 23, 57, 132, 301, 701, 1654, 3868, 9108, 21163]...: 13513977: ACCEPTED IN 25 TRIES, (AVG 540559.08)
[1, 4, 10, 23, 57, 132, 301, 701, 1654, 3868, 9108, 21168]...: 82238759: ACCEPTED IN 152 TRIES, (AVG 541044.4671052631)
[1, 4, 10, 23, 57, 132, 301, 701, 1654, 3868, 9108, 21172]...: 68709984: ACCEPTED IN 127 TRIES, (AVG 541023.4960629921)
[1, 4, 10, 23, 57, 132, 301, 701, 1654, 3868, 9108, 21192]...: 91437979: ACCEPTED IN 169 TRIES, (AVG 541053.1301775147)
[1, 4, 10, 23, 57, 132, 301, 701, 1654, 3868, 9108, 21196]...: 30289011: ACCEPTED IN 56 TRIES, (AVG 540875.1964285715)
[1, 4, 10, 23, 57, 132, 301, 701, 1654, 3868, 9108, 21200]...: 34618363: ACCEPTED IN 64 TRIES, (AVG 540911.921875)
[1, 4, 10, 23, 57, 132, 301, 701, 1654, 3868, 9108, 21201]...: 18925541: ACCEPTED IN 35 TRIES, (AVG 540729.7428571428)
[1, 4, 10, 23, 57, 132, 301, 701, 1654, 3868, 9108, 21205]...: 39488571: ACCEPTED IN 73 TRIES, (AVG 540939.3287671233)
[1, 4, 10, 23, 57, 132, 301, 701, 1654, 3868, 9108, 21209]...: 18924899: ACCEPTED IN 35 TRIES, (AVG 540711.4)
[1, 4, 10, 23, 57, 132, 301, 701, 1654, 3868, 9108, 21238]...: 119575493: ACCEPTED IN 221 TRIES, (AVG 541065.5791855204)
[1, 4, 10, 23, 57, 132, 301, 701, 1654, 3868, 9108, 21275]...: 38945517: ACCEPTED IN 72 TRIES, (AVG 540909.9583333334)
[1, 4, 10, 23, 57, 132, 301, 701, 1654, 3868, 9108, 21283]...: 23795964: ACCEPTED IN 44 TRIES, (AVG 540817.3636363636)
[1, 4, 10, 23, 57, 132, 301, 701, 1654, 3868, 9108, 21287]...: 21088952: ACCEPTED IN 39 TRIES, (AVG 540742.358974359)
[1, 4, 10, 23, 57, 132, 301, 701, 1654, 3868, 9108, 21295]...: 36779958: ACCEPTED IN 68 TRIES, (AVG 540881.7352941176)
[1, 4, 10, 23, 57, 132, 301, 701, 1654, 3868, 9108, 21300]...: 30829946: ACCEPTED IN 57 TRIES, (AVG 540876.245614035)
[1, 4, 10, 23, 57, 132, 301, 701, 1654, 3868, 9108, 21304]...: 23794864: ACCEPTED IN 44 TRIES, (AVG 540792.3636363636)
[1, 4, 10, 23, 57, 132, 301, 701, 1654, 3868, 9108, 21324]...: 24877869: ACCEPTED IN 46 TRIES, (AVG 540823.2391304348)
[1, 4, 10, 23, 57, 132, 301, 701, 1654, 3868, 9108, 21328]...: 53558398: ACCEPTED IN 99 TRIES, (AVG 540993.9191919192)
[1, 4, 10, 23, 57, 132, 301, 701, 1654, 3868, 9108, 21332]...: 20006473: ACCEPTED IN 37 TRIES, (AVG 540715.4864864865)
[1, 4, 10, 23, 57, 132, 301, 701, 1654, 3868, 9108, 21333]...: 18383021: ACCEPTED IN 34 TRIES, (AVG 540677.0882352941)
[1, 4, 10, 23, 57, 132, 301, 701, 1654, 3868, 9108, 21341]...: 23795307: ACCEPTED IN 44 TRIES, (AVG 540802.4318181818)
[1, 4, 10, 23, 57, 132, 301, 701, 1654, 3868, 9108, 21365]...: 83861989: ACCEPTED IN 155 TRIES, (AVG 541045.0903225807)
[1, 4, 10, 23, 57, 132, 301, 701, 1654, 3868, 9108, 21370]...: 16219596: ACCEPTED IN 30 TRIES, (AVG 540653.2)
[1, 4, 10, 23, 57, 132, 301, 701, 1654, 3868, 9108, 21374]...: 20007347: ACCEPTED IN 37 TRIES, (AVG 540739.1081081082)
[1, 4, 10, 23, 57, 132, 301, 701, 1654, 3868, 9108, 21378]...: 35159043: ACCEPTED IN 65 TRIES, (AVG 540908.3538461538)
[1, 4, 10, 23, 57, 132, 301, 701, 1654, 3868, 9108, 21407]...: 24336839: ACCEPTED IN 45 TRIES, (AVG 540818.6444444444)
[1, 4, 10, 23, 57, 132, 301, 701, 1654, 3868, 9108, 21415]...: 43275773: ACCEPTED IN 80 TRIES, (AVG 540947.1625)
[1, 4, 10, 23, 57, 132, 301, 701, 1654, 3868, 9108, 21419]...: 41653262: ACCEPTED IN 77 TRIES, (AVG 540951.4545454546)
[1, 4, 10, 23, 57, 132, 301, 701, 1654, 3868, 9108, 21424]...: 24878000: ACCEPTED IN 46 TRIES, (AVG 540826.0869565217)
[1, 4, 10, 23, 57, 132, 301, 701, 1654, 3868, 9108, 21452]...: 20007281: ACCEPTED IN 37 TRIES, (AVG 540737.3243243244)
[1, 4, 10, 23, 57, 132, 301, 701, 1654, 3868, 9108, 21456]...: 56804890: ACCEPTED IN 105 TRIES, (AVG 540998.9523809524)
[1, 4, 10, 23, 57, 132, 301, 701, 1654, 3868, 9108, 21460]...: 8643196: ACCEPTED IN 16 TRIES, (AVG 540199.75)
[1, 4, 10, 23, 57, 132, 301, 701, 1654, 3868, 9108, 21461]...: 50852357: ACCEPTED IN 94 TRIES, (AVG 540982.5212765958)
[1, 4, 10, 23, 57, 132, 301, 701, 1654, 3868, 9108, 21464]...: 23793817: ACCEPTED IN 44 TRIES, (AVG 540768.5681818182)
[1, 4, 10, 23, 57, 132, 301, 701, 1654, 3868, 9108, 21465]...: 23795031: ACCEPTED IN 44 TRIES, (AVG 540796.1590909091)
[1, 4, 10, 23, 57, 132, 301, 701, 1654, 3868, 9108, 21469]...: 40029385: ACCEPTED IN 74 TRIES, (AVG 540937.6351351351)
[1, 4, 10, 23, 57, 132, 301, 701, 1654, 3868, 9108, 21473]...: 20007668: ACCEPTED IN 37 TRIES, (AVG 540747.7837837838)
[1, 4, 10, 23, 57, 132, 301, 701, 1654, 3868, 9108, 21477]...: 20548359: ACCEPTED IN 38 TRIES, (AVG 540746.2894736842)
[1, 4, 10, 23, 57, 132, 301, 701, 1654, 3868, 9108, 21497]...: 57344904: ACCEPTED IN 106 TRIES, (AVG 540989.6603773584)
[1, 4, 10, 23, 57, 132, 301, 701, 1654, 3868, 9108, 21502]...: 22172796: ACCEPTED IN 41 TRIES, (AVG 540799.9024390244)
[1, 4, 10, 23, 57, 132, 301, 701, 1654, 3868, 9108, 21506]...: 67086696: ACCEPTED IN 124 TRIES, (AVG 541021.7419354839)
[1, 4, 10, 23, 57, 132, 301, 701, 1654, 3868, 9108, 21510]...: 20008205: ACCEPTED IN 37 TRIES, (AVG 540762.2972972973)
[1, 4, 10, 23, 57, 132, 301, 701, 1654, 3868, 9108, 21547]...: 21090075: ACCEPTED IN 39 TRIES, (AVG 540771.1538461539)
[1, 4, 10, 23, 57, 132, 301, 701, 1654, 3868, 9108, 21551]...: 20005386: ACCEPTED IN 37 TRIES, (AVG 540686.1081081082)
[1, 4, 10, 23, 57, 132, 301, 701, 1654, 3868, 9108, 21556]...: 22172426: ACCEPTED IN 41 TRIES, (AVG 540790.8780487805)
[1, 4, 10, 23, 57, 132, 301, 701, 1654, 3868, 9108, 21568]...: 20007894: ACCEPTED IN 37 TRIES, (AVG 540753.8918918918)
[1, 4, 10, 23, 57, 132, 301, 701, 1654, 3868, 9108, 21576]...: 15136070: ACCEPTED IN 28 TRIES, (AVG 540573.9285714285)
[1, 4, 10, 23, 57, 132, 301, 701, 1654, 3868, 9108, 21584]...: 28125207: ACCEPTED IN 52 TRIES, (AVG 540869.3653846154)
[1, 4, 10, 23, 57, 132, 301, 701, 1654, 3868, 9108, 21588]...: 28665860: ACCEPTED IN 53 TRIES, (AVG 540865.283018868)
[1, 4, 10, 23, 57, 132, 301, 701, 1654, 3868, 9108, 21592]...: 30289448: ACCEPTED IN 56 TRIES, (AVG 540883.0)
[1, 4, 10, 23, 57, 132, 301, 701, 1654, 3868, 9108, 21593]...: 23795620: ACCEPTED IN 44 TRIES, (AVG 540809.5454545454)
[1, 4, 10, 23, 57, 132, 301, 701, 1654, 3868, 9108, 21596]...: 21630342: ACCEPTED IN 40 TRIES, (AVG 540758.55)
[1, 4, 10, 23, 57, 132, 301, 701, 1654, 3868, 9108, 21597]...: 36240159: ACCEPTED IN 67 TRIES, (AVG 540897.895522388)
[1, 4, 10, 23, 57, 132, 301, 701, 1654, 3868, 9108, 21601]...: 23254020: ACCEPTED IN 43 TRIES, (AVG 540791.1627906977)
[1, 4, 10, 23, 57, 132, 301, 701, 1654, 3868, 9108, 21609]...: 43276499: ACCEPTED IN 80 TRIES, (AVG 540956.2375)
[1, 4, 10, 23, 57, 132, 301, 701, 1654, 3868, 9108, 21629]...: 11349691: ACCEPTED IN 21 TRIES, (AVG 540461.4761904762)
[1, 4, 10, 23, 57, 132, 301, 701, 1654, 3868, 9108, 21633]...: 24337183: ACCEPTED IN 45 TRIES, (AVG 540826.2888888889)
[1, 4, 10, 23, 57, 132, 301, 701, 1654, 3868, 9108, 21634]...: 42193877: ACCEPTED IN 78 TRIES, (AVG 540947.141025641)
[1, 4, 10, 23, 57, 132, 301, 701, 1654, 3868, 9108, 21638]...: 18383853: ACCEPTED IN 34 TRIES, (AVG 540701.5588235294)
[1, 4, 10, 23, 57, 132, 301, 701, 1654, 3868, 9108, 21671]...: 57886355: ACCEPTED IN 107 TRIES, (AVG 540993.9719626168)
[1, 4, 10, 23, 57, 132, 301, 701, 1654, 3868, 9108, 21675]...: 20006045: ACCEPTED IN 37 TRIES, (AVG 540703.9189189189)
[1, 4, 10, 23, 57, 132, 301, 701, 1654, 3868, 9108, 21679]...: 20007554: ACCEPTED IN 37 TRIES, (AVG 540744.7027027027)
[1, 4, 10, 23, 57, 132, 301, 701, 1654, 3868, 9108, 21683]...: 20548507: ACCEPTED IN 38 TRIES, (AVG 540750.1842105263)
[1, 4, 10, 23, 57, 132, 301, 701, 1654, 3868, 9108, 21688]...: 20548760: ACCEPTED IN 38 TRIES, (AVG 540756.8421052631)
[1, 4, 10, 23, 57, 132, 301, 701, 1654, 3868, 9108, 21700]...: 23794961: ACCEPTED IN 44 TRIES, (AVG 540794.5681818182)
[1, 4, 10, 23, 57, 132, 301, 701, 1654, 3868, 9108, 21708]...: 30289143: ACCEPTED IN 56 TRIES, (AVG 540877.5535714285)
[1, 4, 10, 23, 57, 132, 301, 701, 1654, 3868, 9108, 21716]...: 30288779: ACCEPTED IN 56 TRIES, (AVG 540871.0535714285)
[1, 4, 10, 23, 57, 132, 301, 701, 1654, 3868, 9108, 21720]...: 22169891: ACCEPTED IN 41 TRIES, (AVG 540729.0487804879)
[1, 4, 10, 23, 57, 132, 301, 701, 1654, 3868, 9108, 21724]...: 34618574: ACCEPTED IN 64 TRIES, (AVG 540915.21875)
[1, 4, 10, 23, 57, 132, 301, 701, 1654, 3868, 9108, 21725]...: 34075636: ACCEPTED IN 63 TRIES, (AVG 540883.1111111111)
[1, 4, 10, 23, 57, 132, 301, 701, 1654, 3868, 9108, 21729]...: 16219322: ACCEPTED IN 30 TRIES, (AVG 540644.0666666667)
[1, 4, 10, 23, 57, 132, 301, 701, 1654, 3868, 9108, 21733]...: 18383416: ACCEPTED IN 34 TRIES, (AVG 540688.7058823529)
[1, 4, 10, 23, 57, 132, 301, 701, 1654, 3868, 9108, 21737]...: 21089244: ACCEPTED IN 39 TRIES, (AVG 540749.8461538461)
[1, 4, 10, 23, 57, 132, 301, 701, 1654, 3868, 9108, 21741]...: 33536255: ACCEPTED IN 62 TRIES, (AVG 540907.3387096775)
[1, 4, 10, 23, 57, 132, 301, 701, 1654, 3868, 9108, 21753]...: 18381763: ACCEPTED IN 34 TRIES, (AVG 540640.0882352941)
[1, 4, 10, 23, 57, 132, 301, 701, 1654, 3868, 9108, 21761]...: 20008148: ACCEPTED IN 37 TRIES, (AVG 540760.7567567568)
[1, 4, 10, 23, 57, 132, 301, 701, 1654, 3868, 9108, 21762]...: 30828678: ACCEPTED IN 57 TRIES, (AVG 540854.0)
[1, 4, 10, 23, 57, 132, 301, 701, 1654, 3868, 9108, 21765]...: 38405115: ACCEPTED IN 71 TRIES, (AVG 540917.1126760563)
[1, 4, 10, 23, 57, 132, 301, 701, 1654, 3868, 9108, 21766]...: 14596297: ACCEPTED IN 27 TRIES, (AVG 540603.5925925926)
[1, 4, 10, 23, 57, 132, 301, 701, 1654, 3868, 9108, 21770]...: 20007626: ACCEPTED IN 37 TRIES, (AVG 540746.6486486486)
[1, 4, 10, 23, 57, 132, 301, 701, 1654, 3868, 9108, 21774]...: 20007132: ACCEPTED IN 37 TRIES, (AVG 540733.2972972973)
[1, 4, 10, 23, 57, 132, 301, 701, 1654, 3868, 9108, 21778]...: 39488782: ACCEPTED IN 73 TRIES, (AVG 540942.2191780822)
[1, 4, 10, 23, 57, 132, 301, 701, 1654, 3868, 9108, 21803]...: 38947971: ACCEPTED IN 72 TRIES, (AVG 540944.0416666666)
[1, 4, 10, 23, 57, 132, 301, 701, 1654, 3868, 9108, 21807]...: 21631274: ACCEPTED IN 40 TRIES, (AVG 540781.85)
[1, 4, 10, 23, 57, 132, 301, 701, 1654, 3868, 9108, 21811]...: 15677936: ACCEPTED IN 29 TRIES, (AVG 540618.4827586206)
[1, 4, 10, 23, 57, 132, 301, 701, 1654, 3868, 9108, 21815]...: 14054230: ACCEPTED IN 26 TRIES, (AVG 540547.3076923077)
[1, 4, 10, 23, 57, 132, 301, 701, 1654, 3868, 9108, 21820]...: 45441206: ACCEPTED IN 84 TRIES, (AVG 540966.7380952381)
[1, 4, 10, 23, 57, 132, 301, 701, 1654, 3868, 9108, 21832]...: 77366821: ACCEPTED IN 143 TRIES, (AVG 541026.7202797203)
[1, 4, 10, 23, 57, 132, 301, 701, 1654, 3868, 9108, 21840]...: 18384027: ACCEPTED IN 34 TRIES, (AVG 540706.6764705882)
[1, 4, 10, 23, 57, 132, 301, 701, 1654, 3868, 9108, 21848]...: 21089463: ACCEPTED IN 39 TRIES, (AVG 540755.4615384615)
[1, 4, 10, 23, 57, 132, 301, 701, 1654, 3868, 9108, 21852]...: 24337203: ACCEPTED IN 45 TRIES, (AVG 540826.7333333333)
[1, 4, 10, 23, 57, 132, 301, 701, 1654, 3868, 9108, 21856]...: 31369115: ACCEPTED IN 58 TRIES, (AVG 540846.8103448276)
[1, 4, 10, 23, 57, 132, 301, 701, 1654, 3868, 9108, 21857]...: 32994339: ACCEPTED IN 61 TRIES, (AVG 540890.8032786886)
