[1, 4, 10, 23, 57, 132, 301, 701, 1636, 3858, 8604, 18956]...: 1074951: ACCEPTED IN 2 TRIES, (AVG 537475.5)
[1, 4, 10, 23, 57, 132, 301, 701, 1636, 3858, 8604, 19153]...: 1077104: ACCEPTED IN 2 TRIES, (AVG 538552.0)
[1, 4, 10, 23, 57, 132, 301, 701, 1636, 3858, 8604, 19223]...: 534790: ACCEPTED IN 1 TRIES, (AVG 534790.0)
[1, 4, 10, 23, 57, 132, 301, 701, 1636, 3858, 8604, 19355]...: 536975: ACCEPTED IN 1 TRIES, (AVG 536975.0)
[1, 4, 10, 23, 57, 132, 301, 701, 1636, 3858, 8604, 19389]...: 536744: ACCEPTED IN 1 TRIES, (AVG 536744.0)
[1, 4, 10, 23, 57, 132, 301, 701, 1636, 3858, 8604, 19421]...: 1076803: ACCEPTED IN 2 TRIES, (AVG 538401.5)
[1, 4, 10, 23, 57, 132, 301, 701, 1636, 3858, 8604, 19426]...: 536548: ACCEPTED IN 1 TRIES, (AVG 536548.0)
[1, 4, 10, 23, 57, 132, 301, 701, 1636, 3858, 8604, 19454]...: 2695496: ACCEPTED IN 5 TRIES, (AVG 539099.2)
[1, 4, 10, 23, 57, 132, 301, 701, 1636, 3858, 8604, 19524]...: 1076096: ACCEPTED IN 2 TRIES, (AVG 538048.0)
[1, 4, 10, 23, 57, 132, 301, 701, 1636, 3858, 8604, 19624]...: 1077074: ACCEPTED IN 2 TRIES, (AVG 538537.0)
[1, 4, 10, 23, 57, 132, 301, 701, 1636, 3858, 8604, 19626]...: 536601: ACCEPTED IN 1 TRIES, (AVG 536601.0)
[1, 4, 10, 23, 57, 132, 301, 701, 1636, 3858, 8604, 19759]...: 2695035: ACCEPTED IN 5 TRIES, (AVG 539007.0)
[1, 4, 10, 23, 57, 132, 301, 701, 1636, 3858, 8604, 19859]...: 537369: ACCEPTED IN 1 TRIES, (AVG 537369.0)
[1, 4, 10, 23, 57, 132, 301, 701, 1636, 3858, 8604, 19890]...: 537315: ACCEPTED IN 1 TRIES, (AVG 537315.0)
[1, 4, 10, 23, 57, 132, 301, 701, 1636, 3858, 8604, 20023]...: 537505: ACCEPTED IN 1 TRIES, (AVG 537505.0)
[1, 4, 10, 23, 57, 132, 301, 701, 1636, 3858, 8604, 20057]...: 537483: ACCEPTED IN 1 TRIES, (AVG 537483.0)
[1, 4, 10, 23, 57, 132, 301, 701, 1636, 3858, 8604, 20093]...: 537526: ACCEPTED IN 1 TRIES, (AVG 537526.0)
[1, 4, 10, 23, 57, 132, 301, 701, 1636, 3858, 8604, 20155]...: 536371: ACCEPTED IN 1 TRIES, (AVG 536371.0)
[1, 4, 10, 23, 57, 132, 301, 701, 1636, 3858, 8604, 20222]...: 1076986: ACCEPTED IN 2 TRIES, (AVG 538493.0)
[1, 4, 10, 23, 57, 132, 301, 701, 1636, 3858, 8604, 20226]...: 1075978: ACCEPTED IN 2 TRIES, (AVG 537989.0)
[1, 4, 10, 23, 57, 132, 301, 701, 1636, 3858, 8604, 20358]...: 537534: ACCEPTED IN 1 TRIES, (AVG 537534.0)
[1, 4, 10, 23, 57, 132, 301, 701, 1636, 3858, 8604, 20424]...: 1076266: ACCEPTED IN 2 TRIES, (AVG 538133.0)
[1, 4, 10, 23, 57, 132, 301, 701, 1636, 3858, 8604, 20460]...: 537377: ACCEPTED IN 1 TRIES, (AVG 537377.0)
[1, 4, 10, 23, 57, 132, 301, 701, 1636, 3858, 8604, 20558]...: 537322: ACCEPTED IN 1 TRIES, (AVG 537322.0)
[1, 4, 10, 23, 57, 132, 301, 701, 1636, 3858, 8604, 20595]...: 536954: ACCEPTED IN 1 TRIES, (AVG 536954.0)
[1, 4, 10, 23, 57, 132, 301, 701, 1636, 3858, 8604, 20625]...: 3235283: ACCEPTED IN 6 TRIES, (AVG 539213.8333333334)
[1, 4, 10, 23, 57, 132, 301, 701, 1636, 3858, 8604, 20626]...: 1076567: ACCEPTED IN 2 TRIES, (AVG 538283.5)
