[1, 4, 10, 23, 57, 132, 301, 701, 1636, 3858, 9095, 20016]...: 5395992: ACCEPTED IN 10 TRIES, (AVG 539599.2)
[1, 4, 10, 23, 57, 132, 301, 701, 1636, 3858, 9095, 20048]...: 9183879: ACCEPTED IN 17 TRIES, (AVG 540228.1764705882)
[1, 4, 10, 23, 57, 132, 301, 701, 1636, 3858, 9095, 20052]...: 11348110: ACCEPTED IN 21 TRIES, (AVG 540386.1904761905)
[1, 4, 10, 23, 57, 132, 301, 701, 1636, 3858, 9095, 20071]...: 5397376: ACCEPTED IN 10 TRIES, (AVG 539737.6)
[1, 4, 10, 23, 57, 132, 301, 701, 1636, 3858, 9095, 20115]...: 7020694: ACCEPTED IN 13 TRIES, (AVG 540053.3846153846)
[1, 4, 10, 23, 57, 132, 301, 701, 1636, 3858, 9095, 20151]...: 6478690: ACCEPTED IN 12 TRIES, (AVG 539890.8333333334)
[1, 4, 10, 23, 57, 132, 301, 701, 1636, 3858, 9095, 20183]...: 5938654: ACCEPTED IN 11 TRIES, (AVG 539877.6363636364)
[1, 4, 10, 23, 57, 132, 301, 701, 1636, 3858, 9095, 20218]...: 5395145: ACCEPTED IN 10 TRIES, (AVG 539514.5)
[1, 4, 10, 23, 57, 132, 301, 701, 1636, 3858, 9095, 20250]...: 6479648: ACCEPTED IN 12 TRIES, (AVG 539970.6666666666)
[1, 4, 10, 23, 57, 132, 301, 701, 1636, 3858, 9095, 20282]...: 11349555: ACCEPTED IN 21 TRIES, (AVG 540455.0)
[1, 4, 10, 23, 57, 132, 301, 701, 1636, 3858, 9095, 20317]...: 11346393: ACCEPTED IN 21 TRIES, (AVG 540304.4285714285)
[1, 4, 10, 23, 57, 132, 301, 701, 1636, 3858, 9095, 20349]...: 7020506: ACCEPTED IN 13 TRIES, (AVG 540038.9230769231)
[1, 4, 10, 23, 57, 132, 301, 701, 1636, 3858, 9095, 20372]...: 5937900: ACCEPTED IN 11 TRIES, (AVG 539809.0909090909)
[1, 4, 10, 23, 57, 132, 301, 701, 1636, 3858, 9095, 20416]...: 5937535: ACCEPTED IN 11 TRIES, (AVG 539775.9090909091)
[1, 4, 10, 23, 57, 132, 301, 701, 1636, 3858, 9095, 20452]...: 5394936: ACCEPTED IN 10 TRIES, (AVG 539493.6)
[1, 4, 10, 23, 57, 132, 301, 701, 1636, 3858, 9095, 20483]...: 4854072: ACCEPTED IN 9 TRIES, (AVG 539341.3333333334)
[1, 4, 10, 23, 57, 132, 301, 701, 1636, 3858, 9095, 20484]...: 7561679: ACCEPTED IN 14 TRIES, (AVG 540119.9285714285)
[1, 4, 10, 23, 57, 132, 301, 701, 1636, 3858, 9095, 20504]...: 7562054: ACCEPTED IN 14 TRIES, (AVG 540146.7142857143)
[1, 4, 10, 23, 57, 132, 301, 701, 1636, 3858, 9095, 20515]...: 7020034: ACCEPTED IN 13 TRIES, (AVG 540002.6153846154)
[1, 4, 10, 23, 57, 132, 301, 701, 1636, 3858, 9095, 20519]...: 7561509: ACCEPTED IN 14 TRIES, (AVG 540107.7857142857)
[1, 4, 10, 23, 57, 132, 301, 701, 1636, 3858, 9095, 20551]...: 7020282: ACCEPTED IN 13 TRIES, (AVG 540021.6923076923)
[1, 4, 10, 23, 57, 132, 301, 701, 1636, 3858, 9095, 20583]...: 11348679: ACCEPTED IN 21 TRIES, (AVG 540413.2857142857)
[1, 4, 10, 23, 57, 132, 301, 701, 1636, 3858, 9095, 20615]...: 10808467: ACCEPTED IN 20 TRIES, (AVG 540423.35)
[1, 4, 10, 23, 57, 132, 301, 701, 1636, 3858, 9095, 20618]...: 4855404: ACCEPTED IN 9 TRIES, (AVG 539489.3333333334)
[1, 4, 10, 23, 57, 132, 301, 701, 1636, 3858, 9095, 20650]...: 5936916: ACCEPTED IN 11 TRIES, (AVG 539719.6363636364)
[1, 4, 10, 23, 57, 132, 301, 701, 1636, 3858, 9095, 20673]...: 9184341: ACCEPTED IN 17 TRIES, (AVG 540255.3529411765)
[1, 4, 10, 23, 57, 132, 301, 701, 1636, 3858, 9095, 20686]...: 5395641: ACCEPTED IN 10 TRIES, (AVG 539564.1)
[1, 4, 10, 23, 57, 132, 301, 701, 1636, 3858, 9095, 20717]...: 5936004: ACCEPTED IN 11 TRIES, (AVG 539636.7272727273)
[1, 4, 10, 23, 57, 132, 301, 701, 1636, 3858, 9095, 20749]...: 5394031: ACCEPTED IN 10 TRIES, (AVG 539403.1)
[1, 4, 10, 23, 57, 132, 301, 701, 1636, 3858, 9095, 20753]...: 6476498: ACCEPTED IN 12 TRIES, (AVG 539708.1666666666)
[1, 4, 10, 23, 57, 132, 301, 701, 1636, 3858, 9095, 20784]...: 5935996: ACCEPTED IN 11 TRIES, (AVG 539636.0)
[1, 4, 10, 23, 57, 132, 301, 701, 1636, 3858, 9095, 20785]...: 4314513: ACCEPTED IN 8 TRIES, (AVG 539314.125)
[1, 4, 10, 23, 57, 132, 301, 701, 1636, 3858, 9095, 20805]...: 7018095: ACCEPTED IN 13 TRIES, (AVG 539853.4615384615)
[1, 4, 10, 23, 57, 132, 301, 701, 1636, 3858, 9095, 20816]...: 5395664: ACCEPTED IN 10 TRIES, (AVG 539566.4)
[1, 4, 10, 23, 57, 132, 301, 701, 1636, 3858, 9095, 20852]...: 7020572: ACCEPTED IN 13 TRIES, (AVG 540044.0)
[1, 4, 10, 23, 57, 132, 301, 701, 1636, 3858, 9095, 20884]...: 4855291: ACCEPTED IN 9 TRIES, (AVG 539476.7777777778)
[1, 4, 10, 23, 57, 132, 301, 701, 1636, 3858, 9095, 20916]...: 5395539: ACCEPTED IN 10 TRIES, (AVG 539553.9)
[1, 4, 10, 23, 57, 132, 301, 701, 1636, 3858, 9095, 20919]...: 4855837: ACCEPTED IN 9 TRIES, (AVG 539537.4444444445)
[1, 4, 10, 23, 57, 132, 301, 701, 1636, 3858, 9095, 20951]...: 6479450: ACCEPTED IN 12 TRIES, (AVG 539954.1666666666)
[1, 4, 10, 23, 57, 132, 301, 701, 1636, 3858, 9095, 20983]...: 6476568: ACCEPTED IN 12 TRIES, (AVG 539714.0)
[1, 4, 10, 23, 57, 132, 301, 701, 1636, 3858, 9095, 20987]...: 9726593: ACCEPTED IN 18 TRIES, (AVG 540366.2777777778)
[1, 4, 10, 23, 57, 132, 301, 701, 1636, 3858, 9095, 21018]...: 5395585: ACCEPTED IN 10 TRIES, (AVG 539558.5)
[1, 4, 10, 23, 57, 132, 301, 701, 1636, 3858, 9095, 21050]...: 4313177: ACCEPTED IN 8 TRIES, (AVG 539147.125)
[1, 4, 10, 23, 57, 132, 301, 701, 1636, 3858, 9095, 21086]...: 5397418: ACCEPTED IN 10 TRIES, (AVG 539741.8)
[1, 4, 10, 23, 57, 132, 301, 701, 1636, 3858, 9095, 21117]...: 4311694: ACCEPTED IN 8 TRIES, (AVG 538961.75)
[1, 4, 10, 23, 57, 132, 301, 701, 1636, 3858, 9095, 21153]...: 5397478: ACCEPTED IN 10 TRIES, (AVG 539747.8)
[1, 4, 10, 23, 57, 132, 301, 701, 1636, 3858, 9095, 21185]...: 5938541: ACCEPTED IN 11 TRIES, (AVG 539867.3636363636)
[1, 4, 10, 23, 57, 132, 301, 701, 1636, 3858, 9095, 21216]...: 4855434: ACCEPTED IN 9 TRIES, (AVG 539492.6666666666)
[1, 4, 10, 23, 57, 132, 301, 701, 1636, 3858, 9095, 21217]...: 5936104: ACCEPTED IN 11 TRIES, (AVG 539645.8181818182)
[1, 4, 10, 23, 57, 132, 301, 701, 1636, 3858, 9095, 21220]...: 4856324: ACCEPTED IN 9 TRIES, (AVG 539591.5555555555)
[1, 4, 10, 23, 57, 132, 301, 701, 1636, 3858, 9095, 21252]...: 5938457: ACCEPTED IN 11 TRIES, (AVG 539859.7272727273)
[1, 4, 10, 23, 57, 132, 301, 701, 1636, 3858, 9095, 21284]...: 4855885: ACCEPTED IN 9 TRIES, (AVG 539542.7777777778)
[1, 4, 10, 23, 57, 132, 301, 701, 1636, 3858, 9095, 21319]...: 6479847: ACCEPTED IN 12 TRIES, (AVG 539987.25)
[1, 4, 10, 23, 57, 132, 301, 701, 1636, 3858, 9095, 21351]...: 4855990: ACCEPTED IN 9 TRIES, (AVG 539554.4444444445)
[1, 4, 10, 23, 57, 132, 301, 701, 1636, 3858, 9095, 21387]...: 6479189: ACCEPTED IN 12 TRIES, (AVG 539932.4166666666)
[1, 4, 10, 23, 57, 132, 301, 701, 1636, 3858, 9095, 21418]...: 5396810: ACCEPTED IN 10 TRIES, (AVG 539681.0)
[1, 4, 10, 23, 57, 132, 301, 701, 1636, 3858, 9095, 21450]...: 5397138: ACCEPTED IN 10 TRIES, (AVG 539713.8)
[1, 4, 10, 23, 57, 132, 301, 701, 1636, 3858, 9095, 21454]...: 5937879: ACCEPTED IN 11 TRIES, (AVG 539807.1818181818)
[1, 4, 10, 23, 57, 132, 301, 701, 1636, 3858, 9095, 21486]...: 4854946: ACCEPTED IN 9 TRIES, (AVG 539438.4444444445)
[1, 4, 10, 23, 57, 132, 301, 701, 1636, 3858, 9095, 21517]...: 6479011: ACCEPTED IN 12 TRIES, (AVG 539917.5833333334)
[1, 4, 10, 23, 57, 132, 301, 701, 1636, 3858, 9095, 21518]...: 7019999: ACCEPTED IN 13 TRIES, (AVG 539999.9230769231)
[1, 4, 10, 23, 57, 132, 301, 701, 1636, 3858, 9095, 21553]...: 5396317: ACCEPTED IN 10 TRIES, (AVG 539631.7)
[1, 4, 10, 23, 57, 132, 301, 701, 1636, 3858, 9095, 21585]...: 6479214: ACCEPTED IN 12 TRIES, (AVG 539934.5)
[1, 4, 10, 23, 57, 132, 301, 701, 1636, 3858, 9095, 21620]...: 7019300: ACCEPTED IN 13 TRIES, (AVG 539946.1538461539)
[1, 4, 10, 23, 57, 132, 301, 701, 1636, 3858, 9095, 21652]...: 6478671: ACCEPTED IN 12 TRIES, (AVG 539889.25)
[1, 4, 10, 23, 57, 132, 301, 701, 1636, 3858, 9095, 21684]...: 5396471: ACCEPTED IN 10 TRIES, (AVG 539647.1)
[1, 4, 10, 23, 57, 132, 301, 701, 1636, 3858, 9095, 21688]...: 4312954: ACCEPTED IN 8 TRIES, (AVG 539119.25)
[1, 4, 10, 23, 57, 132, 301, 701, 1636, 3858, 9095, 21719]...: 5937287: ACCEPTED IN 11 TRIES, (AVG 539753.3636363636)
[1, 4, 10, 23, 57, 132, 301, 701, 1636, 3858, 9095, 21751]...: 4314707: ACCEPTED IN 8 TRIES, (AVG 539338.375)
[1, 4, 10, 23, 57, 132, 301, 701, 1636, 3858, 9095, 21787]...: 4853541: ACCEPTED IN 9 TRIES, (AVG 539282.3333333334)
[1, 4, 10, 23, 57, 132, 301, 701, 1636, 3858, 9095, 21818]...: 3773919: ACCEPTED IN 7 TRIES, (AVG 539131.2857142857)
[1, 4, 10, 23, 57, 132, 301, 701, 1636, 3858, 9095, 21819]...: 5396992: ACCEPTED IN 10 TRIES, (AVG 539699.2)
