[1, 4, 10, 23, 57, 132, 301, 701, 1636, 3664, 8671, 19760]...: 30830763: ACCEPTED IN 57 TRIES, (AVG 540890.5789473684)
[1, 4, 10, 23, 57, 132, 301, 701, 1636, 3664, 8671, 19957]...: 22172416: ACCEPTED IN 41 TRIES, (AVG 540790.6341463415)
[1, 4, 10, 23, 57, 132, 301, 701, 1636, 3664, 8671, 19958]...: 37863016: ACCEPTED IN 70 TRIES, (AVG 540900.2285714286)
[1, 4, 10, 23, 57, 132, 301, 701, 1636, 3664, 8671, 20259]...: 30289404: ACCEPTED IN 56 TRIES, (AVG 540882.2142857143)
[1, 4, 10, 23, 57, 132, 301, 701, 1636, 3664, 8671, 20391]...: 22171107: ACCEPTED IN 41 TRIES, (AVG 540758.7073170731)
[1, 4, 10, 23, 57, 132, 301, 701, 1636, 3664, 8671, 20424]...: 21631581: ACCEPTED IN 40 TRIES, (AVG 540789.525)
[1, 4, 10, 23, 57, 132, 301, 701, 1636, 3664, 8671, 20490]...: 25959573: ACCEPTED IN 48 TRIES, (AVG 540824.4375)
[1, 4, 10, 23, 57, 132, 301, 701, 1636, 3664, 8671, 20523]...: 24878436: ACCEPTED IN 46 TRIES, (AVG 540835.5652173914)
[1, 4, 10, 23, 57, 132, 301, 701, 1636, 3664, 8671, 20526]...: 24336341: ACCEPTED IN 45 TRIES, (AVG 540807.5777777778)
[1, 4, 10, 23, 57, 132, 301, 701, 1636, 3664, 8671, 20630]...: 28664739: ACCEPTED IN 53 TRIES, (AVG 540844.1320754717)
[1, 4, 10, 23, 57, 132, 301, 701, 1636, 3664, 8671, 20658]...: 23253851: ACCEPTED IN 43 TRIES, (AVG 540787.2325581395)
[1, 4, 10, 23, 57, 132, 301, 701, 1636, 3664, 8671, 20692]...: 22172415: ACCEPTED IN 41 TRIES, (AVG 540790.6097560975)
[1, 4, 10, 23, 57, 132, 301, 701, 1636, 3664, 8671, 20725]...: 30288149: ACCEPTED IN 56 TRIES, (AVG 540859.8035714285)
