[1, 4, 10, 23, 57, 132, 301, 701, 1636, 3664, 8723, 19272]...: 536915: ACCEPTED IN 1 TRIES, (AVG 536915.0)
[1, 4, 10, 23, 57, 132, 301, 701, 1636, 3664, 8723, 19775]...: 1076484: ACCEPTED IN 2 TRIES, (AVG 538242.0)
[1, 4, 10, 23, 57, 132, 301, 701, 1636, 3664, 8723, 19869]...: 536006: ACCEPTED IN 1 TRIES, (AVG 536006.0)
[1, 4, 10, 23, 57, 132, 301, 701, 1636, 3664, 8723, 19874]...: 1615448: ACCEPTED IN 3 TRIES, (AVG 538482.6666666666)
[1, 4, 10, 23, 57, 132, 301, 701, 1636, 3664, 8723, 19937]...: 1076209: ACCEPTED IN 2 TRIES, (AVG 538104.5)
[1, 4, 10, 23, 57, 132, 301, 701, 1636, 3664, 8723, 19969]...: 3773051: ACCEPTED IN 7 TRIES, (AVG 539007.2857142857)
[1, 4, 10, 23, 57, 132, 301, 701, 1636, 3664, 8723, 20001]...: 1076760: ACCEPTED IN 2 TRIES, (AVG 538380.0)
[1, 4, 10, 23, 57, 132, 301, 701, 1636, 3664, 8723, 20002]...: 1616727: ACCEPTED IN 3 TRIES, (AVG 538909.0)
[1, 4, 10, 23, 57, 132, 301, 701, 1636, 3664, 8723, 20040]...: 1615016: ACCEPTED IN 3 TRIES, (AVG 538338.6666666666)
[1, 4, 10, 23, 57, 132, 301, 701, 1636, 3664, 8723, 20137]...: 536939: ACCEPTED IN 1 TRIES, (AVG 536939.0)
[1, 4, 10, 23, 57, 132, 301, 701, 1636, 3664, 8723, 20175]...: 1076160: ACCEPTED IN 2 TRIES, (AVG 538080.0)
[1, 4, 10, 23, 57, 132, 301, 701, 1636, 3664, 8723, 20205]...: 2695664: ACCEPTED IN 5 TRIES, (AVG 539132.8)
[1, 4, 10, 23, 57, 132, 301, 701, 1636, 3664, 8723, 20271]...: 1076727: ACCEPTED IN 2 TRIES, (AVG 538363.5)
[1, 4, 10, 23, 57, 132, 301, 701, 1636, 3664, 8723, 20273]...: 4314514: ACCEPTED IN 8 TRIES, (AVG 539314.25)
[1, 4, 10, 23, 57, 132, 301, 701, 1636, 3664, 8723, 20274]...: 1076867: ACCEPTED IN 2 TRIES, (AVG 538433.5)
[1, 4, 10, 23, 57, 132, 301, 701, 1636, 3664, 8723, 20307]...: 1615741: ACCEPTED IN 3 TRIES, (AVG 538580.3333333334)
[1, 4, 10, 23, 57, 132, 301, 701, 1636, 3664, 8723, 20373]...: 536773: ACCEPTED IN 1 TRIES, (AVG 536773.0)
[1, 4, 10, 23, 57, 132, 301, 701, 1636, 3664, 8723, 20436]...: 2695186: ACCEPTED IN 5 TRIES, (AVG 539037.2)
[1, 4, 10, 23, 57, 132, 301, 701, 1636, 3664, 8723, 20473]...: 537167: ACCEPTED IN 1 TRIES, (AVG 537167.0)
[1, 4, 10, 23, 57, 132, 301, 701, 1636, 3664, 8723, 20572]...: 3774138: ACCEPTED IN 7 TRIES, (AVG 539162.5714285715)
[1, 4, 10, 23, 57, 132, 301, 701, 1636, 3664, 8723, 20607]...: 1616144: ACCEPTED IN 3 TRIES, (AVG 538714.6666666666)
[1, 4, 10, 23, 57, 132, 301, 701, 1636, 3664, 8723, 20639]...: 3774070: ACCEPTED IN 7 TRIES, (AVG 539152.8571428572)
[1, 4, 10, 23, 57, 132, 301, 701, 1636, 3664, 8723, 20670]...: 1076874: ACCEPTED IN 2 TRIES, (AVG 538437.0)
[1, 4, 10, 23, 57, 132, 301, 701, 1636, 3664, 8723, 20873]...: 536889: ACCEPTED IN 1 TRIES, (AVG 536889.0)
[1, 4, 10, 23, 57, 132, 301, 701, 1636, 3664, 8723, 20905]...: 536885: ACCEPTED IN 1 TRIES, (AVG 536885.0)
