[1, 4, 10, 23, 57, 132, 301, 701, 1636, 3755, 8567, 18848]...: 14596095: ACCEPTED IN 27 TRIES, (AVG 540596.1111111111)
[1, 4, 10, 23, 57, 132, 301, 701, 1636, 3755, 8567, 18915]...: 22713607: ACCEPTED IN 42 TRIES, (AVG 540800.1666666666)
[1, 4, 10, 23, 57, 132, 301, 701, 1636, 3755, 8567, 18947]...: 7559720: ACCEPTED IN 14 TRIES, (AVG 539980.0)
[1, 4, 10, 23, 57, 132, 301, 701, 1636, 3755, 8567, 18980]...: 20006690: ACCEPTED IN 37 TRIES, (AVG 540721.3513513514)
[1, 4, 10, 23, 57, 132, 301, 701, 1636, 3755, 8567, 19014]...: 7561653: ACCEPTED IN 14 TRIES, (AVG 540118.0714285715)
[1, 4, 10, 23, 57, 132, 301, 701, 1636, 3755, 8567, 19047]...: 24336200: ACCEPTED IN 45 TRIES, (AVG 540804.4444444445)
[1, 4, 10, 23, 57, 132, 301, 701, 1636, 3755, 8567, 19079]...: 22172184: ACCEPTED IN 41 TRIES, (AVG 540784.9756097561)
[1, 4, 10, 23, 57, 132, 301, 701, 1636, 3755, 8567, 19113]...: 6479822: ACCEPTED IN 12 TRIES, (AVG 539985.1666666666)
[1, 4, 10, 23, 57, 132, 301, 701, 1636, 3755, 8567, 19146]...: 19465939: ACCEPTED IN 36 TRIES, (AVG 540720.5277777778)
[1, 4, 10, 23, 57, 132, 301, 701, 1636, 3755, 8567, 19149]...: 20006367: ACCEPTED IN 37 TRIES, (AVG 540712.6216216217)
[1, 4, 10, 23, 57, 132, 301, 701, 1636, 3755, 8567, 19245]...: 11890358: ACCEPTED IN 22 TRIES, (AVG 540470.8181818182)
[1, 4, 10, 23, 57, 132, 301, 701, 1636, 3755, 8567, 19248]...: 17302492: ACCEPTED IN 32 TRIES, (AVG 540702.875)
[1, 4, 10, 23, 57, 132, 301, 701, 1636, 3755, 8567, 19281]...: 7561518: ACCEPTED IN 14 TRIES, (AVG 540108.4285714285)
[1, 4, 10, 23, 57, 132, 301, 701, 1636, 3755, 8567, 19315]...: 9185363: ACCEPTED IN 17 TRIES, (AVG 540315.4705882353)
[1, 4, 10, 23, 57, 132, 301, 701, 1636, 3755, 8567, 19347]...: 14055004: ACCEPTED IN 26 TRIES, (AVG 540577.0769230769)
[1, 4, 10, 23, 57, 132, 301, 701, 1636, 3755, 8567, 19380]...: 7560997: ACCEPTED IN 14 TRIES, (AVG 540071.2142857143)
[1, 4, 10, 23, 57, 132, 301, 701, 1636, 3755, 8567, 19414]...: 12430778: ACCEPTED IN 23 TRIES, (AVG 540468.6086956522)
[1, 4, 10, 23, 57, 132, 301, 701, 1636, 3755, 8567, 19447]...: 15137565: ACCEPTED IN 28 TRIES, (AVG 540627.3214285715)
[1, 4, 10, 23, 57, 132, 301, 701, 1636, 3755, 8567, 19479]...: 9184769: ACCEPTED IN 17 TRIES, (AVG 540280.5294117647)
[1, 4, 10, 23, 57, 132, 301, 701, 1636, 3755, 8567, 19546]...: 10267388: ACCEPTED IN 19 TRIES, (AVG 540388.8421052631)
[1, 4, 10, 23, 57, 132, 301, 701, 1636, 3755, 8567, 19549]...: 8101621: ACCEPTED IN 15 TRIES, (AVG 540108.0666666667)
[1, 4, 10, 23, 57, 132, 301, 701, 1636, 3755, 8567, 19581]...: 11349917: ACCEPTED IN 21 TRIES, (AVG 540472.2380952381)
[1, 4, 10, 23, 57, 132, 301, 701, 1636, 3755, 8567, 19616]...: 23253347: ACCEPTED IN 43 TRIES, (AVG 540775.5116279069)
[1, 4, 10, 23, 57, 132, 301, 701, 1636, 3755, 8567, 19648]...: 5937918: ACCEPTED IN 11 TRIES, (AVG 539810.7272727273)
[1, 4, 10, 23, 57, 132, 301, 701, 1636, 3755, 8567, 19681]...: 14596297: ACCEPTED IN 27 TRIES, (AVG 540603.5925925926)
[1, 4, 10, 23, 57, 132, 301, 701, 1636, 3755, 8567, 19713]...: 9726574: ACCEPTED IN 18 TRIES, (AVG 540365.2222222222)
[1, 4, 10, 23, 57, 132, 301, 701, 1636, 3755, 8567, 19748]...: 20007723: ACCEPTED IN 37 TRIES, (AVG 540749.2702702703)
[1, 4, 10, 23, 57, 132, 301, 701, 1636, 3755, 8567, 19780]...: 20548790: ACCEPTED IN 38 TRIES, (AVG 540757.6315789474)
[1, 4, 10, 23, 57, 132, 301, 701, 1636, 3755, 8567, 19847]...: 11889987: ACCEPTED IN 22 TRIES, (AVG 540453.9545454546)
[1, 4, 10, 23, 57, 132, 301, 701, 1636, 3755, 8567, 19850]...: 7562113: ACCEPTED IN 14 TRIES, (AVG 540150.9285714285)
[1, 4, 10, 23, 57, 132, 301, 701, 1636, 3755, 8567, 19882]...: 10266792: ACCEPTED IN 19 TRIES, (AVG 540357.4736842106)
[1, 4, 10, 23, 57, 132, 301, 701, 1636, 3755, 8567, 19949]...: 11348179: ACCEPTED IN 21 TRIES, (AVG 540389.4761904762)
[1, 4, 10, 23, 57, 132, 301, 701, 1636, 3755, 8567, 19982]...: 12431464: ACCEPTED IN 23 TRIES, (AVG 540498.4347826086)
[1, 4, 10, 23, 57, 132, 301, 701, 1636, 3755, 8567, 20014]...: 5938648: ACCEPTED IN 11 TRIES, (AVG 539877.0909090909)
[1, 4, 10, 23, 57, 132, 301, 701, 1636, 3755, 8567, 20048]...: 7560074: ACCEPTED IN 14 TRIES, (AVG 540005.2857142857)
[1, 4, 10, 23, 57, 132, 301, 701, 1636, 3755, 8567, 20081]...: 12431222: ACCEPTED IN 23 TRIES, (AVG 540487.9130434783)
[1, 4, 10, 23, 57, 132, 301, 701, 1636, 3755, 8567, 20148]...: 8643507: ACCEPTED IN 16 TRIES, (AVG 540219.1875)
[1, 4, 10, 23, 57, 132, 301, 701, 1636, 3755, 8567, 20180]...: 5397205: ACCEPTED IN 10 TRIES, (AVG 539720.5)
[1, 4, 10, 23, 57, 132, 301, 701, 1636, 3755, 8567, 20183]...: 17301778: ACCEPTED IN 32 TRIES, (AVG 540680.5625)
[1, 4, 10, 23, 57, 132, 301, 701, 1636, 3755, 8567, 20250]...: 14596324: ACCEPTED IN 27 TRIES, (AVG 540604.5925925926)
[1, 4, 10, 23, 57, 132, 301, 701, 1636, 3755, 8567, 20282]...: 7019890: ACCEPTED IN 13 TRIES, (AVG 539991.5384615385)
[1, 4, 10, 23, 57, 132, 301, 701, 1636, 3755, 8567, 20315]...: 9182823: ACCEPTED IN 17 TRIES, (AVG 540166.0588235294)
[1, 4, 10, 23, 57, 132, 301, 701, 1636, 3755, 8567, 20349]...: 5937837: ACCEPTED IN 11 TRIES, (AVG 539803.3636363636)
[1, 4, 10, 23, 57, 132, 301, 701, 1636, 3755, 8567, 20382]...: 7019196: ACCEPTED IN 13 TRIES, (AVG 539938.1538461539)
[1, 4, 10, 23, 57, 132, 301, 701, 1636, 3755, 8567, 20414]...: 7559175: ACCEPTED IN 14 TRIES, (AVG 539941.0714285715)
[1, 4, 10, 23, 57, 132, 301, 701, 1636, 3755, 8567, 20449]...: 6477240: ACCEPTED IN 12 TRIES, (AVG 539770.0)
[1, 4, 10, 23, 57, 132, 301, 701, 1636, 3755, 8567, 20481]...: 8102359: ACCEPTED IN 15 TRIES, (AVG 540157.2666666667)
[1, 4, 10, 23, 57, 132, 301, 701, 1636, 3755, 8567, 20484]...: 15678577: ACCEPTED IN 29 TRIES, (AVG 540640.5862068966)
[1, 4, 10, 23, 57, 132, 301, 701, 1636, 3755, 8567, 20551]...: 7561683: ACCEPTED IN 14 TRIES, (AVG 540120.2142857143)
