[1, 4, 10, 23, 57, 132, 301, 701, 1636, 3755, 8328, 18851]...: 83860645: ACCEPTED IN 155 TRIES, (AVG 541036.4193548387)
[1, 4, 10, 23, 57, 132, 301, 701, 1636, 3755, 8328, 18918]...: 32453311: ACCEPTED IN 60 TRIES, (AVG 540888.5166666667)
[1, 4, 10, 23, 57, 132, 301, 701, 1636, 3755, 8328, 18983]...: 82237514: ACCEPTED IN 152 TRIES, (AVG 541036.2763157894)
[1, 4, 10, 23, 57, 132, 301, 701, 1636, 3755, 8328, 19017]...: 112001040: ACCEPTED IN 207 TRIES, (AVG 541067.8260869565)
[1, 4, 10, 23, 57, 132, 301, 701, 1636, 3755, 8328, 19084]...: 11889851: ACCEPTED IN 22 TRIES, (AVG 540447.7727272727)
[1, 4, 10, 23, 57, 132, 301, 701, 1636, 3755, 8328, 19216]...: 18925268: ACCEPTED IN 35 TRIES, (AVG 540721.9428571429)
[1, 4, 10, 23, 57, 132, 301, 701, 1636, 3755, 8328, 19219]...: 30830905: ACCEPTED IN 57 TRIES, (AVG 540893.0701754387)
[1, 4, 10, 23, 57, 132, 301, 701, 1636, 3755, 8328, 19251]...: 63298558: ACCEPTED IN 117 TRIES, (AVG 541013.3162393162)
[1, 4, 10, 23, 57, 132, 301, 701, 1636, 3755, 8328, 19318]...: 19466907: ACCEPTED IN 36 TRIES, (AVG 540747.4166666666)
[1, 4, 10, 23, 57, 132, 301, 701, 1636, 3755, 8328, 19351]...: 104424895: ACCEPTED IN 193 TRIES, (AVG 541061.6321243524)
[1, 4, 10, 23, 57, 132, 301, 701, 1636, 3755, 8328, 19383]...: 108211871: ACCEPTED IN 200 TRIES, (AVG 541059.355)
[1, 4, 10, 23, 57, 132, 301, 701, 1636, 3755, 8328, 19385]...: 12430975: ACCEPTED IN 23 TRIES, (AVG 540477.1739130435)
[1, 4, 10, 23, 57, 132, 301, 701, 1636, 3755, 8328, 19450]...: 10267286: ACCEPTED IN 19 TRIES, (AVG 540383.4736842106)
[1, 4, 10, 23, 57, 132, 301, 701, 1636, 3755, 8328, 19453]...: 37324039: ACCEPTED IN 69 TRIES, (AVG 540928.1014492754)
[1, 4, 10, 23, 57, 132, 301, 701, 1636, 3755, 8328, 19552]...: 67626995: ACCEPTED IN 125 TRIES, (AVG 541015.96)
[1, 4, 10, 23, 57, 132, 301, 701, 1636, 3755, 8328, 19585]...: 29205025: ACCEPTED IN 54 TRIES, (AVG 540833.7962962963)
[1, 4, 10, 23, 57, 132, 301, 701, 1636, 3755, 8328, 19619]...: 34077359: ACCEPTED IN 63 TRIES, (AVG 540910.4603174604)
[1, 4, 10, 23, 57, 132, 301, 701, 1636, 3755, 8328, 19684]...: 43276586: ACCEPTED IN 80 TRIES, (AVG 540957.325)
[1, 4, 10, 23, 57, 132, 301, 701, 1636, 3755, 8328, 19686]...: 37324123: ACCEPTED IN 69 TRIES, (AVG 540929.3188405797)
[1, 4, 10, 23, 57, 132, 301, 701, 1636, 3755, 8328, 19718]...: 15137782: ACCEPTED IN 28 TRIES, (AVG 540635.0714285715)
[1, 4, 10, 23, 57, 132, 301, 701, 1636, 3755, 8328, 19751]...: 12431631: ACCEPTED IN 23 TRIES, (AVG 540505.695652174)
[1, 4, 10, 23, 57, 132, 301, 701, 1636, 3755, 8328, 19818]...: 60592934: ACCEPTED IN 112 TRIES, (AVG 541008.3392857143)
[1, 4, 10, 23, 57, 132, 301, 701, 1636, 3755, 8328, 19853]...: 57345239: ACCEPTED IN 106 TRIES, (AVG 540992.820754717)
[1, 4, 10, 23, 57, 132, 301, 701, 1636, 3755, 8328, 19920]...: 15137805: ACCEPTED IN 28 TRIES, (AVG 540635.8928571428)
[1, 4, 10, 23, 57, 132, 301, 701, 1636, 3755, 8328, 19952]...: 15137168: ACCEPTED IN 28 TRIES, (AVG 540613.1428571428)
[1, 4, 10, 23, 57, 132, 301, 701, 1636, 3755, 8328, 19985]...: 62216512: ACCEPTED IN 115 TRIES, (AVG 541013.147826087)
