[1, 4, 10, 23, 57, 132, 301, 701, 1654, 3673, 8506, 18726]...: 12430628: ACCEPTED IN 23 TRIES, (AVG 540462.0869565217)
[1, 4, 10, 23, 57, 132, 301, 701, 1654, 3673, 8506, 18738]...: 15678073: ACCEPTED IN 29 TRIES, (AVG 540623.2068965518)
[1, 4, 10, 23, 57, 132, 301, 701, 1654, 3673, 8506, 18830]...: 11890885: ACCEPTED IN 22 TRIES, (AVG 540494.7727272727)
[1, 4, 10, 23, 57, 132, 301, 701, 1654, 3673, 8506, 18858]...: 15679122: ACCEPTED IN 29 TRIES, (AVG 540659.3793103448)
[1, 4, 10, 23, 57, 132, 301, 701, 1654, 3673, 8506, 18867]...: 15678322: ACCEPTED IN 29 TRIES, (AVG 540631.7931034482)
[1, 4, 10, 23, 57, 132, 301, 701, 1654, 3673, 8506, 18871]...: 16220228: ACCEPTED IN 30 TRIES, (AVG 540674.2666666667)
[1, 4, 10, 23, 57, 132, 301, 701, 1654, 3673, 8506, 18962]...: 14055658: ACCEPTED IN 26 TRIES, (AVG 540602.2307692308)
[1, 4, 10, 23, 57, 132, 301, 701, 1654, 3673, 8506, 18990]...: 11890299: ACCEPTED IN 22 TRIES, (AVG 540468.1363636364)
[1, 4, 10, 23, 57, 132, 301, 701, 1654, 3673, 8506, 18999]...: 12972806: ACCEPTED IN 24 TRIES, (AVG 540533.5833333334)
[1, 4, 10, 23, 57, 132, 301, 701, 1654, 3673, 8506, 19003]...: 12972333: ACCEPTED IN 24 TRIES, (AVG 540513.875)
[1, 4, 10, 23, 57, 132, 301, 701, 1654, 3673, 8506, 19094]...: 8102321: ACCEPTED IN 15 TRIES, (AVG 540154.7333333333)
[1, 4, 10, 23, 57, 132, 301, 701, 1654, 3673, 8506, 19131]...: 12431009: ACCEPTED IN 23 TRIES, (AVG 540478.6521739131)
[1, 4, 10, 23, 57, 132, 301, 701, 1654, 3673, 8506, 19135]...: 13514219: ACCEPTED IN 25 TRIES, (AVG 540568.76)
[1, 4, 10, 23, 57, 132, 301, 701, 1654, 3673, 8506, 19168]...: 7561386: ACCEPTED IN 14 TRIES, (AVG 540099.0)
[1, 4, 10, 23, 57, 132, 301, 701, 1654, 3673, 8506, 19226]...: 10267260: ACCEPTED IN 19 TRIES, (AVG 540382.1052631579)
[1, 4, 10, 23, 57, 132, 301, 701, 1654, 3673, 8506, 19263]...: 12973070: ACCEPTED IN 24 TRIES, (AVG 540544.5833333334)
[1, 4, 10, 23, 57, 132, 301, 701, 1654, 3673, 8506, 19267]...: 11349425: ACCEPTED IN 21 TRIES, (AVG 540448.8095238095)
[1, 4, 10, 23, 57, 132, 301, 701, 1654, 3673, 8506, 19295]...: 9185240: ACCEPTED IN 17 TRIES, (AVG 540308.2352941176)
[1, 4, 10, 23, 57, 132, 301, 701, 1654, 3673, 8506, 19300]...: 12430653: ACCEPTED IN 23 TRIES, (AVG 540463.1739130435)
[1, 4, 10, 23, 57, 132, 301, 701, 1654, 3673, 8506, 19395]...: 3774124: ACCEPTED IN 7 TRIES, (AVG 539160.5714285715)
[1, 4, 10, 23, 57, 132, 301, 701, 1654, 3673, 8506, 19399]...: 7561842: ACCEPTED IN 14 TRIES, (AVG 540131.5714285715)
[1, 4, 10, 23, 57, 132, 301, 701, 1654, 3673, 8506, 19427]...: 10808658: ACCEPTED IN 20 TRIES, (AVG 540432.9)
[1, 4, 10, 23, 57, 132, 301, 701, 1654, 3673, 8506, 19432]...: 6479782: ACCEPTED IN 12 TRIES, (AVG 539981.8333333334)
[1, 4, 10, 23, 57, 132, 301, 701, 1654, 3673, 8506, 19469]...: 8102505: ACCEPTED IN 15 TRIES, (AVG 540167.0)
[1, 4, 10, 23, 57, 132, 301, 701, 1654, 3673, 8506, 19527]...: 11349932: ACCEPTED IN 21 TRIES, (AVG 540472.9523809524)
[1, 4, 10, 23, 57, 132, 301, 701, 1654, 3673, 8506, 19531]...: 7560898: ACCEPTED IN 14 TRIES, (AVG 540064.1428571428)
[1, 4, 10, 23, 57, 132, 301, 701, 1654, 3673, 8506, 19559]...: 10807649: ACCEPTED IN 20 TRIES, (AVG 540382.45)
[1, 4, 10, 23, 57, 132, 301, 701, 1654, 3673, 8506, 19564]...: 11349725: ACCEPTED IN 21 TRIES, (AVG 540463.0952380953)
[1, 4, 10, 23, 57, 132, 301, 701, 1654, 3673, 8506, 19568]...: 7559630: ACCEPTED IN 14 TRIES, (AVG 539973.5714285715)
[1, 4, 10, 23, 57, 132, 301, 701, 1654, 3673, 8506, 19572]...: 9724559: ACCEPTED IN 18 TRIES, (AVG 540253.2777777778)
[1, 4, 10, 23, 57, 132, 301, 701, 1654, 3673, 8506, 19601]...: 10267337: ACCEPTED IN 19 TRIES, (AVG 540386.1578947369)
[1, 4, 10, 23, 57, 132, 301, 701, 1654, 3673, 8506, 19663]...: 10267347: ACCEPTED IN 19 TRIES, (AVG 540386.6842105263)
[1, 4, 10, 23, 57, 132, 301, 701, 1654, 3673, 8506, 19691]...: 5397424: ACCEPTED IN 10 TRIES, (AVG 539742.4)
[1, 4, 10, 23, 57, 132, 301, 701, 1654, 3673, 8506, 19696]...: 9184335: ACCEPTED IN 17 TRIES, (AVG 540255.0)
[1, 4, 10, 23, 57, 132, 301, 701, 1654, 3673, 8506, 19700]...: 13513919: ACCEPTED IN 25 TRIES, (AVG 540556.76)
[1, 4, 10, 23, 57, 132, 301, 701, 1654, 3673, 8506, 19704]...: 7020093: ACCEPTED IN 13 TRIES, (AVG 540007.1538461539)
[1, 4, 10, 23, 57, 132, 301, 701, 1654, 3673, 8506, 19733]...: 5397176: ACCEPTED IN 10 TRIES, (AVG 539717.6)
[1, 4, 10, 23, 57, 132, 301, 701, 1654, 3673, 8506, 19770]...: 7019341: ACCEPTED IN 13 TRIES, (AVG 539949.3076923077)
[1, 4, 10, 23, 57, 132, 301, 701, 1654, 3673, 8506, 19795]...: 7561886: ACCEPTED IN 14 TRIES, (AVG 540134.7142857143)
[1, 4, 10, 23, 57, 132, 301, 701, 1654, 3673, 8506, 19828]...: 8101484: ACCEPTED IN 15 TRIES, (AVG 540098.9333333333)
[1, 4, 10, 23, 57, 132, 301, 701, 1654, 3673, 8506, 19832]...: 9183634: ACCEPTED IN 17 TRIES, (AVG 540213.7647058824)
[1, 4, 10, 23, 57, 132, 301, 701, 1654, 3673, 8506, 19836]...: 7020575: ACCEPTED IN 13 TRIES, (AVG 540044.2307692308)
[1, 4, 10, 23, 57, 132, 301, 701, 1654, 3673, 8506, 19865]...: 9726486: ACCEPTED IN 18 TRIES, (AVG 540360.3333333334)
[1, 4, 10, 23, 57, 132, 301, 701, 1654, 3673, 8506, 19869]...: 4854764: ACCEPTED IN 9 TRIES, (AVG 539418.2222222222)
[1, 4, 10, 23, 57, 132, 301, 701, 1654, 3673, 8506, 19873]...: 6478885: ACCEPTED IN 12 TRIES, (AVG 539907.0833333334)
[1, 4, 10, 23, 57, 132, 301, 701, 1654, 3673, 8506, 19902]...: 10808485: ACCEPTED IN 20 TRIES, (AVG 540424.25)
[1, 4, 10, 23, 57, 132, 301, 701, 1654, 3673, 8506, 19927]...: 9726006: ACCEPTED IN 18 TRIES, (AVG 540333.6666666666)
[1, 4, 10, 23, 57, 132, 301, 701, 1654, 3673, 8506, 19956]...: 7019864: ACCEPTED IN 13 TRIES, (AVG 539989.5384615385)
[1, 4, 10, 23, 57, 132, 301, 701, 1654, 3673, 8506, 19964]...: 12431827: ACCEPTED IN 23 TRIES, (AVG 540514.2173913043)
[1, 4, 10, 23, 57, 132, 301, 701, 1654, 3673, 8506, 19968]...: 5938527: ACCEPTED IN 11 TRIES, (AVG 539866.0909090909)
[1, 4, 10, 23, 57, 132, 301, 701, 1654, 3673, 8506, 19996]...: 12973122: ACCEPTED IN 24 TRIES, (AVG 540546.75)
[1, 4, 10, 23, 57, 132, 301, 701, 1654, 3673, 8506, 19997]...: 9725819: ACCEPTED IN 18 TRIES, (AVG 540323.2777777778)
[1, 4, 10, 23, 57, 132, 301, 701, 1654, 3673, 8506, 20001]...: 9725241: ACCEPTED IN 18 TRIES, (AVG 540291.1666666666)
[1, 4, 10, 23, 57, 132, 301, 701, 1654, 3673, 8506, 20005]...: 7561868: ACCEPTED IN 14 TRIES, (AVG 540133.4285714285)
[1, 4, 10, 23, 57, 132, 301, 701, 1654, 3673, 8506, 20034]...: 9724875: ACCEPTED IN 18 TRIES, (AVG 540270.8333333334)
[1, 4, 10, 23, 57, 132, 301, 701, 1654, 3673, 8506, 20071]...: 7561394: ACCEPTED IN 14 TRIES, (AVG 540099.5714285715)
[1, 4, 10, 23, 57, 132, 301, 701, 1654, 3673, 8506, 20088]...: 9185153: ACCEPTED IN 17 TRIES, (AVG 540303.1176470588)
[1, 4, 10, 23, 57, 132, 301, 701, 1654, 3673, 8506, 20096]...: 5395488: ACCEPTED IN 10 TRIES, (AVG 539548.8)
[1, 4, 10, 23, 57, 132, 301, 701, 1654, 3673, 8506, 20100]...: 7559855: ACCEPTED IN 14 TRIES, (AVG 539989.6428571428)
[1, 4, 10, 23, 57, 132, 301, 701, 1654, 3673, 8506, 20128]...: 10806152: ACCEPTED IN 20 TRIES, (AVG 540307.6)
[1, 4, 10, 23, 57, 132, 301, 701, 1654, 3673, 8506, 20129]...: 11348535: ACCEPTED IN 21 TRIES, (AVG 540406.4285714285)
[1, 4, 10, 23, 57, 132, 301, 701, 1654, 3673, 8506, 20133]...: 4855969: ACCEPTED IN 9 TRIES, (AVG 539552.1111111111)
[1, 4, 10, 23, 57, 132, 301, 701, 1654, 3673, 8506, 20137]...: 10808004: ACCEPTED IN 20 TRIES, (AVG 540400.2)
[1, 4, 10, 23, 57, 132, 301, 701, 1654, 3673, 8506, 20166]...: 12428482: ACCEPTED IN 23 TRIES, (AVG 540368.7826086957)
[1, 4, 10, 23, 57, 132, 301, 701, 1654, 3673, 8506, 20170]...: 5397309: ACCEPTED IN 10 TRIES, (AVG 539730.9)
[1, 4, 10, 23, 57, 132, 301, 701, 1654, 3673, 8506, 20174]...: 11349431: ACCEPTED IN 21 TRIES, (AVG 540449.0952380953)
[1, 4, 10, 23, 57, 132, 301, 701, 1654, 3673, 8506, 20203]...: 8102179: ACCEPTED IN 15 TRIES, (AVG 540145.2666666667)
[1, 4, 10, 23, 57, 132, 301, 701, 1654, 3673, 8506, 20220]...: 4854974: ACCEPTED IN 9 TRIES, (AVG 539441.5555555555)
[1, 4, 10, 23, 57, 132, 301, 701, 1654, 3673, 8506, 20228]...: 6477634: ACCEPTED IN 12 TRIES, (AVG 539802.8333333334)
[1, 4, 10, 23, 57, 132, 301, 701, 1654, 3673, 8506, 20232]...: 6478769: ACCEPTED IN 12 TRIES, (AVG 539897.4166666666)
[1, 4, 10, 23, 57, 132, 301, 701, 1654, 3673, 8506, 20248]...: 9725578: ACCEPTED IN 18 TRIES, (AVG 540309.8888888889)
[1, 4, 10, 23, 57, 132, 301, 701, 1654, 3673, 8506, 20257]...: 7019292: ACCEPTED IN 13 TRIES, (AVG 539945.5384615385)
[1, 4, 10, 23, 57, 132, 301, 701, 1654, 3673, 8506, 20260]...: 11349714: ACCEPTED IN 21 TRIES, (AVG 540462.5714285715)
[1, 4, 10, 23, 57, 132, 301, 701, 1654, 3673, 8506, 20261]...: 9724609: ACCEPTED IN 18 TRIES, (AVG 540256.0555555555)
[1, 4, 10, 23, 57, 132, 301, 701, 1654, 3673, 8506, 20265]...: 12430791: ACCEPTED IN 23 TRIES, (AVG 540469.1739130435)
[1, 4, 10, 23, 57, 132, 301, 701, 1654, 3673, 8506, 20269]...: 4314748: ACCEPTED IN 8 TRIES, (AVG 539343.5)
[1, 4, 10, 23, 57, 132, 301, 701, 1654, 3673, 8506, 20273]...: 5396796: ACCEPTED IN 10 TRIES, (AVG 539679.6)
[1, 4, 10, 23, 57, 132, 301, 701, 1654, 3673, 8506, 20298]...: 10266094: ACCEPTED IN 19 TRIES, (AVG 540320.7368421053)
[1, 4, 10, 23, 57, 132, 301, 701, 1654, 3673, 8506, 20302]...: 11349913: ACCEPTED IN 21 TRIES, (AVG 540472.0476190476)
[1, 4, 10, 23, 57, 132, 301, 701, 1654, 3673, 8506, 20306]...: 5396716: ACCEPTED IN 10 TRIES, (AVG 539671.6)
[1, 4, 10, 23, 57, 132, 301, 701, 1654, 3673, 8506, 20335]...: 7561904: ACCEPTED IN 14 TRIES, (AVG 540136.0)
[1, 4, 10, 23, 57, 132, 301, 701, 1654, 3673, 8506, 20352]...: 9726283: ACCEPTED IN 18 TRIES, (AVG 540349.0555555555)
[1, 4, 10, 23, 57, 132, 301, 701, 1654, 3673, 8506, 20364]...: 7020846: ACCEPTED IN 13 TRIES, (AVG 540065.0769230769)
[1, 4, 10, 23, 57, 132, 301, 701, 1654, 3673, 8506, 20372]...: 7561874: ACCEPTED IN 14 TRIES, (AVG 540133.8571428572)
[1, 4, 10, 23, 57, 132, 301, 701, 1654, 3673, 8506, 20380]...: 8643187: ACCEPTED IN 16 TRIES, (AVG 540199.1875)
[1, 4, 10, 23, 57, 132, 301, 701, 1654, 3673, 8506, 20389]...: 10807198: ACCEPTED IN 20 TRIES, (AVG 540359.9)
[1, 4, 10, 23, 57, 132, 301, 701, 1654, 3673, 8506, 20392]...: 9726403: ACCEPTED IN 18 TRIES, (AVG 540355.7222222222)
[1, 4, 10, 23, 57, 132, 301, 701, 1654, 3673, 8506, 20393]...: 4855898: ACCEPTED IN 9 TRIES, (AVG 539544.2222222222)
[1, 4, 10, 23, 57, 132, 301, 701, 1654, 3673, 8506, 20397]...: 11348654: ACCEPTED IN 21 TRIES, (AVG 540412.0952380953)
[1, 4, 10, 23, 57, 132, 301, 701, 1654, 3673, 8506, 20401]...: 7020938: ACCEPTED IN 13 TRIES, (AVG 540072.1538461539)
[1, 4, 10, 23, 57, 132, 301, 701, 1654, 3673, 8506, 20405]...: 10808446: ACCEPTED IN 20 TRIES, (AVG 540422.3)
