[1, 4, 10, 23, 57, 132, 301, 701, 1654, 3780, 8761, 19277]...: 17301642: ACCEPTED IN 32 TRIES, (AVG 540676.3125)
[1, 4, 10, 23, 57, 132, 301, 701, 1654, 3780, 8761, 19281]...: 14055548: ACCEPTED IN 26 TRIES, (AVG 540598.0)
[1, 4, 10, 23, 57, 132, 301, 701, 1654, 3780, 8761, 19285]...: 7561643: ACCEPTED IN 14 TRIES, (AVG 540117.3571428572)
[1, 4, 10, 23, 57, 132, 301, 701, 1654, 3780, 8761, 19286]...: 13513547: ACCEPTED IN 25 TRIES, (AVG 540541.88)
[1, 4, 10, 23, 57, 132, 301, 701, 1654, 3780, 8761, 19289]...: 12430743: ACCEPTED IN 23 TRIES, (AVG 540467.0869565217)
[1, 4, 10, 23, 57, 132, 301, 701, 1654, 3780, 8761, 19293]...: 5395999: ACCEPTED IN 10 TRIES, (AVG 539599.9)
[1, 4, 10, 23, 57, 132, 301, 701, 1654, 3780, 8761, 19294]...: 14596314: ACCEPTED IN 27 TRIES, (AVG 540604.2222222222)
[1, 4, 10, 23, 57, 132, 301, 701, 1654, 3780, 8761, 19298]...: 18383116: ACCEPTED IN 34 TRIES, (AVG 540679.8823529412)
[1, 4, 10, 23, 57, 132, 301, 701, 1654, 3780, 8761, 19302]...: 8644161: ACCEPTED IN 16 TRIES, (AVG 540260.0625)
[1, 4, 10, 23, 57, 132, 301, 701, 1654, 3780, 8761, 19306]...: 9725899: ACCEPTED IN 18 TRIES, (AVG 540327.7222222222)
[1, 4, 10, 23, 57, 132, 301, 701, 1654, 3780, 8761, 19310]...: 6479327: ACCEPTED IN 12 TRIES, (AVG 539943.9166666666)
[1, 4, 10, 23, 57, 132, 301, 701, 1654, 3780, 8761, 19314]...: 5397061: ACCEPTED IN 10 TRIES, (AVG 539706.1)
[1, 4, 10, 23, 57, 132, 301, 701, 1654, 3780, 8761, 19318]...: 5396775: ACCEPTED IN 10 TRIES, (AVG 539677.5)
[1, 4, 10, 23, 57, 132, 301, 701, 1654, 3780, 8761, 19322]...: 9725043: ACCEPTED IN 18 TRIES, (AVG 540280.1666666666)
[1, 4, 10, 23, 57, 132, 301, 701, 1654, 3780, 8761, 19323]...: 3773378: ACCEPTED IN 7 TRIES, (AVG 539054.0)
[1, 4, 10, 23, 57, 132, 301, 701, 1654, 3780, 8761, 19327]...: 11348169: ACCEPTED IN 21 TRIES, (AVG 540389.0)
[1, 4, 10, 23, 57, 132, 301, 701, 1654, 3780, 8761, 19330]...: 3773732: ACCEPTED IN 7 TRIES, (AVG 539104.5714285715)
[1, 4, 10, 23, 57, 132, 301, 701, 1654, 3780, 8761, 19331]...: 4854853: ACCEPTED IN 9 TRIES, (AVG 539428.1111111111)
[1, 4, 10, 23, 57, 132, 301, 701, 1654, 3780, 8761, 19335]...: 6478466: ACCEPTED IN 12 TRIES, (AVG 539872.1666666666)
[1, 4, 10, 23, 57, 132, 301, 701, 1654, 3780, 8761, 19339]...: 16759606: ACCEPTED IN 31 TRIES, (AVG 540632.4516129033)
[1, 4, 10, 23, 57, 132, 301, 701, 1654, 3780, 8761, 19343]...: 16218604: ACCEPTED IN 30 TRIES, (AVG 540620.1333333333)
[1, 4, 10, 23, 57, 132, 301, 701, 1654, 3780, 8761, 19347]...: 7561005: ACCEPTED IN 14 TRIES, (AVG 540071.7857142857)
[1, 4, 10, 23, 57, 132, 301, 701, 1654, 3780, 8761, 19351]...: 9185219: ACCEPTED IN 17 TRIES, (AVG 540307.0)
[1, 4, 10, 23, 57, 132, 301, 701, 1654, 3780, 8761, 19359]...: 36241784: ACCEPTED IN 67 TRIES, (AVG 540922.1492537314)
[1, 4, 10, 23, 57, 132, 301, 701, 1654, 3780, 8761, 19360]...: 14055552: ACCEPTED IN 26 TRIES, (AVG 540598.1538461539)
[1, 4, 10, 23, 57, 132, 301, 701, 1654, 3780, 8761, 19364]...: 7558945: ACCEPTED IN 14 TRIES, (AVG 539924.6428571428)
[1, 4, 10, 23, 57, 132, 301, 701, 1654, 3780, 8761, 19368]...: 7020925: ACCEPTED IN 13 TRIES, (AVG 540071.1538461539)
[1, 4, 10, 23, 57, 132, 301, 701, 1654, 3780, 8761, 19372]...: 9185364: ACCEPTED IN 17 TRIES, (AVG 540315.5294117647)
[1, 4, 10, 23, 57, 132, 301, 701, 1654, 3780, 8761, 19376]...: 7020328: ACCEPTED IN 13 TRIES, (AVG 540025.2307692308)
[1, 4, 10, 23, 57, 132, 301, 701, 1654, 3780, 8761, 19380]...: 4315100: ACCEPTED IN 8 TRIES, (AVG 539387.5)
[1, 4, 10, 23, 57, 132, 301, 701, 1654, 3780, 8761, 19384]...: 13513502: ACCEPTED IN 25 TRIES, (AVG 540540.08)
[1, 4, 10, 23, 57, 132, 301, 701, 1654, 3780, 8761, 19388]...: 8102274: ACCEPTED IN 15 TRIES, (AVG 540151.6)
[1, 4, 10, 23, 57, 132, 301, 701, 1654, 3780, 8761, 19397]...: 3773096: ACCEPTED IN 7 TRIES, (AVG 539013.7142857143)
[1, 4, 10, 23, 57, 132, 301, 701, 1654, 3780, 8761, 19401]...: 17301577: ACCEPTED IN 32 TRIES, (AVG 540674.28125)
[1, 4, 10, 23, 57, 132, 301, 701, 1654, 3780, 8761, 19405]...: 7017716: ACCEPTED IN 13 TRIES, (AVG 539824.3076923077)
[1, 4, 10, 23, 57, 132, 301, 701, 1654, 3780, 8761, 19409]...: 5397125: ACCEPTED IN 10 TRIES, (AVG 539712.5)
[1, 4, 10, 23, 57, 132, 301, 701, 1654, 3780, 8761, 19413]...: 4315212: ACCEPTED IN 8 TRIES, (AVG 539401.5)
[1, 4, 10, 23, 57, 132, 301, 701, 1654, 3780, 8761, 19414]...: 16220042: ACCEPTED IN 30 TRIES, (AVG 540668.0666666667)
[1, 4, 10, 23, 57, 132, 301, 701, 1654, 3780, 8761, 19417]...: 4855801: ACCEPTED IN 9 TRIES, (AVG 539533.4444444445)
[1, 4, 10, 23, 57, 132, 301, 701, 1654, 3780, 8761, 19418]...: 11888651: ACCEPTED IN 22 TRIES, (AVG 540393.2272727273)
[1, 4, 10, 23, 57, 132, 301, 701, 1654, 3780, 8761, 19421]...: 9724764: ACCEPTED IN 18 TRIES, (AVG 540264.6666666666)
[1, 4, 10, 23, 57, 132, 301, 701, 1654, 3780, 8761, 19425]...: 3774132: ACCEPTED IN 7 TRIES, (AVG 539161.7142857143)
[1, 4, 10, 23, 57, 132, 301, 701, 1654, 3780, 8761, 19430]...: 7020389: ACCEPTED IN 13 TRIES, (AVG 540029.9230769231)
[1, 4, 10, 23, 57, 132, 301, 701, 1654, 3780, 8761, 19434]...: 10267298: ACCEPTED IN 19 TRIES, (AVG 540384.1052631579)
[1, 4, 10, 23, 57, 132, 301, 701, 1654, 3780, 8761, 19438]...: 7020644: ACCEPTED IN 13 TRIES, (AVG 540049.5384615385)
[1, 4, 10, 23, 57, 132, 301, 701, 1654, 3780, 8761, 19442]...: 5396063: ACCEPTED IN 10 TRIES, (AVG 539606.3)
[1, 4, 10, 23, 57, 132, 301, 701, 1654, 3780, 8761, 19446]...: 18382787: ACCEPTED IN 34 TRIES, (AVG 540670.2058823529)
[1, 4, 10, 23, 57, 132, 301, 701, 1654, 3780, 8761, 19450]...: 10808692: ACCEPTED IN 20 TRIES, (AVG 540434.6)
[1, 4, 10, 23, 57, 132, 301, 701, 1654, 3780, 8761, 19454]...: 4855682: ACCEPTED IN 9 TRIES, (AVG 539520.2222222222)
[1, 4, 10, 23, 57, 132, 301, 701, 1654, 3780, 8761, 19455]...: 9182260: ACCEPTED IN 17 TRIES, (AVG 540132.9411764706)
[1, 4, 10, 23, 57, 132, 301, 701, 1654, 3780, 8761, 19458]...: 9725614: ACCEPTED IN 18 TRIES, (AVG 540311.8888888889)
[1, 4, 10, 23, 57, 132, 301, 701, 1654, 3780, 8761, 19459]...: 9184905: ACCEPTED IN 17 TRIES, (AVG 540288.5294117647)
[1, 4, 10, 23, 57, 132, 301, 701, 1654, 3780, 8761, 19462]...: 3773329: ACCEPTED IN 7 TRIES, (AVG 539047.0)
[1, 4, 10, 23, 57, 132, 301, 701, 1654, 3780, 8761, 19463]...: 9725945: ACCEPTED IN 18 TRIES, (AVG 540330.2777777778)
[1, 4, 10, 23, 57, 132, 301, 701, 1654, 3780, 8761, 19467]...: 5937610: ACCEPTED IN 11 TRIES, (AVG 539782.7272727273)
[1, 4, 10, 23, 57, 132, 301, 701, 1654, 3780, 8761, 19471]...: 8103003: ACCEPTED IN 15 TRIES, (AVG 540200.2)
[1, 4, 10, 23, 57, 132, 301, 701, 1654, 3780, 8761, 19475]...: 13513798: ACCEPTED IN 25 TRIES, (AVG 540551.92)
[1, 4, 10, 23, 57, 132, 301, 701, 1654, 3780, 8761, 19479]...: 4314936: ACCEPTED IN 8 TRIES, (AVG 539367.0)
[1, 4, 10, 23, 57, 132, 301, 701, 1654, 3780, 8761, 19483]...: 10265893: ACCEPTED IN 19 TRIES, (AVG 540310.1578947369)
[1, 4, 10, 23, 57, 132, 301, 701, 1654, 3780, 8761, 19491]...: 7020396: ACCEPTED IN 13 TRIES, (AVG 540030.4615384615)
[1, 4, 10, 23, 57, 132, 301, 701, 1654, 3780, 8761, 19492]...: 11349135: ACCEPTED IN 21 TRIES, (AVG 540435.0)
[1, 4, 10, 23, 57, 132, 301, 701, 1654, 3780, 8761, 19496]...: 9185084: ACCEPTED IN 17 TRIES, (AVG 540299.0588235294)
[1, 4, 10, 23, 57, 132, 301, 701, 1654, 3780, 8761, 19500]...: 5396831: ACCEPTED IN 10 TRIES, (AVG 539683.1)
[1, 4, 10, 23, 57, 132, 301, 701, 1654, 3780, 8761, 19504]...: 9183425: ACCEPTED IN 17 TRIES, (AVG 540201.4705882353)
[1, 4, 10, 23, 57, 132, 301, 701, 1654, 3780, 8761, 19508]...: 10808067: ACCEPTED IN 20 TRIES, (AVG 540403.35)
[1, 4, 10, 23, 57, 132, 301, 701, 1654, 3780, 8761, 19512]...: 8644077: ACCEPTED IN 16 TRIES, (AVG 540254.8125)
[1, 4, 10, 23, 57, 132, 301, 701, 1654, 3780, 8761, 19516]...: 9185019: ACCEPTED IN 17 TRIES, (AVG 540295.2352941176)
[1, 4, 10, 23, 57, 132, 301, 701, 1654, 3780, 8761, 19520]...: 5938292: ACCEPTED IN 11 TRIES, (AVG 539844.7272727273)
[1, 4, 10, 23, 57, 132, 301, 701, 1654, 3780, 8761, 19525]...: 17301608: ACCEPTED IN 32 TRIES, (AVG 540675.25)
[1, 4, 10, 23, 57, 132, 301, 701, 1654, 3780, 8761, 19529]...: 3773973: ACCEPTED IN 7 TRIES, (AVG 539139.0)
[1, 4, 10, 23, 57, 132, 301, 701, 1654, 3780, 8761, 19533]...: 7561888: ACCEPTED IN 14 TRIES, (AVG 540134.8571428572)
[1, 4, 10, 23, 57, 132, 301, 701, 1654, 3780, 8761, 19537]...: 5397305: ACCEPTED IN 10 TRIES, (AVG 539730.5)
[1, 4, 10, 23, 57, 132, 301, 701, 1654, 3780, 8761, 19541]...: 5396977: ACCEPTED IN 10 TRIES, (AVG 539697.7)
[1, 4, 10, 23, 57, 132, 301, 701, 1654, 3780, 8761, 19545]...: 6476213: ACCEPTED IN 12 TRIES, (AVG 539684.4166666666)
[1, 4, 10, 23, 57, 132, 301, 701, 1654, 3780, 8761, 19546]...: 7020253: ACCEPTED IN 13 TRIES, (AVG 540019.4615384615)
[1, 4, 10, 23, 57, 132, 301, 701, 1654, 3780, 8761, 19549]...: 11349726: ACCEPTED IN 21 TRIES, (AVG 540463.1428571428)
[1, 4, 10, 23, 57, 132, 301, 701, 1654, 3780, 8761, 19550]...: 7561186: ACCEPTED IN 14 TRIES, (AVG 540084.7142857143)
[1, 4, 10, 23, 57, 132, 301, 701, 1654, 3780, 8761, 19553]...: 14595277: ACCEPTED IN 27 TRIES, (AVG 540565.8148148148)
[1, 4, 10, 23, 57, 132, 301, 701, 1654, 3780, 8761, 19557]...: 3774163: ACCEPTED IN 7 TRIES, (AVG 539166.1428571428)
[1, 4, 10, 23, 57, 132, 301, 701, 1654, 3780, 8761, 19562]...: 9724796: ACCEPTED IN 18 TRIES, (AVG 540266.4444444445)
[1, 4, 10, 23, 57, 132, 301, 701, 1654, 3780, 8761, 19566]...: 4855387: ACCEPTED IN 9 TRIES, (AVG 539487.4444444445)
[1, 4, 10, 23, 57, 132, 301, 701, 1654, 3780, 8761, 19570]...: 8103205: ACCEPTED IN 15 TRIES, (AVG 540213.6666666666)
[1, 4, 10, 23, 57, 132, 301, 701, 1654, 3780, 8761, 19574]...: 14055728: ACCEPTED IN 26 TRIES, (AVG 540604.9230769231)
[1, 4, 10, 23, 57, 132, 301, 701, 1654, 3780, 8761, 19578]...: 7020255: ACCEPTED IN 13 TRIES, (AVG 540019.6153846154)
[1, 4, 10, 23, 57, 132, 301, 701, 1654, 3780, 8761, 19582]...: 5937875: ACCEPTED IN 11 TRIES, (AVG 539806.8181818182)
[1, 4, 10, 23, 57, 132, 301, 701, 1654, 3780, 8761, 19586]...: 9183135: ACCEPTED IN 17 TRIES, (AVG 540184.4117647059)
[1, 4, 10, 23, 57, 132, 301, 701, 1654, 3780, 8761, 19587]...: 9725509: ACCEPTED IN 18 TRIES, (AVG 540306.0555555555)
[1, 4, 10, 23, 57, 132, 301, 701, 1654, 3780, 8761, 19590]...: 4313902: ACCEPTED IN 8 TRIES, (AVG 539237.75)
[1, 4, 10, 23, 57, 132, 301, 701, 1654, 3780, 8761, 19591]...: 8643125: ACCEPTED IN 16 TRIES, (AVG 540195.3125)
[1, 4, 10, 23, 57, 132, 301, 701, 1654, 3780, 8761, 19594]...: 4856225: ACCEPTED IN 9 TRIES, (AVG 539580.5555555555)
[1, 4, 10, 23, 57, 132, 301, 701, 1654, 3780, 8761, 19595]...: 18384704: ACCEPTED IN 34 TRIES, (AVG 540726.5882352941)
[1, 4, 10, 23, 57, 132, 301, 701, 1654, 3780, 8761, 19599]...: 14054225: ACCEPTED IN 26 TRIES, (AVG 540547.1153846154)
[1, 4, 10, 23, 57, 132, 301, 701, 1654, 3780, 8761, 19603]...: 5396486: ACCEPTED IN 10 TRIES, (AVG 539648.6)
[1, 4, 10, 23, 57, 132, 301, 701, 1654, 3780, 8761, 19607]...: 7560785: ACCEPTED IN 14 TRIES, (AVG 540056.0714285715)
[1, 4, 10, 23, 57, 132, 301, 701, 1654, 3780, 8761, 19611]...: 13513934: ACCEPTED IN 25 TRIES, (AVG 540557.36)
[1, 4, 10, 23, 57, 132, 301, 701, 1654, 3780, 8761, 19615]...: 5397024: ACCEPTED IN 10 TRIES, (AVG 539702.4)
[1, 4, 10, 23, 57, 132, 301, 701, 1654, 3780, 8761, 19623]...: 7560970: ACCEPTED IN 14 TRIES, (AVG 540069.2857142857)
[1, 4, 10, 23, 57, 132, 301, 701, 1654, 3780, 8761, 19624]...: 7020593: ACCEPTED IN 13 TRIES, (AVG 540045.6153846154)
[1, 4, 10, 23, 57, 132, 301, 701, 1654, 3780, 8761, 19628]...: 8642982: ACCEPTED IN 16 TRIES, (AVG 540186.375)
[1, 4, 10, 23, 57, 132, 301, 701, 1654, 3780, 8761, 19632]...: 7018377: ACCEPTED IN 13 TRIES, (AVG 539875.1538461539)
[1, 4, 10, 23, 57, 132, 301, 701, 1654, 3780, 8761, 19636]...: 5396871: ACCEPTED IN 10 TRIES, (AVG 539687.1)
[1, 4, 10, 23, 57, 132, 301, 701, 1654, 3780, 8761, 19640]...: 7019900: ACCEPTED IN 13 TRIES, (AVG 539992.3076923077)
[1, 4, 10, 23, 57, 132, 301, 701, 1654, 3780, 8761, 19644]...: 9725454: ACCEPTED IN 18 TRIES, (AVG 540303.0)
[1, 4, 10, 23, 57, 132, 301, 701, 1654, 3780, 8761, 19652]...: 23253989: ACCEPTED IN 43 TRIES, (AVG 540790.4418604651)
[1, 4, 10, 23, 57, 132, 301, 701, 1654, 3780, 8761, 19657]...: 22172680: ACCEPTED IN 41 TRIES, (AVG 540797.0731707317)
[1, 4, 10, 23, 57, 132, 301, 701, 1654, 3780, 8761, 19661]...: 10808496: ACCEPTED IN 20 TRIES, (AVG 540424.8)
[1, 4, 10, 23, 57, 132, 301, 701, 1654, 3780, 8761, 19665]...: 9726577: ACCEPTED IN 18 TRIES, (AVG 540365.3888888889)
[1, 4, 10, 23, 57, 132, 301, 701, 1654, 3780, 8761, 19669]...: 10808714: ACCEPTED IN 20 TRIES, (AVG 540435.7)
[1, 4, 10, 23, 57, 132, 301, 701, 1654, 3780, 8761, 19673]...: 7020352: ACCEPTED IN 13 TRIES, (AVG 540027.0769230769)
[1, 4, 10, 23, 57, 132, 301, 701, 1654, 3780, 8761, 19677]...: 6478200: ACCEPTED IN 12 TRIES, (AVG 539850.0)
[1, 4, 10, 23, 57, 132, 301, 701, 1654, 3780, 8761, 19681]...: 8101494: ACCEPTED IN 15 TRIES, (AVG 540099.6)
[1, 4, 10, 23, 57, 132, 301, 701, 1654, 3780, 8761, 19682]...: 8102594: ACCEPTED IN 15 TRIES, (AVG 540172.9333333333)
[1, 4, 10, 23, 57, 132, 301, 701, 1654, 3780, 8761, 19685]...: 7561569: ACCEPTED IN 14 TRIES, (AVG 540112.0714285715)
[1, 4, 10, 23, 57, 132, 301, 701, 1654, 3780, 8761, 19689]...: 4855995: ACCEPTED IN 9 TRIES, (AVG 539555.0)
[1, 4, 10, 23, 57, 132, 301, 701, 1654, 3780, 8761, 19694]...: 5397046: ACCEPTED IN 10 TRIES, (AVG 539704.6)
[1, 4, 10, 23, 57, 132, 301, 701, 1654, 3780, 8761, 19698]...: 6479148: ACCEPTED IN 12 TRIES, (AVG 539929.0)
[1, 4, 10, 23, 57, 132, 301, 701, 1654, 3780, 8761, 19702]...: 10808493: ACCEPTED IN 20 TRIES, (AVG 540424.65)
[1, 4, 10, 23, 57, 132, 301, 701, 1654, 3780, 8761, 19706]...: 4855385: ACCEPTED IN 9 TRIES, (AVG 539487.2222222222)
[1, 4, 10, 23, 57, 132, 301, 701, 1654, 3780, 8761, 19710]...: 4314857: ACCEPTED IN 8 TRIES, (AVG 539357.125)
[1, 4, 10, 23, 57, 132, 301, 701, 1654, 3780, 8761, 19714]...: 5396791: ACCEPTED IN 10 TRIES, (AVG 539679.1)
[1, 4, 10, 23, 57, 132, 301, 701, 1654, 3780, 8761, 19715]...: 8101778: ACCEPTED IN 15 TRIES, (AVG 540118.5333333333)
[1, 4, 10, 23, 57, 132, 301, 701, 1654, 3780, 8761, 19718]...: 7020201: ACCEPTED IN 13 TRIES, (AVG 540015.4615384615)
[1, 4, 10, 23, 57, 132, 301, 701, 1654, 3780, 8761, 19719]...: 7559805: ACCEPTED IN 14 TRIES, (AVG 539986.0714285715)
[1, 4, 10, 23, 57, 132, 301, 701, 1654, 3780, 8761, 19722]...: 9725509: ACCEPTED IN 18 TRIES, (AVG 540306.0555555555)
[1, 4, 10, 23, 57, 132, 301, 701, 1654, 3780, 8761, 19723]...: 5936974: ACCEPTED IN 11 TRIES, (AVG 539724.9090909091)
[1, 4, 10, 23, 57, 132, 301, 701, 1654, 3780, 8761, 19726]...: 6479840: ACCEPTED IN 12 TRIES, (AVG 539986.6666666666)
[1, 4, 10, 23, 57, 132, 301, 701, 1654, 3780, 8761, 19731]...: 7560315: ACCEPTED IN 14 TRIES, (AVG 540022.5)
[1, 4, 10, 23, 57, 132, 301, 701, 1654, 3780, 8761, 19735]...: 5938679: ACCEPTED IN 11 TRIES, (AVG 539879.9090909091)
[1, 4, 10, 23, 57, 132, 301, 701, 1654, 3780, 8761, 19739]...: 9184342: ACCEPTED IN 17 TRIES, (AVG 540255.4117647059)
[1, 4, 10, 23, 57, 132, 301, 701, 1654, 3780, 8761, 19743]...: 7020621: ACCEPTED IN 13 TRIES, (AVG 540047.7692307692)
[1, 4, 10, 23, 57, 132, 301, 701, 1654, 3780, 8761, 19747]...: 9723436: ACCEPTED IN 18 TRIES, (AVG 540190.8888888889)
[1, 4, 10, 23, 57, 132, 301, 701, 1654, 3780, 8761, 19755]...: 8642047: ACCEPTED IN 16 TRIES, (AVG 540127.9375)
[1, 4, 10, 23, 57, 132, 301, 701, 1654, 3780, 8761, 19756]...: 10265849: ACCEPTED IN 19 TRIES, (AVG 540307.8421052631)
[1, 4, 10, 23, 57, 132, 301, 701, 1654, 3780, 8761, 19759]...: 8101415: ACCEPTED IN 15 TRIES, (AVG 540094.3333333334)
[1, 4, 10, 23, 57, 132, 301, 701, 1654, 3780, 8761, 19760]...: 8644147: ACCEPTED IN 16 TRIES, (AVG 540259.1875)
[1, 4, 10, 23, 57, 132, 301, 701, 1654, 3780, 8761, 19764]...: 7016902: ACCEPTED IN 13 TRIES, (AVG 539761.6923076923)
[1, 4, 10, 23, 57, 132, 301, 701, 1654, 3780, 8761, 19768]...: 14055311: ACCEPTED IN 26 TRIES, (AVG 540588.8846153846)
[1, 4, 10, 23, 57, 132, 301, 701, 1654, 3780, 8761, 19772]...: 4313363: ACCEPTED IN 8 TRIES, (AVG 539170.375)
[1, 4, 10, 23, 57, 132, 301, 701, 1654, 3780, 8761, 19776]...: 3773797: ACCEPTED IN 7 TRIES, (AVG 539113.8571428572)
[1, 4, 10, 23, 57, 132, 301, 701, 1654, 3780, 8761, 19780]...: 4855684: ACCEPTED IN 9 TRIES, (AVG 539520.4444444445)
[1, 4, 10, 23, 57, 132, 301, 701, 1654, 3780, 8761, 19784]...: 10264987: ACCEPTED IN 19 TRIES, (AVG 540262.4736842106)
[1, 4, 10, 23, 57, 132, 301, 701, 1654, 3780, 8761, 19789]...: 7020190: ACCEPTED IN 13 TRIES, (AVG 540014.6153846154)
[1, 4, 10, 23, 57, 132, 301, 701, 1654, 3780, 8761, 19793]...: 5396252: ACCEPTED IN 10 TRIES, (AVG 539625.2)
[1, 4, 10, 23, 57, 132, 301, 701, 1654, 3780, 8761, 19797]...: 9185483: ACCEPTED IN 17 TRIES, (AVG 540322.5294117647)
[1, 4, 10, 23, 57, 132, 301, 701, 1654, 3780, 8761, 19801]...: 14594810: ACCEPTED IN 27 TRIES, (AVG 540548.5185185185)
[1, 4, 10, 23, 57, 132, 301, 701, 1654, 3780, 8761, 19805]...: 5397361: ACCEPTED IN 10 TRIES, (AVG 539736.1)
[1, 4, 10, 23, 57, 132, 301, 701, 1654, 3780, 8761, 19809]...: 4314580: ACCEPTED IN 8 TRIES, (AVG 539322.5)
[1, 4, 10, 23, 57, 132, 301, 701, 1654, 3780, 8761, 19813]...: 5396739: ACCEPTED IN 10 TRIES, (AVG 539673.9)
[1, 4, 10, 23, 57, 132, 301, 701, 1654, 3780, 8761, 19814]...: 5396928: ACCEPTED IN 10 TRIES, (AVG 539692.8)
[1, 4, 10, 23, 57, 132, 301, 701, 1654, 3780, 8761, 19817]...: 8101395: ACCEPTED IN 15 TRIES, (AVG 540093.0)
[1, 4, 10, 23, 57, 132, 301, 701, 1654, 3780, 8761, 19821]...: 7020658: ACCEPTED IN 13 TRIES, (AVG 540050.6153846154)
[1, 4, 10, 23, 57, 132, 301, 701, 1654, 3780, 8761, 19826]...: 5937418: ACCEPTED IN 11 TRIES, (AVG 539765.2727272727)
[1, 4, 10, 23, 57, 132, 301, 701, 1654, 3780, 8761, 19830]...: 7561792: ACCEPTED IN 14 TRIES, (AVG 540128.0)
[1, 4, 10, 23, 57, 132, 301, 701, 1654, 3780, 8761, 19834]...: 7020509: ACCEPTED IN 13 TRIES, (AVG 540039.1538461539)
[1, 4, 10, 23, 57, 132, 301, 701, 1654, 3780, 8761, 19838]...: 10267121: ACCEPTED IN 19 TRIES, (AVG 540374.7894736842)
[1, 4, 10, 23, 57, 132, 301, 701, 1654, 3780, 8761, 19842]...: 10267663: ACCEPTED IN 19 TRIES, (AVG 540403.3157894737)
[1, 4, 10, 23, 57, 132, 301, 701, 1654, 3780, 8761, 19846]...: 14596227: ACCEPTED IN 27 TRIES, (AVG 540601.0)
[1, 4, 10, 23, 57, 132, 301, 701, 1654, 3780, 8761, 19847]...: 8103175: ACCEPTED IN 15 TRIES, (AVG 540211.6666666666)
[1, 4, 10, 23, 57, 132, 301, 701, 1654, 3780, 8761, 19850]...: 8644356: ACCEPTED IN 16 TRIES, (AVG 540272.25)
[1, 4, 10, 23, 57, 132, 301, 701, 1654, 3780, 8761, 19851]...: 9185171: ACCEPTED IN 17 TRIES, (AVG 540304.1764705882)
[1, 4, 10, 23, 57, 132, 301, 701, 1654, 3780, 8761, 19854]...: 4314509: ACCEPTED IN 8 TRIES, (AVG 539313.625)
[1, 4, 10, 23, 57, 132, 301, 701, 1654, 3780, 8761, 19855]...: 7560660: ACCEPTED IN 14 TRIES, (AVG 540047.1428571428)
[1, 4, 10, 23, 57, 132, 301, 701, 1654, 3780, 8761, 19858]...: 4314700: ACCEPTED IN 8 TRIES, (AVG 539337.5)
[1, 4, 10, 23, 57, 132, 301, 701, 1654, 3780, 8761, 19863]...: 6479353: ACCEPTED IN 12 TRIES, (AVG 539946.0833333334)
[1, 4, 10, 23, 57, 132, 301, 701, 1654, 3780, 8761, 19867]...: 7019463: ACCEPTED IN 13 TRIES, (AVG 539958.6923076923)
[1, 4, 10, 23, 57, 132, 301, 701, 1654, 3780, 8761, 19871]...: 6478097: ACCEPTED IN 12 TRIES, (AVG 539841.4166666666)
[1, 4, 10, 23, 57, 132, 301, 701, 1654, 3780, 8761, 19875]...: 6478193: ACCEPTED IN 12 TRIES, (AVG 539849.4166666666)
[1, 4, 10, 23, 57, 132, 301, 701, 1654, 3780, 8761, 19879]...: 9185299: ACCEPTED IN 17 TRIES, (AVG 540311.7058823529)
[1, 4, 10, 23, 57, 132, 301, 701, 1654, 3780, 8761, 19887]...: 11890659: ACCEPTED IN 22 TRIES, (AVG 540484.5)
[1, 4, 10, 23, 57, 132, 301, 701, 1654, 3780, 8761, 19888]...: 3773169: ACCEPTED IN 7 TRIES, (AVG 539024.1428571428)
[1, 4, 10, 23, 57, 132, 301, 701, 1654, 3780, 8761, 19891]...: 6479268: ACCEPTED IN 12 TRIES, (AVG 539939.0)
[1, 4, 10, 23, 57, 132, 301, 701, 1654, 3780, 8761, 19892]...: 8641665: ACCEPTED IN 16 TRIES, (AVG 540104.0625)
[1, 4, 10, 23, 57, 132, 301, 701, 1654, 3780, 8761, 19896]...: 13514584: ACCEPTED IN 25 TRIES, (AVG 540583.36)
[1, 4, 10, 23, 57, 132, 301, 701, 1654, 3780, 8761, 19900]...: 9725753: ACCEPTED IN 18 TRIES, (AVG 540319.6111111111)
[1, 4, 10, 23, 57, 132, 301, 701, 1654, 3780, 8761, 19904]...: 7561830: ACCEPTED IN 14 TRIES, (AVG 540130.7142857143)
[1, 4, 10, 23, 57, 132, 301, 701, 1654, 3780, 8761, 19908]...: 6479756: ACCEPTED IN 12 TRIES, (AVG 539979.6666666666)
[1, 4, 10, 23, 57, 132, 301, 701, 1654, 3780, 8761, 19912]...: 8642543: ACCEPTED IN 16 TRIES, (AVG 540158.9375)
[1, 4, 10, 23, 57, 132, 301, 701, 1654, 3780, 8761, 19916]...: 9185358: ACCEPTED IN 17 TRIES, (AVG 540315.1764705882)
[1, 4, 10, 23, 57, 132, 301, 701, 1654, 3780, 8761, 19921]...: 9722752: ACCEPTED IN 18 TRIES, (AVG 540152.8888888889)
[1, 4, 10, 23, 57, 132, 301, 701, 1654, 3780, 8761, 19925]...: 9725466: ACCEPTED IN 18 TRIES, (AVG 540303.6666666666)
[1, 4, 10, 23, 57, 132, 301, 701, 1654, 3780, 8761, 19929]...: 3770965: ACCEPTED IN 7 TRIES, (AVG 538709.2857142857)
[1, 4, 10, 23, 57, 132, 301, 701, 1654, 3780, 8761, 19933]...: 6477981: ACCEPTED IN 12 TRIES, (AVG 539831.75)
[1, 4, 10, 23, 57, 132, 301, 701, 1654, 3780, 8761, 19937]...: 9724309: ACCEPTED IN 18 TRIES, (AVG 540239.3888888889)
[1, 4, 10, 23, 57, 132, 301, 701, 1654, 3780, 8761, 19941]...: 3231812: ACCEPTED IN 6 TRIES, (AVG 538635.3333333334)
[1, 4, 10, 23, 57, 132, 301, 701, 1654, 3780, 8761, 19945]...: 8102026: ACCEPTED IN 15 TRIES, (AVG 540135.0666666667)
[1, 4, 10, 23, 57, 132, 301, 701, 1654, 3780, 8761, 19946]...: 4856234: ACCEPTED IN 9 TRIES, (AVG 539581.5555555555)
[1, 4, 10, 23, 57, 132, 301, 701, 1654, 3780, 8761, 19949]...: 18383048: ACCEPTED IN 34 TRIES, (AVG 540677.8823529412)
[1, 4, 10, 23, 57, 132, 301, 701, 1654, 3780, 8761, 19953]...: 5396496: ACCEPTED IN 10 TRIES, (AVG 539649.6)
[1, 4, 10, 23, 57, 132, 301, 701, 1654, 3780, 8761, 19958]...: 6479114: ACCEPTED IN 12 TRIES, (AVG 539926.1666666666)
[1, 4, 10, 23, 57, 132, 301, 701, 1654, 3780, 8761, 19962]...: 4313281: ACCEPTED IN 8 TRIES, (AVG 539160.125)
[1, 4, 10, 23, 57, 132, 301, 701, 1654, 3780, 8761, 19966]...: 8101373: ACCEPTED IN 15 TRIES, (AVG 540091.5333333333)
[1, 4, 10, 23, 57, 132, 301, 701, 1654, 3780, 8761, 19970]...: 7561086: ACCEPTED IN 14 TRIES, (AVG 540077.5714285715)
[1, 4, 10, 23, 57, 132, 301, 701, 1654, 3780, 8761, 19974]...: 4855519: ACCEPTED IN 9 TRIES, (AVG 539502.1111111111)
[1, 4, 10, 23, 57, 132, 301, 701, 1654, 3780, 8761, 19978]...: 4311103: ACCEPTED IN 8 TRIES, (AVG 538887.875)
[1, 4, 10, 23, 57, 132, 301, 701, 1654, 3780, 8761, 19982]...: 5937604: ACCEPTED IN 11 TRIES, (AVG 539782.1818181818)
[1, 4, 10, 23, 57, 132, 301, 701, 1654, 3780, 8761, 19983]...: 4313992: ACCEPTED IN 8 TRIES, (AVG 539249.0)
[1, 4, 10, 23, 57, 132, 301, 701, 1654, 3780, 8761, 19986]...: 5938235: ACCEPTED IN 11 TRIES, (AVG 539839.5454545454)
[1, 4, 10, 23, 57, 132, 301, 701, 1654, 3780, 8761, 19987]...: 7561747: ACCEPTED IN 14 TRIES, (AVG 540124.7857142857)
[1, 4, 10, 23, 57, 132, 301, 701, 1654, 3780, 8761, 19990]...: 9184705: ACCEPTED IN 17 TRIES, (AVG 540276.7647058824)
[1, 4, 10, 23, 57, 132, 301, 701, 1654, 3780, 8761, 19995]...: 8644348: ACCEPTED IN 16 TRIES, (AVG 540271.75)
[1, 4, 10, 23, 57, 132, 301, 701, 1654, 3780, 8761, 19999]...: 4314604: ACCEPTED IN 8 TRIES, (AVG 539325.5)
[1, 4, 10, 23, 57, 132, 301, 701, 1654, 3780, 8761, 20003]...: 5938125: ACCEPTED IN 11 TRIES, (AVG 539829.5454545454)
[1, 4, 10, 23, 57, 132, 301, 701, 1654, 3780, 8761, 20007]...: 3773735: ACCEPTED IN 7 TRIES, (AVG 539105.0)
[1, 4, 10, 23, 57, 132, 301, 701, 1654, 3780, 8761, 20011]...: 9184616: ACCEPTED IN 17 TRIES, (AVG 540271.5294117647)
[1, 4, 10, 23, 57, 132, 301, 701, 1654, 3780, 8761, 20016]...: 9723870: ACCEPTED IN 18 TRIES, (AVG 540215.0)
[1, 4, 10, 23, 57, 132, 301, 701, 1654, 3780, 8761, 20019]...: 5394688: ACCEPTED IN 10 TRIES, (AVG 539468.8)
[1, 4, 10, 23, 57, 132, 301, 701, 1654, 3780, 8761, 20020]...: 7561716: ACCEPTED IN 14 TRIES, (AVG 540122.5714285715)
[1, 4, 10, 23, 57, 132, 301, 701, 1654, 3780, 8761, 20023]...: 7561745: ACCEPTED IN 14 TRIES, (AVG 540124.6428571428)
[1, 4, 10, 23, 57, 132, 301, 701, 1654, 3780, 8761, 20024]...: 5937533: ACCEPTED IN 11 TRIES, (AVG 539775.7272727273)
[1, 4, 10, 23, 57, 132, 301, 701, 1654, 3780, 8761, 20028]...: 9184097: ACCEPTED IN 17 TRIES, (AVG 540241.0)
[1, 4, 10, 23, 57, 132, 301, 701, 1654, 3780, 8761, 20032]...: 13513940: ACCEPTED IN 25 TRIES, (AVG 540557.6)
[1, 4, 10, 23, 57, 132, 301, 701, 1654, 3780, 8761, 20036]...: 4314293: ACCEPTED IN 8 TRIES, (AVG 539286.625)
[1, 4, 10, 23, 57, 132, 301, 701, 1654, 3780, 8761, 20040]...: 5938538: ACCEPTED IN 11 TRIES, (AVG 539867.0909090909)
[1, 4, 10, 23, 57, 132, 301, 701, 1654, 3780, 8761, 20044]...: 15679004: ACCEPTED IN 29 TRIES, (AVG 540655.3103448276)
[1, 4, 10, 23, 57, 132, 301, 701, 1654, 3780, 8761, 20048]...: 15678741: ACCEPTED IN 29 TRIES, (AVG 540646.2413793104)
[1, 4, 10, 23, 57, 132, 301, 701, 1654, 3780, 8761, 20053]...: 8642314: ACCEPTED IN 16 TRIES, (AVG 540144.625)
[1, 4, 10, 23, 57, 132, 301, 701, 1654, 3780, 8761, 20057]...: 4855177: ACCEPTED IN 9 TRIES, (AVG 539464.1111111111)
[1, 4, 10, 23, 57, 132, 301, 701, 1654, 3780, 8761, 20060]...: 4856195: ACCEPTED IN 9 TRIES, (AVG 539577.2222222222)
[1, 4, 10, 23, 57, 132, 301, 701, 1654, 3780, 8761, 20061]...: 5397511: ACCEPTED IN 10 TRIES, (AVG 539751.1)
[1, 4, 10, 23, 57, 132, 301, 701, 1654, 3780, 8761, 20065]...: 4314568: ACCEPTED IN 8 TRIES, (AVG 539321.0)
[1, 4, 10, 23, 57, 132, 301, 701, 1654, 3780, 8761, 20069]...: 5396455: ACCEPTED IN 10 TRIES, (AVG 539645.5)
[1, 4, 10, 23, 57, 132, 301, 701, 1654, 3780, 8761, 20073]...: 8102473: ACCEPTED IN 15 TRIES, (AVG 540164.8666666667)
[1, 4, 10, 23, 57, 132, 301, 701, 1654, 3780, 8761, 20077]...: 4314209: ACCEPTED IN 8 TRIES, (AVG 539276.125)
[1, 4, 10, 23, 57, 132, 301, 701, 1654, 3780, 8761, 20081]...: 12431948: ACCEPTED IN 23 TRIES, (AVG 540519.4782608695)
[1, 4, 10, 23, 57, 132, 301, 701, 1654, 3780, 8761, 20085]...: 7018717: ACCEPTED IN 13 TRIES, (AVG 539901.3076923077)
[1, 4, 10, 23, 57, 132, 301, 701, 1654, 3780, 8761, 20090]...: 7561292: ACCEPTED IN 14 TRIES, (AVG 540092.2857142857)
[1, 4, 10, 23, 57, 132, 301, 701, 1654, 3780, 8761, 20094]...: 4855723: ACCEPTED IN 9 TRIES, (AVG 539524.7777777778)
[1, 4, 10, 23, 57, 132, 301, 701, 1654, 3780, 8761, 20098]...: 14055144: ACCEPTED IN 26 TRIES, (AVG 540582.4615384615)
[1, 4, 10, 23, 57, 132, 301, 701, 1654, 3780, 8761, 20102]...: 5937027: ACCEPTED IN 11 TRIES, (AVG 539729.7272727273)
[1, 4, 10, 23, 57, 132, 301, 701, 1654, 3780, 8761, 20106]...: 5397560: ACCEPTED IN 10 TRIES, (AVG 539756.0)
[1, 4, 10, 23, 57, 132, 301, 701, 1654, 3780, 8761, 20110]...: 5397375: ACCEPTED IN 10 TRIES, (AVG 539737.5)
[1, 4, 10, 23, 57, 132, 301, 701, 1654, 3780, 8761, 20114]...: 3231795: ACCEPTED IN 6 TRIES, (AVG 538632.5)
[1, 4, 10, 23, 57, 132, 301, 701, 1654, 3780, 8761, 20115]...: 6478611: ACCEPTED IN 12 TRIES, (AVG 539884.25)
[1, 4, 10, 23, 57, 132, 301, 701, 1654, 3780, 8761, 20118]...: 4855644: ACCEPTED IN 9 TRIES, (AVG 539516.0)
[1, 4, 10, 23, 57, 132, 301, 701, 1654, 3780, 8761, 20119]...: 5394745: ACCEPTED IN 10 TRIES, (AVG 539474.5)
[1, 4, 10, 23, 57, 132, 301, 701, 1654, 3780, 8761, 20127]...: 5938686: ACCEPTED IN 11 TRIES, (AVG 539880.5454545454)
[1, 4, 10, 23, 57, 132, 301, 701, 1654, 3780, 8761, 20131]...: 8103206: ACCEPTED IN 15 TRIES, (AVG 540213.7333333333)
[1, 4, 10, 23, 57, 132, 301, 701, 1654, 3780, 8761, 20135]...: 6477829: ACCEPTED IN 12 TRIES, (AVG 539819.0833333334)
[1, 4, 10, 23, 57, 132, 301, 701, 1654, 3780, 8761, 20139]...: 7559686: ACCEPTED IN 14 TRIES, (AVG 539977.5714285715)
[1, 4, 10, 23, 57, 132, 301, 701, 1654, 3780, 8761, 20143]...: 5397379: ACCEPTED IN 10 TRIES, (AVG 539737.9)
[1, 4, 10, 23, 57, 132, 301, 701, 1654, 3780, 8761, 20148]...: 4854486: ACCEPTED IN 9 TRIES, (AVG 539387.3333333334)
[1, 4, 10, 23, 57, 132, 301, 701, 1654, 3780, 8761, 20151]...: 9184782: ACCEPTED IN 17 TRIES, (AVG 540281.2941176471)
[1, 4, 10, 23, 57, 132, 301, 701, 1654, 3780, 8761, 20152]...: 4314230: ACCEPTED IN 8 TRIES, (AVG 539278.75)
[1, 4, 10, 23, 57, 132, 301, 701, 1654, 3780, 8761, 20155]...: 4855355: ACCEPTED IN 9 TRIES, (AVG 539483.8888888889)
[1, 4, 10, 23, 57, 132, 301, 701, 1654, 3780, 8761, 20156]...: 7020975: ACCEPTED IN 13 TRIES, (AVG 540075.0)
[1, 4, 10, 23, 57, 132, 301, 701, 1654, 3780, 8761, 20159]...: 4314704: ACCEPTED IN 8 TRIES, (AVG 539338.0)
[1, 4, 10, 23, 57, 132, 301, 701, 1654, 3780, 8761, 20160]...: 6478834: ACCEPTED IN 12 TRIES, (AVG 539902.8333333334)
[1, 4, 10, 23, 57, 132, 301, 701, 1654, 3780, 8761, 20164]...: 4314036: ACCEPTED IN 8 TRIES, (AVG 539254.5)
[1, 4, 10, 23, 57, 132, 301, 701, 1654, 3780, 8761, 20168]...: 7560554: ACCEPTED IN 14 TRIES, (AVG 540039.5714285715)
[1, 4, 10, 23, 57, 132, 301, 701, 1654, 3780, 8761, 20172]...: 13513334: ACCEPTED IN 25 TRIES, (AVG 540533.36)
[1, 4, 10, 23, 57, 132, 301, 701, 1654, 3780, 8761, 20176]...: 5937933: ACCEPTED IN 11 TRIES, (AVG 539812.0909090909)
[1, 4, 10, 23, 57, 132, 301, 701, 1654, 3780, 8761, 20180]...: 7019544: ACCEPTED IN 13 TRIES, (AVG 539964.9230769231)
[1, 4, 10, 23, 57, 132, 301, 701, 1654, 3780, 8761, 20185]...: 4856217: ACCEPTED IN 9 TRIES, (AVG 539579.6666666666)
[1, 4, 10, 23, 57, 132, 301, 701, 1654, 3780, 8761, 20189]...: 8643903: ACCEPTED IN 16 TRIES, (AVG 540243.9375)
[1, 4, 10, 23, 57, 132, 301, 701, 1654, 3780, 8761, 20192]...: 3771710: ACCEPTED IN 7 TRIES, (AVG 538815.7142857143)
[1, 4, 10, 23, 57, 132, 301, 701, 1654, 3780, 8761, 20193]...: 10807905: ACCEPTED IN 20 TRIES, (AVG 540395.25)
[1, 4, 10, 23, 57, 132, 301, 701, 1654, 3780, 8761, 20197]...: 9182688: ACCEPTED IN 17 TRIES, (AVG 540158.1176470588)
[1, 4, 10, 23, 57, 132, 301, 701, 1654, 3780, 8761, 20201]...: 11890878: ACCEPTED IN 22 TRIES, (AVG 540494.4545454546)
[1, 4, 10, 23, 57, 132, 301, 701, 1654, 3780, 8761, 20205]...: 6478901: ACCEPTED IN 12 TRIES, (AVG 539908.4166666666)
[1, 4, 10, 23, 57, 132, 301, 701, 1654, 3780, 8761, 20209]...: 6477379: ACCEPTED IN 12 TRIES, (AVG 539781.5833333334)
[1, 4, 10, 23, 57, 132, 301, 701, 1654, 3780, 8761, 20213]...: 5397055: ACCEPTED IN 10 TRIES, (AVG 539705.5)
[1, 4, 10, 23, 57, 132, 301, 701, 1654, 3780, 8761, 20217]...: 8101064: ACCEPTED IN 15 TRIES, (AVG 540070.9333333333)
[1, 4, 10, 23, 57, 132, 301, 701, 1654, 3780, 8761, 20222]...: 5396833: ACCEPTED IN 10 TRIES, (AVG 539683.3)
[1, 4, 10, 23, 57, 132, 301, 701, 1654, 3780, 8761, 20226]...: 5397223: ACCEPTED IN 10 TRIES, (AVG 539722.3)
[1, 4, 10, 23, 57, 132, 301, 701, 1654, 3780, 8761, 20230]...: 4855833: ACCEPTED IN 9 TRIES, (AVG 539537.0)
[1, 4, 10, 23, 57, 132, 301, 701, 1654, 3780, 8761, 20234]...: 5938157: ACCEPTED IN 11 TRIES, (AVG 539832.4545454546)
[1, 4, 10, 23, 57, 132, 301, 701, 1654, 3780, 8761, 20238]...: 3773107: ACCEPTED IN 7 TRIES, (AVG 539015.2857142857)
[1, 4, 10, 23, 57, 132, 301, 701, 1654, 3780, 8761, 20242]...: 3772128: ACCEPTED IN 7 TRIES, (AVG 538875.4285714285)
[1, 4, 10, 23, 57, 132, 301, 701, 1654, 3780, 8761, 20246]...: 5397300: ACCEPTED IN 10 TRIES, (AVG 539730.0)
[1, 4, 10, 23, 57, 132, 301, 701, 1654, 3780, 8761, 20247]...: 7560761: ACCEPTED IN 14 TRIES, (AVG 540054.3571428572)
[1, 4, 10, 23, 57, 132, 301, 701, 1654, 3780, 8761, 20250]...: 5395706: ACCEPTED IN 10 TRIES, (AVG 539570.6)
[1, 4, 10, 23, 57, 132, 301, 701, 1654, 3780, 8761, 20251]...: 5938513: ACCEPTED IN 11 TRIES, (AVG 539864.8181818182)
[1, 4, 10, 23, 57, 132, 301, 701, 1654, 3780, 8761, 20259]...: 6477775: ACCEPTED IN 12 TRIES, (AVG 539814.5833333334)
[1, 4, 10, 23, 57, 132, 301, 701, 1654, 3780, 8761, 20263]...: 5395754: ACCEPTED IN 10 TRIES, (AVG 539575.4)
[1, 4, 10, 23, 57, 132, 301, 701, 1654, 3780, 8761, 20267]...: 5395881: ACCEPTED IN 10 TRIES, (AVG 539588.1)
[1, 4, 10, 23, 57, 132, 301, 701, 1654, 3780, 8761, 20271]...: 5937457: ACCEPTED IN 11 TRIES, (AVG 539768.8181818182)
[1, 4, 10, 23, 57, 132, 301, 701, 1654, 3780, 8761, 20275]...: 9183012: ACCEPTED IN 17 TRIES, (AVG 540177.1764705882)
[1, 4, 10, 23, 57, 132, 301, 701, 1654, 3780, 8761, 20280]...: 7020335: ACCEPTED IN 13 TRIES, (AVG 540025.7692307692)
[1, 4, 10, 23, 57, 132, 301, 701, 1654, 3780, 8761, 20283]...: 7560910: ACCEPTED IN 14 TRIES, (AVG 540065.0)
[1, 4, 10, 23, 57, 132, 301, 701, 1654, 3780, 8761, 20284]...: 9723790: ACCEPTED IN 18 TRIES, (AVG 540210.5555555555)
[1, 4, 10, 23, 57, 132, 301, 701, 1654, 3780, 8761, 20287]...: 4855453: ACCEPTED IN 9 TRIES, (AVG 539494.7777777778)
[1, 4, 10, 23, 57, 132, 301, 701, 1654, 3780, 8761, 20288]...: 5395248: ACCEPTED IN 10 TRIES, (AVG 539524.8)
[1, 4, 10, 23, 57, 132, 301, 701, 1654, 3780, 8761, 20291]...: 5396876: ACCEPTED IN 10 TRIES, (AVG 539687.6)
[1, 4, 10, 23, 57, 132, 301, 701, 1654, 3780, 8761, 20292]...: 8102831: ACCEPTED IN 15 TRIES, (AVG 540188.7333333333)
[1, 4, 10, 23, 57, 132, 301, 701, 1654, 3780, 8761, 20296]...: 6478963: ACCEPTED IN 12 TRIES, (AVG 539913.5833333334)
[1, 4, 10, 23, 57, 132, 301, 701, 1654, 3780, 8761, 20300]...: 5397310: ACCEPTED IN 10 TRIES, (AVG 539731.0)
[1, 4, 10, 23, 57, 132, 301, 701, 1654, 3780, 8761, 20304]...: 4314787: ACCEPTED IN 8 TRIES, (AVG 539348.375)
[1, 4, 10, 23, 57, 132, 301, 701, 1654, 3780, 8761, 20308]...: 3773536: ACCEPTED IN 7 TRIES, (AVG 539076.5714285715)
[1, 4, 10, 23, 57, 132, 301, 701, 1654, 3780, 8761, 20312]...: 7020832: ACCEPTED IN 13 TRIES, (AVG 540064.0)
[1, 4, 10, 23, 57, 132, 301, 701, 1654, 3780, 8761, 20317]...: 6478773: ACCEPTED IN 12 TRIES, (AVG 539897.75)
[1, 4, 10, 23, 57, 132, 301, 701, 1654, 3780, 8761, 20321]...: 16760970: ACCEPTED IN 31 TRIES, (AVG 540676.4516129033)
[1, 4, 10, 23, 57, 132, 301, 701, 1654, 3780, 8761, 20324]...: 6478517: ACCEPTED IN 12 TRIES, (AVG 539876.4166666666)
[1, 4, 10, 23, 57, 132, 301, 701, 1654, 3780, 8761, 20325]...: 5396758: ACCEPTED IN 10 TRIES, (AVG 539675.8)
[1, 4, 10, 23, 57, 132, 301, 701, 1654, 3780, 8761, 20329]...: 4856202: ACCEPTED IN 9 TRIES, (AVG 539578.0)
[1, 4, 10, 23, 57, 132, 301, 701, 1654, 3780, 8761, 20333]...: 4313809: ACCEPTED IN 8 TRIES, (AVG 539226.125)
[1, 4, 10, 23, 57, 132, 301, 701, 1654, 3780, 8761, 20337]...: 4313069: ACCEPTED IN 8 TRIES, (AVG 539133.625)
[1, 4, 10, 23, 57, 132, 301, 701, 1654, 3780, 8761, 20341]...: 8102882: ACCEPTED IN 15 TRIES, (AVG 540192.1333333333)
[1, 4, 10, 23, 57, 132, 301, 701, 1654, 3780, 8761, 20345]...: 16216856: ACCEPTED IN 30 TRIES, (AVG 540561.8666666667)
[1, 4, 10, 23, 57, 132, 301, 701, 1654, 3780, 8761, 20349]...: 13513818: ACCEPTED IN 25 TRIES, (AVG 540552.72)
[1, 4, 10, 23, 57, 132, 301, 701, 1654, 3780, 8761, 20354]...: 4313346: ACCEPTED IN 8 TRIES, (AVG 539168.25)
[1, 4, 10, 23, 57, 132, 301, 701, 1654, 3780, 8761, 20358]...: 6479195: ACCEPTED IN 12 TRIES, (AVG 539932.9166666666)
[1, 4, 10, 23, 57, 132, 301, 701, 1654, 3780, 8761, 20362]...: 7020782: ACCEPTED IN 13 TRIES, (AVG 540060.1538461539)
[1, 4, 10, 23, 57, 132, 301, 701, 1654, 3780, 8761, 20366]...: 5395761: ACCEPTED IN 10 TRIES, (AVG 539576.1)
[1, 4, 10, 23, 57, 132, 301, 701, 1654, 3780, 8761, 20370]...: 5396840: ACCEPTED IN 10 TRIES, (AVG 539684.0)
[1, 4, 10, 23, 57, 132, 301, 701, 1654, 3780, 8761, 20374]...: 5396559: ACCEPTED IN 10 TRIES, (AVG 539655.9)
[1, 4, 10, 23, 57, 132, 301, 701, 1654, 3780, 8761, 20378]...: 8101938: ACCEPTED IN 15 TRIES, (AVG 540129.2)
[1, 4, 10, 23, 57, 132, 301, 701, 1654, 3780, 8761, 20382]...: 5937045: ACCEPTED IN 11 TRIES, (AVG 539731.3636363636)
[1, 4, 10, 23, 57, 132, 301, 701, 1654, 3780, 8761, 20383]...: 5397142: ACCEPTED IN 10 TRIES, (AVG 539714.2)
[1, 4, 10, 23, 57, 132, 301, 701, 1654, 3780, 8761, 20391]...: 4856295: ACCEPTED IN 9 TRIES, (AVG 539588.3333333334)
[1, 4, 10, 23, 57, 132, 301, 701, 1654, 3780, 8761, 20395]...: 5935860: ACCEPTED IN 11 TRIES, (AVG 539623.6363636364)
[1, 4, 10, 23, 57, 132, 301, 701, 1654, 3780, 8761, 20399]...: 9184532: ACCEPTED IN 17 TRIES, (AVG 540266.5882352941)
[1, 4, 10, 23, 57, 132, 301, 701, 1654, 3780, 8761, 20403]...: 8644301: ACCEPTED IN 16 TRIES, (AVG 540268.8125)
[1, 4, 10, 23, 57, 132, 301, 701, 1654, 3780, 8761, 20407]...: 5395976: ACCEPTED IN 10 TRIES, (AVG 539597.6)
[1, 4, 10, 23, 57, 132, 301, 701, 1654, 3780, 8761, 20411]...: 4314240: ACCEPTED IN 8 TRIES, (AVG 539280.0)
[1, 4, 10, 23, 57, 132, 301, 701, 1654, 3780, 8761, 20412]...: 6479519: ACCEPTED IN 12 TRIES, (AVG 539959.9166666666)
[1, 4, 10, 23, 57, 132, 301, 701, 1654, 3780, 8761, 20415]...: 5394743: ACCEPTED IN 10 TRIES, (AVG 539474.3)
[1, 4, 10, 23, 57, 132, 301, 701, 1654, 3780, 8761, 20416]...: 7019961: ACCEPTED IN 13 TRIES, (AVG 539997.0)
[1, 4, 10, 23, 57, 132, 301, 701, 1654, 3780, 8761, 20419]...: 4854896: ACCEPTED IN 9 TRIES, (AVG 539432.8888888889)
[1, 4, 10, 23, 57, 132, 301, 701, 1654, 3780, 8761, 20420]...: 6479369: ACCEPTED IN 12 TRIES, (AVG 539947.4166666666)
[1, 4, 10, 23, 57, 132, 301, 701, 1654, 3780, 8761, 20424]...: 8100634: ACCEPTED IN 15 TRIES, (AVG 540042.2666666667)
[1, 4, 10, 23, 57, 132, 301, 701, 1654, 3780, 8761, 20428]...: 4856221: ACCEPTED IN 9 TRIES, (AVG 539580.1111111111)
[1, 4, 10, 23, 57, 132, 301, 701, 1654, 3780, 8761, 20432]...: 5396590: ACCEPTED IN 10 TRIES, (AVG 539659.0)
[1, 4, 10, 23, 57, 132, 301, 701, 1654, 3780, 8761, 20436]...: 6477773: ACCEPTED IN 12 TRIES, (AVG 539814.4166666666)
[1, 4, 10, 23, 57, 132, 301, 701, 1654, 3780, 8761, 20440]...: 6479730: ACCEPTED IN 12 TRIES, (AVG 539977.5)
[1, 4, 10, 23, 57, 132, 301, 701, 1654, 3780, 8761, 20444]...: 8102134: ACCEPTED IN 15 TRIES, (AVG 540142.2666666667)
[1, 4, 10, 23, 57, 132, 301, 701, 1654, 3780, 8761, 20449]...: 4854413: ACCEPTED IN 9 TRIES, (AVG 539379.2222222222)
[1, 4, 10, 23, 57, 132, 301, 701, 1654, 3780, 8761, 20453]...: 4314380: ACCEPTED IN 8 TRIES, (AVG 539297.5)
[1, 4, 10, 23, 57, 132, 301, 701, 1654, 3780, 8761, 20456]...: 7020303: ACCEPTED IN 13 TRIES, (AVG 540023.3076923077)
[1, 4, 10, 23, 57, 132, 301, 701, 1654, 3780, 8761, 20457]...: 7019124: ACCEPTED IN 13 TRIES, (AVG 539932.6153846154)
[1, 4, 10, 23, 57, 132, 301, 701, 1654, 3780, 8761, 20460]...: 9725416: ACCEPTED IN 18 TRIES, (AVG 540300.8888888889)
[1, 4, 10, 23, 57, 132, 301, 701, 1654, 3780, 8761, 20461]...: 7020254: ACCEPTED IN 13 TRIES, (AVG 540019.5384615385)
[1, 4, 10, 23, 57, 132, 301, 701, 1654, 3780, 8761, 20465]...: 8102162: ACCEPTED IN 15 TRIES, (AVG 540144.1333333333)
[1, 4, 10, 23, 57, 132, 301, 701, 1654, 3780, 8761, 20469]...: 5397141: ACCEPTED IN 10 TRIES, (AVG 539714.1)
[1, 4, 10, 23, 57, 132, 301, 701, 1654, 3780, 8761, 20473]...: 4312601: ACCEPTED IN 8 TRIES, (AVG 539075.125)
[1, 4, 10, 23, 57, 132, 301, 701, 1654, 3780, 8761, 20477]...: 5395577: ACCEPTED IN 10 TRIES, (AVG 539557.7)
[1, 4, 10, 23, 57, 132, 301, 701, 1654, 3780, 8761, 20481]...: 9725279: ACCEPTED IN 18 TRIES, (AVG 540293.2777777778)
[1, 4, 10, 23, 57, 132, 301, 701, 1654, 3780, 8761, 20486]...: 3773071: ACCEPTED IN 7 TRIES, (AVG 539010.1428571428)
[1, 4, 10, 23, 57, 132, 301, 701, 1654, 3780, 8761, 20490]...: 5396234: ACCEPTED IN 10 TRIES, (AVG 539623.4)
[1, 4, 10, 23, 57, 132, 301, 701, 1654, 3780, 8761, 20494]...: 4312829: ACCEPTED IN 8 TRIES, (AVG 539103.625)
[1, 4, 10, 23, 57, 132, 301, 701, 1654, 3780, 8761, 20498]...: 4856407: ACCEPTED IN 9 TRIES, (AVG 539600.7777777778)
[1, 4, 10, 23, 57, 132, 301, 701, 1654, 3780, 8761, 20502]...: 6479778: ACCEPTED IN 12 TRIES, (AVG 539981.5)
[1, 4, 10, 23, 57, 132, 301, 701, 1654, 3780, 8761, 20506]...: 8101432: ACCEPTED IN 15 TRIES, (AVG 540095.4666666667)
[1, 4, 10, 23, 57, 132, 301, 701, 1654, 3780, 8761, 20510]...: 9725636: ACCEPTED IN 18 TRIES, (AVG 540313.1111111111)
[1, 4, 10, 23, 57, 132, 301, 701, 1654, 3780, 8761, 20514]...: 5397407: ACCEPTED IN 10 TRIES, (AVG 539740.7)
[1, 4, 10, 23, 57, 132, 301, 701, 1654, 3780, 8761, 20515]...: 6479473: ACCEPTED IN 12 TRIES, (AVG 539956.0833333334)
[1, 4, 10, 23, 57, 132, 301, 701, 1654, 3780, 8761, 20523]...: 6479615: ACCEPTED IN 12 TRIES, (AVG 539967.9166666666)
[1, 4, 10, 23, 57, 132, 301, 701, 1654, 3780, 8761, 20527]...: 4312868: ACCEPTED IN 8 TRIES, (AVG 539108.5)
[1, 4, 10, 23, 57, 132, 301, 701, 1654, 3780, 8761, 20531]...: 5938205: ACCEPTED IN 11 TRIES, (AVG 539836.8181818182)
[1, 4, 10, 23, 57, 132, 301, 701, 1654, 3780, 8761, 20535]...: 6478771: ACCEPTED IN 12 TRIES, (AVG 539897.5833333334)
[1, 4, 10, 23, 57, 132, 301, 701, 1654, 3780, 8761, 20539]...: 5397349: ACCEPTED IN 10 TRIES, (AVG 539734.9)
[1, 4, 10, 23, 57, 132, 301, 701, 1654, 3780, 8761, 20543]...: 4315026: ACCEPTED IN 8 TRIES, (AVG 539378.25)
[1, 4, 10, 23, 57, 132, 301, 701, 1654, 3780, 8761, 20544]...: 4315069: ACCEPTED IN 8 TRIES, (AVG 539383.625)
[1, 4, 10, 23, 57, 132, 301, 701, 1654, 3780, 8761, 20547]...: 5395572: ACCEPTED IN 10 TRIES, (AVG 539557.2)
[1, 4, 10, 23, 57, 132, 301, 701, 1654, 3780, 8761, 20548]...: 5396293: ACCEPTED IN 10 TRIES, (AVG 539629.3)
[1, 4, 10, 23, 57, 132, 301, 701, 1654, 3780, 8761, 20551]...: 5396348: ACCEPTED IN 10 TRIES, (AVG 539634.8)
[1, 4, 10, 23, 57, 132, 301, 701, 1654, 3780, 8761, 20552]...: 6478418: ACCEPTED IN 12 TRIES, (AVG 539868.1666666666)
[1, 4, 10, 23, 57, 132, 301, 701, 1654, 3780, 8761, 20556]...: 4854499: ACCEPTED IN 9 TRIES, (AVG 539388.7777777778)
[1, 4, 10, 23, 57, 132, 301, 701, 1654, 3780, 8761, 20560]...: 6478687: ACCEPTED IN 12 TRIES, (AVG 539890.5833333334)
[1, 4, 10, 23, 57, 132, 301, 701, 1654, 3780, 8761, 20564]...: 7020340: ACCEPTED IN 13 TRIES, (AVG 540026.1538461539)
[1, 4, 10, 23, 57, 132, 301, 701, 1654, 3780, 8761, 20568]...: 3772694: ACCEPTED IN 7 TRIES, (AVG 538956.2857142857)
[1, 4, 10, 23, 57, 132, 301, 701, 1654, 3780, 8761, 20572]...: 5396859: ACCEPTED IN 10 TRIES, (AVG 539685.9)
[1, 4, 10, 23, 57, 132, 301, 701, 1654, 3780, 8761, 20576]...: 4315117: ACCEPTED IN 8 TRIES, (AVG 539389.625)
[1, 4, 10, 23, 57, 132, 301, 701, 1654, 3780, 8761, 20581]...: 6478661: ACCEPTED IN 12 TRIES, (AVG 539888.4166666666)
[1, 4, 10, 23, 57, 132, 301, 701, 1654, 3780, 8761, 20585]...: 5397550: ACCEPTED IN 10 TRIES, (AVG 539755.0)
[1, 4, 10, 23, 57, 132, 301, 701, 1654, 3780, 8761, 20588]...: 5937610: ACCEPTED IN 11 TRIES, (AVG 539782.7272727273)
[1, 4, 10, 23, 57, 132, 301, 701, 1654, 3780, 8761, 20589]...: 3773446: ACCEPTED IN 7 TRIES, (AVG 539063.7142857143)
[1, 4, 10, 23, 57, 132, 301, 701, 1654, 3780, 8761, 20592]...: 4314582: ACCEPTED IN 8 TRIES, (AVG 539322.75)
[1, 4, 10, 23, 57, 132, 301, 701, 1654, 3780, 8761, 20593]...: 4315284: ACCEPTED IN 8 TRIES, (AVG 539410.5)
[1, 4, 10, 23, 57, 132, 301, 701, 1654, 3780, 8761, 20597]...: 5937228: ACCEPTED IN 11 TRIES, (AVG 539748.0)
[1, 4, 10, 23, 57, 132, 301, 701, 1654, 3780, 8761, 20601]...: 5936988: ACCEPTED IN 11 TRIES, (AVG 539726.1818181818)
[1, 4, 10, 23, 57, 132, 301, 701, 1654, 3780, 8761, 20605]...: 6478354: ACCEPTED IN 12 TRIES, (AVG 539862.8333333334)
[1, 4, 10, 23, 57, 132, 301, 701, 1654, 3780, 8761, 20609]...: 3769330: ACCEPTED IN 7 TRIES, (AVG 538475.7142857143)
[1, 4, 10, 23, 57, 132, 301, 701, 1654, 3780, 8761, 20618]...: 4856088: ACCEPTED IN 9 TRIES, (AVG 539565.3333333334)
[1, 4, 10, 23, 57, 132, 301, 701, 1654, 3780, 8761, 20622]...: 5938107: ACCEPTED IN 11 TRIES, (AVG 539827.9090909091)
[1, 4, 10, 23, 57, 132, 301, 701, 1654, 3780, 8761, 20626]...: 4853917: ACCEPTED IN 9 TRIES, (AVG 539324.1111111111)
[1, 4, 10, 23, 57, 132, 301, 701, 1654, 3780, 8761, 20630]...: 4312690: ACCEPTED IN 8 TRIES, (AVG 539086.25)
[1, 4, 10, 23, 57, 132, 301, 701, 1654, 3780, 8761, 20634]...: 5937487: ACCEPTED IN 11 TRIES, (AVG 539771.5454545454)
[1, 4, 10, 23, 57, 132, 301, 701, 1654, 3780, 8761, 20638]...: 6479380: ACCEPTED IN 12 TRIES, (AVG 539948.3333333334)
[1, 4, 10, 23, 57, 132, 301, 701, 1654, 3780, 8761, 20642]...: 6479632: ACCEPTED IN 12 TRIES, (AVG 539969.3333333334)
[1, 4, 10, 23, 57, 132, 301, 701, 1654, 3780, 8761, 20646]...: 4315295: ACCEPTED IN 8 TRIES, (AVG 539411.875)
[1, 4, 10, 23, 57, 132, 301, 701, 1654, 3780, 8761, 20647]...: 3770951: ACCEPTED IN 7 TRIES, (AVG 538707.2857142857)
[1, 4, 10, 23, 57, 132, 301, 701, 1654, 3780, 8761, 20655]...: 4856435: ACCEPTED IN 9 TRIES, (AVG 539603.8888888889)
[1, 4, 10, 23, 57, 132, 301, 701, 1654, 3780, 8761, 20659]...: 3772759: ACCEPTED IN 7 TRIES, (AVG 538965.5714285715)
[1, 4, 10, 23, 57, 132, 301, 701, 1654, 3780, 8761, 20663]...: 4855935: ACCEPTED IN 9 TRIES, (AVG 539548.3333333334)
[1, 4, 10, 23, 57, 132, 301, 701, 1654, 3780, 8761, 20667]...: 5936834: ACCEPTED IN 11 TRIES, (AVG 539712.1818181818)
[1, 4, 10, 23, 57, 132, 301, 701, 1654, 3780, 8761, 20671]...: 5395745: ACCEPTED IN 10 TRIES, (AVG 539574.5)
[1, 4, 10, 23, 57, 132, 301, 701, 1654, 3780, 8761, 20675]...: 5937929: ACCEPTED IN 11 TRIES, (AVG 539811.7272727273)
[1, 4, 10, 23, 57, 132, 301, 701, 1654, 3780, 8761, 20676]...: 4314985: ACCEPTED IN 8 TRIES, (AVG 539373.125)
[1, 4, 10, 23, 57, 132, 301, 701, 1654, 3780, 8761, 20679]...: 3771100: ACCEPTED IN 7 TRIES, (AVG 538728.5714285715)
[1, 4, 10, 23, 57, 132, 301, 701, 1654, 3780, 8761, 20683]...: 4313964: ACCEPTED IN 8 TRIES, (AVG 539245.5)
[1, 4, 10, 23, 57, 132, 301, 701, 1654, 3780, 8761, 20684]...: 6479619: ACCEPTED IN 12 TRIES, (AVG 539968.25)
[1, 4, 10, 23, 57, 132, 301, 701, 1654, 3780, 8761, 20688]...: 5396386: ACCEPTED IN 10 TRIES, (AVG 539638.6)
[1, 4, 10, 23, 57, 132, 301, 701, 1654, 3780, 8761, 20692]...: 4315282: ACCEPTED IN 8 TRIES, (AVG 539410.25)
[1, 4, 10, 23, 57, 132, 301, 701, 1654, 3780, 8761, 20696]...: 4314921: ACCEPTED IN 8 TRIES, (AVG 539365.125)
[1, 4, 10, 23, 57, 132, 301, 701, 1654, 3780, 8761, 20700]...: 3232838: ACCEPTED IN 6 TRIES, (AVG 538806.3333333334)
[1, 4, 10, 23, 57, 132, 301, 701, 1654, 3780, 8761, 20704]...: 4314955: ACCEPTED IN 8 TRIES, (AVG 539369.375)
[1, 4, 10, 23, 57, 132, 301, 701, 1654, 3780, 8761, 20708]...: 5938243: ACCEPTED IN 11 TRIES, (AVG 539840.2727272727)
[1, 4, 10, 23, 57, 132, 301, 701, 1654, 3780, 8761, 20712]...: 4314378: ACCEPTED IN 8 TRIES, (AVG 539297.25)
[1, 4, 10, 23, 57, 132, 301, 701, 1654, 3780, 8761, 20713]...: 6479846: ACCEPTED IN 12 TRIES, (AVG 539987.1666666666)
[1, 4, 10, 23, 57, 132, 301, 701, 1654, 3780, 8761, 20717]...: 7018730: ACCEPTED IN 13 TRIES, (AVG 539902.3076923077)
[1, 4, 10, 23, 57, 132, 301, 701, 1654, 3780, 8761, 20720]...: 4315146: ACCEPTED IN 8 TRIES, (AVG 539393.25)
[1, 4, 10, 23, 57, 132, 301, 701, 1654, 3780, 8761, 20721]...: 5937846: ACCEPTED IN 11 TRIES, (AVG 539804.1818181818)
[1, 4, 10, 23, 57, 132, 301, 701, 1654, 3780, 8761, 20725]...: 5937249: ACCEPTED IN 11 TRIES, (AVG 539749.9090909091)
[1, 4, 10, 23, 57, 132, 301, 701, 1654, 3780, 8761, 20729]...: 4855215: ACCEPTED IN 9 TRIES, (AVG 539468.3333333334)
[1, 4, 10, 23, 57, 132, 301, 701, 1654, 3780, 8761, 20730]...: 5397419: ACCEPTED IN 10 TRIES, (AVG 539741.9)
[1, 4, 10, 23, 57, 132, 301, 701, 1654, 3780, 8761, 20733]...: 3771764: ACCEPTED IN 7 TRIES, (AVG 538823.4285714285)
[1, 4, 10, 23, 57, 132, 301, 701, 1654, 3780, 8761, 20737]...: 5395046: ACCEPTED IN 10 TRIES, (AVG 539504.6)
[1, 4, 10, 23, 57, 132, 301, 701, 1654, 3780, 8761, 20741]...: 7561202: ACCEPTED IN 14 TRIES, (AVG 540085.8571428572)
[1, 4, 10, 23, 57, 132, 301, 701, 1654, 3780, 8761, 20750]...: 7020931: ACCEPTED IN 13 TRIES, (AVG 540071.6153846154)
[1, 4, 10, 23, 57, 132, 301, 701, 1654, 3780, 8761, 20754]...: 7561808: ACCEPTED IN 14 TRIES, (AVG 540129.1428571428)
[1, 4, 10, 23, 57, 132, 301, 701, 1654, 3780, 8761, 20758]...: 6476668: ACCEPTED IN 12 TRIES, (AVG 539722.3333333334)
[1, 4, 10, 23, 57, 132, 301, 701, 1654, 3780, 8761, 20761]...: 8102714: ACCEPTED IN 15 TRIES, (AVG 540180.9333333333)
[1, 4, 10, 23, 57, 132, 301, 701, 1654, 3780, 8761, 20762]...: 6479085: ACCEPTED IN 12 TRIES, (AVG 539923.75)
[1, 4, 10, 23, 57, 132, 301, 701, 1654, 3780, 8761, 20766]...: 6479520: ACCEPTED IN 12 TRIES, (AVG 539960.0)
[1, 4, 10, 23, 57, 132, 301, 701, 1654, 3780, 8761, 20767]...: 9183546: ACCEPTED IN 17 TRIES, (AVG 540208.5882352941)
[1, 4, 10, 23, 57, 132, 301, 701, 1654, 3780, 8761, 20770]...: 4313969: ACCEPTED IN 8 TRIES, (AVG 539246.125)
[1, 4, 10, 23, 57, 132, 301, 701, 1654, 3780, 8761, 20774]...: 14055364: ACCEPTED IN 26 TRIES, (AVG 540590.9230769231)
[1, 4, 10, 23, 57, 132, 301, 701, 1654, 3780, 8761, 20778]...: 6479565: ACCEPTED IN 12 TRIES, (AVG 539963.75)
[1, 4, 10, 23, 57, 132, 301, 701, 1654, 3780, 8761, 20787]...: 6477608: ACCEPTED IN 12 TRIES, (AVG 539800.6666666666)
[1, 4, 10, 23, 57, 132, 301, 701, 1654, 3780, 8761, 20791]...: 3773616: ACCEPTED IN 7 TRIES, (AVG 539088.0)
[1, 4, 10, 23, 57, 132, 301, 701, 1654, 3780, 8761, 20795]...: 4854468: ACCEPTED IN 9 TRIES, (AVG 539385.3333333334)
[1, 4, 10, 23, 57, 132, 301, 701, 1654, 3780, 8761, 20799]...: 3773001: ACCEPTED IN 7 TRIES, (AVG 539000.1428571428)
[1, 4, 10, 23, 57, 132, 301, 701, 1654, 3780, 8761, 20803]...: 8102685: ACCEPTED IN 15 TRIES, (AVG 540179.0)
[1, 4, 10, 23, 57, 132, 301, 701, 1654, 3780, 8761, 20807]...: 6478119: ACCEPTED IN 12 TRIES, (AVG 539843.25)
[1, 4, 10, 23, 57, 132, 301, 701, 1654, 3780, 8761, 20808]...: 6479456: ACCEPTED IN 12 TRIES, (AVG 539954.6666666666)
[1, 4, 10, 23, 57, 132, 301, 701, 1654, 3780, 8761, 20811]...: 5395041: ACCEPTED IN 10 TRIES, (AVG 539504.1)
[1, 4, 10, 23, 57, 132, 301, 701, 1654, 3780, 8761, 20815]...: 5394372: ACCEPTED IN 10 TRIES, (AVG 539437.2)
[1, 4, 10, 23, 57, 132, 301, 701, 1654, 3780, 8761, 20816]...: 5395053: ACCEPTED IN 10 TRIES, (AVG 539505.3)
[1, 4, 10, 23, 57, 132, 301, 701, 1654, 3780, 8761, 20820]...: 4855766: ACCEPTED IN 9 TRIES, (AVG 539529.5555555555)
[1, 4, 10, 23, 57, 132, 301, 701, 1654, 3780, 8761, 20824]...: 5937995: ACCEPTED IN 11 TRIES, (AVG 539817.7272727273)
[1, 4, 10, 23, 57, 132, 301, 701, 1654, 3780, 8761, 20828]...: 7020700: ACCEPTED IN 13 TRIES, (AVG 540053.8461538461)
[1, 4, 10, 23, 57, 132, 301, 701, 1654, 3780, 8761, 20832]...: 5937659: ACCEPTED IN 11 TRIES, (AVG 539787.1818181818)
[1, 4, 10, 23, 57, 132, 301, 701, 1654, 3780, 8761, 20836]...: 6479545: ACCEPTED IN 12 TRIES, (AVG 539962.0833333334)
[1, 4, 10, 23, 57, 132, 301, 701, 1654, 3780, 8761, 20840]...: 7561715: ACCEPTED IN 14 TRIES, (AVG 540122.5)
[1, 4, 10, 23, 57, 132, 301, 701, 1654, 3780, 8761, 20844]...: 4313739: ACCEPTED IN 8 TRIES, (AVG 539217.375)
[1, 4, 10, 23, 57, 132, 301, 701, 1654, 3780, 8761, 20845]...: 9724351: ACCEPTED IN 18 TRIES, (AVG 540241.7222222222)
[1, 4, 10, 23, 57, 132, 301, 701, 1654, 3780, 8761, 20849]...: 7561088: ACCEPTED IN 14 TRIES, (AVG 540077.7142857143)
[1, 4, 10, 23, 57, 132, 301, 701, 1654, 3780, 8761, 20852]...: 9726600: ACCEPTED IN 18 TRIES, (AVG 540366.6666666666)
[1, 4, 10, 23, 57, 132, 301, 701, 1654, 3780, 8761, 20853]...: 7561111: ACCEPTED IN 14 TRIES, (AVG 540079.3571428572)
[1, 4, 10, 23, 57, 132, 301, 701, 1654, 3780, 8761, 20857]...: 8102830: ACCEPTED IN 15 TRIES, (AVG 540188.6666666666)
[1, 4, 10, 23, 57, 132, 301, 701, 1654, 3780, 8761, 20861]...: 8102738: ACCEPTED IN 15 TRIES, (AVG 540182.5333333333)
[1, 4, 10, 23, 57, 132, 301, 701, 1654, 3780, 8761, 20862]...: 4314748: ACCEPTED IN 8 TRIES, (AVG 539343.5)
[1, 4, 10, 23, 57, 132, 301, 701, 1654, 3780, 8761, 20865]...: 4314787: ACCEPTED IN 8 TRIES, (AVG 539348.375)
[1, 4, 10, 23, 57, 132, 301, 701, 1654, 3780, 8761, 20869]...: 5938451: ACCEPTED IN 11 TRIES, (AVG 539859.1818181818)
[1, 4, 10, 23, 57, 132, 301, 701, 1654, 3780, 8761, 20873]...: 6476047: ACCEPTED IN 12 TRIES, (AVG 539670.5833333334)
[1, 4, 10, 23, 57, 132, 301, 701, 1654, 3780, 8761, 20882]...: 6476497: ACCEPTED IN 12 TRIES, (AVG 539708.0833333334)
[1, 4, 10, 23, 57, 132, 301, 701, 1654, 3780, 8761, 20886]...: 6479605: ACCEPTED IN 12 TRIES, (AVG 539967.0833333334)
[1, 4, 10, 23, 57, 132, 301, 701, 1654, 3780, 8761, 20890]...: 4856425: ACCEPTED IN 9 TRIES, (AVG 539602.7777777778)
[1, 4, 10, 23, 57, 132, 301, 701, 1654, 3780, 8761, 20893]...: 4313405: ACCEPTED IN 8 TRIES, (AVG 539175.625)
[1, 4, 10, 23, 57, 132, 301, 701, 1654, 3780, 8761, 20894]...: 2691168: ACCEPTED IN 5 TRIES, (AVG 538233.6)
[1, 4, 10, 23, 57, 132, 301, 701, 1654, 3780, 8761, 20898]...: 7561435: ACCEPTED IN 14 TRIES, (AVG 540102.5)
[1, 4, 10, 23, 57, 132, 301, 701, 1654, 3780, 8761, 20899]...: 4315272: ACCEPTED IN 8 TRIES, (AVG 539409.0)
[1, 4, 10, 23, 57, 132, 301, 701, 1654, 3780, 8761, 20902]...: 9185076: ACCEPTED IN 17 TRIES, (AVG 540298.5882352941)
[1, 4, 10, 23, 57, 132, 301, 701, 1654, 3780, 8761, 20906]...: 8102275: ACCEPTED IN 15 TRIES, (AVG 540151.6666666666)
[1, 4, 10, 23, 57, 132, 301, 701, 1654, 3780, 8761, 20910]...: 7561109: ACCEPTED IN 14 TRIES, (AVG 540079.2142857143)
[1, 4, 10, 23, 57, 132, 301, 701, 1654, 3780, 8761, 20919]...: 5938705: ACCEPTED IN 11 TRIES, (AVG 539882.2727272727)
[1, 4, 10, 23, 57, 132, 301, 701, 1654, 3780, 8761, 20923]...: 7560212: ACCEPTED IN 14 TRIES, (AVG 540015.1428571428)
[1, 4, 10, 23, 57, 132, 301, 701, 1654, 3780, 8761, 20927]...: 4855143: ACCEPTED IN 9 TRIES, (AVG 539460.3333333334)
[1, 4, 10, 23, 57, 132, 301, 701, 1654, 3780, 8761, 20931]...: 7020428: ACCEPTED IN 13 TRIES, (AVG 540032.9230769231)
[1, 4, 10, 23, 57, 132, 301, 701, 1654, 3780, 8761, 20935]...: 4313630: ACCEPTED IN 8 TRIES, (AVG 539203.75)
[1, 4, 10, 23, 57, 132, 301, 701, 1654, 3780, 8761, 20939]...: 5397501: ACCEPTED IN 10 TRIES, (AVG 539750.1)
[1, 4, 10, 23, 57, 132, 301, 701, 1654, 3780, 8761, 20940]...: 9184995: ACCEPTED IN 17 TRIES, (AVG 540293.8235294118)
[1, 4, 10, 23, 57, 132, 301, 701, 1654, 3780, 8761, 20943]...: 5396517: ACCEPTED IN 10 TRIES, (AVG 539651.7)
[1, 4, 10, 23, 57, 132, 301, 701, 1654, 3780, 8761, 20947]...: 10267632: ACCEPTED IN 19 TRIES, (AVG 540401.6842105263)
[1, 4, 10, 23, 57, 132, 301, 701, 1654, 3780, 8761, 20948]...: 4315276: ACCEPTED IN 8 TRIES, (AVG 539409.5)
[1, 4, 10, 23, 57, 132, 301, 701, 1654, 3780, 8761, 20952]...: 9184719: ACCEPTED IN 17 TRIES, (AVG 540277.5882352941)
[1, 4, 10, 23, 57, 132, 301, 701, 1654, 3780, 8761, 20956]...: 8103180: ACCEPTED IN 15 TRIES, (AVG 540212.0)
[1, 4, 10, 23, 57, 132, 301, 701, 1654, 3780, 8761, 20960]...: 11890409: ACCEPTED IN 22 TRIES, (AVG 540473.1363636364)
[1, 4, 10, 23, 57, 132, 301, 701, 1654, 3780, 8761, 20964]...: 4855963: ACCEPTED IN 9 TRIES, (AVG 539551.4444444445)
[1, 4, 10, 23, 57, 132, 301, 701, 1654, 3780, 8761, 20968]...: 8103102: ACCEPTED IN 15 TRIES, (AVG 540206.8)
[1, 4, 10, 23, 57, 132, 301, 701, 1654, 3780, 8761, 20972]...: 7020748: ACCEPTED IN 13 TRIES, (AVG 540057.5384615385)
[1, 4, 10, 23, 57, 132, 301, 701, 1654, 3780, 8761, 20976]...: 4312902: ACCEPTED IN 8 TRIES, (AVG 539112.75)
[1, 4, 10, 23, 57, 132, 301, 701, 1654, 3780, 8761, 20977]...: 3230860: ACCEPTED IN 6 TRIES, (AVG 538476.6666666666)
[1, 4, 10, 23, 57, 132, 301, 701, 1654, 3780, 8761, 20981]...: 8101298: ACCEPTED IN 15 TRIES, (AVG 540086.5333333333)
[1, 4, 10, 23, 57, 132, 301, 701, 1654, 3780, 8761, 20984]...: 14055169: ACCEPTED IN 26 TRIES, (AVG 540583.4230769231)
[1, 4, 10, 23, 57, 132, 301, 701, 1654, 3780, 8761, 20985]...: 6479612: ACCEPTED IN 12 TRIES, (AVG 539967.6666666666)
[1, 4, 10, 23, 57, 132, 301, 701, 1654, 3780, 8761, 20989]...: 5397182: ACCEPTED IN 10 TRIES, (AVG 539718.2)
[1, 4, 10, 23, 57, 132, 301, 701, 1654, 3780, 8761, 20993]...: 9725597: ACCEPTED IN 18 TRIES, (AVG 540310.9444444445)
[1, 4, 10, 23, 57, 132, 301, 701, 1654, 3780, 8761, 20994]...: 3773409: ACCEPTED IN 7 TRIES, (AVG 539058.4285714285)
[1, 4, 10, 23, 57, 132, 301, 701, 1654, 3780, 8761, 20997]...: 6478179: ACCEPTED IN 12 TRIES, (AVG 539848.25)
[1, 4, 10, 23, 57, 132, 301, 701, 1654, 3780, 8761, 21001]...: 6478665: ACCEPTED IN 12 TRIES, (AVG 539888.75)
[1, 4, 10, 23, 57, 132, 301, 701, 1654, 3780, 8761, 21005]...: 3773006: ACCEPTED IN 7 TRIES, (AVG 539000.8571428572)
[1, 4, 10, 23, 57, 132, 301, 701, 1654, 3780, 8761, 21013]...: 6477268: ACCEPTED IN 12 TRIES, (AVG 539772.3333333334)
[1, 4, 10, 23, 57, 132, 301, 701, 1654, 3780, 8761, 21014]...: 5396218: ACCEPTED IN 10 TRIES, (AVG 539621.8)
[1, 4, 10, 23, 57, 132, 301, 701, 1654, 3780, 8761, 21018]...: 4315025: ACCEPTED IN 8 TRIES, (AVG 539378.125)
[1, 4, 10, 23, 57, 132, 301, 701, 1654, 3780, 8761, 21022]...: 5395796: ACCEPTED IN 10 TRIES, (AVG 539579.6)
[1, 4, 10, 23, 57, 132, 301, 701, 1654, 3780, 8761, 21026]...: 4856396: ACCEPTED IN 9 TRIES, (AVG 539599.5555555555)
