[1, 4, 10, 23, 57, 132, 301, 701, 1654, 3780, 8557, 18848]...: 23254712: ACCEPTED IN 43 TRIES, (AVG 540807.2558139535)
[1, 4, 10, 23, 57, 132, 301, 701, 1654, 3780, 8557, 18881]...: 16760980: ACCEPTED IN 31 TRIES, (AVG 540676.7741935484)
[1, 4, 10, 23, 57, 132, 301, 701, 1654, 3780, 8557, 18885]...: 10807663: ACCEPTED IN 20 TRIES, (AVG 540383.15)
[1, 4, 10, 23, 57, 132, 301, 701, 1654, 3780, 8557, 18914]...: 17843688: ACCEPTED IN 33 TRIES, (AVG 540717.8181818182)
[1, 4, 10, 23, 57, 132, 301, 701, 1654, 3780, 8557, 18918]...: 18925936: ACCEPTED IN 35 TRIES, (AVG 540741.0285714286)
[1, 4, 10, 23, 57, 132, 301, 701, 1654, 3780, 8557, 18922]...: 20549298: ACCEPTED IN 38 TRIES, (AVG 540771.0)
[1, 4, 10, 23, 57, 132, 301, 701, 1654, 3780, 8557, 18951]...: 22711687: ACCEPTED IN 42 TRIES, (AVG 540754.4523809524)
[1, 4, 10, 23, 57, 132, 301, 701, 1654, 3780, 8557, 18980]...: 32994901: ACCEPTED IN 61 TRIES, (AVG 540900.0163934426)
[1, 4, 10, 23, 57, 132, 301, 701, 1654, 3780, 8557, 19013]...: 17301323: ACCEPTED IN 32 TRIES, (AVG 540666.34375)
[1, 4, 10, 23, 57, 132, 301, 701, 1654, 3780, 8557, 19017]...: 19466698: ACCEPTED IN 36 TRIES, (AVG 540741.6111111111)
[1, 4, 10, 23, 57, 132, 301, 701, 1654, 3780, 8557, 19050]...: 41112105: ACCEPTED IN 76 TRIES, (AVG 540948.75)
[1, 4, 10, 23, 57, 132, 301, 701, 1654, 3780, 8557, 19054]...: 5938551: ACCEPTED IN 11 TRIES, (AVG 539868.2727272727)
[1, 4, 10, 23, 57, 132, 301, 701, 1654, 3780, 8557, 19083]...: 22172754: ACCEPTED IN 41 TRIES, (AVG 540798.8780487805)
[1, 4, 10, 23, 57, 132, 301, 701, 1654, 3780, 8557, 19112]...: 27042993: ACCEPTED IN 50 TRIES, (AVG 540859.86)
[1, 4, 10, 23, 57, 132, 301, 701, 1654, 3780, 8557, 19120]...: 25416421: ACCEPTED IN 47 TRIES, (AVG 540774.914893617)
[1, 4, 10, 23, 57, 132, 301, 701, 1654, 3780, 8557, 19149]...: 23253652: ACCEPTED IN 43 TRIES, (AVG 540782.6046511628)
[1, 4, 10, 23, 57, 132, 301, 701, 1654, 3780, 8557, 19182]...: 44358481: ACCEPTED IN 82 TRIES, (AVG 540957.0853658536)
[1, 4, 10, 23, 57, 132, 301, 701, 1654, 3780, 8557, 19186]...: 16760283: ACCEPTED IN 31 TRIES, (AVG 540654.2903225806)
[1, 4, 10, 23, 57, 132, 301, 701, 1654, 3780, 8557, 19215]...: 28665651: ACCEPTED IN 53 TRIES, (AVG 540861.3396226416)
[1, 4, 10, 23, 57, 132, 301, 701, 1654, 3780, 8557, 19219]...: 20546759: ACCEPTED IN 38 TRIES, (AVG 540704.1842105263)
[1, 4, 10, 23, 57, 132, 301, 701, 1654, 3780, 8557, 19252]...: 15137212: ACCEPTED IN 28 TRIES, (AVG 540614.7142857143)
[1, 4, 10, 23, 57, 132, 301, 701, 1654, 3780, 8557, 19281]...: 36241563: ACCEPTED IN 67 TRIES, (AVG 540918.8507462686)
[1, 4, 10, 23, 57, 132, 301, 701, 1654, 3780, 8557, 19314]...: 18383990: ACCEPTED IN 34 TRIES, (AVG 540705.5882352941)
[1, 4, 10, 23, 57, 132, 301, 701, 1654, 3780, 8557, 19318]...: 29748229: ACCEPTED IN 55 TRIES, (AVG 540876.8909090909)
[1, 4, 10, 23, 57, 132, 301, 701, 1654, 3780, 8557, 19351]...: 12432200: ACCEPTED IN 23 TRIES, (AVG 540530.4347826086)
[1, 4, 10, 23, 57, 132, 301, 701, 1654, 3780, 8557, 19384]...: 44900252: ACCEPTED IN 83 TRIES, (AVG 540966.891566265)
[1, 4, 10, 23, 57, 132, 301, 701, 1654, 3780, 8557, 19413]...: 21089063: ACCEPTED IN 39 TRIES, (AVG 540745.2051282051)
[1, 4, 10, 23, 57, 132, 301, 701, 1654, 3780, 8557, 19450]...: 16761408: ACCEPTED IN 31 TRIES, (AVG 540690.5806451613)
[1, 4, 10, 23, 57, 132, 301, 701, 1654, 3780, 8557, 19483]...: 15135219: ACCEPTED IN 28 TRIES, (AVG 540543.5357142857)
[1, 4, 10, 23, 57, 132, 301, 701, 1654, 3780, 8557, 19512]...: 22171933: ACCEPTED IN 41 TRIES, (AVG 540778.8536585366)
[1, 4, 10, 23, 57, 132, 301, 701, 1654, 3780, 8557, 19516]...: 20006683: ACCEPTED IN 37 TRIES, (AVG 540721.1621621621)
[1, 4, 10, 23, 57, 132, 301, 701, 1654, 3780, 8557, 19520]...: 11888967: ACCEPTED IN 22 TRIES, (AVG 540407.5909090909)
[1, 4, 10, 23, 57, 132, 301, 701, 1654, 3780, 8557, 19582]...: 21090322: ACCEPTED IN 39 TRIES, (AVG 540777.4871794871)
[1, 4, 10, 23, 57, 132, 301, 701, 1654, 3780, 8557, 19615]...: 10265162: ACCEPTED IN 19 TRIES, (AVG 540271.6842105263)
[1, 4, 10, 23, 57, 132, 301, 701, 1654, 3780, 8557, 19619]...: 5938253: ACCEPTED IN 11 TRIES, (AVG 539841.1818181818)
[1, 4, 10, 23, 57, 132, 301, 701, 1654, 3780, 8557, 19652]...: 20007537: ACCEPTED IN 37 TRIES, (AVG 540744.2432432432)
[1, 4, 10, 23, 57, 132, 301, 701, 1654, 3780, 8557, 19751]...: 17300650: ACCEPTED IN 32 TRIES, (AVG 540645.3125)
[1, 4, 10, 23, 57, 132, 301, 701, 1654, 3780, 8557, 19784]...: 30287118: ACCEPTED IN 56 TRIES, (AVG 540841.3928571428)
[1, 4, 10, 23, 57, 132, 301, 701, 1654, 3780, 8557, 19813]...: 10807213: ACCEPTED IN 20 TRIES, (AVG 540360.65)
[1, 4, 10, 23, 57, 132, 301, 701, 1654, 3780, 8557, 19821]...: 22713020: ACCEPTED IN 42 TRIES, (AVG 540786.1904761905)
[1, 4, 10, 23, 57, 132, 301, 701, 1654, 3780, 8557, 19883]...: 14596308: ACCEPTED IN 27 TRIES, (AVG 540604.0)
[1, 4, 10, 23, 57, 132, 301, 701, 1654, 3780, 8557, 19916]...: 25417490: ACCEPTED IN 47 TRIES, (AVG 540797.659574468)
[1, 4, 10, 23, 57, 132, 301, 701, 1654, 3780, 8557, 19920]...: 20007786: ACCEPTED IN 37 TRIES, (AVG 540750.972972973)
[1, 4, 10, 23, 57, 132, 301, 701, 1654, 3780, 8557, 19953]...: 17300898: ACCEPTED IN 32 TRIES, (AVG 540653.0625)
[1, 4, 10, 23, 57, 132, 301, 701, 1654, 3780, 8557, 20052]...: 5394219: ACCEPTED IN 10 TRIES, (AVG 539421.9)
[1, 4, 10, 23, 57, 132, 301, 701, 1654, 3780, 8557, 20085]...: 18383426: ACCEPTED IN 34 TRIES, (AVG 540689.0)
[1, 4, 10, 23, 57, 132, 301, 701, 1654, 3780, 8557, 20114]...: 9184280: ACCEPTED IN 17 TRIES, (AVG 540251.7647058824)
[1, 4, 10, 23, 57, 132, 301, 701, 1654, 3780, 8557, 20184]...: 25418701: ACCEPTED IN 47 TRIES, (AVG 540823.4255319149)
[1, 4, 10, 23, 57, 132, 301, 701, 1654, 3780, 8557, 20213]...: 13514526: ACCEPTED IN 25 TRIES, (AVG 540581.04)
[1, 4, 10, 23, 57, 132, 301, 701, 1654, 3780, 8557, 20217]...: 20005549: ACCEPTED IN 37 TRIES, (AVG 540690.5135135135)
[1, 4, 10, 23, 57, 132, 301, 701, 1654, 3780, 8557, 20221]...: 8103065: ACCEPTED IN 15 TRIES, (AVG 540204.3333333334)
[1, 4, 10, 23, 57, 132, 301, 701, 1654, 3780, 8557, 20345]...: 25416541: ACCEPTED IN 47 TRIES, (AVG 540777.4680851063)
[1, 4, 10, 23, 57, 132, 301, 701, 1654, 3780, 8557, 20353]...: 6479389: ACCEPTED IN 12 TRIES, (AVG 539949.0833333334)
[1, 4, 10, 23, 57, 132, 301, 701, 1654, 3780, 8557, 20477]...: 10805892: ACCEPTED IN 20 TRIES, (AVG 540294.6)
[1, 4, 10, 23, 57, 132, 301, 701, 1654, 3780, 8557, 20485]...: 27039570: ACCEPTED IN 50 TRIES, (AVG 540791.4)
[1, 4, 10, 23, 57, 132, 301, 701, 1654, 3780, 8557, 20514]...: 5937983: ACCEPTED IN 11 TRIES, (AVG 539816.6363636364)
[1, 4, 10, 23, 57, 132, 301, 701, 1654, 3780, 8557, 20522]...: 14055322: ACCEPTED IN 26 TRIES, (AVG 540589.3076923077)
