[1, 4, 10, 23, 57, 132, 301, 701, 1636, 3653, 8587, 18892]...: 14054666: ACCEPTED IN 26 TRIES, (AVG 540564.0769230769)
[1, 4, 10, 23, 57, 132, 301, 701, 1636, 3653, 8587, 18893]...: 16761058: ACCEPTED IN 31 TRIES, (AVG 540679.2903225806)
[1, 4, 10, 23, 57, 132, 301, 701, 1636, 3653, 8587, 18897]...: 15677557: ACCEPTED IN 29 TRIES, (AVG 540605.4137931034)
[1, 4, 10, 23, 57, 132, 301, 701, 1636, 3653, 8587, 18898]...: 20008092: ACCEPTED IN 37 TRIES, (AVG 540759.2432432432)
[1, 4, 10, 23, 57, 132, 301, 701, 1636, 3653, 8587, 18927]...: 22713064: ACCEPTED IN 42 TRIES, (AVG 540787.2380952381)
[1, 4, 10, 23, 57, 132, 301, 701, 1636, 3653, 8587, 18929]...: 16761134: ACCEPTED IN 31 TRIES, (AVG 540681.7419354839)
[1, 4, 10, 23, 57, 132, 301, 701, 1636, 3653, 8587, 18930]...: 30830972: ACCEPTED IN 57 TRIES, (AVG 540894.245614035)
[1, 4, 10, 23, 57, 132, 301, 701, 1636, 3653, 8587, 18934]...: 4855738: ACCEPTED IN 9 TRIES, (AVG 539526.4444444445)
[1, 4, 10, 23, 57, 132, 301, 701, 1636, 3653, 8587, 18959]...: 17843086: ACCEPTED IN 33 TRIES, (AVG 540699.5757575758)
[1, 4, 10, 23, 57, 132, 301, 701, 1636, 3653, 8587, 18960]...: 17302572: ACCEPTED IN 32 TRIES, (AVG 540705.375)
[1, 4, 10, 23, 57, 132, 301, 701, 1636, 3653, 8587, 18961]...: 15137682: ACCEPTED IN 28 TRIES, (AVG 540631.5)
[1, 4, 10, 23, 57, 132, 301, 701, 1636, 3653, 8587, 18962]...: 14595312: ACCEPTED IN 27 TRIES, (AVG 540567.1111111111)
[1, 4, 10, 23, 57, 132, 301, 701, 1636, 3653, 8587, 18963]...: 10808530: ACCEPTED IN 20 TRIES, (AVG 540426.5)
[1, 4, 10, 23, 57, 132, 301, 701, 1636, 3653, 8587, 18964]...: 38405976: ACCEPTED IN 71 TRIES, (AVG 540929.2394366197)
[1, 4, 10, 23, 57, 132, 301, 701, 1636, 3653, 8587, 18968]...: 20548987: ACCEPTED IN 38 TRIES, (AVG 540762.8157894737)
[1, 4, 10, 23, 57, 132, 301, 701, 1636, 3653, 8587, 18991]...: 14596879: ACCEPTED IN 27 TRIES, (AVG 540625.1481481482)
[1, 4, 10, 23, 57, 132, 301, 701, 1636, 3653, 8587, 18992]...: 32452255: ACCEPTED IN 60 TRIES, (AVG 540870.9166666666)
[1, 4, 10, 23, 57, 132, 301, 701, 1636, 3653, 8587, 18994]...: 22713785: ACCEPTED IN 42 TRIES, (AVG 540804.4047619047)
[1, 4, 10, 23, 57, 132, 301, 701, 1636, 3653, 8587, 18996]...: 12432317: ACCEPTED IN 23 TRIES, (AVG 540535.5217391305)
[1, 4, 10, 23, 57, 132, 301, 701, 1636, 3653, 8587, 18997]...: 24336245: ACCEPTED IN 45 TRIES, (AVG 540805.4444444445)
[1, 4, 10, 23, 57, 132, 301, 701, 1636, 3653, 8587, 18999]...: 22713601: ACCEPTED IN 42 TRIES, (AVG 540800.0238095238)
[1, 4, 10, 23, 57, 132, 301, 701, 1636, 3653, 8587, 19000]...: 10808546: ACCEPTED IN 20 TRIES, (AVG 540427.3)
[1, 4, 10, 23, 57, 132, 301, 701, 1636, 3653, 8587, 19028]...: 12430194: ACCEPTED IN 23 TRIES, (AVG 540443.2173913043)
[1, 4, 10, 23, 57, 132, 301, 701, 1636, 3653, 8587, 19029]...: 19465762: ACCEPTED IN 36 TRIES, (AVG 540715.6111111111)
[1, 4, 10, 23, 57, 132, 301, 701, 1636, 3653, 8587, 19030]...: 20006941: ACCEPTED IN 37 TRIES, (AVG 540728.1351351351)
[1, 4, 10, 23, 57, 132, 301, 701, 1636, 3653, 8587, 19036]...: 19466851: ACCEPTED IN 36 TRIES, (AVG 540745.8611111111)
[1, 4, 10, 23, 57, 132, 301, 701, 1636, 3653, 8587, 19059]...: 22712888: ACCEPTED IN 42 TRIES, (AVG 540783.0476190476)
[1, 4, 10, 23, 57, 132, 301, 701, 1636, 3653, 8587, 19061]...: 27041582: ACCEPTED IN 50 TRIES, (AVG 540831.64)
[1, 4, 10, 23, 57, 132, 301, 701, 1636, 3653, 8587, 19062]...: 20007920: ACCEPTED IN 37 TRIES, (AVG 540754.5945945946)
[1, 4, 10, 23, 57, 132, 301, 701, 1636, 3653, 8587, 19063]...: 37324182: ACCEPTED IN 69 TRIES, (AVG 540930.1739130435)
[1, 4, 10, 23, 57, 132, 301, 701, 1636, 3653, 8587, 19066]...: 14596374: ACCEPTED IN 27 TRIES, (AVG 540606.4444444445)
[1, 4, 10, 23, 57, 132, 301, 701, 1636, 3653, 8587, 19067]...: 10808621: ACCEPTED IN 20 TRIES, (AVG 540431.05)
[1, 4, 10, 23, 57, 132, 301, 701, 1636, 3653, 8587, 19091]...: 12973407: ACCEPTED IN 24 TRIES, (AVG 540558.625)
[1, 4, 10, 23, 57, 132, 301, 701, 1636, 3653, 8587, 19093]...: 10267686: ACCEPTED IN 19 TRIES, (AVG 540404.5263157894)
[1, 4, 10, 23, 57, 132, 301, 701, 1636, 3653, 8587, 19094]...: 17302434: ACCEPTED IN 32 TRIES, (AVG 540701.0625)
[1, 4, 10, 23, 57, 132, 301, 701, 1636, 3653, 8587, 19095]...: 14054729: ACCEPTED IN 26 TRIES, (AVG 540566.5)
[1, 4, 10, 23, 57, 132, 301, 701, 1636, 3653, 8587, 19096]...: 11347345: ACCEPTED IN 21 TRIES, (AVG 540349.7619047619)
[1, 4, 10, 23, 57, 132, 301, 701, 1636, 3653, 8587, 19099]...: 10267788: ACCEPTED IN 19 TRIES, (AVG 540409.8947368421)
[1, 4, 10, 23, 57, 132, 301, 701, 1636, 3653, 8587, 19100]...: 17842942: ACCEPTED IN 33 TRIES, (AVG 540695.2121212122)
[1, 4, 10, 23, 57, 132, 301, 701, 1636, 3653, 8587, 19126]...: 17840794: ACCEPTED IN 33 TRIES, (AVG 540630.1212121212)
[1, 4, 10, 23, 57, 132, 301, 701, 1636, 3653, 8587, 19128]...: 22713550: ACCEPTED IN 42 TRIES, (AVG 540798.8095238095)
[1, 4, 10, 23, 57, 132, 301, 701, 1636, 3653, 8587, 19129]...: 17843164: ACCEPTED IN 33 TRIES, (AVG 540701.9393939395)
[1, 4, 10, 23, 57, 132, 301, 701, 1636, 3653, 8587, 19131]...: 12431697: ACCEPTED IN 23 TRIES, (AVG 540508.5652173914)
[1, 4, 10, 23, 57, 132, 301, 701, 1636, 3653, 8587, 19132]...: 17300192: ACCEPTED IN 32 TRIES, (AVG 540631.0)
[1, 4, 10, 23, 57, 132, 301, 701, 1636, 3653, 8587, 19160]...: 10808089: ACCEPTED IN 20 TRIES, (AVG 540404.45)
[1, 4, 10, 23, 57, 132, 301, 701, 1636, 3653, 8587, 19161]...: 17842874: ACCEPTED IN 33 TRIES, (AVG 540693.1515151515)
[1, 4, 10, 23, 57, 132, 301, 701, 1636, 3653, 8587, 19162]...: 19466815: ACCEPTED IN 36 TRIES, (AVG 540744.8611111111)
[1, 4, 10, 23, 57, 132, 301, 701, 1636, 3653, 8587, 19166]...: 9726607: ACCEPTED IN 18 TRIES, (AVG 540367.0555555555)
[1, 4, 10, 23, 57, 132, 301, 701, 1636, 3653, 8587, 19168]...: 16760389: ACCEPTED IN 31 TRIES, (AVG 540657.7096774194)
[1, 4, 10, 23, 57, 132, 301, 701, 1636, 3653, 8587, 19193]...: 10267003: ACCEPTED IN 19 TRIES, (AVG 540368.5789473684)
[1, 4, 10, 23, 57, 132, 301, 701, 1636, 3653, 8587, 19194]...: 29747255: ACCEPTED IN 55 TRIES, (AVG 540859.1818181818)
[1, 4, 10, 23, 57, 132, 301, 701, 1636, 3653, 8587, 19195]...: 14593345: ACCEPTED IN 27 TRIES, (AVG 540494.2592592592)
[1, 4, 10, 23, 57, 132, 301, 701, 1636, 3653, 8587, 19198]...: 17299441: ACCEPTED IN 32 TRIES, (AVG 540607.53125)
[1, 4, 10, 23, 57, 132, 301, 701, 1636, 3653, 8587, 19199]...: 8101017: ACCEPTED IN 15 TRIES, (AVG 540067.8)
[1, 4, 10, 23, 57, 132, 301, 701, 1636, 3653, 8587, 19202]...: 14054163: ACCEPTED IN 26 TRIES, (AVG 540544.7307692308)
[1, 4, 10, 23, 57, 132, 301, 701, 1636, 3653, 8587, 19225]...: 18384337: ACCEPTED IN 34 TRIES, (AVG 540715.7941176471)
[1, 4, 10, 23, 57, 132, 301, 701, 1636, 3653, 8587, 19228]...: 13513526: ACCEPTED IN 25 TRIES, (AVG 540541.04)
[1, 4, 10, 23, 57, 132, 301, 701, 1636, 3653, 8587, 19230]...: 21090325: ACCEPTED IN 39 TRIES, (AVG 540777.5641025641)
[1, 4, 10, 23, 57, 132, 301, 701, 1636, 3653, 8587, 19231]...: 17841751: ACCEPTED IN 33 TRIES, (AVG 540659.1212121212)
[1, 4, 10, 23, 57, 132, 301, 701, 1636, 3653, 8587, 19232]...: 17843244: ACCEPTED IN 33 TRIES, (AVG 540704.3636363636)
[1, 4, 10, 23, 57, 132, 301, 701, 1636, 3653, 8587, 19260]...: 11349214: ACCEPTED IN 21 TRIES, (AVG 540438.7619047619)
[1, 4, 10, 23, 57, 132, 301, 701, 1636, 3653, 8587, 19261]...: 14595232: ACCEPTED IN 27 TRIES, (AVG 540564.1481481482)
[1, 4, 10, 23, 57, 132, 301, 701, 1636, 3653, 8587, 19262]...: 17842847: ACCEPTED IN 33 TRIES, (AVG 540692.3333333334)
[1, 4, 10, 23, 57, 132, 301, 701, 1636, 3653, 8587, 19263]...: 10266944: ACCEPTED IN 19 TRIES, (AVG 540365.4736842106)
[1, 4, 10, 23, 57, 132, 301, 701, 1636, 3653, 8587, 19264]...: 14054591: ACCEPTED IN 26 TRIES, (AVG 540561.1923076923)
[1, 4, 10, 23, 57, 132, 301, 701, 1636, 3653, 8587, 19265]...: 12428610: ACCEPTED IN 23 TRIES, (AVG 540374.3478260869)
[1, 4, 10, 23, 57, 132, 301, 701, 1636, 3653, 8587, 19269]...: 12432285: ACCEPTED IN 23 TRIES, (AVG 540534.1304347826)
[1, 4, 10, 23, 57, 132, 301, 701, 1636, 3653, 8587, 19292]...: 10808611: ACCEPTED IN 20 TRIES, (AVG 540430.55)
[1, 4, 10, 23, 57, 132, 301, 701, 1636, 3653, 8587, 19293]...: 13512585: ACCEPTED IN 25 TRIES, (AVG 540503.4)
[1, 4, 10, 23, 57, 132, 301, 701, 1636, 3653, 8587, 19297]...: 32454125: ACCEPTED IN 60 TRIES, (AVG 540902.0833333334)
[1, 4, 10, 23, 57, 132, 301, 701, 1636, 3653, 8587, 19298]...: 10807959: ACCEPTED IN 20 TRIES, (AVG 540397.95)
[1, 4, 10, 23, 57, 132, 301, 701, 1636, 3653, 8587, 19300]...: 21089802: ACCEPTED IN 39 TRIES, (AVG 540764.1538461539)
[1, 4, 10, 23, 57, 132, 301, 701, 1636, 3653, 8587, 19301]...: 8642826: ACCEPTED IN 16 TRIES, (AVG 540176.625)
[1, 4, 10, 23, 57, 132, 301, 701, 1636, 3653, 8587, 19327]...: 15678519: ACCEPTED IN 29 TRIES, (AVG 540638.5862068966)
[1, 4, 10, 23, 57, 132, 301, 701, 1636, 3653, 8587, 19329]...: 9184036: ACCEPTED IN 17 TRIES, (AVG 540237.4117647059)
[1, 4, 10, 23, 57, 132, 301, 701, 1636, 3653, 8587, 19330]...: 10267592: ACCEPTED IN 19 TRIES, (AVG 540399.5789473684)
[1, 4, 10, 23, 57, 132, 301, 701, 1636, 3653, 8587, 19331]...: 12430408: ACCEPTED IN 23 TRIES, (AVG 540452.5217391305)
[1, 4, 10, 23, 57, 132, 301, 701, 1636, 3653, 8587, 19334]...: 12431197: ACCEPTED IN 23 TRIES, (AVG 540486.8260869565)
[1, 4, 10, 23, 57, 132, 301, 701, 1636, 3653, 8587, 19360]...: 14595225: ACCEPTED IN 27 TRIES, (AVG 540563.8888888889)
[1, 4, 10, 23, 57, 132, 301, 701, 1636, 3653, 8587, 19362]...: 9185233: ACCEPTED IN 17 TRIES, (AVG 540307.8235294118)
[1, 4, 10, 23, 57, 132, 301, 701, 1636, 3653, 8587, 19363]...: 11890855: ACCEPTED IN 22 TRIES, (AVG 540493.4090909091)
[1, 4, 10, 23, 57, 132, 301, 701, 1636, 3653, 8587, 19364]...: 30289750: ACCEPTED IN 56 TRIES, (AVG 540888.3928571428)
[1, 4, 10, 23, 57, 132, 301, 701, 1636, 3653, 8587, 19392]...: 17300558: ACCEPTED IN 32 TRIES, (AVG 540642.4375)
[1, 4, 10, 23, 57, 132, 301, 701, 1636, 3653, 8587, 19394]...: 8642673: ACCEPTED IN 16 TRIES, (AVG 540167.0625)
[1, 4, 10, 23, 57, 132, 301, 701, 1636, 3653, 8587, 19395]...: 10265357: ACCEPTED IN 19 TRIES, (AVG 540281.947368421)
[1, 4, 10, 23, 57, 132, 301, 701, 1636, 3653, 8587, 19396]...: 16760625: ACCEPTED IN 31 TRIES, (AVG 540665.3225806452)
[1, 4, 10, 23, 57, 132, 301, 701, 1636, 3653, 8587, 19397]...: 7561130: ACCEPTED IN 14 TRIES, (AVG 540080.7142857143)
[1, 4, 10, 23, 57, 132, 301, 701, 1636, 3653, 8587, 19400]...: 13513561: ACCEPTED IN 25 TRIES, (AVG 540542.44)
[1, 4, 10, 23, 57, 132, 301, 701, 1636, 3653, 8587, 19401]...: 11349265: ACCEPTED IN 21 TRIES, (AVG 540441.1904761905)
[1, 4, 10, 23, 57, 132, 301, 701, 1636, 3653, 8587, 19428]...: 11349933: ACCEPTED IN 21 TRIES, (AVG 540473.0)
[1, 4, 10, 23, 57, 132, 301, 701, 1636, 3653, 8587, 19429]...: 14054728: ACCEPTED IN 26 TRIES, (AVG 540566.4615384615)
[1, 4, 10, 23, 57, 132, 301, 701, 1636, 3653, 8587, 19430]...: 9726488: ACCEPTED IN 18 TRIES, (AVG 540360.4444444445)
[1, 4, 10, 23, 57, 132, 301, 701, 1636, 3653, 8587, 19432]...: 14596807: ACCEPTED IN 27 TRIES, (AVG 540622.4814814815)
[1, 4, 10, 23, 57, 132, 301, 701, 1636, 3653, 8587, 19433]...: 12973203: ACCEPTED IN 24 TRIES, (AVG 540550.125)
[1, 4, 10, 23, 57, 132, 301, 701, 1636, 3653, 8587, 19436]...: 8643190: ACCEPTED IN 16 TRIES, (AVG 540199.375)
[1, 4, 10, 23, 57, 132, 301, 701, 1636, 3653, 8587, 19459]...: 13513554: ACCEPTED IN 25 TRIES, (AVG 540542.16)
[1, 4, 10, 23, 57, 132, 301, 701, 1636, 3653, 8587, 19461]...: 10264805: ACCEPTED IN 19 TRIES, (AVG 540252.8947368421)
[1, 4, 10, 23, 57, 132, 301, 701, 1636, 3653, 8587, 19462]...: 21631181: ACCEPTED IN 40 TRIES, (AVG 540779.525)
[1, 4, 10, 23, 57, 132, 301, 701, 1636, 3653, 8587, 19463]...: 12431112: ACCEPTED IN 23 TRIES, (AVG 540483.1304347826)
[1, 4, 10, 23, 57, 132, 301, 701, 1636, 3653, 8587, 19466]...: 13513990: ACCEPTED IN 25 TRIES, (AVG 540559.6)
[1, 4, 10, 23, 57, 132, 301, 701, 1636, 3653, 8587, 19467]...: 12973016: ACCEPTED IN 24 TRIES, (AVG 540542.3333333334)
[1, 4, 10, 23, 57, 132, 301, 701, 1636, 3653, 8587, 19494]...: 17842675: ACCEPTED IN 33 TRIES, (AVG 540687.1212121212)
[1, 4, 10, 23, 57, 132, 301, 701, 1636, 3653, 8587, 19495]...: 9183376: ACCEPTED IN 17 TRIES, (AVG 540198.5882352941)
[1, 4, 10, 23, 57, 132, 301, 701, 1636, 3653, 8587, 19496]...: 7020121: ACCEPTED IN 13 TRIES, (AVG 540009.3076923077)
[1, 4, 10, 23, 57, 132, 301, 701, 1636, 3653, 8587, 19499]...: 10807540: ACCEPTED IN 20 TRIES, (AVG 540377.0)
[1, 4, 10, 23, 57, 132, 301, 701, 1636, 3653, 8587, 19500]...: 14053989: ACCEPTED IN 26 TRIES, (AVG 540538.0384615385)
[1, 4, 10, 23, 57, 132, 301, 701, 1636, 3653, 8587, 19503]...: 9185373: ACCEPTED IN 17 TRIES, (AVG 540316.0588235294)
[1, 4, 10, 23, 57, 132, 301, 701, 1636, 3653, 8587, 19526]...: 8643155: ACCEPTED IN 16 TRIES, (AVG 540197.1875)
[1, 4, 10, 23, 57, 132, 301, 701, 1636, 3653, 8587, 19529]...: 12431065: ACCEPTED IN 23 TRIES, (AVG 540481.0869565217)
[1, 4, 10, 23, 57, 132, 301, 701, 1636, 3653, 8587, 19531]...: 20548189: ACCEPTED IN 38 TRIES, (AVG 540741.8157894737)
[1, 4, 10, 23, 57, 132, 301, 701, 1636, 3653, 8587, 19532]...: 7561723: ACCEPTED IN 14 TRIES, (AVG 540123.0714285715)
[1, 4, 10, 23, 57, 132, 301, 701, 1636, 3653, 8587, 19533]...: 18925360: ACCEPTED IN 35 TRIES, (AVG 540724.5714285715)
[1, 4, 10, 23, 57, 132, 301, 701, 1636, 3653, 8587, 19560]...: 8103206: ACCEPTED IN 15 TRIES, (AVG 540213.7333333333)
[1, 4, 10, 23, 57, 132, 301, 701, 1636, 3653, 8587, 19561]...: 11890743: ACCEPTED IN 22 TRIES, (AVG 540488.3181818182)
[1, 4, 10, 23, 57, 132, 301, 701, 1636, 3653, 8587, 19562]...: 7561838: ACCEPTED IN 14 TRIES, (AVG 540131.2857142857)
[1, 4, 10, 23, 57, 132, 301, 701, 1636, 3653, 8587, 19563]...: 14054069: ACCEPTED IN 26 TRIES, (AVG 540541.1153846154)
[1, 4, 10, 23, 57, 132, 301, 701, 1636, 3653, 8587, 19564]...: 9184699: ACCEPTED IN 17 TRIES, (AVG 540276.4117647059)
[1, 4, 10, 23, 57, 132, 301, 701, 1636, 3653, 8587, 19565]...: 14055685: ACCEPTED IN 26 TRIES, (AVG 540603.2692307692)
[1, 4, 10, 23, 57, 132, 301, 701, 1636, 3653, 8587, 19566]...: 9726218: ACCEPTED IN 18 TRIES, (AVG 540345.4444444445)
[1, 4, 10, 23, 57, 132, 301, 701, 1636, 3653, 8587, 19568]...: 10267625: ACCEPTED IN 19 TRIES, (AVG 540401.3157894737)
[1, 4, 10, 23, 57, 132, 301, 701, 1636, 3653, 8587, 19593]...: 28121551: ACCEPTED IN 52 TRIES, (AVG 540799.0576923077)
[1, 4, 10, 23, 57, 132, 301, 701, 1636, 3653, 8587, 19594]...: 8641400: ACCEPTED IN 16 TRIES, (AVG 540087.5)
[1, 4, 10, 23, 57, 132, 301, 701, 1636, 3653, 8587, 19598]...: 22713146: ACCEPTED IN 42 TRIES, (AVG 540789.1904761905)
[1, 4, 10, 23, 57, 132, 301, 701, 1636, 3653, 8587, 19599]...: 9726399: ACCEPTED IN 18 TRIES, (AVG 540355.5)
[1, 4, 10, 23, 57, 132, 301, 701, 1636, 3653, 8587, 19602]...: 15136612: ACCEPTED IN 28 TRIES, (AVG 540593.2857142857)
[1, 4, 10, 23, 57, 132, 301, 701, 1636, 3653, 8587, 19628]...: 10266498: ACCEPTED IN 19 TRIES, (AVG 540342.0)
[1, 4, 10, 23, 57, 132, 301, 701, 1636, 3653, 8587, 19630]...: 5937044: ACCEPTED IN 11 TRIES, (AVG 539731.2727272727)
[1, 4, 10, 23, 57, 132, 301, 701, 1636, 3653, 8587, 19631]...: 7562122: ACCEPTED IN 14 TRIES, (AVG 540151.5714285715)
[1, 4, 10, 23, 57, 132, 301, 701, 1636, 3653, 8587, 19632]...: 15678282: ACCEPTED IN 29 TRIES, (AVG 540630.4137931034)
[1, 4, 10, 23, 57, 132, 301, 701, 1636, 3653, 8587, 19635]...: 5937250: ACCEPTED IN 11 TRIES, (AVG 539750.0)
[1, 4, 10, 23, 57, 132, 301, 701, 1636, 3653, 8587, 19661]...: 11890399: ACCEPTED IN 22 TRIES, (AVG 540472.6818181818)
[1, 4, 10, 23, 57, 132, 301, 701, 1636, 3653, 8587, 19662]...: 10265795: ACCEPTED IN 19 TRIES, (AVG 540305.0)
[1, 4, 10, 23, 57, 132, 301, 701, 1636, 3653, 8587, 19663]...: 12972446: ACCEPTED IN 24 TRIES, (AVG 540518.5833333334)
[1, 4, 10, 23, 57, 132, 301, 701, 1636, 3653, 8587, 19664]...: 12973076: ACCEPTED IN 24 TRIES, (AVG 540544.8333333334)
[1, 4, 10, 23, 57, 132, 301, 701, 1636, 3653, 8587, 19665]...: 15136650: ACCEPTED IN 28 TRIES, (AVG 540594.6428571428)
[1, 4, 10, 23, 57, 132, 301, 701, 1636, 3653, 8587, 19692]...: 5396946: ACCEPTED IN 10 TRIES, (AVG 539694.6)
[1, 4, 10, 23, 57, 132, 301, 701, 1636, 3653, 8587, 19693]...: 10265592: ACCEPTED IN 19 TRIES, (AVG 540294.3157894737)
[1, 4, 10, 23, 57, 132, 301, 701, 1636, 3653, 8587, 19695]...: 10267724: ACCEPTED IN 19 TRIES, (AVG 540406.5263157894)
[1, 4, 10, 23, 57, 132, 301, 701, 1636, 3653, 8587, 19696]...: 12432266: ACCEPTED IN 23 TRIES, (AVG 540533.304347826)
[1, 4, 10, 23, 57, 132, 301, 701, 1636, 3653, 8587, 19697]...: 15677892: ACCEPTED IN 29 TRIES, (AVG 540616.9655172414)
[1, 4, 10, 23, 57, 132, 301, 701, 1636, 3653, 8587, 19698]...: 11348862: ACCEPTED IN 21 TRIES, (AVG 540422.0)
[1, 4, 10, 23, 57, 132, 301, 701, 1636, 3653, 8587, 19700]...: 28124591: ACCEPTED IN 52 TRIES, (AVG 540857.5192307692)
[1, 4, 10, 23, 57, 132, 301, 701, 1636, 3653, 8587, 19701]...: 9184893: ACCEPTED IN 17 TRIES, (AVG 540287.8235294118)
[1, 4, 10, 23, 57, 132, 301, 701, 1636, 3653, 8587, 19729]...: 14054976: ACCEPTED IN 26 TRIES, (AVG 540576.0)
[1, 4, 10, 23, 57, 132, 301, 701, 1636, 3653, 8587, 19730]...: 9183389: ACCEPTED IN 17 TRIES, (AVG 540199.3529411765)
[1, 4, 10, 23, 57, 132, 301, 701, 1636, 3653, 8587, 19731]...: 9725105: ACCEPTED IN 18 TRIES, (AVG 540283.6111111111)
[1, 4, 10, 23, 57, 132, 301, 701, 1636, 3653, 8587, 19733]...: 11891199: ACCEPTED IN 22 TRIES, (AVG 540509.0454545454)
[1, 4, 10, 23, 57, 132, 301, 701, 1636, 3653, 8587, 19734]...: 16220224: ACCEPTED IN 30 TRIES, (AVG 540674.1333333333)
[1, 4, 10, 23, 57, 132, 301, 701, 1636, 3653, 8587, 19737]...: 9726254: ACCEPTED IN 18 TRIES, (AVG 540347.4444444445)
[1, 4, 10, 23, 57, 132, 301, 701, 1636, 3653, 8587, 19760]...: 15135745: ACCEPTED IN 28 TRIES, (AVG 540562.3214285715)
[1, 4, 10, 23, 57, 132, 301, 701, 1636, 3653, 8587, 19762]...: 11890095: ACCEPTED IN 22 TRIES, (AVG 540458.8636363636)
[1, 4, 10, 23, 57, 132, 301, 701, 1636, 3653, 8587, 19763]...: 19466721: ACCEPTED IN 36 TRIES, (AVG 540742.25)
[1, 4, 10, 23, 57, 132, 301, 701, 1636, 3653, 8587, 19764]...: 25417535: ACCEPTED IN 47 TRIES, (AVG 540798.6170212766)
[1, 4, 10, 23, 57, 132, 301, 701, 1636, 3653, 8587, 19767]...: 15137124: ACCEPTED IN 28 TRIES, (AVG 540611.5714285715)
[1, 4, 10, 23, 57, 132, 301, 701, 1636, 3653, 8587, 19768]...: 11889474: ACCEPTED IN 22 TRIES, (AVG 540430.6363636364)
[1, 4, 10, 23, 57, 132, 301, 701, 1636, 3653, 8587, 19794]...: 10267149: ACCEPTED IN 19 TRIES, (AVG 540376.2631578947)
[1, 4, 10, 23, 57, 132, 301, 701, 1636, 3653, 8587, 19795]...: 8103151: ACCEPTED IN 15 TRIES, (AVG 540210.0666666667)
[1, 4, 10, 23, 57, 132, 301, 701, 1636, 3653, 8587, 19796]...: 4856138: ACCEPTED IN 9 TRIES, (AVG 539570.8888888889)
[1, 4, 10, 23, 57, 132, 301, 701, 1636, 3653, 8587, 19797]...: 11349724: ACCEPTED IN 21 TRIES, (AVG 540463.0476190476)
[1, 4, 10, 23, 57, 132, 301, 701, 1636, 3653, 8587, 19800]...: 16761367: ACCEPTED IN 31 TRIES, (AVG 540689.2580645161)
[1, 4, 10, 23, 57, 132, 301, 701, 1636, 3653, 8587, 19801]...: 8644277: ACCEPTED IN 16 TRIES, (AVG 540267.3125)
[1, 4, 10, 23, 57, 132, 301, 701, 1636, 3653, 8587, 19827]...: 10808666: ACCEPTED IN 20 TRIES, (AVG 540433.3)
[1, 4, 10, 23, 57, 132, 301, 701, 1636, 3653, 8587, 19830]...: 10807722: ACCEPTED IN 20 TRIES, (AVG 540386.1)
[1, 4, 10, 23, 57, 132, 301, 701, 1636, 3653, 8587, 19832]...: 15675605: ACCEPTED IN 29 TRIES, (AVG 540538.1034482758)
[1, 4, 10, 23, 57, 132, 301, 701, 1636, 3653, 8587, 19833]...: 17300902: ACCEPTED IN 32 TRIES, (AVG 540653.1875)
[1, 4, 10, 23, 57, 132, 301, 701, 1636, 3653, 8587, 19861]...: 10266892: ACCEPTED IN 19 TRIES, (AVG 540362.7368421053)
[1, 4, 10, 23, 57, 132, 301, 701, 1636, 3653, 8587, 19862]...: 8643552: ACCEPTED IN 16 TRIES, (AVG 540222.0)
[1, 4, 10, 23, 57, 132, 301, 701, 1636, 3653, 8587, 19863]...: 14053838: ACCEPTED IN 26 TRIES, (AVG 540532.2307692308)
[1, 4, 10, 23, 57, 132, 301, 701, 1636, 3653, 8587, 19864]...: 14053279: ACCEPTED IN 26 TRIES, (AVG 540510.7307692308)
[1, 4, 10, 23, 57, 132, 301, 701, 1636, 3653, 8587, 19865]...: 9184218: ACCEPTED IN 17 TRIES, (AVG 540248.1176470588)
[1, 4, 10, 23, 57, 132, 301, 701, 1636, 3653, 8587, 19866]...: 19466331: ACCEPTED IN 36 TRIES, (AVG 540731.4166666666)
[1, 4, 10, 23, 57, 132, 301, 701, 1636, 3653, 8587, 19867]...: 12971214: ACCEPTED IN 24 TRIES, (AVG 540467.25)
[1, 4, 10, 23, 57, 132, 301, 701, 1636, 3653, 8587, 19869]...: 14595980: ACCEPTED IN 27 TRIES, (AVG 540591.8518518518)
[1, 4, 10, 23, 57, 132, 301, 701, 1636, 3653, 8587, 19894]...: 10267202: ACCEPTED IN 19 TRIES, (AVG 540379.052631579)
[1, 4, 10, 23, 57, 132, 301, 701, 1636, 3653, 8587, 19895]...: 9184602: ACCEPTED IN 17 TRIES, (AVG 540270.7058823529)
[1, 4, 10, 23, 57, 132, 301, 701, 1636, 3653, 8587, 19896]...: 14054156: ACCEPTED IN 26 TRIES, (AVG 540544.4615384615)
[1, 4, 10, 23, 57, 132, 301, 701, 1636, 3653, 8587, 19899]...: 11890309: ACCEPTED IN 22 TRIES, (AVG 540468.5909090909)
[1, 4, 10, 23, 57, 132, 301, 701, 1636, 3653, 8587, 19900]...: 7559870: ACCEPTED IN 14 TRIES, (AVG 539990.7142857143)
[1, 4, 10, 23, 57, 132, 301, 701, 1636, 3653, 8587, 19903]...: 8102061: ACCEPTED IN 15 TRIES, (AVG 540137.4)
[1, 4, 10, 23, 57, 132, 301, 701, 1636, 3653, 8587, 19926]...: 10804751: ACCEPTED IN 20 TRIES, (AVG 540237.55)
[1, 4, 10, 23, 57, 132, 301, 701, 1636, 3653, 8587, 19929]...: 10807909: ACCEPTED IN 20 TRIES, (AVG 540395.45)
[1, 4, 10, 23, 57, 132, 301, 701, 1636, 3653, 8587, 19931]...: 14054671: ACCEPTED IN 26 TRIES, (AVG 540564.2692307692)
[1, 4, 10, 23, 57, 132, 301, 701, 1636, 3653, 8587, 19932]...: 12429190: ACCEPTED IN 23 TRIES, (AVG 540399.5652173914)
[1, 4, 10, 23, 57, 132, 301, 701, 1636, 3653, 8587, 19933]...: 7020858: ACCEPTED IN 13 TRIES, (AVG 540066.0)
[1, 4, 10, 23, 57, 132, 301, 701, 1636, 3653, 8587, 19962]...: 10267340: ACCEPTED IN 19 TRIES, (AVG 540386.3157894737)
[1, 4, 10, 23, 57, 132, 301, 701, 1636, 3653, 8587, 19963]...: 14054856: ACCEPTED IN 26 TRIES, (AVG 540571.3846153846)
[1, 4, 10, 23, 57, 132, 301, 701, 1636, 3653, 8587, 19964]...: 17843230: ACCEPTED IN 33 TRIES, (AVG 540703.9393939395)
[1, 4, 10, 23, 57, 132, 301, 701, 1636, 3653, 8587, 19965]...: 8102141: ACCEPTED IN 15 TRIES, (AVG 540142.7333333333)
[1, 4, 10, 23, 57, 132, 301, 701, 1636, 3653, 8587, 19966]...: 14055386: ACCEPTED IN 26 TRIES, (AVG 540591.7692307692)
[1, 4, 10, 23, 57, 132, 301, 701, 1636, 3653, 8587, 19993]...: 10267771: ACCEPTED IN 19 TRIES, (AVG 540409.0)
[1, 4, 10, 23, 57, 132, 301, 701, 1636, 3653, 8587, 19994]...: 14053421: ACCEPTED IN 26 TRIES, (AVG 540516.1923076923)
[1, 4, 10, 23, 57, 132, 301, 701, 1636, 3653, 8587, 19996]...: 13514234: ACCEPTED IN 25 TRIES, (AVG 540569.36)
[1, 4, 10, 23, 57, 132, 301, 701, 1636, 3653, 8587, 19997]...: 4854861: ACCEPTED IN 9 TRIES, (AVG 539429.0)
[1, 4, 10, 23, 57, 132, 301, 701, 1636, 3653, 8587, 19998]...: 9725826: ACCEPTED IN 18 TRIES, (AVG 540323.6666666666)
[1, 4, 10, 23, 57, 132, 301, 701, 1636, 3653, 8587, 19999]...: 8642338: ACCEPTED IN 16 TRIES, (AVG 540146.125)
[1, 4, 10, 23, 57, 132, 301, 701, 1636, 3653, 8587, 20001]...: 12970061: ACCEPTED IN 24 TRIES, (AVG 540419.2083333334)
[1, 4, 10, 23, 57, 132, 301, 701, 1636, 3653, 8587, 20002]...: 15677897: ACCEPTED IN 29 TRIES, (AVG 540617.1379310344)
[1, 4, 10, 23, 57, 132, 301, 701, 1636, 3653, 8587, 20028]...: 13513029: ACCEPTED IN 25 TRIES, (AVG 540521.16)
[1, 4, 10, 23, 57, 132, 301, 701, 1636, 3653, 8587, 20030]...: 10267037: ACCEPTED IN 19 TRIES, (AVG 540370.3684210526)
[1, 4, 10, 23, 57, 132, 301, 701, 1636, 3653, 8587, 20031]...: 9726319: ACCEPTED IN 18 TRIES, (AVG 540351.0555555555)
[1, 4, 10, 23, 57, 132, 301, 701, 1636, 3653, 8587, 20032]...: 4854587: ACCEPTED IN 9 TRIES, (AVG 539398.5555555555)
[1, 4, 10, 23, 57, 132, 301, 701, 1636, 3653, 8587, 20034]...: 11349892: ACCEPTED IN 21 TRIES, (AVG 540471.0476190476)
[1, 4, 10, 23, 57, 132, 301, 701, 1636, 3653, 8587, 20035]...: 11890442: ACCEPTED IN 22 TRIES, (AVG 540474.6363636364)
[1, 4, 10, 23, 57, 132, 301, 701, 1636, 3653, 8587, 20061]...: 8100285: ACCEPTED IN 15 TRIES, (AVG 540019.0)
[1, 4, 10, 23, 57, 132, 301, 701, 1636, 3653, 8587, 20063]...: 7560830: ACCEPTED IN 14 TRIES, (AVG 540059.2857142857)
[1, 4, 10, 23, 57, 132, 301, 701, 1636, 3653, 8587, 20064]...: 14595550: ACCEPTED IN 27 TRIES, (AVG 540575.925925926)
[1, 4, 10, 23, 57, 132, 301, 701, 1636, 3653, 8587, 20065]...: 12431653: ACCEPTED IN 23 TRIES, (AVG 540506.6521739131)
[1, 4, 10, 23, 57, 132, 301, 701, 1636, 3653, 8587, 20095]...: 7020909: ACCEPTED IN 13 TRIES, (AVG 540069.9230769231)
[1, 4, 10, 23, 57, 132, 301, 701, 1636, 3653, 8587, 20096]...: 13513260: ACCEPTED IN 25 TRIES, (AVG 540530.4)
[1, 4, 10, 23, 57, 132, 301, 701, 1636, 3653, 8587, 20097]...: 8101780: ACCEPTED IN 15 TRIES, (AVG 540118.6666666666)
[1, 4, 10, 23, 57, 132, 301, 701, 1636, 3653, 8587, 20098]...: 5396917: ACCEPTED IN 10 TRIES, (AVG 539691.7)
[1, 4, 10, 23, 57, 132, 301, 701, 1636, 3653, 8587, 20101]...: 9725846: ACCEPTED IN 18 TRIES, (AVG 540324.7777777778)
[1, 4, 10, 23, 57, 132, 301, 701, 1636, 3653, 8587, 20102]...: 10263899: ACCEPTED IN 19 TRIES, (AVG 540205.2105263158)
[1, 4, 10, 23, 57, 132, 301, 701, 1636, 3653, 8587, 20128]...: 14594140: ACCEPTED IN 27 TRIES, (AVG 540523.7037037037)
[1, 4, 10, 23, 57, 132, 301, 701, 1636, 3653, 8587, 20129]...: 7020706: ACCEPTED IN 13 TRIES, (AVG 540054.3076923077)
[1, 4, 10, 23, 57, 132, 301, 701, 1636, 3653, 8587, 20130]...: 8642912: ACCEPTED IN 16 TRIES, (AVG 540182.0)
[1, 4, 10, 23, 57, 132, 301, 701, 1636, 3653, 8587, 20131]...: 15678197: ACCEPTED IN 29 TRIES, (AVG 540627.4827586206)
[1, 4, 10, 23, 57, 132, 301, 701, 1636, 3653, 8587, 20133]...: 7020211: ACCEPTED IN 13 TRIES, (AVG 540016.2307692308)
[1, 4, 10, 23, 57, 132, 301, 701, 1636, 3653, 8587, 20134]...: 2150606: ACCEPTED IN 4 TRIES, (AVG 537651.5)
[1, 4, 10, 23, 57, 132, 301, 701, 1636, 3653, 8587, 20137]...: 11347618: ACCEPTED IN 21 TRIES, (AVG 540362.7619047619)
[1, 4, 10, 23, 57, 132, 301, 701, 1636, 3653, 8587, 20160]...: 13513270: ACCEPTED IN 25 TRIES, (AVG 540530.8)
[1, 4, 10, 23, 57, 132, 301, 701, 1636, 3653, 8587, 20162]...: 13511875: ACCEPTED IN 25 TRIES, (AVG 540475.0)
[1, 4, 10, 23, 57, 132, 301, 701, 1636, 3653, 8587, 20163]...: 5937872: ACCEPTED IN 11 TRIES, (AVG 539806.5454545454)
[1, 4, 10, 23, 57, 132, 301, 701, 1636, 3653, 8587, 20164]...: 20008066: ACCEPTED IN 37 TRIES, (AVG 540758.5405405406)
[1, 4, 10, 23, 57, 132, 301, 701, 1636, 3653, 8587, 20165]...: 7018836: ACCEPTED IN 13 TRIES, (AVG 539910.4615384615)
[1, 4, 10, 23, 57, 132, 301, 701, 1636, 3653, 8587, 20166]...: 15677352: ACCEPTED IN 29 TRIES, (AVG 540598.3448275862)
[1, 4, 10, 23, 57, 132, 301, 701, 1636, 3653, 8587, 20167]...: 8102714: ACCEPTED IN 15 TRIES, (AVG 540180.9333333333)
[1, 4, 10, 23, 57, 132, 301, 701, 1636, 3653, 8587, 20168]...: 13514285: ACCEPTED IN 25 TRIES, (AVG 540571.4)
[1, 4, 10, 23, 57, 132, 301, 701, 1636, 3653, 8587, 20195]...: 8643617: ACCEPTED IN 16 TRIES, (AVG 540226.0625)
[1, 4, 10, 23, 57, 132, 301, 701, 1636, 3653, 8587, 20196]...: 9184726: ACCEPTED IN 17 TRIES, (AVG 540278.0)
[1, 4, 10, 23, 57, 132, 301, 701, 1636, 3653, 8587, 20197]...: 14055117: ACCEPTED IN 26 TRIES, (AVG 540581.4230769231)
[1, 4, 10, 23, 57, 132, 301, 701, 1636, 3653, 8587, 20200]...: 9184240: ACCEPTED IN 17 TRIES, (AVG 540249.4117647059)
[1, 4, 10, 23, 57, 132, 301, 701, 1636, 3653, 8587, 20201]...: 17300854: ACCEPTED IN 32 TRIES, (AVG 540651.6875)
[1, 4, 10, 23, 57, 132, 301, 701, 1636, 3653, 8587, 20204]...: 12432121: ACCEPTED IN 23 TRIES, (AVG 540527.0)
[1, 4, 10, 23, 57, 132, 301, 701, 1636, 3653, 8587, 20227]...: 10263076: ACCEPTED IN 19 TRIES, (AVG 540161.8947368421)
[1, 4, 10, 23, 57, 132, 301, 701, 1636, 3653, 8587, 20230]...: 9185424: ACCEPTED IN 17 TRIES, (AVG 540319.0588235294)
[1, 4, 10, 23, 57, 132, 301, 701, 1636, 3653, 8587, 20232]...: 12972014: ACCEPTED IN 24 TRIES, (AVG 540500.5833333334)
[1, 4, 10, 23, 57, 132, 301, 701, 1636, 3653, 8587, 20233]...: 7019625: ACCEPTED IN 13 TRIES, (AVG 539971.1538461539)
[1, 4, 10, 23, 57, 132, 301, 701, 1636, 3653, 8587, 20234]...: 12431911: ACCEPTED IN 23 TRIES, (AVG 540517.8695652174)
[1, 4, 10, 23, 57, 132, 301, 701, 1636, 3653, 8587, 20262]...: 8643127: ACCEPTED IN 16 TRIES, (AVG 540195.4375)
[1, 4, 10, 23, 57, 132, 301, 701, 1636, 3653, 8587, 20263]...: 9724945: ACCEPTED IN 18 TRIES, (AVG 540274.7222222222)
[1, 4, 10, 23, 57, 132, 301, 701, 1636, 3653, 8587, 20264]...: 17842832: ACCEPTED IN 33 TRIES, (AVG 540691.8787878788)
[1, 4, 10, 23, 57, 132, 301, 701, 1636, 3653, 8587, 20265]...: 9182484: ACCEPTED IN 17 TRIES, (AVG 540146.1176470588)
[1, 4, 10, 23, 57, 132, 301, 701, 1636, 3653, 8587, 20266]...: 8643839: ACCEPTED IN 16 TRIES, (AVG 540239.9375)
[1, 4, 10, 23, 57, 132, 301, 701, 1636, 3653, 8587, 20267]...: 4856322: ACCEPTED IN 9 TRIES, (AVG 539591.3333333334)
[1, 4, 10, 23, 57, 132, 301, 701, 1636, 3653, 8587, 20269]...: 8102661: ACCEPTED IN 15 TRIES, (AVG 540177.4)
[1, 4, 10, 23, 57, 132, 301, 701, 1636, 3653, 8587, 20294]...: 7561804: ACCEPTED IN 14 TRIES, (AVG 540128.8571428572)
[1, 4, 10, 23, 57, 132, 301, 701, 1636, 3653, 8587, 20295]...: 12430956: ACCEPTED IN 23 TRIES, (AVG 540476.3478260869)
[1, 4, 10, 23, 57, 132, 301, 701, 1636, 3653, 8587, 20297]...: 5938534: ACCEPTED IN 11 TRIES, (AVG 539866.7272727273)
[1, 4, 10, 23, 57, 132, 301, 701, 1636, 3653, 8587, 20298]...: 10267395: ACCEPTED IN 19 TRIES, (AVG 540389.2105263158)
[1, 4, 10, 23, 57, 132, 301, 701, 1636, 3653, 8587, 20299]...: 14055268: ACCEPTED IN 26 TRIES, (AVG 540587.2307692308)
[1, 4, 10, 23, 57, 132, 301, 701, 1636, 3653, 8587, 20300]...: 5938336: ACCEPTED IN 11 TRIES, (AVG 539848.7272727273)
[1, 4, 10, 23, 57, 132, 301, 701, 1636, 3653, 8587, 20303]...: 9723972: ACCEPTED IN 18 TRIES, (AVG 540220.6666666666)
[1, 4, 10, 23, 57, 132, 301, 701, 1636, 3653, 8587, 20329]...: 13512659: ACCEPTED IN 25 TRIES, (AVG 540506.36)
[1, 4, 10, 23, 57, 132, 301, 701, 1636, 3653, 8587, 20331]...: 9185025: ACCEPTED IN 17 TRIES, (AVG 540295.5882352941)
[1, 4, 10, 23, 57, 132, 301, 701, 1636, 3653, 8587, 20332]...: 9183843: ACCEPTED IN 17 TRIES, (AVG 540226.0588235294)
[1, 4, 10, 23, 57, 132, 301, 701, 1636, 3653, 8587, 20333]...: 5938656: ACCEPTED IN 11 TRIES, (AVG 539877.8181818182)
[1, 4, 10, 23, 57, 132, 301, 701, 1636, 3653, 8587, 20335]...: 14596699: ACCEPTED IN 27 TRIES, (AVG 540618.4814814815)
[1, 4, 10, 23, 57, 132, 301, 701, 1636, 3653, 8587, 20336]...: 10267174: ACCEPTED IN 19 TRIES, (AVG 540377.5789473684)
[1, 4, 10, 23, 57, 132, 301, 701, 1636, 3653, 8587, 20362]...: 7560819: ACCEPTED IN 14 TRIES, (AVG 540058.5)
[1, 4, 10, 23, 57, 132, 301, 701, 1636, 3653, 8587, 20363]...: 14596317: ACCEPTED IN 27 TRIES, (AVG 540604.3333333334)
[1, 4, 10, 23, 57, 132, 301, 701, 1636, 3653, 8587, 20364]...: 5396171: ACCEPTED IN 10 TRIES, (AVG 539617.1)
[1, 4, 10, 23, 57, 132, 301, 701, 1636, 3653, 8587, 20365]...: 5396536: ACCEPTED IN 10 TRIES, (AVG 539653.6)
[1, 4, 10, 23, 57, 132, 301, 701, 1636, 3653, 8587, 20366]...: 14051417: ACCEPTED IN 26 TRIES, (AVG 540439.1153846154)
[1, 4, 10, 23, 57, 132, 301, 701, 1636, 3653, 8587, 20371]...: 14596330: ACCEPTED IN 27 TRIES, (AVG 540604.8148148148)
[1, 4, 10, 23, 57, 132, 301, 701, 1636, 3653, 8587, 20394]...: 4315098: ACCEPTED IN 8 TRIES, (AVG 539387.25)
[1, 4, 10, 23, 57, 132, 301, 701, 1636, 3653, 8587, 20396]...: 9726091: ACCEPTED IN 18 TRIES, (AVG 540338.3888888889)
[1, 4, 10, 23, 57, 132, 301, 701, 1636, 3653, 8587, 20397]...: 11349091: ACCEPTED IN 21 TRIES, (AVG 540432.9047619047)
[1, 4, 10, 23, 57, 132, 301, 701, 1636, 3653, 8587, 20398]...: 12431646: ACCEPTED IN 23 TRIES, (AVG 540506.3478260869)
[1, 4, 10, 23, 57, 132, 301, 701, 1636, 3653, 8587, 20399]...: 11890290: ACCEPTED IN 22 TRIES, (AVG 540467.7272727273)
[1, 4, 10, 23, 57, 132, 301, 701, 1636, 3653, 8587, 20401]...: 12971868: ACCEPTED IN 24 TRIES, (AVG 540494.5)
[1, 4, 10, 23, 57, 132, 301, 701, 1636, 3653, 8587, 20402]...: 9725016: ACCEPTED IN 18 TRIES, (AVG 540278.6666666666)
[1, 4, 10, 23, 57, 132, 301, 701, 1636, 3653, 8587, 20403]...: 9726126: ACCEPTED IN 18 TRIES, (AVG 540340.3333333334)
[1, 4, 10, 23, 57, 132, 301, 701, 1636, 3653, 8587, 20429]...: 5938377: ACCEPTED IN 11 TRIES, (AVG 539852.4545454546)
[1, 4, 10, 23, 57, 132, 301, 701, 1636, 3653, 8587, 20430]...: 22712701: ACCEPTED IN 42 TRIES, (AVG 540778.5952380953)
[1, 4, 10, 23, 57, 132, 301, 701, 1636, 3653, 8587, 20431]...: 7019911: ACCEPTED IN 13 TRIES, (AVG 539993.1538461539)
[1, 4, 10, 23, 57, 132, 301, 701, 1636, 3653, 8587, 20432]...: 10267027: ACCEPTED IN 19 TRIES, (AVG 540369.8421052631)
[1, 4, 10, 23, 57, 132, 301, 701, 1636, 3653, 8587, 20434]...: 14054340: ACCEPTED IN 26 TRIES, (AVG 540551.5384615385)
[1, 4, 10, 23, 57, 132, 301, 701, 1636, 3653, 8587, 20435]...: 10266903: ACCEPTED IN 19 TRIES, (AVG 540363.3157894737)
[1, 4, 10, 23, 57, 132, 301, 701, 1636, 3653, 8587, 20438]...: 7560403: ACCEPTED IN 14 TRIES, (AVG 540028.7857142857)
[1, 4, 10, 23, 57, 132, 301, 701, 1636, 3653, 8587, 20461]...: 7562024: ACCEPTED IN 14 TRIES, (AVG 540144.5714285715)
[1, 4, 10, 23, 57, 132, 301, 701, 1636, 3653, 8587, 20463]...: 14055180: ACCEPTED IN 26 TRIES, (AVG 540583.8461538461)
[1, 4, 10, 23, 57, 132, 301, 701, 1636, 3653, 8587, 20464]...: 12972600: ACCEPTED IN 24 TRIES, (AVG 540525.0)
[1, 4, 10, 23, 57, 132, 301, 701, 1636, 3653, 8587, 20465]...: 8102126: ACCEPTED IN 15 TRIES, (AVG 540141.7333333333)
[1, 4, 10, 23, 57, 132, 301, 701, 1636, 3653, 8587, 20466]...: 20006832: ACCEPTED IN 37 TRIES, (AVG 540725.1891891892)
[1, 4, 10, 23, 57, 132, 301, 701, 1636, 3653, 8587, 20467]...: 20007023: ACCEPTED IN 37 TRIES, (AVG 540730.3513513514)
[1, 4, 10, 23, 57, 132, 301, 701, 1636, 3653, 8587, 20468]...: 8643527: ACCEPTED IN 16 TRIES, (AVG 540220.4375)
[1, 4, 10, 23, 57, 132, 301, 701, 1636, 3653, 8587, 20469]...: 10807970: ACCEPTED IN 20 TRIES, (AVG 540398.5)
[1, 4, 10, 23, 57, 132, 301, 701, 1636, 3653, 8587, 20495]...: 10266103: ACCEPTED IN 19 TRIES, (AVG 540321.2105263158)
[1, 4, 10, 23, 57, 132, 301, 701, 1636, 3653, 8587, 20496]...: 9184637: ACCEPTED IN 17 TRIES, (AVG 540272.7647058824)
[1, 4, 10, 23, 57, 132, 301, 701, 1636, 3653, 8587, 20497]...: 10265667: ACCEPTED IN 19 TRIES, (AVG 540298.2631578947)
[1, 4, 10, 23, 57, 132, 301, 701, 1636, 3653, 8587, 20501]...: 10266155: ACCEPTED IN 19 TRIES, (AVG 540323.947368421)
[1, 4, 10, 23, 57, 132, 301, 701, 1636, 3653, 8587, 20502]...: 14595188: ACCEPTED IN 27 TRIES, (AVG 540562.5185185185)
[1, 4, 10, 23, 57, 132, 301, 701, 1636, 3653, 8587, 20503]...: 8643787: ACCEPTED IN 16 TRIES, (AVG 540236.6875)
[1, 4, 10, 23, 57, 132, 301, 701, 1636, 3653, 8587, 20528]...: 15678066: ACCEPTED IN 29 TRIES, (AVG 540622.9655172414)
[1, 4, 10, 23, 57, 132, 301, 701, 1636, 3653, 8587, 20531]...: 9184955: ACCEPTED IN 17 TRIES, (AVG 540291.4705882353)
[1, 4, 10, 23, 57, 132, 301, 701, 1636, 3653, 8587, 20533]...: 12973323: ACCEPTED IN 24 TRIES, (AVG 540555.125)
[1, 4, 10, 23, 57, 132, 301, 701, 1636, 3653, 8587, 20534]...: 10265585: ACCEPTED IN 19 TRIES, (AVG 540293.947368421)
[1, 4, 10, 23, 57, 132, 301, 701, 1636, 3653, 8587, 20535]...: 7561845: ACCEPTED IN 14 TRIES, (AVG 540131.7857142857)
[1, 4, 10, 23, 57, 132, 301, 701, 1636, 3653, 8587, 20563]...: 7019362: ACCEPTED IN 13 TRIES, (AVG 539950.9230769231)
[1, 4, 10, 23, 57, 132, 301, 701, 1636, 3653, 8587, 20564]...: 8100828: ACCEPTED IN 15 TRIES, (AVG 540055.2)
[1, 4, 10, 23, 57, 132, 301, 701, 1636, 3653, 8587, 20565]...: 9726479: ACCEPTED IN 18 TRIES, (AVG 540359.9444444445)
[1, 4, 10, 23, 57, 132, 301, 701, 1636, 3653, 8587, 20566]...: 9184759: ACCEPTED IN 17 TRIES, (AVG 540279.9411764706)
[1, 4, 10, 23, 57, 132, 301, 701, 1636, 3653, 8587, 20567]...: 14055129: ACCEPTED IN 26 TRIES, (AVG 540581.8846153846)
[1, 4, 10, 23, 57, 132, 301, 701, 1636, 3653, 8587, 20568]...: 9185486: ACCEPTED IN 17 TRIES, (AVG 540322.7058823529)
[1, 4, 10, 23, 57, 132, 301, 701, 1636, 3653, 8587, 20570]...: 14594939: ACCEPTED IN 27 TRIES, (AVG 540553.2962962963)
[1, 4, 10, 23, 57, 132, 301, 701, 1636, 3653, 8587, 20595]...: 7019534: ACCEPTED IN 13 TRIES, (AVG 539964.1538461539)
[1, 4, 10, 23, 57, 132, 301, 701, 1636, 3653, 8587, 20596]...: 4855809: ACCEPTED IN 9 TRIES, (AVG 539534.3333333334)
[1, 4, 10, 23, 57, 132, 301, 701, 1636, 3653, 8587, 20597]...: 14053164: ACCEPTED IN 26 TRIES, (AVG 540506.3076923077)
[1, 4, 10, 23, 57, 132, 301, 701, 1636, 3653, 8587, 20598]...: 7020978: ACCEPTED IN 13 TRIES, (AVG 540075.2307692308)
[1, 4, 10, 23, 57, 132, 301, 701, 1636, 3653, 8587, 20599]...: 9726470: ACCEPTED IN 18 TRIES, (AVG 540359.4444444445)
[1, 4, 10, 23, 57, 132, 301, 701, 1636, 3653, 8587, 20600]...: 9185174: ACCEPTED IN 17 TRIES, (AVG 540304.3529411765)
[1, 4, 10, 23, 57, 132, 301, 701, 1636, 3653, 8587, 20601]...: 10808103: ACCEPTED IN 20 TRIES, (AVG 540405.15)
[1, 4, 10, 23, 57, 132, 301, 701, 1636, 3653, 8587, 20604]...: 9185031: ACCEPTED IN 17 TRIES, (AVG 540295.9411764706)
