[1, 4, 10, 23, 57, 132, 301, 701, 1654, 3954, 9432, 20750]...: 11349101: ACCEPTED IN 21 TRIES, (AVG 540433.380952381)
[1, 4, 10, 23, 57, 132, 301, 701, 1654, 3954, 9432, 20751]...: 8642687: ACCEPTED IN 16 TRIES, (AVG 540167.9375)
[1, 4, 10, 23, 57, 132, 301, 701, 1654, 3954, 9432, 20755]...: 13513962: ACCEPTED IN 25 TRIES, (AVG 540558.48)
[1, 4, 10, 23, 57, 132, 301, 701, 1654, 3954, 9432, 20759]...: 19466354: ACCEPTED IN 36 TRIES, (AVG 540732.0555555555)
[1, 4, 10, 23, 57, 132, 301, 701, 1654, 3954, 9432, 20763]...: 18925033: ACCEPTED IN 35 TRIES, (AVG 540715.2285714286)
[1, 4, 10, 23, 57, 132, 301, 701, 1654, 3954, 9432, 20767]...: 24876110: ACCEPTED IN 46 TRIES, (AVG 540785.0)
[1, 4, 10, 23, 57, 132, 301, 701, 1654, 3954, 9432, 20772]...: 19466451: ACCEPTED IN 36 TRIES, (AVG 540734.75)
[1, 4, 10, 23, 57, 132, 301, 701, 1654, 3954, 9432, 20776]...: 17842429: ACCEPTED IN 33 TRIES, (AVG 540679.6666666666)
[1, 4, 10, 23, 57, 132, 301, 701, 1654, 3954, 9432, 20780]...: 9183999: ACCEPTED IN 17 TRIES, (AVG 540235.2352941176)
[1, 4, 10, 23, 57, 132, 301, 701, 1654, 3954, 9432, 20784]...: 15137552: ACCEPTED IN 28 TRIES, (AVG 540626.8571428572)
[1, 4, 10, 23, 57, 132, 301, 701, 1654, 3954, 9432, 20788]...: 22713930: ACCEPTED IN 42 TRIES, (AVG 540807.8571428572)
[1, 4, 10, 23, 57, 132, 301, 701, 1654, 3954, 9432, 20792]...: 11349671: ACCEPTED IN 21 TRIES, (AVG 540460.5238095238)
[1, 4, 10, 23, 57, 132, 301, 701, 1654, 3954, 9432, 20796]...: 18924661: ACCEPTED IN 35 TRIES, (AVG 540704.6)
[1, 4, 10, 23, 57, 132, 301, 701, 1654, 3954, 9432, 20800]...: 8643561: ACCEPTED IN 16 TRIES, (AVG 540222.5625)
[1, 4, 10, 23, 57, 132, 301, 701, 1654, 3954, 9432, 20804]...: 14055049: ACCEPTED IN 26 TRIES, (AVG 540578.8076923077)
[1, 4, 10, 23, 57, 132, 301, 701, 1654, 3954, 9432, 20805]...: 20548756: ACCEPTED IN 38 TRIES, (AVG 540756.7368421053)
[1, 4, 10, 23, 57, 132, 301, 701, 1654, 3954, 9432, 20809]...: 15137900: ACCEPTED IN 28 TRIES, (AVG 540639.2857142857)
[1, 4, 10, 23, 57, 132, 301, 701, 1654, 3954, 9432, 20813]...: 15136549: ACCEPTED IN 28 TRIES, (AVG 540591.0357142857)
[1, 4, 10, 23, 57, 132, 301, 701, 1654, 3954, 9432, 20817]...: 8644102: ACCEPTED IN 16 TRIES, (AVG 540256.375)
[1, 4, 10, 23, 57, 132, 301, 701, 1654, 3954, 9432, 20821]...: 20007556: ACCEPTED IN 37 TRIES, (AVG 540744.7567567568)
[1, 4, 10, 23, 57, 132, 301, 701, 1654, 3954, 9432, 20825]...: 18384769: ACCEPTED IN 34 TRIES, (AVG 540728.5)
[1, 4, 10, 23, 57, 132, 301, 701, 1654, 3954, 9432, 20829]...: 15678746: ACCEPTED IN 29 TRIES, (AVG 540646.4137931034)
[1, 4, 10, 23, 57, 132, 301, 701, 1654, 3954, 9432, 20833]...: 10808809: ACCEPTED IN 20 TRIES, (AVG 540440.45)
[1, 4, 10, 23, 57, 132, 301, 701, 1654, 3954, 9432, 20837]...: 16761196: ACCEPTED IN 31 TRIES, (AVG 540683.7419354839)
[1, 4, 10, 23, 57, 132, 301, 701, 1654, 3954, 9432, 20838]...: 8643759: ACCEPTED IN 16 TRIES, (AVG 540234.9375)
[1, 4, 10, 23, 57, 132, 301, 701, 1654, 3954, 9432, 20841]...: 15678468: ACCEPTED IN 29 TRIES, (AVG 540636.8275862068)
[1, 4, 10, 23, 57, 132, 301, 701, 1654, 3954, 9432, 20842]...: 15136321: ACCEPTED IN 28 TRIES, (AVG 540582.8928571428)
[1, 4, 10, 23, 57, 132, 301, 701, 1654, 3954, 9432, 20846]...: 13513888: ACCEPTED IN 25 TRIES, (AVG 540555.52)
[1, 4, 10, 23, 57, 132, 301, 701, 1654, 3954, 9432, 20850]...: 14053803: ACCEPTED IN 26 TRIES, (AVG 540530.8846153846)
[1, 4, 10, 23, 57, 132, 301, 701, 1654, 3954, 9432, 20854]...: 14594479: ACCEPTED IN 27 TRIES, (AVG 540536.2592592592)
[1, 4, 10, 23, 57, 132, 301, 701, 1654, 3954, 9432, 20858]...: 17842561: ACCEPTED IN 33 TRIES, (AVG 540683.6666666666)
[1, 4, 10, 23, 57, 132, 301, 701, 1654, 3954, 9432, 20862]...: 15137072: ACCEPTED IN 28 TRIES, (AVG 540609.7142857143)
[1, 4, 10, 23, 57, 132, 301, 701, 1654, 3954, 9432, 20870]...: 13514292: ACCEPTED IN 25 TRIES, (AVG 540571.68)
[1, 4, 10, 23, 57, 132, 301, 701, 1654, 3954, 9432, 20874]...: 15135794: ACCEPTED IN 28 TRIES, (AVG 540564.0714285715)
[1, 4, 10, 23, 57, 132, 301, 701, 1654, 3954, 9432, 20875]...: 15137847: ACCEPTED IN 28 TRIES, (AVG 540637.3928571428)
[1, 4, 10, 23, 57, 132, 301, 701, 1654, 3954, 9432, 20879]...: 15137740: ACCEPTED IN 28 TRIES, (AVG 540633.5714285715)
[1, 4, 10, 23, 57, 132, 301, 701, 1654, 3954, 9432, 20882]...: 6479594: ACCEPTED IN 12 TRIES, (AVG 539966.1666666666)
[1, 4, 10, 23, 57, 132, 301, 701, 1654, 3954, 9432, 20883]...: 18924517: ACCEPTED IN 35 TRIES, (AVG 540700.4857142858)
[1, 4, 10, 23, 57, 132, 301, 701, 1654, 3954, 9432, 20887]...: 14595749: ACCEPTED IN 27 TRIES, (AVG 540583.2962962963)
[1, 4, 10, 23, 57, 132, 301, 701, 1654, 3954, 9432, 20891]...: 15137868: ACCEPTED IN 28 TRIES, (AVG 540638.1428571428)
[1, 4, 10, 23, 57, 132, 301, 701, 1654, 3954, 9432, 20895]...: 18925864: ACCEPTED IN 35 TRIES, (AVG 540738.9714285714)
[1, 4, 10, 23, 57, 132, 301, 701, 1654, 3954, 9432, 20899]...: 18925449: ACCEPTED IN 35 TRIES, (AVG 540727.1142857143)
[1, 4, 10, 23, 57, 132, 301, 701, 1654, 3954, 9432, 20904]...: 15677696: ACCEPTED IN 29 TRIES, (AVG 540610.2068965518)
[1, 4, 10, 23, 57, 132, 301, 701, 1654, 3954, 9432, 20908]...: 12971945: ACCEPTED IN 24 TRIES, (AVG 540497.7083333334)
[1, 4, 10, 23, 57, 132, 301, 701, 1654, 3954, 9432, 20911]...: 9725706: ACCEPTED IN 18 TRIES, (AVG 540317.0)
[1, 4, 10, 23, 57, 132, 301, 701, 1654, 3954, 9432, 20912]...: 15137897: ACCEPTED IN 28 TRIES, (AVG 540639.1785714285)
[1, 4, 10, 23, 57, 132, 301, 701, 1654, 3954, 9432, 20916]...: 15135142: ACCEPTED IN 28 TRIES, (AVG 540540.7857142857)
[1, 4, 10, 23, 57, 132, 301, 701, 1654, 3954, 9432, 20920]...: 12432128: ACCEPTED IN 23 TRIES, (AVG 540527.304347826)
[1, 4, 10, 23, 57, 132, 301, 701, 1654, 3954, 9432, 20924]...: 15136970: ACCEPTED IN 28 TRIES, (AVG 540606.0714285715)
[1, 4, 10, 23, 57, 132, 301, 701, 1654, 3954, 9432, 20928]...: 17842489: ACCEPTED IN 33 TRIES, (AVG 540681.4848484849)
[1, 4, 10, 23, 57, 132, 301, 701, 1654, 3954, 9432, 20932]...: 23794294: ACCEPTED IN 44 TRIES, (AVG 540779.4090909091)
[1, 4, 10, 23, 57, 132, 301, 701, 1654, 3954, 9432, 20936]...: 20548714: ACCEPTED IN 38 TRIES, (AVG 540755.6315789474)
[1, 4, 10, 23, 57, 132, 301, 701, 1654, 3954, 9432, 20937]...: 15137522: ACCEPTED IN 28 TRIES, (AVG 540625.7857142857)
[1, 4, 10, 23, 57, 132, 301, 701, 1654, 3954, 9432, 20941]...: 22712241: ACCEPTED IN 42 TRIES, (AVG 540767.6428571428)
[1, 4, 10, 23, 57, 132, 301, 701, 1654, 3954, 9432, 20945]...: 18925448: ACCEPTED IN 35 TRIES, (AVG 540727.0857142857)
[1, 4, 10, 23, 57, 132, 301, 701, 1654, 3954, 9432, 20949]...: 10266651: ACCEPTED IN 19 TRIES, (AVG 540350.052631579)
[1, 4, 10, 23, 57, 132, 301, 701, 1654, 3954, 9432, 20953]...: 30830573: ACCEPTED IN 57 TRIES, (AVG 540887.245614035)
[1, 4, 10, 23, 57, 132, 301, 701, 1654, 3954, 9432, 20957]...: 15679129: ACCEPTED IN 29 TRIES, (AVG 540659.6206896552)
[1, 4, 10, 23, 57, 132, 301, 701, 1654, 3954, 9432, 20961]...: 44900384: ACCEPTED IN 83 TRIES, (AVG 540968.4819277108)
[1, 4, 10, 23, 57, 132, 301, 701, 1654, 3954, 9432, 20965]...: 14054951: ACCEPTED IN 26 TRIES, (AVG 540575.0384615385)
[1, 4, 10, 23, 57, 132, 301, 701, 1654, 3954, 9432, 20969]...: 14595775: ACCEPTED IN 27 TRIES, (AVG 540584.2592592592)
[1, 4, 10, 23, 57, 132, 301, 701, 1654, 3954, 9432, 20974]...: 5397406: ACCEPTED IN 10 TRIES, (AVG 539740.6)
[1, 4, 10, 23, 57, 132, 301, 701, 1654, 3954, 9432, 20978]...: 15137974: ACCEPTED IN 28 TRIES, (AVG 540641.9285714285)
[1, 4, 10, 23, 57, 132, 301, 701, 1654, 3954, 9432, 20982]...: 14596437: ACCEPTED IN 27 TRIES, (AVG 540608.7777777778)
[1, 4, 10, 23, 57, 132, 301, 701, 1654, 3954, 9432, 20986]...: 24876128: ACCEPTED IN 46 TRIES, (AVG 540785.3913043478)
[1, 4, 10, 23, 57, 132, 301, 701, 1654, 3954, 9432, 20990]...: 15136598: ACCEPTED IN 28 TRIES, (AVG 540592.7857142857)
[1, 4, 10, 23, 57, 132, 301, 701, 1654, 3954, 9432, 20994]...: 13513853: ACCEPTED IN 25 TRIES, (AVG 540554.12)
[1, 4, 10, 23, 57, 132, 301, 701, 1654, 3954, 9432, 21002]...: 17300474: ACCEPTED IN 32 TRIES, (AVG 540639.8125)
[1, 4, 10, 23, 57, 132, 301, 701, 1654, 3954, 9432, 21006]...: 20008155: ACCEPTED IN 37 TRIES, (AVG 540760.9459459459)
[1, 4, 10, 23, 57, 132, 301, 701, 1654, 3954, 9432, 21007]...: 38406864: ACCEPTED IN 71 TRIES, (AVG 540941.7464788732)
[1, 4, 10, 23, 57, 132, 301, 701, 1654, 3954, 9432, 21010]...: 24334766: ACCEPTED IN 45 TRIES, (AVG 540772.5777777778)
[1, 4, 10, 23, 57, 132, 301, 701, 1654, 3954, 9432, 21011]...: 22713095: ACCEPTED IN 42 TRIES, (AVG 540787.9761904762)
[1, 4, 10, 23, 57, 132, 301, 701, 1654, 3954, 9432, 21015]...: 14054294: ACCEPTED IN 26 TRIES, (AVG 540549.7692307692)
[1, 4, 10, 23, 57, 132, 301, 701, 1654, 3954, 9432, 21019]...: 23794253: ACCEPTED IN 44 TRIES, (AVG 540778.4772727273)
[1, 4, 10, 23, 57, 132, 301, 701, 1654, 3954, 9432, 21023]...: 10808759: ACCEPTED IN 20 TRIES, (AVG 540437.95)
[1, 4, 10, 23, 57, 132, 301, 701, 1654, 3954, 9432, 21027]...: 18924833: ACCEPTED IN 35 TRIES, (AVG 540709.5142857142)
[1, 4, 10, 23, 57, 132, 301, 701, 1654, 3954, 9432, 21031]...: 8642541: ACCEPTED IN 16 TRIES, (AVG 540158.8125)
[1, 4, 10, 23, 57, 132, 301, 701, 1654, 3954, 9432, 21036]...: 22713887: ACCEPTED IN 42 TRIES, (AVG 540806.8333333334)
[1, 4, 10, 23, 57, 132, 301, 701, 1654, 3954, 9432, 21040]...: 17842818: ACCEPTED IN 33 TRIES, (AVG 540691.4545454546)
[1, 4, 10, 23, 57, 132, 301, 701, 1654, 3954, 9432, 21043]...: 14595738: ACCEPTED IN 27 TRIES, (AVG 540582.8888888889)
[1, 4, 10, 23, 57, 132, 301, 701, 1654, 3954, 9432, 21044]...: 10808265: ACCEPTED IN 20 TRIES, (AVG 540413.25)
[1, 4, 10, 23, 57, 132, 301, 701, 1654, 3954, 9432, 21048]...: 17302409: ACCEPTED IN 32 TRIES, (AVG 540700.28125)
[1, 4, 10, 23, 57, 132, 301, 701, 1654, 3954, 9432, 21052]...: 9725442: ACCEPTED IN 18 TRIES, (AVG 540302.3333333334)
[1, 4, 10, 23, 57, 132, 301, 701, 1654, 3954, 9432, 21056]...: 14596583: ACCEPTED IN 27 TRIES, (AVG 540614.1851851852)
[1, 4, 10, 23, 57, 132, 301, 701, 1654, 3954, 9432, 21060]...: 8102177: ACCEPTED IN 15 TRIES, (AVG 540145.1333333333)
[1, 4, 10, 23, 57, 132, 301, 701, 1654, 3954, 9432, 21064]...: 12972916: ACCEPTED IN 24 TRIES, (AVG 540538.1666666666)
[1, 4, 10, 23, 57, 132, 301, 701, 1654, 3954, 9432, 21068]...: 9726262: ACCEPTED IN 18 TRIES, (AVG 540347.8888888889)
[1, 4, 10, 23, 57, 132, 301, 701, 1654, 3954, 9432, 21073]...: 21630407: ACCEPTED IN 40 TRIES, (AVG 540760.175)
[1, 4, 10, 23, 57, 132, 301, 701, 1654, 3954, 9432, 21077]...: 13514315: ACCEPTED IN 25 TRIES, (AVG 540572.6)
[1, 4, 10, 23, 57, 132, 301, 701, 1654, 3954, 9432, 21081]...: 11890414: ACCEPTED IN 22 TRIES, (AVG 540473.3636363636)
[1, 4, 10, 23, 57, 132, 301, 701, 1654, 3954, 9432, 21085]...: 10266813: ACCEPTED IN 19 TRIES, (AVG 540358.5789473684)
[1, 4, 10, 23, 57, 132, 301, 701, 1654, 3954, 9432, 21089]...: 23254952: ACCEPTED IN 43 TRIES, (AVG 540812.8372093023)
[1, 4, 10, 23, 57, 132, 301, 701, 1654, 3954, 9432, 21093]...: 18923444: ACCEPTED IN 35 TRIES, (AVG 540669.8285714285)
[1, 4, 10, 23, 57, 132, 301, 701, 1654, 3954, 9432, 21097]...: 35158291: ACCEPTED IN 65 TRIES, (AVG 540896.7846153846)
[1, 4, 10, 23, 57, 132, 301, 701, 1654, 3954, 9432, 21101]...: 10808438: ACCEPTED IN 20 TRIES, (AVG 540421.9)
[1, 4, 10, 23, 57, 132, 301, 701, 1654, 3954, 9432, 21105]...: 13511641: ACCEPTED IN 25 TRIES, (AVG 540465.64)
[1, 4, 10, 23, 57, 132, 301, 701, 1654, 3954, 9432, 21106]...: 12431937: ACCEPTED IN 23 TRIES, (AVG 540519.0)
[1, 4, 10, 23, 57, 132, 301, 701, 1654, 3954, 9432, 21110]...: 9726311: ACCEPTED IN 18 TRIES, (AVG 540350.6111111111)
[1, 4, 10, 23, 57, 132, 301, 701, 1654, 3954, 9432, 21114]...: 17840784: ACCEPTED IN 33 TRIES, (AVG 540629.8181818182)
[1, 4, 10, 23, 57, 132, 301, 701, 1654, 3954, 9432, 21118]...: 7560193: ACCEPTED IN 14 TRIES, (AVG 540013.7857142857)
[1, 4, 10, 23, 57, 132, 301, 701, 1654, 3954, 9432, 21122]...: 12431819: ACCEPTED IN 23 TRIES, (AVG 540513.8695652174)
[1, 4, 10, 23, 57, 132, 301, 701, 1654, 3954, 9432, 21126]...: 22711898: ACCEPTED IN 42 TRIES, (AVG 540759.4761904762)
[1, 4, 10, 23, 57, 132, 301, 701, 1654, 3954, 9432, 21134]...: 24336507: ACCEPTED IN 45 TRIES, (AVG 540811.2666666667)
[1, 4, 10, 23, 57, 132, 301, 701, 1654, 3954, 9432, 21138]...: 24875738: ACCEPTED IN 46 TRIES, (AVG 540776.9130434783)
[1, 4, 10, 23, 57, 132, 301, 701, 1654, 3954, 9432, 21139]...: 10807080: ACCEPTED IN 20 TRIES, (AVG 540354.0)
[1, 4, 10, 23, 57, 132, 301, 701, 1654, 3954, 9432, 21142]...: 9725841: ACCEPTED IN 18 TRIES, (AVG 540324.5)
[1, 4, 10, 23, 57, 132, 301, 701, 1654, 3954, 9432, 21143]...: 6479103: ACCEPTED IN 12 TRIES, (AVG 539925.25)
[1, 4, 10, 23, 57, 132, 301, 701, 1654, 3954, 9432, 21147]...: 22171042: ACCEPTED IN 41 TRIES, (AVG 540757.1219512195)
[1, 4, 10, 23, 57, 132, 301, 701, 1654, 3954, 9432, 21151]...: 22172198: ACCEPTED IN 41 TRIES, (AVG 540785.3170731707)
[1, 4, 10, 23, 57, 132, 301, 701, 1654, 3954, 9432, 21155]...: 13513384: ACCEPTED IN 25 TRIES, (AVG 540535.36)
[1, 4, 10, 23, 57, 132, 301, 701, 1654, 3954, 9432, 21159]...: 18922765: ACCEPTED IN 35 TRIES, (AVG 540650.4285714285)
[1, 4, 10, 23, 57, 132, 301, 701, 1654, 3954, 9432, 21163]...: 20548675: ACCEPTED IN 38 TRIES, (AVG 540754.6052631579)
[1, 4, 10, 23, 57, 132, 301, 701, 1654, 3954, 9432, 21172]...: 17843688: ACCEPTED IN 33 TRIES, (AVG 540717.8181818182)
[1, 4, 10, 23, 57, 132, 301, 701, 1654, 3954, 9432, 21175]...: 24336633: ACCEPTED IN 45 TRIES, (AVG 540814.0666666667)
[1, 4, 10, 23, 57, 132, 301, 701, 1654, 3954, 9432, 21176]...: 12431525: ACCEPTED IN 23 TRIES, (AVG 540501.0869565217)
[1, 4, 10, 23, 57, 132, 301, 701, 1654, 3954, 9432, 21180]...: 11890826: ACCEPTED IN 22 TRIES, (AVG 540492.0909090909)
[1, 4, 10, 23, 57, 132, 301, 701, 1654, 3954, 9432, 21184]...: 9184869: ACCEPTED IN 17 TRIES, (AVG 540286.4117647059)
[1, 4, 10, 23, 57, 132, 301, 701, 1654, 3954, 9432, 21188]...: 9725051: ACCEPTED IN 18 TRIES, (AVG 540280.6111111111)
[1, 4, 10, 23, 57, 132, 301, 701, 1654, 3954, 9432, 21192]...: 22172261: ACCEPTED IN 41 TRIES, (AVG 540786.8536585366)
[1, 4, 10, 23, 57, 132, 301, 701, 1654, 3954, 9432, 21196]...: 20007278: ACCEPTED IN 37 TRIES, (AVG 540737.2432432432)
[1, 4, 10, 23, 57, 132, 301, 701, 1654, 3954, 9432, 21200]...: 21631441: ACCEPTED IN 40 TRIES, (AVG 540786.025)
[1, 4, 10, 23, 57, 132, 301, 701, 1654, 3954, 9432, 21205]...: 9182789: ACCEPTED IN 17 TRIES, (AVG 540164.0588235294)
[1, 4, 10, 23, 57, 132, 301, 701, 1654, 3954, 9432, 21209]...: 22712690: ACCEPTED IN 42 TRIES, (AVG 540778.3333333334)
[1, 4, 10, 23, 57, 132, 301, 701, 1654, 3954, 9432, 21213]...: 9184251: ACCEPTED IN 17 TRIES, (AVG 540250.0588235294)
[1, 4, 10, 23, 57, 132, 301, 701, 1654, 3954, 9432, 21217]...: 11349550: ACCEPTED IN 21 TRIES, (AVG 540454.7619047619)
[1, 4, 10, 23, 57, 132, 301, 701, 1654, 3954, 9432, 21221]...: 14054493: ACCEPTED IN 26 TRIES, (AVG 540557.4230769231)
[1, 4, 10, 23, 57, 132, 301, 701, 1654, 3954, 9432, 21225]...: 14054024: ACCEPTED IN 26 TRIES, (AVG 540539.3846153846)
[1, 4, 10, 23, 57, 132, 301, 701, 1654, 3954, 9432, 21229]...: 18383054: ACCEPTED IN 34 TRIES, (AVG 540678.0588235294)
[1, 4, 10, 23, 57, 132, 301, 701, 1654, 3954, 9432, 21233]...: 8103019: ACCEPTED IN 15 TRIES, (AVG 540201.2666666667)
[1, 4, 10, 23, 57, 132, 301, 701, 1654, 3954, 9432, 21237]...: 8644019: ACCEPTED IN 16 TRIES, (AVG 540251.1875)
[1, 4, 10, 23, 57, 132, 301, 701, 1654, 3954, 9432, 21238]...: 11890461: ACCEPTED IN 22 TRIES, (AVG 540475.5)
[1, 4, 10, 23, 57, 132, 301, 701, 1654, 3954, 9432, 21242]...: 8101919: ACCEPTED IN 15 TRIES, (AVG 540127.9333333333)
[1, 4, 10, 23, 57, 132, 301, 701, 1654, 3954, 9432, 21246]...: 13513732: ACCEPTED IN 25 TRIES, (AVG 540549.28)
[1, 4, 10, 23, 57, 132, 301, 701, 1654, 3954, 9432, 21250]...: 11890635: ACCEPTED IN 22 TRIES, (AVG 540483.4090909091)
[1, 4, 10, 23, 57, 132, 301, 701, 1654, 3954, 9432, 21254]...: 8642022: ACCEPTED IN 16 TRIES, (AVG 540126.375)
[1, 4, 10, 23, 57, 132, 301, 701, 1654, 3954, 9432, 21258]...: 10267271: ACCEPTED IN 19 TRIES, (AVG 540382.6842105263)
[1, 4, 10, 23, 57, 132, 301, 701, 1654, 3954, 9432, 21262]...: 13513469: ACCEPTED IN 25 TRIES, (AVG 540538.76)
[1, 4, 10, 23, 57, 132, 301, 701, 1654, 3954, 9432, 21266]...: 14054232: ACCEPTED IN 26 TRIES, (AVG 540547.3846153846)
[1, 4, 10, 23, 57, 132, 301, 701, 1654, 3954, 9432, 21270]...: 20006543: ACCEPTED IN 37 TRIES, (AVG 540717.3783783783)
[1, 4, 10, 23, 57, 132, 301, 701, 1654, 3954, 9432, 21274]...: 23254800: ACCEPTED IN 43 TRIES, (AVG 540809.3023255814)
[1, 4, 10, 23, 57, 132, 301, 701, 1654, 3954, 9432, 21275]...: 3771229: ACCEPTED IN 7 TRIES, (AVG 538747.0)
[1, 4, 10, 23, 57, 132, 301, 701, 1654, 3954, 9432, 21279]...: 17301895: ACCEPTED IN 32 TRIES, (AVG 540684.21875)
[1, 4, 10, 23, 57, 132, 301, 701, 1654, 3954, 9432, 21283]...: 11890489: ACCEPTED IN 22 TRIES, (AVG 540476.7727272727)
[1, 4, 10, 23, 57, 132, 301, 701, 1654, 3954, 9432, 21287]...: 10808886: ACCEPTED IN 20 TRIES, (AVG 540444.3)
[1, 4, 10, 23, 57, 132, 301, 701, 1654, 3954, 9432, 21291]...: 20548160: ACCEPTED IN 38 TRIES, (AVG 540741.052631579)
[1, 4, 10, 23, 57, 132, 301, 701, 1654, 3954, 9432, 21295]...: 22171850: ACCEPTED IN 41 TRIES, (AVG 540776.8292682926)
[1, 4, 10, 23, 57, 132, 301, 701, 1654, 3954, 9432, 21304]...: 8643047: ACCEPTED IN 16 TRIES, (AVG 540190.4375)
[1, 4, 10, 23, 57, 132, 301, 701, 1654, 3954, 9432, 21307]...: 13512900: ACCEPTED IN 25 TRIES, (AVG 540516.0)
[1, 4, 10, 23, 57, 132, 301, 701, 1654, 3954, 9432, 21308]...: 11348512: ACCEPTED IN 21 TRIES, (AVG 540405.3333333334)
[1, 4, 10, 23, 57, 132, 301, 701, 1654, 3954, 9432, 21311]...: 18925867: ACCEPTED IN 35 TRIES, (AVG 540739.0571428571)
[1, 4, 10, 23, 57, 132, 301, 701, 1654, 3954, 9432, 21312]...: 17842077: ACCEPTED IN 33 TRIES, (AVG 540669.0)
[1, 4, 10, 23, 57, 132, 301, 701, 1654, 3954, 9432, 21316]...: 8644217: ACCEPTED IN 16 TRIES, (AVG 540263.5625)
[1, 4, 10, 23, 57, 132, 301, 701, 1654, 3954, 9432, 21320]...: 14055279: ACCEPTED IN 26 TRIES, (AVG 540587.6538461539)
[1, 4, 10, 23, 57, 132, 301, 701, 1654, 3954, 9432, 21324]...: 10808793: ACCEPTED IN 20 TRIES, (AVG 540439.65)
[1, 4, 10, 23, 57, 132, 301, 701, 1654, 3954, 9432, 21328]...: 9726360: ACCEPTED IN 18 TRIES, (AVG 540353.3333333334)
[1, 4, 10, 23, 57, 132, 301, 701, 1654, 3954, 9432, 21332]...: 11888934: ACCEPTED IN 22 TRIES, (AVG 540406.0909090909)
[1, 4, 10, 23, 57, 132, 301, 701, 1654, 3954, 9432, 21337]...: 9726197: ACCEPTED IN 18 TRIES, (AVG 540344.2777777778)
[1, 4, 10, 23, 57, 132, 301, 701, 1654, 3954, 9432, 21341]...: 15137166: ACCEPTED IN 28 TRIES, (AVG 540613.0714285715)
[1, 4, 10, 23, 57, 132, 301, 701, 1654, 3954, 9432, 21345]...: 7560596: ACCEPTED IN 14 TRIES, (AVG 540042.5714285715)
[1, 4, 10, 23, 57, 132, 301, 701, 1654, 3954, 9432, 21349]...: 10808681: ACCEPTED IN 20 TRIES, (AVG 540434.05)
[1, 4, 10, 23, 57, 132, 301, 701, 1654, 3954, 9432, 21353]...: 3772366: ACCEPTED IN 7 TRIES, (AVG 538909.4285714285)
[1, 4, 10, 23, 57, 132, 301, 701, 1654, 3954, 9432, 21357]...: 8643371: ACCEPTED IN 16 TRIES, (AVG 540210.6875)
[1, 4, 10, 23, 57, 132, 301, 701, 1654, 3954, 9432, 21361]...: 30288980: ACCEPTED IN 56 TRIES, (AVG 540874.6428571428)
[1, 4, 10, 23, 57, 132, 301, 701, 1654, 3954, 9432, 21365]...: 22710385: ACCEPTED IN 42 TRIES, (AVG 540723.4523809524)
[1, 4, 10, 23, 57, 132, 301, 701, 1654, 3954, 9432, 21369]...: 10807780: ACCEPTED IN 20 TRIES, (AVG 540389.0)
[1, 4, 10, 23, 57, 132, 301, 701, 1654, 3954, 9432, 21374]...: 10808776: ACCEPTED IN 20 TRIES, (AVG 540438.8)
[1, 4, 10, 23, 57, 132, 301, 701, 1654, 3954, 9432, 21378]...: 5396858: ACCEPTED IN 10 TRIES, (AVG 539685.8)
[1, 4, 10, 23, 57, 132, 301, 701, 1654, 3954, 9432, 21382]...: 10808916: ACCEPTED IN 20 TRIES, (AVG 540445.8)
[1, 4, 10, 23, 57, 132, 301, 701, 1654, 3954, 9432, 21386]...: 10807281: ACCEPTED IN 20 TRIES, (AVG 540364.05)
[1, 4, 10, 23, 57, 132, 301, 701, 1654, 3954, 9432, 21390]...: 12430837: ACCEPTED IN 23 TRIES, (AVG 540471.1739130435)
[1, 4, 10, 23, 57, 132, 301, 701, 1654, 3954, 9432, 21394]...: 12972579: ACCEPTED IN 24 TRIES, (AVG 540524.125)
[1, 4, 10, 23, 57, 132, 301, 701, 1654, 3954, 9432, 21398]...: 8644297: ACCEPTED IN 16 TRIES, (AVG 540268.5625)
[1, 4, 10, 23, 57, 132, 301, 701, 1654, 3954, 9432, 21402]...: 9183847: ACCEPTED IN 17 TRIES, (AVG 540226.2941176471)
[1, 4, 10, 23, 57, 132, 301, 701, 1654, 3954, 9432, 21406]...: 12431966: ACCEPTED IN 23 TRIES, (AVG 540520.2608695652)
[1, 4, 10, 23, 57, 132, 301, 701, 1654, 3954, 9432, 21407]...: 7561318: ACCEPTED IN 14 TRIES, (AVG 540094.1428571428)
[1, 4, 10, 23, 57, 132, 301, 701, 1654, 3954, 9432, 21411]...: 10807640: ACCEPTED IN 20 TRIES, (AVG 540382.0)
[1, 4, 10, 23, 57, 132, 301, 701, 1654, 3954, 9432, 21415]...: 5938437: ACCEPTED IN 11 TRIES, (AVG 539857.9090909091)
[1, 4, 10, 23, 57, 132, 301, 701, 1654, 3954, 9432, 21419]...: 9723531: ACCEPTED IN 18 TRIES, (AVG 540196.1666666666)
[1, 4, 10, 23, 57, 132, 301, 701, 1654, 3954, 9432, 21423]...: 10807698: ACCEPTED IN 20 TRIES, (AVG 540384.9)
[1, 4, 10, 23, 57, 132, 301, 701, 1654, 3954, 9432, 21427]...: 9184707: ACCEPTED IN 17 TRIES, (AVG 540276.8823529412)
[1, 4, 10, 23, 57, 132, 301, 701, 1654, 3954, 9432, 21436]...: 10808008: ACCEPTED IN 20 TRIES, (AVG 540400.4)
[1, 4, 10, 23, 57, 132, 301, 701, 1654, 3954, 9432, 21439]...: 8641706: ACCEPTED IN 16 TRIES, (AVG 540106.625)
[1, 4, 10, 23, 57, 132, 301, 701, 1654, 3954, 9432, 21440]...: 14054519: ACCEPTED IN 26 TRIES, (AVG 540558.4230769231)
[1, 4, 10, 23, 57, 132, 301, 701, 1654, 3954, 9432, 21443]...: 22172339: ACCEPTED IN 41 TRIES, (AVG 540788.756097561)
[1, 4, 10, 23, 57, 132, 301, 701, 1654, 3954, 9432, 21444]...: 9726353: ACCEPTED IN 18 TRIES, (AVG 540352.9444444445)
[1, 4, 10, 23, 57, 132, 301, 701, 1654, 3954, 9432, 21448]...: 15678473: ACCEPTED IN 29 TRIES, (AVG 540637.0)
[1, 4, 10, 23, 57, 132, 301, 701, 1654, 3954, 9432, 21452]...: 9726569: ACCEPTED IN 18 TRIES, (AVG 540364.9444444445)
[1, 4, 10, 23, 57, 132, 301, 701, 1654, 3954, 9432, 21456]...: 13513995: ACCEPTED IN 25 TRIES, (AVG 540559.8)
[1, 4, 10, 23, 57, 132, 301, 701, 1654, 3954, 9432, 21460]...: 9184214: ACCEPTED IN 17 TRIES, (AVG 540247.8823529412)
[1, 4, 10, 23, 57, 132, 301, 701, 1654, 3954, 9432, 21473]...: 5396750: ACCEPTED IN 10 TRIES, (AVG 539675.0)
[1, 4, 10, 23, 57, 132, 301, 701, 1654, 3954, 9432, 21477]...: 12431416: ACCEPTED IN 23 TRIES, (AVG 540496.3478260869)
[1, 4, 10, 23, 57, 132, 301, 701, 1654, 3954, 9432, 21481]...: 11891133: ACCEPTED IN 22 TRIES, (AVG 540506.0454545454)
[1, 4, 10, 23, 57, 132, 301, 701, 1654, 3954, 9432, 21485]...: 8102175: ACCEPTED IN 15 TRIES, (AVG 540145.0)
[1, 4, 10, 23, 57, 132, 301, 701, 1654, 3954, 9432, 21489]...: 12431602: ACCEPTED IN 23 TRIES, (AVG 540504.4347826086)
[1, 4, 10, 23, 57, 132, 301, 701, 1654, 3954, 9432, 21493]...: 3771391: ACCEPTED IN 7 TRIES, (AVG 538770.1428571428)
[1, 4, 10, 23, 57, 132, 301, 701, 1654, 3954, 9432, 21497]...: 8643924: ACCEPTED IN 16 TRIES, (AVG 540245.25)
[1, 4, 10, 23, 57, 132, 301, 701, 1654, 3954, 9432, 21501]...: 8102454: ACCEPTED IN 15 TRIES, (AVG 540163.6)
[1, 4, 10, 23, 57, 132, 301, 701, 1654, 3954, 9432, 21506]...: 9183367: ACCEPTED IN 17 TRIES, (AVG 540198.0588235294)
[1, 4, 10, 23, 57, 132, 301, 701, 1654, 3954, 9432, 21510]...: 14054471: ACCEPTED IN 26 TRIES, (AVG 540556.5769230769)
[1, 4, 10, 23, 57, 132, 301, 701, 1654, 3954, 9432, 21514]...: 7020762: ACCEPTED IN 13 TRIES, (AVG 540058.6153846154)
[1, 4, 10, 23, 57, 132, 301, 701, 1654, 3954, 9432, 21518]...: 15137375: ACCEPTED IN 28 TRIES, (AVG 540620.5357142857)
[1, 4, 10, 23, 57, 132, 301, 701, 1654, 3954, 9432, 21522]...: 5938338: ACCEPTED IN 11 TRIES, (AVG 539848.9090909091)
[1, 4, 10, 23, 57, 132, 301, 701, 1654, 3954, 9432, 21526]...: 9724770: ACCEPTED IN 18 TRIES, (AVG 540265.0)
[1, 4, 10, 23, 57, 132, 301, 701, 1654, 3954, 9432, 21530]...: 8102386: ACCEPTED IN 15 TRIES, (AVG 540159.0666666667)
[1, 4, 10, 23, 57, 132, 301, 701, 1654, 3954, 9432, 21534]...: 10808350: ACCEPTED IN 20 TRIES, (AVG 540417.5)
[1, 4, 10, 23, 57, 132, 301, 701, 1654, 3954, 9432, 21538]...: 9726216: ACCEPTED IN 18 TRIES, (AVG 540345.3333333334)
[1, 4, 10, 23, 57, 132, 301, 701, 1654, 3954, 9432, 21539]...: 7561452: ACCEPTED IN 14 TRIES, (AVG 540103.7142857143)
[1, 4, 10, 23, 57, 132, 301, 701, 1654, 3954, 9432, 21543]...: 10267524: ACCEPTED IN 19 TRIES, (AVG 540396.0)
[1, 4, 10, 23, 57, 132, 301, 701, 1654, 3954, 9432, 21547]...: 14054279: ACCEPTED IN 26 TRIES, (AVG 540549.1923076923)
[1, 4, 10, 23, 57, 132, 301, 701, 1654, 3954, 9432, 21551]...: 5397501: ACCEPTED IN 10 TRIES, (AVG 539750.1)
[1, 4, 10, 23, 57, 132, 301, 701, 1654, 3954, 9432, 21555]...: 13513824: ACCEPTED IN 25 TRIES, (AVG 540552.96)
[1, 4, 10, 23, 57, 132, 301, 701, 1654, 3954, 9432, 21559]...: 14055291: ACCEPTED IN 26 TRIES, (AVG 540588.1153846154)
[1, 4, 10, 23, 57, 132, 301, 701, 1654, 3954, 9432, 21563]...: 11349917: ACCEPTED IN 21 TRIES, (AVG 540472.2380952381)
[1, 4, 10, 23, 57, 132, 301, 701, 1654, 3954, 9432, 21571]...: 4315108: ACCEPTED IN 8 TRIES, (AVG 539388.5)
[1, 4, 10, 23, 57, 132, 301, 701, 1654, 3954, 9432, 21575]...: 4855575: ACCEPTED IN 9 TRIES, (AVG 539508.3333333334)
[1, 4, 10, 23, 57, 132, 301, 701, 1654, 3954, 9432, 21576]...: 7561666: ACCEPTED IN 14 TRIES, (AVG 540119.0)
[1, 4, 10, 23, 57, 132, 301, 701, 1654, 3954, 9432, 21580]...: 8102351: ACCEPTED IN 15 TRIES, (AVG 540156.7333333333)
[1, 4, 10, 23, 57, 132, 301, 701, 1654, 3954, 9432, 21584]...: 8643789: ACCEPTED IN 16 TRIES, (AVG 540236.8125)
[1, 4, 10, 23, 57, 132, 301, 701, 1654, 3954, 9432, 21588]...: 5396858: ACCEPTED IN 10 TRIES, (AVG 539685.8)
[1, 4, 10, 23, 57, 132, 301, 701, 1654, 3954, 9432, 21592]...: 8643176: ACCEPTED IN 16 TRIES, (AVG 540198.5)
[1, 4, 10, 23, 57, 132, 301, 701, 1654, 3954, 9432, 21605]...: 5396733: ACCEPTED IN 10 TRIES, (AVG 539673.3)
[1, 4, 10, 23, 57, 132, 301, 701, 1654, 3954, 9432, 21609]...: 9725008: ACCEPTED IN 18 TRIES, (AVG 540278.2222222222)
[1, 4, 10, 23, 57, 132, 301, 701, 1654, 3954, 9432, 21612]...: 8643581: ACCEPTED IN 16 TRIES, (AVG 540223.8125)
[1, 4, 10, 23, 57, 132, 301, 701, 1654, 3954, 9432, 21613]...: 23254960: ACCEPTED IN 43 TRIES, (AVG 540813.023255814)
[1, 4, 10, 23, 57, 132, 301, 701, 1654, 3954, 9432, 21617]...: 8643826: ACCEPTED IN 16 TRIES, (AVG 540239.125)
[1, 4, 10, 23, 57, 132, 301, 701, 1654, 3954, 9432, 21621]...: 4856040: ACCEPTED IN 9 TRIES, (AVG 539560.0)
[1, 4, 10, 23, 57, 132, 301, 701, 1654, 3954, 9432, 21625]...: 13513523: ACCEPTED IN 25 TRIES, (AVG 540540.92)
[1, 4, 10, 23, 57, 132, 301, 701, 1654, 3954, 9432, 21629]...: 14054013: ACCEPTED IN 26 TRIES, (AVG 540538.9615384615)
[1, 4, 10, 23, 57, 132, 301, 701, 1654, 3954, 9432, 21633]...: 10806845: ACCEPTED IN 20 TRIES, (AVG 540342.25)
[1, 4, 10, 23, 57, 132, 301, 701, 1654, 3954, 9432, 21638]...: 8101829: ACCEPTED IN 15 TRIES, (AVG 540121.9333333333)
[1, 4, 10, 23, 57, 132, 301, 701, 1654, 3954, 9432, 21642]...: 8102324: ACCEPTED IN 15 TRIES, (AVG 540154.9333333333)
[1, 4, 10, 23, 57, 132, 301, 701, 1654, 3954, 9432, 21646]...: 8642914: ACCEPTED IN 16 TRIES, (AVG 540182.125)
[1, 4, 10, 23, 57, 132, 301, 701, 1654, 3954, 9432, 21650]...: 8643681: ACCEPTED IN 16 TRIES, (AVG 540230.0625)
[1, 4, 10, 23, 57, 132, 301, 701, 1654, 3954, 9432, 21654]...: 9183029: ACCEPTED IN 17 TRIES, (AVG 540178.1764705882)
[1, 4, 10, 23, 57, 132, 301, 701, 1654, 3954, 9432, 21658]...: 8102991: ACCEPTED IN 15 TRIES, (AVG 540199.4)
[1, 4, 10, 23, 57, 132, 301, 701, 1654, 3954, 9432, 21662]...: 8643952: ACCEPTED IN 16 TRIES, (AVG 540247.0)
[1, 4, 10, 23, 57, 132, 301, 701, 1654, 3954, 9432, 21666]...: 7561516: ACCEPTED IN 14 TRIES, (AVG 540108.2857142857)
[1, 4, 10, 23, 57, 132, 301, 701, 1654, 3954, 9432, 21670]...: 7020387: ACCEPTED IN 13 TRIES, (AVG 540029.7692307692)
[1, 4, 10, 23, 57, 132, 301, 701, 1654, 3954, 9432, 21675]...: 7020351: ACCEPTED IN 13 TRIES, (AVG 540027.0)
[1, 4, 10, 23, 57, 132, 301, 701, 1654, 3954, 9432, 21679]...: 9726551: ACCEPTED IN 18 TRIES, (AVG 540363.9444444445)
[1, 4, 10, 23, 57, 132, 301, 701, 1654, 3954, 9432, 21683]...: 5938395: ACCEPTED IN 11 TRIES, (AVG 539854.0909090909)
[1, 4, 10, 23, 57, 132, 301, 701, 1654, 3954, 9432, 21687]...: 7561369: ACCEPTED IN 14 TRIES, (AVG 540097.7857142857)
[1, 4, 10, 23, 57, 132, 301, 701, 1654, 3954, 9432, 21691]...: 4855160: ACCEPTED IN 9 TRIES, (AVG 539462.2222222222)
[1, 4, 10, 23, 57, 132, 301, 701, 1654, 3954, 9432, 21695]...: 5937250: ACCEPTED IN 11 TRIES, (AVG 539750.0)
[1, 4, 10, 23, 57, 132, 301, 701, 1654, 3954, 9432, 21703]...: 7561790: ACCEPTED IN 14 TRIES, (AVG 540127.8571428572)
[1, 4, 10, 23, 57, 132, 301, 701, 1654, 3954, 9432, 21707]...: 9726104: ACCEPTED IN 18 TRIES, (AVG 540339.1111111111)
[1, 4, 10, 23, 57, 132, 301, 701, 1654, 3954, 9432, 21708]...: 8101508: ACCEPTED IN 15 TRIES, (AVG 540100.5333333333)
[1, 4, 10, 23, 57, 132, 301, 701, 1654, 3954, 9432, 21712]...: 15137321: ACCEPTED IN 28 TRIES, (AVG 540618.6071428572)
[1, 4, 10, 23, 57, 132, 301, 701, 1654, 3954, 9432, 21716]...: 11891113: ACCEPTED IN 22 TRIES, (AVG 540505.1363636364)
[1, 4, 10, 23, 57, 132, 301, 701, 1654, 3954, 9432, 21720]...: 10808144: ACCEPTED IN 20 TRIES, (AVG 540407.2)
[1, 4, 10, 23, 57, 132, 301, 701, 1654, 3954, 9432, 21724]...: 10267210: ACCEPTED IN 19 TRIES, (AVG 540379.4736842106)
[1, 4, 10, 23, 57, 132, 301, 701, 1654, 3954, 9432, 21737]...: 10267394: ACCEPTED IN 19 TRIES, (AVG 540389.1578947369)
[1, 4, 10, 23, 57, 132, 301, 701, 1654, 3954, 9432, 21741]...: 8642656: ACCEPTED IN 16 TRIES, (AVG 540166.0)
[1, 4, 10, 23, 57, 132, 301, 701, 1654, 3954, 9432, 21744]...: 10267723: ACCEPTED IN 19 TRIES, (AVG 540406.4736842106)
[1, 4, 10, 23, 57, 132, 301, 701, 1654, 3954, 9432, 21745]...: 3773891: ACCEPTED IN 7 TRIES, (AVG 539127.2857142857)
[1, 4, 10, 23, 57, 132, 301, 701, 1654, 3954, 9432, 21749]...: 4314014: ACCEPTED IN 8 TRIES, (AVG 539251.75)
[1, 4, 10, 23, 57, 132, 301, 701, 1654, 3954, 9432, 21753]...: 7561504: ACCEPTED IN 14 TRIES, (AVG 540107.4285714285)
[1, 4, 10, 23, 57, 132, 301, 701, 1654, 3954, 9432, 21757]...: 7560741: ACCEPTED IN 14 TRIES, (AVG 540052.9285714285)
[1, 4, 10, 23, 57, 132, 301, 701, 1654, 3954, 9432, 21761]...: 10808627: ACCEPTED IN 20 TRIES, (AVG 540431.35)
[1, 4, 10, 23, 57, 132, 301, 701, 1654, 3954, 9432, 21774]...: 5938465: ACCEPTED IN 11 TRIES, (AVG 539860.4545454546)
[1, 4, 10, 23, 57, 132, 301, 701, 1654, 3954, 9432, 21778]...: 9726201: ACCEPTED IN 18 TRIES, (AVG 540344.5)
[1, 4, 10, 23, 57, 132, 301, 701, 1654, 3954, 9432, 21782]...: 10807671: ACCEPTED IN 20 TRIES, (AVG 540383.55)
[1, 4, 10, 23, 57, 132, 301, 701, 1654, 3954, 9432, 21786]...: 6478908: ACCEPTED IN 12 TRIES, (AVG 539909.0)
[1, 4, 10, 23, 57, 132, 301, 701, 1654, 3954, 9432, 21790]...: 4314524: ACCEPTED IN 8 TRIES, (AVG 539315.5)
[1, 4, 10, 23, 57, 132, 301, 701, 1654, 3954, 9432, 21794]...: 10807654: ACCEPTED IN 20 TRIES, (AVG 540382.7)
[1, 4, 10, 23, 57, 132, 301, 701, 1654, 3954, 9432, 21798]...: 14053791: ACCEPTED IN 26 TRIES, (AVG 540530.4230769231)
[1, 4, 10, 23, 57, 132, 301, 701, 1654, 3954, 9432, 21802]...: 4314891: ACCEPTED IN 8 TRIES, (AVG 539361.375)
[1, 4, 10, 23, 57, 132, 301, 701, 1654, 3954, 9432, 21807]...: 8102522: ACCEPTED IN 15 TRIES, (AVG 540168.1333333333)
[1, 4, 10, 23, 57, 132, 301, 701, 1654, 3954, 9432, 21811]...: 9725223: ACCEPTED IN 18 TRIES, (AVG 540290.1666666666)
[1, 4, 10, 23, 57, 132, 301, 701, 1654, 3954, 9432, 21815]...: 9726418: ACCEPTED IN 18 TRIES, (AVG 540356.5555555555)
[1, 4, 10, 23, 57, 132, 301, 701, 1654, 3954, 9432, 21819]...: 10264519: ACCEPTED IN 19 TRIES, (AVG 540237.8421052631)
[1, 4, 10, 23, 57, 132, 301, 701, 1654, 3954, 9432, 21823]...: 6479366: ACCEPTED IN 12 TRIES, (AVG 539947.1666666666)
[1, 4, 10, 23, 57, 132, 301, 701, 1654, 3954, 9432, 21827]...: 10806737: ACCEPTED IN 20 TRIES, (AVG 540336.85)
[1, 4, 10, 23, 57, 132, 301, 701, 1654, 3954, 9432, 21835]...: 9725122: ACCEPTED IN 18 TRIES, (AVG 540284.5555555555)
[1, 4, 10, 23, 57, 132, 301, 701, 1654, 3954, 9432, 21839]...: 9184759: ACCEPTED IN 17 TRIES, (AVG 540279.9411764706)
[1, 4, 10, 23, 57, 132, 301, 701, 1654, 3954, 9432, 21840]...: 12431653: ACCEPTED IN 23 TRIES, (AVG 540506.6521739131)
[1, 4, 10, 23, 57, 132, 301, 701, 1654, 3954, 9432, 21844]...: 16760880: ACCEPTED IN 31 TRIES, (AVG 540673.5483870967)
[1, 4, 10, 23, 57, 132, 301, 701, 1654, 3954, 9432, 21848]...: 10807273: ACCEPTED IN 20 TRIES, (AVG 540363.65)
[1, 4, 10, 23, 57, 132, 301, 701, 1654, 3954, 9432, 21852]...: 4313071: ACCEPTED IN 8 TRIES, (AVG 539133.875)
[1, 4, 10, 23, 57, 132, 301, 701, 1654, 3954, 9432, 21856]...: 5938183: ACCEPTED IN 11 TRIES, (AVG 539834.8181818182)
[1, 4, 10, 23, 57, 132, 301, 701, 1654, 3954, 9432, 21864]...: 7561560: ACCEPTED IN 14 TRIES, (AVG 540111.4285714285)
[1, 4, 10, 23, 57, 132, 301, 701, 1654, 3954, 9432, 21873]...: 4315193: ACCEPTED IN 8 TRIES, (AVG 539399.125)
[1, 4, 10, 23, 57, 132, 301, 701, 1654, 3954, 9432, 21876]...: 9184039: ACCEPTED IN 17 TRIES, (AVG 540237.5882352941)
[1, 4, 10, 23, 57, 132, 301, 701, 1654, 3954, 9432, 21877]...: 5938026: ACCEPTED IN 11 TRIES, (AVG 539820.5454545454)
[1, 4, 10, 23, 57, 132, 301, 701, 1654, 3954, 9432, 21881]...: 5396342: ACCEPTED IN 10 TRIES, (AVG 539634.2)
[1, 4, 10, 23, 57, 132, 301, 701, 1654, 3954, 9432, 21885]...: 10807670: ACCEPTED IN 20 TRIES, (AVG 540383.5)
[1, 4, 10, 23, 57, 132, 301, 701, 1654, 3954, 9432, 21889]...: 13514081: ACCEPTED IN 25 TRIES, (AVG 540563.24)
[1, 4, 10, 23, 57, 132, 301, 701, 1654, 3954, 9432, 21893]...: 3772157: ACCEPTED IN 7 TRIES, (AVG 538879.5714285715)
[1, 4, 10, 23, 57, 132, 301, 701, 1654, 3954, 9432, 21906]...: 15135447: ACCEPTED IN 28 TRIES, (AVG 540551.6785714285)
[1, 4, 10, 23, 57, 132, 301, 701, 1654, 3954, 9432, 21910]...: 8642986: ACCEPTED IN 16 TRIES, (AVG 540186.625)
[1, 4, 10, 23, 57, 132, 301, 701, 1654, 3954, 9432, 21914]...: 7561873: ACCEPTED IN 14 TRIES, (AVG 540133.7857142857)
[1, 4, 10, 23, 57, 132, 301, 701, 1654, 3954, 9432, 21918]...: 7561124: ACCEPTED IN 14 TRIES, (AVG 540080.2857142857)
[1, 4, 10, 23, 57, 132, 301, 701, 1654, 3954, 9432, 21922]...: 3774045: ACCEPTED IN 7 TRIES, (AVG 539149.2857142857)
[1, 4, 10, 23, 57, 132, 301, 701, 1654, 3954, 9432, 21926]...: 4855561: ACCEPTED IN 9 TRIES, (AVG 539506.7777777778)
[1, 4, 10, 23, 57, 132, 301, 701, 1654, 3954, 9432, 21930]...: 8643470: ACCEPTED IN 16 TRIES, (AVG 540216.875)
[1, 4, 10, 23, 57, 132, 301, 701, 1654, 3954, 9432, 21934]...: 10266765: ACCEPTED IN 19 TRIES, (AVG 540356.052631579)
[1, 4, 10, 23, 57, 132, 301, 701, 1654, 3954, 9432, 21939]...: 8642624: ACCEPTED IN 16 TRIES, (AVG 540164.0)
[1, 4, 10, 23, 57, 132, 301, 701, 1654, 3954, 9432, 21943]...: 10808298: ACCEPTED IN 20 TRIES, (AVG 540414.9)
[1, 4, 10, 23, 57, 132, 301, 701, 1654, 3954, 9432, 21947]...: 10267263: ACCEPTED IN 19 TRIES, (AVG 540382.2631578947)
[1, 4, 10, 23, 57, 132, 301, 701, 1654, 3954, 9432, 21951]...: 5396391: ACCEPTED IN 10 TRIES, (AVG 539639.1)
[1, 4, 10, 23, 57, 132, 301, 701, 1654, 3954, 9432, 21955]...: 11890872: ACCEPTED IN 22 TRIES, (AVG 540494.1818181818)
[1, 4, 10, 23, 57, 132, 301, 701, 1654, 3954, 9432, 21959]...: 5395566: ACCEPTED IN 10 TRIES, (AVG 539556.6)
[1, 4, 10, 23, 57, 132, 301, 701, 1654, 3954, 9432, 21963]...: 9183237: ACCEPTED IN 17 TRIES, (AVG 540190.4117647059)
[1, 4, 10, 23, 57, 132, 301, 701, 1654, 3954, 9432, 21967]...: 4856068: ACCEPTED IN 9 TRIES, (AVG 539563.1111111111)
[1, 4, 10, 23, 57, 132, 301, 701, 1654, 3954, 9432, 21971]...: 4314890: ACCEPTED IN 8 TRIES, (AVG 539361.25)
[1, 4, 10, 23, 57, 132, 301, 701, 1654, 3954, 9432, 21976]...: 9185146: ACCEPTED IN 17 TRIES, (AVG 540302.7058823529)
[1, 4, 10, 23, 57, 132, 301, 701, 1654, 3954, 9432, 21980]...: 10265986: ACCEPTED IN 19 TRIES, (AVG 540315.052631579)
[1, 4, 10, 23, 57, 132, 301, 701, 1654, 3954, 9432, 21984]...: 3774033: ACCEPTED IN 7 TRIES, (AVG 539147.5714285715)
[1, 4, 10, 23, 57, 132, 301, 701, 1654, 3954, 9432, 21988]...: 8643606: ACCEPTED IN 16 TRIES, (AVG 540225.375)
[1, 4, 10, 23, 57, 132, 301, 701, 1654, 3954, 9432, 21996]...: 9184777: ACCEPTED IN 17 TRIES, (AVG 540281.0)
[1, 4, 10, 23, 57, 132, 301, 701, 1654, 3954, 9432, 22005]...: 9185218: ACCEPTED IN 17 TRIES, (AVG 540306.9411764706)
[1, 4, 10, 23, 57, 132, 301, 701, 1654, 3954, 9432, 22008]...: 17841838: ACCEPTED IN 33 TRIES, (AVG 540661.7575757576)
[1, 4, 10, 23, 57, 132, 301, 701, 1654, 3954, 9432, 22009]...: 5936342: ACCEPTED IN 11 TRIES, (AVG 539667.4545454546)
[1, 4, 10, 23, 57, 132, 301, 701, 1654, 3954, 9432, 22013]...: 19466977: ACCEPTED IN 36 TRIES, (AVG 540749.3611111111)
[1, 4, 10, 23, 57, 132, 301, 701, 1654, 3954, 9432, 22017]...: 6479720: ACCEPTED IN 12 TRIES, (AVG 539976.6666666666)
[1, 4, 10, 23, 57, 132, 301, 701, 1654, 3954, 9432, 22021]...: 8642885: ACCEPTED IN 16 TRIES, (AVG 540180.3125)
[1, 4, 10, 23, 57, 132, 301, 701, 1654, 3954, 9432, 22025]...: 9726522: ACCEPTED IN 18 TRIES, (AVG 540362.3333333334)
[1, 4, 10, 23, 57, 132, 301, 701, 1654, 3954, 9432, 22038]...: 5938111: ACCEPTED IN 11 TRIES, (AVG 539828.2727272727)
[1, 4, 10, 23, 57, 132, 301, 701, 1654, 3954, 9432, 22042]...: 3771775: ACCEPTED IN 7 TRIES, (AVG 538825.0)
[1, 4, 10, 23, 57, 132, 301, 701, 1654, 3954, 9432, 22046]...: 8640793: ACCEPTED IN 16 TRIES, (AVG 540049.5625)
[1, 4, 10, 23, 57, 132, 301, 701, 1654, 3954, 9432, 22050]...: 10265618: ACCEPTED IN 19 TRIES, (AVG 540295.6842105263)
[1, 4, 10, 23, 57, 132, 301, 701, 1654, 3954, 9432, 22054]...: 5396075: ACCEPTED IN 10 TRIES, (AVG 539607.5)
[1, 4, 10, 23, 57, 132, 301, 701, 1654, 3954, 9432, 22058]...: 18924989: ACCEPTED IN 35 TRIES, (AVG 540713.9714285714)
[1, 4, 10, 23, 57, 132, 301, 701, 1654, 3954, 9432, 22062]...: 9185350: ACCEPTED IN 17 TRIES, (AVG 540314.7058823529)
[1, 4, 10, 23, 57, 132, 301, 701, 1654, 3954, 9432, 22075]...: 8102602: ACCEPTED IN 15 TRIES, (AVG 540173.4666666667)
[1, 4, 10, 23, 57, 132, 301, 701, 1654, 3954, 9432, 22079]...: 10806961: ACCEPTED IN 20 TRIES, (AVG 540348.05)
[1, 4, 10, 23, 57, 132, 301, 701, 1654, 3954, 9432, 22083]...: 9183364: ACCEPTED IN 17 TRIES, (AVG 540197.8823529412)
[1, 4, 10, 23, 57, 132, 301, 701, 1654, 3954, 9432, 22087]...: 10267213: ACCEPTED IN 19 TRIES, (AVG 540379.6315789474)
[1, 4, 10, 23, 57, 132, 301, 701, 1654, 3954, 9432, 22091]...: 5937552: ACCEPTED IN 11 TRIES, (AVG 539777.4545454546)
[1, 4, 10, 23, 57, 132, 301, 701, 1654, 3954, 9432, 22095]...: 3773532: ACCEPTED IN 7 TRIES, (AVG 539076.0)
[1, 4, 10, 23, 57, 132, 301, 701, 1654, 3954, 9432, 22099]...: 7558626: ACCEPTED IN 14 TRIES, (AVG 539901.8571428572)
[1, 4, 10, 23, 57, 132, 301, 701, 1654, 3954, 9432, 22103]...: 9726300: ACCEPTED IN 18 TRIES, (AVG 540350.0)
[1, 4, 10, 23, 57, 132, 301, 701, 1654, 3954, 9432, 22108]...: 9725217: ACCEPTED IN 18 TRIES, (AVG 540289.8333333334)
[1, 4, 10, 23, 57, 132, 301, 701, 1654, 3954, 9432, 22112]...: 6479357: ACCEPTED IN 12 TRIES, (AVG 539946.4166666666)
[1, 4, 10, 23, 57, 132, 301, 701, 1654, 3954, 9432, 22116]...: 7560803: ACCEPTED IN 14 TRIES, (AVG 540057.3571428572)
[1, 4, 10, 23, 57, 132, 301, 701, 1654, 3954, 9432, 22120]...: 9184917: ACCEPTED IN 17 TRIES, (AVG 540289.2352941176)
[1, 4, 10, 23, 57, 132, 301, 701, 1654, 3954, 9432, 22128]...: 5936122: ACCEPTED IN 11 TRIES, (AVG 539647.4545454546)
[1, 4, 10, 23, 57, 132, 301, 701, 1654, 3954, 9432, 22137]...: 3232951: ACCEPTED IN 6 TRIES, (AVG 538825.1666666666)
[1, 4, 10, 23, 57, 132, 301, 701, 1654, 3954, 9432, 22140]...: 10808901: ACCEPTED IN 20 TRIES, (AVG 540445.05)
[1, 4, 10, 23, 57, 132, 301, 701, 1654, 3954, 9432, 22141]...: 4314924: ACCEPTED IN 8 TRIES, (AVG 539365.5)
[1, 4, 10, 23, 57, 132, 301, 701, 1654, 3954, 9432, 22145]...: 10266765: ACCEPTED IN 19 TRIES, (AVG 540356.052631579)
[1, 4, 10, 23, 57, 132, 301, 701, 1654, 3954, 9432, 22149]...: 9726215: ACCEPTED IN 18 TRIES, (AVG 540345.2777777778)
[1, 4, 10, 23, 57, 132, 301, 701, 1654, 3954, 9432, 22153]...: 9185153: ACCEPTED IN 17 TRIES, (AVG 540303.1176470588)
[1, 4, 10, 23, 57, 132, 301, 701, 1654, 3954, 9432, 22157]...: 11349945: ACCEPTED IN 21 TRIES, (AVG 540473.5714285715)
[1, 4, 10, 23, 57, 132, 301, 701, 1654, 3954, 9432, 22174]...: 3774089: ACCEPTED IN 7 TRIES, (AVG 539155.5714285715)
[1, 4, 10, 23, 57, 132, 301, 701, 1654, 3954, 9432, 22178]...: 8100721: ACCEPTED IN 15 TRIES, (AVG 540048.0666666667)
[1, 4, 10, 23, 57, 132, 301, 701, 1654, 3954, 9432, 22182]...: 9185056: ACCEPTED IN 17 TRIES, (AVG 540297.4117647059)
[1, 4, 10, 23, 57, 132, 301, 701, 1654, 3954, 9432, 22186]...: 6479531: ACCEPTED IN 12 TRIES, (AVG 539960.9166666666)
[1, 4, 10, 23, 57, 132, 301, 701, 1654, 3954, 9432, 22190]...: 5937338: ACCEPTED IN 11 TRIES, (AVG 539758.0)
[1, 4, 10, 23, 57, 132, 301, 701, 1654, 3954, 9432, 22194]...: 3773965: ACCEPTED IN 7 TRIES, (AVG 539137.8571428572)
[1, 4, 10, 23, 57, 132, 301, 701, 1654, 3954, 9432, 22207]...: 5396047: ACCEPTED IN 10 TRIES, (AVG 539604.7)
[1, 4, 10, 23, 57, 132, 301, 701, 1654, 3954, 9432, 22211]...: 10807185: ACCEPTED IN 20 TRIES, (AVG 540359.25)
[1, 4, 10, 23, 57, 132, 301, 701, 1654, 3954, 9432, 22215]...: 5395516: ACCEPTED IN 10 TRIES, (AVG 539551.6)
[1, 4, 10, 23, 57, 132, 301, 701, 1654, 3954, 9432, 22219]...: 10267604: ACCEPTED IN 19 TRIES, (AVG 540400.2105263158)
[1, 4, 10, 23, 57, 132, 301, 701, 1654, 3954, 9432, 22223]...: 9183532: ACCEPTED IN 17 TRIES, (AVG 540207.7647058824)
[1, 4, 10, 23, 57, 132, 301, 701, 1654, 3954, 9432, 22227]...: 8644323: ACCEPTED IN 16 TRIES, (AVG 540270.1875)
[1, 4, 10, 23, 57, 132, 301, 701, 1654, 3954, 9432, 22231]...: 3773146: ACCEPTED IN 7 TRIES, (AVG 539020.8571428572)
[1, 4, 10, 23, 57, 132, 301, 701, 1654, 3954, 9432, 22235]...: 6479192: ACCEPTED IN 12 TRIES, (AVG 539932.6666666666)
[1, 4, 10, 23, 57, 132, 301, 701, 1654, 3954, 9432, 22240]...: 8101630: ACCEPTED IN 15 TRIES, (AVG 540108.6666666666)
[1, 4, 10, 23, 57, 132, 301, 701, 1654, 3954, 9432, 22244]...: 8102170: ACCEPTED IN 15 TRIES, (AVG 540144.6666666666)
[1, 4, 10, 23, 57, 132, 301, 701, 1654, 3954, 9432, 22248]...: 5396722: ACCEPTED IN 10 TRIES, (AVG 539672.2)
[1, 4, 10, 23, 57, 132, 301, 701, 1654, 3954, 9432, 22252]...: 6479706: ACCEPTED IN 12 TRIES, (AVG 539975.5)
[1, 4, 10, 23, 57, 132, 301, 701, 1654, 3954, 9432, 22260]...: 13513073: ACCEPTED IN 25 TRIES, (AVG 540522.92)
[1, 4, 10, 23, 57, 132, 301, 701, 1654, 3954, 9432, 22264]...: 8642845: ACCEPTED IN 16 TRIES, (AVG 540177.8125)
[1, 4, 10, 23, 57, 132, 301, 701, 1654, 3954, 9432, 22272]...: 9183253: ACCEPTED IN 17 TRIES, (AVG 540191.3529411765)
[1, 4, 10, 23, 57, 132, 301, 701, 1654, 3954, 9432, 22277]...: 3773252: ACCEPTED IN 7 TRIES, (AVG 539036.0)
[1, 4, 10, 23, 57, 132, 301, 701, 1654, 3954, 9432, 22281]...: 5396372: ACCEPTED IN 10 TRIES, (AVG 539637.2)
[1, 4, 10, 23, 57, 132, 301, 701, 1654, 3954, 9432, 22285]...: 9184427: ACCEPTED IN 17 TRIES, (AVG 540260.4117647059)
[1, 4, 10, 23, 57, 132, 301, 701, 1654, 3954, 9432, 22289]...: 9724753: ACCEPTED IN 18 TRIES, (AVG 540264.0555555555)
[1, 4, 10, 23, 57, 132, 301, 701, 1654, 3954, 9432, 22306]...: 10805992: ACCEPTED IN 20 TRIES, (AVG 540299.6)
[1, 4, 10, 23, 57, 132, 301, 701, 1654, 3954, 9432, 22310]...: 3773963: ACCEPTED IN 7 TRIES, (AVG 539137.5714285715)
[1, 4, 10, 23, 57, 132, 301, 701, 1654, 3954, 9432, 22314]...: 10266891: ACCEPTED IN 19 TRIES, (AVG 540362.6842105263)
[1, 4, 10, 23, 57, 132, 301, 701, 1654, 3954, 9432, 22318]...: 9185176: ACCEPTED IN 17 TRIES, (AVG 540304.4705882353)
[1, 4, 10, 23, 57, 132, 301, 701, 1654, 3954, 9432, 22322]...: 5396779: ACCEPTED IN 10 TRIES, (AVG 539677.9)
[1, 4, 10, 23, 57, 132, 301, 701, 1654, 3954, 9432, 22326]...: 8642067: ACCEPTED IN 16 TRIES, (AVG 540129.1875)
[1, 4, 10, 23, 57, 132, 301, 701, 1654, 3954, 9432, 22339]...: 3773849: ACCEPTED IN 7 TRIES, (AVG 539121.2857142857)
[1, 4, 10, 23, 57, 132, 301, 701, 1654, 3954, 9432, 22343]...: 6479489: ACCEPTED IN 12 TRIES, (AVG 539957.4166666666)
[1, 4, 10, 23, 57, 132, 301, 701, 1654, 3954, 9432, 22347]...: 3771530: ACCEPTED IN 7 TRIES, (AVG 538790.0)
[1, 4, 10, 23, 57, 132, 301, 701, 1654, 3954, 9432, 22351]...: 4313996: ACCEPTED IN 8 TRIES, (AVG 539249.5)
[1, 4, 10, 23, 57, 132, 301, 701, 1654, 3954, 9432, 22355]...: 4314971: ACCEPTED IN 8 TRIES, (AVG 539371.375)
[1, 4, 10, 23, 57, 132, 301, 701, 1654, 3954, 9432, 22359]...: 4314641: ACCEPTED IN 8 TRIES, (AVG 539330.125)
[1, 4, 10, 23, 57, 132, 301, 701, 1654, 3954, 9432, 22363]...: 6479814: ACCEPTED IN 12 TRIES, (AVG 539984.5)
[1, 4, 10, 23, 57, 132, 301, 701, 1654, 3954, 9432, 22376]...: 5936424: ACCEPTED IN 11 TRIES, (AVG 539674.9090909091)
[1, 4, 10, 23, 57, 132, 301, 701, 1654, 3954, 9432, 22380]...: 8640924: ACCEPTED IN 16 TRIES, (AVG 540057.75)
[1, 4, 10, 23, 57, 132, 301, 701, 1654, 3954, 9432, 22384]...: 8644130: ACCEPTED IN 16 TRIES, (AVG 540258.125)
[1, 4, 10, 23, 57, 132, 301, 701, 1654, 3954, 9432, 22392]...: 8642111: ACCEPTED IN 16 TRIES, (AVG 540131.9375)
[1, 4, 10, 23, 57, 132, 301, 701, 1654, 3954, 9432, 22396]...: 10806154: ACCEPTED IN 20 TRIES, (AVG 540307.7)
[1, 4, 10, 23, 57, 132, 301, 701, 1654, 3954, 9432, 22404]...: 9185052: ACCEPTED IN 17 TRIES, (AVG 540297.1764705882)
[1, 4, 10, 23, 57, 132, 301, 701, 1654, 3954, 9432, 22409]...: 8642015: ACCEPTED IN 16 TRIES, (AVG 540125.9375)
[1, 4, 10, 23, 57, 132, 301, 701, 1654, 3954, 9432, 22413]...: 9726024: ACCEPTED IN 18 TRIES, (AVG 540334.6666666666)
[1, 4, 10, 23, 57, 132, 301, 701, 1654, 3954, 9432, 22417]...: 9184081: ACCEPTED IN 17 TRIES, (AVG 540240.0588235294)
[1, 4, 10, 23, 57, 132, 301, 701, 1654, 3954, 9432, 22421]...: 8103123: ACCEPTED IN 15 TRIES, (AVG 540208.2)
[1, 4, 10, 23, 57, 132, 301, 701, 1654, 3954, 9432, 22438]...: 9184550: ACCEPTED IN 17 TRIES, (AVG 540267.6470588235)
[1, 4, 10, 23, 57, 132, 301, 701, 1654, 3954, 9432, 22442]...: 8102870: ACCEPTED IN 15 TRIES, (AVG 540191.3333333334)
[1, 4, 10, 23, 57, 132, 301, 701, 1654, 3954, 9432, 22446]...: 3772349: ACCEPTED IN 7 TRIES, (AVG 538907.0)
[1, 4, 10, 23, 57, 132, 301, 701, 1654, 3954, 9432, 22450]...: 9725880: ACCEPTED IN 18 TRIES, (AVG 540326.6666666666)
[1, 4, 10, 23, 57, 132, 301, 701, 1654, 3954, 9432, 22454]...: 4854836: ACCEPTED IN 9 TRIES, (AVG 539426.2222222222)
[1, 4, 10, 23, 57, 132, 301, 701, 1654, 3954, 9432, 22458]...: 3773018: ACCEPTED IN 7 TRIES, (AVG 539002.5714285715)
[1, 4, 10, 23, 57, 132, 301, 701, 1654, 3954, 9432, 22475]...: 8642586: ACCEPTED IN 16 TRIES, (AVG 540161.625)
[1, 4, 10, 23, 57, 132, 301, 701, 1654, 3954, 9432, 22479]...: 5397317: ACCEPTED IN 10 TRIES, (AVG 539731.7)
[1, 4, 10, 23, 57, 132, 301, 701, 1654, 3954, 9432, 22483]...: 5395591: ACCEPTED IN 10 TRIES, (AVG 539559.1)
[1, 4, 10, 23, 57, 132, 301, 701, 1654, 3954, 9432, 22487]...: 5938251: ACCEPTED IN 11 TRIES, (AVG 539841.0)
[1, 4, 10, 23, 57, 132, 301, 701, 1654, 3954, 9432, 22491]...: 8643134: ACCEPTED IN 16 TRIES, (AVG 540195.875)
[1, 4, 10, 23, 57, 132, 301, 701, 1654, 3954, 9432, 22495]...: 6478820: ACCEPTED IN 12 TRIES, (AVG 539901.6666666666)
[1, 4, 10, 23, 57, 132, 301, 701, 1654, 3954, 9432, 22508]...: 7560491: ACCEPTED IN 14 TRIES, (AVG 540035.0714285715)
[1, 4, 10, 23, 57, 132, 301, 701, 1654, 3954, 9432, 22512]...: 9725638: ACCEPTED IN 18 TRIES, (AVG 540313.2222222222)
[1, 4, 10, 23, 57, 132, 301, 701, 1654, 3954, 9432, 22516]...: 9184979: ACCEPTED IN 17 TRIES, (AVG 540292.8823529412)
[1, 4, 10, 23, 57, 132, 301, 701, 1654, 3954, 9432, 22524]...: 9726419: ACCEPTED IN 18 TRIES, (AVG 540356.6111111111)
[1, 4, 10, 23, 57, 132, 301, 701, 1654, 3954, 9432, 22528]...: 8102772: ACCEPTED IN 15 TRIES, (AVG 540184.8)
[1, 4, 10, 23, 57, 132, 301, 701, 1654, 3954, 9432, 22536]...: 4855648: ACCEPTED IN 9 TRIES, (AVG 539516.4444444445)
[1, 4, 10, 23, 57, 132, 301, 701, 1654, 3954, 9432, 22541]...: 9726360: ACCEPTED IN 18 TRIES, (AVG 540353.3333333334)
[1, 4, 10, 23, 57, 132, 301, 701, 1654, 3954, 9432, 22545]...: 5938581: ACCEPTED IN 11 TRIES, (AVG 539871.0)
[1, 4, 10, 23, 57, 132, 301, 701, 1654, 3954, 9432, 22549]...: 9185047: ACCEPTED IN 17 TRIES, (AVG 540296.8823529412)
[1, 4, 10, 23, 57, 132, 301, 701, 1654, 3954, 9432, 22553]...: 10808503: ACCEPTED IN 20 TRIES, (AVG 540425.15)
[1, 4, 10, 23, 57, 132, 301, 701, 1654, 3954, 9432, 22565]...: 8643114: ACCEPTED IN 16 TRIES, (AVG 540194.625)
[1, 4, 10, 23, 57, 132, 301, 701, 1654, 3954, 9432, 22574]...: 5938418: ACCEPTED IN 11 TRIES, (AVG 539856.1818181818)
[1, 4, 10, 23, 57, 132, 301, 701, 1654, 3954, 9432, 22578]...: 5938239: ACCEPTED IN 11 TRIES, (AVG 539839.9090909091)
[1, 4, 10, 23, 57, 132, 301, 701, 1654, 3954, 9432, 22582]...: 5938552: ACCEPTED IN 11 TRIES, (AVG 539868.3636363636)
[1, 4, 10, 23, 57, 132, 301, 701, 1654, 3954, 9432, 22586]...: 7561832: ACCEPTED IN 14 TRIES, (AVG 540130.8571428572)
[1, 4, 10, 23, 57, 132, 301, 701, 1654, 3954, 9432, 22590]...: 9182088: ACCEPTED IN 17 TRIES, (AVG 540122.8235294118)
[1, 4, 10, 23, 57, 132, 301, 701, 1654, 3954, 9432, 22607]...: 10266278: ACCEPTED IN 19 TRIES, (AVG 540330.4210526316)
[1, 4, 10, 23, 57, 132, 301, 701, 1654, 3954, 9432, 22611]...: 9184529: ACCEPTED IN 17 TRIES, (AVG 540266.4117647059)
[1, 4, 10, 23, 57, 132, 301, 701, 1654, 3954, 9432, 22615]...: 5395592: ACCEPTED IN 10 TRIES, (AVG 539559.2)
[1, 4, 10, 23, 57, 132, 301, 701, 1654, 3954, 9432, 22619]...: 6479084: ACCEPTED IN 12 TRIES, (AVG 539923.6666666666)
[1, 4, 10, 23, 57, 132, 301, 701, 1654, 3954, 9432, 22623]...: 8644030: ACCEPTED IN 16 TRIES, (AVG 540251.875)
[1, 4, 10, 23, 57, 132, 301, 701, 1654, 3954, 9432, 22627]...: 7561587: ACCEPTED IN 14 TRIES, (AVG 540113.3571428572)
