[1, 4, 10, 23, 57, 132, 301, 701, 1654, 3652, 8512, 18729]...: 16219453: ACCEPTED IN 30 TRIES, (AVG 540648.4333333333)
[1, 4, 10, 23, 57, 132, 301, 701, 1654, 3652, 8512, 18733]...: 37865462: ACCEPTED IN 70 TRIES, (AVG 540935.1714285715)
[1, 4, 10, 23, 57, 132, 301, 701, 1654, 3652, 8512, 18737]...: 21629314: ACCEPTED IN 40 TRIES, (AVG 540732.85)
[1, 4, 10, 23, 57, 132, 301, 701, 1654, 3652, 8512, 18746]...: 31909775: ACCEPTED IN 59 TRIES, (AVG 540843.6440677966)
[1, 4, 10, 23, 57, 132, 301, 701, 1654, 3652, 8512, 18750]...: 38404453: ACCEPTED IN 71 TRIES, (AVG 540907.7887323943)
[1, 4, 10, 23, 57, 132, 301, 701, 1654, 3652, 8512, 18754]...: 27042702: ACCEPTED IN 50 TRIES, (AVG 540854.04)
[1, 4, 10, 23, 57, 132, 301, 701, 1654, 3652, 8512, 18758]...: 36241813: ACCEPTED IN 67 TRIES, (AVG 540922.5820895522)
[1, 4, 10, 23, 57, 132, 301, 701, 1654, 3652, 8512, 18766]...: 16760206: ACCEPTED IN 31 TRIES, (AVG 540651.8064516129)
[1, 4, 10, 23, 57, 132, 301, 701, 1654, 3652, 8512, 18779]...: 59511138: ACCEPTED IN 110 TRIES, (AVG 541010.3454545455)
[1, 4, 10, 23, 57, 132, 301, 701, 1654, 3652, 8512, 18783]...: 20548402: ACCEPTED IN 38 TRIES, (AVG 540747.4210526316)
[1, 4, 10, 23, 57, 132, 301, 701, 1654, 3652, 8512, 18787]...: 16759857: ACCEPTED IN 31 TRIES, (AVG 540640.5483870967)
[1, 4, 10, 23, 57, 132, 301, 701, 1654, 3652, 8512, 18791]...: 11891079: ACCEPTED IN 22 TRIES, (AVG 540503.5909090909)
[1, 4, 10, 23, 57, 132, 301, 701, 1654, 3652, 8512, 18795]...: 17841688: ACCEPTED IN 33 TRIES, (AVG 540657.2121212122)
[1, 4, 10, 23, 57, 132, 301, 701, 1654, 3652, 8512, 18816]...: 19466377: ACCEPTED IN 36 TRIES, (AVG 540732.6944444445)
[1, 4, 10, 23, 57, 132, 301, 701, 1654, 3652, 8512, 18820]...: 22713656: ACCEPTED IN 42 TRIES, (AVG 540801.3333333334)
[1, 4, 10, 23, 57, 132, 301, 701, 1654, 3652, 8512, 18824]...: 16219444: ACCEPTED IN 30 TRIES, (AVG 540648.1333333333)
[1, 4, 10, 23, 57, 132, 301, 701, 1654, 3652, 8512, 18828]...: 18384844: ACCEPTED IN 34 TRIES, (AVG 540730.7058823529)
[1, 4, 10, 23, 57, 132, 301, 701, 1654, 3652, 8512, 18832]...: 16218116: ACCEPTED IN 30 TRIES, (AVG 540603.8666666667)
[1, 4, 10, 23, 57, 132, 301, 701, 1654, 3652, 8512, 18845]...: 41112174: ACCEPTED IN 76 TRIES, (AVG 540949.6578947369)
[1, 4, 10, 23, 57, 132, 301, 701, 1654, 3652, 8512, 18849]...: 13511954: ACCEPTED IN 25 TRIES, (AVG 540478.16)
[1, 4, 10, 23, 57, 132, 301, 701, 1654, 3652, 8512, 18853]...: 12973436: ACCEPTED IN 24 TRIES, (AVG 540559.8333333334)
[1, 4, 10, 23, 57, 132, 301, 701, 1654, 3652, 8512, 18857]...: 11347928: ACCEPTED IN 21 TRIES, (AVG 540377.5238095238)
[1, 4, 10, 23, 57, 132, 301, 701, 1654, 3652, 8512, 18861]...: 13513061: ACCEPTED IN 25 TRIES, (AVG 540522.44)
[1, 4, 10, 23, 57, 132, 301, 701, 1654, 3652, 8512, 18865]...: 37864114: ACCEPTED IN 70 TRIES, (AVG 540915.9142857143)
[1, 4, 10, 23, 57, 132, 301, 701, 1654, 3652, 8512, 18869]...: 44358187: ACCEPTED IN 82 TRIES, (AVG 540953.5)
[1, 4, 10, 23, 57, 132, 301, 701, 1654, 3652, 8512, 18878]...: 16759794: ACCEPTED IN 31 TRIES, (AVG 540638.5161290322)
[1, 4, 10, 23, 57, 132, 301, 701, 1654, 3652, 8512, 18882]...: 27042304: ACCEPTED IN 50 TRIES, (AVG 540846.08)
[1, 4, 10, 23, 57, 132, 301, 701, 1654, 3652, 8512, 18886]...: 21090016: ACCEPTED IN 39 TRIES, (AVG 540769.641025641)
[1, 4, 10, 23, 57, 132, 301, 701, 1654, 3652, 8512, 18890]...: 49770392: ACCEPTED IN 92 TRIES, (AVG 540982.5217391305)
[1, 4, 10, 23, 57, 132, 301, 701, 1654, 3652, 8512, 18898]...: 16758971: ACCEPTED IN 31 TRIES, (AVG 540611.9677419355)
[1, 4, 10, 23, 57, 132, 301, 701, 1654, 3652, 8512, 18902]...: 21631067: ACCEPTED IN 40 TRIES, (AVG 540776.675)
[1, 4, 10, 23, 57, 132, 301, 701, 1654, 3652, 8512, 18915]...: 22713772: ACCEPTED IN 42 TRIES, (AVG 540804.0952380953)
[1, 4, 10, 23, 57, 132, 301, 701, 1654, 3652, 8512, 18919]...: 19464575: ACCEPTED IN 36 TRIES, (AVG 540682.6388888889)
[1, 4, 10, 23, 57, 132, 301, 701, 1654, 3652, 8512, 18923]...: 20547972: ACCEPTED IN 38 TRIES, (AVG 540736.1052631579)
[1, 4, 10, 23, 57, 132, 301, 701, 1654, 3652, 8512, 18927]...: 18384182: ACCEPTED IN 34 TRIES, (AVG 540711.2352941176)
[1, 4, 10, 23, 57, 132, 301, 701, 1654, 3652, 8512, 18948]...: 20007465: ACCEPTED IN 37 TRIES, (AVG 540742.2972972973)
[1, 4, 10, 23, 57, 132, 301, 701, 1654, 3652, 8512, 18952]...: 15137876: ACCEPTED IN 28 TRIES, (AVG 540638.4285714285)
[1, 4, 10, 23, 57, 132, 301, 701, 1654, 3652, 8512, 18956]...: 10267559: ACCEPTED IN 19 TRIES, (AVG 540397.8421052631)
[1, 4, 10, 23, 57, 132, 301, 701, 1654, 3652, 8512, 18960]...: 19466811: ACCEPTED IN 36 TRIES, (AVG 540744.75)
[1, 4, 10, 23, 57, 132, 301, 701, 1654, 3652, 8512, 18964]...: 13512857: ACCEPTED IN 25 TRIES, (AVG 540514.28)
[1, 4, 10, 23, 57, 132, 301, 701, 1654, 3652, 8512, 18977]...: 9184343: ACCEPTED IN 17 TRIES, (AVG 540255.4705882353)
[1, 4, 10, 23, 57, 132, 301, 701, 1654, 3652, 8512, 18981]...: 18384384: ACCEPTED IN 34 TRIES, (AVG 540717.1764705882)
[1, 4, 10, 23, 57, 132, 301, 701, 1654, 3652, 8512, 18985]...: 41653191: ACCEPTED IN 77 TRIES, (AVG 540950.5324675324)
[1, 4, 10, 23, 57, 132, 301, 701, 1654, 3652, 8512, 18989]...: 7561706: ACCEPTED IN 14 TRIES, (AVG 540121.8571428572)
[1, 4, 10, 23, 57, 132, 301, 701, 1654, 3652, 8512, 18993]...: 31370769: ACCEPTED IN 58 TRIES, (AVG 540875.3275862068)
[1, 4, 10, 23, 57, 132, 301, 701, 1654, 3652, 8512, 18997]...: 15137247: ACCEPTED IN 28 TRIES, (AVG 540615.9642857143)
[1, 4, 10, 23, 57, 132, 301, 701, 1654, 3652, 8512, 19001]...: 28666251: ACCEPTED IN 53 TRIES, (AVG 540872.6603773584)
[1, 4, 10, 23, 57, 132, 301, 701, 1654, 3652, 8512, 19014]...: 23795473: ACCEPTED IN 44 TRIES, (AVG 540806.2045454546)
[1, 4, 10, 23, 57, 132, 301, 701, 1654, 3652, 8512, 19018]...: 19466711: ACCEPTED IN 36 TRIES, (AVG 540741.9722222222)
[1, 4, 10, 23, 57, 132, 301, 701, 1654, 3652, 8512, 19030]...: 12972235: ACCEPTED IN 24 TRIES, (AVG 540509.7916666666)
[1, 4, 10, 23, 57, 132, 301, 701, 1654, 3652, 8512, 19034]...: 15679069: ACCEPTED IN 29 TRIES, (AVG 540657.551724138)
[1, 4, 10, 23, 57, 132, 301, 701, 1654, 3652, 8512, 19047]...: 38947253: ACCEPTED IN 72 TRIES, (AVG 540934.0694444445)
[1, 4, 10, 23, 57, 132, 301, 701, 1654, 3652, 8512, 19051]...: 16220101: ACCEPTED IN 30 TRIES, (AVG 540670.0333333333)
[1, 4, 10, 23, 57, 132, 301, 701, 1654, 3652, 8512, 19055]...: 19464315: ACCEPTED IN 36 TRIES, (AVG 540675.4166666666)
[1, 4, 10, 23, 57, 132, 301, 701, 1654, 3652, 8512, 19071]...: 22713878: ACCEPTED IN 42 TRIES, (AVG 540806.619047619)
[1, 4, 10, 23, 57, 132, 301, 701, 1654, 3652, 8512, 19080]...: 9724799: ACCEPTED IN 18 TRIES, (AVG 540266.6111111111)
[1, 4, 10, 23, 57, 132, 301, 701, 1654, 3652, 8512, 19084]...: 23795872: ACCEPTED IN 44 TRIES, (AVG 540815.2727272727)
[1, 4, 10, 23, 57, 132, 301, 701, 1654, 3652, 8512, 19088]...: 32451976: ACCEPTED IN 60 TRIES, (AVG 540866.2666666667)
[1, 4, 10, 23, 57, 132, 301, 701, 1654, 3652, 8512, 19092]...: 25959275: ACCEPTED IN 48 TRIES, (AVG 540818.2291666666)
[1, 4, 10, 23, 57, 132, 301, 701, 1654, 3652, 8512, 19096]...: 17842635: ACCEPTED IN 33 TRIES, (AVG 540685.9090909091)
[1, 4, 10, 23, 57, 132, 301, 701, 1654, 3652, 8512, 19113]...: 17842042: ACCEPTED IN 33 TRIES, (AVG 540667.9393939395)
[1, 4, 10, 23, 57, 132, 301, 701, 1654, 3652, 8512, 19117]...: 7561909: ACCEPTED IN 14 TRIES, (AVG 540136.3571428572)
[1, 4, 10, 23, 57, 132, 301, 701, 1654, 3652, 8512, 19121]...: 19465117: ACCEPTED IN 36 TRIES, (AVG 540697.6944444445)
[1, 4, 10, 23, 57, 132, 301, 701, 1654, 3652, 8512, 19125]...: 15679005: ACCEPTED IN 29 TRIES, (AVG 540655.3448275862)
[1, 4, 10, 23, 57, 132, 301, 701, 1654, 3652, 8512, 19129]...: 11349926: ACCEPTED IN 21 TRIES, (AVG 540472.6666666666)
[1, 4, 10, 23, 57, 132, 301, 701, 1654, 3652, 8512, 19133]...: 16761130: ACCEPTED IN 31 TRIES, (AVG 540681.6129032258)
[1, 4, 10, 23, 57, 132, 301, 701, 1654, 3652, 8512, 19146]...: 18383836: ACCEPTED IN 34 TRIES, (AVG 540701.0588235294)
[1, 4, 10, 23, 57, 132, 301, 701, 1654, 3652, 8512, 19150]...: 12973346: ACCEPTED IN 24 TRIES, (AVG 540556.0833333334)
[1, 4, 10, 23, 57, 132, 301, 701, 1654, 3652, 8512, 19154]...: 19464667: ACCEPTED IN 36 TRIES, (AVG 540685.1944444445)
[1, 4, 10, 23, 57, 132, 301, 701, 1654, 3652, 8512, 19162]...: 20549018: ACCEPTED IN 38 TRIES, (AVG 540763.6315789474)
[1, 4, 10, 23, 57, 132, 301, 701, 1654, 3652, 8512, 19166]...: 21088779: ACCEPTED IN 39 TRIES, (AVG 540737.9230769231)
[1, 4, 10, 23, 57, 132, 301, 701, 1654, 3652, 8512, 19170]...: 21090102: ACCEPTED IN 39 TRIES, (AVG 540771.8461538461)
[1, 4, 10, 23, 57, 132, 301, 701, 1654, 3652, 8512, 19179]...: 9725776: ACCEPTED IN 18 TRIES, (AVG 540320.8888888889)
[1, 4, 10, 23, 57, 132, 301, 701, 1654, 3652, 8512, 19183]...: 18924814: ACCEPTED IN 35 TRIES, (AVG 540708.9714285714)
[1, 4, 10, 23, 57, 132, 301, 701, 1654, 3652, 8512, 19187]...: 8643725: ACCEPTED IN 16 TRIES, (AVG 540232.8125)
[1, 4, 10, 23, 57, 132, 301, 701, 1654, 3652, 8512, 19191]...: 8644248: ACCEPTED IN 16 TRIES, (AVG 540265.5)
[1, 4, 10, 23, 57, 132, 301, 701, 1654, 3652, 8512, 19203]...: 10267508: ACCEPTED IN 19 TRIES, (AVG 540395.1578947369)
[1, 4, 10, 23, 57, 132, 301, 701, 1654, 3652, 8512, 19216]...: 12432192: ACCEPTED IN 23 TRIES, (AVG 540530.0869565217)
[1, 4, 10, 23, 57, 132, 301, 701, 1654, 3652, 8512, 19220]...: 16761007: ACCEPTED IN 31 TRIES, (AVG 540677.6451612903)
[1, 4, 10, 23, 57, 132, 301, 701, 1654, 3652, 8512, 19224]...: 21090110: ACCEPTED IN 39 TRIES, (AVG 540772.0512820513)
[1, 4, 10, 23, 57, 132, 301, 701, 1654, 3652, 8512, 19228]...: 20548234: ACCEPTED IN 38 TRIES, (AVG 540743.0)
[1, 4, 10, 23, 57, 132, 301, 701, 1654, 3652, 8512, 19245]...: 9725460: ACCEPTED IN 18 TRIES, (AVG 540303.3333333334)
[1, 4, 10, 23, 57, 132, 301, 701, 1654, 3652, 8512, 19249]...: 16219624: ACCEPTED IN 30 TRIES, (AVG 540654.1333333333)
[1, 4, 10, 23, 57, 132, 301, 701, 1654, 3652, 8512, 19253]...: 18384371: ACCEPTED IN 34 TRIES, (AVG 540716.7941176471)
[1, 4, 10, 23, 57, 132, 301, 701, 1654, 3652, 8512, 19257]...: 31371162: ACCEPTED IN 58 TRIES, (AVG 540882.1034482758)
[1, 4, 10, 23, 57, 132, 301, 701, 1654, 3652, 8512, 19261]...: 20006232: ACCEPTED IN 37 TRIES, (AVG 540708.972972973)
[1, 4, 10, 23, 57, 132, 301, 701, 1654, 3652, 8512, 19265]...: 12432287: ACCEPTED IN 23 TRIES, (AVG 540534.2173913043)
[1, 4, 10, 23, 57, 132, 301, 701, 1654, 3652, 8512, 19278]...: 13514545: ACCEPTED IN 25 TRIES, (AVG 540581.8)
[1, 4, 10, 23, 57, 132, 301, 701, 1654, 3652, 8512, 19282]...: 13514360: ACCEPTED IN 25 TRIES, (AVG 540574.4)
[1, 4, 10, 23, 57, 132, 301, 701, 1654, 3652, 8512, 19286]...: 12431542: ACCEPTED IN 23 TRIES, (AVG 540501.8260869565)
[1, 4, 10, 23, 57, 132, 301, 701, 1654, 3652, 8512, 19294]...: 16760373: ACCEPTED IN 31 TRIES, (AVG 540657.1935483871)
[1, 4, 10, 23, 57, 132, 301, 701, 1654, 3652, 8512, 19298]...: 12971281: ACCEPTED IN 24 TRIES, (AVG 540470.0416666666)
[1, 4, 10, 23, 57, 132, 301, 701, 1654, 3652, 8512, 19302]...: 16219295: ACCEPTED IN 30 TRIES, (AVG 540643.1666666666)
[1, 4, 10, 23, 57, 132, 301, 701, 1654, 3652, 8512, 19315]...: 22713591: ACCEPTED IN 42 TRIES, (AVG 540799.7857142857)
[1, 4, 10, 23, 57, 132, 301, 701, 1654, 3652, 8512, 19319]...: 11350047: ACCEPTED IN 21 TRIES, (AVG 540478.4285714285)
[1, 4, 10, 23, 57, 132, 301, 701, 1654, 3652, 8512, 19323]...: 24877812: ACCEPTED IN 46 TRIES, (AVG 540822.0)
[1, 4, 10, 23, 57, 132, 301, 701, 1654, 3652, 8512, 19335]...: 5397069: ACCEPTED IN 10 TRIES, (AVG 539706.9)
[1, 4, 10, 23, 57, 132, 301, 701, 1654, 3652, 8512, 19348]...: 18925566: ACCEPTED IN 35 TRIES, (AVG 540730.4571428571)
[1, 4, 10, 23, 57, 132, 301, 701, 1654, 3652, 8512, 19352]...: 17302064: ACCEPTED IN 32 TRIES, (AVG 540689.5)
[1, 4, 10, 23, 57, 132, 301, 701, 1654, 3652, 8512, 19356]...: 30289820: ACCEPTED IN 56 TRIES, (AVG 540889.6428571428)
[1, 4, 10, 23, 57, 132, 301, 701, 1654, 3652, 8512, 19360]...: 15677041: ACCEPTED IN 29 TRIES, (AVG 540587.6206896552)
[1, 4, 10, 23, 57, 132, 301, 701, 1654, 3652, 8512, 19377]...: 21090000: ACCEPTED IN 39 TRIES, (AVG 540769.2307692308)
[1, 4, 10, 23, 57, 132, 301, 701, 1654, 3652, 8512, 19381]...: 15137898: ACCEPTED IN 28 TRIES, (AVG 540639.2142857143)
[1, 4, 10, 23, 57, 132, 301, 701, 1654, 3652, 8512, 19385]...: 13514442: ACCEPTED IN 25 TRIES, (AVG 540577.68)
[1, 4, 10, 23, 57, 132, 301, 701, 1654, 3652, 8512, 19389]...: 29205397: ACCEPTED IN 54 TRIES, (AVG 540840.6851851852)
[1, 4, 10, 23, 57, 132, 301, 701, 1654, 3652, 8512, 19393]...: 27042454: ACCEPTED IN 50 TRIES, (AVG 540849.08)
[1, 4, 10, 23, 57, 132, 301, 701, 1654, 3652, 8512, 19397]...: 19466820: ACCEPTED IN 36 TRIES, (AVG 540745.0)
[1, 4, 10, 23, 57, 132, 301, 701, 1654, 3652, 8512, 19414]...: 18384497: ACCEPTED IN 34 TRIES, (AVG 540720.5)
[1, 4, 10, 23, 57, 132, 301, 701, 1654, 3652, 8512, 19418]...: 20547651: ACCEPTED IN 38 TRIES, (AVG 540727.6578947369)
[1, 4, 10, 23, 57, 132, 301, 701, 1654, 3652, 8512, 19422]...: 15678067: ACCEPTED IN 29 TRIES, (AVG 540623.0)
[1, 4, 10, 23, 57, 132, 301, 701, 1654, 3652, 8512, 19426]...: 11890948: ACCEPTED IN 22 TRIES, (AVG 540497.6363636364)
[1, 4, 10, 23, 57, 132, 301, 701, 1654, 3652, 8512, 19430]...: 10267558: ACCEPTED IN 19 TRIES, (AVG 540397.7894736842)
[1, 4, 10, 23, 57, 132, 301, 701, 1654, 3652, 8512, 19434]...: 9725903: ACCEPTED IN 18 TRIES, (AVG 540327.9444444445)
[1, 4, 10, 23, 57, 132, 301, 701, 1654, 3652, 8512, 19447]...: 20008052: ACCEPTED IN 37 TRIES, (AVG 540758.1621621621)
[1, 4, 10, 23, 57, 132, 301, 701, 1654, 3652, 8512, 19451]...: 12972244: ACCEPTED IN 24 TRIES, (AVG 540510.1666666666)
[1, 4, 10, 23, 57, 132, 301, 701, 1654, 3652, 8512, 19455]...: 12431931: ACCEPTED IN 23 TRIES, (AVG 540518.7391304348)
[1, 4, 10, 23, 57, 132, 301, 701, 1654, 3652, 8512, 19467]...: 16759506: ACCEPTED IN 31 TRIES, (AVG 540629.2258064516)
[1, 4, 10, 23, 57, 132, 301, 701, 1654, 3652, 8512, 19471]...: 18383727: ACCEPTED IN 34 TRIES, (AVG 540697.8529411765)
[1, 4, 10, 23, 57, 132, 301, 701, 1654, 3652, 8512, 19480]...: 10808064: ACCEPTED IN 20 TRIES, (AVG 540403.2)
[1, 4, 10, 23, 57, 132, 301, 701, 1654, 3652, 8512, 19484]...: 17302397: ACCEPTED IN 32 TRIES, (AVG 540699.90625)
[1, 4, 10, 23, 57, 132, 301, 701, 1654, 3652, 8512, 19488]...: 15677881: ACCEPTED IN 29 TRIES, (AVG 540616.5862068966)
[1, 4, 10, 23, 57, 132, 301, 701, 1654, 3652, 8512, 19492]...: 9185002: ACCEPTED IN 17 TRIES, (AVG 540294.2352941176)
[1, 4, 10, 23, 57, 132, 301, 701, 1654, 3652, 8512, 19517]...: 15676969: ACCEPTED IN 29 TRIES, (AVG 540585.1379310344)
[1, 4, 10, 23, 57, 132, 301, 701, 1654, 3652, 8512, 19521]...: 17843076: ACCEPTED IN 33 TRIES, (AVG 540699.2727272727)
[1, 4, 10, 23, 57, 132, 301, 701, 1654, 3652, 8512, 19525]...: 12972624: ACCEPTED IN 24 TRIES, (AVG 540526.0)
[1, 4, 10, 23, 57, 132, 301, 701, 1654, 3652, 8512, 19529]...: 7560802: ACCEPTED IN 14 TRIES, (AVG 540057.2857142857)
[1, 4, 10, 23, 57, 132, 301, 701, 1654, 3652, 8512, 19546]...: 10267645: ACCEPTED IN 19 TRIES, (AVG 540402.3684210526)
[1, 4, 10, 23, 57, 132, 301, 701, 1654, 3652, 8512, 19550]...: 12970688: ACCEPTED IN 24 TRIES, (AVG 540445.3333333334)
[1, 4, 10, 23, 57, 132, 301, 701, 1654, 3652, 8512, 19554]...: 12972887: ACCEPTED IN 24 TRIES, (AVG 540536.9583333334)
[1, 4, 10, 23, 57, 132, 301, 701, 1654, 3652, 8512, 19558]...: 12973013: ACCEPTED IN 24 TRIES, (AVG 540542.2083333334)
[1, 4, 10, 23, 57, 132, 301, 701, 1654, 3652, 8512, 19562]...: 8641770: ACCEPTED IN 16 TRIES, (AVG 540110.625)
[1, 4, 10, 23, 57, 132, 301, 701, 1654, 3652, 8512, 19566]...: 8644335: ACCEPTED IN 16 TRIES, (AVG 540270.9375)
[1, 4, 10, 23, 57, 132, 301, 701, 1654, 3652, 8512, 19579]...: 18384381: ACCEPTED IN 34 TRIES, (AVG 540717.0882352941)
[1, 4, 10, 23, 57, 132, 301, 701, 1654, 3652, 8512, 19583]...: 18925211: ACCEPTED IN 35 TRIES, (AVG 540720.3142857143)
[1, 4, 10, 23, 57, 132, 301, 701, 1654, 3652, 8512, 19587]...: 10265815: ACCEPTED IN 19 TRIES, (AVG 540306.052631579)
[1, 4, 10, 23, 57, 132, 301, 701, 1654, 3652, 8512, 19599]...: 25958874: ACCEPTED IN 48 TRIES, (AVG 540809.875)
[1, 4, 10, 23, 57, 132, 301, 701, 1654, 3652, 8512, 19603]...: 15136953: ACCEPTED IN 28 TRIES, (AVG 540605.4642857143)
[1, 4, 10, 23, 57, 132, 301, 701, 1654, 3652, 8512, 19616]...: 17842574: ACCEPTED IN 33 TRIES, (AVG 540684.0606060605)
[1, 4, 10, 23, 57, 132, 301, 701, 1654, 3652, 8512, 19620]...: 17843005: ACCEPTED IN 33 TRIES, (AVG 540697.1212121212)
[1, 4, 10, 23, 57, 132, 301, 701, 1654, 3652, 8512, 19649]...: 15679030: ACCEPTED IN 29 TRIES, (AVG 540656.2068965518)
[1, 4, 10, 23, 57, 132, 301, 701, 1654, 3652, 8512, 19653]...: 16760309: ACCEPTED IN 31 TRIES, (AVG 540655.1290322581)
[1, 4, 10, 23, 57, 132, 301, 701, 1654, 3652, 8512, 19657]...: 20007715: ACCEPTED IN 37 TRIES, (AVG 540749.0540540541)
[1, 4, 10, 23, 57, 132, 301, 701, 1654, 3652, 8512, 19661]...: 12971824: ACCEPTED IN 24 TRIES, (AVG 540492.6666666666)
[1, 4, 10, 23, 57, 132, 301, 701, 1654, 3652, 8512, 19678]...: 16217446: ACCEPTED IN 30 TRIES, (AVG 540581.5333333333)
[1, 4, 10, 23, 57, 132, 301, 701, 1654, 3652, 8512, 19682]...: 15677002: ACCEPTED IN 29 TRIES, (AVG 540586.275862069)
[1, 4, 10, 23, 57, 132, 301, 701, 1654, 3652, 8512, 19686]...: 9726564: ACCEPTED IN 18 TRIES, (AVG 540364.6666666666)
[1, 4, 10, 23, 57, 132, 301, 701, 1654, 3652, 8512, 19690]...: 7020307: ACCEPTED IN 13 TRIES, (AVG 540023.6153846154)
[1, 4, 10, 23, 57, 132, 301, 701, 1654, 3652, 8512, 19694]...: 8642843: ACCEPTED IN 16 TRIES, (AVG 540177.6875)
[1, 4, 10, 23, 57, 132, 301, 701, 1654, 3652, 8512, 19698]...: 9726149: ACCEPTED IN 18 TRIES, (AVG 540341.6111111111)
[1, 4, 10, 23, 57, 132, 301, 701, 1654, 3652, 8512, 19715]...: 20547403: ACCEPTED IN 38 TRIES, (AVG 540721.1315789474)
[1, 4, 10, 23, 57, 132, 301, 701, 1654, 3652, 8512, 19719]...: 18384641: ACCEPTED IN 34 TRIES, (AVG 540724.7352941176)
[1, 4, 10, 23, 57, 132, 301, 701, 1654, 3652, 8512, 19723]...: 15676744: ACCEPTED IN 29 TRIES, (AVG 540577.3793103448)
[1, 4, 10, 23, 57, 132, 301, 701, 1654, 3652, 8512, 19731]...: 12431957: ACCEPTED IN 23 TRIES, (AVG 540519.8695652174)
[1, 4, 10, 23, 57, 132, 301, 701, 1654, 3652, 8512, 19735]...: 15136227: ACCEPTED IN 28 TRIES, (AVG 540579.5357142857)
[1, 4, 10, 23, 57, 132, 301, 701, 1654, 3652, 8512, 19748]...: 15678287: ACCEPTED IN 29 TRIES, (AVG 540630.5862068966)
[1, 4, 10, 23, 57, 132, 301, 701, 1654, 3652, 8512, 19752]...: 11890538: ACCEPTED IN 22 TRIES, (AVG 540479.0)
[1, 4, 10, 23, 57, 132, 301, 701, 1654, 3652, 8512, 19772]...: 11889963: ACCEPTED IN 22 TRIES, (AVG 540452.8636363636)
[1, 4, 10, 23, 57, 132, 301, 701, 1654, 3652, 8512, 19781]...: 7020819: ACCEPTED IN 13 TRIES, (AVG 540063.0)
[1, 4, 10, 23, 57, 132, 301, 701, 1654, 3652, 8512, 19785]...: 12971993: ACCEPTED IN 24 TRIES, (AVG 540499.7083333334)
[1, 4, 10, 23, 57, 132, 301, 701, 1654, 3652, 8512, 19789]...: 9182612: ACCEPTED IN 17 TRIES, (AVG 540153.6470588235)
[1, 4, 10, 23, 57, 132, 301, 701, 1654, 3652, 8512, 19793]...: 16217157: ACCEPTED IN 30 TRIES, (AVG 540571.9)
[1, 4, 10, 23, 57, 132, 301, 701, 1654, 3652, 8512, 19814]...: 15676875: ACCEPTED IN 29 TRIES, (AVG 540581.8965517242)
[1, 4, 10, 23, 57, 132, 301, 701, 1654, 3652, 8512, 19818]...: 9184626: ACCEPTED IN 17 TRIES, (AVG 540272.1176470588)
[1, 4, 10, 23, 57, 132, 301, 701, 1654, 3652, 8512, 19822]...: 26501421: ACCEPTED IN 49 TRIES, (AVG 540845.3265306122)
[1, 4, 10, 23, 57, 132, 301, 701, 1654, 3652, 8512, 19826]...: 12972815: ACCEPTED IN 24 TRIES, (AVG 540533.9583333334)
[1, 4, 10, 23, 57, 132, 301, 701, 1654, 3652, 8512, 19830]...: 7560125: ACCEPTED IN 14 TRIES, (AVG 540008.9285714285)
[1, 4, 10, 23, 57, 132, 301, 701, 1654, 3652, 8512, 19847]...: 15678683: ACCEPTED IN 29 TRIES, (AVG 540644.2413793104)
[1, 4, 10, 23, 57, 132, 301, 701, 1654, 3652, 8512, 19851]...: 16217038: ACCEPTED IN 30 TRIES, (AVG 540567.9333333333)
[1, 4, 10, 23, 57, 132, 301, 701, 1654, 3652, 8512, 19855]...: 10267189: ACCEPTED IN 19 TRIES, (AVG 540378.3684210526)
[1, 4, 10, 23, 57, 132, 301, 701, 1654, 3652, 8512, 19863]...: 9725018: ACCEPTED IN 18 TRIES, (AVG 540278.7777777778)
[1, 4, 10, 23, 57, 132, 301, 701, 1654, 3652, 8512, 19867]...: 7559624: ACCEPTED IN 14 TRIES, (AVG 539973.1428571428)
[1, 4, 10, 23, 57, 132, 301, 701, 1654, 3652, 8512, 19880]...: 13513363: ACCEPTED IN 25 TRIES, (AVG 540534.52)
[1, 4, 10, 23, 57, 132, 301, 701, 1654, 3652, 8512, 19884]...: 12972707: ACCEPTED IN 24 TRIES, (AVG 540529.4583333334)
[1, 4, 10, 23, 57, 132, 301, 701, 1654, 3652, 8512, 19904]...: 10808709: ACCEPTED IN 20 TRIES, (AVG 540435.45)
[1, 4, 10, 23, 57, 132, 301, 701, 1654, 3652, 8512, 19917]...: 18925274: ACCEPTED IN 35 TRIES, (AVG 540722.1142857143)
[1, 4, 10, 23, 57, 132, 301, 701, 1654, 3652, 8512, 19921]...: 21630447: ACCEPTED IN 40 TRIES, (AVG 540761.175)
[1, 4, 10, 23, 57, 132, 301, 701, 1654, 3652, 8512, 19946]...: 8643692: ACCEPTED IN 16 TRIES, (AVG 540230.75)
[1, 4, 10, 23, 57, 132, 301, 701, 1654, 3652, 8512, 19950]...: 15677890: ACCEPTED IN 29 TRIES, (AVG 540616.8965517242)
[1, 4, 10, 23, 57, 132, 301, 701, 1654, 3652, 8512, 19954]...: 12972113: ACCEPTED IN 24 TRIES, (AVG 540504.7083333334)
[1, 4, 10, 23, 57, 132, 301, 701, 1654, 3652, 8512, 19958]...: 4314421: ACCEPTED IN 8 TRIES, (AVG 539302.625)
[1, 4, 10, 23, 57, 132, 301, 701, 1654, 3652, 8512, 19962]...: 16219502: ACCEPTED IN 30 TRIES, (AVG 540650.0666666667)
[1, 4, 10, 23, 57, 132, 301, 701, 1654, 3652, 8512, 19979]...: 8102564: ACCEPTED IN 15 TRIES, (AVG 540170.9333333333)
[1, 4, 10, 23, 57, 132, 301, 701, 1654, 3652, 8512, 19983]...: 11349187: ACCEPTED IN 21 TRIES, (AVG 540437.4761904762)
[1, 4, 10, 23, 57, 132, 301, 701, 1654, 3652, 8512, 19987]...: 9185461: ACCEPTED IN 17 TRIES, (AVG 540321.2352941176)
[1, 4, 10, 23, 57, 132, 301, 701, 1654, 3652, 8512, 19995]...: 15677844: ACCEPTED IN 29 TRIES, (AVG 540615.3103448276)
[1, 4, 10, 23, 57, 132, 301, 701, 1654, 3652, 8512, 19999]...: 15678651: ACCEPTED IN 29 TRIES, (AVG 540643.1379310344)
[1, 4, 10, 23, 57, 132, 301, 701, 1654, 3652, 8512, 20016]...: 7561215: ACCEPTED IN 14 TRIES, (AVG 540086.7857142857)
[1, 4, 10, 23, 57, 132, 301, 701, 1654, 3652, 8512, 20024]...: 8103071: ACCEPTED IN 15 TRIES, (AVG 540204.7333333333)
[1, 4, 10, 23, 57, 132, 301, 701, 1654, 3652, 8512, 20036]...: 11887286: ACCEPTED IN 22 TRIES, (AVG 540331.1818181818)
[1, 4, 10, 23, 57, 132, 301, 701, 1654, 3652, 8512, 20049]...: 12972881: ACCEPTED IN 24 TRIES, (AVG 540536.7083333334)
[1, 4, 10, 23, 57, 132, 301, 701, 1654, 3652, 8512, 20053]...: 13514403: ACCEPTED IN 25 TRIES, (AVG 540576.12)
[1, 4, 10, 23, 57, 132, 301, 701, 1654, 3652, 8512, 20078]...: 16760134: ACCEPTED IN 31 TRIES, (AVG 540649.4838709678)
[1, 4, 10, 23, 57, 132, 301, 701, 1654, 3652, 8512, 20082]...: 7562106: ACCEPTED IN 14 TRIES, (AVG 540150.4285714285)
[1, 4, 10, 23, 57, 132, 301, 701, 1654, 3652, 8512, 20086]...: 12971454: ACCEPTED IN 24 TRIES, (AVG 540477.25)
[1, 4, 10, 23, 57, 132, 301, 701, 1654, 3652, 8512, 20090]...: 15136722: ACCEPTED IN 28 TRIES, (AVG 540597.2142857143)
[1, 4, 10, 23, 57, 132, 301, 701, 1654, 3652, 8512, 20094]...: 7561343: ACCEPTED IN 14 TRIES, (AVG 540095.9285714285)
[1, 4, 10, 23, 57, 132, 301, 701, 1654, 3652, 8512, 20115]...: 20008221: ACCEPTED IN 37 TRIES, (AVG 540762.7297297297)
[1, 4, 10, 23, 57, 132, 301, 701, 1654, 3652, 8512, 20119]...: 7561673: ACCEPTED IN 14 TRIES, (AVG 540119.5)
[1, 4, 10, 23, 57, 132, 301, 701, 1654, 3652, 8512, 20123]...: 19464916: ACCEPTED IN 36 TRIES, (AVG 540692.1111111111)
[1, 4, 10, 23, 57, 132, 301, 701, 1654, 3652, 8512, 20127]...: 7559754: ACCEPTED IN 14 TRIES, (AVG 539982.4285714285)
[1, 4, 10, 23, 57, 132, 301, 701, 1654, 3652, 8512, 20131]...: 13514551: ACCEPTED IN 25 TRIES, (AVG 540582.04)
[1, 4, 10, 23, 57, 132, 301, 701, 1654, 3652, 8512, 20148]...: 17842395: ACCEPTED IN 33 TRIES, (AVG 540678.6363636364)
[1, 4, 10, 23, 57, 132, 301, 701, 1654, 3652, 8512, 20156]...: 12972188: ACCEPTED IN 24 TRIES, (AVG 540507.8333333334)
[1, 4, 10, 23, 57, 132, 301, 701, 1654, 3652, 8512, 20168]...: 8102236: ACCEPTED IN 15 TRIES, (AVG 540149.0666666667)
[1, 4, 10, 23, 57, 132, 301, 701, 1654, 3652, 8512, 20181]...: 7561542: ACCEPTED IN 14 TRIES, (AVG 540110.1428571428)
[1, 4, 10, 23, 57, 132, 301, 701, 1654, 3652, 8512, 20185]...: 9726546: ACCEPTED IN 18 TRIES, (AVG 540363.6666666666)
[1, 4, 10, 23, 57, 132, 301, 701, 1654, 3652, 8512, 20210]...: 11890582: ACCEPTED IN 22 TRIES, (AVG 540481.0)
[1, 4, 10, 23, 57, 132, 301, 701, 1654, 3652, 8512, 20218]...: 18383588: ACCEPTED IN 34 TRIES, (AVG 540693.7647058824)
[1, 4, 10, 23, 57, 132, 301, 701, 1654, 3652, 8512, 20222]...: 12972237: ACCEPTED IN 24 TRIES, (AVG 540509.875)
[1, 4, 10, 23, 57, 132, 301, 701, 1654, 3652, 8512, 20247]...: 12432165: ACCEPTED IN 23 TRIES, (AVG 540528.9130434783)
[1, 4, 10, 23, 57, 132, 301, 701, 1654, 3652, 8512, 20251]...: 10264809: ACCEPTED IN 19 TRIES, (AVG 540253.1052631579)
[1, 4, 10, 23, 57, 132, 301, 701, 1654, 3652, 8512, 20255]...: 10808466: ACCEPTED IN 20 TRIES, (AVG 540423.3)
[1, 4, 10, 23, 57, 132, 301, 701, 1654, 3652, 8512, 20259]...: 20006561: ACCEPTED IN 37 TRIES, (AVG 540717.8648648649)
[1, 4, 10, 23, 57, 132, 301, 701, 1654, 3652, 8512, 20263]...: 11891147: ACCEPTED IN 22 TRIES, (AVG 540506.6818181818)
[1, 4, 10, 23, 57, 132, 301, 701, 1654, 3652, 8512, 20280]...: 9724852: ACCEPTED IN 18 TRIES, (AVG 540269.5555555555)
[1, 4, 10, 23, 57, 132, 301, 701, 1654, 3652, 8512, 20288]...: 10267599: ACCEPTED IN 19 TRIES, (AVG 540399.947368421)
[1, 4, 10, 23, 57, 132, 301, 701, 1654, 3652, 8512, 20300]...: 16761223: ACCEPTED IN 31 TRIES, (AVG 540684.6129032258)
[1, 4, 10, 23, 57, 132, 301, 701, 1654, 3652, 8512, 20317]...: 17842998: ACCEPTED IN 33 TRIES, (AVG 540696.9090909091)
[1, 4, 10, 23, 57, 132, 301, 701, 1654, 3652, 8512, 20342]...: 12431857: ACCEPTED IN 23 TRIES, (AVG 540515.5217391305)
[1, 4, 10, 23, 57, 132, 301, 701, 1654, 3652, 8512, 20350]...: 13514163: ACCEPTED IN 25 TRIES, (AVG 540566.52)
[1, 4, 10, 23, 57, 132, 301, 701, 1654, 3652, 8512, 20354]...: 12431804: ACCEPTED IN 23 TRIES, (AVG 540513.2173913043)
[1, 4, 10, 23, 57, 132, 301, 701, 1654, 3652, 8512, 20379]...: 7561741: ACCEPTED IN 14 TRIES, (AVG 540124.3571428572)
[1, 4, 10, 23, 57, 132, 301, 701, 1654, 3652, 8512, 20383]...: 13513898: ACCEPTED IN 25 TRIES, (AVG 540555.92)
[1, 4, 10, 23, 57, 132, 301, 701, 1654, 3652, 8512, 20387]...: 12431508: ACCEPTED IN 23 TRIES, (AVG 540500.3478260869)
[1, 4, 10, 23, 57, 132, 301, 701, 1654, 3652, 8512, 20391]...: 10266889: ACCEPTED IN 19 TRIES, (AVG 540362.5789473684)
[1, 4, 10, 23, 57, 132, 301, 701, 1654, 3652, 8512, 20395]...: 4314874: ACCEPTED IN 8 TRIES, (AVG 539359.25)
[1, 4, 10, 23, 57, 132, 301, 701, 1654, 3652, 8512, 20420]...: 9183894: ACCEPTED IN 17 TRIES, (AVG 540229.0588235294)
[1, 4, 10, 23, 57, 132, 301, 701, 1654, 3652, 8512, 20424]...: 12973443: ACCEPTED IN 24 TRIES, (AVG 540560.125)
