[1, 4, 10, 23, 57, 132, 301, 701, 1654, 3652, 8729, 19222]...: 15679111: ACCEPTED IN 29 TRIES, (AVG 540659.0)
[1, 4, 10, 23, 57, 132, 301, 701, 1654, 3652, 8729, 19226]...: 12972860: ACCEPTED IN 24 TRIES, (AVG 540535.8333333334)
[1, 4, 10, 23, 57, 132, 301, 701, 1654, 3652, 8729, 19276]...: 58967670: ACCEPTED IN 109 TRIES, (AVG 540987.7981651376)
[1, 4, 10, 23, 57, 132, 301, 701, 1654, 3652, 8729, 19288]...: 25959444: ACCEPTED IN 48 TRIES, (AVG 540821.75)
[1, 4, 10, 23, 57, 132, 301, 701, 1654, 3652, 8729, 19313]...: 9725884: ACCEPTED IN 18 TRIES, (AVG 540326.8888888889)
[1, 4, 10, 23, 57, 132, 301, 701, 1654, 3652, 8729, 19317]...: 8643277: ACCEPTED IN 16 TRIES, (AVG 540204.8125)
[1, 4, 10, 23, 57, 132, 301, 701, 1654, 3652, 8729, 19321]...: 14595254: ACCEPTED IN 27 TRIES, (AVG 540564.9629629629)
[1, 4, 10, 23, 57, 132, 301, 701, 1654, 3652, 8729, 19325]...: 33535141: ACCEPTED IN 62 TRIES, (AVG 540889.3709677419)
[1, 4, 10, 23, 57, 132, 301, 701, 1654, 3652, 8729, 19350]...: 15134951: ACCEPTED IN 28 TRIES, (AVG 540533.9642857143)
[1, 4, 10, 23, 57, 132, 301, 701, 1654, 3652, 8729, 19354]...: 9726534: ACCEPTED IN 18 TRIES, (AVG 540363.0)
[1, 4, 10, 23, 57, 132, 301, 701, 1654, 3652, 8729, 19358]...: 17301923: ACCEPTED IN 32 TRIES, (AVG 540685.09375)
[1, 4, 10, 23, 57, 132, 301, 701, 1654, 3652, 8729, 19408]...: 21088105: ACCEPTED IN 39 TRIES, (AVG 540720.641025641)
[1, 4, 10, 23, 57, 132, 301, 701, 1654, 3652, 8729, 19420]...: 4314439: ACCEPTED IN 8 TRIES, (AVG 539304.875)
[1, 4, 10, 23, 57, 132, 301, 701, 1654, 3652, 8729, 19445]...: 20008147: ACCEPTED IN 37 TRIES, (AVG 540760.7297297297)
[1, 4, 10, 23, 57, 132, 301, 701, 1654, 3652, 8729, 19449]...: 18382805: ACCEPTED IN 34 TRIES, (AVG 540670.7352941176)
[1, 4, 10, 23, 57, 132, 301, 701, 1654, 3652, 8729, 19457]...: 11889780: ACCEPTED IN 22 TRIES, (AVG 540444.5454545454)
[1, 4, 10, 23, 57, 132, 301, 701, 1654, 3652, 8729, 19482]...: 12431639: ACCEPTED IN 23 TRIES, (AVG 540506.0434782609)
[1, 4, 10, 23, 57, 132, 301, 701, 1654, 3652, 8729, 19486]...: 9725536: ACCEPTED IN 18 TRIES, (AVG 540307.5555555555)
[1, 4, 10, 23, 57, 132, 301, 701, 1654, 3652, 8729, 19490]...: 16219945: ACCEPTED IN 30 TRIES, (AVG 540664.8333333334)
[1, 4, 10, 23, 57, 132, 301, 701, 1654, 3652, 8729, 19494]...: 14053443: ACCEPTED IN 26 TRIES, (AVG 540517.0384615385)
[1, 4, 10, 23, 57, 132, 301, 701, 1654, 3652, 8729, 19540]...: 16220203: ACCEPTED IN 30 TRIES, (AVG 540673.4333333333)
[1, 4, 10, 23, 57, 132, 301, 701, 1654, 3652, 8729, 19577]...: 5937617: ACCEPTED IN 11 TRIES, (AVG 539783.3636363636)
[1, 4, 10, 23, 57, 132, 301, 701, 1654, 3652, 8729, 19581]...: 11348350: ACCEPTED IN 21 TRIES, (AVG 540397.619047619)
[1, 4, 10, 23, 57, 132, 301, 701, 1654, 3652, 8729, 19589]...: 40028458: ACCEPTED IN 74 TRIES, (AVG 540925.1081081082)
[1, 4, 10, 23, 57, 132, 301, 701, 1654, 3652, 8729, 19593]...: 9184181: ACCEPTED IN 17 TRIES, (AVG 540245.9411764706)
[1, 4, 10, 23, 57, 132, 301, 701, 1654, 3652, 8729, 19614]...: 15137386: ACCEPTED IN 28 TRIES, (AVG 540620.9285714285)
[1, 4, 10, 23, 57, 132, 301, 701, 1654, 3652, 8729, 19618]...: 23795252: ACCEPTED IN 44 TRIES, (AVG 540801.1818181818)
[1, 4, 10, 23, 57, 132, 301, 701, 1654, 3652, 8729, 19622]...: 10808930: ACCEPTED IN 20 TRIES, (AVG 540446.5)
[1, 4, 10, 23, 57, 132, 301, 701, 1654, 3652, 8729, 19626]...: 12973409: ACCEPTED IN 24 TRIES, (AVG 540558.7083333334)
[1, 4, 10, 23, 57, 132, 301, 701, 1654, 3652, 8729, 19651]...: 5938445: ACCEPTED IN 11 TRIES, (AVG 539858.6363636364)
[1, 4, 10, 23, 57, 132, 301, 701, 1654, 3652, 8729, 19672]...: 15678912: ACCEPTED IN 29 TRIES, (AVG 540652.1379310344)
[1, 4, 10, 23, 57, 132, 301, 701, 1654, 3652, 8729, 19709]...: 8644232: ACCEPTED IN 16 TRIES, (AVG 540264.5)
[1, 4, 10, 23, 57, 132, 301, 701, 1654, 3652, 8729, 19713]...: 12432019: ACCEPTED IN 23 TRIES, (AVG 540522.5652173914)
[1, 4, 10, 23, 57, 132, 301, 701, 1654, 3652, 8729, 19721]...: 25960090: ACCEPTED IN 48 TRIES, (AVG 540835.2083333334)
[1, 4, 10, 23, 57, 132, 301, 701, 1654, 3652, 8729, 19725]...: 10808199: ACCEPTED IN 20 TRIES, (AVG 540409.95)
[1, 4, 10, 23, 57, 132, 301, 701, 1654, 3652, 8729, 19746]...: 5395166: ACCEPTED IN 10 TRIES, (AVG 539516.6)
[1, 4, 10, 23, 57, 132, 301, 701, 1654, 3652, 8729, 19750]...: 8644159: ACCEPTED IN 16 TRIES, (AVG 540259.9375)
[1, 4, 10, 23, 57, 132, 301, 701, 1654, 3652, 8729, 19754]...: 17300599: ACCEPTED IN 32 TRIES, (AVG 540643.71875)
[1, 4, 10, 23, 57, 132, 301, 701, 1654, 3652, 8729, 19758]...: 10808070: ACCEPTED IN 20 TRIES, (AVG 540403.5)
[1, 4, 10, 23, 57, 132, 301, 701, 1654, 3652, 8729, 19783]...: 15134909: ACCEPTED IN 28 TRIES, (AVG 540532.4642857143)
[1, 4, 10, 23, 57, 132, 301, 701, 1654, 3652, 8729, 19791]...: 9725573: ACCEPTED IN 18 TRIES, (AVG 540309.6111111111)
[1, 4, 10, 23, 57, 132, 301, 701, 1654, 3652, 8729, 19795]...: 12972321: ACCEPTED IN 24 TRIES, (AVG 540513.375)
[1, 4, 10, 23, 57, 132, 301, 701, 1654, 3652, 8729, 19841]...: 9726620: ACCEPTED IN 18 TRIES, (AVG 540367.7777777778)
[1, 4, 10, 23, 57, 132, 301, 701, 1654, 3652, 8729, 19845]...: 12972662: ACCEPTED IN 24 TRIES, (AVG 540527.5833333334)
[1, 4, 10, 23, 57, 132, 301, 701, 1654, 3652, 8729, 19857]...: 12432215: ACCEPTED IN 23 TRIES, (AVG 540531.0869565217)
[1, 4, 10, 23, 57, 132, 301, 701, 1654, 3652, 8729, 19878]...: 14054539: ACCEPTED IN 26 TRIES, (AVG 540559.1923076923)
[1, 4, 10, 23, 57, 132, 301, 701, 1654, 3652, 8729, 19882]...: 5394280: ACCEPTED IN 10 TRIES, (AVG 539428.0)
[1, 4, 10, 23, 57, 132, 301, 701, 1654, 3652, 8729, 19886]...: 10806322: ACCEPTED IN 20 TRIES, (AVG 540316.1)
[1, 4, 10, 23, 57, 132, 301, 701, 1654, 3652, 8729, 19890]...: 15136436: ACCEPTED IN 28 TRIES, (AVG 540587.0)
[1, 4, 10, 23, 57, 132, 301, 701, 1654, 3652, 8729, 19894]...: 20548262: ACCEPTED IN 38 TRIES, (AVG 540743.7368421053)
[1, 4, 10, 23, 57, 132, 301, 701, 1654, 3652, 8729, 19915]...: 8641997: ACCEPTED IN 16 TRIES, (AVG 540124.8125)
[1, 4, 10, 23, 57, 132, 301, 701, 1654, 3652, 8729, 19923]...: 10808482: ACCEPTED IN 20 TRIES, (AVG 540424.1)
[1, 4, 10, 23, 57, 132, 301, 701, 1654, 3652, 8729, 19927]...: 9726320: ACCEPTED IN 18 TRIES, (AVG 540351.1111111111)
[1, 4, 10, 23, 57, 132, 301, 701, 1654, 3652, 8729, 19952]...: 8644335: ACCEPTED IN 16 TRIES, (AVG 540270.9375)
[1, 4, 10, 23, 57, 132, 301, 701, 1654, 3652, 8729, 19973]...: 8102976: ACCEPTED IN 15 TRIES, (AVG 540198.4)
[1, 4, 10, 23, 57, 132, 301, 701, 1654, 3652, 8729, 19977]...: 11348087: ACCEPTED IN 21 TRIES, (AVG 540385.0952380953)
[1, 4, 10, 23, 57, 132, 301, 701, 1654, 3652, 8729, 19989]...: 11889060: ACCEPTED IN 22 TRIES, (AVG 540411.8181818182)
[1, 4, 10, 23, 57, 132, 301, 701, 1654, 3652, 8729, 20010]...: 24877696: ACCEPTED IN 46 TRIES, (AVG 540819.4782608695)
[1, 4, 10, 23, 57, 132, 301, 701, 1654, 3652, 8729, 20014]...: 15678116: ACCEPTED IN 29 TRIES, (AVG 540624.6896551724)
[1, 4, 10, 23, 57, 132, 301, 701, 1654, 3652, 8729, 20018]...: 8642887: ACCEPTED IN 16 TRIES, (AVG 540180.4375)
[1, 4, 10, 23, 57, 132, 301, 701, 1654, 3652, 8729, 20022]...: 7561708: ACCEPTED IN 14 TRIES, (AVG 540122.0)
[1, 4, 10, 23, 57, 132, 301, 701, 1654, 3652, 8729, 20026]...: 12431283: ACCEPTED IN 23 TRIES, (AVG 540490.5652173914)
[1, 4, 10, 23, 57, 132, 301, 701, 1654, 3652, 8729, 20047]...: 7561365: ACCEPTED IN 14 TRIES, (AVG 540097.5)
[1, 4, 10, 23, 57, 132, 301, 701, 1654, 3652, 8729, 20055]...: 9184979: ACCEPTED IN 17 TRIES, (AVG 540292.8823529412)
[1, 4, 10, 23, 57, 132, 301, 701, 1654, 3652, 8729, 20059]...: 14054726: ACCEPTED IN 26 TRIES, (AVG 540566.3846153846)
[1, 4, 10, 23, 57, 132, 301, 701, 1654, 3652, 8729, 20084]...: 5394584: ACCEPTED IN 10 TRIES, (AVG 539458.4)
[1, 4, 10, 23, 57, 132, 301, 701, 1654, 3652, 8729, 20096]...: 11890282: ACCEPTED IN 22 TRIES, (AVG 540467.3636363636)
[1, 4, 10, 23, 57, 132, 301, 701, 1654, 3652, 8729, 20109]...: 9726278: ACCEPTED IN 18 TRIES, (AVG 540348.7777777778)
[1, 4, 10, 23, 57, 132, 301, 701, 1654, 3652, 8729, 20121]...: 14596613: ACCEPTED IN 27 TRIES, (AVG 540615.2962962963)
[1, 4, 10, 23, 57, 132, 301, 701, 1654, 3652, 8729, 20142]...: 12970794: ACCEPTED IN 24 TRIES, (AVG 540449.75)
[1, 4, 10, 23, 57, 132, 301, 701, 1654, 3652, 8729, 20146]...: 4854397: ACCEPTED IN 9 TRIES, (AVG 539377.4444444445)
[1, 4, 10, 23, 57, 132, 301, 701, 1654, 3652, 8729, 20150]...: 7561064: ACCEPTED IN 14 TRIES, (AVG 540076.0)
[1, 4, 10, 23, 57, 132, 301, 701, 1654, 3652, 8729, 20158]...: 14596176: ACCEPTED IN 27 TRIES, (AVG 540599.1111111111)
[1, 4, 10, 23, 57, 132, 301, 701, 1654, 3652, 8729, 20179]...: 9724698: ACCEPTED IN 18 TRIES, (AVG 540261.0)
[1, 4, 10, 23, 57, 132, 301, 701, 1654, 3652, 8729, 20187]...: 5396724: ACCEPTED IN 10 TRIES, (AVG 539672.4)
[1, 4, 10, 23, 57, 132, 301, 701, 1654, 3652, 8729, 20191]...: 12971443: ACCEPTED IN 24 TRIES, (AVG 540476.7916666666)
[1, 4, 10, 23, 57, 132, 301, 701, 1654, 3652, 8729, 20195]...: 14596380: ACCEPTED IN 27 TRIES, (AVG 540606.6666666666)
[1, 4, 10, 23, 57, 132, 301, 701, 1654, 3652, 8729, 20216]...: 7561173: ACCEPTED IN 14 TRIES, (AVG 540083.7857142857)
[1, 4, 10, 23, 57, 132, 301, 701, 1654, 3652, 8729, 20228]...: 13514501: ACCEPTED IN 25 TRIES, (AVG 540580.04)
[1, 4, 10, 23, 57, 132, 301, 701, 1654, 3652, 8729, 20241]...: 7561386: ACCEPTED IN 14 TRIES, (AVG 540099.0)
[1, 4, 10, 23, 57, 132, 301, 701, 1654, 3652, 8729, 20253]...: 5396084: ACCEPTED IN 10 TRIES, (AVG 539608.4)
[1, 4, 10, 23, 57, 132, 301, 701, 1654, 3652, 8729, 20274]...: 7561323: ACCEPTED IN 14 TRIES, (AVG 540094.5)
[1, 4, 10, 23, 57, 132, 301, 701, 1654, 3652, 8729, 20278]...: 15135981: ACCEPTED IN 28 TRIES, (AVG 540570.75)
[1, 4, 10, 23, 57, 132, 301, 701, 1654, 3652, 8729, 20282]...: 14596825: ACCEPTED IN 27 TRIES, (AVG 540623.1481481482)
[1, 4, 10, 23, 57, 132, 301, 701, 1654, 3652, 8729, 20290]...: 6479130: ACCEPTED IN 12 TRIES, (AVG 539927.5)
[1, 4, 10, 23, 57, 132, 301, 701, 1654, 3652, 8729, 20311]...: 7020496: ACCEPTED IN 13 TRIES, (AVG 540038.1538461539)
[1, 4, 10, 23, 57, 132, 301, 701, 1654, 3652, 8729, 20315]...: 4315074: ACCEPTED IN 8 TRIES, (AVG 539384.25)
[1, 4, 10, 23, 57, 132, 301, 701, 1654, 3652, 8729, 20319]...: 8102002: ACCEPTED IN 15 TRIES, (AVG 540133.4666666667)
[1, 4, 10, 23, 57, 132, 301, 701, 1654, 3652, 8729, 20323]...: 7561209: ACCEPTED IN 14 TRIES, (AVG 540086.3571428572)
[1, 4, 10, 23, 57, 132, 301, 701, 1654, 3652, 8729, 20327]...: 7559427: ACCEPTED IN 14 TRIES, (AVG 539959.0714285715)
[1, 4, 10, 23, 57, 132, 301, 701, 1654, 3652, 8729, 20348]...: 7561219: ACCEPTED IN 14 TRIES, (AVG 540087.0714285715)
[1, 4, 10, 23, 57, 132, 301, 701, 1654, 3652, 8729, 20360]...: 12431892: ACCEPTED IN 23 TRIES, (AVG 540517.0434782609)
[1, 4, 10, 23, 57, 132, 301, 701, 1654, 3652, 8729, 20373]...: 9726421: ACCEPTED IN 18 TRIES, (AVG 540356.7222222222)
[1, 4, 10, 23, 57, 132, 301, 701, 1654, 3652, 8729, 20385]...: 5395098: ACCEPTED IN 10 TRIES, (AVG 539509.8)
[1, 4, 10, 23, 57, 132, 301, 701, 1654, 3652, 8729, 20402]...: 9725667: ACCEPTED IN 18 TRIES, (AVG 540314.8333333334)
[1, 4, 10, 23, 57, 132, 301, 701, 1654, 3652, 8729, 20410]...: 11891185: ACCEPTED IN 22 TRIES, (AVG 540508.4090909091)
[1, 4, 10, 23, 57, 132, 301, 701, 1654, 3652, 8729, 20414]...: 10267534: ACCEPTED IN 19 TRIES, (AVG 540396.5263157894)
[1, 4, 10, 23, 57, 132, 301, 701, 1654, 3652, 8729, 20422]...: 15137593: ACCEPTED IN 28 TRIES, (AVG 540628.3214285715)
[1, 4, 10, 23, 57, 132, 301, 701, 1654, 3652, 8729, 20443]...: 11349188: ACCEPTED IN 21 TRIES, (AVG 540437.5238095238)
[1, 4, 10, 23, 57, 132, 301, 701, 1654, 3652, 8729, 20447]...: 5397184: ACCEPTED IN 10 TRIES, (AVG 539718.4)
[1, 4, 10, 23, 57, 132, 301, 701, 1654, 3652, 8729, 20451]...: 10265452: ACCEPTED IN 19 TRIES, (AVG 540286.947368421)
[1, 4, 10, 23, 57, 132, 301, 701, 1654, 3652, 8729, 20455]...: 17843207: ACCEPTED IN 33 TRIES, (AVG 540703.2424242424)
[1, 4, 10, 23, 57, 132, 301, 701, 1654, 3652, 8729, 20459]...: 9185458: ACCEPTED IN 17 TRIES, (AVG 540321.0588235294)
[1, 4, 10, 23, 57, 132, 301, 701, 1654, 3652, 8729, 20480]...: 12429534: ACCEPTED IN 23 TRIES, (AVG 540414.5217391305)
[1, 4, 10, 23, 57, 132, 301, 701, 1654, 3652, 8729, 20492]...: 10808598: ACCEPTED IN 20 TRIES, (AVG 540429.9)
[1, 4, 10, 23, 57, 132, 301, 701, 1654, 3652, 8729, 20496]...: 9724271: ACCEPTED IN 18 TRIES, (AVG 540237.2777777778)
[1, 4, 10, 23, 57, 132, 301, 701, 1654, 3652, 8729, 20534]...: 7560831: ACCEPTED IN 14 TRIES, (AVG 540059.3571428572)
[1, 4, 10, 23, 57, 132, 301, 701, 1654, 3652, 8729, 20542]...: 8103044: ACCEPTED IN 15 TRIES, (AVG 540202.9333333333)
[1, 4, 10, 23, 57, 132, 301, 701, 1654, 3652, 8729, 20546]...: 9725305: ACCEPTED IN 18 TRIES, (AVG 540294.7222222222)
[1, 4, 10, 23, 57, 132, 301, 701, 1654, 3652, 8729, 20554]...: 15677226: ACCEPTED IN 29 TRIES, (AVG 540594.0)
[1, 4, 10, 23, 57, 132, 301, 701, 1654, 3652, 8729, 20575]...: 9182074: ACCEPTED IN 17 TRIES, (AVG 540122.0)
[1, 4, 10, 23, 57, 132, 301, 701, 1654, 3652, 8729, 20579]...: 8102339: ACCEPTED IN 15 TRIES, (AVG 540155.9333333333)
[1, 4, 10, 23, 57, 132, 301, 701, 1654, 3652, 8729, 20583]...: 10808335: ACCEPTED IN 20 TRIES, (AVG 540416.75)
[1, 4, 10, 23, 57, 132, 301, 701, 1654, 3652, 8729, 20587]...: 9185370: ACCEPTED IN 17 TRIES, (AVG 540315.8823529412)
[1, 4, 10, 23, 57, 132, 301, 701, 1654, 3652, 8729, 20591]...: 10808667: ACCEPTED IN 20 TRIES, (AVG 540433.35)
[1, 4, 10, 23, 57, 132, 301, 701, 1654, 3652, 8729, 20612]...: 10808897: ACCEPTED IN 20 TRIES, (AVG 540444.85)
[1, 4, 10, 23, 57, 132, 301, 701, 1654, 3652, 8729, 20616]...: 8102795: ACCEPTED IN 15 TRIES, (AVG 540186.3333333334)
[1, 4, 10, 23, 57, 132, 301, 701, 1654, 3652, 8729, 20624]...: 7560823: ACCEPTED IN 14 TRIES, (AVG 540058.7857142857)
[1, 4, 10, 23, 57, 132, 301, 701, 1654, 3652, 8729, 20628]...: 11890047: ACCEPTED IN 22 TRIES, (AVG 540456.6818181818)
[1, 4, 10, 23, 57, 132, 301, 701, 1654, 3652, 8729, 20666]...: 8101741: ACCEPTED IN 15 TRIES, (AVG 540116.0666666667)
[1, 4, 10, 23, 57, 132, 301, 701, 1654, 3652, 8729, 20674]...: 9184118: ACCEPTED IN 17 TRIES, (AVG 540242.2352941176)
[1, 4, 10, 23, 57, 132, 301, 701, 1654, 3652, 8729, 20678]...: 12972035: ACCEPTED IN 24 TRIES, (AVG 540501.4583333334)
[1, 4, 10, 23, 57, 132, 301, 701, 1654, 3652, 8729, 20686]...: 9726159: ACCEPTED IN 18 TRIES, (AVG 540342.1666666666)
[1, 4, 10, 23, 57, 132, 301, 701, 1654, 3652, 8729, 20703]...: 7560877: ACCEPTED IN 14 TRIES, (AVG 540062.6428571428)
[1, 4, 10, 23, 57, 132, 301, 701, 1654, 3652, 8729, 20707]...: 4855034: ACCEPTED IN 9 TRIES, (AVG 539448.2222222222)
[1, 4, 10, 23, 57, 132, 301, 701, 1654, 3652, 8729, 20711]...: 14595220: ACCEPTED IN 27 TRIES, (AVG 540563.7037037037)
[1, 4, 10, 23, 57, 132, 301, 701, 1654, 3652, 8729, 20715]...: 9184718: ACCEPTED IN 17 TRIES, (AVG 540277.5294117647)
[1, 4, 10, 23, 57, 132, 301, 701, 1654, 3652, 8729, 20719]...: 16760940: ACCEPTED IN 31 TRIES, (AVG 540675.4838709678)
[1, 4, 10, 23, 57, 132, 301, 701, 1654, 3652, 8729, 20723]...: 10266537: ACCEPTED IN 19 TRIES, (AVG 540344.052631579)
[1, 4, 10, 23, 57, 132, 301, 701, 1654, 3652, 8729, 20744]...: 12973134: ACCEPTED IN 24 TRIES, (AVG 540547.25)
[1, 4, 10, 23, 57, 132, 301, 701, 1654, 3652, 8729, 20748]...: 4314814: ACCEPTED IN 8 TRIES, (AVG 539351.75)
[1, 4, 10, 23, 57, 132, 301, 701, 1654, 3652, 8729, 20756]...: 12431818: ACCEPTED IN 23 TRIES, (AVG 540513.8260869565)
[1, 4, 10, 23, 57, 132, 301, 701, 1654, 3652, 8729, 20760]...: 6478876: ACCEPTED IN 12 TRIES, (AVG 539906.3333333334)
[1, 4, 10, 23, 57, 132, 301, 701, 1654, 3652, 8729, 20797]...: 9185532: ACCEPTED IN 17 TRIES, (AVG 540325.4117647059)
[1, 4, 10, 23, 57, 132, 301, 701, 1654, 3652, 8729, 20798]...: 5396704: ACCEPTED IN 10 TRIES, (AVG 539670.4)
[1, 4, 10, 23, 57, 132, 301, 701, 1654, 3652, 8729, 20810]...: 18925937: ACCEPTED IN 35 TRIES, (AVG 540741.0571428571)
[1, 4, 10, 23, 57, 132, 301, 701, 1654, 3652, 8729, 20835]...: 9725956: ACCEPTED IN 18 TRIES, (AVG 540330.8888888889)
[1, 4, 10, 23, 57, 132, 301, 701, 1654, 3652, 8729, 20839]...: 4854492: ACCEPTED IN 9 TRIES, (AVG 539388.0)
[1, 4, 10, 23, 57, 132, 301, 701, 1654, 3652, 8729, 20843]...: 8643110: ACCEPTED IN 16 TRIES, (AVG 540194.375)
[1, 4, 10, 23, 57, 132, 301, 701, 1654, 3652, 8729, 20847]...: 8644293: ACCEPTED IN 16 TRIES, (AVG 540268.3125)
[1, 4, 10, 23, 57, 132, 301, 701, 1654, 3652, 8729, 20851]...: 11349661: ACCEPTED IN 21 TRIES, (AVG 540460.0476190476)
[1, 4, 10, 23, 57, 132, 301, 701, 1654, 3652, 8729, 20855]...: 7560838: ACCEPTED IN 14 TRIES, (AVG 540059.8571428572)
[1, 4, 10, 23, 57, 132, 301, 701, 1654, 3652, 8729, 20876]...: 5394982: ACCEPTED IN 10 TRIES, (AVG 539498.2)
[1, 4, 10, 23, 57, 132, 301, 701, 1654, 3652, 8729, 20880]...: 7560561: ACCEPTED IN 14 TRIES, (AVG 540040.0714285715)
[1, 4, 10, 23, 57, 132, 301, 701, 1654, 3652, 8729, 20888]...: 5397573: ACCEPTED IN 10 TRIES, (AVG 539757.3)
[1, 4, 10, 23, 57, 132, 301, 701, 1654, 3652, 8729, 20892]...: 9185328: ACCEPTED IN 17 TRIES, (AVG 540313.4117647059)
[1, 4, 10, 23, 57, 132, 301, 701, 1654, 3652, 8729, 20917]...: 6479470: ACCEPTED IN 12 TRIES, (AVG 539955.8333333334)
[1, 4, 10, 23, 57, 132, 301, 701, 1654, 3652, 8729, 20929]...: 7560979: ACCEPTED IN 14 TRIES, (AVG 540069.9285714285)
[1, 4, 10, 23, 57, 132, 301, 701, 1654, 3652, 8729, 20930]...: 8644334: ACCEPTED IN 16 TRIES, (AVG 540270.875)
[1, 4, 10, 23, 57, 132, 301, 701, 1654, 3652, 8729, 20942]...: 8099660: ACCEPTED IN 15 TRIES, (AVG 539977.3333333334)
