[1, 4, 10, 23, 57, 132, 301, 701, 1654, 3652, 8630, 18987]...: 34076496: ACCEPTED IN 63 TRIES, (AVG 540896.7619047619)
[1, 4, 10, 23, 57, 132, 301, 701, 1654, 3652, 8630, 18991]...: 57346351: ACCEPTED IN 106 TRIES, (AVG 541003.3113207547)
[1, 4, 10, 23, 57, 132, 301, 701, 1654, 3652, 8630, 18995]...: 22172239: ACCEPTED IN 41 TRIES, (AVG 540786.3170731707)
[1, 4, 10, 23, 57, 132, 301, 701, 1654, 3652, 8630, 19024]...: 24878120: ACCEPTED IN 46 TRIES, (AVG 540828.695652174)
[1, 4, 10, 23, 57, 132, 301, 701, 1654, 3652, 8630, 19078]...: 18924993: ACCEPTED IN 35 TRIES, (AVG 540714.0857142857)
[1, 4, 10, 23, 57, 132, 301, 701, 1654, 3652, 8630, 19090]...: 37321254: ACCEPTED IN 69 TRIES, (AVG 540887.7391304348)
[1, 4, 10, 23, 57, 132, 301, 701, 1654, 3652, 8630, 19115]...: 21087364: ACCEPTED IN 39 TRIES, (AVG 540701.641025641)
[1, 4, 10, 23, 57, 132, 301, 701, 1654, 3652, 8630, 19119]...: 24336411: ACCEPTED IN 45 TRIES, (AVG 540809.1333333333)
[1, 4, 10, 23, 57, 132, 301, 701, 1654, 3652, 8630, 19127]...: 11889960: ACCEPTED IN 22 TRIES, (AVG 540452.7272727273)
[1, 4, 10, 23, 57, 132, 301, 701, 1654, 3652, 8630, 19152]...: 21088357: ACCEPTED IN 39 TRIES, (AVG 540727.1025641026)
[1, 4, 10, 23, 57, 132, 301, 701, 1654, 3652, 8630, 19156]...: 28665671: ACCEPTED IN 53 TRIES, (AVG 540861.716981132)
[1, 4, 10, 23, 57, 132, 301, 701, 1654, 3652, 8630, 19193]...: 24337256: ACCEPTED IN 45 TRIES, (AVG 540827.911111111)
[1, 4, 10, 23, 57, 132, 301, 701, 1654, 3652, 8630, 19210]...: 28124138: ACCEPTED IN 52 TRIES, (AVG 540848.8076923077)
[1, 4, 10, 23, 57, 132, 301, 701, 1654, 3652, 8630, 19222]...: 20549285: ACCEPTED IN 38 TRIES, (AVG 540770.6578947369)
[1, 4, 10, 23, 57, 132, 301, 701, 1654, 3652, 8630, 19247]...: 24878453: ACCEPTED IN 46 TRIES, (AVG 540835.9347826086)
[1, 4, 10, 23, 57, 132, 301, 701, 1654, 3652, 8630, 19251]...: 47606123: ACCEPTED IN 88 TRIES, (AVG 540978.6704545454)
[1, 4, 10, 23, 57, 132, 301, 701, 1654, 3652, 8630, 19259]...: 35700703: ACCEPTED IN 66 TRIES, (AVG 540919.7424242424)
[1, 4, 10, 23, 57, 132, 301, 701, 1654, 3652, 8630, 19284]...: 28122824: ACCEPTED IN 52 TRIES, (AVG 540823.5384615385)
[1, 4, 10, 23, 57, 132, 301, 701, 1654, 3652, 8630, 19288]...: 18383967: ACCEPTED IN 34 TRIES, (AVG 540704.9117647059)
[1, 4, 10, 23, 57, 132, 301, 701, 1654, 3652, 8630, 19292]...: 15678366: ACCEPTED IN 29 TRIES, (AVG 540633.3103448276)
[1, 4, 10, 23, 57, 132, 301, 701, 1654, 3652, 8630, 19325]...: 28121910: ACCEPTED IN 52 TRIES, (AVG 540805.9615384615)
[1, 4, 10, 23, 57, 132, 301, 701, 1654, 3652, 8630, 19342]...: 40570817: ACCEPTED IN 75 TRIES, (AVG 540944.2266666667)
[1, 4, 10, 23, 57, 132, 301, 701, 1654, 3652, 8630, 19379]...: 29207135: ACCEPTED IN 54 TRIES, (AVG 540872.8703703703)
[1, 4, 10, 23, 57, 132, 301, 701, 1654, 3652, 8630, 19383]...: 35699462: ACCEPTED IN 66 TRIES, (AVG 540900.9393939395)
[1, 4, 10, 23, 57, 132, 301, 701, 1654, 3652, 8630, 19391]...: 38946696: ACCEPTED IN 72 TRIES, (AVG 540926.3333333334)
[1, 4, 10, 23, 57, 132, 301, 701, 1654, 3652, 8630, 19416]...: 9724517: ACCEPTED IN 18 TRIES, (AVG 540250.9444444445)
[1, 4, 10, 23, 57, 132, 301, 701, 1654, 3652, 8630, 19420]...: 24877786: ACCEPTED IN 46 TRIES, (AVG 540821.4347826086)
[1, 4, 10, 23, 57, 132, 301, 701, 1654, 3652, 8630, 19424]...: 20006422: ACCEPTED IN 37 TRIES, (AVG 540714.1081081082)
[1, 4, 10, 23, 57, 132, 301, 701, 1654, 3652, 8630, 19453]...: 8101932: ACCEPTED IN 15 TRIES, (AVG 540128.8)
[1, 4, 10, 23, 57, 132, 301, 701, 1654, 3652, 8630, 19457]...: 28666059: ACCEPTED IN 53 TRIES, (AVG 540869.037735849)
[1, 4, 10, 23, 57, 132, 301, 701, 1654, 3652, 8630, 19474]...: 29207208: ACCEPTED IN 54 TRIES, (AVG 540874.2222222222)
[1, 4, 10, 23, 57, 132, 301, 701, 1654, 3652, 8630, 19494]...: 12972275: ACCEPTED IN 24 TRIES, (AVG 540511.4583333334)
[1, 4, 10, 23, 57, 132, 301, 701, 1654, 3652, 8630, 19511]...: 27041749: ACCEPTED IN 50 TRIES, (AVG 540834.98)
[1, 4, 10, 23, 57, 132, 301, 701, 1654, 3652, 8630, 19515]...: 12432230: ACCEPTED IN 23 TRIES, (AVG 540531.7391304348)
[1, 4, 10, 23, 57, 132, 301, 701, 1654, 3652, 8630, 19523]...: 37323639: ACCEPTED IN 69 TRIES, (AVG 540922.304347826)
[1, 4, 10, 23, 57, 132, 301, 701, 1654, 3652, 8630, 19548]...: 20007188: ACCEPTED IN 37 TRIES, (AVG 540734.8108108108)
[1, 4, 10, 23, 57, 132, 301, 701, 1654, 3652, 8630, 19552]...: 17300650: ACCEPTED IN 32 TRIES, (AVG 540645.3125)
[1, 4, 10, 23, 57, 132, 301, 701, 1654, 3652, 8630, 19585]...: 35158291: ACCEPTED IN 65 TRIES, (AVG 540896.7846153846)
[1, 4, 10, 23, 57, 132, 301, 701, 1654, 3652, 8630, 19589]...: 37321685: ACCEPTED IN 69 TRIES, (AVG 540893.9855072463)
[1, 4, 10, 23, 57, 132, 301, 701, 1654, 3652, 8630, 19593]...: 22172708: ACCEPTED IN 41 TRIES, (AVG 540797.756097561)
[1, 4, 10, 23, 57, 132, 301, 701, 1654, 3652, 8630, 19626]...: 16760236: ACCEPTED IN 31 TRIES, (AVG 540652.7741935484)
[1, 4, 10, 23, 57, 132, 301, 701, 1654, 3652, 8630, 19643]...: 23795200: ACCEPTED IN 44 TRIES, (AVG 540800.0)
[1, 4, 10, 23, 57, 132, 301, 701, 1654, 3652, 8630, 19647]...: 12430197: ACCEPTED IN 23 TRIES, (AVG 540443.3478260869)
[1, 4, 10, 23, 57, 132, 301, 701, 1654, 3652, 8630, 19680]...: 34618538: ACCEPTED IN 64 TRIES, (AVG 540914.65625)
[1, 4, 10, 23, 57, 132, 301, 701, 1654, 3652, 8630, 19684]...: 15678453: ACCEPTED IN 29 TRIES, (AVG 540636.3103448276)
[1, 4, 10, 23, 57, 132, 301, 701, 1654, 3652, 8630, 19688]...: 27042202: ACCEPTED IN 50 TRIES, (AVG 540844.04)
[1, 4, 10, 23, 57, 132, 301, 701, 1654, 3652, 8630, 19692]...: 14596651: ACCEPTED IN 27 TRIES, (AVG 540616.7037037037)
[1, 4, 10, 23, 57, 132, 301, 701, 1654, 3652, 8630, 19717]...: 27583412: ACCEPTED IN 51 TRIES, (AVG 540851.2156862745)
[1, 4, 10, 23, 57, 132, 301, 701, 1654, 3652, 8630, 19721]...: 10266879: ACCEPTED IN 19 TRIES, (AVG 540362.052631579)
[1, 4, 10, 23, 57, 132, 301, 701, 1654, 3652, 8630, 19725]...: 36241348: ACCEPTED IN 67 TRIES, (AVG 540915.6417910447)
[1, 4, 10, 23, 57, 132, 301, 701, 1654, 3652, 8630, 19758]...: 23796142: ACCEPTED IN 44 TRIES, (AVG 540821.4090909091)
[1, 4, 10, 23, 57, 132, 301, 701, 1654, 3652, 8630, 19775]...: 24335255: ACCEPTED IN 45 TRIES, (AVG 540783.4444444445)
[1, 4, 10, 23, 57, 132, 301, 701, 1654, 3652, 8630, 19779]...: 12431101: ACCEPTED IN 23 TRIES, (AVG 540482.6521739131)
[1, 4, 10, 23, 57, 132, 301, 701, 1654, 3652, 8630, 19812]...: 21089099: ACCEPTED IN 39 TRIES, (AVG 540746.1282051282)
[1, 4, 10, 23, 57, 132, 301, 701, 1654, 3652, 8630, 19816]...: 12972130: ACCEPTED IN 24 TRIES, (AVG 540505.4166666666)
[1, 4, 10, 23, 57, 132, 301, 701, 1654, 3652, 8630, 19820]...: 19467001: ACCEPTED IN 36 TRIES, (AVG 540750.0277777778)
[1, 4, 10, 23, 57, 132, 301, 701, 1654, 3652, 8630, 19824]...: 13514403: ACCEPTED IN 25 TRIES, (AVG 540576.12)
[1, 4, 10, 23, 57, 132, 301, 701, 1654, 3652, 8630, 19849]...: 12973145: ACCEPTED IN 24 TRIES, (AVG 540547.7083333334)
[1, 4, 10, 23, 57, 132, 301, 701, 1654, 3652, 8630, 19853]...: 10807779: ACCEPTED IN 20 TRIES, (AVG 540388.95)
[1, 4, 10, 23, 57, 132, 301, 701, 1654, 3652, 8630, 19857]...: 10808599: ACCEPTED IN 20 TRIES, (AVG 540429.95)
[1, 4, 10, 23, 57, 132, 301, 701, 1654, 3652, 8630, 19890]...: 14055268: ACCEPTED IN 26 TRIES, (AVG 540587.2307692308)
[1, 4, 10, 23, 57, 132, 301, 701, 1654, 3652, 8630, 19894]...: 24336357: ACCEPTED IN 45 TRIES, (AVG 540807.9333333333)
[1, 4, 10, 23, 57, 132, 301, 701, 1654, 3652, 8630, 19911]...: 15135967: ACCEPTED IN 28 TRIES, (AVG 540570.25)
[1, 4, 10, 23, 57, 132, 301, 701, 1654, 3652, 8630, 19944]...: 24336893: ACCEPTED IN 45 TRIES, (AVG 540819.8444444444)
[1, 4, 10, 23, 57, 132, 301, 701, 1654, 3652, 8630, 19948]...: 20548604: ACCEPTED IN 38 TRIES, (AVG 540752.7368421053)
[1, 4, 10, 23, 57, 132, 301, 701, 1654, 3652, 8630, 19952]...: 22170056: ACCEPTED IN 41 TRIES, (AVG 540733.0731707317)
[1, 4, 10, 23, 57, 132, 301, 701, 1654, 3652, 8630, 19981]...: 20007057: ACCEPTED IN 37 TRIES, (AVG 540731.2702702703)
[1, 4, 10, 23, 57, 132, 301, 701, 1654, 3652, 8630, 19985]...: 21089844: ACCEPTED IN 39 TRIES, (AVG 540765.2307692308)
[1, 4, 10, 23, 57, 132, 301, 701, 1654, 3652, 8630, 19989]...: 32453629: ACCEPTED IN 60 TRIES, (AVG 540893.8166666667)
[1, 4, 10, 23, 57, 132, 301, 701, 1654, 3652, 8630, 19993]...: 26501729: ACCEPTED IN 49 TRIES, (AVG 540851.612244898)
[1, 4, 10, 23, 57, 132, 301, 701, 1654, 3652, 8630, 20018]...: 20006077: ACCEPTED IN 37 TRIES, (AVG 540704.7837837838)
[1, 4, 10, 23, 57, 132, 301, 701, 1654, 3652, 8630, 20022]...: 12972635: ACCEPTED IN 24 TRIES, (AVG 540526.4583333334)
[1, 4, 10, 23, 57, 132, 301, 701, 1654, 3652, 8630, 20026]...: 24877328: ACCEPTED IN 46 TRIES, (AVG 540811.4782608695)
[1, 4, 10, 23, 57, 132, 301, 701, 1654, 3652, 8630, 20043]...: 22171795: ACCEPTED IN 41 TRIES, (AVG 540775.487804878)
[1, 4, 10, 23, 57, 132, 301, 701, 1654, 3652, 8630, 20076]...: 12431853: ACCEPTED IN 23 TRIES, (AVG 540515.3478260869)
[1, 4, 10, 23, 57, 132, 301, 701, 1654, 3652, 8630, 20080]...: 21090318: ACCEPTED IN 39 TRIES, (AVG 540777.3846153846)
[1, 4, 10, 23, 57, 132, 301, 701, 1654, 3652, 8630, 20084]...: 9726244: ACCEPTED IN 18 TRIES, (AVG 540346.8888888889)
[1, 4, 10, 23, 57, 132, 301, 701, 1654, 3652, 8630, 20113]...: 11349546: ACCEPTED IN 21 TRIES, (AVG 540454.5714285715)
[1, 4, 10, 23, 57, 132, 301, 701, 1654, 3652, 8630, 20117]...: 12973135: ACCEPTED IN 24 TRIES, (AVG 540547.2916666666)
[1, 4, 10, 23, 57, 132, 301, 701, 1654, 3652, 8630, 20121]...: 11890961: ACCEPTED IN 22 TRIES, (AVG 540498.2272727273)
[1, 4, 10, 23, 57, 132, 301, 701, 1654, 3652, 8630, 20125]...: 18384814: ACCEPTED IN 34 TRIES, (AVG 540729.8235294118)
[1, 4, 10, 23, 57, 132, 301, 701, 1654, 3652, 8630, 20150]...: 21089685: ACCEPTED IN 39 TRIES, (AVG 540761.1538461539)
[1, 4, 10, 23, 57, 132, 301, 701, 1654, 3652, 8630, 20154]...: 21090156: ACCEPTED IN 39 TRIES, (AVG 540773.2307692308)
[1, 4, 10, 23, 57, 132, 301, 701, 1654, 3652, 8630, 20158]...: 8644092: ACCEPTED IN 16 TRIES, (AVG 540255.75)
[1, 4, 10, 23, 57, 132, 301, 701, 1654, 3652, 8630, 20175]...: 11890944: ACCEPTED IN 22 TRIES, (AVG 540497.4545454546)
[1, 4, 10, 23, 57, 132, 301, 701, 1654, 3652, 8630, 20195]...: 22172127: ACCEPTED IN 41 TRIES, (AVG 540783.5853658536)
[1, 4, 10, 23, 57, 132, 301, 701, 1654, 3652, 8630, 20204]...: 12969838: ACCEPTED IN 24 TRIES, (AVG 540409.9166666666)
[1, 4, 10, 23, 57, 132, 301, 701, 1654, 3652, 8630, 20212]...: 21089924: ACCEPTED IN 39 TRIES, (AVG 540767.282051282)
[1, 4, 10, 23, 57, 132, 301, 701, 1654, 3652, 8630, 20216]...: 18924513: ACCEPTED IN 35 TRIES, (AVG 540700.3714285714)
[1, 4, 10, 23, 57, 132, 301, 701, 1654, 3652, 8630, 20245]...: 12432180: ACCEPTED IN 23 TRIES, (AVG 540529.5652173914)
[1, 4, 10, 23, 57, 132, 301, 701, 1654, 3652, 8630, 20249]...: 11349536: ACCEPTED IN 21 TRIES, (AVG 540454.0952380953)
[1, 4, 10, 23, 57, 132, 301, 701, 1654, 3652, 8630, 20253]...: 15136986: ACCEPTED IN 28 TRIES, (AVG 540606.6428571428)
[1, 4, 10, 23, 57, 132, 301, 701, 1654, 3652, 8630, 20257]...: 9724416: ACCEPTED IN 18 TRIES, (AVG 540245.3333333334)
[1, 4, 10, 23, 57, 132, 301, 701, 1654, 3652, 8630, 20282]...: 17842403: ACCEPTED IN 33 TRIES, (AVG 540678.8787878788)
[1, 4, 10, 23, 57, 132, 301, 701, 1654, 3652, 8630, 20286]...: 9725686: ACCEPTED IN 18 TRIES, (AVG 540315.8888888889)
[1, 4, 10, 23, 57, 132, 301, 701, 1654, 3652, 8630, 20290]...: 20005975: ACCEPTED IN 37 TRIES, (AVG 540702.027027027)
[1, 4, 10, 23, 57, 132, 301, 701, 1654, 3652, 8630, 20294]...: 33534834: ACCEPTED IN 62 TRIES, (AVG 540884.4193548387)
[1, 4, 10, 23, 57, 132, 301, 701, 1654, 3652, 8630, 20319]...: 12431039: ACCEPTED IN 23 TRIES, (AVG 540479.9565217391)
[1, 4, 10, 23, 57, 132, 301, 701, 1654, 3652, 8630, 20327]...: 19464484: ACCEPTED IN 36 TRIES, (AVG 540680.1111111111)
[1, 4, 10, 23, 57, 132, 301, 701, 1654, 3652, 8630, 20336]...: 12431340: ACCEPTED IN 23 TRIES, (AVG 540493.0434782609)
[1, 4, 10, 23, 57, 132, 301, 701, 1654, 3652, 8630, 20344]...: 24336561: ACCEPTED IN 45 TRIES, (AVG 540812.4666666667)
[1, 4, 10, 23, 57, 132, 301, 701, 1654, 3652, 8630, 20348]...: 22172138: ACCEPTED IN 41 TRIES, (AVG 540783.8536585366)
[1, 4, 10, 23, 57, 132, 301, 701, 1654, 3652, 8630, 20377]...: 21090440: ACCEPTED IN 39 TRIES, (AVG 540780.5128205129)
[1, 4, 10, 23, 57, 132, 301, 701, 1654, 3652, 8630, 20381]...: 10265940: ACCEPTED IN 19 TRIES, (AVG 540312.6315789474)
[1, 4, 10, 23, 57, 132, 301, 701, 1654, 3652, 8630, 20385]...: 12973345: ACCEPTED IN 24 TRIES, (AVG 540556.0416666666)
[1, 4, 10, 23, 57, 132, 301, 701, 1654, 3652, 8630, 20389]...: 15137384: ACCEPTED IN 28 TRIES, (AVG 540620.8571428572)
[1, 4, 10, 23, 57, 132, 301, 701, 1654, 3652, 8630, 20414]...: 15678366: ACCEPTED IN 29 TRIES, (AVG 540633.3103448276)
[1, 4, 10, 23, 57, 132, 301, 701, 1654, 3652, 8630, 20418]...: 11890567: ACCEPTED IN 22 TRIES, (AVG 540480.3181818182)
[1, 4, 10, 23, 57, 132, 301, 701, 1654, 3652, 8630, 20422]...: 7560332: ACCEPTED IN 14 TRIES, (AVG 540023.7142857143)
[1, 4, 10, 23, 57, 132, 301, 701, 1654, 3652, 8630, 20426]...: 14055219: ACCEPTED IN 26 TRIES, (AVG 540585.3461538461)
[1, 4, 10, 23, 57, 132, 301, 701, 1654, 3652, 8630, 20451]...: 9724359: ACCEPTED IN 18 TRIES, (AVG 540242.1666666666)
[1, 4, 10, 23, 57, 132, 301, 701, 1654, 3652, 8630, 20459]...: 11890995: ACCEPTED IN 22 TRIES, (AVG 540499.7727272727)
[1, 4, 10, 23, 57, 132, 301, 701, 1654, 3652, 8630, 20468]...: 20547108: ACCEPTED IN 38 TRIES, (AVG 540713.3684210526)
[1, 4, 10, 23, 57, 132, 301, 701, 1654, 3652, 8630, 20476]...: 10267106: ACCEPTED IN 19 TRIES, (AVG 540374.0)
[1, 4, 10, 23, 57, 132, 301, 701, 1654, 3652, 8630, 20480]...: 19465805: ACCEPTED IN 36 TRIES, (AVG 540716.8055555555)
[1, 4, 10, 23, 57, 132, 301, 701, 1654, 3652, 8630, 20505]...: 12432266: ACCEPTED IN 23 TRIES, (AVG 540533.304347826)
[1, 4, 10, 23, 57, 132, 301, 701, 1654, 3652, 8630, 20509]...: 9726581: ACCEPTED IN 18 TRIES, (AVG 540365.6111111111)
[1, 4, 10, 23, 57, 132, 301, 701, 1654, 3652, 8630, 20513]...: 25960398: ACCEPTED IN 48 TRIES, (AVG 540841.625)
[1, 4, 10, 23, 57, 132, 301, 701, 1654, 3652, 8630, 20517]...: 11891138: ACCEPTED IN 22 TRIES, (AVG 540506.2727272727)
[1, 4, 10, 23, 57, 132, 301, 701, 1654, 3652, 8630, 20546]...: 15137050: ACCEPTED IN 28 TRIES, (AVG 540608.9285714285)
[1, 4, 10, 23, 57, 132, 301, 701, 1654, 3652, 8630, 20550]...: 12973003: ACCEPTED IN 24 TRIES, (AVG 540541.7916666666)
[1, 4, 10, 23, 57, 132, 301, 701, 1654, 3652, 8630, 20554]...: 9726268: ACCEPTED IN 18 TRIES, (AVG 540348.2222222222)
[1, 4, 10, 23, 57, 132, 301, 701, 1654, 3652, 8630, 20558]...: 12430679: ACCEPTED IN 23 TRIES, (AVG 540464.304347826)
[1, 4, 10, 23, 57, 132, 301, 701, 1654, 3652, 8630, 20583]...: 9725043: ACCEPTED IN 18 TRIES, (AVG 540280.1666666666)
[1, 4, 10, 23, 57, 132, 301, 701, 1654, 3652, 8630, 20591]...: 11889935: ACCEPTED IN 22 TRIES, (AVG 540451.5909090909)
[1, 4, 10, 23, 57, 132, 301, 701, 1654, 3652, 8630, 20595]...: 15136843: ACCEPTED IN 28 TRIES, (AVG 540601.5357142857)
[1, 4, 10, 23, 57, 132, 301, 701, 1654, 3652, 8630, 20600]...: 24877675: ACCEPTED IN 46 TRIES, (AVG 540819.0217391305)
[1, 4, 10, 23, 57, 132, 301, 701, 1654, 3652, 8630, 20612]...: 9724343: ACCEPTED IN 18 TRIES, (AVG 540241.2777777778)
[1, 4, 10, 23, 57, 132, 301, 701, 1654, 3652, 8630, 20620]...: 9725104: ACCEPTED IN 18 TRIES, (AVG 540283.5555555555)
[1, 4, 10, 23, 57, 132, 301, 701, 1654, 3652, 8630, 20637]...: 9726375: ACCEPTED IN 18 TRIES, (AVG 540354.1666666666)
[1, 4, 10, 23, 57, 132, 301, 701, 1654, 3652, 8630, 20641]...: 15136237: ACCEPTED IN 28 TRIES, (AVG 540579.8928571428)
[1, 4, 10, 23, 57, 132, 301, 701, 1654, 3652, 8630, 20645]...: 10808899: ACCEPTED IN 20 TRIES, (AVG 540444.95)
[1, 4, 10, 23, 57, 132, 301, 701, 1654, 3652, 8630, 20649]...: 8644046: ACCEPTED IN 16 TRIES, (AVG 540252.875)
[1, 4, 10, 23, 57, 132, 301, 701, 1654, 3652, 8630, 20678]...: 9185418: ACCEPTED IN 17 TRIES, (AVG 540318.7058823529)
[1, 4, 10, 23, 57, 132, 301, 701, 1654, 3652, 8630, 20682]...: 14595404: ACCEPTED IN 27 TRIES, (AVG 540570.5185185185)
[1, 4, 10, 23, 57, 132, 301, 701, 1654, 3652, 8630, 20686]...: 11890184: ACCEPTED IN 22 TRIES, (AVG 540462.9090909091)
[1, 4, 10, 23, 57, 132, 301, 701, 1654, 3652, 8630, 20690]...: 6479538: ACCEPTED IN 12 TRIES, (AVG 539961.5)
