[1, 4, 10, 23, 57, 132, 301, 701, 1654, 3652, 8528, 18893]...: 30289681: ACCEPTED IN 56 TRIES, (AVG 540887.1607142857)
[1, 4, 10, 23, 57, 132, 301, 701, 1654, 3652, 8528, 19025]...: 15137791: ACCEPTED IN 28 TRIES, (AVG 540635.3928571428)
[1, 4, 10, 23, 57, 132, 301, 701, 1654, 3652, 8528, 19293]...: 26501290: ACCEPTED IN 49 TRIES, (AVG 540842.6530612245)
[1, 4, 10, 23, 57, 132, 301, 701, 1654, 3652, 8528, 19425]...: 12972593: ACCEPTED IN 24 TRIES, (AVG 540524.7083333334)
[1, 4, 10, 23, 57, 132, 301, 701, 1654, 3652, 8528, 19594]...: 24336579: ACCEPTED IN 45 TRIES, (AVG 540812.8666666667)
[1, 4, 10, 23, 57, 132, 301, 701, 1654, 3652, 8528, 19726]...: 22172398: ACCEPTED IN 41 TRIES, (AVG 540790.1951219512)
[1, 4, 10, 23, 57, 132, 301, 701, 1654, 3652, 8528, 19895]...: 11349768: ACCEPTED IN 21 TRIES, (AVG 540465.1428571428)
[1, 4, 10, 23, 57, 132, 301, 701, 1654, 3652, 8528, 19994]...: 14595271: ACCEPTED IN 27 TRIES, (AVG 540565.5925925926)
[1, 4, 10, 23, 57, 132, 301, 701, 1654, 3652, 8528, 20027]...: 5397218: ACCEPTED IN 10 TRIES, (AVG 539721.8)
[1, 4, 10, 23, 57, 132, 301, 701, 1654, 3652, 8528, 20126]...: 12973193: ACCEPTED IN 24 TRIES, (AVG 540549.7083333334)
[1, 4, 10, 23, 57, 132, 301, 701, 1654, 3652, 8528, 20295]...: 14596767: ACCEPTED IN 27 TRIES, (AVG 540621.0)
[1, 4, 10, 23, 57, 132, 301, 701, 1654, 3652, 8528, 20427]...: 12429227: ACCEPTED IN 23 TRIES, (AVG 540401.1739130435)
