[1, 4, 10, 23, 57, 132, 301, 701, 1654, 3652, 8170, 18309]...: 37322635: ACCEPTED IN 69 TRIES, (AVG 540907.7536231884)
[1, 4, 10, 23, 57, 132, 301, 701, 1654, 3652, 8170, 18358]...: 49770054: ACCEPTED IN 92 TRIES, (AVG 540978.8478260869)
[1, 4, 10, 23, 57, 132, 301, 701, 1654, 3652, 8170, 18404]...: 16219948: ACCEPTED IN 30 TRIES, (AVG 540664.9333333333)
[1, 4, 10, 23, 57, 132, 301, 701, 1654, 3652, 8170, 18482]...: 42734760: ACCEPTED IN 79 TRIES, (AVG 540946.3291139241)
[1, 4, 10, 23, 57, 132, 301, 701, 1654, 3652, 8170, 18491]...: 37865116: ACCEPTED IN 70 TRIES, (AVG 540930.2285714286)
[1, 4, 10, 23, 57, 132, 301, 701, 1654, 3652, 8170, 18495]...: 57886718: ACCEPTED IN 107 TRIES, (AVG 540997.3644859813)
[1, 4, 10, 23, 57, 132, 301, 701, 1654, 3652, 8170, 18561]...: 23795321: ACCEPTED IN 44 TRIES, (AVG 540802.75)
[1, 4, 10, 23, 57, 132, 301, 701, 1654, 3652, 8170, 18581]...: 21090173: ACCEPTED IN 39 TRIES, (AVG 540773.6666666666)
[1, 4, 10, 23, 57, 132, 301, 701, 1654, 3652, 8170, 18631]...: 34617950: ACCEPTED IN 64 TRIES, (AVG 540905.46875)
[1, 4, 10, 23, 57, 132, 301, 701, 1654, 3652, 8170, 18635]...: 170984833: ACCEPTED IN 316 TRIES, (AVG 541091.243670886)
[1, 4, 10, 23, 57, 132, 301, 701, 1654, 3652, 8170, 18639]...: 24336123: ACCEPTED IN 45 TRIES, (AVG 540802.7333333333)
[1, 4, 10, 23, 57, 132, 301, 701, 1654, 3652, 8170, 18676]...: 25959662: ACCEPTED IN 48 TRIES, (AVG 540826.2916666666)
[1, 4, 10, 23, 57, 132, 301, 701, 1654, 3652, 8170, 18693]...: 82779730: ACCEPTED IN 153 TRIES, (AVG 541043.9869281045)
[1, 4, 10, 23, 57, 132, 301, 701, 1654, 3652, 8170, 18697]...: 39488793: ACCEPTED IN 73 TRIES, (AVG 540942.3698630137)
[1, 4, 10, 23, 57, 132, 301, 701, 1654, 3652, 8170, 18709]...: 67086150: ACCEPTED IN 124 TRIES, (AVG 541017.3387096775)
[1, 4, 10, 23, 57, 132, 301, 701, 1654, 3652, 8170, 18722]...: 29206590: ACCEPTED IN 54 TRIES, (AVG 540862.7777777778)
[1, 4, 10, 23, 57, 132, 301, 701, 1654, 3652, 8170, 18730]...: 40570154: ACCEPTED IN 75 TRIES, (AVG 540935.3866666667)
[1, 4, 10, 23, 57, 132, 301, 701, 1654, 3652, 8170, 18759]...: 38406245: ACCEPTED IN 71 TRIES, (AVG 540933.0281690141)
[1, 4, 10, 23, 57, 132, 301, 701, 1654, 3652, 8170, 18763]...: 97390617: ACCEPTED IN 180 TRIES, (AVG 541058.9833333333)
[1, 4, 10, 23, 57, 132, 301, 701, 1654, 3652, 8170, 18771]...: 25959190: ACCEPTED IN 48 TRIES, (AVG 540816.4583333334)
[1, 4, 10, 23, 57, 132, 301, 701, 1654, 3652, 8170, 18783]...: 25417802: ACCEPTED IN 47 TRIES, (AVG 540804.2978723404)
[1, 4, 10, 23, 57, 132, 301, 701, 1654, 3652, 8170, 18796]...: 195335034: ACCEPTED IN 361 TRIES, (AVG 541094.2770083102)
[1, 4, 10, 23, 57, 132, 301, 701, 1654, 3652, 8170, 18800]...: 68169043: ACCEPTED IN 126 TRIES, (AVG 541024.1507936508)
[1, 4, 10, 23, 57, 132, 301, 701, 1654, 3652, 8170, 18808]...: 22713370: ACCEPTED IN 42 TRIES, (AVG 540794.5238095238)
[1, 4, 10, 23, 57, 132, 301, 701, 1654, 3652, 8170, 18829]...: 55181588: ACCEPTED IN 102 TRIES, (AVG 540995.9607843137)
[1, 4, 10, 23, 57, 132, 301, 701, 1654, 3652, 8170, 18833]...: 25419027: ACCEPTED IN 47 TRIES, (AVG 540830.3617021276)
[1, 4, 10, 23, 57, 132, 301, 701, 1654, 3652, 8170, 18841]...: 58969558: ACCEPTED IN 109 TRIES, (AVG 541005.1192660551)
[1, 4, 10, 23, 57, 132, 301, 701, 1654, 3652, 8170, 18845]...: 73037761: ACCEPTED IN 135 TRIES, (AVG 541020.4518518519)
[1, 4, 10, 23, 57, 132, 301, 701, 1654, 3652, 8170, 18862]...: 33534537: ACCEPTED IN 62 TRIES, (AVG 540879.6290322581)
[1, 4, 10, 23, 57, 132, 301, 701, 1654, 3652, 8170, 18870]...: 18925706: ACCEPTED IN 35 TRIES, (AVG 540734.4571428571)
[1, 4, 10, 23, 57, 132, 301, 701, 1654, 3652, 8170, 18878]...: 166114029: ACCEPTED IN 307 TRIES, (AVG 541088.0423452769)
[1, 4, 10, 23, 57, 132, 301, 701, 1654, 3652, 8170, 18882]...: 27041554: ACCEPTED IN 50 TRIES, (AVG 540831.08)
[1, 4, 10, 23, 57, 132, 301, 701, 1654, 3652, 8170, 18899]...: 56264011: ACCEPTED IN 104 TRIES, (AVG 541000.1057692308)
[1, 4, 10, 23, 57, 132, 301, 701, 1654, 3652, 8170, 18903]...: 27041844: ACCEPTED IN 50 TRIES, (AVG 540836.88)
[1, 4, 10, 23, 57, 132, 301, 701, 1654, 3652, 8170, 18915]...: 19466898: ACCEPTED IN 36 TRIES, (AVG 540747.1666666666)
[1, 4, 10, 23, 57, 132, 301, 701, 1654, 3652, 8170, 18919]...: 41112534: ACCEPTED IN 76 TRIES, (AVG 540954.3947368421)
[1, 4, 10, 23, 57, 132, 301, 701, 1654, 3652, 8170, 18920]...: 13513743: ACCEPTED IN 25 TRIES, (AVG 540549.72)
[1, 4, 10, 23, 57, 132, 301, 701, 1654, 3652, 8170, 18924]...: 16759967: ACCEPTED IN 31 TRIES, (AVG 540644.0967741936)
[1, 4, 10, 23, 57, 132, 301, 701, 1654, 3652, 8170, 18928]...: 25418751: ACCEPTED IN 47 TRIES, (AVG 540824.4893617021)
[1, 4, 10, 23, 57, 132, 301, 701, 1654, 3652, 8170, 18932]...: 15678589: ACCEPTED IN 29 TRIES, (AVG 540641.0)
[1, 4, 10, 23, 57, 132, 301, 701, 1654, 3652, 8170, 18936]...: 43276694: ACCEPTED IN 80 TRIES, (AVG 540958.675)
[1, 4, 10, 23, 57, 132, 301, 701, 1654, 3652, 8170, 18957]...: 34076843: ACCEPTED IN 63 TRIES, (AVG 540902.2698412698)
[1, 4, 10, 23, 57, 132, 301, 701, 1654, 3652, 8170, 18961]...: 61134111: ACCEPTED IN 113 TRIES, (AVG 541009.8318584071)
[1, 4, 10, 23, 57, 132, 301, 701, 1654, 3652, 8170, 18965]...: 55720748: ACCEPTED IN 103 TRIES, (AVG 540978.1359223301)
[1, 4, 10, 23, 57, 132, 301, 701, 1654, 3652, 8170, 18973]...: 69791805: ACCEPTED IN 129 TRIES, (AVG 541021.7441860465)
[1, 4, 10, 23, 57, 132, 301, 701, 1654, 3652, 8170, 18977]...: 14054908: ACCEPTED IN 26 TRIES, (AVG 540573.3846153846)
[1, 4, 10, 23, 57, 132, 301, 701, 1654, 3652, 8170, 18990]...: 24337089: ACCEPTED IN 45 TRIES, (AVG 540824.2)
[1, 4, 10, 23, 57, 132, 301, 701, 1654, 3652, 8170, 18994]...: 12972896: ACCEPTED IN 24 TRIES, (AVG 540537.3333333334)
[1, 4, 10, 23, 57, 132, 301, 701, 1654, 3652, 8170, 18998]...: 42733289: ACCEPTED IN 79 TRIES, (AVG 540927.7088607595)
[1, 4, 10, 23, 57, 132, 301, 701, 1654, 3652, 8170, 19002]...: 25419259: ACCEPTED IN 47 TRIES, (AVG 540835.2978723404)
[1, 4, 10, 23, 57, 132, 301, 701, 1654, 3652, 8170, 19006]...: 50310859: ACCEPTED IN 93 TRIES, (AVG 540976.9784946237)
[1, 4, 10, 23, 57, 132, 301, 701, 1654, 3652, 8170, 19010]...: 25419341: ACCEPTED IN 47 TRIES, (AVG 540837.0425531915)
[1, 4, 10, 23, 57, 132, 301, 701, 1654, 3652, 8170, 19014]...: 50308776: ACCEPTED IN 93 TRIES, (AVG 540954.5806451613)
[1, 4, 10, 23, 57, 132, 301, 701, 1654, 3652, 8170, 19023]...: 38405744: ACCEPTED IN 71 TRIES, (AVG 540925.9718309859)
[1, 4, 10, 23, 57, 132, 301, 701, 1654, 3652, 8170, 19027]...: 177478433: ACCEPTED IN 328 TRIES, (AVG 541092.7835365854)
[1, 4, 10, 23, 57, 132, 301, 701, 1654, 3652, 8170, 19031]...: 35159033: ACCEPTED IN 65 TRIES, (AVG 540908.2)
[1, 4, 10, 23, 57, 132, 301, 701, 1654, 3652, 8170, 19035]...: 29207381: ACCEPTED IN 54 TRIES, (AVG 540877.425925926)
[1, 4, 10, 23, 57, 132, 301, 701, 1654, 3652, 8170, 19047]...: 53017310: ACCEPTED IN 98 TRIES, (AVG 540992.9591836735)
[1, 4, 10, 23, 57, 132, 301, 701, 1654, 3652, 8170, 19051]...: 16760650: ACCEPTED IN 31 TRIES, (AVG 540666.1290322581)
[1, 4, 10, 23, 57, 132, 301, 701, 1654, 3652, 8170, 19056]...: 15137709: ACCEPTED IN 28 TRIES, (AVG 540632.4642857143)
[1, 4, 10, 23, 57, 132, 301, 701, 1654, 3652, 8170, 19060]...: 45439949: ACCEPTED IN 84 TRIES, (AVG 540951.7738095238)
[1, 4, 10, 23, 57, 132, 301, 701, 1654, 3652, 8170, 19064]...: 38406599: ACCEPTED IN 71 TRIES, (AVG 540938.014084507)
[1, 4, 10, 23, 57, 132, 301, 701, 1654, 3652, 8170, 19068]...: 24878275: ACCEPTED IN 46 TRIES, (AVG 540832.0652173914)
[1, 4, 10, 23, 57, 132, 301, 701, 1654, 3652, 8170, 19088]...: 43275865: ACCEPTED IN 80 TRIES, (AVG 540948.3125)
[1, 4, 10, 23, 57, 132, 301, 701, 1654, 3652, 8170, 19089]...: 24335601: ACCEPTED IN 45 TRIES, (AVG 540791.1333333333)
[1, 4, 10, 23, 57, 132, 301, 701, 1654, 3652, 8170, 19097]...: 16219902: ACCEPTED IN 30 TRIES, (AVG 540663.4)
[1, 4, 10, 23, 57, 132, 301, 701, 1654, 3652, 8170, 19101]...: 34618469: ACCEPTED IN 64 TRIES, (AVG 540913.578125)
[1, 4, 10, 23, 57, 132, 301, 701, 1654, 3652, 8170, 19105]...: 36241367: ACCEPTED IN 67 TRIES, (AVG 540915.9253731343)
[1, 4, 10, 23, 57, 132, 301, 701, 1654, 3652, 8170, 19109]...: 27041758: ACCEPTED IN 50 TRIES, (AVG 540835.16)
[1, 4, 10, 23, 57, 132, 301, 701, 1654, 3652, 8170, 19122]...: 17843340: ACCEPTED IN 33 TRIES, (AVG 540707.2727272727)
[1, 4, 10, 23, 57, 132, 301, 701, 1654, 3652, 8170, 19130]...: 44356616: ACCEPTED IN 82 TRIES, (AVG 540934.3414634146)
[1, 4, 10, 23, 57, 132, 301, 701, 1654, 3652, 8170, 19134]...: 29748388: ACCEPTED IN 55 TRIES, (AVG 540879.7818181819)
[1, 4, 10, 23, 57, 132, 301, 701, 1654, 3652, 8170, 19138]...: 38406458: ACCEPTED IN 71 TRIES, (AVG 540936.0281690141)
[1, 4, 10, 23, 57, 132, 301, 701, 1654, 3652, 8170, 19142]...: 18925638: ACCEPTED IN 35 TRIES, (AVG 540732.5142857142)
[1, 4, 10, 23, 57, 132, 301, 701, 1654, 3652, 8170, 19146]...: 22169650: ACCEPTED IN 41 TRIES, (AVG 540723.1707317074)
[1, 4, 10, 23, 57, 132, 301, 701, 1654, 3652, 8170, 19155]...: 29206875: ACCEPTED IN 54 TRIES, (AVG 540868.0555555555)
[1, 4, 10, 23, 57, 132, 301, 701, 1654, 3652, 8170, 19159]...: 24877442: ACCEPTED IN 46 TRIES, (AVG 540813.9565217391)
[1, 4, 10, 23, 57, 132, 301, 701, 1654, 3652, 8170, 19163]...: 40030230: ACCEPTED IN 74 TRIES, (AVG 540949.0540540541)
[1, 4, 10, 23, 57, 132, 301, 701, 1654, 3652, 8170, 19167]...: 37324250: ACCEPTED IN 69 TRIES, (AVG 540931.1594202898)
[1, 4, 10, 23, 57, 132, 301, 701, 1654, 3652, 8170, 19171]...: 25959114: ACCEPTED IN 48 TRIES, (AVG 540814.875)
[1, 4, 10, 23, 57, 132, 301, 701, 1654, 3652, 8170, 19179]...: 16761262: ACCEPTED IN 31 TRIES, (AVG 540685.8709677419)
[1, 4, 10, 23, 57, 132, 301, 701, 1654, 3652, 8170, 19184]...: 24337007: ACCEPTED IN 45 TRIES, (AVG 540822.3777777777)
[1, 4, 10, 23, 57, 132, 301, 701, 1654, 3652, 8170, 19192]...: 45982475: ACCEPTED IN 85 TRIES, (AVG 540970.2941176471)
[1, 4, 10, 23, 57, 132, 301, 701, 1654, 3652, 8170, 19196]...: 18925635: ACCEPTED IN 35 TRIES, (AVG 540732.4285714285)
[1, 4, 10, 23, 57, 132, 301, 701, 1654, 3652, 8170, 19200]...: 48688091: ACCEPTED IN 90 TRIES, (AVG 540978.7888888889)
[1, 4, 10, 23, 57, 132, 301, 701, 1654, 3652, 8170, 19220]...: 22713842: ACCEPTED IN 42 TRIES, (AVG 540805.7619047619)
[1, 4, 10, 23, 57, 132, 301, 701, 1654, 3652, 8170, 19221]...: 14055745: ACCEPTED IN 26 TRIES, (AVG 540605.5769230769)
[1, 4, 10, 23, 57, 132, 301, 701, 1654, 3652, 8170, 19225]...: 24336215: ACCEPTED IN 45 TRIES, (AVG 540804.7777777778)
[1, 4, 10, 23, 57, 132, 301, 701, 1654, 3652, 8170, 19229]...: 34077034: ACCEPTED IN 63 TRIES, (AVG 540905.3015873015)
[1, 4, 10, 23, 57, 132, 301, 701, 1654, 3652, 8170, 19233]...: 25960561: ACCEPTED IN 48 TRIES, (AVG 540845.0208333334)
[1, 4, 10, 23, 57, 132, 301, 701, 1654, 3652, 8170, 19237]...: 28122446: ACCEPTED IN 52 TRIES, (AVG 540816.2692307692)
[1, 4, 10, 23, 57, 132, 301, 701, 1654, 3652, 8170, 19254]...: 27041690: ACCEPTED IN 50 TRIES, (AVG 540833.8)
[1, 4, 10, 23, 57, 132, 301, 701, 1654, 3652, 8170, 19258]...: 16219713: ACCEPTED IN 30 TRIES, (AVG 540657.1)
[1, 4, 10, 23, 57, 132, 301, 701, 1654, 3652, 8170, 19262]...: 24337230: ACCEPTED IN 45 TRIES, (AVG 540827.3333333334)
[1, 4, 10, 23, 57, 132, 301, 701, 1654, 3652, 8170, 19266]...: 57886585: ACCEPTED IN 107 TRIES, (AVG 540996.1214953271)
[1, 4, 10, 23, 57, 132, 301, 701, 1654, 3652, 8170, 19270]...: 16220039: ACCEPTED IN 30 TRIES, (AVG 540667.9666666667)
[1, 4, 10, 23, 57, 132, 301, 701, 1654, 3652, 8170, 19274]...: 17301737: ACCEPTED IN 32 TRIES, (AVG 540679.28125)
[1, 4, 10, 23, 57, 132, 301, 701, 1654, 3652, 8170, 19278]...: 46523072: ACCEPTED IN 86 TRIES, (AVG 540965.9534883721)
[1, 4, 10, 23, 57, 132, 301, 701, 1654, 3652, 8170, 19295]...: 36242098: ACCEPTED IN 67 TRIES, (AVG 540926.8358208955)
[1, 4, 10, 23, 57, 132, 301, 701, 1654, 3652, 8170, 19299]...: 61133233: ACCEPTED IN 113 TRIES, (AVG 541002.0619469027)
[1, 4, 10, 23, 57, 132, 301, 701, 1654, 3652, 8170, 19303]...: 38405371: ACCEPTED IN 71 TRIES, (AVG 540920.7183098592)
[1, 4, 10, 23, 57, 132, 301, 701, 1654, 3652, 8170, 19311]...: 14596835: ACCEPTED IN 27 TRIES, (AVG 540623.5185185185)
[1, 4, 10, 23, 57, 132, 301, 701, 1654, 3652, 8170, 19315]...: 20007407: ACCEPTED IN 37 TRIES, (AVG 540740.7297297297)
[1, 4, 10, 23, 57, 132, 301, 701, 1654, 3652, 8170, 19316]...: 45981233: ACCEPTED IN 85 TRIES, (AVG 540955.6823529411)
[1, 4, 10, 23, 57, 132, 301, 701, 1654, 3652, 8170, 19324]...: 12973105: ACCEPTED IN 24 TRIES, (AVG 540546.0416666666)
[1, 4, 10, 23, 57, 132, 301, 701, 1654, 3652, 8170, 19328]...: 37323125: ACCEPTED IN 69 TRIES, (AVG 540914.8550724637)
[1, 4, 10, 23, 57, 132, 301, 701, 1654, 3652, 8170, 19332]...: 45437248: ACCEPTED IN 84 TRIES, (AVG 540919.619047619)
[1, 4, 10, 23, 57, 132, 301, 701, 1654, 3652, 8170, 19340]...: 40571113: ACCEPTED IN 75 TRIES, (AVG 540948.1733333333)
[1, 4, 10, 23, 57, 132, 301, 701, 1654, 3652, 8170, 19352]...: 21631350: ACCEPTED IN 40 TRIES, (AVG 540783.75)
[1, 4, 10, 23, 57, 132, 301, 701, 1654, 3652, 8170, 19353]...: 24877962: ACCEPTED IN 46 TRIES, (AVG 540825.2608695652)
[1, 4, 10, 23, 57, 132, 301, 701, 1654, 3652, 8170, 19357]...: 24877416: ACCEPTED IN 46 TRIES, (AVG 540813.3913043478)
[1, 4, 10, 23, 57, 132, 301, 701, 1654, 3652, 8170, 19361]...: 35159733: ACCEPTED IN 65 TRIES, (AVG 540918.9692307692)
[1, 4, 10, 23, 57, 132, 301, 701, 1654, 3652, 8170, 19369]...: 22170827: ACCEPTED IN 41 TRIES, (AVG 540751.8780487805)
[1, 4, 10, 23, 57, 132, 301, 701, 1654, 3652, 8170, 19390]...: 82779925: ACCEPTED IN 153 TRIES, (AVG 541045.2614379085)
[1, 4, 10, 23, 57, 132, 301, 701, 1654, 3652, 8170, 19394]...: 12431956: ACCEPTED IN 23 TRIES, (AVG 540519.8260869565)
[1, 4, 10, 23, 57, 132, 301, 701, 1654, 3652, 8170, 19398]...: 15137390: ACCEPTED IN 28 TRIES, (AVG 540621.0714285715)
[1, 4, 10, 23, 57, 132, 301, 701, 1654, 3652, 8170, 19402]...: 25959160: ACCEPTED IN 48 TRIES, (AVG 540815.8333333334)
[1, 4, 10, 23, 57, 132, 301, 701, 1654, 3652, 8170, 19406]...: 16758782: ACCEPTED IN 31 TRIES, (AVG 540605.8709677419)
[1, 4, 10, 23, 57, 132, 301, 701, 1654, 3652, 8170, 19410]...: 8643161: ACCEPTED IN 16 TRIES, (AVG 540197.5625)
[1, 4, 10, 23, 57, 132, 301, 701, 1654, 3652, 8170, 19423]...: 24336254: ACCEPTED IN 45 TRIES, (AVG 540805.6444444444)
[1, 4, 10, 23, 57, 132, 301, 701, 1654, 3652, 8170, 19427]...: 9725153: ACCEPTED IN 18 TRIES, (AVG 540286.2777777778)
[1, 4, 10, 23, 57, 132, 301, 701, 1654, 3652, 8170, 19431]...: 45980582: ACCEPTED IN 85 TRIES, (AVG 540948.0235294118)
[1, 4, 10, 23, 57, 132, 301, 701, 1654, 3652, 8170, 19435]...: 16220214: ACCEPTED IN 30 TRIES, (AVG 540673.8)
[1, 4, 10, 23, 57, 132, 301, 701, 1654, 3652, 8170, 19439]...: 36240757: ACCEPTED IN 67 TRIES, (AVG 540906.8208955224)
[1, 4, 10, 23, 57, 132, 301, 701, 1654, 3652, 8170, 19443]...: 43276150: ACCEPTED IN 80 TRIES, (AVG 540951.875)
[1, 4, 10, 23, 57, 132, 301, 701, 1654, 3652, 8170, 19447]...: 33534179: ACCEPTED IN 62 TRIES, (AVG 540873.8548387097)
[1, 4, 10, 23, 57, 132, 301, 701, 1654, 3652, 8170, 19448]...: 12431806: ACCEPTED IN 23 TRIES, (AVG 540513.304347826)
[1, 4, 10, 23, 57, 132, 301, 701, 1654, 3652, 8170, 19456]...: 29207405: ACCEPTED IN 54 TRIES, (AVG 540877.8703703703)
[1, 4, 10, 23, 57, 132, 301, 701, 1654, 3652, 8170, 19460]...: 14596704: ACCEPTED IN 27 TRIES, (AVG 540618.6666666666)
[1, 4, 10, 23, 57, 132, 301, 701, 1654, 3652, 8170, 19464]...: 25419256: ACCEPTED IN 47 TRIES, (AVG 540835.2340425532)
[1, 4, 10, 23, 57, 132, 301, 701, 1654, 3652, 8170, 19472]...: 28121558: ACCEPTED IN 52 TRIES, (AVG 540799.1923076923)
[1, 4, 10, 23, 57, 132, 301, 701, 1654, 3652, 8170, 19484]...: 13513288: ACCEPTED IN 25 TRIES, (AVG 540531.52)
[1, 4, 10, 23, 57, 132, 301, 701, 1654, 3652, 8170, 19485]...: 15678448: ACCEPTED IN 29 TRIES, (AVG 540636.1379310344)
[1, 4, 10, 23, 57, 132, 301, 701, 1654, 3652, 8170, 19489]...: 32995317: ACCEPTED IN 61 TRIES, (AVG 540906.8360655737)
[1, 4, 10, 23, 57, 132, 301, 701, 1654, 3652, 8170, 19493]...: 16761353: ACCEPTED IN 31 TRIES, (AVG 540688.8064516129)
[1, 4, 10, 23, 57, 132, 301, 701, 1654, 3652, 8170, 19497]...: 12431993: ACCEPTED IN 23 TRIES, (AVG 540521.4347826086)
[1, 4, 10, 23, 57, 132, 301, 701, 1654, 3652, 8170, 19501]...: 24877715: ACCEPTED IN 46 TRIES, (AVG 540819.8913043478)
[1, 4, 10, 23, 57, 132, 301, 701, 1654, 3652, 8170, 19522]...: 17842440: ACCEPTED IN 33 TRIES, (AVG 540680.0)
[1, 4, 10, 23, 57, 132, 301, 701, 1654, 3652, 8170, 19526]...: 8101688: ACCEPTED IN 15 TRIES, (AVG 540112.5333333333)
[1, 4, 10, 23, 57, 132, 301, 701, 1654, 3652, 8170, 19530]...: 20008000: ACCEPTED IN 37 TRIES, (AVG 540756.7567567568)
[1, 4, 10, 23, 57, 132, 301, 701, 1654, 3652, 8170, 19534]...: 28123346: ACCEPTED IN 52 TRIES, (AVG 540833.5769230769)
[1, 4, 10, 23, 57, 132, 301, 701, 1654, 3652, 8170, 19538]...: 20006599: ACCEPTED IN 37 TRIES, (AVG 540718.8918918918)
[1, 4, 10, 23, 57, 132, 301, 701, 1654, 3652, 8170, 19555]...: 24335398: ACCEPTED IN 45 TRIES, (AVG 540786.6222222223)
[1, 4, 10, 23, 57, 132, 301, 701, 1654, 3652, 8170, 19559]...: 13513170: ACCEPTED IN 25 TRIES, (AVG 540526.8)
[1, 4, 10, 23, 57, 132, 301, 701, 1654, 3652, 8170, 19563]...: 36242006: ACCEPTED IN 67 TRIES, (AVG 540925.4626865672)
[1, 4, 10, 23, 57, 132, 301, 701, 1654, 3652, 8170, 19567]...: 37864635: ACCEPTED IN 70 TRIES, (AVG 540923.3571428572)
[1, 4, 10, 23, 57, 132, 301, 701, 1654, 3652, 8170, 19571]...: 28122531: ACCEPTED IN 52 TRIES, (AVG 540817.9038461539)
[1, 4, 10, 23, 57, 132, 301, 701, 1654, 3652, 8170, 19575]...: 8644110: ACCEPTED IN 16 TRIES, (AVG 540256.875)
[1, 4, 10, 23, 57, 132, 301, 701, 1654, 3652, 8170, 19579]...: 18921513: ACCEPTED IN 35 TRIES, (AVG 540614.6571428571)
[1, 4, 10, 23, 57, 132, 301, 701, 1654, 3652, 8170, 19580]...: 18923479: ACCEPTED IN 35 TRIES, (AVG 540670.8285714285)
[1, 4, 10, 23, 57, 132, 301, 701, 1654, 3652, 8170, 19592]...: 20006452: ACCEPTED IN 37 TRIES, (AVG 540714.9189189189)
[1, 4, 10, 23, 57, 132, 301, 701, 1654, 3652, 8170, 19596]...: 11890278: ACCEPTED IN 22 TRIES, (AVG 540467.1818181818)
[1, 4, 10, 23, 57, 132, 301, 701, 1654, 3652, 8170, 19604]...: 25959447: ACCEPTED IN 48 TRIES, (AVG 540821.8125)
