[1, 4, 10, 23, 57, 132, 301, 701, 1654, 3900, 9306, 20491]...: 50309815: ACCEPTED IN 93 TRIES, (AVG 540965.752688172)
[1, 4, 10, 23, 57, 132, 301, 701, 1654, 3900, 9306, 20504]...: 12431867: ACCEPTED IN 23 TRIES, (AVG 540515.9565217391)
[1, 4, 10, 23, 57, 132, 301, 701, 1654, 3900, 9306, 20520]...: 23254343: ACCEPTED IN 43 TRIES, (AVG 540798.6744186047)
[1, 4, 10, 23, 57, 132, 301, 701, 1654, 3900, 9306, 20528]...: 17843317: ACCEPTED IN 33 TRIES, (AVG 540706.5757575758)
[1, 4, 10, 23, 57, 132, 301, 701, 1654, 3900, 9306, 20532]...: 24877582: ACCEPTED IN 46 TRIES, (AVG 540817.0)
[1, 4, 10, 23, 57, 132, 301, 701, 1654, 3900, 9306, 20569]...: 21089902: ACCEPTED IN 39 TRIES, (AVG 540766.717948718)
[1, 4, 10, 23, 57, 132, 301, 701, 1654, 3900, 9306, 20573]...: 12431168: ACCEPTED IN 23 TRIES, (AVG 540485.5652173914)
[1, 4, 10, 23, 57, 132, 301, 701, 1654, 3900, 9306, 20599]...: 11888689: ACCEPTED IN 22 TRIES, (AVG 540394.9545454546)
[1, 4, 10, 23, 57, 132, 301, 701, 1654, 3900, 9306, 20603]...: 11890760: ACCEPTED IN 22 TRIES, (AVG 540489.0909090909)
[1, 4, 10, 23, 57, 132, 301, 701, 1654, 3900, 9306, 20636]...: 10807689: ACCEPTED IN 20 TRIES, (AVG 540384.45)
[1, 4, 10, 23, 57, 132, 301, 701, 1654, 3900, 9306, 20652]...: 8102835: ACCEPTED IN 15 TRIES, (AVG 540189.0)
[1, 4, 10, 23, 57, 132, 301, 701, 1654, 3900, 9306, 20660]...: 24335714: ACCEPTED IN 45 TRIES, (AVG 540793.6444444444)
[1, 4, 10, 23, 57, 132, 301, 701, 1654, 3900, 9306, 20664]...: 15678359: ACCEPTED IN 29 TRIES, (AVG 540633.0689655172)
[1, 4, 10, 23, 57, 132, 301, 701, 1654, 3900, 9306, 20693]...: 14595926: ACCEPTED IN 27 TRIES, (AVG 540589.8518518518)
[1, 4, 10, 23, 57, 132, 301, 701, 1654, 3900, 9306, 20694]...: 12970400: ACCEPTED IN 24 TRIES, (AVG 540433.3333333334)
[1, 4, 10, 23, 57, 132, 301, 701, 1654, 3900, 9306, 20701]...: 12971888: ACCEPTED IN 24 TRIES, (AVG 540495.3333333334)
[1, 4, 10, 23, 57, 132, 301, 701, 1654, 3900, 9306, 20705]...: 48686226: ACCEPTED IN 90 TRIES, (AVG 540958.0666666667)
[1, 4, 10, 23, 57, 132, 301, 701, 1654, 3900, 9306, 20731]...: 12972897: ACCEPTED IN 24 TRIES, (AVG 540537.375)
[1, 4, 10, 23, 57, 132, 301, 701, 1654, 3900, 9306, 20735]...: 15678354: ACCEPTED IN 29 TRIES, (AVG 540632.8965517242)
[1, 4, 10, 23, 57, 132, 301, 701, 1654, 3900, 9306, 20742]...: 21090076: ACCEPTED IN 39 TRIES, (AVG 540771.1794871795)
[1, 4, 10, 23, 57, 132, 301, 701, 1654, 3900, 9306, 20768]...: 13513541: ACCEPTED IN 25 TRIES, (AVG 540541.64)
[1, 4, 10, 23, 57, 132, 301, 701, 1654, 3900, 9306, 20772]...: 23254579: ACCEPTED IN 43 TRIES, (AVG 540804.1627906977)
[1, 4, 10, 23, 57, 132, 301, 701, 1654, 3900, 9306, 20784]...: 25959804: ACCEPTED IN 48 TRIES, (AVG 540829.25)
[1, 4, 10, 23, 57, 132, 301, 701, 1654, 3900, 9306, 20792]...: 13513904: ACCEPTED IN 25 TRIES, (AVG 540556.16)
[1, 4, 10, 23, 57, 132, 301, 701, 1654, 3900, 9306, 20796]...: 22712768: ACCEPTED IN 42 TRIES, (AVG 540780.1904761905)
[1, 4, 10, 23, 57, 132, 301, 701, 1654, 3900, 9306, 20805]...: 24336551: ACCEPTED IN 45 TRIES, (AVG 540812.2444444444)
[1, 4, 10, 23, 57, 132, 301, 701, 1654, 3900, 9306, 20821]...: 65462674: ACCEPTED IN 121 TRIES, (AVG 541013.8347107437)
[1, 4, 10, 23, 57, 132, 301, 701, 1654, 3900, 9306, 20825]...: 15137972: ACCEPTED IN 28 TRIES, (AVG 540641.8571428572)
[1, 4, 10, 23, 57, 132, 301, 701, 1654, 3900, 9306, 20826]...: 12972457: ACCEPTED IN 24 TRIES, (AVG 540519.0416666666)
[1, 4, 10, 23, 57, 132, 301, 701, 1654, 3900, 9306, 20833]...: 29206274: ACCEPTED IN 54 TRIES, (AVG 540856.925925926)
[1, 4, 10, 23, 57, 132, 301, 701, 1654, 3900, 9306, 20837]...: 23795374: ACCEPTED IN 44 TRIES, (AVG 540803.9545454546)
[1, 4, 10, 23, 57, 132, 301, 701, 1654, 3900, 9306, 20863]...: 24336630: ACCEPTED IN 45 TRIES, (AVG 540814.0)
[1, 4, 10, 23, 57, 132, 301, 701, 1654, 3900, 9306, 20867]...: 21090201: ACCEPTED IN 39 TRIES, (AVG 540774.3846153846)
[1, 4, 10, 23, 57, 132, 301, 701, 1654, 3900, 9306, 20874]...: 48687095: ACCEPTED IN 90 TRIES, (AVG 540967.7222222222)
[1, 4, 10, 23, 57, 132, 301, 701, 1654, 3900, 9306, 20900]...: 23795453: ACCEPTED IN 44 TRIES, (AVG 540805.75)
[1, 4, 10, 23, 57, 132, 301, 701, 1654, 3900, 9306, 20904]...: 52476091: ACCEPTED IN 97 TRIES, (AVG 540990.6288659794)
[1, 4, 10, 23, 57, 132, 301, 701, 1654, 3900, 9306, 20916]...: 21090491: ACCEPTED IN 39 TRIES, (AVG 540781.8205128205)
[1, 4, 10, 23, 57, 132, 301, 701, 1654, 3900, 9306, 20928]...: 64380742: ACCEPTED IN 119 TRIES, (AVG 541014.6386554622)
[1, 4, 10, 23, 57, 132, 301, 701, 1654, 3900, 9306, 20937]...: 7560967: ACCEPTED IN 14 TRIES, (AVG 540069.0714285715)
[1, 4, 10, 23, 57, 132, 301, 701, 1654, 3900, 9306, 20953]...: 8102599: ACCEPTED IN 15 TRIES, (AVG 540173.2666666667)
[1, 4, 10, 23, 57, 132, 301, 701, 1654, 3900, 9306, 20957]...: 82779975: ACCEPTED IN 153 TRIES, (AVG 541045.5882352941)
[1, 4, 10, 23, 57, 132, 301, 701, 1654, 3900, 9306, 20965]...: 9184505: ACCEPTED IN 17 TRIES, (AVG 540265.0)
[1, 4, 10, 23, 57, 132, 301, 701, 1654, 3900, 9306, 20969]...: 23254700: ACCEPTED IN 43 TRIES, (AVG 540806.976744186)
[1, 4, 10, 23, 57, 132, 301, 701, 1654, 3900, 9306, 20994]...: 21090158: ACCEPTED IN 39 TRIES, (AVG 540773.282051282)
[1, 4, 10, 23, 57, 132, 301, 701, 1654, 3900, 9306, 20995]...: 11889703: ACCEPTED IN 22 TRIES, (AVG 540441.0454545454)
[1, 4, 10, 23, 57, 132, 301, 701, 1654, 3900, 9306, 20999]...: 46521853: ACCEPTED IN 86 TRIES, (AVG 540951.7790697674)
[1, 4, 10, 23, 57, 132, 301, 701, 1654, 3900, 9306, 21032]...: 15677958: ACCEPTED IN 29 TRIES, (AVG 540619.2413793104)
[1, 4, 10, 23, 57, 132, 301, 701, 1654, 3900, 9306, 21036]...: 20547329: ACCEPTED IN 38 TRIES, (AVG 540719.1842105263)
[1, 4, 10, 23, 57, 132, 301, 701, 1654, 3900, 9306, 21048]...: 10807798: ACCEPTED IN 20 TRIES, (AVG 540389.9)
[1, 4, 10, 23, 57, 132, 301, 701, 1654, 3900, 9306, 21060]...: 12973150: ACCEPTED IN 24 TRIES, (AVG 540547.9166666666)
[1, 4, 10, 23, 57, 132, 301, 701, 1654, 3900, 9306, 21069]...: 12431156: ACCEPTED IN 23 TRIES, (AVG 540485.0434782609)
[1, 4, 10, 23, 57, 132, 301, 701, 1654, 3900, 9306, 21073]...: 10806912: ACCEPTED IN 20 TRIES, (AVG 540345.6)
[1, 4, 10, 23, 57, 132, 301, 701, 1654, 3900, 9306, 21085]...: 14596018: ACCEPTED IN 27 TRIES, (AVG 540593.2592592592)
[1, 4, 10, 23, 57, 132, 301, 701, 1654, 3900, 9306, 21089]...: 28666377: ACCEPTED IN 53 TRIES, (AVG 540875.037735849)
[1, 4, 10, 23, 57, 132, 301, 701, 1654, 3900, 9306, 21093]...: 59511064: ACCEPTED IN 110 TRIES, (AVG 541009.6727272727)
[1, 4, 10, 23, 57, 132, 301, 701, 1654, 3900, 9306, 21097]...: 11889311: ACCEPTED IN 22 TRIES, (AVG 540423.2272727273)
[1, 4, 10, 23, 57, 132, 301, 701, 1654, 3900, 9306, 21101]...: 24336921: ACCEPTED IN 45 TRIES, (AVG 540820.4666666667)
[1, 4, 10, 23, 57, 132, 301, 701, 1654, 3900, 9306, 21106]...: 23794945: ACCEPTED IN 44 TRIES, (AVG 540794.2045454546)
[1, 4, 10, 23, 57, 132, 301, 701, 1654, 3900, 9306, 21126]...: 66544792: ACCEPTED IN 123 TRIES, (AVG 541014.569105691)
[1, 4, 10, 23, 57, 132, 301, 701, 1654, 3900, 9306, 21127]...: 12971779: ACCEPTED IN 24 TRIES, (AVG 540490.7916666666)
[1, 4, 10, 23, 57, 132, 301, 701, 1654, 3900, 9306, 21131]...: 10808159: ACCEPTED IN 20 TRIES, (AVG 540407.95)
[1, 4, 10, 23, 57, 132, 301, 701, 1654, 3900, 9306, 21138]...: 12972895: ACCEPTED IN 24 TRIES, (AVG 540537.2916666666)
[1, 4, 10, 23, 57, 132, 301, 701, 1654, 3900, 9306, 21164]...: 29207209: ACCEPTED IN 54 TRIES, (AVG 540874.2407407408)
[1, 4, 10, 23, 57, 132, 301, 701, 1654, 3900, 9306, 21168]...: 12972290: ACCEPTED IN 24 TRIES, (AVG 540512.0833333334)
[1, 4, 10, 23, 57, 132, 301, 701, 1654, 3900, 9306, 21172]...: 8103129: ACCEPTED IN 15 TRIES, (AVG 540208.6)
[1, 4, 10, 23, 57, 132, 301, 701, 1654, 3900, 9306, 21180]...: 15678610: ACCEPTED IN 29 TRIES, (AVG 540641.724137931)
[1, 4, 10, 23, 57, 132, 301, 701, 1654, 3900, 9306, 21192]...: 27583906: ACCEPTED IN 51 TRIES, (AVG 540860.9019607843)
[1, 4, 10, 23, 57, 132, 301, 701, 1654, 3900, 9306, 21201]...: 8102809: ACCEPTED IN 15 TRIES, (AVG 540187.2666666667)
[1, 4, 10, 23, 57, 132, 301, 701, 1654, 3900, 9306, 21205]...: 11890633: ACCEPTED IN 22 TRIES, (AVG 540483.3181818182)
[1, 4, 10, 23, 57, 132, 301, 701, 1654, 3900, 9306, 21217]...: 7560278: ACCEPTED IN 14 TRIES, (AVG 540019.8571428572)
[1, 4, 10, 23, 57, 132, 301, 701, 1654, 3900, 9306, 21221]...: 10808176: ACCEPTED IN 20 TRIES, (AVG 540408.8)
[1, 4, 10, 23, 57, 132, 301, 701, 1654, 3900, 9306, 21229]...: 11890148: ACCEPTED IN 22 TRIES, (AVG 540461.2727272727)
[1, 4, 10, 23, 57, 132, 301, 701, 1654, 3900, 9306, 21233]...: 24336579: ACCEPTED IN 45 TRIES, (AVG 540812.8666666667)
[1, 4, 10, 23, 57, 132, 301, 701, 1654, 3900, 9306, 21238]...: 18925862: ACCEPTED IN 35 TRIES, (AVG 540738.9142857143)
[1, 4, 10, 23, 57, 132, 301, 701, 1654, 3900, 9306, 21258]...: 21089948: ACCEPTED IN 39 TRIES, (AVG 540767.8974358974)
[1, 4, 10, 23, 57, 132, 301, 701, 1654, 3900, 9306, 21263]...: 60591508: ACCEPTED IN 112 TRIES, (AVG 540995.6071428572)
[1, 4, 10, 23, 57, 132, 301, 701, 1654, 3900, 9306, 21270]...: 16219585: ACCEPTED IN 30 TRIES, (AVG 540652.8333333334)
[1, 4, 10, 23, 57, 132, 301, 701, 1654, 3900, 9306, 21275]...: 23252664: ACCEPTED IN 43 TRIES, (AVG 540759.6279069767)
[1, 4, 10, 23, 57, 132, 301, 701, 1654, 3900, 9306, 21296]...: 11889931: ACCEPTED IN 22 TRIES, (AVG 540451.4090909091)
[1, 4, 10, 23, 57, 132, 301, 701, 1654, 3900, 9306, 21300]...: 11890506: ACCEPTED IN 22 TRIES, (AVG 540477.5454545454)
[1, 4, 10, 23, 57, 132, 301, 701, 1654, 3900, 9306, 21304]...: 7560801: ACCEPTED IN 14 TRIES, (AVG 540057.2142857143)
[1, 4, 10, 23, 57, 132, 301, 701, 1654, 3900, 9306, 21312]...: 17842381: ACCEPTED IN 33 TRIES, (AVG 540678.2121212122)
[1, 4, 10, 23, 57, 132, 301, 701, 1654, 3900, 9306, 21333]...: 15678477: ACCEPTED IN 29 TRIES, (AVG 540637.1379310344)
[1, 4, 10, 23, 57, 132, 301, 701, 1654, 3900, 9306, 21337]...: 7560370: ACCEPTED IN 14 TRIES, (AVG 540026.4285714285)
[1, 4, 10, 23, 57, 132, 301, 701, 1654, 3900, 9306, 21349]...: 11886339: ACCEPTED IN 22 TRIES, (AVG 540288.1363636364)
[1, 4, 10, 23, 57, 132, 301, 701, 1654, 3900, 9306, 21353]...: 8643619: ACCEPTED IN 16 TRIES, (AVG 540226.1875)
[1, 4, 10, 23, 57, 132, 301, 701, 1654, 3900, 9306, 21361]...: 21089409: ACCEPTED IN 39 TRIES, (AVG 540754.0769230769)
[1, 4, 10, 23, 57, 132, 301, 701, 1654, 3900, 9306, 21365]...: 10266479: ACCEPTED IN 19 TRIES, (AVG 540341.0)
[1, 4, 10, 23, 57, 132, 301, 701, 1654, 3900, 9306, 21370]...: 12972970: ACCEPTED IN 24 TRIES, (AVG 540540.4166666666)
[1, 4, 10, 23, 57, 132, 301, 701, 1654, 3900, 9306, 21374]...: 8643667: ACCEPTED IN 16 TRIES, (AVG 540229.1875)
[1, 4, 10, 23, 57, 132, 301, 701, 1654, 3900, 9306, 21390]...: 9183997: ACCEPTED IN 17 TRIES, (AVG 540235.1176470588)
[1, 4, 10, 23, 57, 132, 301, 701, 1654, 3900, 9306, 21394]...: 11888574: ACCEPTED IN 22 TRIES, (AVG 540389.7272727273)
[1, 4, 10, 23, 57, 132, 301, 701, 1654, 3900, 9306, 21395]...: 12431284: ACCEPTED IN 23 TRIES, (AVG 540490.6086956522)
[1, 4, 10, 23, 57, 132, 301, 701, 1654, 3900, 9306, 21402]...: 16219799: ACCEPTED IN 30 TRIES, (AVG 540659.9666666667)
[1, 4, 10, 23, 57, 132, 301, 701, 1654, 3900, 9306, 21407]...: 11890228: ACCEPTED IN 22 TRIES, (AVG 540464.9090909091)
[1, 4, 10, 23, 57, 132, 301, 701, 1654, 3900, 9306, 21428]...: 11890590: ACCEPTED IN 22 TRIES, (AVG 540481.3636363636)
[1, 4, 10, 23, 57, 132, 301, 701, 1654, 3900, 9306, 21432]...: 11889430: ACCEPTED IN 22 TRIES, (AVG 540428.6363636364)
[1, 4, 10, 23, 57, 132, 301, 701, 1654, 3900, 9306, 21436]...: 9185125: ACCEPTED IN 17 TRIES, (AVG 540301.4705882353)
[1, 4, 10, 23, 57, 132, 301, 701, 1654, 3900, 9306, 21444]...: 19465773: ACCEPTED IN 36 TRIES, (AVG 540715.9166666666)
[1, 4, 10, 23, 57, 132, 301, 701, 1654, 3900, 9306, 21465]...: 11888694: ACCEPTED IN 22 TRIES, (AVG 540395.1818181818)
[1, 4, 10, 23, 57, 132, 301, 701, 1654, 3900, 9306, 21469]...: 8100680: ACCEPTED IN 15 TRIES, (AVG 540045.3333333334)
[1, 4, 10, 23, 57, 132, 301, 701, 1654, 3900, 9306, 21473]...: 18924843: ACCEPTED IN 35 TRIES, (AVG 540709.8)
[1, 4, 10, 23, 57, 132, 301, 701, 1654, 3900, 9306, 21481]...: 11889753: ACCEPTED IN 22 TRIES, (AVG 540443.3181818182)
[1, 4, 10, 23, 57, 132, 301, 701, 1654, 3900, 9306, 21485]...: 11891179: ACCEPTED IN 22 TRIES, (AVG 540508.1363636364)
[1, 4, 10, 23, 57, 132, 301, 701, 1654, 3900, 9306, 21493]...: 17842663: ACCEPTED IN 33 TRIES, (AVG 540686.7575757576)
[1, 4, 10, 23, 57, 132, 301, 701, 1654, 3900, 9306, 21502]...: 14596013: ACCEPTED IN 27 TRIES, (AVG 540593.074074074)
[1, 4, 10, 23, 57, 132, 301, 701, 1654, 3900, 9306, 21506]...: 6479004: ACCEPTED IN 12 TRIES, (AVG 539917.0)
[1, 4, 10, 23, 57, 132, 301, 701, 1654, 3900, 9306, 21522]...: 9183631: ACCEPTED IN 17 TRIES, (AVG 540213.5882352941)
[1, 4, 10, 23, 57, 132, 301, 701, 1654, 3900, 9306, 21526]...: 11890694: ACCEPTED IN 22 TRIES, (AVG 540486.0909090909)
[1, 4, 10, 23, 57, 132, 301, 701, 1654, 3900, 9306, 21527]...: 10807549: ACCEPTED IN 20 TRIES, (AVG 540377.45)
[1, 4, 10, 23, 57, 132, 301, 701, 1654, 3900, 9306, 21534]...: 14596690: ACCEPTED IN 27 TRIES, (AVG 540618.1481481482)
[1, 4, 10, 23, 57, 132, 301, 701, 1654, 3900, 9306, 21539]...: 8102065: ACCEPTED IN 15 TRIES, (AVG 540137.6666666666)
[1, 4, 10, 23, 57, 132, 301, 701, 1654, 3900, 9306, 21556]...: 10266226: ACCEPTED IN 19 TRIES, (AVG 540327.6842105263)
[1, 4, 10, 23, 57, 132, 301, 701, 1654, 3900, 9306, 21564]...: 14595376: ACCEPTED IN 27 TRIES, (AVG 540569.4814814815)
[1, 4, 10, 23, 57, 132, 301, 701, 1654, 3900, 9306, 21568]...: 11890192: ACCEPTED IN 22 TRIES, (AVG 540463.2727272727)
[1, 4, 10, 23, 57, 132, 301, 701, 1654, 3900, 9306, 21576]...: 8102068: ACCEPTED IN 15 TRIES, (AVG 540137.8666666667)
[1, 4, 10, 23, 57, 132, 301, 701, 1654, 3900, 9306, 21597]...: 13512131: ACCEPTED IN 25 TRIES, (AVG 540485.24)
[1, 4, 10, 23, 57, 132, 301, 701, 1654, 3900, 9306, 21601]...: 11887334: ACCEPTED IN 22 TRIES, (AVG 540333.3636363636)
[1, 4, 10, 23, 57, 132, 301, 701, 1654, 3900, 9306, 21605]...: 8643306: ACCEPTED IN 16 TRIES, (AVG 540206.625)
[1, 4, 10, 23, 57, 132, 301, 701, 1654, 3900, 9306, 21613]...: 11888904: ACCEPTED IN 22 TRIES, (AVG 540404.7272727273)
[1, 4, 10, 23, 57, 132, 301, 701, 1654, 3900, 9306, 21617]...: 7560681: ACCEPTED IN 14 TRIES, (AVG 540048.6428571428)
[1, 4, 10, 23, 57, 132, 301, 701, 1654, 3900, 9306, 21634]...: 7561875: ACCEPTED IN 14 TRIES, (AVG 540133.9285714285)
[1, 4, 10, 23, 57, 132, 301, 701, 1654, 3900, 9306, 21638]...: 11890212: ACCEPTED IN 22 TRIES, (AVG 540464.1818181818)
[1, 4, 10, 23, 57, 132, 301, 701, 1654, 3900, 9306, 21654]...: 19466798: ACCEPTED IN 36 TRIES, (AVG 540744.3888888889)
[1, 4, 10, 23, 57, 132, 301, 701, 1654, 3900, 9306, 21658]...: 10807487: ACCEPTED IN 20 TRIES, (AVG 540374.35)
[1, 4, 10, 23, 57, 132, 301, 701, 1654, 3900, 9306, 21666]...: 12972748: ACCEPTED IN 24 TRIES, (AVG 540531.1666666666)
[1, 4, 10, 23, 57, 132, 301, 701, 1654, 3900, 9306, 21671]...: 9183638: ACCEPTED IN 17 TRIES, (AVG 540214.0)
[1, 4, 10, 23, 57, 132, 301, 701, 1654, 3900, 9306, 21675]...: 10266084: ACCEPTED IN 19 TRIES, (AVG 540320.2105263158)
[1, 4, 10, 23, 57, 132, 301, 701, 1654, 3900, 9306, 21688]...: 10808155: ACCEPTED IN 20 TRIES, (AVG 540407.75)
[1, 4, 10, 23, 57, 132, 301, 701, 1654, 3900, 9306, 21695]...: 14595655: ACCEPTED IN 27 TRIES, (AVG 540579.8148148148)
[1, 4, 10, 23, 57, 132, 301, 701, 1654, 3900, 9306, 21696]...: 10804951: ACCEPTED IN 20 TRIES, (AVG 540247.55)
[1, 4, 10, 23, 57, 132, 301, 701, 1654, 3900, 9306, 21700]...: 30287811: ACCEPTED IN 56 TRIES, (AVG 540853.7678571428)
[1, 4, 10, 23, 57, 132, 301, 701, 1654, 3900, 9306, 21708]...: 11349235: ACCEPTED IN 21 TRIES, (AVG 540439.7619047619)
[1, 4, 10, 23, 57, 132, 301, 701, 1654, 3900, 9306, 21729]...: 8100213: ACCEPTED IN 15 TRIES, (AVG 540014.2)
[1, 4, 10, 23, 57, 132, 301, 701, 1654, 3900, 9306, 21733]...: 10808246: ACCEPTED IN 20 TRIES, (AVG 540412.3)
[1, 4, 10, 23, 57, 132, 301, 701, 1654, 3900, 9306, 21737]...: 11888981: ACCEPTED IN 22 TRIES, (AVG 540408.2272727273)
[1, 4, 10, 23, 57, 132, 301, 701, 1654, 3900, 9306, 21745]...: 11888006: ACCEPTED IN 22 TRIES, (AVG 540363.9090909091)
[1, 4, 10, 23, 57, 132, 301, 701, 1654, 3900, 9306, 21749]...: 11889835: ACCEPTED IN 22 TRIES, (AVG 540447.0454545454)
[1, 4, 10, 23, 57, 132, 301, 701, 1654, 3900, 9306, 21766]...: 11348631: ACCEPTED IN 21 TRIES, (AVG 540411.0)
[1, 4, 10, 23, 57, 132, 301, 701, 1654, 3900, 9306, 21770]...: 9725893: ACCEPTED IN 18 TRIES, (AVG 540327.3888888889)
[1, 4, 10, 23, 57, 132, 301, 701, 1654, 3900, 9306, 21774]...: 8102931: ACCEPTED IN 15 TRIES, (AVG 540195.4)
[1, 4, 10, 23, 57, 132, 301, 701, 1654, 3900, 9306, 21786]...: 7561095: ACCEPTED IN 14 TRIES, (AVG 540078.2142857143)
[1, 4, 10, 23, 57, 132, 301, 701, 1654, 3900, 9306, 21790]...: 10807020: ACCEPTED IN 20 TRIES, (AVG 540351.0)
[1, 4, 10, 23, 57, 132, 301, 701, 1654, 3900, 9306, 21794]...: 7559647: ACCEPTED IN 14 TRIES, (AVG 539974.7857142857)
[1, 4, 10, 23, 57, 132, 301, 701, 1654, 3900, 9306, 21803]...: 11890714: ACCEPTED IN 22 TRIES, (AVG 540487.0)
[1, 4, 10, 23, 57, 132, 301, 701, 1654, 3900, 9306, 21807]...: 15136622: ACCEPTED IN 28 TRIES, (AVG 540593.6428571428)
[1, 4, 10, 23, 57, 132, 301, 701, 1654, 3900, 9306, 21820]...: 24878221: ACCEPTED IN 46 TRIES, (AVG 540830.8913043478)
[1, 4, 10, 23, 57, 132, 301, 701, 1654, 3900, 9306, 21827]...: 14596421: ACCEPTED IN 27 TRIES, (AVG 540608.1851851852)
[1, 4, 10, 23, 57, 132, 301, 701, 1654, 3900, 9306, 21828]...: 11348189: ACCEPTED IN 21 TRIES, (AVG 540389.9523809524)
[1, 4, 10, 23, 57, 132, 301, 701, 1654, 3900, 9306, 21832]...: 24337073: ACCEPTED IN 45 TRIES, (AVG 540823.8444444444)
[1, 4, 10, 23, 57, 132, 301, 701, 1654, 3900, 9306, 21840]...: 11890389: ACCEPTED IN 22 TRIES, (AVG 540472.2272727273)
[1, 4, 10, 23, 57, 132, 301, 701, 1654, 3900, 9306, 21857]...: 11887450: ACCEPTED IN 22 TRIES, (AVG 540338.6363636364)
[1, 4, 10, 23, 57, 132, 301, 701, 1654, 3900, 9306, 21861]...: 10808829: ACCEPTED IN 20 TRIES, (AVG 540441.45)
[1, 4, 10, 23, 57, 132, 301, 701, 1654, 3900, 9306, 21865]...: 11889655: ACCEPTED IN 22 TRIES, (AVG 540438.8636363636)
[1, 4, 10, 23, 57, 132, 301, 701, 1654, 3900, 9306, 21869]...: 11348978: ACCEPTED IN 21 TRIES, (AVG 540427.5238095238)
[1, 4, 10, 23, 57, 132, 301, 701, 1654, 3900, 9306, 21873]...: 11891162: ACCEPTED IN 22 TRIES, (AVG 540507.3636363636)
[1, 4, 10, 23, 57, 132, 301, 701, 1654, 3900, 9306, 21877]...: 13512323: ACCEPTED IN 25 TRIES, (AVG 540492.92)
[1, 4, 10, 23, 57, 132, 301, 701, 1654, 3900, 9306, 21881]...: 11349944: ACCEPTED IN 21 TRIES, (AVG 540473.5238095238)
[1, 4, 10, 23, 57, 132, 301, 701, 1654, 3900, 9306, 21898]...: 11349885: ACCEPTED IN 21 TRIES, (AVG 540470.7142857143)
[1, 4, 10, 23, 57, 132, 301, 701, 1654, 3900, 9306, 21902]...: 11349509: ACCEPTED IN 21 TRIES, (AVG 540452.8095238095)
[1, 4, 10, 23, 57, 132, 301, 701, 1654, 3900, 9306, 21906]...: 12972874: ACCEPTED IN 24 TRIES, (AVG 540536.4166666666)
[1, 4, 10, 23, 57, 132, 301, 701, 1654, 3900, 9306, 21918]...: 7020726: ACCEPTED IN 13 TRIES, (AVG 540055.8461538461)
[1, 4, 10, 23, 57, 132, 301, 701, 1654, 3900, 9306, 21922]...: 7561943: ACCEPTED IN 14 TRIES, (AVG 540138.7857142857)
[1, 4, 10, 23, 57, 132, 301, 701, 1654, 3900, 9306, 21935]...: 10265802: ACCEPTED IN 19 TRIES, (AVG 540305.3684210526)
[1, 4, 10, 23, 57, 132, 301, 701, 1654, 3900, 9306, 21939]...: 8102948: ACCEPTED IN 15 TRIES, (AVG 540196.5333333333)
[1, 4, 10, 23, 57, 132, 301, 701, 1654, 3900, 9306, 21952]...: 7559083: ACCEPTED IN 14 TRIES, (AVG 539934.5)
[1, 4, 10, 23, 57, 132, 301, 701, 1654, 3900, 9306, 21959]...: 18925292: ACCEPTED IN 35 TRIES, (AVG 540722.6285714286)
[1, 4, 10, 23, 57, 132, 301, 701, 1654, 3900, 9306, 21964]...: 18925915: ACCEPTED IN 35 TRIES, (AVG 540740.4285714285)
[1, 4, 10, 23, 57, 132, 301, 701, 1654, 3900, 9306, 21972]...: 13514295: ACCEPTED IN 25 TRIES, (AVG 540571.8)
[1, 4, 10, 23, 57, 132, 301, 701, 1654, 3900, 9306, 21976]...: 13514107: ACCEPTED IN 25 TRIES, (AVG 540564.28)
[1, 4, 10, 23, 57, 132, 301, 701, 1654, 3900, 9306, 21989]...: 11888260: ACCEPTED IN 22 TRIES, (AVG 540375.4545454546)
[1, 4, 10, 23, 57, 132, 301, 701, 1654, 3900, 9306, 21993]...: 18924808: ACCEPTED IN 35 TRIES, (AVG 540708.8)
[1, 4, 10, 23, 57, 132, 301, 701, 1654, 3900, 9306, 21997]...: 12432200: ACCEPTED IN 23 TRIES, (AVG 540530.4347826086)
[1, 4, 10, 23, 57, 132, 301, 701, 1654, 3900, 9306, 22001]...: 12431536: ACCEPTED IN 23 TRIES, (AVG 540501.5652173914)
[1, 4, 10, 23, 57, 132, 301, 701, 1654, 3900, 9306, 22005]...: 11889680: ACCEPTED IN 22 TRIES, (AVG 540440.0)
[1, 4, 10, 23, 57, 132, 301, 701, 1654, 3900, 9306, 22009]...: 8643462: ACCEPTED IN 16 TRIES, (AVG 540216.375)
[1, 4, 10, 23, 57, 132, 301, 701, 1654, 3900, 9306, 22013]...: 10806686: ACCEPTED IN 20 TRIES, (AVG 540334.3)
[1, 4, 10, 23, 57, 132, 301, 701, 1654, 3900, 9306, 22030]...: 11348789: ACCEPTED IN 21 TRIES, (AVG 540418.5238095238)
[1, 4, 10, 23, 57, 132, 301, 701, 1654, 3900, 9306, 22034]...: 12971887: ACCEPTED IN 24 TRIES, (AVG 540495.2916666666)
[1, 4, 10, 23, 57, 132, 301, 701, 1654, 3900, 9306, 22038]...: 12972471: ACCEPTED IN 24 TRIES, (AVG 540519.625)
[1, 4, 10, 23, 57, 132, 301, 701, 1654, 3900, 9306, 22046]...: 12972078: ACCEPTED IN 24 TRIES, (AVG 540503.25)
[1, 4, 10, 23, 57, 132, 301, 701, 1654, 3900, 9306, 22050]...: 10807597: ACCEPTED IN 20 TRIES, (AVG 540379.85)
[1, 4, 10, 23, 57, 132, 301, 701, 1654, 3900, 9306, 22054]...: 11890846: ACCEPTED IN 22 TRIES, (AVG 540493.0)
[1, 4, 10, 23, 57, 132, 301, 701, 1654, 3900, 9306, 22067]...: 10266746: ACCEPTED IN 19 TRIES, (AVG 540355.052631579)
[1, 4, 10, 23, 57, 132, 301, 701, 1654, 3900, 9306, 22071]...: 7560029: ACCEPTED IN 14 TRIES, (AVG 540002.0714285715)
[1, 4, 10, 23, 57, 132, 301, 701, 1654, 3900, 9306, 22075]...: 12972124: ACCEPTED IN 24 TRIES, (AVG 540505.1666666666)
[1, 4, 10, 23, 57, 132, 301, 701, 1654, 3900, 9306, 22084]...: 11889396: ACCEPTED IN 22 TRIES, (AVG 540427.0909090909)
[1, 4, 10, 23, 57, 132, 301, 701, 1654, 3900, 9306, 22091]...: 9725173: ACCEPTED IN 18 TRIES, (AVG 540287.3888888889)
[1, 4, 10, 23, 57, 132, 301, 701, 1654, 3900, 9306, 22095]...: 7560656: ACCEPTED IN 14 TRIES, (AVG 540046.8571428572)
[1, 4, 10, 23, 57, 132, 301, 701, 1654, 3900, 9306, 22096]...: 5937526: ACCEPTED IN 11 TRIES, (AVG 539775.0909090909)
[1, 4, 10, 23, 57, 132, 301, 701, 1654, 3900, 9306, 22104]...: 11887242: ACCEPTED IN 22 TRIES, (AVG 540329.1818181818)
[1, 4, 10, 23, 57, 132, 301, 701, 1654, 3900, 9306, 22108]...: 10808576: ACCEPTED IN 20 TRIES, (AVG 540428.8)
[1, 4, 10, 23, 57, 132, 301, 701, 1654, 3900, 9306, 22121]...: 7562104: ACCEPTED IN 14 TRIES, (AVG 540150.2857142857)
[1, 4, 10, 23, 57, 132, 301, 701, 1654, 3900, 9306, 22125]...: 19463466: ACCEPTED IN 36 TRIES, (AVG 540651.8333333334)
[1, 4, 10, 23, 57, 132, 301, 701, 1654, 3900, 9306, 22129]...: 12431378: ACCEPTED IN 23 TRIES, (AVG 540494.695652174)
[1, 4, 10, 23, 57, 132, 301, 701, 1654, 3900, 9306, 22133]...: 17842956: ACCEPTED IN 33 TRIES, (AVG 540695.6363636364)
[1, 4, 10, 23, 57, 132, 301, 701, 1654, 3900, 9306, 22137]...: 13513571: ACCEPTED IN 25 TRIES, (AVG 540542.84)
[1, 4, 10, 23, 57, 132, 301, 701, 1654, 3900, 9306, 22141]...: 8643513: ACCEPTED IN 16 TRIES, (AVG 540219.5625)
[1, 4, 10, 23, 57, 132, 301, 701, 1654, 3900, 9306, 22145]...: 7560463: ACCEPTED IN 14 TRIES, (AVG 540033.0714285715)
[1, 4, 10, 23, 57, 132, 301, 701, 1654, 3900, 9306, 22158]...: 11890060: ACCEPTED IN 22 TRIES, (AVG 540457.2727272727)
[1, 4, 10, 23, 57, 132, 301, 701, 1654, 3900, 9306, 22162]...: 23793336: ACCEPTED IN 44 TRIES, (AVG 540757.6363636364)
[1, 4, 10, 23, 57, 132, 301, 701, 1654, 3900, 9306, 22166]...: 10808237: ACCEPTED IN 20 TRIES, (AVG 540411.85)
[1, 4, 10, 23, 57, 132, 301, 701, 1654, 3900, 9306, 22170]...: 11348260: ACCEPTED IN 21 TRIES, (AVG 540393.3333333334)
[1, 4, 10, 23, 57, 132, 301, 701, 1654, 3900, 9306, 22174]...: 9183097: ACCEPTED IN 17 TRIES, (AVG 540182.1764705882)
[1, 4, 10, 23, 57, 132, 301, 701, 1654, 3900, 9306, 22178]...: 11349477: ACCEPTED IN 21 TRIES, (AVG 540451.2857142857)
[1, 4, 10, 23, 57, 132, 301, 701, 1654, 3900, 9306, 22182]...: 11890485: ACCEPTED IN 22 TRIES, (AVG 540476.5909090909)
[1, 4, 10, 23, 57, 132, 301, 701, 1654, 3900, 9306, 22186]...: 7020677: ACCEPTED IN 13 TRIES, (AVG 540052.0769230769)
[1, 4, 10, 23, 57, 132, 301, 701, 1654, 3900, 9306, 22199]...: 11889258: ACCEPTED IN 22 TRIES, (AVG 540420.8181818182)
[1, 4, 10, 23, 57, 132, 301, 701, 1654, 3900, 9306, 22203]...: 5397222: ACCEPTED IN 10 TRIES, (AVG 539722.2)
[1, 4, 10, 23, 57, 132, 301, 701, 1654, 3900, 9306, 22207]...: 11890086: ACCEPTED IN 22 TRIES, (AVG 540458.4545454546)
[1, 4, 10, 23, 57, 132, 301, 701, 1654, 3900, 9306, 22216]...: 15137451: ACCEPTED IN 28 TRIES, (AVG 540623.25)
[1, 4, 10, 23, 57, 132, 301, 701, 1654, 3900, 9306, 22223]...: 8642024: ACCEPTED IN 16 TRIES, (AVG 540126.5)
[1, 4, 10, 23, 57, 132, 301, 701, 1654, 3900, 9306, 22227]...: 11890700: ACCEPTED IN 22 TRIES, (AVG 540486.3636363636)
[1, 4, 10, 23, 57, 132, 301, 701, 1654, 3900, 9306, 22228]...: 11888558: ACCEPTED IN 22 TRIES, (AVG 540389.0)
[1, 4, 10, 23, 57, 132, 301, 701, 1654, 3900, 9306, 22236]...: 7020824: ACCEPTED IN 13 TRIES, (AVG 540063.3846153846)
[1, 4, 10, 23, 57, 132, 301, 701, 1654, 3900, 9306, 22240]...: 11349215: ACCEPTED IN 21 TRIES, (AVG 540438.8095238095)
[1, 4, 10, 23, 57, 132, 301, 701, 1654, 3900, 9306, 22253]...: 15137373: ACCEPTED IN 28 TRIES, (AVG 540620.4642857143)
[1, 4, 10, 23, 57, 132, 301, 701, 1654, 3900, 9306, 22257]...: 10806772: ACCEPTED IN 20 TRIES, (AVG 540338.6)
[1, 4, 10, 23, 57, 132, 301, 701, 1654, 3900, 9306, 22265]...: 12431789: ACCEPTED IN 23 TRIES, (AVG 540512.5652173914)
[1, 4, 10, 23, 57, 132, 301, 701, 1654, 3900, 9306, 22269]...: 10808645: ACCEPTED IN 20 TRIES, (AVG 540432.25)
[1, 4, 10, 23, 57, 132, 301, 701, 1654, 3900, 9306, 22273]...: 7020545: ACCEPTED IN 13 TRIES, (AVG 540041.9230769231)
[1, 4, 10, 23, 57, 132, 301, 701, 1654, 3900, 9306, 22277]...: 10806522: ACCEPTED IN 20 TRIES, (AVG 540326.1)
[1, 4, 10, 23, 57, 132, 301, 701, 1654, 3900, 9306, 22290]...: 11349751: ACCEPTED IN 21 TRIES, (AVG 540464.3333333334)
[1, 4, 10, 23, 57, 132, 301, 701, 1654, 3900, 9306, 22294]...: 5938442: ACCEPTED IN 11 TRIES, (AVG 539858.3636363636)
[1, 4, 10, 23, 57, 132, 301, 701, 1654, 3900, 9306, 22298]...: 11889498: ACCEPTED IN 22 TRIES, (AVG 540431.7272727273)
[1, 4, 10, 23, 57, 132, 301, 701, 1654, 3900, 9306, 22302]...: 11887913: ACCEPTED IN 22 TRIES, (AVG 540359.6818181818)
[1, 4, 10, 23, 57, 132, 301, 701, 1654, 3900, 9306, 22306]...: 7561555: ACCEPTED IN 14 TRIES, (AVG 540111.0714285715)
[1, 4, 10, 23, 57, 132, 301, 701, 1654, 3900, 9306, 22310]...: 12432334: ACCEPTED IN 23 TRIES, (AVG 540536.2608695652)
[1, 4, 10, 23, 57, 132, 301, 701, 1654, 3900, 9306, 22314]...: 10807831: ACCEPTED IN 20 TRIES, (AVG 540391.55)
[1, 4, 10, 23, 57, 132, 301, 701, 1654, 3900, 9306, 22318]...: 7561468: ACCEPTED IN 14 TRIES, (AVG 540104.8571428572)
[1, 4, 10, 23, 57, 132, 301, 701, 1654, 3900, 9306, 22331]...: 8101718: ACCEPTED IN 15 TRIES, (AVG 540114.5333333333)
