[1, 4, 10, 23, 57, 132, 301, 701, 1654, 3900, 9322, 20510]...: 27584126: ACCEPTED IN 51 TRIES, (AVG 540865.2156862745)
[1, 4, 10, 23, 57, 132, 301, 701, 1654, 3900, 9322, 20519]...: 15678899: ACCEPTED IN 29 TRIES, (AVG 540651.6896551724)
[1, 4, 10, 23, 57, 132, 301, 701, 1654, 3900, 9322, 20523]...: 22172525: ACCEPTED IN 41 TRIES, (AVG 540793.2926829269)
[1, 4, 10, 23, 57, 132, 301, 701, 1654, 3900, 9322, 20531]...: 23793335: ACCEPTED IN 44 TRIES, (AVG 540757.6136363636)
[1, 4, 10, 23, 57, 132, 301, 701, 1654, 3900, 9322, 20535]...: 16760767: ACCEPTED IN 31 TRIES, (AVG 540669.9032258064)
[1, 4, 10, 23, 57, 132, 301, 701, 1654, 3900, 9322, 20536]...: 32453955: ACCEPTED IN 60 TRIES, (AVG 540899.25)
[1, 4, 10, 23, 57, 132, 301, 701, 1654, 3900, 9322, 20539]...: 14596666: ACCEPTED IN 27 TRIES, (AVG 540617.2592592592)
[1, 4, 10, 23, 57, 132, 301, 701, 1654, 3900, 9322, 20543]...: 44899092: ACCEPTED IN 83 TRIES, (AVG 540952.9156626506)
[1, 4, 10, 23, 57, 132, 301, 701, 1654, 3900, 9322, 20544]...: 18384195: ACCEPTED IN 34 TRIES, (AVG 540711.6176470588)
[1, 4, 10, 23, 57, 132, 301, 701, 1654, 3900, 9322, 20547]...: 18925931: ACCEPTED IN 35 TRIES, (AVG 540740.8857142857)
[1, 4, 10, 23, 57, 132, 301, 701, 1654, 3900, 9322, 20548]...: 32453696: ACCEPTED IN 60 TRIES, (AVG 540894.9333333333)
[1, 4, 10, 23, 57, 132, 301, 701, 1654, 3900, 9322, 20556]...: 27582803: ACCEPTED IN 51 TRIES, (AVG 540839.274509804)
[1, 4, 10, 23, 57, 132, 301, 701, 1654, 3900, 9322, 20560]...: 32994662: ACCEPTED IN 61 TRIES, (AVG 540896.0983606557)
[1, 4, 10, 23, 57, 132, 301, 701, 1654, 3900, 9322, 20564]...: 14596561: ACCEPTED IN 27 TRIES, (AVG 540613.3703703703)
[1, 4, 10, 23, 57, 132, 301, 701, 1654, 3900, 9322, 20568]...: 17843563: ACCEPTED IN 33 TRIES, (AVG 540714.0303030303)
[1, 4, 10, 23, 57, 132, 301, 701, 1654, 3900, 9322, 20572]...: 30288432: ACCEPTED IN 56 TRIES, (AVG 540864.8571428572)
[1, 4, 10, 23, 57, 132, 301, 701, 1654, 3900, 9322, 20576]...: 47064734: ACCEPTED IN 87 TRIES, (AVG 540973.9540229886)
[1, 4, 10, 23, 57, 132, 301, 701, 1654, 3900, 9322, 20577]...: 25419037: ACCEPTED IN 47 TRIES, (AVG 540830.5744680851)
[1, 4, 10, 23, 57, 132, 301, 701, 1654, 3900, 9322, 20580]...: 12973049: ACCEPTED IN 24 TRIES, (AVG 540543.7083333334)
[1, 4, 10, 23, 57, 132, 301, 701, 1654, 3900, 9322, 20581]...: 45982624: ACCEPTED IN 85 TRIES, (AVG 540972.0470588235)
[1, 4, 10, 23, 57, 132, 301, 701, 1654, 3900, 9322, 20584]...: 30830711: ACCEPTED IN 57 TRIES, (AVG 540889.6666666666)
[1, 4, 10, 23, 57, 132, 301, 701, 1654, 3900, 9322, 20585]...: 24877556: ACCEPTED IN 46 TRIES, (AVG 540816.4347826086)
[1, 4, 10, 23, 57, 132, 301, 701, 1654, 3900, 9322, 20589]...: 25959167: ACCEPTED IN 48 TRIES, (AVG 540815.9791666666)
[1, 4, 10, 23, 57, 132, 301, 701, 1654, 3900, 9322, 20593]...: 25419006: ACCEPTED IN 47 TRIES, (AVG 540829.914893617)
[1, 4, 10, 23, 57, 132, 301, 701, 1654, 3900, 9322, 20597]...: 28665733: ACCEPTED IN 53 TRIES, (AVG 540862.8867924528)
[1, 4, 10, 23, 57, 132, 301, 701, 1654, 3900, 9322, 20601]...: 17842682: ACCEPTED IN 33 TRIES, (AVG 540687.3333333334)
[1, 4, 10, 23, 57, 132, 301, 701, 1654, 3900, 9322, 20605]...: 17842978: ACCEPTED IN 33 TRIES, (AVG 540696.303030303)
[1, 4, 10, 23, 57, 132, 301, 701, 1654, 3900, 9322, 20614]...: 18383955: ACCEPTED IN 34 TRIES, (AVG 540704.5588235294)
[1, 4, 10, 23, 57, 132, 301, 701, 1654, 3900, 9322, 20617]...: 18384103: ACCEPTED IN 34 TRIES, (AVG 540708.9117647059)
[1, 4, 10, 23, 57, 132, 301, 701, 1654, 3900, 9322, 20618]...: 12972696: ACCEPTED IN 24 TRIES, (AVG 540529.0)
[1, 4, 10, 23, 57, 132, 301, 701, 1654, 3900, 9322, 20621]...: 26500868: ACCEPTED IN 49 TRIES, (AVG 540834.0408163265)
[1, 4, 10, 23, 57, 132, 301, 701, 1654, 3900, 9322, 20622]...: 37865080: ACCEPTED IN 70 TRIES, (AVG 540929.7142857143)
[1, 4, 10, 23, 57, 132, 301, 701, 1654, 3900, 9322, 20626]...: 25957569: ACCEPTED IN 48 TRIES, (AVG 540782.6875)
[1, 4, 10, 23, 57, 132, 301, 701, 1654, 3900, 9322, 20630]...: 30830639: ACCEPTED IN 57 TRIES, (AVG 540888.4035087719)
[1, 4, 10, 23, 57, 132, 301, 701, 1654, 3900, 9322, 20634]...: 17301126: ACCEPTED IN 32 TRIES, (AVG 540660.1875)
[1, 4, 10, 23, 57, 132, 301, 701, 1654, 3900, 9322, 20638]...: 47605484: ACCEPTED IN 88 TRIES, (AVG 540971.4090909091)
[1, 4, 10, 23, 57, 132, 301, 701, 1654, 3900, 9322, 20651]...: 15137686: ACCEPTED IN 28 TRIES, (AVG 540631.6428571428)
[1, 4, 10, 23, 57, 132, 301, 701, 1654, 3900, 9322, 20655]...: 25419471: ACCEPTED IN 47 TRIES, (AVG 540839.8085106383)
[1, 4, 10, 23, 57, 132, 301, 701, 1654, 3900, 9322, 20659]...: 18382982: ACCEPTED IN 34 TRIES, (AVG 540675.9411764706)
[1, 4, 10, 23, 57, 132, 301, 701, 1654, 3900, 9322, 20663]...: 13514249: ACCEPTED IN 25 TRIES, (AVG 540569.96)
[1, 4, 10, 23, 57, 132, 301, 701, 1654, 3900, 9322, 20667]...: 34617533: ACCEPTED IN 64 TRIES, (AVG 540898.953125)
[1, 4, 10, 23, 57, 132, 301, 701, 1654, 3900, 9322, 20668]...: 16219355: ACCEPTED IN 30 TRIES, (AVG 540645.1666666666)
[1, 4, 10, 23, 57, 132, 301, 701, 1654, 3900, 9322, 20671]...: 24877960: ACCEPTED IN 46 TRIES, (AVG 540825.2173913043)
[1, 4, 10, 23, 57, 132, 301, 701, 1654, 3900, 9322, 20675]...: 18384453: ACCEPTED IN 34 TRIES, (AVG 540719.2058823529)
[1, 4, 10, 23, 57, 132, 301, 701, 1654, 3900, 9322, 20676]...: 13513008: ACCEPTED IN 25 TRIES, (AVG 540520.32)
[1, 4, 10, 23, 57, 132, 301, 701, 1654, 3900, 9322, 20679]...: 25957434: ACCEPTED IN 48 TRIES, (AVG 540779.875)
[1, 4, 10, 23, 57, 132, 301, 701, 1654, 3900, 9322, 20680]...: 27582207: ACCEPTED IN 51 TRIES, (AVG 540827.5882352941)
[1, 4, 10, 23, 57, 132, 301, 701, 1654, 3900, 9322, 20688]...: 30288418: ACCEPTED IN 56 TRIES, (AVG 540864.6071428572)
[1, 4, 10, 23, 57, 132, 301, 701, 1654, 3900, 9322, 20692]...: 45439876: ACCEPTED IN 84 TRIES, (AVG 540950.9047619047)
[1, 4, 10, 23, 57, 132, 301, 701, 1654, 3900, 9322, 20696]...: 14595648: ACCEPTED IN 27 TRIES, (AVG 540579.5555555555)
[1, 4, 10, 23, 57, 132, 301, 701, 1654, 3900, 9322, 20700]...: 26501824: ACCEPTED IN 49 TRIES, (AVG 540853.5510204082)
[1, 4, 10, 23, 57, 132, 301, 701, 1654, 3900, 9322, 20704]...: 30828176: ACCEPTED IN 57 TRIES, (AVG 540845.1929824562)
[1, 4, 10, 23, 57, 132, 301, 701, 1654, 3900, 9322, 20708]...: 26501215: ACCEPTED IN 49 TRIES, (AVG 540841.1224489796)
[1, 4, 10, 23, 57, 132, 301, 701, 1654, 3900, 9322, 20709]...: 9725988: ACCEPTED IN 18 TRIES, (AVG 540332.6666666666)
[1, 4, 10, 23, 57, 132, 301, 701, 1654, 3900, 9322, 20712]...: 47063225: ACCEPTED IN 87 TRIES, (AVG 540956.6091954022)
[1, 4, 10, 23, 57, 132, 301, 701, 1654, 3900, 9322, 20713]...: 14055345: ACCEPTED IN 26 TRIES, (AVG 540590.1923076923)
[1, 4, 10, 23, 57, 132, 301, 701, 1654, 3900, 9322, 20716]...: 15137644: ACCEPTED IN 28 TRIES, (AVG 540630.1428571428)
[1, 4, 10, 23, 57, 132, 301, 701, 1654, 3900, 9322, 20717]...: 32453066: ACCEPTED IN 60 TRIES, (AVG 540884.4333333333)
[1, 4, 10, 23, 57, 132, 301, 701, 1654, 3900, 9322, 20721]...: 15678174: ACCEPTED IN 29 TRIES, (AVG 540626.6896551724)
[1, 4, 10, 23, 57, 132, 301, 701, 1654, 3900, 9322, 20725]...: 17841709: ACCEPTED IN 33 TRIES, (AVG 540657.8484848485)
[1, 4, 10, 23, 57, 132, 301, 701, 1654, 3900, 9322, 20729]...: 29746522: ACCEPTED IN 55 TRIES, (AVG 540845.8545454545)
[1, 4, 10, 23, 57, 132, 301, 701, 1654, 3900, 9322, 20733]...: 9726351: ACCEPTED IN 18 TRIES, (AVG 540352.8333333334)
[1, 4, 10, 23, 57, 132, 301, 701, 1654, 3900, 9322, 20737]...: 12971189: ACCEPTED IN 24 TRIES, (AVG 540466.2083333334)
[1, 4, 10, 23, 57, 132, 301, 701, 1654, 3900, 9322, 20741]...: 14596509: ACCEPTED IN 27 TRIES, (AVG 540611.4444444445)
[1, 4, 10, 23, 57, 132, 301, 701, 1654, 3900, 9322, 20746]...: 12973240: ACCEPTED IN 24 TRIES, (AVG 540551.6666666666)
[1, 4, 10, 23, 57, 132, 301, 701, 1654, 3900, 9322, 20749]...: 9725552: ACCEPTED IN 18 TRIES, (AVG 540308.4444444445)
[1, 4, 10, 23, 57, 132, 301, 701, 1654, 3900, 9322, 20750]...: 25960428: ACCEPTED IN 48 TRIES, (AVG 540842.25)
[1, 4, 10, 23, 57, 132, 301, 701, 1654, 3900, 9322, 20753]...: 34618352: ACCEPTED IN 64 TRIES, (AVG 540911.75)
[1, 4, 10, 23, 57, 132, 301, 701, 1654, 3900, 9322, 20754]...: 28666393: ACCEPTED IN 53 TRIES, (AVG 540875.3396226416)
[1, 4, 10, 23, 57, 132, 301, 701, 1654, 3900, 9322, 20758]...: 64919660: ACCEPTED IN 120 TRIES, (AVG 540997.1666666666)
[1, 4, 10, 23, 57, 132, 301, 701, 1654, 3900, 9322, 20762]...: 13513845: ACCEPTED IN 25 TRIES, (AVG 540553.8)
[1, 4, 10, 23, 57, 132, 301, 701, 1654, 3900, 9322, 20766]...: 35700653: ACCEPTED IN 66 TRIES, (AVG 540918.9848484849)
[1, 4, 10, 23, 57, 132, 301, 701, 1654, 3900, 9322, 20770]...: 16219512: ACCEPTED IN 30 TRIES, (AVG 540650.4)
[1, 4, 10, 23, 57, 132, 301, 701, 1654, 3900, 9322, 20783]...: 20549012: ACCEPTED IN 38 TRIES, (AVG 540763.4736842106)
[1, 4, 10, 23, 57, 132, 301, 701, 1654, 3900, 9322, 20787]...: 14596222: ACCEPTED IN 27 TRIES, (AVG 540600.8148148148)
[1, 4, 10, 23, 57, 132, 301, 701, 1654, 3900, 9322, 20790]...: 12430663: ACCEPTED IN 23 TRIES, (AVG 540463.6086956522)
[1, 4, 10, 23, 57, 132, 301, 701, 1654, 3900, 9322, 20791]...: 27583273: ACCEPTED IN 51 TRIES, (AVG 540848.4901960784)
[1, 4, 10, 23, 57, 132, 301, 701, 1654, 3900, 9322, 20795]...: 17842963: ACCEPTED IN 33 TRIES, (AVG 540695.8484848485)
[1, 4, 10, 23, 57, 132, 301, 701, 1654, 3900, 9322, 20799]...: 26499817: ACCEPTED IN 49 TRIES, (AVG 540812.5918367347)
[1, 4, 10, 23, 57, 132, 301, 701, 1654, 3900, 9322, 20800]...: 11888989: ACCEPTED IN 22 TRIES, (AVG 540408.5909090909)
[1, 4, 10, 23, 57, 132, 301, 701, 1654, 3900, 9322, 20803]...: 29744363: ACCEPTED IN 55 TRIES, (AVG 540806.6)
[1, 4, 10, 23, 57, 132, 301, 701, 1654, 3900, 9322, 20807]...: 34075982: ACCEPTED IN 63 TRIES, (AVG 540888.6031746032)
[1, 4, 10, 23, 57, 132, 301, 701, 1654, 3900, 9322, 20808]...: 23795079: ACCEPTED IN 44 TRIES, (AVG 540797.25)
[1, 4, 10, 23, 57, 132, 301, 701, 1654, 3900, 9322, 20811]...: 28125162: ACCEPTED IN 52 TRIES, (AVG 540868.5)
[1, 4, 10, 23, 57, 132, 301, 701, 1654, 3900, 9322, 20812]...: 24337186: ACCEPTED IN 45 TRIES, (AVG 540826.3555555556)
[1, 4, 10, 23, 57, 132, 301, 701, 1654, 3900, 9322, 20820]...: 25418861: ACCEPTED IN 47 TRIES, (AVG 540826.8297872341)
[1, 4, 10, 23, 57, 132, 301, 701, 1654, 3900, 9322, 20824]...: 17842658: ACCEPTED IN 33 TRIES, (AVG 540686.6060606061)
[1, 4, 10, 23, 57, 132, 301, 701, 1654, 3900, 9322, 20828]...: 15678025: ACCEPTED IN 29 TRIES, (AVG 540621.551724138)
[1, 4, 10, 23, 57, 132, 301, 701, 1654, 3900, 9322, 20832]...: 17839333: ACCEPTED IN 33 TRIES, (AVG 540585.8484848485)
[1, 4, 10, 23, 57, 132, 301, 701, 1654, 3900, 9322, 20836]...: 15678415: ACCEPTED IN 29 TRIES, (AVG 540635.0)
[1, 4, 10, 23, 57, 132, 301, 701, 1654, 3900, 9322, 20837]...: 10266935: ACCEPTED IN 19 TRIES, (AVG 540365.0)
[1, 4, 10, 23, 57, 132, 301, 701, 1654, 3900, 9322, 20840]...: 29747802: ACCEPTED IN 55 TRIES, (AVG 540869.1272727273)
[1, 4, 10, 23, 57, 132, 301, 701, 1654, 3900, 9322, 20841]...: 31910760: ACCEPTED IN 59 TRIES, (AVG 540860.3389830509)
[1, 4, 10, 23, 57, 132, 301, 701, 1654, 3900, 9322, 20844]...: 24876970: ACCEPTED IN 46 TRIES, (AVG 540803.695652174)
[1, 4, 10, 23, 57, 132, 301, 701, 1654, 3900, 9322, 20845]...: 13513405: ACCEPTED IN 25 TRIES, (AVG 540536.2)
[1, 4, 10, 23, 57, 132, 301, 701, 1654, 3900, 9322, 20848]...: 18383411: ACCEPTED IN 34 TRIES, (AVG 540688.5588235294)
[1, 4, 10, 23, 57, 132, 301, 701, 1654, 3900, 9322, 20849]...: 21090209: ACCEPTED IN 39 TRIES, (AVG 540774.5897435897)
[1, 4, 10, 23, 57, 132, 301, 701, 1654, 3900, 9322, 20853]...: 48688377: ACCEPTED IN 90 TRIES, (AVG 540981.9666666667)
[1, 4, 10, 23, 57, 132, 301, 701, 1654, 3900, 9322, 20857]...: 14596212: ACCEPTED IN 27 TRIES, (AVG 540600.4444444445)
[1, 4, 10, 23, 57, 132, 301, 701, 1654, 3900, 9322, 20861]...: 27041639: ACCEPTED IN 50 TRIES, (AVG 540832.78)
[1, 4, 10, 23, 57, 132, 301, 701, 1654, 3900, 9322, 20865]...: 14596301: ACCEPTED IN 27 TRIES, (AVG 540603.7407407408)
[1, 4, 10, 23, 57, 132, 301, 701, 1654, 3900, 9322, 20873]...: 50849494: ACCEPTED IN 94 TRIES, (AVG 540952.0638297872)
[1, 4, 10, 23, 57, 132, 301, 701, 1654, 3900, 9322, 20878]...: 12429944: ACCEPTED IN 23 TRIES, (AVG 540432.3478260869)
[1, 4, 10, 23, 57, 132, 301, 701, 1654, 3900, 9322, 20881]...: 14596593: ACCEPTED IN 27 TRIES, (AVG 540614.5555555555)
[1, 4, 10, 23, 57, 132, 301, 701, 1654, 3900, 9322, 20882]...: 25960029: ACCEPTED IN 48 TRIES, (AVG 540833.9375)
[1, 4, 10, 23, 57, 132, 301, 701, 1654, 3900, 9322, 20885]...: 47064922: ACCEPTED IN 87 TRIES, (AVG 540976.1149425288)
[1, 4, 10, 23, 57, 132, 301, 701, 1654, 3900, 9322, 20886]...: 28125160: ACCEPTED IN 52 TRIES, (AVG 540868.4615384615)
[1, 4, 10, 23, 57, 132, 301, 701, 1654, 3900, 9322, 20894]...: 17301893: ACCEPTED IN 32 TRIES, (AVG 540684.15625)
[1, 4, 10, 23, 57, 132, 301, 701, 1654, 3900, 9322, 20898]...: 12973396: ACCEPTED IN 24 TRIES, (AVG 540558.1666666666)
[1, 4, 10, 23, 57, 132, 301, 701, 1654, 3900, 9322, 20902]...: 32454083: ACCEPTED IN 60 TRIES, (AVG 540901.3833333333)
[1, 4, 10, 23, 57, 132, 301, 701, 1654, 3900, 9322, 20915]...: 20008063: ACCEPTED IN 37 TRIES, (AVG 540758.4594594594)
[1, 4, 10, 23, 57, 132, 301, 701, 1654, 3900, 9322, 20919]...: 16219108: ACCEPTED IN 30 TRIES, (AVG 540636.9333333333)
[1, 4, 10, 23, 57, 132, 301, 701, 1654, 3900, 9322, 20922]...: 18383929: ACCEPTED IN 34 TRIES, (AVG 540703.7941176471)
[1, 4, 10, 23, 57, 132, 301, 701, 1654, 3900, 9322, 20923]...: 25418899: ACCEPTED IN 47 TRIES, (AVG 540827.6382978724)
[1, 4, 10, 23, 57, 132, 301, 701, 1654, 3900, 9322, 20927]...: 30288541: ACCEPTED IN 56 TRIES, (AVG 540866.8035714285)
[1, 4, 10, 23, 57, 132, 301, 701, 1654, 3900, 9322, 20931]...: 14595286: ACCEPTED IN 27 TRIES, (AVG 540566.1481481482)
[1, 4, 10, 23, 57, 132, 301, 701, 1654, 3900, 9322, 20932]...: 24876990: ACCEPTED IN 46 TRIES, (AVG 540804.1304347826)
[1, 4, 10, 23, 57, 132, 301, 701, 1654, 3900, 9322, 20935]...: 12972412: ACCEPTED IN 24 TRIES, (AVG 540517.1666666666)
[1, 4, 10, 23, 57, 132, 301, 701, 1654, 3900, 9322, 20939]...: 27583430: ACCEPTED IN 51 TRIES, (AVG 540851.568627451)
[1, 4, 10, 23, 57, 132, 301, 701, 1654, 3900, 9322, 20944]...: 15135488: ACCEPTED IN 28 TRIES, (AVG 540553.1428571428)
[1, 4, 10, 23, 57, 132, 301, 701, 1654, 3900, 9322, 20952]...: 13512680: ACCEPTED IN 25 TRIES, (AVG 540507.2)
[1, 4, 10, 23, 57, 132, 301, 701, 1654, 3900, 9322, 20956]...: 25960402: ACCEPTED IN 48 TRIES, (AVG 540841.7083333334)
[1, 4, 10, 23, 57, 132, 301, 701, 1654, 3900, 9322, 20960]...: 29206245: ACCEPTED IN 54 TRIES, (AVG 540856.3888888889)
[1, 4, 10, 23, 57, 132, 301, 701, 1654, 3900, 9322, 20964]...: 26501395: ACCEPTED IN 49 TRIES, (AVG 540844.7959183673)
[1, 4, 10, 23, 57, 132, 301, 701, 1654, 3900, 9322, 20968]...: 17302355: ACCEPTED IN 32 TRIES, (AVG 540698.59375)
[1, 4, 10, 23, 57, 132, 301, 701, 1654, 3900, 9322, 20969]...: 17843245: ACCEPTED IN 33 TRIES, (AVG 540704.3939393939)
[1, 4, 10, 23, 57, 132, 301, 701, 1654, 3900, 9322, 20972]...: 5396965: ACCEPTED IN 10 TRIES, (AVG 539696.5)
[1, 4, 10, 23, 57, 132, 301, 701, 1654, 3900, 9322, 20973]...: 18384611: ACCEPTED IN 34 TRIES, (AVG 540723.8529411765)
[1, 4, 10, 23, 57, 132, 301, 701, 1654, 3900, 9322, 20976]...: 22713416: ACCEPTED IN 42 TRIES, (AVG 540795.619047619)
[1, 4, 10, 23, 57, 132, 301, 701, 1654, 3900, 9322, 20977]...: 34077598: ACCEPTED IN 63 TRIES, (AVG 540914.253968254)
[1, 4, 10, 23, 57, 132, 301, 701, 1654, 3900, 9322, 20980]...: 16761388: ACCEPTED IN 31 TRIES, (AVG 540689.9354838709)
[1, 4, 10, 23, 57, 132, 301, 701, 1654, 3900, 9322, 20981]...: 18381558: ACCEPTED IN 34 TRIES, (AVG 540634.0588235294)
[1, 4, 10, 23, 57, 132, 301, 701, 1654, 3900, 9322, 20985]...: 27583340: ACCEPTED IN 51 TRIES, (AVG 540849.8039215687)
[1, 4, 10, 23, 57, 132, 301, 701, 1654, 3900, 9322, 20989]...: 18925239: ACCEPTED IN 35 TRIES, (AVG 540721.1142857143)
[1, 4, 10, 23, 57, 132, 301, 701, 1654, 3900, 9322, 20993]...: 20007330: ACCEPTED IN 37 TRIES, (AVG 540738.6486486486)
[1, 4, 10, 23, 57, 132, 301, 701, 1654, 3900, 9322, 20997]...: 25417690: ACCEPTED IN 47 TRIES, (AVG 540801.914893617)
[1, 4, 10, 23, 57, 132, 301, 701, 1654, 3900, 9322, 21001]...: 64921461: ACCEPTED IN 120 TRIES, (AVG 541012.175)
[1, 4, 10, 23, 57, 132, 301, 701, 1654, 3900, 9322, 21005]...: 24335909: ACCEPTED IN 45 TRIES, (AVG 540797.9777777778)
[1, 4, 10, 23, 57, 132, 301, 701, 1654, 3900, 9322, 21010]...: 31911761: ACCEPTED IN 59 TRIES, (AVG 540877.3050847457)
[1, 4, 10, 23, 57, 132, 301, 701, 1654, 3900, 9322, 21013]...: 30830527: ACCEPTED IN 57 TRIES, (AVG 540886.4385964912)
[1, 4, 10, 23, 57, 132, 301, 701, 1654, 3900, 9322, 21014]...: 9185480: ACCEPTED IN 17 TRIES, (AVG 540322.3529411765)
[1, 4, 10, 23, 57, 132, 301, 701, 1654, 3900, 9322, 21017]...: 11891172: ACCEPTED IN 22 TRIES, (AVG 540507.8181818182)
[1, 4, 10, 23, 57, 132, 301, 701, 1654, 3900, 9322, 21018]...: 10266626: ACCEPTED IN 19 TRIES, (AVG 540348.7368421053)
[1, 4, 10, 23, 57, 132, 301, 701, 1654, 3900, 9322, 21026]...: 15137225: ACCEPTED IN 28 TRIES, (AVG 540615.1785714285)
[1, 4, 10, 23, 57, 132, 301, 701, 1654, 3900, 9322, 21030]...: 26500197: ACCEPTED IN 49 TRIES, (AVG 540820.3469387755)
[1, 4, 10, 23, 57, 132, 301, 701, 1654, 3900, 9322, 21034]...: 12972851: ACCEPTED IN 24 TRIES, (AVG 540535.4583333334)
[1, 4, 10, 23, 57, 132, 301, 701, 1654, 3900, 9322, 21042]...: 14595795: ACCEPTED IN 27 TRIES, (AVG 540585.0)
[1, 4, 10, 23, 57, 132, 301, 701, 1654, 3900, 9322, 21047]...: 12431160: ACCEPTED IN 23 TRIES, (AVG 540485.2173913043)
[1, 4, 10, 23, 57, 132, 301, 701, 1654, 3900, 9322, 21051]...: 11889165: ACCEPTED IN 22 TRIES, (AVG 540416.5909090909)
[1, 4, 10, 23, 57, 132, 301, 701, 1654, 3900, 9322, 21054]...: 15137979: ACCEPTED IN 28 TRIES, (AVG 540642.1071428572)
[1, 4, 10, 23, 57, 132, 301, 701, 1654, 3900, 9322, 21055]...: 21087657: ACCEPTED IN 39 TRIES, (AVG 540709.1538461539)
[1, 4, 10, 23, 57, 132, 301, 701, 1654, 3900, 9322, 21059]...: 18383608: ACCEPTED IN 34 TRIES, (AVG 540694.3529411765)
[1, 4, 10, 23, 57, 132, 301, 701, 1654, 3900, 9322, 21063]...: 15678856: ACCEPTED IN 29 TRIES, (AVG 540650.2068965518)
[1, 4, 10, 23, 57, 132, 301, 701, 1654, 3900, 9322, 21064]...: 9724374: ACCEPTED IN 18 TRIES, (AVG 540243.0)
[1, 4, 10, 23, 57, 132, 301, 701, 1654, 3900, 9322, 21067]...: 12430915: ACCEPTED IN 23 TRIES, (AVG 540474.5652173914)
[1, 4, 10, 23, 57, 132, 301, 701, 1654, 3900, 9322, 21071]...: 16760359: ACCEPTED IN 31 TRIES, (AVG 540656.7419354839)
[1, 4, 10, 23, 57, 132, 301, 701, 1654, 3900, 9322, 21076]...: 47064557: ACCEPTED IN 87 TRIES, (AVG 540971.9195402298)
[1, 4, 10, 23, 57, 132, 301, 701, 1654, 3900, 9322, 21084]...: 27582457: ACCEPTED IN 51 TRIES, (AVG 540832.4901960784)
[1, 4, 10, 23, 57, 132, 301, 701, 1654, 3900, 9322, 21088]...: 15137939: ACCEPTED IN 28 TRIES, (AVG 540640.6785714285)
[1, 4, 10, 23, 57, 132, 301, 701, 1654, 3900, 9322, 21092]...: 24878377: ACCEPTED IN 46 TRIES, (AVG 540834.2826086957)
[1, 4, 10, 23, 57, 132, 301, 701, 1654, 3900, 9322, 21096]...: 29748560: ACCEPTED IN 55 TRIES, (AVG 540882.9090909091)
[1, 4, 10, 23, 57, 132, 301, 701, 1654, 3900, 9322, 21100]...: 27583792: ACCEPTED IN 51 TRIES, (AVG 540858.6666666666)
[1, 4, 10, 23, 57, 132, 301, 701, 1654, 3900, 9322, 21101]...: 18925973: ACCEPTED IN 35 TRIES, (AVG 540742.0857142857)
[1, 4, 10, 23, 57, 132, 301, 701, 1654, 3900, 9322, 21104]...: 12973113: ACCEPTED IN 24 TRIES, (AVG 540546.375)
[1, 4, 10, 23, 57, 132, 301, 701, 1654, 3900, 9322, 21105]...: 24876503: ACCEPTED IN 46 TRIES, (AVG 540793.5434782609)
[1, 4, 10, 23, 57, 132, 301, 701, 1654, 3900, 9322, 21108]...: 21088800: ACCEPTED IN 39 TRIES, (AVG 540738.4615384615)
[1, 4, 10, 23, 57, 132, 301, 701, 1654, 3900, 9322, 21109]...: 18925300: ACCEPTED IN 35 TRIES, (AVG 540722.8571428572)
[1, 4, 10, 23, 57, 132, 301, 701, 1654, 3900, 9322, 21112]...: 27583521: ACCEPTED IN 51 TRIES, (AVG 540853.3529411765)
[1, 4, 10, 23, 57, 132, 301, 701, 1654, 3900, 9322, 21113]...: 29747948: ACCEPTED IN 55 TRIES, (AVG 540871.7818181819)
[1, 4, 10, 23, 57, 132, 301, 701, 1654, 3900, 9322, 21117]...: 17842699: ACCEPTED IN 33 TRIES, (AVG 540687.8484848485)
[1, 4, 10, 23, 57, 132, 301, 701, 1654, 3900, 9322, 21121]...: 15137773: ACCEPTED IN 28 TRIES, (AVG 540634.75)
[1, 4, 10, 23, 57, 132, 301, 701, 1654, 3900, 9322, 21129]...: 18382139: ACCEPTED IN 34 TRIES, (AVG 540651.1470588235)
[1, 4, 10, 23, 57, 132, 301, 701, 1654, 3900, 9322, 21133]...: 54639331: ACCEPTED IN 101 TRIES, (AVG 540983.4752475248)
[1, 4, 10, 23, 57, 132, 301, 701, 1654, 3900, 9322, 21137]...: 27581713: ACCEPTED IN 51 TRIES, (AVG 540817.9019607843)
[1, 4, 10, 23, 57, 132, 301, 701, 1654, 3900, 9322, 21138]...: 18384756: ACCEPTED IN 34 TRIES, (AVG 540728.1176470588)
[1, 4, 10, 23, 57, 132, 301, 701, 1654, 3900, 9322, 21141]...: 27042053: ACCEPTED IN 50 TRIES, (AVG 540841.06)
[1, 4, 10, 23, 57, 132, 301, 701, 1654, 3900, 9322, 21142]...: 62216227: ACCEPTED IN 115 TRIES, (AVG 541010.6695652173)
[1, 4, 10, 23, 57, 132, 301, 701, 1654, 3900, 9322, 21145]...: 16220257: ACCEPTED IN 30 TRIES, (AVG 540675.2333333333)
[1, 4, 10, 23, 57, 132, 301, 701, 1654, 3900, 9322, 21146]...: 13511819: ACCEPTED IN 25 TRIES, (AVG 540472.76)
[1, 4, 10, 23, 57, 132, 301, 701, 1654, 3900, 9322, 21149]...: 27042158: ACCEPTED IN 50 TRIES, (AVG 540843.16)
[1, 4, 10, 23, 57, 132, 301, 701, 1654, 3900, 9322, 21150]...: 11890135: ACCEPTED IN 22 TRIES, (AVG 540460.6818181818)
[1, 4, 10, 23, 57, 132, 301, 701, 1654, 3900, 9322, 21154]...: 15136382: ACCEPTED IN 28 TRIES, (AVG 540585.0714285715)
[1, 4, 10, 23, 57, 132, 301, 701, 1654, 3900, 9322, 21158]...: 13514015: ACCEPTED IN 25 TRIES, (AVG 540560.6)
[1, 4, 10, 23, 57, 132, 301, 701, 1654, 3900, 9322, 21162]...: 13513274: ACCEPTED IN 25 TRIES, (AVG 540530.96)
[1, 4, 10, 23, 57, 132, 301, 701, 1654, 3900, 9322, 21166]...: 18384791: ACCEPTED IN 34 TRIES, (AVG 540729.1470588235)
[1, 4, 10, 23, 57, 132, 301, 701, 1654, 3900, 9322, 21174]...: 24336455: ACCEPTED IN 45 TRIES, (AVG 540810.1111111111)
[1, 4, 10, 23, 57, 132, 301, 701, 1654, 3900, 9322, 21179]...: 44900079: ACCEPTED IN 83 TRIES, (AVG 540964.8072289156)
[1, 4, 10, 23, 57, 132, 301, 701, 1654, 3900, 9322, 21183]...: 14595292: ACCEPTED IN 27 TRIES, (AVG 540566.3703703703)
[1, 4, 10, 23, 57, 132, 301, 701, 1654, 3900, 9322, 21186]...: 28666330: ACCEPTED IN 53 TRIES, (AVG 540874.1509433963)
[1, 4, 10, 23, 57, 132, 301, 701, 1654, 3900, 9322, 21187]...: 17838885: ACCEPTED IN 33 TRIES, (AVG 540572.2727272727)
[1, 4, 10, 23, 57, 132, 301, 701, 1654, 3900, 9322, 21191]...: 17843528: ACCEPTED IN 33 TRIES, (AVG 540712.9696969697)
[1, 4, 10, 23, 57, 132, 301, 701, 1654, 3900, 9322, 21195]...: 18384434: ACCEPTED IN 34 TRIES, (AVG 540718.6470588235)
[1, 4, 10, 23, 57, 132, 301, 701, 1654, 3900, 9322, 21196]...: 26500820: ACCEPTED IN 49 TRIES, (AVG 540833.0612244898)
[1, 4, 10, 23, 57, 132, 301, 701, 1654, 3900, 9322, 21199]...: 14596827: ACCEPTED IN 27 TRIES, (AVG 540623.2222222222)
[1, 4, 10, 23, 57, 132, 301, 701, 1654, 3900, 9322, 21203]...: 16219976: ACCEPTED IN 30 TRIES, (AVG 540665.8666666667)
[1, 4, 10, 23, 57, 132, 301, 701, 1654, 3900, 9322, 21208]...: 13512238: ACCEPTED IN 25 TRIES, (AVG 540489.52)
[1, 4, 10, 23, 57, 132, 301, 701, 1654, 3900, 9322, 21216]...: 17843650: ACCEPTED IN 33 TRIES, (AVG 540716.6666666666)
[1, 4, 10, 23, 57, 132, 301, 701, 1654, 3900, 9322, 21220]...: 18384334: ACCEPTED IN 34 TRIES, (AVG 540715.7058823529)
[1, 4, 10, 23, 57, 132, 301, 701, 1654, 3900, 9322, 21224]...: 29748110: ACCEPTED IN 55 TRIES, (AVG 540874.7272727273)
[1, 4, 10, 23, 57, 132, 301, 701, 1654, 3900, 9322, 21228]...: 17842193: ACCEPTED IN 33 TRIES, (AVG 540672.5151515151)
[1, 4, 10, 23, 57, 132, 301, 701, 1654, 3900, 9322, 21232]...: 12973405: ACCEPTED IN 24 TRIES, (AVG 540558.5416666666)
[1, 4, 10, 23, 57, 132, 301, 701, 1654, 3900, 9322, 21233]...: 10267681: ACCEPTED IN 19 TRIES, (AVG 540404.2631578947)
[1, 4, 10, 23, 57, 132, 301, 701, 1654, 3900, 9322, 21236]...: 14055683: ACCEPTED IN 26 TRIES, (AVG 540603.1923076923)
[1, 4, 10, 23, 57, 132, 301, 701, 1654, 3900, 9322, 21237]...: 12973372: ACCEPTED IN 24 TRIES, (AVG 540557.1666666666)
[1, 4, 10, 23, 57, 132, 301, 701, 1654, 3900, 9322, 21240]...: 10266066: ACCEPTED IN 19 TRIES, (AVG 540319.2631578947)
[1, 4, 10, 23, 57, 132, 301, 701, 1654, 3900, 9322, 21245]...: 15676979: ACCEPTED IN 29 TRIES, (AVG 540585.4827586206)
[1, 4, 10, 23, 57, 132, 301, 701, 1654, 3900, 9322, 21249]...: 28124494: ACCEPTED IN 52 TRIES, (AVG 540855.6538461539)
[1, 4, 10, 23, 57, 132, 301, 701, 1654, 3900, 9322, 21253]...: 12431281: ACCEPTED IN 23 TRIES, (AVG 540490.4782608695)
[1, 4, 10, 23, 57, 132, 301, 701, 1654, 3900, 9322, 21257]...: 17841897: ACCEPTED IN 33 TRIES, (AVG 540663.5454545454)
[1, 4, 10, 23, 57, 132, 301, 701, 1654, 3900, 9322, 21261]...: 16219163: ACCEPTED IN 30 TRIES, (AVG 540638.7666666667)
[1, 4, 10, 23, 57, 132, 301, 701, 1654, 3900, 9322, 21265]...: 18925781: ACCEPTED IN 35 TRIES, (AVG 540736.6)
[1, 4, 10, 23, 57, 132, 301, 701, 1654, 3900, 9322, 21269]...: 15678512: ACCEPTED IN 29 TRIES, (AVG 540638.3448275862)
[1, 4, 10, 23, 57, 132, 301, 701, 1654, 3900, 9322, 21270]...: 31912828: ACCEPTED IN 59 TRIES, (AVG 540895.3898305085)
[1, 4, 10, 23, 57, 132, 301, 701, 1654, 3900, 9322, 21273]...: 24877349: ACCEPTED IN 46 TRIES, (AVG 540811.9347826086)
[1, 4, 10, 23, 57, 132, 301, 701, 1654, 3900, 9322, 21274]...: 12972208: ACCEPTED IN 24 TRIES, (AVG 540508.6666666666)
[1, 4, 10, 23, 57, 132, 301, 701, 1654, 3900, 9322, 21277]...: 15678084: ACCEPTED IN 29 TRIES, (AVG 540623.5862068966)
[1, 4, 10, 23, 57, 132, 301, 701, 1654, 3900, 9322, 21278]...: 31371628: ACCEPTED IN 58 TRIES, (AVG 540890.1379310344)
[1, 4, 10, 23, 57, 132, 301, 701, 1654, 3900, 9322, 21281]...: 18382954: ACCEPTED IN 34 TRIES, (AVG 540675.1176470588)
[1, 4, 10, 23, 57, 132, 301, 701, 1654, 3900, 9322, 21282]...: 13514378: ACCEPTED IN 25 TRIES, (AVG 540575.12)
[1, 4, 10, 23, 57, 132, 301, 701, 1654, 3900, 9322, 21286]...: 15677219: ACCEPTED IN 29 TRIES, (AVG 540593.7586206896)
[1, 4, 10, 23, 57, 132, 301, 701, 1654, 3900, 9322, 21290]...: 15137616: ACCEPTED IN 28 TRIES, (AVG 540629.1428571428)
[1, 4, 10, 23, 57, 132, 301, 701, 1654, 3900, 9322, 21294]...: 17843400: ACCEPTED IN 33 TRIES, (AVG 540709.0909090909)
[1, 4, 10, 23, 57, 132, 301, 701, 1654, 3900, 9322, 21298]...: 7561923: ACCEPTED IN 14 TRIES, (AVG 540137.3571428572)
[1, 4, 10, 23, 57, 132, 301, 701, 1654, 3900, 9322, 21306]...: 14596012: ACCEPTED IN 27 TRIES, (AVG 540593.0370370371)
[1, 4, 10, 23, 57, 132, 301, 701, 1654, 3900, 9322, 21311]...: 25958426: ACCEPTED IN 48 TRIES, (AVG 540800.5416666666)
[1, 4, 10, 23, 57, 132, 301, 701, 1654, 3900, 9322, 21315]...: 9726360: ACCEPTED IN 18 TRIES, (AVG 540353.3333333334)
[1, 4, 10, 23, 57, 132, 301, 701, 1654, 3900, 9322, 21318]...: 12972664: ACCEPTED IN 24 TRIES, (AVG 540527.6666666666)
[1, 4, 10, 23, 57, 132, 301, 701, 1654, 3900, 9322, 21319]...: 16218940: ACCEPTED IN 30 TRIES, (AVG 540631.3333333334)
[1, 4, 10, 23, 57, 132, 301, 701, 1654, 3900, 9322, 21323]...: 27583180: ACCEPTED IN 51 TRIES, (AVG 540846.6666666666)
[1, 4, 10, 23, 57, 132, 301, 701, 1654, 3900, 9322, 21327]...: 49228000: ACCEPTED IN 91 TRIES, (AVG 540967.032967033)
[1, 4, 10, 23, 57, 132, 301, 701, 1654, 3900, 9322, 21328]...: 10264081: ACCEPTED IN 19 TRIES, (AVG 540214.7894736842)
[1, 4, 10, 23, 57, 132, 301, 701, 1654, 3900, 9322, 21331]...: 14596777: ACCEPTED IN 27 TRIES, (AVG 540621.3703703703)
[1, 4, 10, 23, 57, 132, 301, 701, 1654, 3900, 9322, 21335]...: 25419547: ACCEPTED IN 47 TRIES, (AVG 540841.4255319149)
[1, 4, 10, 23, 57, 132, 301, 701, 1654, 3900, 9322, 21348]...: 18384617: ACCEPTED IN 34 TRIES, (AVG 540724.0294117647)
[1, 4, 10, 23, 57, 132, 301, 701, 1654, 3900, 9322, 21352]...: 17841657: ACCEPTED IN 33 TRIES, (AVG 540656.2727272727)
[1, 4, 10, 23, 57, 132, 301, 701, 1654, 3900, 9322, 21356]...: 27041166: ACCEPTED IN 50 TRIES, (AVG 540823.32)
[1, 4, 10, 23, 57, 132, 301, 701, 1654, 3900, 9322, 21360]...: 27041684: ACCEPTED IN 50 TRIES, (AVG 540833.68)
[1, 4, 10, 23, 57, 132, 301, 701, 1654, 3900, 9322, 21364]...: 14055253: ACCEPTED IN 26 TRIES, (AVG 540586.6538461539)
[1, 4, 10, 23, 57, 132, 301, 701, 1654, 3900, 9322, 21365]...: 14055413: ACCEPTED IN 26 TRIES, (AVG 540592.8076923077)
[1, 4, 10, 23, 57, 132, 301, 701, 1654, 3900, 9322, 21368]...: 9725822: ACCEPTED IN 18 TRIES, (AVG 540323.4444444445)
[1, 4, 10, 23, 57, 132, 301, 701, 1654, 3900, 9322, 21369]...: 12431805: ACCEPTED IN 23 TRIES, (AVG 540513.2608695652)
[1, 4, 10, 23, 57, 132, 301, 701, 1654, 3900, 9322, 21372]...: 12971759: ACCEPTED IN 24 TRIES, (AVG 540489.9583333334)
[1, 4, 10, 23, 57, 132, 301, 701, 1654, 3900, 9322, 21377]...: 29747754: ACCEPTED IN 55 TRIES, (AVG 540868.2545454545)
[1, 4, 10, 23, 57, 132, 301, 701, 1654, 3900, 9322, 21381]...: 28666236: ACCEPTED IN 53 TRIES, (AVG 540872.3773584906)
[1, 4, 10, 23, 57, 132, 301, 701, 1654, 3900, 9322, 21385]...: 12973465: ACCEPTED IN 24 TRIES, (AVG 540561.0416666666)
[1, 4, 10, 23, 57, 132, 301, 701, 1654, 3900, 9322, 21389]...: 44899132: ACCEPTED IN 83 TRIES, (AVG 540953.3975903614)
[1, 4, 10, 23, 57, 132, 301, 701, 1654, 3900, 9322, 21397]...: 14055356: ACCEPTED IN 26 TRIES, (AVG 540590.6153846154)
[1, 4, 10, 23, 57, 132, 301, 701, 1654, 3900, 9322, 21401]...: 16761415: ACCEPTED IN 31 TRIES, (AVG 540690.8064516129)
[1, 4, 10, 23, 57, 132, 301, 701, 1654, 3900, 9322, 21402]...: 12972854: ACCEPTED IN 24 TRIES, (AVG 540535.5833333334)
[1, 4, 10, 23, 57, 132, 301, 701, 1654, 3900, 9322, 21405]...: 14596053: ACCEPTED IN 27 TRIES, (AVG 540594.5555555555)
[1, 4, 10, 23, 57, 132, 301, 701, 1654, 3900, 9322, 21406]...: 13513417: ACCEPTED IN 25 TRIES, (AVG 540536.68)
[1, 4, 10, 23, 57, 132, 301, 701, 1654, 3900, 9322, 21409]...: 13512654: ACCEPTED IN 25 TRIES, (AVG 540506.16)
[1, 4, 10, 23, 57, 132, 301, 701, 1654, 3900, 9322, 21410]...: 12972780: ACCEPTED IN 24 TRIES, (AVG 540532.5)
[1, 4, 10, 23, 57, 132, 301, 701, 1654, 3900, 9322, 21413]...: 12972599: ACCEPTED IN 24 TRIES, (AVG 540524.9583333334)
[1, 4, 10, 23, 57, 132, 301, 701, 1654, 3900, 9322, 21414]...: 9725398: ACCEPTED IN 18 TRIES, (AVG 540299.8888888889)
[1, 4, 10, 23, 57, 132, 301, 701, 1654, 3900, 9322, 21418]...: 10808779: ACCEPTED IN 20 TRIES, (AVG 540438.95)
[1, 4, 10, 23, 57, 132, 301, 701, 1654, 3900, 9322, 21422]...: 18383139: ACCEPTED IN 34 TRIES, (AVG 540680.5588235294)
[1, 4, 10, 23, 57, 132, 301, 701, 1654, 3900, 9322, 21426]...: 12972266: ACCEPTED IN 24 TRIES, (AVG 540511.0833333334)
[1, 4, 10, 23, 57, 132, 301, 701, 1654, 3900, 9322, 21430]...: 9726313: ACCEPTED IN 18 TRIES, (AVG 540350.7222222222)
[1, 4, 10, 23, 57, 132, 301, 701, 1654, 3900, 9322, 21438]...: 15137900: ACCEPTED IN 28 TRIES, (AVG 540639.2857142857)
[1, 4, 10, 23, 57, 132, 301, 701, 1654, 3900, 9322, 21439]...: 18384605: ACCEPTED IN 34 TRIES, (AVG 540723.6764705882)
[1, 4, 10, 23, 57, 132, 301, 701, 1654, 3900, 9322, 21442]...: 25960592: ACCEPTED IN 48 TRIES, (AVG 540845.6666666666)
[1, 4, 10, 23, 57, 132, 301, 701, 1654, 3900, 9322, 21443]...: 27042258: ACCEPTED IN 50 TRIES, (AVG 540845.16)
[1, 4, 10, 23, 57, 132, 301, 701, 1654, 3900, 9322, 21447]...: 12970688: ACCEPTED IN 24 TRIES, (AVG 540445.3333333334)
[1, 4, 10, 23, 57, 132, 301, 701, 1654, 3900, 9322, 21450]...: 11348631: ACCEPTED IN 21 TRIES, (AVG 540411.0)
[1, 4, 10, 23, 57, 132, 301, 701, 1654, 3900, 9322, 21451]...: 10267409: ACCEPTED IN 19 TRIES, (AVG 540389.947368421)
[1, 4, 10, 23, 57, 132, 301, 701, 1654, 3900, 9322, 21455]...: 16219604: ACCEPTED IN 30 TRIES, (AVG 540653.4666666667)
[1, 4, 10, 23, 57, 132, 301, 701, 1654, 3900, 9322, 21459]...: 13514534: ACCEPTED IN 25 TRIES, (AVG 540581.36)
[1, 4, 10, 23, 57, 132, 301, 701, 1654, 3900, 9322, 21460]...: 15677931: ACCEPTED IN 29 TRIES, (AVG 540618.3103448276)
[1, 4, 10, 23, 57, 132, 301, 701, 1654, 3900, 9322, 21463]...: 15678992: ACCEPTED IN 29 TRIES, (AVG 540654.8965517242)
[1, 4, 10, 23, 57, 132, 301, 701, 1654, 3900, 9322, 21467]...: 8644289: ACCEPTED IN 16 TRIES, (AVG 540268.0625)
[1, 4, 10, 23, 57, 132, 301, 701, 1654, 3900, 9322, 21480]...: 12968728: ACCEPTED IN 24 TRIES, (AVG 540363.6666666666)
[1, 4, 10, 23, 57, 132, 301, 701, 1654, 3900, 9322, 21484]...: 9185071: ACCEPTED IN 17 TRIES, (AVG 540298.2941176471)
[1, 4, 10, 23, 57, 132, 301, 701, 1654, 3900, 9322, 21488]...: 13514610: ACCEPTED IN 25 TRIES, (AVG 540584.4)
[1, 4, 10, 23, 57, 132, 301, 701, 1654, 3900, 9322, 21492]...: 15137943: ACCEPTED IN 28 TRIES, (AVG 540640.8214285715)
[1, 4, 10, 23, 57, 132, 301, 701, 1654, 3900, 9322, 21496]...: 13513564: ACCEPTED IN 25 TRIES, (AVG 540542.56)
[1, 4, 10, 23, 57, 132, 301, 701, 1654, 3900, 9322, 21497]...: 16218942: ACCEPTED IN 30 TRIES, (AVG 540631.4)
[1, 4, 10, 23, 57, 132, 301, 701, 1654, 3900, 9322, 21500]...: 10267682: ACCEPTED IN 19 TRIES, (AVG 540404.3157894737)
[1, 4, 10, 23, 57, 132, 301, 701, 1654, 3900, 9322, 21501]...: 13513409: ACCEPTED IN 25 TRIES, (AVG 540536.36)
[1, 4, 10, 23, 57, 132, 301, 701, 1654, 3900, 9322, 21504]...: 9726640: ACCEPTED IN 18 TRIES, (AVG 540368.8888888889)
[1, 4, 10, 23, 57, 132, 301, 701, 1654, 3900, 9322, 21509]...: 13513741: ACCEPTED IN 25 TRIES, (AVG 540549.64)
[1, 4, 10, 23, 57, 132, 301, 701, 1654, 3900, 9322, 21513]...: 13513288: ACCEPTED IN 25 TRIES, (AVG 540531.52)
[1, 4, 10, 23, 57, 132, 301, 701, 1654, 3900, 9322, 21517]...: 12972905: ACCEPTED IN 24 TRIES, (AVG 540537.7083333334)
[1, 4, 10, 23, 57, 132, 301, 701, 1654, 3900, 9322, 21521]...: 16219830: ACCEPTED IN 30 TRIES, (AVG 540661.0)
[1, 4, 10, 23, 57, 132, 301, 701, 1654, 3900, 9322, 21529]...: 11890386: ACCEPTED IN 22 TRIES, (AVG 540472.0909090909)
[1, 4, 10, 23, 57, 132, 301, 701, 1654, 3900, 9322, 21533]...: 14594567: ACCEPTED IN 27 TRIES, (AVG 540539.5185185185)
[1, 4, 10, 23, 57, 132, 301, 701, 1654, 3900, 9322, 21534]...: 14054118: ACCEPTED IN 26 TRIES, (AVG 540543.0)
[1, 4, 10, 23, 57, 132, 301, 701, 1654, 3900, 9322, 21537]...: 15679079: ACCEPTED IN 29 TRIES, (AVG 540657.8965517242)
[1, 4, 10, 23, 57, 132, 301, 701, 1654, 3900, 9322, 21538]...: 15678783: ACCEPTED IN 29 TRIES, (AVG 540647.6896551724)
[1, 4, 10, 23, 57, 132, 301, 701, 1654, 3900, 9322, 21541]...: 7561961: ACCEPTED IN 14 TRIES, (AVG 540140.0714285715)
[1, 4, 10, 23, 57, 132, 301, 701, 1654, 3900, 9322, 21542]...: 12971468: ACCEPTED IN 24 TRIES, (AVG 540477.8333333334)
[1, 4, 10, 23, 57, 132, 301, 701, 1654, 3900, 9322, 21546]...: 18380714: ACCEPTED IN 34 TRIES, (AVG 540609.2352941176)
[1, 4, 10, 23, 57, 132, 301, 701, 1654, 3900, 9322, 21550]...: 8644282: ACCEPTED IN 16 TRIES, (AVG 540267.625)
[1, 4, 10, 23, 57, 132, 301, 701, 1654, 3900, 9322, 21554]...: 18925379: ACCEPTED IN 35 TRIES, (AVG 540725.1142857143)
[1, 4, 10, 23, 57, 132, 301, 701, 1654, 3900, 9322, 21558]...: 13513923: ACCEPTED IN 25 TRIES, (AVG 540556.92)
[1, 4, 10, 23, 57, 132, 301, 701, 1654, 3900, 9322, 21562]...: 24336176: ACCEPTED IN 45 TRIES, (AVG 540803.911111111)
[1, 4, 10, 23, 57, 132, 301, 701, 1654, 3900, 9322, 21570]...: 12431553: ACCEPTED IN 23 TRIES, (AVG 540502.304347826)
[1, 4, 10, 23, 57, 132, 301, 701, 1654, 3900, 9322, 21571]...: 14054724: ACCEPTED IN 26 TRIES, (AVG 540566.3076923077)
[1, 4, 10, 23, 57, 132, 301, 701, 1654, 3900, 9322, 21574]...: 12971910: ACCEPTED IN 24 TRIES, (AVG 540496.25)
[1, 4, 10, 23, 57, 132, 301, 701, 1654, 3900, 9322, 21575]...: 15679017: ACCEPTED IN 29 TRIES, (AVG 540655.7586206896)
[1, 4, 10, 23, 57, 132, 301, 701, 1654, 3900, 9322, 21579]...: 8102379: ACCEPTED IN 15 TRIES, (AVG 540158.6)
[1, 4, 10, 23, 57, 132, 301, 701, 1654, 3900, 9322, 21582]...: 9723526: ACCEPTED IN 18 TRIES, (AVG 540195.8888888889)
[1, 4, 10, 23, 57, 132, 301, 701, 1654, 3900, 9322, 21583]...: 9726127: ACCEPTED IN 18 TRIES, (AVG 540340.3888888889)
[1, 4, 10, 23, 57, 132, 301, 701, 1654, 3900, 9322, 21587]...: 18383694: ACCEPTED IN 34 TRIES, (AVG 540696.8823529412)
[1, 4, 10, 23, 57, 132, 301, 701, 1654, 3900, 9322, 21588]...: 18384453: ACCEPTED IN 34 TRIES, (AVG 540719.2058823529)
[1, 4, 10, 23, 57, 132, 301, 701, 1654, 3900, 9322, 21591]...: 27582192: ACCEPTED IN 51 TRIES, (AVG 540827.2941176471)
[1, 4, 10, 23, 57, 132, 301, 701, 1654, 3900, 9322, 21595]...: 15677339: ACCEPTED IN 29 TRIES, (AVG 540597.8965517242)
[1, 4, 10, 23, 57, 132, 301, 701, 1654, 3900, 9322, 21599]...: 11349983: ACCEPTED IN 21 TRIES, (AVG 540475.380952381)
[1, 4, 10, 23, 57, 132, 301, 701, 1654, 3900, 9322, 21612]...: 22171314: ACCEPTED IN 41 TRIES, (AVG 540763.756097561)
[1, 4, 10, 23, 57, 132, 301, 701, 1654, 3900, 9322, 21616]...: 14596823: ACCEPTED IN 27 TRIES, (AVG 540623.074074074)
[1, 4, 10, 23, 57, 132, 301, 701, 1654, 3900, 9322, 21620]...: 12972586: ACCEPTED IN 24 TRIES, (AVG 540524.4166666666)
[1, 4, 10, 23, 57, 132, 301, 701, 1654, 3900, 9322, 21624]...: 17843430: ACCEPTED IN 33 TRIES, (AVG 540710.0)
[1, 4, 10, 23, 57, 132, 301, 701, 1654, 3900, 9322, 21628]...: 13512686: ACCEPTED IN 25 TRIES, (AVG 540507.44)
[1, 4, 10, 23, 57, 132, 301, 701, 1654, 3900, 9322, 21629]...: 10266890: ACCEPTED IN 19 TRIES, (AVG 540362.6315789474)
[1, 4, 10, 23, 57, 132, 301, 701, 1654, 3900, 9322, 21632]...: 9726081: ACCEPTED IN 18 TRIES, (AVG 540337.8333333334)
[1, 4, 10, 23, 57, 132, 301, 701, 1654, 3900, 9322, 21633]...: 9724554: ACCEPTED IN 18 TRIES, (AVG 540253.0)
[1, 4, 10, 23, 57, 132, 301, 701, 1654, 3900, 9322, 21636]...: 14053609: ACCEPTED IN 26 TRIES, (AVG 540523.4230769231)
[1, 4, 10, 23, 57, 132, 301, 701, 1654, 3900, 9322, 21645]...: 27583089: ACCEPTED IN 51 TRIES, (AVG 540844.8823529412)
[1, 4, 10, 23, 57, 132, 301, 701, 1654, 3900, 9322, 21649]...: 25418735: ACCEPTED IN 47 TRIES, (AVG 540824.1489361703)
[1, 4, 10, 23, 57, 132, 301, 701, 1654, 3900, 9322, 21653]...: 9184133: ACCEPTED IN 17 TRIES, (AVG 540243.1176470588)
[1, 4, 10, 23, 57, 132, 301, 701, 1654, 3900, 9322, 21657]...: 10267477: ACCEPTED IN 19 TRIES, (AVG 540393.5263157894)
[1, 4, 10, 23, 57, 132, 301, 701, 1654, 3900, 9322, 21661]...: 15676636: ACCEPTED IN 29 TRIES, (AVG 540573.6551724138)
[1, 4, 10, 23, 57, 132, 301, 701, 1654, 3900, 9322, 21665]...: 11888166: ACCEPTED IN 22 TRIES, (AVG 540371.1818181818)
[1, 4, 10, 23, 57, 132, 301, 701, 1654, 3900, 9322, 21666]...: 14055087: ACCEPTED IN 26 TRIES, (AVG 540580.2692307692)
[1, 4, 10, 23, 57, 132, 301, 701, 1654, 3900, 9322, 21669]...: 12431541: ACCEPTED IN 23 TRIES, (AVG 540501.7826086957)
[1, 4, 10, 23, 57, 132, 301, 701, 1654, 3900, 9322, 21670]...: 9726593: ACCEPTED IN 18 TRIES, (AVG 540366.2777777778)
[1, 4, 10, 23, 57, 132, 301, 701, 1654, 3900, 9322, 21673]...: 14055062: ACCEPTED IN 26 TRIES, (AVG 540579.3076923077)
[1, 4, 10, 23, 57, 132, 301, 701, 1654, 3900, 9322, 21674]...: 11891052: ACCEPTED IN 22 TRIES, (AVG 540502.3636363636)
[1, 4, 10, 23, 57, 132, 301, 701, 1654, 3900, 9322, 21678]...: 15137807: ACCEPTED IN 28 TRIES, (AVG 540635.9642857143)
[1, 4, 10, 23, 57, 132, 301, 701, 1654, 3900, 9322, 21682]...: 12432117: ACCEPTED IN 23 TRIES, (AVG 540526.8260869565)
[1, 4, 10, 23, 57, 132, 301, 701, 1654, 3900, 9322, 21686]...: 14595609: ACCEPTED IN 27 TRIES, (AVG 540578.1111111111)
[1, 4, 10, 23, 57, 132, 301, 701, 1654, 3900, 9322, 21690]...: 14054017: ACCEPTED IN 26 TRIES, (AVG 540539.1153846154)
[1, 4, 10, 23, 57, 132, 301, 701, 1654, 3900, 9322, 21694]...: 11888999: ACCEPTED IN 22 TRIES, (AVG 540409.0454545454)
[1, 4, 10, 23, 57, 132, 301, 701, 1654, 3900, 9322, 21702]...: 18384695: ACCEPTED IN 34 TRIES, (AVG 540726.3235294118)
[1, 4, 10, 23, 57, 132, 301, 701, 1654, 3900, 9322, 21703]...: 9182854: ACCEPTED IN 17 TRIES, (AVG 540167.8823529412)
[1, 4, 10, 23, 57, 132, 301, 701, 1654, 3900, 9322, 21706]...: 15678828: ACCEPTED IN 29 TRIES, (AVG 540649.2413793104)
[1, 4, 10, 23, 57, 132, 301, 701, 1654, 3900, 9322, 21707]...: 18925575: ACCEPTED IN 35 TRIES, (AVG 540730.7142857143)
[1, 4, 10, 23, 57, 132, 301, 701, 1654, 3900, 9322, 21711]...: 13514221: ACCEPTED IN 25 TRIES, (AVG 540568.84)
[1, 4, 10, 23, 57, 132, 301, 701, 1654, 3900, 9322, 21714]...: 11889574: ACCEPTED IN 22 TRIES, (AVG 540435.1818181818)
[1, 4, 10, 23, 57, 132, 301, 701, 1654, 3900, 9322, 21715]...: 14596025: ACCEPTED IN 27 TRIES, (AVG 540593.5185185185)
[1, 4, 10, 23, 57, 132, 301, 701, 1654, 3900, 9322, 21719]...: 12973485: ACCEPTED IN 24 TRIES, (AVG 540561.875)
[1, 4, 10, 23, 57, 132, 301, 701, 1654, 3900, 9322, 21720]...: 14595431: ACCEPTED IN 27 TRIES, (AVG 540571.5185185185)
[1, 4, 10, 23, 57, 132, 301, 701, 1654, 3900, 9322, 21723]...: 15678104: ACCEPTED IN 29 TRIES, (AVG 540624.275862069)
[1, 4, 10, 23, 57, 132, 301, 701, 1654, 3900, 9322, 21727]...: 18383268: ACCEPTED IN 34 TRIES, (AVG 540684.3529411765)
[1, 4, 10, 23, 57, 132, 301, 701, 1654, 3900, 9322, 21731]...: 15679019: ACCEPTED IN 29 TRIES, (AVG 540655.8275862068)
[1, 4, 10, 23, 57, 132, 301, 701, 1654, 3900, 9322, 21740]...: 12971733: ACCEPTED IN 24 TRIES, (AVG 540488.875)
[1, 4, 10, 23, 57, 132, 301, 701, 1654, 3900, 9322, 21743]...: 9185516: ACCEPTED IN 17 TRIES, (AVG 540324.4705882353)
[1, 4, 10, 23, 57, 132, 301, 701, 1654, 3900, 9322, 21744]...: 11890901: ACCEPTED IN 22 TRIES, (AVG 540495.5)
[1, 4, 10, 23, 57, 132, 301, 701, 1654, 3900, 9322, 21748]...: 12970697: ACCEPTED IN 24 TRIES, (AVG 540445.7083333334)
[1, 4, 10, 23, 57, 132, 301, 701, 1654, 3900, 9322, 21752]...: 11349636: ACCEPTED IN 21 TRIES, (AVG 540458.8571428572)
[1, 4, 10, 23, 57, 132, 301, 701, 1654, 3900, 9322, 21756]...: 17843133: ACCEPTED IN 33 TRIES, (AVG 540701.0)
[1, 4, 10, 23, 57, 132, 301, 701, 1654, 3900, 9322, 21760]...: 8643719: ACCEPTED IN 16 TRIES, (AVG 540232.4375)
[1, 4, 10, 23, 57, 132, 301, 701, 1654, 3900, 9322, 21761]...: 11890805: ACCEPTED IN 22 TRIES, (AVG 540491.1363636364)
[1, 4, 10, 23, 57, 132, 301, 701, 1654, 3900, 9322, 21764]...: 9725809: ACCEPTED IN 18 TRIES, (AVG 540322.7222222222)
[1, 4, 10, 23, 57, 132, 301, 701, 1654, 3900, 9322, 21765]...: 14596379: ACCEPTED IN 27 TRIES, (AVG 540606.6296296297)
[1, 4, 10, 23, 57, 132, 301, 701, 1654, 3900, 9322, 21768]...: 15678631: ACCEPTED IN 29 TRIES, (AVG 540642.448275862)
[1, 4, 10, 23, 57, 132, 301, 701, 1654, 3900, 9322, 21777]...: 15678811: ACCEPTED IN 29 TRIES, (AVG 540648.6551724138)
[1, 4, 10, 23, 57, 132, 301, 701, 1654, 3900, 9322, 21781]...: 12971545: ACCEPTED IN 24 TRIES, (AVG 540481.0416666666)
[1, 4, 10, 23, 57, 132, 301, 701, 1654, 3900, 9322, 21785]...: 13514225: ACCEPTED IN 25 TRIES, (AVG 540569.0)
[1, 4, 10, 23, 57, 132, 301, 701, 1654, 3900, 9322, 21789]...: 13511983: ACCEPTED IN 25 TRIES, (AVG 540479.32)
[1, 4, 10, 23, 57, 132, 301, 701, 1654, 3900, 9322, 21793]...: 9726278: ACCEPTED IN 18 TRIES, (AVG 540348.7777777778)
[1, 4, 10, 23, 57, 132, 301, 701, 1654, 3900, 9322, 21797]...: 18383458: ACCEPTED IN 34 TRIES, (AVG 540689.9411764706)
[1, 4, 10, 23, 57, 132, 301, 701, 1654, 3900, 9322, 21798]...: 10808841: ACCEPTED IN 20 TRIES, (AVG 540442.05)
[1, 4, 10, 23, 57, 132, 301, 701, 1654, 3900, 9322, 21801]...: 9185413: ACCEPTED IN 17 TRIES, (AVG 540318.4117647059)
[1, 4, 10, 23, 57, 132, 301, 701, 1654, 3900, 9322, 21802]...: 21089756: ACCEPTED IN 39 TRIES, (AVG 540762.9743589744)
[1, 4, 10, 23, 57, 132, 301, 701, 1654, 3900, 9322, 21805]...: 10267624: ACCEPTED IN 19 TRIES, (AVG 540401.2631578947)
[1, 4, 10, 23, 57, 132, 301, 701, 1654, 3900, 9322, 21806]...: 15137506: ACCEPTED IN 28 TRIES, (AVG 540625.2142857143)
[1, 4, 10, 23, 57, 132, 301, 701, 1654, 3900, 9322, 21810]...: 10267691: ACCEPTED IN 19 TRIES, (AVG 540404.7894736842)
[1, 4, 10, 23, 57, 132, 301, 701, 1654, 3900, 9322, 21814]...: 14054916: ACCEPTED IN 26 TRIES, (AVG 540573.6923076923)
[1, 4, 10, 23, 57, 132, 301, 701, 1654, 3900, 9322, 21818]...: 12971366: ACCEPTED IN 24 TRIES, (AVG 540473.5833333334)
[1, 4, 10, 23, 57, 132, 301, 701, 1654, 3900, 9322, 21822]...: 25960628: ACCEPTED IN 48 TRIES, (AVG 540846.4166666666)
[1, 4, 10, 23, 57, 132, 301, 701, 1654, 3900, 9322, 21826]...: 16219301: ACCEPTED IN 30 TRIES, (AVG 540643.3666666667)
[1, 4, 10, 23, 57, 132, 301, 701, 1654, 3900, 9322, 21834]...: 12972732: ACCEPTED IN 24 TRIES, (AVG 540530.5)
[1, 4, 10, 23, 57, 132, 301, 701, 1654, 3900, 9322, 21835]...: 9723494: ACCEPTED IN 18 TRIES, (AVG 540194.1111111111)
[1, 4, 10, 23, 57, 132, 301, 701, 1654, 3900, 9322, 21838]...: 14596479: ACCEPTED IN 27 TRIES, (AVG 540610.3333333334)
[1, 4, 10, 23, 57, 132, 301, 701, 1654, 3900, 9322, 21839]...: 24337176: ACCEPTED IN 45 TRIES, (AVG 540826.1333333333)
[1, 4, 10, 23, 57, 132, 301, 701, 1654, 3900, 9322, 21842]...: 18384609: ACCEPTED IN 34 TRIES, (AVG 540723.7941176471)
[1, 4, 10, 23, 57, 132, 301, 701, 1654, 3900, 9322, 21843]...: 18925963: ACCEPTED IN 35 TRIES, (AVG 540741.8)
[1, 4, 10, 23, 57, 132, 301, 701, 1654, 3900, 9322, 21847]...: 12970609: ACCEPTED IN 24 TRIES, (AVG 540442.0416666666)
[1, 4, 10, 23, 57, 132, 301, 701, 1654, 3900, 9322, 21851]...: 12431293: ACCEPTED IN 23 TRIES, (AVG 540491.0)
[1, 4, 10, 23, 57, 132, 301, 701, 1654, 3900, 9322, 21852]...: 14596001: ACCEPTED IN 27 TRIES, (AVG 540592.6296296297)
[1, 4, 10, 23, 57, 132, 301, 701, 1654, 3900, 9322, 21855]...: 12972996: ACCEPTED IN 24 TRIES, (AVG 540541.5)
[1, 4, 10, 23, 57, 132, 301, 701, 1654, 3900, 9322, 21859]...: 11349066: ACCEPTED IN 21 TRIES, (AVG 540431.7142857143)
[1, 4, 10, 23, 57, 132, 301, 701, 1654, 3900, 9322, 21863]...: 14595003: ACCEPTED IN 27 TRIES, (AVG 540555.6666666666)
[1, 4, 10, 23, 57, 132, 301, 701, 1654, 3900, 9322, 21872]...: 9726212: ACCEPTED IN 18 TRIES, (AVG 540345.1111111111)
[1, 4, 10, 23, 57, 132, 301, 701, 1654, 3900, 9322, 21875]...: 12430945: ACCEPTED IN 23 TRIES, (AVG 540475.8695652174)
[1, 4, 10, 23, 57, 132, 301, 701, 1654, 3900, 9322, 21876]...: 15677162: ACCEPTED IN 29 TRIES, (AVG 540591.7931034482)
[1, 4, 10, 23, 57, 132, 301, 701, 1654, 3900, 9322, 21880]...: 11891013: ACCEPTED IN 22 TRIES, (AVG 540500.5909090909)
[1, 4, 10, 23, 57, 132, 301, 701, 1654, 3900, 9322, 21884]...: 14596710: ACCEPTED IN 27 TRIES, (AVG 540618.8888888889)
[1, 4, 10, 23, 57, 132, 301, 701, 1654, 3900, 9322, 21888]...: 7020838: ACCEPTED IN 13 TRIES, (AVG 540064.4615384615)
[1, 4, 10, 23, 57, 132, 301, 701, 1654, 3900, 9322, 21889]...: 11890688: ACCEPTED IN 22 TRIES, (AVG 540485.8181818182)
[1, 4, 10, 23, 57, 132, 301, 701, 1654, 3900, 9322, 21892]...: 18382644: ACCEPTED IN 34 TRIES, (AVG 540666.0)
[1, 4, 10, 23, 57, 132, 301, 701, 1654, 3900, 9322, 21893]...: 12972714: ACCEPTED IN 24 TRIES, (AVG 540529.75)
[1, 4, 10, 23, 57, 132, 301, 701, 1654, 3900, 9322, 21896]...: 12973430: ACCEPTED IN 24 TRIES, (AVG 540559.5833333334)
[1, 4, 10, 23, 57, 132, 301, 701, 1654, 3900, 9322, 21897]...: 9723160: ACCEPTED IN 18 TRIES, (AVG 540175.5555555555)
[1, 4, 10, 23, 57, 132, 301, 701, 1654, 3900, 9322, 21900]...: 9725584: ACCEPTED IN 18 TRIES, (AVG 540310.2222222222)
[1, 4, 10, 23, 57, 132, 301, 701, 1654, 3900, 9322, 21909]...: 11889509: ACCEPTED IN 22 TRIES, (AVG 540432.2272727273)
[1, 4, 10, 23, 57, 132, 301, 701, 1654, 3900, 9322, 21913]...: 12432255: ACCEPTED IN 23 TRIES, (AVG 540532.8260869565)
[1, 4, 10, 23, 57, 132, 301, 701, 1654, 3900, 9322, 21917]...: 13513249: ACCEPTED IN 25 TRIES, (AVG 540529.96)
[1, 4, 10, 23, 57, 132, 301, 701, 1654, 3900, 9322, 21921]...: 13514075: ACCEPTED IN 25 TRIES, (AVG 540563.0)
[1, 4, 10, 23, 57, 132, 301, 701, 1654, 3900, 9322, 21925]...: 23795922: ACCEPTED IN 44 TRIES, (AVG 540816.4090909091)
[1, 4, 10, 23, 57, 132, 301, 701, 1654, 3900, 9322, 21929]...: 15136214: ACCEPTED IN 28 TRIES, (AVG 540579.0714285715)
[1, 4, 10, 23, 57, 132, 301, 701, 1654, 3900, 9322, 21930]...: 12972570: ACCEPTED IN 24 TRIES, (AVG 540523.75)
[1, 4, 10, 23, 57, 132, 301, 701, 1654, 3900, 9322, 21933]...: 14594091: ACCEPTED IN 27 TRIES, (AVG 540521.8888888889)
[1, 4, 10, 23, 57, 132, 301, 701, 1654, 3900, 9322, 21934]...: 10265869: ACCEPTED IN 19 TRIES, (AVG 540308.8947368421)
[1, 4, 10, 23, 57, 132, 301, 701, 1654, 3900, 9322, 21937]...: 11890305: ACCEPTED IN 22 TRIES, (AVG 540468.4090909091)
[1, 4, 10, 23, 57, 132, 301, 701, 1654, 3900, 9322, 21938]...: 12431626: ACCEPTED IN 23 TRIES, (AVG 540505.4782608695)
[1, 4, 10, 23, 57, 132, 301, 701, 1654, 3900, 9322, 21946]...: 14596149: ACCEPTED IN 27 TRIES, (AVG 540598.1111111111)
[1, 4, 10, 23, 57, 132, 301, 701, 1654, 3900, 9322, 21950]...: 12431736: ACCEPTED IN 23 TRIES, (AVG 540510.2608695652)
[1, 4, 10, 23, 57, 132, 301, 701, 1654, 3900, 9322, 21954]...: 17301708: ACCEPTED IN 32 TRIES, (AVG 540678.375)
[1, 4, 10, 23, 57, 132, 301, 701, 1654, 3900, 9322, 21958]...: 14055247: ACCEPTED IN 26 TRIES, (AVG 540586.4230769231)
[1, 4, 10, 23, 57, 132, 301, 701, 1654, 3900, 9322, 21966]...: 7560852: ACCEPTED IN 14 TRIES, (AVG 540060.8571428572)
[1, 4, 10, 23, 57, 132, 301, 701, 1654, 3900, 9322, 21967]...: 9725225: ACCEPTED IN 18 TRIES, (AVG 540290.2777777778)
[1, 4, 10, 23, 57, 132, 301, 701, 1654, 3900, 9322, 21970]...: 14594705: ACCEPTED IN 27 TRIES, (AVG 540544.6296296297)
[1, 4, 10, 23, 57, 132, 301, 701, 1654, 3900, 9322, 21971]...: 9725739: ACCEPTED IN 18 TRIES, (AVG 540318.8333333334)
[1, 4, 10, 23, 57, 132, 301, 701, 1654, 3900, 9322, 21974]...: 12971562: ACCEPTED IN 24 TRIES, (AVG 540481.75)
[1, 4, 10, 23, 57, 132, 301, 701, 1654, 3900, 9322, 21975]...: 11890346: ACCEPTED IN 22 TRIES, (AVG 540470.2727272727)
[1, 4, 10, 23, 57, 132, 301, 701, 1654, 3900, 9322, 21979]...: 12971021: ACCEPTED IN 24 TRIES, (AVG 540459.2083333334)
[1, 4, 10, 23, 57, 132, 301, 701, 1654, 3900, 9322, 21983]...: 11348646: ACCEPTED IN 21 TRIES, (AVG 540411.7142857143)
[1, 4, 10, 23, 57, 132, 301, 701, 1654, 3900, 9322, 21984]...: 15137719: ACCEPTED IN 28 TRIES, (AVG 540632.8214285715)
[1, 4, 10, 23, 57, 132, 301, 701, 1654, 3900, 9322, 21987]...: 10266521: ACCEPTED IN 19 TRIES, (AVG 540343.2105263158)
[1, 4, 10, 23, 57, 132, 301, 701, 1654, 3900, 9322, 21991]...: 9723705: ACCEPTED IN 18 TRIES, (AVG 540205.8333333334)
[1, 4, 10, 23, 57, 132, 301, 701, 1654, 3900, 9322, 21995]...: 18383756: ACCEPTED IN 34 TRIES, (AVG 540698.7058823529)
[1, 4, 10, 23, 57, 132, 301, 701, 1654, 3900, 9322, 22004]...: 8641527: ACCEPTED IN 16 TRIES, (AVG 540095.4375)
[1, 4, 10, 23, 57, 132, 301, 701, 1654, 3900, 9322, 22007]...: 14596809: ACCEPTED IN 27 TRIES, (AVG 540622.5555555555)
[1, 4, 10, 23, 57, 132, 301, 701, 1654, 3900, 9322, 22008]...: 9725904: ACCEPTED IN 18 TRIES, (AVG 540328.0)
[1, 4, 10, 23, 57, 132, 301, 701, 1654, 3900, 9322, 22012]...: 14054391: ACCEPTED IN 26 TRIES, (AVG 540553.5)
[1, 4, 10, 23, 57, 132, 301, 701, 1654, 3900, 9322, 22016]...: 11889878: ACCEPTED IN 22 TRIES, (AVG 540449.0)
[1, 4, 10, 23, 57, 132, 301, 701, 1654, 3900, 9322, 22020]...: 18384434: ACCEPTED IN 34 TRIES, (AVG 540718.6470588235)
[1, 4, 10, 23, 57, 132, 301, 701, 1654, 3900, 9322, 22021]...: 12429413: ACCEPTED IN 23 TRIES, (AVG 540409.2608695652)
[1, 4, 10, 23, 57, 132, 301, 701, 1654, 3900, 9322, 22024]...: 15678889: ACCEPTED IN 29 TRIES, (AVG 540651.3448275862)
[1, 4, 10, 23, 57, 132, 301, 701, 1654, 3900, 9322, 22025]...: 10267161: ACCEPTED IN 19 TRIES, (AVG 540376.8947368421)
[1, 4, 10, 23, 57, 132, 301, 701, 1654, 3900, 9322, 22028]...: 13514030: ACCEPTED IN 25 TRIES, (AVG 540561.2)
[1, 4, 10, 23, 57, 132, 301, 701, 1654, 3900, 9322, 22029]...: 12972571: ACCEPTED IN 24 TRIES, (AVG 540523.7916666666)
[1, 4, 10, 23, 57, 132, 301, 701, 1654, 3900, 9322, 22032]...: 12971829: ACCEPTED IN 24 TRIES, (AVG 540492.875)
[1, 4, 10, 23, 57, 132, 301, 701, 1654, 3900, 9322, 22041]...: 7020812: ACCEPTED IN 13 TRIES, (AVG 540062.4615384615)
[1, 4, 10, 23, 57, 132, 301, 701, 1654, 3900, 9322, 22045]...: 16219487: ACCEPTED IN 30 TRIES, (AVG 540649.5666666667)
[1, 4, 10, 23, 57, 132, 301, 701, 1654, 3900, 9322, 22049]...: 13511719: ACCEPTED IN 25 TRIES, (AVG 540468.76)
[1, 4, 10, 23, 57, 132, 301, 701, 1654, 3900, 9322, 22053]...: 10264419: ACCEPTED IN 19 TRIES, (AVG 540232.5789473684)
[1, 4, 10, 23, 57, 132, 301, 701, 1654, 3900, 9322, 22057]...: 12431771: ACCEPTED IN 23 TRIES, (AVG 540511.7826086957)
[1, 4, 10, 23, 57, 132, 301, 701, 1654, 3900, 9322, 22061]...: 7559838: ACCEPTED IN 14 TRIES, (AVG 539988.4285714285)
[1, 4, 10, 23, 57, 132, 301, 701, 1654, 3900, 9322, 22062]...: 10267104: ACCEPTED IN 19 TRIES, (AVG 540373.8947368421)
[1, 4, 10, 23, 57, 132, 301, 701, 1654, 3900, 9322, 22065]...: 10266785: ACCEPTED IN 19 TRIES, (AVG 540357.1052631579)
[1, 4, 10, 23, 57, 132, 301, 701, 1654, 3900, 9322, 22066]...: 12971400: ACCEPTED IN 24 TRIES, (AVG 540475.0)
[1, 4, 10, 23, 57, 132, 301, 701, 1654, 3900, 9322, 22069]...: 10266496: ACCEPTED IN 19 TRIES, (AVG 540341.8947368421)
[1, 4, 10, 23, 57, 132, 301, 701, 1654, 3900, 9322, 22070]...: 9725161: ACCEPTED IN 18 TRIES, (AVG 540286.7222222222)
[1, 4, 10, 23, 57, 132, 301, 701, 1654, 3900, 9322, 22078]...: 12972581: ACCEPTED IN 24 TRIES, (AVG 540524.2083333334)
[1, 4, 10, 23, 57, 132, 301, 701, 1654, 3900, 9322, 22082]...: 12431873: ACCEPTED IN 23 TRIES, (AVG 540516.2173913043)
[1, 4, 10, 23, 57, 132, 301, 701, 1654, 3900, 9322, 22086]...: 14596527: ACCEPTED IN 27 TRIES, (AVG 540612.1111111111)
[1, 4, 10, 23, 57, 132, 301, 701, 1654, 3900, 9322, 22090]...: 12431145: ACCEPTED IN 23 TRIES, (AVG 540484.5652173914)
[1, 4, 10, 23, 57, 132, 301, 701, 1654, 3900, 9322, 22094]...: 10267402: ACCEPTED IN 19 TRIES, (AVG 540389.5789473684)
[1, 4, 10, 23, 57, 132, 301, 701, 1654, 3900, 9322, 22098]...: 7561513: ACCEPTED IN 14 TRIES, (AVG 540108.0714285715)
[1, 4, 10, 23, 57, 132, 301, 701, 1654, 3900, 9322, 22099]...: 13513629: ACCEPTED IN 25 TRIES, (AVG 540545.16)
[1, 4, 10, 23, 57, 132, 301, 701, 1654, 3900, 9322, 22102]...: 12431907: ACCEPTED IN 23 TRIES, (AVG 540517.695652174)
[1, 4, 10, 23, 57, 132, 301, 701, 1654, 3900, 9322, 22103]...: 13514289: ACCEPTED IN 25 TRIES, (AVG 540571.56)
[1, 4, 10, 23, 57, 132, 301, 701, 1654, 3900, 9322, 22106]...: 15138013: ACCEPTED IN 28 TRIES, (AVG 540643.3214285715)
[1, 4, 10, 23, 57, 132, 301, 701, 1654, 3900, 9322, 22107]...: 15137810: ACCEPTED IN 28 TRIES, (AVG 540636.0714285715)
[1, 4, 10, 23, 57, 132, 301, 701, 1654, 3900, 9322, 22111]...: 12971985: ACCEPTED IN 24 TRIES, (AVG 540499.375)
[1, 4, 10, 23, 57, 132, 301, 701, 1654, 3900, 9322, 22115]...: 13512176: ACCEPTED IN 25 TRIES, (AVG 540487.04)
[1, 4, 10, 23, 57, 132, 301, 701, 1654, 3900, 9322, 22116]...: 12430495: ACCEPTED IN 23 TRIES, (AVG 540456.304347826)
[1, 4, 10, 23, 57, 132, 301, 701, 1654, 3900, 9322, 22119]...: 10267542: ACCEPTED IN 19 TRIES, (AVG 540396.947368421)
[1, 4, 10, 23, 57, 132, 301, 701, 1654, 3900, 9322, 22123]...: 7561919: ACCEPTED IN 14 TRIES, (AVG 540137.0714285715)
[1, 4, 10, 23, 57, 132, 301, 701, 1654, 3900, 9322, 22127]...: 13514006: ACCEPTED IN 25 TRIES, (AVG 540560.24)
[1, 4, 10, 23, 57, 132, 301, 701, 1654, 3900, 9322, 22136]...: 8643470: ACCEPTED IN 16 TRIES, (AVG 540216.875)
[1, 4, 10, 23, 57, 132, 301, 701, 1654, 3900, 9322, 22139]...: 13514015: ACCEPTED IN 25 TRIES, (AVG 540560.6)
[1, 4, 10, 23, 57, 132, 301, 701, 1654, 3900, 9322, 22140]...: 13511719: ACCEPTED IN 25 TRIES, (AVG 540468.76)
[1, 4, 10, 23, 57, 132, 301, 701, 1654, 3900, 9322, 22143]...: 13514271: ACCEPTED IN 25 TRIES, (AVG 540570.84)
[1, 4, 10, 23, 57, 132, 301, 701, 1654, 3900, 9322, 22144]...: 13513099: ACCEPTED IN 25 TRIES, (AVG 540523.96)
[1, 4, 10, 23, 57, 132, 301, 701, 1654, 3900, 9322, 22148]...: 18383570: ACCEPTED IN 34 TRIES, (AVG 540693.2352941176)
[1, 4, 10, 23, 57, 132, 301, 701, 1654, 3900, 9322, 22152]...: 7558293: ACCEPTED IN 14 TRIES, (AVG 539878.0714285715)
[1, 4, 10, 23, 57, 132, 301, 701, 1654, 3900, 9322, 22153]...: 12431335: ACCEPTED IN 23 TRIES, (AVG 540492.8260869565)
[1, 4, 10, 23, 57, 132, 301, 701, 1654, 3900, 9322, 22156]...: 12431292: ACCEPTED IN 23 TRIES, (AVG 540490.9565217391)
[1, 4, 10, 23, 57, 132, 301, 701, 1654, 3900, 9322, 22157]...: 12973374: ACCEPTED IN 24 TRIES, (AVG 540557.25)
[1, 4, 10, 23, 57, 132, 301, 701, 1654, 3900, 9322, 22160]...: 10267250: ACCEPTED IN 19 TRIES, (AVG 540381.5789473684)
[1, 4, 10, 23, 57, 132, 301, 701, 1654, 3900, 9322, 22161]...: 13513492: ACCEPTED IN 25 TRIES, (AVG 540539.68)
[1, 4, 10, 23, 57, 132, 301, 701, 1654, 3900, 9322, 22164]...: 7559989: ACCEPTED IN 14 TRIES, (AVG 539999.2142857143)
[1, 4, 10, 23, 57, 132, 301, 701, 1654, 3900, 9322, 22173]...: 8644248: ACCEPTED IN 16 TRIES, (AVG 540265.5)
[1, 4, 10, 23, 57, 132, 301, 701, 1654, 3900, 9322, 22177]...: 18384675: ACCEPTED IN 34 TRIES, (AVG 540725.7352941176)
[1, 4, 10, 23, 57, 132, 301, 701, 1654, 3900, 9322, 22181]...: 13513293: ACCEPTED IN 25 TRIES, (AVG 540531.72)
[1, 4, 10, 23, 57, 132, 301, 701, 1654, 3900, 9322, 22185]...: 12429874: ACCEPTED IN 23 TRIES, (AVG 540429.304347826)
[1, 4, 10, 23, 57, 132, 301, 701, 1654, 3900, 9322, 22189]...: 14594617: ACCEPTED IN 27 TRIES, (AVG 540541.3703703703)
[1, 4, 10, 23, 57, 132, 301, 701, 1654, 3900, 9322, 22190]...: 9723750: ACCEPTED IN 18 TRIES, (AVG 540208.3333333334)
[1, 4, 10, 23, 57, 132, 301, 701, 1654, 3900, 9322, 22193]...: 11891206: ACCEPTED IN 22 TRIES, (AVG 540509.3636363636)
[1, 4, 10, 23, 57, 132, 301, 701, 1654, 3900, 9322, 22194]...: 10267399: ACCEPTED IN 19 TRIES, (AVG 540389.4210526316)
[1, 4, 10, 23, 57, 132, 301, 701, 1654, 3900, 9322, 22197]...: 10267573: ACCEPTED IN 19 TRIES, (AVG 540398.5789473684)
[1, 4, 10, 23, 57, 132, 301, 701, 1654, 3900, 9322, 22198]...: 17840786: ACCEPTED IN 33 TRIES, (AVG 540629.8787878788)
[1, 4, 10, 23, 57, 132, 301, 701, 1654, 3900, 9322, 22201]...: 8643956: ACCEPTED IN 16 TRIES, (AVG 540247.25)
[1, 4, 10, 23, 57, 132, 301, 701, 1654, 3900, 9322, 22202]...: 9725613: ACCEPTED IN 18 TRIES, (AVG 540311.8333333334)
[1, 4, 10, 23, 57, 132, 301, 701, 1654, 3900, 9322, 22210]...: 13511239: ACCEPTED IN 25 TRIES, (AVG 540449.56)
[1, 4, 10, 23, 57, 132, 301, 701, 1654, 3900, 9322, 22214]...: 10267277: ACCEPTED IN 19 TRIES, (AVG 540383.0)
[1, 4, 10, 23, 57, 132, 301, 701, 1654, 3900, 9322, 22218]...: 9184799: ACCEPTED IN 17 TRIES, (AVG 540282.2941176471)
[1, 4, 10, 23, 57, 132, 301, 701, 1654, 3900, 9322, 22222]...: 12972819: ACCEPTED IN 24 TRIES, (AVG 540534.125)
[1, 4, 10, 23, 57, 132, 301, 701, 1654, 3900, 9322, 22226]...: 16220193: ACCEPTED IN 30 TRIES, (AVG 540673.1)
[1, 4, 10, 23, 57, 132, 301, 701, 1654, 3900, 9322, 22230]...: 12431446: ACCEPTED IN 23 TRIES, (AVG 540497.6521739131)
[1, 4, 10, 23, 57, 132, 301, 701, 1654, 3900, 9322, 22231]...: 12972667: ACCEPTED IN 24 TRIES, (AVG 540527.7916666666)
[1, 4, 10, 23, 57, 132, 301, 701, 1654, 3900, 9322, 22234]...: 15677639: ACCEPTED IN 29 TRIES, (AVG 540608.2413793104)
[1, 4, 10, 23, 57, 132, 301, 701, 1654, 3900, 9322, 22235]...: 12970950: ACCEPTED IN 24 TRIES, (AVG 540456.25)
[1, 4, 10, 23, 57, 132, 301, 701, 1654, 3900, 9322, 22238]...: 9724644: ACCEPTED IN 18 TRIES, (AVG 540258.0)
[1, 4, 10, 23, 57, 132, 301, 701, 1654, 3900, 9322, 22239]...: 18381512: ACCEPTED IN 34 TRIES, (AVG 540632.7058823529)
[1, 4, 10, 23, 57, 132, 301, 701, 1654, 3900, 9322, 22243]...: 9725209: ACCEPTED IN 18 TRIES, (AVG 540289.3888888889)
[1, 4, 10, 23, 57, 132, 301, 701, 1654, 3900, 9322, 22247]...: 19466662: ACCEPTED IN 36 TRIES, (AVG 540740.6111111111)
[1, 4, 10, 23, 57, 132, 301, 701, 1654, 3900, 9322, 22248]...: 7020275: ACCEPTED IN 13 TRIES, (AVG 540021.1538461539)
[1, 4, 10, 23, 57, 132, 301, 701, 1654, 3900, 9322, 22251]...: 15678443: ACCEPTED IN 29 TRIES, (AVG 540635.9655172414)
[1, 4, 10, 23, 57, 132, 301, 701, 1654, 3900, 9322, 22255]...: 10267016: ACCEPTED IN 19 TRIES, (AVG 540369.2631578947)
[1, 4, 10, 23, 57, 132, 301, 701, 1654, 3900, 9322, 22259]...: 12432305: ACCEPTED IN 23 TRIES, (AVG 540535.0)
[1, 4, 10, 23, 57, 132, 301, 701, 1654, 3900, 9322, 22268]...: 12432149: ACCEPTED IN 23 TRIES, (AVG 540528.2173913043)
[1, 4, 10, 23, 57, 132, 301, 701, 1654, 3900, 9322, 22271]...: 14595200: ACCEPTED IN 27 TRIES, (AVG 540562.9629629629)
[1, 4, 10, 23, 57, 132, 301, 701, 1654, 3900, 9322, 22272]...: 9185020: ACCEPTED IN 17 TRIES, (AVG 540295.2941176471)
[1, 4, 10, 23, 57, 132, 301, 701, 1654, 3900, 9322, 22275]...: 17838413: ACCEPTED IN 33 TRIES, (AVG 540557.9696969697)
[1, 4, 10, 23, 57, 132, 301, 701, 1654, 3900, 9322, 22276]...: 13513668: ACCEPTED IN 25 TRIES, (AVG 540546.72)
[1, 4, 10, 23, 57, 132, 301, 701, 1654, 3900, 9322, 22280]...: 11889908: ACCEPTED IN 22 TRIES, (AVG 540450.3636363636)
[1, 4, 10, 23, 57, 132, 301, 701, 1654, 3900, 9322, 22284]...: 8642395: ACCEPTED IN 16 TRIES, (AVG 540149.6875)
[1, 4, 10, 23, 57, 132, 301, 701, 1654, 3900, 9322, 22285]...: 10266371: ACCEPTED IN 19 TRIES, (AVG 540335.3157894737)
[1, 4, 10, 23, 57, 132, 301, 701, 1654, 3900, 9322, 22288]...: 12973363: ACCEPTED IN 24 TRIES, (AVG 540556.7916666666)
[1, 4, 10, 23, 57, 132, 301, 701, 1654, 3900, 9322, 22289]...: 9726405: ACCEPTED IN 18 TRIES, (AVG 540355.8333333334)
[1, 4, 10, 23, 57, 132, 301, 701, 1654, 3900, 9322, 22292]...: 13514141: ACCEPTED IN 25 TRIES, (AVG 540565.64)
[1, 4, 10, 23, 57, 132, 301, 701, 1654, 3900, 9322, 22305]...: 14055541: ACCEPTED IN 26 TRIES, (AVG 540597.7307692308)
[1, 4, 10, 23, 57, 132, 301, 701, 1654, 3900, 9322, 22309]...: 11889396: ACCEPTED IN 22 TRIES, (AVG 540427.0909090909)
[1, 4, 10, 23, 57, 132, 301, 701, 1654, 3900, 9322, 22313]...: 11889318: ACCEPTED IN 22 TRIES, (AVG 540423.5454545454)
[1, 4, 10, 23, 57, 132, 301, 701, 1654, 3900, 9322, 22317]...: 15137887: ACCEPTED IN 28 TRIES, (AVG 540638.8214285715)
[1, 4, 10, 23, 57, 132, 301, 701, 1654, 3900, 9322, 22321]...: 18381739: ACCEPTED IN 34 TRIES, (AVG 540639.3823529412)
[1, 4, 10, 23, 57, 132, 301, 701, 1654, 3900, 9322, 22322]...: 12972613: ACCEPTED IN 24 TRIES, (AVG 540525.5416666666)
[1, 4, 10, 23, 57, 132, 301, 701, 1654, 3900, 9322, 22325]...: 12431891: ACCEPTED IN 23 TRIES, (AVG 540517.0)
[1, 4, 10, 23, 57, 132, 301, 701, 1654, 3900, 9322, 22326]...: 15137687: ACCEPTED IN 28 TRIES, (AVG 540631.6785714285)
[1, 4, 10, 23, 57, 132, 301, 701, 1654, 3900, 9322, 22329]...: 10266969: ACCEPTED IN 19 TRIES, (AVG 540366.7894736842)
[1, 4, 10, 23, 57, 132, 301, 701, 1654, 3900, 9322, 22330]...: 16761292: ACCEPTED IN 31 TRIES, (AVG 540686.8387096775)
[1, 4, 10, 23, 57, 132, 301, 701, 1654, 3900, 9322, 22333]...: 12972617: ACCEPTED IN 24 TRIES, (AVG 540525.7083333334)
[1, 4, 10, 23, 57, 132, 301, 701, 1654, 3900, 9322, 22334]...: 13513058: ACCEPTED IN 25 TRIES, (AVG 540522.32)
[1, 4, 10, 23, 57, 132, 301, 701, 1654, 3900, 9322, 22342]...: 16218780: ACCEPTED IN 30 TRIES, (AVG 540626.0)
[1, 4, 10, 23, 57, 132, 301, 701, 1654, 3900, 9322, 22346]...: 12973430: ACCEPTED IN 24 TRIES, (AVG 540559.5833333334)
[1, 4, 10, 23, 57, 132, 301, 701, 1654, 3900, 9322, 22350]...: 11891068: ACCEPTED IN 22 TRIES, (AVG 540503.0909090909)
[1, 4, 10, 23, 57, 132, 301, 701, 1654, 3900, 9322, 22354]...: 10264876: ACCEPTED IN 19 TRIES, (AVG 540256.6315789474)
[1, 4, 10, 23, 57, 132, 301, 701, 1654, 3900, 9322, 22358]...: 16219260: ACCEPTED IN 30 TRIES, (AVG 540642.0)
[1, 4, 10, 23, 57, 132, 301, 701, 1654, 3900, 9322, 22362]...: 8102523: ACCEPTED IN 15 TRIES, (AVG 540168.2)
[1, 4, 10, 23, 57, 132, 301, 701, 1654, 3900, 9322, 22363]...: 22172403: ACCEPTED IN 41 TRIES, (AVG 540790.3170731707)
[1, 4, 10, 23, 57, 132, 301, 701, 1654, 3900, 9322, 22366]...: 7020387: ACCEPTED IN 13 TRIES, (AVG 540029.7692307692)
[1, 4, 10, 23, 57, 132, 301, 701, 1654, 3900, 9322, 22367]...: 8644018: ACCEPTED IN 16 TRIES, (AVG 540251.125)
[1, 4, 10, 23, 57, 132, 301, 701, 1654, 3900, 9322, 22370]...: 9726638: ACCEPTED IN 18 TRIES, (AVG 540368.7777777778)
[1, 4, 10, 23, 57, 132, 301, 701, 1654, 3900, 9322, 22371]...: 10267141: ACCEPTED IN 19 TRIES, (AVG 540375.8421052631)
