[1, 4, 10, 23, 57, 132, 301, 701, 1636, 3718, 8278, 18679]...: 537139: ACCEPTED IN 1 TRIES, (AVG 537139.0)
[1, 4, 10, 23, 57, 132, 301, 701, 1636, 3718, 8278, 19005]...: 537492: ACCEPTED IN 1 TRIES, (AVG 537492.0)
[1, 4, 10, 23, 57, 132, 301, 701, 1636, 3718, 8278, 19113]...: 2155957: ACCEPTED IN 4 TRIES, (AVG 538989.25)
[1, 4, 10, 23, 57, 132, 301, 701, 1636, 3718, 8278, 19114]...: 2155872: ACCEPTED IN 4 TRIES, (AVG 538968.0)
[1, 4, 10, 23, 57, 132, 301, 701, 1636, 3718, 8278, 19276]...: 1615711: ACCEPTED IN 3 TRIES, (AVG 538570.3333333334)
[1, 4, 10, 23, 57, 132, 301, 701, 1636, 3718, 8278, 19343]...: 2695679: ACCEPTED IN 5 TRIES, (AVG 539135.8)
[1, 4, 10, 23, 57, 132, 301, 701, 1636, 3718, 8278, 19513]...: 1616053: ACCEPTED IN 3 TRIES, (AVG 538684.3333333334)
[1, 4, 10, 23, 57, 132, 301, 701, 1636, 3718, 8278, 19515]...: 2695084: ACCEPTED IN 5 TRIES, (AVG 539016.8)
[1, 4, 10, 23, 57, 132, 301, 701, 1636, 3718, 8278, 19575]...: 1076319: ACCEPTED IN 2 TRIES, (AVG 538159.5)
[1, 4, 10, 23, 57, 132, 301, 701, 1636, 3718, 8278, 19606]...: 3233943: ACCEPTED IN 6 TRIES, (AVG 538990.5)
[1, 4, 10, 23, 57, 132, 301, 701, 1636, 3718, 8278, 19608]...: 3234652: ACCEPTED IN 6 TRIES, (AVG 539108.6666666666)
[1, 4, 10, 23, 57, 132, 301, 701, 1636, 3718, 8278, 19609]...: 1615041: ACCEPTED IN 3 TRIES, (AVG 538347.0)
[1, 4, 10, 23, 57, 132, 301, 701, 1636, 3718, 8278, 19648]...: 1076917: ACCEPTED IN 2 TRIES, (AVG 538458.5)
[1, 4, 10, 23, 57, 132, 301, 701, 1636, 3718, 8278, 19676]...: 1616570: ACCEPTED IN 3 TRIES, (AVG 538856.6666666666)
[1, 4, 10, 23, 57, 132, 301, 701, 1636, 3718, 8278, 19813]...: 2155606: ACCEPTED IN 4 TRIES, (AVG 538901.5)
[1, 4, 10, 23, 57, 132, 301, 701, 1636, 3718, 8278, 19844]...: 1076544: ACCEPTED IN 2 TRIES, (AVG 538272.0)
