[1, 4, 10, 23, 57, 132, 301, 701, 1654, 3838, 8551, 18812]...: 25960221: ACCEPTED IN 48 TRIES, (AVG 540837.9375)
[1, 4, 10, 23, 57, 132, 301, 701, 1654, 3838, 8551, 18820]...: 9185220: ACCEPTED IN 17 TRIES, (AVG 540307.0588235294)
[1, 4, 10, 23, 57, 132, 301, 701, 1654, 3838, 8551, 18824]...: 9723973: ACCEPTED IN 18 TRIES, (AVG 540220.7222222222)
[1, 4, 10, 23, 57, 132, 301, 701, 1654, 3838, 8551, 18828]...: 12973437: ACCEPTED IN 24 TRIES, (AVG 540559.875)
[1, 4, 10, 23, 57, 132, 301, 701, 1654, 3838, 8551, 18832]...: 35159998: ACCEPTED IN 65 TRIES, (AVG 540923.0461538462)
[1, 4, 10, 23, 57, 132, 301, 701, 1654, 3838, 8551, 18836]...: 24878239: ACCEPTED IN 46 TRIES, (AVG 540831.2826086957)
[1, 4, 10, 23, 57, 132, 301, 701, 1654, 3838, 8551, 18845]...: 14053134: ACCEPTED IN 26 TRIES, (AVG 540505.1538461539)
[1, 4, 10, 23, 57, 132, 301, 701, 1654, 3838, 8551, 18849]...: 10267613: ACCEPTED IN 19 TRIES, (AVG 540400.6842105263)
[1, 4, 10, 23, 57, 132, 301, 701, 1654, 3838, 8551, 18853]...: 22172106: ACCEPTED IN 41 TRIES, (AVG 540783.0731707317)
[1, 4, 10, 23, 57, 132, 301, 701, 1654, 3838, 8551, 18861]...: 29746869: ACCEPTED IN 55 TRIES, (AVG 540852.1636363637)
[1, 4, 10, 23, 57, 132, 301, 701, 1654, 3838, 8551, 18873]...: 13513770: ACCEPTED IN 25 TRIES, (AVG 540550.8)
[1, 4, 10, 23, 57, 132, 301, 701, 1654, 3838, 8551, 18886]...: 12971856: ACCEPTED IN 24 TRIES, (AVG 540494.0)
[1, 4, 10, 23, 57, 132, 301, 701, 1654, 3838, 8551, 18890]...: 31912328: ACCEPTED IN 59 TRIES, (AVG 540886.9152542372)
[1, 4, 10, 23, 57, 132, 301, 701, 1654, 3838, 8551, 18903]...: 12972705: ACCEPTED IN 24 TRIES, (AVG 540529.375)
[1, 4, 10, 23, 57, 132, 301, 701, 1654, 3838, 8551, 18923]...: 9724918: ACCEPTED IN 18 TRIES, (AVG 540273.2222222222)
[1, 4, 10, 23, 57, 132, 301, 701, 1654, 3838, 8551, 18927]...: 10808305: ACCEPTED IN 20 TRIES, (AVG 540415.25)
[1, 4, 10, 23, 57, 132, 301, 701, 1654, 3838, 8551, 18940]...: 9724043: ACCEPTED IN 18 TRIES, (AVG 540224.6111111111)
[1, 4, 10, 23, 57, 132, 301, 701, 1654, 3838, 8551, 18944]...: 39487828: ACCEPTED IN 73 TRIES, (AVG 540929.1506849315)
[1, 4, 10, 23, 57, 132, 301, 701, 1654, 3838, 8551, 18952]...: 11349930: ACCEPTED IN 21 TRIES, (AVG 540472.8571428572)
[1, 4, 10, 23, 57, 132, 301, 701, 1654, 3838, 8551, 18956]...: 14055737: ACCEPTED IN 26 TRIES, (AVG 540605.2692307692)
[1, 4, 10, 23, 57, 132, 301, 701, 1654, 3838, 8551, 18960]...: 23794260: ACCEPTED IN 44 TRIES, (AVG 540778.6363636364)
[1, 4, 10, 23, 57, 132, 301, 701, 1654, 3838, 8551, 18964]...: 7020919: ACCEPTED IN 13 TRIES, (AVG 540070.6923076923)
[1, 4, 10, 23, 57, 132, 301, 701, 1654, 3838, 8551, 18968]...: 13514108: ACCEPTED IN 25 TRIES, (AVG 540564.32)
[1, 4, 10, 23, 57, 132, 301, 701, 1654, 3838, 8551, 18977]...: 12972898: ACCEPTED IN 24 TRIES, (AVG 540537.4166666666)
[1, 4, 10, 23, 57, 132, 301, 701, 1654, 3838, 8551, 18981]...: 11348821: ACCEPTED IN 21 TRIES, (AVG 540420.0476190476)
[1, 4, 10, 23, 57, 132, 301, 701, 1654, 3838, 8551, 18985]...: 10267717: ACCEPTED IN 19 TRIES, (AVG 540406.1578947369)
[1, 4, 10, 23, 57, 132, 301, 701, 1654, 3838, 8551, 18993]...: 28125025: ACCEPTED IN 52 TRIES, (AVG 540865.8653846154)
[1, 4, 10, 23, 57, 132, 301, 701, 1654, 3838, 8551, 19005]...: 24877245: ACCEPTED IN 46 TRIES, (AVG 540809.6739130435)
[1, 4, 10, 23, 57, 132, 301, 701, 1654, 3838, 8551, 19014]...: 14054662: ACCEPTED IN 26 TRIES, (AVG 540563.9230769231)
[1, 4, 10, 23, 57, 132, 301, 701, 1654, 3838, 8551, 19018]...: 14055568: ACCEPTED IN 26 TRIES, (AVG 540598.7692307692)
[1, 4, 10, 23, 57, 132, 301, 701, 1654, 3838, 8551, 19022]...: 12432237: ACCEPTED IN 23 TRIES, (AVG 540532.0434782609)
[1, 4, 10, 23, 57, 132, 301, 701, 1654, 3838, 8551, 19035]...: 28125078: ACCEPTED IN 52 TRIES, (AVG 540866.8846153846)
[1, 4, 10, 23, 57, 132, 301, 701, 1654, 3838, 8551, 19055]...: 22170417: ACCEPTED IN 41 TRIES, (AVG 540741.8780487805)
[1, 4, 10, 23, 57, 132, 301, 701, 1654, 3838, 8551, 19059]...: 14054501: ACCEPTED IN 26 TRIES, (AVG 540557.7307692308)
[1, 4, 10, 23, 57, 132, 301, 701, 1654, 3838, 8551, 19072]...: 15135733: ACCEPTED IN 28 TRIES, (AVG 540561.8928571428)
[1, 4, 10, 23, 57, 132, 301, 701, 1654, 3838, 8551, 19076]...: 11348735: ACCEPTED IN 21 TRIES, (AVG 540415.9523809524)
[1, 4, 10, 23, 57, 132, 301, 701, 1654, 3838, 8551, 19084]...: 7019880: ACCEPTED IN 13 TRIES, (AVG 539990.7692307692)
[1, 4, 10, 23, 57, 132, 301, 701, 1654, 3838, 8551, 19088]...: 21089219: ACCEPTED IN 39 TRIES, (AVG 540749.2051282051)
[1, 4, 10, 23, 57, 132, 301, 701, 1654, 3838, 8551, 19092]...: 28666342: ACCEPTED IN 53 TRIES, (AVG 540874.3773584906)
[1, 4, 10, 23, 57, 132, 301, 701, 1654, 3838, 8551, 19096]...: 11349180: ACCEPTED IN 21 TRIES, (AVG 540437.1428571428)
[1, 4, 10, 23, 57, 132, 301, 701, 1654, 3838, 8551, 19100]...: 11890953: ACCEPTED IN 22 TRIES, (AVG 540497.8636363636)
[1, 4, 10, 23, 57, 132, 301, 701, 1654, 3838, 8551, 19109]...: 8643082: ACCEPTED IN 16 TRIES, (AVG 540192.625)
[1, 4, 10, 23, 57, 132, 301, 701, 1654, 3838, 8551, 19113]...: 12432103: ACCEPTED IN 23 TRIES, (AVG 540526.2173913043)
[1, 4, 10, 23, 57, 132, 301, 701, 1654, 3838, 8551, 19117]...: 14596637: ACCEPTED IN 27 TRIES, (AVG 540616.1851851852)
[1, 4, 10, 23, 57, 132, 301, 701, 1654, 3838, 8551, 19125]...: 15678812: ACCEPTED IN 29 TRIES, (AVG 540648.6896551724)
[1, 4, 10, 23, 57, 132, 301, 701, 1654, 3838, 8551, 19129]...: 11348864: ACCEPTED IN 21 TRIES, (AVG 540422.0952380953)
[1, 4, 10, 23, 57, 132, 301, 701, 1654, 3838, 8551, 19137]...: 5936072: ACCEPTED IN 11 TRIES, (AVG 539642.9090909091)
[1, 4, 10, 23, 57, 132, 301, 701, 1654, 3838, 8551, 19146]...: 10808493: ACCEPTED IN 20 TRIES, (AVG 540424.65)
[1, 4, 10, 23, 57, 132, 301, 701, 1654, 3838, 8551, 19150]...: 10267503: ACCEPTED IN 19 TRIES, (AVG 540394.8947368421)
[1, 4, 10, 23, 57, 132, 301, 701, 1654, 3838, 8551, 19154]...: 20547747: ACCEPTED IN 38 TRIES, (AVG 540730.1842105263)
[1, 4, 10, 23, 57, 132, 301, 701, 1654, 3838, 8551, 19187]...: 13514401: ACCEPTED IN 25 TRIES, (AVG 540576.04)
[1, 4, 10, 23, 57, 132, 301, 701, 1654, 3838, 8551, 19191]...: 10808683: ACCEPTED IN 20 TRIES, (AVG 540434.15)
[1, 4, 10, 23, 57, 132, 301, 701, 1654, 3838, 8551, 19204]...: 25960479: ACCEPTED IN 48 TRIES, (AVG 540843.3125)
[1, 4, 10, 23, 57, 132, 301, 701, 1654, 3838, 8551, 19208]...: 12973152: ACCEPTED IN 24 TRIES, (AVG 540548.0)
[1, 4, 10, 23, 57, 132, 301, 701, 1654, 3838, 8551, 19220]...: 11890628: ACCEPTED IN 22 TRIES, (AVG 540483.0909090909)
[1, 4, 10, 23, 57, 132, 301, 701, 1654, 3838, 8551, 19224]...: 12972512: ACCEPTED IN 24 TRIES, (AVG 540521.3333333334)
[1, 4, 10, 23, 57, 132, 301, 701, 1654, 3838, 8551, 19228]...: 8102629: ACCEPTED IN 15 TRIES, (AVG 540175.2666666667)
[1, 4, 10, 23, 57, 132, 301, 701, 1654, 3838, 8551, 19241]...: 10267301: ACCEPTED IN 19 TRIES, (AVG 540384.2631578947)
[1, 4, 10, 23, 57, 132, 301, 701, 1654, 3838, 8551, 19245]...: 14595933: ACCEPTED IN 27 TRIES, (AVG 540590.1111111111)
[1, 4, 10, 23, 57, 132, 301, 701, 1654, 3838, 8551, 19249]...: 9726461: ACCEPTED IN 18 TRIES, (AVG 540358.9444444445)
[1, 4, 10, 23, 57, 132, 301, 701, 1654, 3838, 8551, 19257]...: 15678750: ACCEPTED IN 29 TRIES, (AVG 540646.551724138)
[1, 4, 10, 23, 57, 132, 301, 701, 1654, 3838, 8551, 19261]...: 12970651: ACCEPTED IN 24 TRIES, (AVG 540443.7916666666)
[1, 4, 10, 23, 57, 132, 301, 701, 1654, 3838, 8551, 19269]...: 10808100: ACCEPTED IN 20 TRIES, (AVG 540405.0)
[1, 4, 10, 23, 57, 132, 301, 701, 1654, 3838, 8551, 19278]...: 22171450: ACCEPTED IN 41 TRIES, (AVG 540767.0731707317)
[1, 4, 10, 23, 57, 132, 301, 701, 1654, 3838, 8551, 19282]...: 4853293: ACCEPTED IN 9 TRIES, (AVG 539254.7777777778)
[1, 4, 10, 23, 57, 132, 301, 701, 1654, 3838, 8551, 19315]...: 22171591: ACCEPTED IN 41 TRIES, (AVG 540770.512195122)
[1, 4, 10, 23, 57, 132, 301, 701, 1654, 3838, 8551, 19316]...: 22169972: ACCEPTED IN 41 TRIES, (AVG 540731.0243902439)
[1, 4, 10, 23, 57, 132, 301, 701, 1654, 3838, 8551, 19319]...: 22713395: ACCEPTED IN 42 TRIES, (AVG 540795.119047619)
[1, 4, 10, 23, 57, 132, 301, 701, 1654, 3838, 8551, 19323]...: 11890732: ACCEPTED IN 22 TRIES, (AVG 540487.8181818182)
[1, 4, 10, 23, 57, 132, 301, 701, 1654, 3838, 8551, 19336]...: 11889685: ACCEPTED IN 22 TRIES, (AVG 540440.2272727273)
[1, 4, 10, 23, 57, 132, 301, 701, 1654, 3838, 8551, 19340]...: 5936283: ACCEPTED IN 11 TRIES, (AVG 539662.0909090909)
[1, 4, 10, 23, 57, 132, 301, 701, 1654, 3838, 8551, 19352]...: 9184262: ACCEPTED IN 17 TRIES, (AVG 540250.7058823529)
[1, 4, 10, 23, 57, 132, 301, 701, 1654, 3838, 8551, 19356]...: 11349675: ACCEPTED IN 21 TRIES, (AVG 540460.7142857143)
[1, 4, 10, 23, 57, 132, 301, 701, 1654, 3838, 8551, 19360]...: 7020629: ACCEPTED IN 13 TRIES, (AVG 540048.3846153846)
[1, 4, 10, 23, 57, 132, 301, 701, 1654, 3838, 8551, 19373]...: 6478424: ACCEPTED IN 12 TRIES, (AVG 539868.6666666666)
[1, 4, 10, 23, 57, 132, 301, 701, 1654, 3838, 8551, 19377]...: 11349128: ACCEPTED IN 21 TRIES, (AVG 540434.6666666666)
[1, 4, 10, 23, 57, 132, 301, 701, 1654, 3838, 8551, 19381]...: 15679112: ACCEPTED IN 29 TRIES, (AVG 540659.0344827586)
[1, 4, 10, 23, 57, 132, 301, 701, 1654, 3838, 8551, 19389]...: 15678047: ACCEPTED IN 29 TRIES, (AVG 540622.3103448276)
[1, 4, 10, 23, 57, 132, 301, 701, 1654, 3838, 8551, 19393]...: 11350053: ACCEPTED IN 21 TRIES, (AVG 540478.7142857143)
[1, 4, 10, 23, 57, 132, 301, 701, 1654, 3838, 8551, 19401]...: 10264819: ACCEPTED IN 19 TRIES, (AVG 540253.6315789474)
[1, 4, 10, 23, 57, 132, 301, 701, 1654, 3838, 8551, 19410]...: 6478707: ACCEPTED IN 12 TRIES, (AVG 539892.25)
[1, 4, 10, 23, 57, 132, 301, 701, 1654, 3838, 8551, 19414]...: 11349389: ACCEPTED IN 21 TRIES, (AVG 540447.0952380953)
[1, 4, 10, 23, 57, 132, 301, 701, 1654, 3838, 8551, 19418]...: 23253290: ACCEPTED IN 43 TRIES, (AVG 540774.1860465116)
[1, 4, 10, 23, 57, 132, 301, 701, 1654, 3838, 8551, 19430]...: 25419188: ACCEPTED IN 47 TRIES, (AVG 540833.7872340425)
[1, 4, 10, 23, 57, 132, 301, 701, 1654, 3838, 8551, 19447]...: 4315200: ACCEPTED IN 8 TRIES, (AVG 539400.0)
[1, 4, 10, 23, 57, 132, 301, 701, 1654, 3838, 8551, 19451]...: 13513903: ACCEPTED IN 25 TRIES, (AVG 540556.12)
[1, 4, 10, 23, 57, 132, 301, 701, 1654, 3838, 8551, 19455]...: 8643298: ACCEPTED IN 16 TRIES, (AVG 540206.125)
[1, 4, 10, 23, 57, 132, 301, 701, 1654, 3838, 8551, 19472]...: 9185505: ACCEPTED IN 17 TRIES, (AVG 540323.8235294118)
[1, 4, 10, 23, 57, 132, 301, 701, 1654, 3838, 8551, 19484]...: 10267256: ACCEPTED IN 19 TRIES, (AVG 540381.8947368421)
[1, 4, 10, 23, 57, 132, 301, 701, 1654, 3838, 8551, 19488]...: 13514408: ACCEPTED IN 25 TRIES, (AVG 540576.32)
[1, 4, 10, 23, 57, 132, 301, 701, 1654, 3838, 8551, 19492]...: 12970430: ACCEPTED IN 24 TRIES, (AVG 540434.5833333334)
[1, 4, 10, 23, 57, 132, 301, 701, 1654, 3838, 8551, 19505]...: 5938521: ACCEPTED IN 11 TRIES, (AVG 539865.5454545454)
[1, 4, 10, 23, 57, 132, 301, 701, 1654, 3838, 8551, 19509]...: 9724981: ACCEPTED IN 18 TRIES, (AVG 540276.7222222222)
[1, 4, 10, 23, 57, 132, 301, 701, 1654, 3838, 8551, 19513]...: 14595621: ACCEPTED IN 27 TRIES, (AVG 540578.5555555555)
[1, 4, 10, 23, 57, 132, 301, 701, 1654, 3838, 8551, 19521]...: 12970371: ACCEPTED IN 24 TRIES, (AVG 540432.125)
[1, 4, 10, 23, 57, 132, 301, 701, 1654, 3838, 8551, 19525]...: 11348833: ACCEPTED IN 21 TRIES, (AVG 540420.619047619)
[1, 4, 10, 23, 57, 132, 301, 701, 1654, 3838, 8551, 19529]...: 10267551: ACCEPTED IN 19 TRIES, (AVG 540397.4210526316)
[1, 4, 10, 23, 57, 132, 301, 701, 1654, 3838, 8551, 19542]...: 20005824: ACCEPTED IN 37 TRIES, (AVG 540697.9459459459)
[1, 4, 10, 23, 57, 132, 301, 701, 1654, 3838, 8551, 19546]...: 14054791: ACCEPTED IN 26 TRIES, (AVG 540568.8846153846)
[1, 4, 10, 23, 57, 132, 301, 701, 1654, 3838, 8551, 19550]...: 9185503: ACCEPTED IN 17 TRIES, (AVG 540323.7058823529)
[1, 4, 10, 23, 57, 132, 301, 701, 1654, 3838, 8551, 19562]...: 13512132: ACCEPTED IN 25 TRIES, (AVG 540485.28)
[1, 4, 10, 23, 57, 132, 301, 701, 1654, 3838, 8551, 19579]...: 5397570: ACCEPTED IN 10 TRIES, (AVG 539757.0)
[1, 4, 10, 23, 57, 132, 301, 701, 1654, 3838, 8551, 19583]...: 16220025: ACCEPTED IN 30 TRIES, (AVG 540667.5)
[1, 4, 10, 23, 57, 132, 301, 701, 1654, 3838, 8551, 19587]...: 5937849: ACCEPTED IN 11 TRIES, (AVG 539804.4545454546)
[1, 4, 10, 23, 57, 132, 301, 701, 1654, 3838, 8551, 19604]...: 8102422: ACCEPTED IN 15 TRIES, (AVG 540161.4666666667)
[1, 4, 10, 23, 57, 132, 301, 701, 1654, 3838, 8551, 19616]...: 13512986: ACCEPTED IN 25 TRIES, (AVG 540519.44)
[1, 4, 10, 23, 57, 132, 301, 701, 1654, 3838, 8551, 19617]...: 8102637: ACCEPTED IN 15 TRIES, (AVG 540175.8)
[1, 4, 10, 23, 57, 132, 301, 701, 1654, 3838, 8551, 19620]...: 10265342: ACCEPTED IN 19 TRIES, (AVG 540281.1578947369)
[1, 4, 10, 23, 57, 132, 301, 701, 1654, 3838, 8551, 19624]...: 12970976: ACCEPTED IN 24 TRIES, (AVG 540457.3333333334)
[1, 4, 10, 23, 57, 132, 301, 701, 1654, 3838, 8551, 19637]...: 22171220: ACCEPTED IN 41 TRIES, (AVG 540761.4634146341)
[1, 4, 10, 23, 57, 132, 301, 701, 1654, 3838, 8551, 19641]...: 15137924: ACCEPTED IN 28 TRIES, (AVG 540640.1428571428)
[1, 4, 10, 23, 57, 132, 301, 701, 1654, 3838, 8551, 19645]...: 9185434: ACCEPTED IN 17 TRIES, (AVG 540319.6470588235)
[1, 4, 10, 23, 57, 132, 301, 701, 1654, 3838, 8551, 19653]...: 13513075: ACCEPTED IN 25 TRIES, (AVG 540523.0)
[1, 4, 10, 23, 57, 132, 301, 701, 1654, 3838, 8551, 19657]...: 16218997: ACCEPTED IN 30 TRIES, (AVG 540633.2333333333)
[1, 4, 10, 23, 57, 132, 301, 701, 1654, 3838, 8551, 19661]...: 9182757: ACCEPTED IN 17 TRIES, (AVG 540162.1764705882)
[1, 4, 10, 23, 57, 132, 301, 701, 1654, 3838, 8551, 19674]...: 11346757: ACCEPTED IN 21 TRIES, (AVG 540321.7619047619)
[1, 4, 10, 23, 57, 132, 301, 701, 1654, 3838, 8551, 19678]...: 8103172: ACCEPTED IN 15 TRIES, (AVG 540211.4666666667)
[1, 4, 10, 23, 57, 132, 301, 701, 1654, 3838, 8551, 19682]...: 10265364: ACCEPTED IN 19 TRIES, (AVG 540282.3157894737)
[1, 4, 10, 23, 57, 132, 301, 701, 1654, 3838, 8551, 19694]...: 24877992: ACCEPTED IN 46 TRIES, (AVG 540825.9130434783)
[1, 4, 10, 23, 57, 132, 301, 701, 1654, 3838, 8551, 19711]...: 9185142: ACCEPTED IN 17 TRIES, (AVG 540302.4705882353)
[1, 4, 10, 23, 57, 132, 301, 701, 1654, 3838, 8551, 19715]...: 11888651: ACCEPTED IN 22 TRIES, (AVG 540393.2272727273)
[1, 4, 10, 23, 57, 132, 301, 701, 1654, 3838, 8551, 19719]...: 7562121: ACCEPTED IN 14 TRIES, (AVG 540151.5)
[1, 4, 10, 23, 57, 132, 301, 701, 1654, 3838, 8551, 19736]...: 15678503: ACCEPTED IN 29 TRIES, (AVG 540638.0344827586)
[1, 4, 10, 23, 57, 132, 301, 701, 1654, 3838, 8551, 19748]...: 13513024: ACCEPTED IN 25 TRIES, (AVG 540520.96)
[1, 4, 10, 23, 57, 132, 301, 701, 1654, 3838, 8551, 19752]...: 5937027: ACCEPTED IN 11 TRIES, (AVG 539729.7272727273)
[1, 4, 10, 23, 57, 132, 301, 701, 1654, 3838, 8551, 19756]...: 6479106: ACCEPTED IN 12 TRIES, (AVG 539925.5)
[1, 4, 10, 23, 57, 132, 301, 701, 1654, 3838, 8551, 19765]...: 5938416: ACCEPTED IN 11 TRIES, (AVG 539856.0)
[1, 4, 10, 23, 57, 132, 301, 701, 1654, 3838, 8551, 19773]...: 9726036: ACCEPTED IN 18 TRIES, (AVG 540335.3333333334)
[1, 4, 10, 23, 57, 132, 301, 701, 1654, 3838, 8551, 19777]...: 21630049: ACCEPTED IN 40 TRIES, (AVG 540751.225)
[1, 4, 10, 23, 57, 132, 301, 701, 1654, 3838, 8551, 19785]...: 7020780: ACCEPTED IN 13 TRIES, (AVG 540060.0)
[1, 4, 10, 23, 57, 132, 301, 701, 1654, 3838, 8551, 19789]...: 12431216: ACCEPTED IN 23 TRIES, (AVG 540487.6521739131)
[1, 4, 10, 23, 57, 132, 301, 701, 1654, 3838, 8551, 19793]...: 12430535: ACCEPTED IN 23 TRIES, (AVG 540458.0434782609)
[1, 4, 10, 23, 57, 132, 301, 701, 1654, 3838, 8551, 19806]...: 7019327: ACCEPTED IN 13 TRIES, (AVG 539948.2307692308)
[1, 4, 10, 23, 57, 132, 301, 701, 1654, 3838, 8551, 19810]...: 10808469: ACCEPTED IN 20 TRIES, (AVG 540423.45)
[1, 4, 10, 23, 57, 132, 301, 701, 1654, 3838, 8551, 19814]...: 17842423: ACCEPTED IN 33 TRIES, (AVG 540679.4848484849)
[1, 4, 10, 23, 57, 132, 301, 701, 1654, 3838, 8551, 19826]...: 10807397: ACCEPTED IN 20 TRIES, (AVG 540369.85)
[1, 4, 10, 23, 57, 132, 301, 701, 1654, 3838, 8551, 19830]...: 21631106: ACCEPTED IN 40 TRIES, (AVG 540777.65)
[1, 4, 10, 23, 57, 132, 301, 701, 1654, 3838, 8551, 19843]...: 3231527: ACCEPTED IN 6 TRIES, (AVG 538587.8333333334)
[1, 4, 10, 23, 57, 132, 301, 701, 1654, 3838, 8551, 19847]...: 9183722: ACCEPTED IN 17 TRIES, (AVG 540218.9411764706)
[1, 4, 10, 23, 57, 132, 301, 701, 1654, 3838, 8551, 19851]...: 9184478: ACCEPTED IN 17 TRIES, (AVG 540263.4117647059)
[1, 4, 10, 23, 57, 132, 301, 701, 1654, 3838, 8551, 19880]...: 10808939: ACCEPTED IN 20 TRIES, (AVG 540446.95)
[1, 4, 10, 23, 57, 132, 301, 701, 1654, 3838, 8551, 19884]...: 9725967: ACCEPTED IN 18 TRIES, (AVG 540331.5)
[1, 4, 10, 23, 57, 132, 301, 701, 1654, 3838, 8551, 19888]...: 12970847: ACCEPTED IN 24 TRIES, (AVG 540451.9583333334)
[1, 4, 10, 23, 57, 132, 301, 701, 1654, 3838, 8551, 19897]...: 9724738: ACCEPTED IN 18 TRIES, (AVG 540263.2222222222)
[1, 4, 10, 23, 57, 132, 301, 701, 1654, 3838, 8551, 19905]...: 7562115: ACCEPTED IN 14 TRIES, (AVG 540151.0714285715)
[1, 4, 10, 23, 57, 132, 301, 701, 1654, 3838, 8551, 19909]...: 13512397: ACCEPTED IN 25 TRIES, (AVG 540495.88)
[1, 4, 10, 23, 57, 132, 301, 701, 1654, 3838, 8551, 19917]...: 9725682: ACCEPTED IN 18 TRIES, (AVG 540315.6666666666)
[1, 4, 10, 23, 57, 132, 301, 701, 1654, 3838, 8551, 19918]...: 11346922: ACCEPTED IN 21 TRIES, (AVG 540329.619047619)
[1, 4, 10, 23, 57, 132, 301, 701, 1654, 3838, 8551, 19921]...: 11349963: ACCEPTED IN 21 TRIES, (AVG 540474.4285714285)
[1, 4, 10, 23, 57, 132, 301, 701, 1654, 3838, 8551, 19925]...: 11889963: ACCEPTED IN 22 TRIES, (AVG 540452.8636363636)
[1, 4, 10, 23, 57, 132, 301, 701, 1654, 3838, 8551, 19938]...: 4855664: ACCEPTED IN 9 TRIES, (AVG 539518.2222222222)
[1, 4, 10, 23, 57, 132, 301, 701, 1654, 3838, 8551, 19942]...: 19464469: ACCEPTED IN 36 TRIES, (AVG 540679.6944444445)
[1, 4, 10, 23, 57, 132, 301, 701, 1654, 3838, 8551, 19946]...: 15137851: ACCEPTED IN 28 TRIES, (AVG 540637.5357142857)
[1, 4, 10, 23, 57, 132, 301, 701, 1654, 3838, 8551, 19958]...: 11348941: ACCEPTED IN 21 TRIES, (AVG 540425.7619047619)
[1, 4, 10, 23, 57, 132, 301, 701, 1654, 3838, 8551, 19962]...: 4855366: ACCEPTED IN 9 TRIES, (AVG 539485.1111111111)
[1, 4, 10, 23, 57, 132, 301, 701, 1654, 3838, 8551, 19975]...: 11350074: ACCEPTED IN 21 TRIES, (AVG 540479.7142857143)
[1, 4, 10, 23, 57, 132, 301, 701, 1654, 3838, 8551, 19979]...: 12973291: ACCEPTED IN 24 TRIES, (AVG 540553.7916666666)
[1, 4, 10, 23, 57, 132, 301, 701, 1654, 3838, 8551, 20012]...: 9184327: ACCEPTED IN 17 TRIES, (AVG 540254.5294117647)
[1, 4, 10, 23, 57, 132, 301, 701, 1654, 3838, 8551, 20016]...: 16218157: ACCEPTED IN 30 TRIES, (AVG 540605.2333333333)
[1, 4, 10, 23, 57, 132, 301, 701, 1654, 3838, 8551, 20017]...: 5935950: ACCEPTED IN 11 TRIES, (AVG 539631.8181818182)
[1, 4, 10, 23, 57, 132, 301, 701, 1654, 3838, 8551, 20020]...: 11891052: ACCEPTED IN 22 TRIES, (AVG 540502.3636363636)
[1, 4, 10, 23, 57, 132, 301, 701, 1654, 3838, 8551, 20029]...: 10808568: ACCEPTED IN 20 TRIES, (AVG 540428.4)
[1, 4, 10, 23, 57, 132, 301, 701, 1654, 3838, 8551, 20037]...: 7020122: ACCEPTED IN 13 TRIES, (AVG 540009.3846153846)
[1, 4, 10, 23, 57, 132, 301, 701, 1654, 3838, 8551, 20041]...: 11347478: ACCEPTED IN 21 TRIES, (AVG 540356.0952380953)
[1, 4, 10, 23, 57, 132, 301, 701, 1654, 3838, 8551, 20046]...: 8101017: ACCEPTED IN 15 TRIES, (AVG 540067.8)
[1, 4, 10, 23, 57, 132, 301, 701, 1654, 3838, 8551, 20049]...: 9726532: ACCEPTED IN 18 TRIES, (AVG 540362.8888888889)
[1, 4, 10, 23, 57, 132, 301, 701, 1654, 3838, 8551, 20053]...: 11347899: ACCEPTED IN 21 TRIES, (AVG 540376.1428571428)
[1, 4, 10, 23, 57, 132, 301, 701, 1654, 3838, 8551, 20057]...: 15137167: ACCEPTED IN 28 TRIES, (AVG 540613.1071428572)
[1, 4, 10, 23, 57, 132, 301, 701, 1654, 3838, 8551, 20066]...: 12972682: ACCEPTED IN 24 TRIES, (AVG 540528.4166666666)
[1, 4, 10, 23, 57, 132, 301, 701, 1654, 3838, 8551, 20070]...: 9184926: ACCEPTED IN 17 TRIES, (AVG 540289.7647058824)
[1, 4, 10, 23, 57, 132, 301, 701, 1654, 3838, 8551, 20074]...: 9725690: ACCEPTED IN 18 TRIES, (AVG 540316.1111111111)
[1, 4, 10, 23, 57, 132, 301, 701, 1654, 3838, 8551, 20078]...: 9726532: ACCEPTED IN 18 TRIES, (AVG 540362.8888888889)
[1, 4, 10, 23, 57, 132, 301, 701, 1654, 3838, 8551, 20082]...: 12432201: ACCEPTED IN 23 TRIES, (AVG 540530.4782608695)
[1, 4, 10, 23, 57, 132, 301, 701, 1654, 3838, 8551, 20090]...: 10267408: ACCEPTED IN 19 TRIES, (AVG 540389.8947368421)
[1, 4, 10, 23, 57, 132, 301, 701, 1654, 3838, 8551, 20094]...: 12973468: ACCEPTED IN 24 TRIES, (AVG 540561.1666666666)
[1, 4, 10, 23, 57, 132, 301, 701, 1654, 3838, 8551, 20107]...: 10266461: ACCEPTED IN 19 TRIES, (AVG 540340.052631579)
[1, 4, 10, 23, 57, 132, 301, 701, 1654, 3838, 8551, 20111]...: 11889221: ACCEPTED IN 22 TRIES, (AVG 540419.1363636364)
[1, 4, 10, 23, 57, 132, 301, 701, 1654, 3838, 8551, 20131]...: 9725809: ACCEPTED IN 18 TRIES, (AVG 540322.7222222222)
[1, 4, 10, 23, 57, 132, 301, 701, 1654, 3838, 8551, 20144]...: 8642618: ACCEPTED IN 16 TRIES, (AVG 540163.625)
[1, 4, 10, 23, 57, 132, 301, 701, 1654, 3838, 8551, 20148]...: 13514016: ACCEPTED IN 25 TRIES, (AVG 540560.64)
[1, 4, 10, 23, 57, 132, 301, 701, 1654, 3838, 8551, 20152]...: 19466181: ACCEPTED IN 36 TRIES, (AVG 540727.25)
[1, 4, 10, 23, 57, 132, 301, 701, 1654, 3838, 8551, 20161]...: 13513150: ACCEPTED IN 25 TRIES, (AVG 540526.0)
[1, 4, 10, 23, 57, 132, 301, 701, 1654, 3838, 8551, 20173]...: 6479556: ACCEPTED IN 12 TRIES, (AVG 539963.0)
[1, 4, 10, 23, 57, 132, 301, 701, 1654, 3838, 8551, 20178]...: 9725567: ACCEPTED IN 18 TRIES, (AVG 540309.2777777778)
[1, 4, 10, 23, 57, 132, 301, 701, 1654, 3838, 8551, 20181]...: 13513309: ACCEPTED IN 25 TRIES, (AVG 540532.36)
[1, 4, 10, 23, 57, 132, 301, 701, 1654, 3838, 8551, 20185]...: 9725909: ACCEPTED IN 18 TRIES, (AVG 540328.2777777778)
[1, 4, 10, 23, 57, 132, 301, 701, 1654, 3838, 8551, 20189]...: 12970935: ACCEPTED IN 24 TRIES, (AVG 540455.625)
[1, 4, 10, 23, 57, 132, 301, 701, 1654, 3838, 8551, 20198]...: 7561520: ACCEPTED IN 14 TRIES, (AVG 540108.5714285715)
[1, 4, 10, 23, 57, 132, 301, 701, 1654, 3838, 8551, 20202]...: 9185188: ACCEPTED IN 17 TRIES, (AVG 540305.1764705882)
[1, 4, 10, 23, 57, 132, 301, 701, 1654, 3838, 8551, 20206]...: 12432293: ACCEPTED IN 23 TRIES, (AVG 540534.4782608695)
[1, 4, 10, 23, 57, 132, 301, 701, 1654, 3838, 8551, 20210]...: 11347976: ACCEPTED IN 21 TRIES, (AVG 540379.8095238095)
[1, 4, 10, 23, 57, 132, 301, 701, 1654, 3838, 8551, 20214]...: 11348845: ACCEPTED IN 21 TRIES, (AVG 540421.1904761905)
[1, 4, 10, 23, 57, 132, 301, 701, 1654, 3838, 8551, 20219]...: 11889445: ACCEPTED IN 22 TRIES, (AVG 540429.3181818182)
[1, 4, 10, 23, 57, 132, 301, 701, 1654, 3838, 8551, 20222]...: 7562057: ACCEPTED IN 14 TRIES, (AVG 540146.9285714285)
[1, 4, 10, 23, 57, 132, 301, 701, 1654, 3838, 8551, 20226]...: 14055607: ACCEPTED IN 26 TRIES, (AVG 540600.2692307692)
[1, 4, 10, 23, 57, 132, 301, 701, 1654, 3838, 8551, 20239]...: 12972770: ACCEPTED IN 24 TRIES, (AVG 540532.0833333334)
[1, 4, 10, 23, 57, 132, 301, 701, 1654, 3838, 8551, 20243]...: 10808937: ACCEPTED IN 20 TRIES, (AVG 540446.85)
[1, 4, 10, 23, 57, 132, 301, 701, 1654, 3838, 8551, 20263]...: 10807542: ACCEPTED IN 20 TRIES, (AVG 540377.1)
[1, 4, 10, 23, 57, 132, 301, 701, 1654, 3838, 8551, 20276]...: 4855586: ACCEPTED IN 9 TRIES, (AVG 539509.5555555555)
[1, 4, 10, 23, 57, 132, 301, 701, 1654, 3838, 8551, 20280]...: 9184105: ACCEPTED IN 17 TRIES, (AVG 540241.4705882353)
[1, 4, 10, 23, 57, 132, 301, 701, 1654, 3838, 8551, 20293]...: 7020952: ACCEPTED IN 13 TRIES, (AVG 540073.2307692308)
[1, 4, 10, 23, 57, 132, 301, 701, 1654, 3838, 8551, 20305]...: 10808394: ACCEPTED IN 20 TRIES, (AVG 540419.7)
[1, 4, 10, 23, 57, 132, 301, 701, 1654, 3838, 8551, 20310]...: 5937471: ACCEPTED IN 11 TRIES, (AVG 539770.0909090909)
[1, 4, 10, 23, 57, 132, 301, 701, 1654, 3838, 8551, 20313]...: 8642981: ACCEPTED IN 16 TRIES, (AVG 540186.3125)
[1, 4, 10, 23, 57, 132, 301, 701, 1654, 3838, 8551, 20317]...: 10807551: ACCEPTED IN 20 TRIES, (AVG 540377.55)
[1, 4, 10, 23, 57, 132, 301, 701, 1654, 3838, 8551, 20318]...: 11348713: ACCEPTED IN 21 TRIES, (AVG 540414.9047619047)
[1, 4, 10, 23, 57, 132, 301, 701, 1654, 3838, 8551, 20321]...: 21631056: ACCEPTED IN 40 TRIES, (AVG 540776.4)
[1, 4, 10, 23, 57, 132, 301, 701, 1654, 3838, 8551, 20330]...: 5397377: ACCEPTED IN 10 TRIES, (AVG 539737.7)
[1, 4, 10, 23, 57, 132, 301, 701, 1654, 3838, 8551, 20334]...: 7561135: ACCEPTED IN 14 TRIES, (AVG 540081.0714285715)
[1, 4, 10, 23, 57, 132, 301, 701, 1654, 3838, 8551, 20338]...: 7020836: ACCEPTED IN 13 TRIES, (AVG 540064.3076923077)
[1, 4, 10, 23, 57, 132, 301, 701, 1654, 3838, 8551, 20342]...: 11347831: ACCEPTED IN 21 TRIES, (AVG 540372.9047619047)
[1, 4, 10, 23, 57, 132, 301, 701, 1654, 3838, 8551, 20346]...: 12973154: ACCEPTED IN 24 TRIES, (AVG 540548.0833333334)
[1, 4, 10, 23, 57, 132, 301, 701, 1654, 3838, 8551, 20347]...: 9183388: ACCEPTED IN 17 TRIES, (AVG 540199.2941176471)
[1, 4, 10, 23, 57, 132, 301, 701, 1654, 3838, 8551, 20351]...: 10808861: ACCEPTED IN 20 TRIES, (AVG 540443.05)
[1, 4, 10, 23, 57, 132, 301, 701, 1654, 3838, 8551, 20354]...: 8642715: ACCEPTED IN 16 TRIES, (AVG 540169.6875)
[1, 4, 10, 23, 57, 132, 301, 701, 1654, 3838, 8551, 20358]...: 10266572: ACCEPTED IN 19 TRIES, (AVG 540345.8947368421)
[1, 4, 10, 23, 57, 132, 301, 701, 1654, 3838, 8551, 20367]...: 8102690: ACCEPTED IN 15 TRIES, (AVG 540179.3333333334)
[1, 4, 10, 23, 57, 132, 301, 701, 1654, 3838, 8551, 20371]...: 11890830: ACCEPTED IN 22 TRIES, (AVG 540492.2727272727)
[1, 4, 10, 23, 57, 132, 301, 701, 1654, 3838, 8551, 20375]...: 8644007: ACCEPTED IN 16 TRIES, (AVG 540250.4375)
[1, 4, 10, 23, 57, 132, 301, 701, 1654, 3838, 8551, 20383]...: 5397029: ACCEPTED IN 10 TRIES, (AVG 539702.9)
[1, 4, 10, 23, 57, 132, 301, 701, 1654, 3838, 8551, 20395]...: 13514564: ACCEPTED IN 25 TRIES, (AVG 540582.56)
[1, 4, 10, 23, 57, 132, 301, 701, 1654, 3838, 8551, 20408]...: 7020689: ACCEPTED IN 13 TRIES, (AVG 540053.0)
[1, 4, 10, 23, 57, 132, 301, 701, 1654, 3838, 8551, 20412]...: 12431345: ACCEPTED IN 23 TRIES, (AVG 540493.2608695652)
[1, 4, 10, 23, 57, 132, 301, 701, 1654, 3838, 8551, 20425]...: 8102934: ACCEPTED IN 15 TRIES, (AVG 540195.6)
[1, 4, 10, 23, 57, 132, 301, 701, 1654, 3838, 8551, 20437]...: 11891201: ACCEPTED IN 22 TRIES, (AVG 540509.1363636364)
[1, 4, 10, 23, 57, 132, 301, 701, 1654, 3838, 8551, 20442]...: 7561451: ACCEPTED IN 14 TRIES, (AVG 540103.6428571428)
[1, 4, 10, 23, 57, 132, 301, 701, 1654, 3838, 8551, 20445]...: 10808178: ACCEPTED IN 20 TRIES, (AVG 540408.9)
[1, 4, 10, 23, 57, 132, 301, 701, 1654, 3838, 8551, 20449]...: 9726361: ACCEPTED IN 18 TRIES, (AVG 540353.3888888889)
[1, 4, 10, 23, 57, 132, 301, 701, 1654, 3838, 8551, 20453]...: 14596824: ACCEPTED IN 27 TRIES, (AVG 540623.1111111111)
[1, 4, 10, 23, 57, 132, 301, 701, 1654, 3838, 8551, 20462]...: 11890728: ACCEPTED IN 22 TRIES, (AVG 540487.6363636364)
[1, 4, 10, 23, 57, 132, 301, 701, 1654, 3838, 8551, 20466]...: 8102753: ACCEPTED IN 15 TRIES, (AVG 540183.5333333333)
[1, 4, 10, 23, 57, 132, 301, 701, 1654, 3838, 8551, 20474]...: 12971834: ACCEPTED IN 24 TRIES, (AVG 540493.0833333334)
[1, 4, 10, 23, 57, 132, 301, 701, 1654, 3838, 8551, 20478]...: 10808149: ACCEPTED IN 20 TRIES, (AVG 540407.45)
[1, 4, 10, 23, 57, 132, 301, 701, 1654, 3838, 8551, 20479]...: 10266434: ACCEPTED IN 19 TRIES, (AVG 540338.6315789474)
[1, 4, 10, 23, 57, 132, 301, 701, 1654, 3838, 8551, 20482]...: 10808862: ACCEPTED IN 20 TRIES, (AVG 540443.1)
[1, 4, 10, 23, 57, 132, 301, 701, 1654, 3838, 8551, 20483]...: 11890725: ACCEPTED IN 22 TRIES, (AVG 540487.5)
[1, 4, 10, 23, 57, 132, 301, 701, 1654, 3838, 8551, 20486]...: 8102724: ACCEPTED IN 15 TRIES, (AVG 540181.6)
[1, 4, 10, 23, 57, 132, 301, 701, 1654, 3838, 8551, 20490]...: 9183452: ACCEPTED IN 17 TRIES, (AVG 540203.0588235294)
[1, 4, 10, 23, 57, 132, 301, 701, 1654, 3838, 8551, 20499]...: 12432252: ACCEPTED IN 23 TRIES, (AVG 540532.695652174)
[1, 4, 10, 23, 57, 132, 301, 701, 1654, 3838, 8551, 20503]...: 13511294: ACCEPTED IN 25 TRIES, (AVG 540451.76)
[1, 4, 10, 23, 57, 132, 301, 701, 1654, 3838, 8551, 20507]...: 8102105: ACCEPTED IN 15 TRIES, (AVG 540140.3333333334)
[1, 4, 10, 23, 57, 132, 301, 701, 1654, 3838, 8551, 20515]...: 7019921: ACCEPTED IN 13 TRIES, (AVG 539993.9230769231)
[1, 4, 10, 23, 57, 132, 301, 701, 1654, 3838, 8551, 20520]...: 12431337: ACCEPTED IN 23 TRIES, (AVG 540492.9130434783)
