[1, 4, 10, 23, 57, 132, 301, 701, 1636, 3862, 9062, 19949]...: 10808780: ACCEPTED IN 20 TRIES, (AVG 540439.0)
[1, 4, 10, 23, 57, 132, 301, 701, 1636, 3862, 9062, 19986]...: 18925266: ACCEPTED IN 35 TRIES, (AVG 540721.8857142857)
[1, 4, 10, 23, 57, 132, 301, 701, 1636, 3862, 9062, 20016]...: 9726200: ACCEPTED IN 18 TRIES, (AVG 540344.4444444445)
[1, 4, 10, 23, 57, 132, 301, 701, 1636, 3862, 9062, 20118]...: 14596630: ACCEPTED IN 27 TRIES, (AVG 540615.925925926)
[1, 4, 10, 23, 57, 132, 301, 701, 1636, 3862, 9062, 20152]...: 11890822: ACCEPTED IN 22 TRIES, (AVG 540491.9090909091)
[1, 4, 10, 23, 57, 132, 301, 701, 1636, 3862, 9062, 20250]...: 15136551: ACCEPTED IN 28 TRIES, (AVG 540591.1071428572)
[1, 4, 10, 23, 57, 132, 301, 701, 1636, 3862, 9062, 20284]...: 15135238: ACCEPTED IN 28 TRIES, (AVG 540544.2142857143)
[1, 4, 10, 23, 57, 132, 301, 701, 1636, 3862, 9062, 20386]...: 8103102: ACCEPTED IN 15 TRIES, (AVG 540206.8)
[1, 4, 10, 23, 57, 132, 301, 701, 1636, 3862, 9062, 20416]...: 14055758: ACCEPTED IN 26 TRIES, (AVG 540606.0769230769)
[1, 4, 10, 23, 57, 132, 301, 701, 1636, 3862, 9062, 20453]...: 5937161: ACCEPTED IN 11 TRIES, (AVG 539741.9090909091)
[1, 4, 10, 23, 57, 132, 301, 701, 1636, 3862, 9062, 20518]...: 18384586: ACCEPTED IN 34 TRIES, (AVG 540723.1176470588)
[1, 4, 10, 23, 57, 132, 301, 701, 1636, 3862, 9062, 20585]...: 17299573: ACCEPTED IN 32 TRIES, (AVG 540611.65625)
[1, 4, 10, 23, 57, 132, 301, 701, 1636, 3862, 9062, 20620]...: 6479303: ACCEPTED IN 12 TRIES, (AVG 539941.9166666666)
[1, 4, 10, 23, 57, 132, 301, 701, 1636, 3862, 9062, 20650]...: 7561899: ACCEPTED IN 14 TRIES, (AVG 540135.6428571428)
[1, 4, 10, 23, 57, 132, 301, 701, 1636, 3862, 9062, 20687]...: 5397520: ACCEPTED IN 10 TRIES, (AVG 539752.0)
[1, 4, 10, 23, 57, 132, 301, 701, 1636, 3862, 9062, 20717]...: 5396687: ACCEPTED IN 10 TRIES, (AVG 539668.7)
[1, 4, 10, 23, 57, 132, 301, 701, 1636, 3862, 9062, 20752]...: 4314805: ACCEPTED IN 8 TRIES, (AVG 539350.625)
[1, 4, 10, 23, 57, 132, 301, 701, 1636, 3862, 9062, 20819]...: 7020440: ACCEPTED IN 13 TRIES, (AVG 540033.8461538461)
[1, 4, 10, 23, 57, 132, 301, 701, 1636, 3862, 9062, 20853]...: 12430645: ACCEPTED IN 23 TRIES, (AVG 540462.8260869565)
[1, 4, 10, 23, 57, 132, 301, 701, 1636, 3862, 9062, 20884]...: 5395419: ACCEPTED IN 10 TRIES, (AVG 539541.9)
[1, 4, 10, 23, 57, 132, 301, 701, 1636, 3862, 9062, 20921]...: 10265522: ACCEPTED IN 19 TRIES, (AVG 540290.6315789474)
[1, 4, 10, 23, 57, 132, 301, 701, 1636, 3862, 9062, 20951]...: 5396197: ACCEPTED IN 10 TRIES, (AVG 539619.7)
[1, 4, 10, 23, 57, 132, 301, 701, 1636, 3862, 9062, 20985]...: 10263640: ACCEPTED IN 19 TRIES, (AVG 540191.5789473684)
[1, 4, 10, 23, 57, 132, 301, 701, 1636, 3862, 9062, 21053]...: 14594313: ACCEPTED IN 27 TRIES, (AVG 540530.1111111111)
[1, 4, 10, 23, 57, 132, 301, 701, 1636, 3862, 9062, 21087]...: 7561943: ACCEPTED IN 14 TRIES, (AVG 540138.7857142857)
[1, 4, 10, 23, 57, 132, 301, 701, 1636, 3862, 9062, 21117]...: 9183912: ACCEPTED IN 17 TRIES, (AVG 540230.1176470588)
[1, 4, 10, 23, 57, 132, 301, 701, 1636, 3862, 9062, 21154]...: 10265441: ACCEPTED IN 19 TRIES, (AVG 540286.3684210526)
[1, 4, 10, 23, 57, 132, 301, 701, 1636, 3862, 9062, 21185]...: 9725588: ACCEPTED IN 18 TRIES, (AVG 540310.4444444445)
[1, 4, 10, 23, 57, 132, 301, 701, 1636, 3862, 9062, 21219]...: 5395579: ACCEPTED IN 10 TRIES, (AVG 539557.9)
[1, 4, 10, 23, 57, 132, 301, 701, 1636, 3862, 9062, 21286]...: 5395982: ACCEPTED IN 10 TRIES, (AVG 539598.2)
[1, 4, 10, 23, 57, 132, 301, 701, 1636, 3862, 9062, 21321]...: 9183523: ACCEPTED IN 17 TRIES, (AVG 540207.2352941176)
[1, 4, 10, 23, 57, 132, 301, 701, 1636, 3862, 9062, 21351]...: 9184957: ACCEPTED IN 17 TRIES, (AVG 540291.5882352941)
[1, 4, 10, 23, 57, 132, 301, 701, 1636, 3862, 9062, 21388]...: 7561939: ACCEPTED IN 14 TRIES, (AVG 540138.5)
[1, 4, 10, 23, 57, 132, 301, 701, 1636, 3862, 9062, 21418]...: 4854809: ACCEPTED IN 9 TRIES, (AVG 539423.2222222222)
[1, 4, 10, 23, 57, 132, 301, 701, 1636, 3862, 9062, 21453]...: 11890845: ACCEPTED IN 22 TRIES, (AVG 540492.9545454546)
[1, 4, 10, 23, 57, 132, 301, 701, 1636, 3862, 9062, 21520]...: 7019744: ACCEPTED IN 13 TRIES, (AVG 539980.3076923077)
[1, 4, 10, 23, 57, 132, 301, 701, 1636, 3862, 9062, 21554]...: 5397143: ACCEPTED IN 10 TRIES, (AVG 539714.3)
[1, 4, 10, 23, 57, 132, 301, 701, 1636, 3862, 9062, 21585]...: 9725878: ACCEPTED IN 18 TRIES, (AVG 540326.5555555555)
[1, 4, 10, 23, 57, 132, 301, 701, 1636, 3862, 9062, 21622]...: 5396802: ACCEPTED IN 10 TRIES, (AVG 539680.2)
[1, 4, 10, 23, 57, 132, 301, 701, 1636, 3862, 9062, 21652]...: 5936482: ACCEPTED IN 11 TRIES, (AVG 539680.1818181818)
