[1, 4, 10, 23, 57, 132, 301, 701, 1636, 3862, 8759, 19309]...: 18924573: ACCEPTED IN 35 TRIES, (AVG 540702.0857142857)
[1, 4, 10, 23, 57, 132, 301, 701, 1636, 3862, 8759, 19312]...: 19466817: ACCEPTED IN 36 TRIES, (AVG 540744.9166666666)
[1, 4, 10, 23, 57, 132, 301, 701, 1636, 3862, 8759, 19341]...: 32454100: ACCEPTED IN 60 TRIES, (AVG 540901.6666666666)
[1, 4, 10, 23, 57, 132, 301, 701, 1636, 3862, 8759, 19364]...: 14596814: ACCEPTED IN 27 TRIES, (AVG 540622.7407407408)
[1, 4, 10, 23, 57, 132, 301, 701, 1636, 3862, 8759, 19375]...: 21630699: ACCEPTED IN 40 TRIES, (AVG 540767.475)
[1, 4, 10, 23, 57, 132, 301, 701, 1636, 3862, 8759, 19377]...: 37864902: ACCEPTED IN 70 TRIES, (AVG 540927.1714285715)
[1, 4, 10, 23, 57, 132, 301, 701, 1636, 3862, 8759, 19408]...: 60051527: ACCEPTED IN 111 TRIES, (AVG 541004.7477477477)
[1, 4, 10, 23, 57, 132, 301, 701, 1636, 3862, 8759, 19411]...: 31913031: ACCEPTED IN 59 TRIES, (AVG 540898.8305084746)
[1, 4, 10, 23, 57, 132, 301, 701, 1636, 3862, 8759, 19412]...: 27042134: ACCEPTED IN 50 TRIES, (AVG 540842.68)
[1, 4, 10, 23, 57, 132, 301, 701, 1636, 3862, 8759, 19444]...: 29748142: ACCEPTED IN 55 TRIES, (AVG 540875.3090909091)
[1, 4, 10, 23, 57, 132, 301, 701, 1636, 3862, 8759, 19476]...: 18924065: ACCEPTED IN 35 TRIES, (AVG 540687.5714285715)
[1, 4, 10, 23, 57, 132, 301, 701, 1636, 3862, 8759, 19507]...: 32454178: ACCEPTED IN 60 TRIES, (AVG 540902.9666666667)
[1, 4, 10, 23, 57, 132, 301, 701, 1636, 3862, 8759, 19510]...: 66004349: ACCEPTED IN 122 TRIES, (AVG 541019.2540983607)
[1, 4, 10, 23, 57, 132, 301, 701, 1636, 3862, 8759, 19511]...: 25419347: ACCEPTED IN 47 TRIES, (AVG 540837.1702127659)
[1, 4, 10, 23, 57, 132, 301, 701, 1636, 3862, 8759, 19533]...: 22713513: ACCEPTED IN 42 TRIES, (AVG 540797.9285714285)
[1, 4, 10, 23, 57, 132, 301, 701, 1636, 3862, 8759, 19543]...: 48686842: ACCEPTED IN 90 TRIES, (AVG 540964.911111111)
[1, 4, 10, 23, 57, 132, 301, 701, 1636, 3862, 8759, 19544]...: 19465905: ACCEPTED IN 36 TRIES, (AVG 540719.5833333334)
[1, 4, 10, 23, 57, 132, 301, 701, 1636, 3862, 8759, 19546]...: 60052071: ACCEPTED IN 111 TRIES, (AVG 541009.6486486486)
[1, 4, 10, 23, 57, 132, 301, 701, 1636, 3862, 8759, 19577]...: 42193840: ACCEPTED IN 78 TRIES, (AVG 540946.6666666666)
[1, 4, 10, 23, 57, 132, 301, 701, 1636, 3862, 8759, 19609]...: 21089642: ACCEPTED IN 39 TRIES, (AVG 540760.0512820513)
[1, 4, 10, 23, 57, 132, 301, 701, 1636, 3862, 8759, 19610]...: 21089155: ACCEPTED IN 39 TRIES, (AVG 540747.5641025641)
[1, 4, 10, 23, 57, 132, 301, 701, 1636, 3862, 8759, 19613]...: 21631011: ACCEPTED IN 40 TRIES, (AVG 540775.275)
[1, 4, 10, 23, 57, 132, 301, 701, 1636, 3862, 8759, 19642]...: 21631019: ACCEPTED IN 40 TRIES, (AVG 540775.475)
[1, 4, 10, 23, 57, 132, 301, 701, 1636, 3862, 8759, 19645]...: 44900373: ACCEPTED IN 83 TRIES, (AVG 540968.3493975904)
[1, 4, 10, 23, 57, 132, 301, 701, 1636, 3862, 8759, 19665]...: 31911633: ACCEPTED IN 59 TRIES, (AVG 540875.1355932204)
[1, 4, 10, 23, 57, 132, 301, 701, 1636, 3862, 8759, 19676]...: 15136422: ACCEPTED IN 28 TRIES, (AVG 540586.5)
[1, 4, 10, 23, 57, 132, 301, 701, 1636, 3862, 8759, 19678]...: 48686788: ACCEPTED IN 90 TRIES, (AVG 540964.3111111111)
[1, 4, 10, 23, 57, 132, 301, 701, 1636, 3862, 8759, 19709]...: 17843613: ACCEPTED IN 33 TRIES, (AVG 540715.5454545454)
[1, 4, 10, 23, 57, 132, 301, 701, 1636, 3862, 8759, 19713]...: 37865682: ACCEPTED IN 70 TRIES, (AVG 540938.3142857143)
[1, 4, 10, 23, 57, 132, 301, 701, 1636, 3862, 8759, 19741]...: 10267697: ACCEPTED IN 19 TRIES, (AVG 540405.1052631579)
[1, 4, 10, 23, 57, 132, 301, 701, 1636, 3862, 8759, 19745]...: 28124261: ACCEPTED IN 52 TRIES, (AVG 540851.1730769231)
[1, 4, 10, 23, 57, 132, 301, 701, 1636, 3862, 8759, 19777]...: 19464710: ACCEPTED IN 36 TRIES, (AVG 540686.3888888889)
[1, 4, 10, 23, 57, 132, 301, 701, 1636, 3862, 8759, 19808]...: 18925776: ACCEPTED IN 35 TRIES, (AVG 540736.4571428571)
[1, 4, 10, 23, 57, 132, 301, 701, 1636, 3862, 8759, 19811]...: 11347970: ACCEPTED IN 21 TRIES, (AVG 540379.5238095238)
[1, 4, 10, 23, 57, 132, 301, 701, 1636, 3862, 8759, 19812]...: 20548646: ACCEPTED IN 38 TRIES, (AVG 540753.8421052631)
[1, 4, 10, 23, 57, 132, 301, 701, 1636, 3862, 8759, 19844]...: 40029667: ACCEPTED IN 74 TRIES, (AVG 540941.4459459459)
[1, 4, 10, 23, 57, 132, 301, 701, 1636, 3862, 8759, 19845]...: 19464456: ACCEPTED IN 36 TRIES, (AVG 540679.3333333334)
[1, 4, 10, 23, 57, 132, 301, 701, 1636, 3862, 8759, 19878]...: 27582901: ACCEPTED IN 51 TRIES, (AVG 540841.1960784313)
[1, 4, 10, 23, 57, 132, 301, 701, 1636, 3862, 8759, 19910]...: 18924835: ACCEPTED IN 35 TRIES, (AVG 540709.5714285715)
[1, 4, 10, 23, 57, 132, 301, 701, 1636, 3862, 8759, 19911]...: 18925700: ACCEPTED IN 35 TRIES, (AVG 540734.2857142857)
[1, 4, 10, 23, 57, 132, 301, 701, 1636, 3862, 8759, 19943]...: 19464389: ACCEPTED IN 36 TRIES, (AVG 540677.4722222222)
[1, 4, 10, 23, 57, 132, 301, 701, 1636, 3862, 8759, 19944]...: 18384305: ACCEPTED IN 34 TRIES, (AVG 540714.8529411765)
[1, 4, 10, 23, 57, 132, 301, 701, 1636, 3862, 8759, 19946]...: 19466545: ACCEPTED IN 36 TRIES, (AVG 540737.3611111111)
[1, 4, 10, 23, 57, 132, 301, 701, 1636, 3862, 8759, 19977]...: 18384489: ACCEPTED IN 34 TRIES, (AVG 540720.2647058824)
[1, 4, 10, 23, 57, 132, 301, 701, 1636, 3862, 8759, 19979]...: 9725442: ACCEPTED IN 18 TRIES, (AVG 540302.3333333334)
[1, 4, 10, 23, 57, 132, 301, 701, 1636, 3862, 8759, 20010]...: 18925280: ACCEPTED IN 35 TRIES, (AVG 540722.2857142857)
[1, 4, 10, 23, 57, 132, 301, 701, 1636, 3862, 8759, 20014]...: 21090145: ACCEPTED IN 39 TRIES, (AVG 540772.9487179487)
[1, 4, 10, 23, 57, 132, 301, 701, 1636, 3862, 8759, 20042]...: 14593653: ACCEPTED IN 27 TRIES, (AVG 540505.6666666666)
[1, 4, 10, 23, 57, 132, 301, 701, 1636, 3862, 8759, 20045]...: 27042464: ACCEPTED IN 50 TRIES, (AVG 540849.28)
[1, 4, 10, 23, 57, 132, 301, 701, 1636, 3862, 8759, 20076]...: 14054983: ACCEPTED IN 26 TRIES, (AVG 540576.2692307692)
[1, 4, 10, 23, 57, 132, 301, 701, 1636, 3862, 8759, 20078]...: 19466827: ACCEPTED IN 36 TRIES, (AVG 540745.1944444445)
[1, 4, 10, 23, 57, 132, 301, 701, 1636, 3862, 8759, 20109]...: 20548709: ACCEPTED IN 38 TRIES, (AVG 540755.5)
[1, 4, 10, 23, 57, 132, 301, 701, 1636, 3862, 8759, 20112]...: 19466067: ACCEPTED IN 36 TRIES, (AVG 540724.0833333334)
[1, 4, 10, 23, 57, 132, 301, 701, 1636, 3862, 8759, 20113]...: 23795151: ACCEPTED IN 44 TRIES, (AVG 540798.8863636364)
[1, 4, 10, 23, 57, 132, 301, 701, 1636, 3862, 8759, 20145]...: 11890789: ACCEPTED IN 22 TRIES, (AVG 540490.4090909091)
[1, 4, 10, 23, 57, 132, 301, 701, 1636, 3862, 8759, 20146]...: 22713342: ACCEPTED IN 42 TRIES, (AVG 540793.8571428572)
[1, 4, 10, 23, 57, 132, 301, 701, 1636, 3862, 8759, 20177]...: 11891203: ACCEPTED IN 22 TRIES, (AVG 540509.2272727273)
[1, 4, 10, 23, 57, 132, 301, 701, 1636, 3862, 8759, 20208]...: 6478719: ACCEPTED IN 12 TRIES, (AVG 539893.25)
[1, 4, 10, 23, 57, 132, 301, 701, 1636, 3862, 8759, 20211]...: 21089753: ACCEPTED IN 39 TRIES, (AVG 540762.8974358974)
[1, 4, 10, 23, 57, 132, 301, 701, 1636, 3862, 8759, 20212]...: 21089952: ACCEPTED IN 39 TRIES, (AVG 540768.0)
[1, 4, 10, 23, 57, 132, 301, 701, 1636, 3862, 8759, 20244]...: 18384382: ACCEPTED IN 34 TRIES, (AVG 540717.1176470588)
[1, 4, 10, 23, 57, 132, 301, 701, 1636, 3862, 8759, 20245]...: 19465741: ACCEPTED IN 36 TRIES, (AVG 540715.0277777778)
[1, 4, 10, 23, 57, 132, 301, 701, 1636, 3862, 8759, 20247]...: 11890703: ACCEPTED IN 22 TRIES, (AVG 540486.5)
[1, 4, 10, 23, 57, 132, 301, 701, 1636, 3862, 8759, 20278]...: 13512601: ACCEPTED IN 25 TRIES, (AVG 540504.04)
[1, 4, 10, 23, 57, 132, 301, 701, 1636, 3862, 8759, 20279]...: 21630990: ACCEPTED IN 40 TRIES, (AVG 540774.75)
[1, 4, 10, 23, 57, 132, 301, 701, 1636, 3862, 8759, 20310]...: 16218524: ACCEPTED IN 30 TRIES, (AVG 540617.4666666667)
[1, 4, 10, 23, 57, 132, 301, 701, 1636, 3862, 8759, 20311]...: 18925769: ACCEPTED IN 35 TRIES, (AVG 540736.2571428572)
[1, 4, 10, 23, 57, 132, 301, 701, 1636, 3862, 8759, 20315]...: 18924470: ACCEPTED IN 35 TRIES, (AVG 540699.1428571428)
[1, 4, 10, 23, 57, 132, 301, 701, 1636, 3862, 8759, 20343]...: 17841837: ACCEPTED IN 33 TRIES, (AVG 540661.7272727273)
[1, 4, 10, 23, 57, 132, 301, 701, 1636, 3862, 8759, 20346]...: 19464531: ACCEPTED IN 36 TRIES, (AVG 540681.4166666666)
[1, 4, 10, 23, 57, 132, 301, 701, 1636, 3862, 8759, 20377]...: 8643304: ACCEPTED IN 16 TRIES, (AVG 540206.5)
[1, 4, 10, 23, 57, 132, 301, 701, 1636, 3862, 8759, 20379]...: 25419598: ACCEPTED IN 47 TRIES, (AVG 540842.5106382979)
[1, 4, 10, 23, 57, 132, 301, 701, 1636, 3862, 8759, 20410]...: 14596295: ACCEPTED IN 27 TRIES, (AVG 540603.5185185185)
[1, 4, 10, 23, 57, 132, 301, 701, 1636, 3862, 8759, 20411]...: 30289512: ACCEPTED IN 56 TRIES, (AVG 540884.1428571428)
[1, 4, 10, 23, 57, 132, 301, 701, 1636, 3862, 8759, 20414]...: 16760775: ACCEPTED IN 31 TRIES, (AVG 540670.1612903225)
[1, 4, 10, 23, 57, 132, 301, 701, 1636, 3862, 8759, 20442]...: 11891030: ACCEPTED IN 22 TRIES, (AVG 540501.3636363636)
[1, 4, 10, 23, 57, 132, 301, 701, 1636, 3862, 8759, 20446]...: 14596864: ACCEPTED IN 27 TRIES, (AVG 540624.5925925926)
[1, 4, 10, 23, 57, 132, 301, 701, 1636, 3862, 8759, 20447]...: 18925457: ACCEPTED IN 35 TRIES, (AVG 540727.3428571429)
[1, 4, 10, 23, 57, 132, 301, 701, 1636, 3862, 8759, 20509]...: 16759883: ACCEPTED IN 31 TRIES, (AVG 540641.3870967742)
[1, 4, 10, 23, 57, 132, 301, 701, 1636, 3862, 8759, 20512]...: 10808851: ACCEPTED IN 20 TRIES, (AVG 540442.55)
[1, 4, 10, 23, 57, 132, 301, 701, 1636, 3862, 8759, 20513]...: 20548128: ACCEPTED IN 38 TRIES, (AVG 540740.2105263158)
[1, 4, 10, 23, 57, 132, 301, 701, 1636, 3862, 8759, 20544]...: 18925227: ACCEPTED IN 35 TRIES, (AVG 540720.7714285714)
[1, 4, 10, 23, 57, 132, 301, 701, 1636, 3862, 8759, 20545]...: 22713445: ACCEPTED IN 42 TRIES, (AVG 540796.3095238095)
[1, 4, 10, 23, 57, 132, 301, 701, 1636, 3862, 8759, 20546]...: 18925640: ACCEPTED IN 35 TRIES, (AVG 540732.5714285715)
[1, 4, 10, 23, 57, 132, 301, 701, 1636, 3862, 8759, 20548]...: 21090216: ACCEPTED IN 39 TRIES, (AVG 540774.7692307692)
[1, 4, 10, 23, 57, 132, 301, 701, 1636, 3862, 8759, 20579]...: 43817661: ACCEPTED IN 81 TRIES, (AVG 540958.7777777778)
[1, 4, 10, 23, 57, 132, 301, 701, 1636, 3862, 8759, 20580]...: 14054786: ACCEPTED IN 26 TRIES, (AVG 540568.6923076923)
[1, 4, 10, 23, 57, 132, 301, 701, 1636, 3862, 8759, 20611]...: 15136549: ACCEPTED IN 28 TRIES, (AVG 540591.0357142857)
[1, 4, 10, 23, 57, 132, 301, 701, 1636, 3862, 8759, 20612]...: 19466011: ACCEPTED IN 36 TRIES, (AVG 540722.5277777778)
[1, 4, 10, 23, 57, 132, 301, 701, 1636, 3862, 8759, 20644]...: 16219436: ACCEPTED IN 30 TRIES, (AVG 540647.8666666667)
[1, 4, 10, 23, 57, 132, 301, 701, 1636, 3862, 8759, 20645]...: 13514424: ACCEPTED IN 25 TRIES, (AVG 540576.96)
[1, 4, 10, 23, 57, 132, 301, 701, 1636, 3862, 8759, 20647]...: 11890298: ACCEPTED IN 22 TRIES, (AVG 540468.0909090909)
[1, 4, 10, 23, 57, 132, 301, 701, 1636, 3862, 8759, 20676]...: 25419419: ACCEPTED IN 47 TRIES, (AVG 540838.7021276596)
[1, 4, 10, 23, 57, 132, 301, 701, 1636, 3862, 8759, 20678]...: 23794392: ACCEPTED IN 44 TRIES, (AVG 540781.6363636364)
[1, 4, 10, 23, 57, 132, 301, 701, 1636, 3862, 8759, 20680]...: 19463949: ACCEPTED IN 36 TRIES, (AVG 540665.25)
[1, 4, 10, 23, 57, 132, 301, 701, 1636, 3862, 8759, 20711]...: 16760073: ACCEPTED IN 31 TRIES, (AVG 540647.5161290322)
[1, 4, 10, 23, 57, 132, 301, 701, 1636, 3862, 8759, 20712]...: 19466350: ACCEPTED IN 36 TRIES, (AVG 540731.9444444445)
[1, 4, 10, 23, 57, 132, 301, 701, 1636, 3862, 8759, 20715]...: 12432169: ACCEPTED IN 23 TRIES, (AVG 540529.0869565217)
[1, 4, 10, 23, 57, 132, 301, 701, 1636, 3862, 8759, 20743]...: 25959182: ACCEPTED IN 48 TRIES, (AVG 540816.2916666666)
[1, 4, 10, 23, 57, 132, 301, 701, 1636, 3862, 8759, 20746]...: 18384226: ACCEPTED IN 34 TRIES, (AVG 540712.5294117647)
[1, 4, 10, 23, 57, 132, 301, 701, 1636, 3862, 8759, 20747]...: 19463684: ACCEPTED IN 36 TRIES, (AVG 540657.8888888889)
[1, 4, 10, 23, 57, 132, 301, 701, 1636, 3862, 8759, 20779]...: 70333323: ACCEPTED IN 130 TRIES, (AVG 541025.5615384616)
[1, 4, 10, 23, 57, 132, 301, 701, 1636, 3862, 8759, 20810]...: 19464260: ACCEPTED IN 36 TRIES, (AVG 540673.8888888889)
[1, 4, 10, 23, 57, 132, 301, 701, 1636, 3862, 8759, 20813]...: 18925821: ACCEPTED IN 35 TRIES, (AVG 540737.7428571428)
[1, 4, 10, 23, 57, 132, 301, 701, 1636, 3862, 8759, 20814]...: 20547550: ACCEPTED IN 38 TRIES, (AVG 540725.0)
[1, 4, 10, 23, 57, 132, 301, 701, 1636, 3862, 8759, 20845]...: 22713910: ACCEPTED IN 42 TRIES, (AVG 540807.380952381)
[1, 4, 10, 23, 57, 132, 301, 701, 1636, 3862, 8759, 20846]...: 19462383: ACCEPTED IN 36 TRIES, (AVG 540621.75)
[1, 4, 10, 23, 57, 132, 301, 701, 1636, 3862, 8759, 20847]...: 18384544: ACCEPTED IN 34 TRIES, (AVG 540721.8823529412)
[1, 4, 10, 23, 57, 132, 301, 701, 1636, 3862, 8759, 20878]...: 17842146: ACCEPTED IN 33 TRIES, (AVG 540671.0909090909)
[1, 4, 10, 23, 57, 132, 301, 701, 1636, 3862, 8759, 20879]...: 15136852: ACCEPTED IN 28 TRIES, (AVG 540601.8571428572)
[1, 4, 10, 23, 57, 132, 301, 701, 1636, 3862, 8759, 20881]...: 14593744: ACCEPTED IN 27 TRIES, (AVG 540509.0370370371)
[1, 4, 10, 23, 57, 132, 301, 701, 1636, 3862, 8759, 20912]...: 11347670: ACCEPTED IN 21 TRIES, (AVG 540365.2380952381)
[1, 4, 10, 23, 57, 132, 301, 701, 1636, 3862, 8759, 20913]...: 25418034: ACCEPTED IN 47 TRIES, (AVG 540809.2340425532)
[1, 4, 10, 23, 57, 132, 301, 701, 1636, 3862, 8759, 20945]...: 16760162: ACCEPTED IN 31 TRIES, (AVG 540650.3870967742)
[1, 4, 10, 23, 57, 132, 301, 701, 1636, 3862, 8759, 20946]...: 11348135: ACCEPTED IN 21 TRIES, (AVG 540387.380952381)
[1, 4, 10, 23, 57, 132, 301, 701, 1636, 3862, 8759, 20948]...: 14596079: ACCEPTED IN 27 TRIES, (AVG 540595.5185185185)
[1, 4, 10, 23, 57, 132, 301, 701, 1636, 3862, 8759, 20977]...: 19463552: ACCEPTED IN 36 TRIES, (AVG 540654.2222222222)
[1, 4, 10, 23, 57, 132, 301, 701, 1636, 3862, 8759, 20979]...: 11890154: ACCEPTED IN 22 TRIES, (AVG 540461.5454545454)
[1, 4, 10, 23, 57, 132, 301, 701, 1636, 3862, 8759, 20980]...: 16761143: ACCEPTED IN 31 TRIES, (AVG 540682.0322580645)
[1, 4, 10, 23, 57, 132, 301, 701, 1636, 3862, 8759, 21011]...: 13513872: ACCEPTED IN 25 TRIES, (AVG 540554.88)
[1, 4, 10, 23, 57, 132, 301, 701, 1636, 3862, 8759, 21012]...: 20549278: ACCEPTED IN 38 TRIES, (AVG 540770.4736842106)
[1, 4, 10, 23, 57, 132, 301, 701, 1636, 3862, 8759, 21013]...: 18383512: ACCEPTED IN 34 TRIES, (AVG 540691.5294117647)
[1, 4, 10, 23, 57, 132, 301, 701, 1636, 3862, 8759, 21016]...: 14595309: ACCEPTED IN 27 TRIES, (AVG 540567.0)
