[1, 4, 10, 23, 57, 132, 301, 701, 1636, 3862, 9224, 20301]...: 4312643: ACCEPTED IN 8 TRIES, (AVG 539080.375)
[1, 4, 10, 23, 57, 132, 301, 701, 1636, 3862, 9224, 20305]...: 6479090: ACCEPTED IN 12 TRIES, (AVG 539924.1666666666)
[1, 4, 10, 23, 57, 132, 301, 701, 1636, 3862, 9224, 20306]...: 4856305: ACCEPTED IN 9 TRIES, (AVG 539589.4444444445)
[1, 4, 10, 23, 57, 132, 301, 701, 1636, 3862, 9224, 20310]...: 7019363: ACCEPTED IN 13 TRIES, (AVG 539951.0)
[1, 4, 10, 23, 57, 132, 301, 701, 1636, 3862, 9224, 20326]...: 5396110: ACCEPTED IN 10 TRIES, (AVG 539611.0)
[1, 4, 10, 23, 57, 132, 301, 701, 1636, 3862, 9224, 20338]...: 7560262: ACCEPTED IN 14 TRIES, (AVG 540018.7142857143)
[1, 4, 10, 23, 57, 132, 301, 701, 1636, 3862, 9224, 20339]...: 6477277: ACCEPTED IN 12 TRIES, (AVG 539773.0833333334)
[1, 4, 10, 23, 57, 132, 301, 701, 1636, 3862, 9224, 20342]...: 4855870: ACCEPTED IN 9 TRIES, (AVG 539541.1111111111)
[1, 4, 10, 23, 57, 132, 301, 701, 1636, 3862, 9224, 20363]...: 5395790: ACCEPTED IN 10 TRIES, (AVG 539579.0)
[1, 4, 10, 23, 57, 132, 301, 701, 1636, 3862, 9224, 20370]...: 7560058: ACCEPTED IN 14 TRIES, (AVG 540004.1428571428)
[1, 4, 10, 23, 57, 132, 301, 701, 1636, 3862, 9224, 20371]...: 5396514: ACCEPTED IN 10 TRIES, (AVG 539651.4)
[1, 4, 10, 23, 57, 132, 301, 701, 1636, 3862, 9224, 20372]...: 5935324: ACCEPTED IN 11 TRIES, (AVG 539574.9090909091)
[1, 4, 10, 23, 57, 132, 301, 701, 1636, 3862, 9224, 20374]...: 4856289: ACCEPTED IN 9 TRIES, (AVG 539587.6666666666)
[1, 4, 10, 23, 57, 132, 301, 701, 1636, 3862, 9224, 20400]...: 5396786: ACCEPTED IN 10 TRIES, (AVG 539678.6)
[1, 4, 10, 23, 57, 132, 301, 701, 1636, 3862, 9224, 20404]...: 5937644: ACCEPTED IN 11 TRIES, (AVG 539785.8181818182)
[1, 4, 10, 23, 57, 132, 301, 701, 1636, 3862, 9224, 20405]...: 4855902: ACCEPTED IN 9 TRIES, (AVG 539544.6666666666)
[1, 4, 10, 23, 57, 132, 301, 701, 1636, 3862, 9224, 20409]...: 4313430: ACCEPTED IN 8 TRIES, (AVG 539178.75)
[1, 4, 10, 23, 57, 132, 301, 701, 1636, 3862, 9224, 20437]...: 7020947: ACCEPTED IN 13 TRIES, (AVG 540072.8461538461)
[1, 4, 10, 23, 57, 132, 301, 701, 1636, 3862, 9224, 20438]...: 4314360: ACCEPTED IN 8 TRIES, (AVG 539295.0)
[1, 4, 10, 23, 57, 132, 301, 701, 1636, 3862, 9224, 20441]...: 5396544: ACCEPTED IN 10 TRIES, (AVG 539654.4)
[1, 4, 10, 23, 57, 132, 301, 701, 1636, 3862, 9224, 20442]...: 7018444: ACCEPTED IN 13 TRIES, (AVG 539880.3076923077)
[1, 4, 10, 23, 57, 132, 301, 701, 1636, 3862, 9224, 20470]...: 3230936: ACCEPTED IN 6 TRIES, (AVG 538489.3333333334)
[1, 4, 10, 23, 57, 132, 301, 701, 1636, 3862, 9224, 20471]...: 5938510: ACCEPTED IN 11 TRIES, (AVG 539864.5454545454)
[1, 4, 10, 23, 57, 132, 301, 701, 1636, 3862, 9224, 20474]...: 7019998: ACCEPTED IN 13 TRIES, (AVG 539999.8461538461)
[1, 4, 10, 23, 57, 132, 301, 701, 1636, 3862, 9224, 20495]...: 4856258: ACCEPTED IN 9 TRIES, (AVG 539584.2222222222)
[1, 4, 10, 23, 57, 132, 301, 701, 1636, 3862, 9224, 20502]...: 5396372: ACCEPTED IN 10 TRIES, (AVG 539637.2)
[1, 4, 10, 23, 57, 132, 301, 701, 1636, 3862, 9224, 20503]...: 8102398: ACCEPTED IN 15 TRIES, (AVG 540159.8666666667)
[1, 4, 10, 23, 57, 132, 301, 701, 1636, 3862, 9224, 20506]...: 3232930: ACCEPTED IN 6 TRIES, (AVG 538821.6666666666)
[1, 4, 10, 23, 57, 132, 301, 701, 1636, 3862, 9224, 20507]...: 11891106: ACCEPTED IN 22 TRIES, (AVG 540504.8181818182)
[1, 4, 10, 23, 57, 132, 301, 701, 1636, 3862, 9224, 20508]...: 5396481: ACCEPTED IN 10 TRIES, (AVG 539648.1)
[1, 4, 10, 23, 57, 132, 301, 701, 1636, 3862, 9224, 20532]...: 5397384: ACCEPTED IN 10 TRIES, (AVG 539738.4)
[1, 4, 10, 23, 57, 132, 301, 701, 1636, 3862, 9224, 20537]...: 4854783: ACCEPTED IN 9 TRIES, (AVG 539420.3333333334)
[1, 4, 10, 23, 57, 132, 301, 701, 1636, 3862, 9224, 20539]...: 8101151: ACCEPTED IN 15 TRIES, (AVG 540076.7333333333)
[1, 4, 10, 23, 57, 132, 301, 701, 1636, 3862, 9224, 20540]...: 4856030: ACCEPTED IN 9 TRIES, (AVG 539558.8888888889)
[1, 4, 10, 23, 57, 132, 301, 701, 1636, 3862, 9224, 20541]...: 4855866: ACCEPTED IN 9 TRIES, (AVG 539540.6666666666)
[1, 4, 10, 23, 57, 132, 301, 701, 1636, 3862, 9224, 20543]...: 5396213: ACCEPTED IN 10 TRIES, (AVG 539621.3)
[1, 4, 10, 23, 57, 132, 301, 701, 1636, 3862, 9224, 20569]...: 5394983: ACCEPTED IN 10 TRIES, (AVG 539498.3)
[1, 4, 10, 23, 57, 132, 301, 701, 1636, 3862, 9224, 20570]...: 8103152: ACCEPTED IN 15 TRIES, (AVG 540210.1333333333)
[1, 4, 10, 23, 57, 132, 301, 701, 1636, 3862, 9224, 20573]...: 4312915: ACCEPTED IN 8 TRIES, (AVG 539114.375)
[1, 4, 10, 23, 57, 132, 301, 701, 1636, 3862, 9224, 20574]...: 8102642: ACCEPTED IN 15 TRIES, (AVG 540176.1333333333)
[1, 4, 10, 23, 57, 132, 301, 701, 1636, 3862, 9224, 20602]...: 7020892: ACCEPTED IN 13 TRIES, (AVG 540068.6153846154)
[1, 4, 10, 23, 57, 132, 301, 701, 1636, 3862, 9224, 20606]...: 7560857: ACCEPTED IN 14 TRIES, (AVG 540061.2142857143)
[1, 4, 10, 23, 57, 132, 301, 701, 1636, 3862, 9224, 20607]...: 12430924: ACCEPTED IN 23 TRIES, (AVG 540474.9565217391)
[1, 4, 10, 23, 57, 132, 301, 701, 1636, 3862, 9224, 20627]...: 5937048: ACCEPTED IN 11 TRIES, (AVG 539731.6363636364)
[1, 4, 10, 23, 57, 132, 301, 701, 1636, 3862, 9224, 20638]...: 6479393: ACCEPTED IN 12 TRIES, (AVG 539949.4166666666)
[1, 4, 10, 23, 57, 132, 301, 701, 1636, 3862, 9224, 20639]...: 4856110: ACCEPTED IN 9 TRIES, (AVG 539567.7777777778)
[1, 4, 10, 23, 57, 132, 301, 701, 1636, 3862, 9224, 20640]...: 5937756: ACCEPTED IN 11 TRIES, (AVG 539796.0)
[1, 4, 10, 23, 57, 132, 301, 701, 1636, 3862, 9224, 20643]...: 5397415: ACCEPTED IN 10 TRIES, (AVG 539741.5)
[1, 4, 10, 23, 57, 132, 301, 701, 1636, 3862, 9224, 20664]...: 5397016: ACCEPTED IN 10 TRIES, (AVG 539701.6)
[1, 4, 10, 23, 57, 132, 301, 701, 1636, 3862, 9224, 20669]...: 7560432: ACCEPTED IN 14 TRIES, (AVG 540030.8571428572)
[1, 4, 10, 23, 57, 132, 301, 701, 1636, 3862, 9224, 20671]...: 7560507: ACCEPTED IN 14 TRIES, (AVG 540036.2142857143)
[1, 4, 10, 23, 57, 132, 301, 701, 1636, 3862, 9224, 20672]...: 3773501: ACCEPTED IN 7 TRIES, (AVG 539071.5714285715)
[1, 4, 10, 23, 57, 132, 301, 701, 1636, 3862, 9224, 20673]...: 5397320: ACCEPTED IN 10 TRIES, (AVG 539732.0)
[1, 4, 10, 23, 57, 132, 301, 701, 1636, 3862, 9224, 20675]...: 9183949: ACCEPTED IN 17 TRIES, (AVG 540232.2941176471)
[1, 4, 10, 23, 57, 132, 301, 701, 1636, 3862, 9224, 20701]...: 10806483: ACCEPTED IN 20 TRIES, (AVG 540324.15)
[1, 4, 10, 23, 57, 132, 301, 701, 1636, 3862, 9224, 20705]...: 7020488: ACCEPTED IN 13 TRIES, (AVG 540037.5384615385)
[1, 4, 10, 23, 57, 132, 301, 701, 1636, 3862, 9224, 20706]...: 6477946: ACCEPTED IN 12 TRIES, (AVG 539828.8333333334)
[1, 4, 10, 23, 57, 132, 301, 701, 1636, 3862, 9224, 20710]...: 9725845: ACCEPTED IN 18 TRIES, (AVG 540324.7222222222)
[1, 4, 10, 23, 57, 132, 301, 701, 1636, 3862, 9224, 20738]...: 4855984: ACCEPTED IN 9 TRIES, (AVG 539553.7777777778)
[1, 4, 10, 23, 57, 132, 301, 701, 1636, 3862, 9224, 20739]...: 3232692: ACCEPTED IN 6 TRIES, (AVG 538782.0)
[1, 4, 10, 23, 57, 132, 301, 701, 1636, 3862, 9224, 20742]...: 7562019: ACCEPTED IN 14 TRIES, (AVG 540144.2142857143)
[1, 4, 10, 23, 57, 132, 301, 701, 1636, 3862, 9224, 20770]...: 7560662: ACCEPTED IN 14 TRIES, (AVG 540047.2857142857)
[1, 4, 10, 23, 57, 132, 301, 701, 1636, 3862, 9224, 20771]...: 5395619: ACCEPTED IN 10 TRIES, (AVG 539561.9)
[1, 4, 10, 23, 57, 132, 301, 701, 1636, 3862, 9224, 20772]...: 12432241: ACCEPTED IN 23 TRIES, (AVG 540532.2173913043)
[1, 4, 10, 23, 57, 132, 301, 701, 1636, 3862, 9224, 20774]...: 4855150: ACCEPTED IN 9 TRIES, (AVG 539461.1111111111)
[1, 4, 10, 23, 57, 132, 301, 701, 1636, 3862, 9224, 20775]...: 5395429: ACCEPTED IN 10 TRIES, (AVG 539542.9)
[1, 4, 10, 23, 57, 132, 301, 701, 1636, 3862, 9224, 20796]...: 7560229: ACCEPTED IN 14 TRIES, (AVG 540016.3571428572)
[1, 4, 10, 23, 57, 132, 301, 701, 1636, 3862, 9224, 20803]...: 5397257: ACCEPTED IN 10 TRIES, (AVG 539725.7)
[1, 4, 10, 23, 57, 132, 301, 701, 1636, 3862, 9224, 20804]...: 4856384: ACCEPTED IN 9 TRIES, (AVG 539598.2222222222)
[1, 4, 10, 23, 57, 132, 301, 701, 1636, 3862, 9224, 20807]...: 5938565: ACCEPTED IN 11 TRIES, (AVG 539869.5454545454)
[1, 4, 10, 23, 57, 132, 301, 701, 1636, 3862, 9224, 20808]...: 6479592: ACCEPTED IN 12 TRIES, (AVG 539966.0)
[1, 4, 10, 23, 57, 132, 301, 701, 1636, 3862, 9224, 20809]...: 8103181: ACCEPTED IN 15 TRIES, (AVG 540212.0666666667)
[1, 4, 10, 23, 57, 132, 301, 701, 1636, 3862, 9224, 20838]...: 5936542: ACCEPTED IN 11 TRIES, (AVG 539685.6363636364)
[1, 4, 10, 23, 57, 132, 301, 701, 1636, 3862, 9224, 20840]...: 3772378: ACCEPTED IN 7 TRIES, (AVG 538911.1428571428)
[1, 4, 10, 23, 57, 132, 301, 701, 1636, 3862, 9224, 20841]...: 5936704: ACCEPTED IN 11 TRIES, (AVG 539700.3636363636)
[1, 4, 10, 23, 57, 132, 301, 701, 1636, 3862, 9224, 20842]...: 4855764: ACCEPTED IN 9 TRIES, (AVG 539529.3333333334)
[1, 4, 10, 23, 57, 132, 301, 701, 1636, 3862, 9224, 20870]...: 4855000: ACCEPTED IN 9 TRIES, (AVG 539444.4444444445)
[1, 4, 10, 23, 57, 132, 301, 701, 1636, 3862, 9224, 20871]...: 7558518: ACCEPTED IN 14 TRIES, (AVG 539894.1428571428)
[1, 4, 10, 23, 57, 132, 301, 701, 1636, 3862, 9224, 20874]...: 5394782: ACCEPTED IN 10 TRIES, (AVG 539478.2)
[1, 4, 10, 23, 57, 132, 301, 701, 1636, 3862, 9224, 20876]...: 3774024: ACCEPTED IN 7 TRIES, (AVG 539146.2857142857)
[1, 4, 10, 23, 57, 132, 301, 701, 1636, 3862, 9224, 20902]...: 5937815: ACCEPTED IN 11 TRIES, (AVG 539801.3636363636)
[1, 4, 10, 23, 57, 132, 301, 701, 1636, 3862, 9224, 20903]...: 6479138: ACCEPTED IN 12 TRIES, (AVG 539928.1666666666)
[1, 4, 10, 23, 57, 132, 301, 701, 1636, 3862, 9224, 20906]...: 3773938: ACCEPTED IN 7 TRIES, (AVG 539134.0)
[1, 4, 10, 23, 57, 132, 301, 701, 1636, 3862, 9224, 20907]...: 5937492: ACCEPTED IN 11 TRIES, (AVG 539772.0)
[1, 4, 10, 23, 57, 132, 301, 701, 1636, 3862, 9224, 20908]...: 8102947: ACCEPTED IN 15 TRIES, (AVG 540196.4666666667)
[1, 4, 10, 23, 57, 132, 301, 701, 1636, 3862, 9224, 20928]...: 7019984: ACCEPTED IN 13 TRIES, (AVG 539998.7692307692)
[1, 4, 10, 23, 57, 132, 301, 701, 1636, 3862, 9224, 20939]...: 3773688: ACCEPTED IN 7 TRIES, (AVG 539098.2857142857)
[1, 4, 10, 23, 57, 132, 301, 701, 1636, 3862, 9224, 20940]...: 7560911: ACCEPTED IN 14 TRIES, (AVG 540065.0714285715)
[1, 4, 10, 23, 57, 132, 301, 701, 1636, 3862, 9224, 20941]...: 5396359: ACCEPTED IN 10 TRIES, (AVG 539635.9)
[1, 4, 10, 23, 57, 132, 301, 701, 1636, 3862, 9224, 20944]...: 9724984: ACCEPTED IN 18 TRIES, (AVG 540276.8888888889)
[1, 4, 10, 23, 57, 132, 301, 701, 1636, 3862, 9224, 20970]...: 3773370: ACCEPTED IN 7 TRIES, (AVG 539052.8571428572)
[1, 4, 10, 23, 57, 132, 301, 701, 1636, 3862, 9224, 20972]...: 4856160: ACCEPTED IN 9 TRIES, (AVG 539573.3333333334)
[1, 4, 10, 23, 57, 132, 301, 701, 1636, 3862, 9224, 20973]...: 6479511: ACCEPTED IN 12 TRIES, (AVG 539959.25)
[1, 4, 10, 23, 57, 132, 301, 701, 1636, 3862, 9224, 20974]...: 6477700: ACCEPTED IN 12 TRIES, (AVG 539808.3333333334)
[1, 4, 10, 23, 57, 132, 301, 701, 1636, 3862, 9224, 21002]...: 4856100: ACCEPTED IN 9 TRIES, (AVG 539566.6666666666)
[1, 4, 10, 23, 57, 132, 301, 701, 1636, 3862, 9224, 21006]...: 7020051: ACCEPTED IN 13 TRIES, (AVG 540003.9230769231)
[1, 4, 10, 23, 57, 132, 301, 701, 1636, 3862, 9224, 21007]...: 6479101: ACCEPTED IN 12 TRIES, (AVG 539925.0833333334)
[1, 4, 10, 23, 57, 132, 301, 701, 1636, 3862, 9224, 21008]...: 3772943: ACCEPTED IN 7 TRIES, (AVG 538991.8571428572)
[1, 4, 10, 23, 57, 132, 301, 701, 1636, 3862, 9224, 21011]...: 5397126: ACCEPTED IN 10 TRIES, (AVG 539712.6)
[1, 4, 10, 23, 57, 132, 301, 701, 1636, 3862, 9224, 21039]...: 11349698: ACCEPTED IN 21 TRIES, (AVG 540461.8095238095)
[1, 4, 10, 23, 57, 132, 301, 701, 1636, 3862, 9224, 21040]...: 4855741: ACCEPTED IN 9 TRIES, (AVG 539526.7777777778)
[1, 4, 10, 23, 57, 132, 301, 701, 1636, 3862, 9224, 21043]...: 4314226: ACCEPTED IN 8 TRIES, (AVG 539278.25)
[1, 4, 10, 23, 57, 132, 301, 701, 1636, 3862, 9224, 21071]...: 4315104: ACCEPTED IN 8 TRIES, (AVG 539388.0)
[1, 4, 10, 23, 57, 132, 301, 701, 1636, 3862, 9224, 21072]...: 4315079: ACCEPTED IN 8 TRIES, (AVG 539384.875)
[1, 4, 10, 23, 57, 132, 301, 701, 1636, 3862, 9224, 21073]...: 7561831: ACCEPTED IN 14 TRIES, (AVG 540130.7857142857)
[1, 4, 10, 23, 57, 132, 301, 701, 1636, 3862, 9224, 21075]...: 4855819: ACCEPTED IN 9 TRIES, (AVG 539535.4444444445)
[1, 4, 10, 23, 57, 132, 301, 701, 1636, 3862, 9224, 21076]...: 5937255: ACCEPTED IN 11 TRIES, (AVG 539750.4545454546)
[1, 4, 10, 23, 57, 132, 301, 701, 1636, 3862, 9224, 21104]...: 5395806: ACCEPTED IN 10 TRIES, (AVG 539580.6)
[1, 4, 10, 23, 57, 132, 301, 701, 1636, 3862, 9224, 21105]...: 6477049: ACCEPTED IN 12 TRIES, (AVG 539754.0833333334)
[1, 4, 10, 23, 57, 132, 301, 701, 1636, 3862, 9224, 21106]...: 4855289: ACCEPTED IN 9 TRIES, (AVG 539476.5555555555)
[1, 4, 10, 23, 57, 132, 301, 701, 1636, 3862, 9224, 21110]...: 8643372: ACCEPTED IN 16 TRIES, (AVG 540210.75)
[1, 4, 10, 23, 57, 132, 301, 701, 1636, 3862, 9224, 21139]...: 5395383: ACCEPTED IN 10 TRIES, (AVG 539538.3)
[1, 4, 10, 23, 57, 132, 301, 701, 1636, 3862, 9224, 21140]...: 7019625: ACCEPTED IN 13 TRIES, (AVG 539971.1538461539)
[1, 4, 10, 23, 57, 132, 301, 701, 1636, 3862, 9224, 21141]...: 5938275: ACCEPTED IN 11 TRIES, (AVG 539843.1818181818)
[1, 4, 10, 23, 57, 132, 301, 701, 1636, 3862, 9224, 21142]...: 8103144: ACCEPTED IN 15 TRIES, (AVG 540209.6)
[1, 4, 10, 23, 57, 132, 301, 701, 1636, 3862, 9224, 21143]...: 6476373: ACCEPTED IN 12 TRIES, (AVG 539697.75)
[1, 4, 10, 23, 57, 132, 301, 701, 1636, 3862, 9224, 21171]...: 4855270: ACCEPTED IN 9 TRIES, (AVG 539474.4444444445)
[1, 4, 10, 23, 57, 132, 301, 701, 1636, 3862, 9224, 21172]...: 7558200: ACCEPTED IN 14 TRIES, (AVG 539871.4285714285)
[1, 4, 10, 23, 57, 132, 301, 701, 1636, 3862, 9224, 21175]...: 4315243: ACCEPTED IN 8 TRIES, (AVG 539405.375)
[1, 4, 10, 23, 57, 132, 301, 701, 1636, 3862, 9224, 21177]...: 7558251: ACCEPTED IN 14 TRIES, (AVG 539875.0714285715)
[1, 4, 10, 23, 57, 132, 301, 701, 1636, 3862, 9224, 21203]...: 6479095: ACCEPTED IN 12 TRIES, (AVG 539924.5833333334)
[1, 4, 10, 23, 57, 132, 301, 701, 1636, 3862, 9224, 21204]...: 4855211: ACCEPTED IN 9 TRIES, (AVG 539467.8888888889)
[1, 4, 10, 23, 57, 132, 301, 701, 1636, 3862, 9224, 21207]...: 5396639: ACCEPTED IN 10 TRIES, (AVG 539663.9)
[1, 4, 10, 23, 57, 132, 301, 701, 1636, 3862, 9224, 21208]...: 6478584: ACCEPTED IN 12 TRIES, (AVG 539882.0)
[1, 4, 10, 23, 57, 132, 301, 701, 1636, 3862, 9224, 21209]...: 8644378: ACCEPTED IN 16 TRIES, (AVG 540273.625)
[1, 4, 10, 23, 57, 132, 301, 701, 1636, 3862, 9224, 21238]...: 7561523: ACCEPTED IN 14 TRIES, (AVG 540108.7857142857)
[1, 4, 10, 23, 57, 132, 301, 701, 1636, 3862, 9224, 21240]...: 7019179: ACCEPTED IN 13 TRIES, (AVG 539936.8461538461)
[1, 4, 10, 23, 57, 132, 301, 701, 1636, 3862, 9224, 21241]...: 7019427: ACCEPTED IN 13 TRIES, (AVG 539955.9230769231)
[1, 4, 10, 23, 57, 132, 301, 701, 1636, 3862, 9224, 21242]...: 5937637: ACCEPTED IN 11 TRIES, (AVG 539785.1818181818)
[1, 4, 10, 23, 57, 132, 301, 701, 1636, 3862, 9224, 21245]...: 5938496: ACCEPTED IN 11 TRIES, (AVG 539863.2727272727)
[1, 4, 10, 23, 57, 132, 301, 701, 1636, 3862, 9224, 21271]...: 6479522: ACCEPTED IN 12 TRIES, (AVG 539960.1666666666)
[1, 4, 10, 23, 57, 132, 301, 701, 1636, 3862, 9224, 21273]...: 6479036: ACCEPTED IN 12 TRIES, (AVG 539919.6666666666)
[1, 4, 10, 23, 57, 132, 301, 701, 1636, 3862, 9224, 21274]...: 4314138: ACCEPTED IN 8 TRIES, (AVG 539267.25)
[1, 4, 10, 23, 57, 132, 301, 701, 1636, 3862, 9224, 21275]...: 7560153: ACCEPTED IN 14 TRIES, (AVG 540010.9285714285)
[1, 4, 10, 23, 57, 132, 301, 701, 1636, 3862, 9224, 21303]...: 7556253: ACCEPTED IN 14 TRIES, (AVG 539732.3571428572)
[1, 4, 10, 23, 57, 132, 301, 701, 1636, 3862, 9224, 21307]...: 7560141: ACCEPTED IN 14 TRIES, (AVG 540010.0714285715)
[1, 4, 10, 23, 57, 132, 301, 701, 1636, 3862, 9224, 21308]...: 5937472: ACCEPTED IN 11 TRIES, (AVG 539770.1818181818)
[1, 4, 10, 23, 57, 132, 301, 701, 1636, 3862, 9224, 21309]...: 8102424: ACCEPTED IN 15 TRIES, (AVG 540161.6)
[1, 4, 10, 23, 57, 132, 301, 701, 1636, 3862, 9224, 21339]...: 4314687: ACCEPTED IN 8 TRIES, (AVG 539335.875)
[1, 4, 10, 23, 57, 132, 301, 701, 1636, 3862, 9224, 21340]...: 11349652: ACCEPTED IN 21 TRIES, (AVG 540459.619047619)
[1, 4, 10, 23, 57, 132, 301, 701, 1636, 3862, 9224, 21341]...: 7558781: ACCEPTED IN 14 TRIES, (AVG 539912.9285714285)
[1, 4, 10, 23, 57, 132, 301, 701, 1636, 3862, 9224, 21344]...: 6479522: ACCEPTED IN 12 TRIES, (AVG 539960.1666666666)
[1, 4, 10, 23, 57, 132, 301, 701, 1636, 3862, 9224, 21370]...: 6477534: ACCEPTED IN 12 TRIES, (AVG 539794.5)
[1, 4, 10, 23, 57, 132, 301, 701, 1636, 3862, 9224, 21372]...: 3770284: ACCEPTED IN 7 TRIES, (AVG 538612.0)
[1, 4, 10, 23, 57, 132, 301, 701, 1636, 3862, 9224, 21373]...: 6477706: ACCEPTED IN 12 TRIES, (AVG 539808.8333333334)
[1, 4, 10, 23, 57, 132, 301, 701, 1636, 3862, 9224, 21374]...: 7018954: ACCEPTED IN 13 TRIES, (AVG 539919.5384615385)
[1, 4, 10, 23, 57, 132, 301, 701, 1636, 3862, 9224, 21376]...: 4856243: ACCEPTED IN 9 TRIES, (AVG 539582.5555555555)
[1, 4, 10, 23, 57, 132, 301, 701, 1636, 3862, 9224, 21377]...: 7018380: ACCEPTED IN 13 TRIES, (AVG 539875.3846153846)
[1, 4, 10, 23, 57, 132, 301, 701, 1636, 3862, 9224, 21405]...: 7019772: ACCEPTED IN 13 TRIES, (AVG 539982.4615384615)
[1, 4, 10, 23, 57, 132, 301, 701, 1636, 3862, 9224, 21406]...: 4312417: ACCEPTED IN 8 TRIES, (AVG 539052.125)
[1, 4, 10, 23, 57, 132, 301, 701, 1636, 3862, 9224, 21407]...: 4313546: ACCEPTED IN 8 TRIES, (AVG 539193.25)
[1, 4, 10, 23, 57, 132, 301, 701, 1636, 3862, 9224, 21411]...: 7561387: ACCEPTED IN 14 TRIES, (AVG 540099.0714285715)
[1, 4, 10, 23, 57, 132, 301, 701, 1636, 3862, 9224, 21440]...: 6478749: ACCEPTED IN 12 TRIES, (AVG 539895.75)
[1, 4, 10, 23, 57, 132, 301, 701, 1636, 3862, 9224, 21441]...: 7020233: ACCEPTED IN 13 TRIES, (AVG 540017.9230769231)
[1, 4, 10, 23, 57, 132, 301, 701, 1636, 3862, 9224, 21442]...: 7561039: ACCEPTED IN 14 TRIES, (AVG 540074.2142857143)
[1, 4, 10, 23, 57, 132, 301, 701, 1636, 3862, 9224, 21443]...: 4855941: ACCEPTED IN 9 TRIES, (AVG 539549.0)
[1, 4, 10, 23, 57, 132, 301, 701, 1636, 3862, 9224, 21471]...: 3231565: ACCEPTED IN 6 TRIES, (AVG 538594.1666666666)
[1, 4, 10, 23, 57, 132, 301, 701, 1636, 3862, 9224, 21472]...: 7558833: ACCEPTED IN 14 TRIES, (AVG 539916.6428571428)
[1, 4, 10, 23, 57, 132, 301, 701, 1636, 3862, 9224, 21473]...: 6479050: ACCEPTED IN 12 TRIES, (AVG 539920.8333333334)
[1, 4, 10, 23, 57, 132, 301, 701, 1636, 3862, 9224, 21475]...: 7559387: ACCEPTED IN 14 TRIES, (AVG 539956.2142857143)
[1, 4, 10, 23, 57, 132, 301, 701, 1636, 3862, 9224, 21476]...: 7020164: ACCEPTED IN 13 TRIES, (AVG 540012.6153846154)
[1, 4, 10, 23, 57, 132, 301, 701, 1636, 3862, 9224, 21478]...: 4856416: ACCEPTED IN 9 TRIES, (AVG 539601.7777777778)
[1, 4, 10, 23, 57, 132, 301, 701, 1636, 3862, 9224, 21504]...: 5936139: ACCEPTED IN 11 TRIES, (AVG 539649.0)
[1, 4, 10, 23, 57, 132, 301, 701, 1636, 3862, 9224, 21505]...: 3774008: ACCEPTED IN 7 TRIES, (AVG 539144.0)
[1, 4, 10, 23, 57, 132, 301, 701, 1636, 3862, 9224, 21508]...: 7020311: ACCEPTED IN 13 TRIES, (AVG 540023.9230769231)
[1, 4, 10, 23, 57, 132, 301, 701, 1636, 3862, 9224, 21509]...: 7020404: ACCEPTED IN 13 TRIES, (AVG 540031.0769230769)
[1, 4, 10, 23, 57, 132, 301, 701, 1636, 3862, 9224, 21510]...: 7560500: ACCEPTED IN 14 TRIES, (AVG 540035.7142857143)
[1, 4, 10, 23, 57, 132, 301, 701, 1636, 3862, 9224, 21539]...: 3771289: ACCEPTED IN 7 TRIES, (AVG 538755.5714285715)
[1, 4, 10, 23, 57, 132, 301, 701, 1636, 3862, 9224, 21541]...: 6476880: ACCEPTED IN 12 TRIES, (AVG 539740.0)
[1, 4, 10, 23, 57, 132, 301, 701, 1636, 3862, 9224, 21542]...: 6478958: ACCEPTED IN 12 TRIES, (AVG 539913.1666666666)
[1, 4, 10, 23, 57, 132, 301, 701, 1636, 3862, 9224, 21543]...: 7558096: ACCEPTED IN 14 TRIES, (AVG 539864.0)
[1, 4, 10, 23, 57, 132, 301, 701, 1636, 3862, 9224, 21572]...: 6479114: ACCEPTED IN 12 TRIES, (AVG 539926.1666666666)
[1, 4, 10, 23, 57, 132, 301, 701, 1636, 3862, 9224, 21573]...: 9726334: ACCEPTED IN 18 TRIES, (AVG 540351.8888888889)
[1, 4, 10, 23, 57, 132, 301, 701, 1636, 3862, 9224, 21574]...: 8100674: ACCEPTED IN 15 TRIES, (AVG 540044.9333333333)
[1, 4, 10, 23, 57, 132, 301, 701, 1636, 3862, 9224, 21575]...: 4313534: ACCEPTED IN 8 TRIES, (AVG 539191.75)
[1, 4, 10, 23, 57, 132, 301, 701, 1636, 3862, 9224, 21577]...: 5937841: ACCEPTED IN 11 TRIES, (AVG 539803.7272727273)
[1, 4, 10, 23, 57, 132, 301, 701, 1636, 3862, 9224, 21603]...: 6479336: ACCEPTED IN 12 TRIES, (AVG 539944.6666666666)
[1, 4, 10, 23, 57, 132, 301, 701, 1636, 3862, 9224, 21604]...: 5397347: ACCEPTED IN 10 TRIES, (AVG 539734.7)
[1, 4, 10, 23, 57, 132, 301, 701, 1636, 3862, 9224, 21607]...: 7559928: ACCEPTED IN 14 TRIES, (AVG 539994.8571428572)
[1, 4, 10, 23, 57, 132, 301, 701, 1636, 3862, 9224, 21608]...: 4854536: ACCEPTED IN 9 TRIES, (AVG 539392.8888888889)
[1, 4, 10, 23, 57, 132, 301, 701, 1636, 3862, 9224, 21609]...: 11889556: ACCEPTED IN 22 TRIES, (AVG 540434.3636363636)
[1, 4, 10, 23, 57, 132, 301, 701, 1636, 3862, 9224, 21610]...: 3773582: ACCEPTED IN 7 TRIES, (AVG 539083.1428571428)
[1, 4, 10, 23, 57, 132, 301, 701, 1636, 3862, 9224, 21640]...: 5396934: ACCEPTED IN 10 TRIES, (AVG 539693.4)
[1, 4, 10, 23, 57, 132, 301, 701, 1636, 3862, 9224, 21641]...: 4315214: ACCEPTED IN 8 TRIES, (AVG 539401.75)
[1, 4, 10, 23, 57, 132, 301, 701, 1636, 3862, 9224, 21642]...: 4312857: ACCEPTED IN 8 TRIES, (AVG 539107.125)
[1, 4, 10, 23, 57, 132, 301, 701, 1636, 3862, 9224, 21645]...: 5938090: ACCEPTED IN 11 TRIES, (AVG 539826.3636363636)
[1, 4, 10, 23, 57, 132, 301, 701, 1636, 3862, 9224, 21671]...: 6479490: ACCEPTED IN 12 TRIES, (AVG 539957.5)
[1, 4, 10, 23, 57, 132, 301, 701, 1636, 3862, 9224, 21673]...: 6478439: ACCEPTED IN 12 TRIES, (AVG 539869.9166666666)
[1, 4, 10, 23, 57, 132, 301, 701, 1636, 3862, 9224, 21674]...: 4314730: ACCEPTED IN 8 TRIES, (AVG 539341.25)
[1, 4, 10, 23, 57, 132, 301, 701, 1636, 3862, 9224, 21675]...: 4855622: ACCEPTED IN 9 TRIES, (AVG 539513.5555555555)
[1, 4, 10, 23, 57, 132, 301, 701, 1636, 3862, 9224, 21677]...: 3773783: ACCEPTED IN 7 TRIES, (AVG 539111.8571428572)
[1, 4, 10, 23, 57, 132, 301, 701, 1636, 3862, 9224, 21705]...: 7557744: ACCEPTED IN 14 TRIES, (AVG 539838.8571428572)
[1, 4, 10, 23, 57, 132, 301, 701, 1636, 3862, 9224, 21706]...: 5938598: ACCEPTED IN 11 TRIES, (AVG 539872.5454545454)
[1, 4, 10, 23, 57, 132, 301, 701, 1636, 3862, 9224, 21707]...: 4855986: ACCEPTED IN 9 TRIES, (AVG 539554.0)
[1, 4, 10, 23, 57, 132, 301, 701, 1636, 3862, 9224, 21708]...: 7020132: ACCEPTED IN 13 TRIES, (AVG 540010.1538461539)
[1, 4, 10, 23, 57, 132, 301, 701, 1636, 3862, 9224, 21709]...: 4314260: ACCEPTED IN 8 TRIES, (AVG 539282.5)
[1, 4, 10, 23, 57, 132, 301, 701, 1636, 3862, 9224, 21712]...: 4855621: ACCEPTED IN 9 TRIES, (AVG 539513.4444444445)
[1, 4, 10, 23, 57, 132, 301, 701, 1636, 3862, 9224, 21741]...: 5938412: ACCEPTED IN 11 TRIES, (AVG 539855.6363636364)
[1, 4, 10, 23, 57, 132, 301, 701, 1636, 3862, 9224, 21742]...: 3773287: ACCEPTED IN 7 TRIES, (AVG 539041.0)
[1, 4, 10, 23, 57, 132, 301, 701, 1636, 3862, 9224, 21743]...: 7558389: ACCEPTED IN 14 TRIES, (AVG 539884.9285714285)
[1, 4, 10, 23, 57, 132, 301, 701, 1636, 3862, 9224, 21744]...: 3772748: ACCEPTED IN 7 TRIES, (AVG 538964.0)
[1, 4, 10, 23, 57, 132, 301, 701, 1636, 3862, 9224, 21772]...: 4854928: ACCEPTED IN 9 TRIES, (AVG 539436.4444444445)
[1, 4, 10, 23, 57, 132, 301, 701, 1636, 3862, 9224, 21773]...: 3772393: ACCEPTED IN 7 TRIES, (AVG 538913.2857142857)
[1, 4, 10, 23, 57, 132, 301, 701, 1636, 3862, 9224, 21774]...: 6479620: ACCEPTED IN 12 TRIES, (AVG 539968.3333333334)
[1, 4, 10, 23, 57, 132, 301, 701, 1636, 3862, 9224, 21776]...: 4855718: ACCEPTED IN 9 TRIES, (AVG 539524.2222222222)
[1, 4, 10, 23, 57, 132, 301, 701, 1636, 3862, 9224, 21777]...: 3772338: ACCEPTED IN 7 TRIES, (AVG 538905.4285714285)
[1, 4, 10, 23, 57, 132, 301, 701, 1636, 3862, 9224, 21805]...: 4855424: ACCEPTED IN 9 TRIES, (AVG 539491.5555555555)
[1, 4, 10, 23, 57, 132, 301, 701, 1636, 3862, 9224, 21806]...: 3773588: ACCEPTED IN 7 TRIES, (AVG 539084.0)
[1, 4, 10, 23, 57, 132, 301, 701, 1636, 3862, 9224, 21807]...: 7561043: ACCEPTED IN 14 TRIES, (AVG 540074.5)
[1, 4, 10, 23, 57, 132, 301, 701, 1636, 3862, 9224, 21809]...: 5938219: ACCEPTED IN 11 TRIES, (AVG 539838.0909090909)
[1, 4, 10, 23, 57, 132, 301, 701, 1636, 3862, 9224, 21811]...: 4855740: ACCEPTED IN 9 TRIES, (AVG 539526.6666666666)
[1, 4, 10, 23, 57, 132, 301, 701, 1636, 3862, 9224, 21837]...: 3774043: ACCEPTED IN 7 TRIES, (AVG 539149.0)
[1, 4, 10, 23, 57, 132, 301, 701, 1636, 3862, 9224, 21840]...: 4854827: ACCEPTED IN 9 TRIES, (AVG 539425.2222222222)
[1, 4, 10, 23, 57, 132, 301, 701, 1636, 3862, 9224, 21841]...: 6477943: ACCEPTED IN 12 TRIES, (AVG 539828.5833333334)
[1, 4, 10, 23, 57, 132, 301, 701, 1636, 3862, 9224, 21842]...: 6479379: ACCEPTED IN 12 TRIES, (AVG 539948.25)
[1, 4, 10, 23, 57, 132, 301, 701, 1636, 3862, 9224, 21843]...: 4855550: ACCEPTED IN 9 TRIES, (AVG 539505.5555555555)
[1, 4, 10, 23, 57, 132, 301, 701, 1636, 3862, 9224, 21844]...: 3772276: ACCEPTED IN 7 TRIES, (AVG 538896.5714285715)
[1, 4, 10, 23, 57, 132, 301, 701, 1636, 3862, 9224, 21873]...: 5938665: ACCEPTED IN 11 TRIES, (AVG 539878.6363636364)
[1, 4, 10, 23, 57, 132, 301, 701, 1636, 3862, 9224, 21874]...: 4853184: ACCEPTED IN 9 TRIES, (AVG 539242.6666666666)
[1, 4, 10, 23, 57, 132, 301, 701, 1636, 3862, 9224, 21875]...: 7559274: ACCEPTED IN 14 TRIES, (AVG 539948.1428571428)
[1, 4, 10, 23, 57, 132, 301, 701, 1636, 3862, 9224, 21876]...: 7558502: ACCEPTED IN 14 TRIES, (AVG 539893.0)
[1, 4, 10, 23, 57, 132, 301, 701, 1636, 3862, 9224, 21878]...: 4315294: ACCEPTED IN 8 TRIES, (AVG 539411.75)
[1, 4, 10, 23, 57, 132, 301, 701, 1636, 3862, 9224, 21904]...: 3774048: ACCEPTED IN 7 TRIES, (AVG 539149.7142857143)
[1, 4, 10, 23, 57, 132, 301, 701, 1636, 3862, 9224, 21905]...: 7019038: ACCEPTED IN 13 TRIES, (AVG 539926.0)
[1, 4, 10, 23, 57, 132, 301, 701, 1636, 3862, 9224, 21908]...: 5937917: ACCEPTED IN 11 TRIES, (AVG 539810.6363636364)
[1, 4, 10, 23, 57, 132, 301, 701, 1636, 3862, 9224, 21909]...: 3230483: ACCEPTED IN 6 TRIES, (AVG 538413.8333333334)
[1, 4, 10, 23, 57, 132, 301, 701, 1636, 3862, 9224, 21910]...: 4856416: ACCEPTED IN 9 TRIES, (AVG 539601.7777777778)
[1, 4, 10, 23, 57, 132, 301, 701, 1636, 3862, 9224, 21939]...: 4315098: ACCEPTED IN 8 TRIES, (AVG 539387.25)
[1, 4, 10, 23, 57, 132, 301, 701, 1636, 3862, 9224, 21941]...: 9725886: ACCEPTED IN 18 TRIES, (AVG 540327.0)
[1, 4, 10, 23, 57, 132, 301, 701, 1636, 3862, 9224, 21942]...: 4314921: ACCEPTED IN 8 TRIES, (AVG 539365.125)
[1, 4, 10, 23, 57, 132, 301, 701, 1636, 3862, 9224, 21943]...: 4314614: ACCEPTED IN 8 TRIES, (AVG 539326.75)
[1, 4, 10, 23, 57, 132, 301, 701, 1636, 3862, 9224, 21946]...: 4853720: ACCEPTED IN 9 TRIES, (AVG 539302.2222222222)
[1, 4, 10, 23, 57, 132, 301, 701, 1636, 3862, 9224, 21972]...: 4314023: ACCEPTED IN 8 TRIES, (AVG 539252.875)
[1, 4, 10, 23, 57, 132, 301, 701, 1636, 3862, 9224, 21974]...: 4314625: ACCEPTED IN 8 TRIES, (AVG 539328.125)
[1, 4, 10, 23, 57, 132, 301, 701, 1636, 3862, 9224, 21975]...: 4855902: ACCEPTED IN 9 TRIES, (AVG 539544.6666666666)
[1, 4, 10, 23, 57, 132, 301, 701, 1636, 3862, 9224, 21976]...: 5936440: ACCEPTED IN 11 TRIES, (AVG 539676.3636363636)
[1, 4, 10, 23, 57, 132, 301, 701, 1636, 3862, 9224, 21978]...: 5396969: ACCEPTED IN 10 TRIES, (AVG 539696.9)
[1, 4, 10, 23, 57, 132, 301, 701, 1636, 3862, 9224, 22006]...: 4314602: ACCEPTED IN 8 TRIES, (AVG 539325.25)
[1, 4, 10, 23, 57, 132, 301, 701, 1636, 3862, 9224, 22007]...: 4856198: ACCEPTED IN 9 TRIES, (AVG 539577.5555555555)
[1, 4, 10, 23, 57, 132, 301, 701, 1636, 3862, 9224, 22008]...: 3773878: ACCEPTED IN 7 TRIES, (AVG 539125.4285714285)
[1, 4, 10, 23, 57, 132, 301, 701, 1636, 3862, 9224, 22009]...: 7560378: ACCEPTED IN 14 TRIES, (AVG 540027.0)
[1, 4, 10, 23, 57, 132, 301, 701, 1636, 3862, 9224, 22010]...: 3773229: ACCEPTED IN 7 TRIES, (AVG 539032.7142857143)
[1, 4, 10, 23, 57, 132, 301, 701, 1636, 3862, 9224, 22040]...: 5938585: ACCEPTED IN 11 TRIES, (AVG 539871.3636363636)
[1, 4, 10, 23, 57, 132, 301, 701, 1636, 3862, 9224, 22041]...: 7020915: ACCEPTED IN 13 TRIES, (AVG 540070.3846153846)
[1, 4, 10, 23, 57, 132, 301, 701, 1636, 3862, 9224, 22042]...: 4855242: ACCEPTED IN 9 TRIES, (AVG 539471.3333333334)
[1, 4, 10, 23, 57, 132, 301, 701, 1636, 3862, 9224, 22045]...: 3773977: ACCEPTED IN 7 TRIES, (AVG 539139.5714285715)
[1, 4, 10, 23, 57, 132, 301, 701, 1636, 3862, 9224, 22071]...: 4315004: ACCEPTED IN 8 TRIES, (AVG 539375.5)
[1, 4, 10, 23, 57, 132, 301, 701, 1636, 3862, 9224, 22073]...: 4854775: ACCEPTED IN 9 TRIES, (AVG 539419.4444444445)
[1, 4, 10, 23, 57, 132, 301, 701, 1636, 3862, 9224, 22074]...: 4315243: ACCEPTED IN 8 TRIES, (AVG 539405.375)
[1, 4, 10, 23, 57, 132, 301, 701, 1636, 3862, 9224, 22075]...: 6478494: ACCEPTED IN 12 TRIES, (AVG 539874.5)
[1, 4, 10, 23, 57, 132, 301, 701, 1636, 3862, 9224, 22077]...: 6478693: ACCEPTED IN 12 TRIES, (AVG 539891.0833333334)
[1, 4, 10, 23, 57, 132, 301, 701, 1636, 3862, 9224, 22078]...: 5935648: ACCEPTED IN 11 TRIES, (AVG 539604.3636363636)
[1, 4, 10, 23, 57, 132, 301, 701, 1636, 3862, 9224, 22106]...: 5936357: ACCEPTED IN 11 TRIES, (AVG 539668.8181818182)
[1, 4, 10, 23, 57, 132, 301, 701, 1636, 3862, 9224, 22107]...: 5938048: ACCEPTED IN 11 TRIES, (AVG 539822.5454545454)
[1, 4, 10, 23, 57, 132, 301, 701, 1636, 3862, 9224, 22108]...: 6478361: ACCEPTED IN 12 TRIES, (AVG 539863.4166666666)
[1, 4, 10, 23, 57, 132, 301, 701, 1636, 3862, 9224, 22110]...: 7020409: ACCEPTED IN 13 TRIES, (AVG 540031.4615384615)
[1, 4, 10, 23, 57, 132, 301, 701, 1636, 3862, 9224, 22112]...: 5938501: ACCEPTED IN 11 TRIES, (AVG 539863.7272727273)
