[1, 4, 10, 23, 57, 132, 301, 701, 1636, 3862, 8636, 19020]...: 17842414: ACCEPTED IN 33 TRIES, (AVG 540679.2121212122)
[1, 4, 10, 23, 57, 132, 301, 701, 1636, 3862, 8636, 19021]...: 32993933: ACCEPTED IN 61 TRIES, (AVG 540884.1475409836)
[1, 4, 10, 23, 57, 132, 301, 701, 1636, 3862, 8636, 19032]...: 100094402: ACCEPTED IN 185 TRIES, (AVG 541050.8216216216)
[1, 4, 10, 23, 57, 132, 301, 701, 1636, 3862, 8636, 19085]...: 30830087: ACCEPTED IN 57 TRIES, (AVG 540878.7192982456)
[1, 4, 10, 23, 57, 132, 301, 701, 1636, 3862, 8636, 19087]...: 102801628: ACCEPTED IN 190 TRIES, (AVG 541061.2)
[1, 4, 10, 23, 57, 132, 301, 701, 1636, 3862, 8636, 19090]...: 45440384: ACCEPTED IN 84 TRIES, (AVG 540956.9523809524)
[1, 4, 10, 23, 57, 132, 301, 701, 1636, 3862, 8636, 19119]...: 32992846: ACCEPTED IN 61 TRIES, (AVG 540866.3278688524)
[1, 4, 10, 23, 57, 132, 301, 701, 1636, 3862, 8636, 19120]...: 48688263: ACCEPTED IN 90 TRIES, (AVG 540980.7)
[1, 4, 10, 23, 57, 132, 301, 701, 1636, 3862, 8636, 19122]...: 28124731: ACCEPTED IN 52 TRIES, (AVG 540860.2115384615)
[1, 4, 10, 23, 57, 132, 301, 701, 1636, 3862, 8636, 19127]...: 32994749: ACCEPTED IN 61 TRIES, (AVG 540897.524590164)
[1, 4, 10, 23, 57, 132, 301, 701, 1636, 3862, 8636, 19152]...: 30829588: ACCEPTED IN 57 TRIES, (AVG 540869.9649122807)
[1, 4, 10, 23, 57, 132, 301, 701, 1636, 3862, 8636, 19153]...: 38406750: ACCEPTED IN 71 TRIES, (AVG 540940.1408450705)
[1, 4, 10, 23, 57, 132, 301, 701, 1636, 3862, 8636, 19164]...: 45982555: ACCEPTED IN 85 TRIES, (AVG 540971.2352941176)
[1, 4, 10, 23, 57, 132, 301, 701, 1636, 3862, 8636, 19185]...: 27042920: ACCEPTED IN 50 TRIES, (AVG 540858.4)
[1, 4, 10, 23, 57, 132, 301, 701, 1636, 3862, 8636, 19186]...: 23254993: ACCEPTED IN 43 TRIES, (AVG 540813.7906976744)
[1, 4, 10, 23, 57, 132, 301, 701, 1636, 3862, 8636, 19217]...: 32994324: ACCEPTED IN 61 TRIES, (AVG 540890.5573770492)
[1, 4, 10, 23, 57, 132, 301, 701, 1636, 3862, 8636, 19221]...: 27042655: ACCEPTED IN 50 TRIES, (AVG 540853.1)
[1, 4, 10, 23, 57, 132, 301, 701, 1636, 3862, 8636, 19251]...: 31912650: ACCEPTED IN 59 TRIES, (AVG 540892.3728813559)
[1, 4, 10, 23, 57, 132, 301, 701, 1636, 3862, 8636, 19252]...: 22171077: ACCEPTED IN 41 TRIES, (AVG 540757.9756097561)
[1, 4, 10, 23, 57, 132, 301, 701, 1636, 3862, 8636, 19255]...: 23254803: ACCEPTED IN 43 TRIES, (AVG 540809.3720930233)
[1, 4, 10, 23, 57, 132, 301, 701, 1636, 3862, 8636, 19259]...: 28124626: ACCEPTED IN 52 TRIES, (AVG 540858.1923076923)
[1, 4, 10, 23, 57, 132, 301, 701, 1636, 3862, 8636, 19284]...: 18383838: ACCEPTED IN 34 TRIES, (AVG 540701.1176470588)
[1, 4, 10, 23, 57, 132, 301, 701, 1636, 3862, 8636, 19289]...: 23254535: ACCEPTED IN 43 TRIES, (AVG 540803.1395348837)
[1, 4, 10, 23, 57, 132, 301, 701, 1636, 3862, 8636, 19296]...: 9725558: ACCEPTED IN 18 TRIES, (AVG 540308.7777777778)
[1, 4, 10, 23, 57, 132, 301, 701, 1636, 3862, 8636, 19321]...: 53016886: ACCEPTED IN 98 TRIES, (AVG 540988.6326530612)
[1, 4, 10, 23, 57, 132, 301, 701, 1636, 3862, 8636, 19353]...: 32995292: ACCEPTED IN 61 TRIES, (AVG 540906.4262295082)
[1, 4, 10, 23, 57, 132, 301, 701, 1636, 3862, 8636, 19354]...: 27584015: ACCEPTED IN 51 TRIES, (AVG 540863.0392156863)
[1, 4, 10, 23, 57, 132, 301, 701, 1636, 3862, 8636, 19383]...: 23795471: ACCEPTED IN 44 TRIES, (AVG 540806.1590909091)
[1, 4, 10, 23, 57, 132, 301, 701, 1636, 3862, 8636, 19386]...: 53017342: ACCEPTED IN 98 TRIES, (AVG 540993.2857142857)
[1, 4, 10, 23, 57, 132, 301, 701, 1636, 3862, 8636, 19388]...: 25417919: ACCEPTED IN 47 TRIES, (AVG 540806.7872340425)
[1, 4, 10, 23, 57, 132, 301, 701, 1636, 3862, 8636, 19391]...: 21631380: ACCEPTED IN 40 TRIES, (AVG 540784.5)
[1, 4, 10, 23, 57, 132, 301, 701, 1636, 3862, 8636, 19420]...: 53558635: ACCEPTED IN 99 TRIES, (AVG 540996.3131313132)
[1, 4, 10, 23, 57, 132, 301, 701, 1636, 3862, 8636, 19421]...: 22171423: ACCEPTED IN 41 TRIES, (AVG 540766.4146341464)
[1, 4, 10, 23, 57, 132, 301, 701, 1636, 3862, 8636, 19428]...: 24336895: ACCEPTED IN 45 TRIES, (AVG 540819.8888888889)
[1, 4, 10, 23, 57, 132, 301, 701, 1636, 3862, 8636, 19453]...: 24336973: ACCEPTED IN 45 TRIES, (AVG 540821.6222222223)
[1, 4, 10, 23, 57, 132, 301, 701, 1636, 3862, 8636, 19485]...: 23795044: ACCEPTED IN 44 TRIES, (AVG 540796.4545454546)
[1, 4, 10, 23, 57, 132, 301, 701, 1636, 3862, 8636, 19486]...: 25418656: ACCEPTED IN 47 TRIES, (AVG 540822.4680851063)
[1, 4, 10, 23, 57, 132, 301, 701, 1636, 3862, 8636, 19487]...: 13514490: ACCEPTED IN 25 TRIES, (AVG 540579.6)
[1, 4, 10, 23, 57, 132, 301, 701, 1636, 3862, 8636, 19518]...: 26500747: ACCEPTED IN 49 TRIES, (AVG 540831.5714285715)
[1, 4, 10, 23, 57, 132, 301, 701, 1636, 3862, 8636, 19522]...: 29747495: ACCEPTED IN 55 TRIES, (AVG 540863.5454545454)
[1, 4, 10, 23, 57, 132, 301, 701, 1636, 3862, 8636, 19523]...: 28121969: ACCEPTED IN 52 TRIES, (AVG 540807.0961538461)
[1, 4, 10, 23, 57, 132, 301, 701, 1636, 3862, 8636, 19552]...: 23254824: ACCEPTED IN 43 TRIES, (AVG 540809.8604651163)
[1, 4, 10, 23, 57, 132, 301, 701, 1636, 3862, 8636, 19553]...: 58970002: ACCEPTED IN 109 TRIES, (AVG 541009.1926605505)
[1, 4, 10, 23, 57, 132, 301, 701, 1636, 3862, 8636, 19560]...: 19466617: ACCEPTED IN 36 TRIES, (AVG 540739.3611111111)
[1, 4, 10, 23, 57, 132, 301, 701, 1636, 3862, 8636, 19585]...: 14596118: ACCEPTED IN 27 TRIES, (AVG 540596.9629629629)
[1, 4, 10, 23, 57, 132, 301, 701, 1636, 3862, 8636, 19586]...: 30830373: ACCEPTED IN 57 TRIES, (AVG 540883.7368421053)
[1, 4, 10, 23, 57, 132, 301, 701, 1636, 3862, 8636, 19590]...: 14055334: ACCEPTED IN 26 TRIES, (AVG 540589.7692307692)
[1, 4, 10, 23, 57, 132, 301, 701, 1636, 3862, 8636, 19617]...: 5936875: ACCEPTED IN 11 TRIES, (AVG 539715.9090909091)
[1, 4, 10, 23, 57, 132, 301, 701, 1636, 3862, 8636, 19622]...: 25417790: ACCEPTED IN 47 TRIES, (AVG 540804.0425531915)
[1, 4, 10, 23, 57, 132, 301, 701, 1636, 3862, 8636, 19654]...: 31912902: ACCEPTED IN 59 TRIES, (AVG 540896.6440677966)
[1, 4, 10, 23, 57, 132, 301, 701, 1636, 3862, 8636, 19655]...: 24335317: ACCEPTED IN 45 TRIES, (AVG 540784.8222222222)
[1, 4, 10, 23, 57, 132, 301, 701, 1636, 3862, 8636, 19684]...: 4856308: ACCEPTED IN 9 TRIES, (AVG 539589.7777777778)
[1, 4, 10, 23, 57, 132, 301, 701, 1636, 3862, 8636, 19689]...: 25415715: ACCEPTED IN 47 TRIES, (AVG 540759.8936170213)
[1, 4, 10, 23, 57, 132, 301, 701, 1636, 3862, 8636, 19692]...: 25418665: ACCEPTED IN 47 TRIES, (AVG 540822.659574468)
[1, 4, 10, 23, 57, 132, 301, 701, 1636, 3862, 8636, 19721]...: 15678326: ACCEPTED IN 29 TRIES, (AVG 540631.9310344828)
[1, 4, 10, 23, 57, 132, 301, 701, 1636, 3862, 8636, 19722]...: 23253449: ACCEPTED IN 43 TRIES, (AVG 540777.8837209302)
[1, 4, 10, 23, 57, 132, 301, 701, 1636, 3862, 8636, 19754]...: 11349302: ACCEPTED IN 21 TRIES, (AVG 540442.9523809524)
[1, 4, 10, 23, 57, 132, 301, 701, 1636, 3862, 8636, 19786]...: 22713686: ACCEPTED IN 42 TRIES, (AVG 540802.0476190476)
[1, 4, 10, 23, 57, 132, 301, 701, 1636, 3862, 8636, 19787]...: 4314138: ACCEPTED IN 8 TRIES, (AVG 539267.25)
[1, 4, 10, 23, 57, 132, 301, 701, 1636, 3862, 8636, 19788]...: 14596119: ACCEPTED IN 27 TRIES, (AVG 540597.0)
[1, 4, 10, 23, 57, 132, 301, 701, 1636, 3862, 8636, 19819]...: 8643922: ACCEPTED IN 16 TRIES, (AVG 540245.125)
[1, 4, 10, 23, 57, 132, 301, 701, 1636, 3862, 8636, 19820]...: 94143477: ACCEPTED IN 174 TRIES, (AVG 541054.4655172414)
[1, 4, 10, 23, 57, 132, 301, 701, 1636, 3862, 8636, 19821]...: 13511425: ACCEPTED IN 25 TRIES, (AVG 540457.0)
[1, 4, 10, 23, 57, 132, 301, 701, 1636, 3862, 8636, 19823]...: 23254107: ACCEPTED IN 43 TRIES, (AVG 540793.1860465116)
[1, 4, 10, 23, 57, 132, 301, 701, 1636, 3862, 8636, 19824]...: 46522294: ACCEPTED IN 86 TRIES, (AVG 540956.9069767442)
[1, 4, 10, 23, 57, 132, 301, 701, 1636, 3862, 8636, 19853]...: 9184144: ACCEPTED IN 17 TRIES, (AVG 540243.7647058824)
[1, 4, 10, 23, 57, 132, 301, 701, 1636, 3862, 8636, 19854]...: 24878060: ACCEPTED IN 46 TRIES, (AVG 540827.3913043478)
[1, 4, 10, 23, 57, 132, 301, 701, 1636, 3862, 8636, 19886]...: 18925580: ACCEPTED IN 35 TRIES, (AVG 540730.8571428572)
[1, 4, 10, 23, 57, 132, 301, 701, 1636, 3862, 8636, 19887]...: 14054544: ACCEPTED IN 26 TRIES, (AVG 540559.3846153846)
[1, 4, 10, 23, 57, 132, 301, 701, 1636, 3862, 8636, 19918]...: 5937067: ACCEPTED IN 11 TRIES, (AVG 539733.3636363636)
[1, 4, 10, 23, 57, 132, 301, 701, 1636, 3862, 8636, 19923]...: 26499914: ACCEPTED IN 49 TRIES, (AVG 540814.5714285715)
[1, 4, 10, 23, 57, 132, 301, 701, 1636, 3862, 8636, 19953]...: 23253746: ACCEPTED IN 43 TRIES, (AVG 540784.7906976744)
[1, 4, 10, 23, 57, 132, 301, 701, 1636, 3862, 8636, 19955]...: 25418913: ACCEPTED IN 47 TRIES, (AVG 540827.9361702128)
[1, 4, 10, 23, 57, 132, 301, 701, 1636, 3862, 8636, 19956]...: 24877527: ACCEPTED IN 46 TRIES, (AVG 540815.804347826)
[1, 4, 10, 23, 57, 132, 301, 701, 1636, 3862, 8636, 19985]...: 10808443: ACCEPTED IN 20 TRIES, (AVG 540422.15)
[1, 4, 10, 23, 57, 132, 301, 701, 1636, 3862, 8636, 19990]...: 27042717: ACCEPTED IN 50 TRIES, (AVG 540854.34)
[1, 4, 10, 23, 57, 132, 301, 701, 1636, 3862, 8636, 20022]...: 29206968: ACCEPTED IN 54 TRIES, (AVG 540869.7777777778)
[1, 4, 10, 23, 57, 132, 301, 701, 1636, 3862, 8636, 20054]...: 12972877: ACCEPTED IN 24 TRIES, (AVG 540536.5416666666)
[1, 4, 10, 23, 57, 132, 301, 701, 1636, 3862, 8636, 20055]...: 7561527: ACCEPTED IN 14 TRIES, (AVG 540109.0714285715)
[1, 4, 10, 23, 57, 132, 301, 701, 1636, 3862, 8636, 20085]...: 22713356: ACCEPTED IN 42 TRIES, (AVG 540794.1904761905)
[1, 4, 10, 23, 57, 132, 301, 701, 1636, 3862, 8636, 20087]...: 14055501: ACCEPTED IN 26 TRIES, (AVG 540596.1923076923)
[1, 4, 10, 23, 57, 132, 301, 701, 1636, 3862, 8636, 20088]...: 32993630: ACCEPTED IN 61 TRIES, (AVG 540879.1803278689)
[1, 4, 10, 23, 57, 132, 301, 701, 1636, 3862, 8636, 20089]...: 28123563: ACCEPTED IN 52 TRIES, (AVG 540837.75)
[1, 4, 10, 23, 57, 132, 301, 701, 1636, 3862, 8636, 20120]...: 24337154: ACCEPTED IN 45 TRIES, (AVG 540825.6444444444)
[1, 4, 10, 23, 57, 132, 301, 701, 1636, 3862, 8636, 20121]...: 23254835: ACCEPTED IN 43 TRIES, (AVG 540810.1162790698)
[1, 4, 10, 23, 57, 132, 301, 701, 1636, 3862, 8636, 20122]...: 10267530: ACCEPTED IN 19 TRIES, (AVG 540396.3157894737)
[1, 4, 10, 23, 57, 132, 301, 701, 1636, 3862, 8636, 20154]...: 15678574: ACCEPTED IN 29 TRIES, (AVG 540640.4827586206)
[1, 4, 10, 23, 57, 132, 301, 701, 1636, 3862, 8636, 20156]...: 25415734: ACCEPTED IN 47 TRIES, (AVG 540760.2978723404)
[1, 4, 10, 23, 57, 132, 301, 701, 1636, 3862, 8636, 20186]...: 12972215: ACCEPTED IN 24 TRIES, (AVG 540508.9583333334)
[1, 4, 10, 23, 57, 132, 301, 701, 1636, 3862, 8636, 20187]...: 25418518: ACCEPTED IN 47 TRIES, (AVG 540819.5319148937)
[1, 4, 10, 23, 57, 132, 301, 701, 1636, 3862, 8636, 20188]...: 17843544: ACCEPTED IN 33 TRIES, (AVG 540713.4545454546)
[1, 4, 10, 23, 57, 132, 301, 701, 1636, 3862, 8636, 20219]...: 14596328: ACCEPTED IN 27 TRIES, (AVG 540604.7407407408)
[1, 4, 10, 23, 57, 132, 301, 701, 1636, 3862, 8636, 20224]...: 15678725: ACCEPTED IN 29 TRIES, (AVG 540645.6896551724)
[1, 4, 10, 23, 57, 132, 301, 701, 1636, 3862, 8636, 20254]...: 25418340: ACCEPTED IN 47 TRIES, (AVG 540815.7446808511)
[1, 4, 10, 23, 57, 132, 301, 701, 1636, 3862, 8636, 20286]...: 11888537: ACCEPTED IN 22 TRIES, (AVG 540388.0454545454)
[1, 4, 10, 23, 57, 132, 301, 701, 1636, 3862, 8636, 20287]...: 15137963: ACCEPTED IN 28 TRIES, (AVG 540641.5357142857)
[1, 4, 10, 23, 57, 132, 301, 701, 1636, 3862, 8636, 20288]...: 25415910: ACCEPTED IN 47 TRIES, (AVG 540764.0425531915)
[1, 4, 10, 23, 57, 132, 301, 701, 1636, 3862, 8636, 20291]...: 32995120: ACCEPTED IN 61 TRIES, (AVG 540903.606557377)
[1, 4, 10, 23, 57, 132, 301, 701, 1636, 3862, 8636, 20318]...: 25418735: ACCEPTED IN 47 TRIES, (AVG 540824.1489361703)
[1, 4, 10, 23, 57, 132, 301, 701, 1636, 3862, 8636, 20323]...: 28123721: ACCEPTED IN 52 TRIES, (AVG 540840.7884615385)
[1, 4, 10, 23, 57, 132, 301, 701, 1636, 3862, 8636, 20355]...: 13514571: ACCEPTED IN 25 TRIES, (AVG 540582.84)
[1, 4, 10, 23, 57, 132, 301, 701, 1636, 3862, 8636, 20356]...: 25418675: ACCEPTED IN 47 TRIES, (AVG 540822.8723404255)
[1, 4, 10, 23, 57, 132, 301, 701, 1636, 3862, 8636, 20386]...: 5395117: ACCEPTED IN 10 TRIES, (AVG 539511.7)
[1, 4, 10, 23, 57, 132, 301, 701, 1636, 3862, 8636, 20390]...: 9724343: ACCEPTED IN 18 TRIES, (AVG 540241.2777777778)
[1, 4, 10, 23, 57, 132, 301, 701, 1636, 3862, 8636, 20420]...: 5937444: ACCEPTED IN 11 TRIES, (AVG 539767.6363636364)
[1, 4, 10, 23, 57, 132, 301, 701, 1636, 3862, 8636, 20421]...: 25959741: ACCEPTED IN 48 TRIES, (AVG 540827.9375)
[1, 4, 10, 23, 57, 132, 301, 701, 1636, 3862, 8636, 20422]...: 48146992: ACCEPTED IN 89 TRIES, (AVG 540977.4382022471)
[1, 4, 10, 23, 57, 132, 301, 701, 1636, 3862, 8636, 20423]...: 12431917: ACCEPTED IN 23 TRIES, (AVG 540518.1304347826)
[1, 4, 10, 23, 57, 132, 301, 701, 1636, 3862, 8636, 20455]...: 26501869: ACCEPTED IN 49 TRIES, (AVG 540854.4693877551)
[1, 4, 10, 23, 57, 132, 301, 701, 1636, 3862, 8636, 20457]...: 7020796: ACCEPTED IN 13 TRIES, (AVG 540061.2307692308)
[1, 4, 10, 23, 57, 132, 301, 701, 1636, 3862, 8636, 20487]...: 14055245: ACCEPTED IN 26 TRIES, (AVG 540586.3461538461)
[1, 4, 10, 23, 57, 132, 301, 701, 1636, 3862, 8636, 20488]...: 22172398: ACCEPTED IN 41 TRIES, (AVG 540790.1951219512)
[1, 4, 10, 23, 57, 132, 301, 701, 1636, 3862, 8636, 20489]...: 25418211: ACCEPTED IN 47 TRIES, (AVG 540813.0)
[1, 4, 10, 23, 57, 132, 301, 701, 1636, 3862, 8636, 20520]...: 14054634: ACCEPTED IN 26 TRIES, (AVG 540562.8461538461)
[1, 4, 10, 23, 57, 132, 301, 701, 1636, 3862, 8636, 20521]...: 5397455: ACCEPTED IN 10 TRIES, (AVG 539745.5)
[1, 4, 10, 23, 57, 132, 301, 701, 1636, 3862, 8636, 20522]...: 12972330: ACCEPTED IN 24 TRIES, (AVG 540513.75)
[1, 4, 10, 23, 57, 132, 301, 701, 1636, 3862, 8636, 20525]...: 28123802: ACCEPTED IN 52 TRIES, (AVG 540842.3461538461)
[1, 4, 10, 23, 57, 132, 301, 701, 1636, 3862, 8636, 20552]...: 24336120: ACCEPTED IN 45 TRIES, (AVG 540802.6666666666)
[1, 4, 10, 23, 57, 132, 301, 701, 1636, 3862, 8636, 20555]...: 26501495: ACCEPTED IN 49 TRIES, (AVG 540846.8367346938)
[1, 4, 10, 23, 57, 132, 301, 701, 1636, 3862, 8636, 20587]...: 15678662: ACCEPTED IN 29 TRIES, (AVG 540643.5172413794)
[1, 4, 10, 23, 57, 132, 301, 701, 1636, 3862, 8636, 20588]...: 24337242: ACCEPTED IN 45 TRIES, (AVG 540827.6)
[1, 4, 10, 23, 57, 132, 301, 701, 1636, 3862, 8636, 20589]...: 12972508: ACCEPTED IN 24 TRIES, (AVG 540521.1666666666)
[1, 4, 10, 23, 57, 132, 301, 701, 1636, 3862, 8636, 20619]...: 22713839: ACCEPTED IN 42 TRIES, (AVG 540805.6904761905)
[1, 4, 10, 23, 57, 132, 301, 701, 1636, 3862, 8636, 20624]...: 18925787: ACCEPTED IN 35 TRIES, (AVG 540736.7714285714)
[1, 4, 10, 23, 57, 132, 301, 701, 1636, 3862, 8636, 20654]...: 23253887: ACCEPTED IN 43 TRIES, (AVG 540788.0697674418)
[1, 4, 10, 23, 57, 132, 301, 701, 1636, 3862, 8636, 20656]...: 15678974: ACCEPTED IN 29 TRIES, (AVG 540654.275862069)
[1, 4, 10, 23, 57, 132, 301, 701, 1636, 3862, 8636, 20657]...: 10808307: ACCEPTED IN 20 TRIES, (AVG 540415.35)
[1, 4, 10, 23, 57, 132, 301, 701, 1636, 3862, 8636, 20687]...: 18384559: ACCEPTED IN 34 TRIES, (AVG 540722.3235294118)
[1, 4, 10, 23, 57, 132, 301, 701, 1636, 3862, 8636, 20691]...: 20549280: ACCEPTED IN 38 TRIES, (AVG 540770.5263157894)
[1, 4, 10, 23, 57, 132, 301, 701, 1636, 3862, 8636, 20721]...: 11890034: ACCEPTED IN 22 TRIES, (AVG 540456.0909090909)
[1, 4, 10, 23, 57, 132, 301, 701, 1636, 3862, 8636, 20722]...: 29748478: ACCEPTED IN 55 TRIES, (AVG 540881.4181818182)
[1, 4, 10, 23, 57, 132, 301, 701, 1636, 3862, 8636, 20723]...: 27583706: ACCEPTED IN 51 TRIES, (AVG 540856.9803921569)
