[1, 4, 10, 23, 57, 132, 301, 701, 1654, 3727, 8679, 19105]...: 15679009: ACCEPTED IN 29 TRIES, (AVG 540655.4827586206)
[1, 4, 10, 23, 57, 132, 301, 701, 1654, 3727, 8679, 19113]...: 30828848: ACCEPTED IN 57 TRIES, (AVG 540856.9824561403)
[1, 4, 10, 23, 57, 132, 301, 701, 1654, 3727, 8679, 19125]...: 14596421: ACCEPTED IN 27 TRIES, (AVG 540608.1851851852)
[1, 4, 10, 23, 57, 132, 301, 701, 1654, 3727, 8679, 19142]...: 17302406: ACCEPTED IN 32 TRIES, (AVG 540700.1875)
[1, 4, 10, 23, 57, 132, 301, 701, 1654, 3727, 8679, 19163]...: 20548762: ACCEPTED IN 38 TRIES, (AVG 540756.8947368421)
[1, 4, 10, 23, 57, 132, 301, 701, 1654, 3727, 8679, 19176]...: 27042849: ACCEPTED IN 50 TRIES, (AVG 540856.98)
[1, 4, 10, 23, 57, 132, 301, 701, 1654, 3727, 8679, 19183]...: 29748093: ACCEPTED IN 55 TRIES, (AVG 540874.4181818182)
[1, 4, 10, 23, 57, 132, 301, 701, 1654, 3727, 8679, 19200]...: 15678520: ACCEPTED IN 29 TRIES, (AVG 540638.6206896552)
[1, 4, 10, 23, 57, 132, 301, 701, 1654, 3727, 8679, 19204]...: 15677664: ACCEPTED IN 29 TRIES, (AVG 540609.1034482758)
[1, 4, 10, 23, 57, 132, 301, 701, 1654, 3727, 8679, 19212]...: 9725925: ACCEPTED IN 18 TRIES, (AVG 540329.1666666666)
[1, 4, 10, 23, 57, 132, 301, 701, 1654, 3727, 8679, 19216]...: 22170719: ACCEPTED IN 41 TRIES, (AVG 540749.243902439)
[1, 4, 10, 23, 57, 132, 301, 701, 1654, 3727, 8679, 19220]...: 32994289: ACCEPTED IN 61 TRIES, (AVG 540889.9836065574)
[1, 4, 10, 23, 57, 132, 301, 701, 1654, 3727, 8679, 19237]...: 11890609: ACCEPTED IN 22 TRIES, (AVG 540482.2272727273)
[1, 4, 10, 23, 57, 132, 301, 701, 1654, 3727, 8679, 19245]...: 16220225: ACCEPTED IN 30 TRIES, (AVG 540674.1666666666)
[1, 4, 10, 23, 57, 132, 301, 701, 1654, 3727, 8679, 19257]...: 21089933: ACCEPTED IN 39 TRIES, (AVG 540767.5128205129)
[1, 4, 10, 23, 57, 132, 301, 701, 1654, 3727, 8679, 19274]...: 12972200: ACCEPTED IN 24 TRIES, (AVG 540508.3333333334)
[1, 4, 10, 23, 57, 132, 301, 701, 1654, 3727, 8679, 19332]...: 11347877: ACCEPTED IN 21 TRIES, (AVG 540375.0952380953)
[1, 4, 10, 23, 57, 132, 301, 701, 1654, 3727, 8679, 19336]...: 21089019: ACCEPTED IN 39 TRIES, (AVG 540744.0769230769)
[1, 4, 10, 23, 57, 132, 301, 701, 1654, 3727, 8679, 19348]...: 31370508: ACCEPTED IN 58 TRIES, (AVG 540870.8275862068)
[1, 4, 10, 23, 57, 132, 301, 701, 1654, 3727, 8679, 19352]...: 16219532: ACCEPTED IN 30 TRIES, (AVG 540651.0666666667)
[1, 4, 10, 23, 57, 132, 301, 701, 1654, 3727, 8679, 19369]...: 21631481: ACCEPTED IN 40 TRIES, (AVG 540787.025)
[1, 4, 10, 23, 57, 132, 301, 701, 1654, 3727, 8679, 19377]...: 15677421: ACCEPTED IN 29 TRIES, (AVG 540600.724137931)
[1, 4, 10, 23, 57, 132, 301, 701, 1654, 3727, 8679, 19389]...: 27584051: ACCEPTED IN 51 TRIES, (AVG 540863.7450980392)
[1, 4, 10, 23, 57, 132, 301, 701, 1654, 3727, 8679, 19406]...: 18384644: ACCEPTED IN 34 TRIES, (AVG 540724.8235294118)
[1, 4, 10, 23, 57, 132, 301, 701, 1654, 3727, 8679, 19440]...: 10266981: ACCEPTED IN 19 TRIES, (AVG 540367.4210526316)
[1, 4, 10, 23, 57, 132, 301, 701, 1654, 3727, 8679, 19443]...: 24878446: ACCEPTED IN 46 TRIES, (AVG 540835.7826086957)
[1, 4, 10, 23, 57, 132, 301, 701, 1654, 3727, 8679, 19464]...: 11349994: ACCEPTED IN 21 TRIES, (AVG 540475.9047619047)
[1, 4, 10, 23, 57, 132, 301, 701, 1654, 3727, 8679, 19468]...: 12430554: ACCEPTED IN 23 TRIES, (AVG 540458.8695652174)
[1, 4, 10, 23, 57, 132, 301, 701, 1654, 3727, 8679, 19480]...: 20007508: ACCEPTED IN 37 TRIES, (AVG 540743.4594594594)
[1, 4, 10, 23, 57, 132, 301, 701, 1654, 3727, 8679, 19484]...: 11346777: ACCEPTED IN 21 TRIES, (AVG 540322.7142857143)
[1, 4, 10, 23, 57, 132, 301, 701, 1654, 3727, 8679, 19501]...: 27042716: ACCEPTED IN 50 TRIES, (AVG 540854.32)
[1, 4, 10, 23, 57, 132, 301, 701, 1654, 3727, 8679, 19509]...: 11349564: ACCEPTED IN 21 TRIES, (AVG 540455.4285714285)
[1, 4, 10, 23, 57, 132, 301, 701, 1654, 3727, 8679, 19513]...: 6478956: ACCEPTED IN 12 TRIES, (AVG 539913.0)
[1, 4, 10, 23, 57, 132, 301, 701, 1654, 3727, 8679, 19521]...: 24336067: ACCEPTED IN 45 TRIES, (AVG 540801.4888888889)
[1, 4, 10, 23, 57, 132, 301, 701, 1654, 3727, 8679, 19538]...: 12431408: ACCEPTED IN 23 TRIES, (AVG 540496.0)
[1, 4, 10, 23, 57, 132, 301, 701, 1654, 3727, 8679, 19572]...: 16219331: ACCEPTED IN 30 TRIES, (AVG 540644.3666666667)
[1, 4, 10, 23, 57, 132, 301, 701, 1654, 3727, 8679, 19575]...: 24337064: ACCEPTED IN 45 TRIES, (AVG 540823.6444444444)
[1, 4, 10, 23, 57, 132, 301, 701, 1654, 3727, 8679, 19600]...: 18925924: ACCEPTED IN 35 TRIES, (AVG 540740.6857142857)
[1, 4, 10, 23, 57, 132, 301, 701, 1654, 3727, 8679, 19612]...: 11889347: ACCEPTED IN 22 TRIES, (AVG 540424.8636363636)
[1, 4, 10, 23, 57, 132, 301, 701, 1654, 3727, 8679, 19633]...: 21630758: ACCEPTED IN 40 TRIES, (AVG 540768.95)
[1, 4, 10, 23, 57, 132, 301, 701, 1654, 3727, 8679, 19641]...: 11890705: ACCEPTED IN 22 TRIES, (AVG 540486.5909090909)
[1, 4, 10, 23, 57, 132, 301, 701, 1654, 3727, 8679, 19653]...: 18383163: ACCEPTED IN 34 TRIES, (AVG 540681.2647058824)
[1, 4, 10, 23, 57, 132, 301, 701, 1654, 3727, 8679, 19670]...: 16759666: ACCEPTED IN 31 TRIES, (AVG 540634.3870967742)
[1, 4, 10, 23, 57, 132, 301, 701, 1654, 3727, 8679, 19707]...: 13514322: ACCEPTED IN 25 TRIES, (AVG 540572.88)
[1, 4, 10, 23, 57, 132, 301, 701, 1654, 3727, 8679, 19732]...: 24336740: ACCEPTED IN 45 TRIES, (AVG 540816.4444444445)
[1, 4, 10, 23, 57, 132, 301, 701, 1654, 3727, 8679, 19741]...: 27582381: ACCEPTED IN 51 TRIES, (AVG 540831.0)
[1, 4, 10, 23, 57, 132, 301, 701, 1654, 3727, 8679, 19744]...: 25419319: ACCEPTED IN 47 TRIES, (AVG 540836.5744680851)
[1, 4, 10, 23, 57, 132, 301, 701, 1654, 3727, 8679, 19745]...: 10807812: ACCEPTED IN 20 TRIES, (AVG 540390.6)
[1, 4, 10, 23, 57, 132, 301, 701, 1654, 3727, 8679, 19765]...: 11889029: ACCEPTED IN 22 TRIES, (AVG 540410.4090909091)
[1, 4, 10, 23, 57, 132, 301, 701, 1654, 3727, 8679, 19773]...: 22170232: ACCEPTED IN 41 TRIES, (AVG 540737.3658536585)
[1, 4, 10, 23, 57, 132, 301, 701, 1654, 3727, 8679, 19785]...: 10808928: ACCEPTED IN 20 TRIES, (AVG 540446.4)
[1, 4, 10, 23, 57, 132, 301, 701, 1654, 3727, 8679, 19802]...: 16219677: ACCEPTED IN 30 TRIES, (AVG 540655.9)
[1, 4, 10, 23, 57, 132, 301, 701, 1654, 3727, 8679, 19814]...: 21089854: ACCEPTED IN 39 TRIES, (AVG 540765.4871794871)
[1, 4, 10, 23, 57, 132, 301, 701, 1654, 3727, 8679, 19839]...: 11889303: ACCEPTED IN 22 TRIES, (AVG 540422.8636363636)
[1, 4, 10, 23, 57, 132, 301, 701, 1654, 3727, 8679, 19864]...: 17300292: ACCEPTED IN 32 TRIES, (AVG 540634.125)
[1, 4, 10, 23, 57, 132, 301, 701, 1654, 3727, 8679, 19873]...: 12430062: ACCEPTED IN 23 TRIES, (AVG 540437.4782608695)
[1, 4, 10, 23, 57, 132, 301, 701, 1654, 3727, 8679, 19876]...: 11889445: ACCEPTED IN 22 TRIES, (AVG 540429.3181818182)
[1, 4, 10, 23, 57, 132, 301, 701, 1654, 3727, 8679, 19877]...: 18383345: ACCEPTED IN 34 TRIES, (AVG 540686.6176470588)
[1, 4, 10, 23, 57, 132, 301, 701, 1654, 3727, 8679, 19893]...: 18925029: ACCEPTED IN 35 TRIES, (AVG 540715.1142857143)
[1, 4, 10, 23, 57, 132, 301, 701, 1654, 3727, 8679, 19905]...: 20549001: ACCEPTED IN 38 TRIES, (AVG 540763.1842105263)
[1, 4, 10, 23, 57, 132, 301, 701, 1654, 3727, 8679, 19913]...: 19466665: ACCEPTED IN 36 TRIES, (AVG 540740.6944444445)
[1, 4, 10, 23, 57, 132, 301, 701, 1654, 3727, 8679, 19934]...: 9724864: ACCEPTED IN 18 TRIES, (AVG 540270.2222222222)
[1, 4, 10, 23, 57, 132, 301, 701, 1654, 3727, 8679, 19946]...: 12970080: ACCEPTED IN 24 TRIES, (AVG 540420.0)
[1, 4, 10, 23, 57, 132, 301, 701, 1654, 3727, 8679, 19971]...: 4856301: ACCEPTED IN 9 TRIES, (AVG 539589.0)
[1, 4, 10, 23, 57, 132, 301, 701, 1654, 3727, 8679, 20008]...: 12431426: ACCEPTED IN 23 TRIES, (AVG 540496.7826086957)
[1, 4, 10, 23, 57, 132, 301, 701, 1654, 3727, 8679, 20009]...: 17302525: ACCEPTED IN 32 TRIES, (AVG 540703.90625)
[1, 4, 10, 23, 57, 132, 301, 701, 1654, 3727, 8679, 20025]...: 28121501: ACCEPTED IN 52 TRIES, (AVG 540798.0961538461)
[1, 4, 10, 23, 57, 132, 301, 701, 1654, 3727, 8679, 20037]...: 13513397: ACCEPTED IN 25 TRIES, (AVG 540535.88)
[1, 4, 10, 23, 57, 132, 301, 701, 1654, 3727, 8679, 20042]...: 12972567: ACCEPTED IN 24 TRIES, (AVG 540523.625)
[1, 4, 10, 23, 57, 132, 301, 701, 1654, 3727, 8679, 20045]...: 15137182: ACCEPTED IN 28 TRIES, (AVG 540613.6428571428)
[1, 4, 10, 23, 57, 132, 301, 701, 1654, 3727, 8679, 20046]...: 25417615: ACCEPTED IN 47 TRIES, (AVG 540800.3191489362)
[1, 4, 10, 23, 57, 132, 301, 701, 1654, 3727, 8679, 20066]...: 15678543: ACCEPTED IN 29 TRIES, (AVG 540639.4137931034)
[1, 4, 10, 23, 57, 132, 301, 701, 1654, 3727, 8679, 20078]...: 22713721: ACCEPTED IN 42 TRIES, (AVG 540802.880952381)
[1, 4, 10, 23, 57, 132, 301, 701, 1654, 3727, 8679, 20103]...: 14055397: ACCEPTED IN 26 TRIES, (AVG 540592.1923076923)
[1, 4, 10, 23, 57, 132, 301, 701, 1654, 3727, 8679, 20140]...: 10267491: ACCEPTED IN 19 TRIES, (AVG 540394.2631578947)
[1, 4, 10, 23, 57, 132, 301, 701, 1654, 3727, 8679, 20141]...: 16219274: ACCEPTED IN 30 TRIES, (AVG 540642.4666666667)
[1, 4, 10, 23, 57, 132, 301, 701, 1654, 3727, 8679, 20157]...: 11349563: ACCEPTED IN 21 TRIES, (AVG 540455.380952381)
[1, 4, 10, 23, 57, 132, 301, 701, 1654, 3727, 8679, 20165]...: 9724963: ACCEPTED IN 18 TRIES, (AVG 540275.7222222222)
[1, 4, 10, 23, 57, 132, 301, 701, 1654, 3727, 8679, 20169]...: 10808261: ACCEPTED IN 20 TRIES, (AVG 540413.05)
[1, 4, 10, 23, 57, 132, 301, 701, 1654, 3727, 8679, 20174]...: 5938002: ACCEPTED IN 11 TRIES, (AVG 539818.3636363636)
[1, 4, 10, 23, 57, 132, 301, 701, 1654, 3727, 8679, 20177]...: 13514562: ACCEPTED IN 25 TRIES, (AVG 540582.48)
[1, 4, 10, 23, 57, 132, 301, 701, 1654, 3727, 8679, 20178]...: 15678761: ACCEPTED IN 29 TRIES, (AVG 540646.9310344828)
[1, 4, 10, 23, 57, 132, 301, 701, 1654, 3727, 8679, 20194]...: 15675923: ACCEPTED IN 29 TRIES, (AVG 540549.0689655172)
[1, 4, 10, 23, 57, 132, 301, 701, 1654, 3727, 8679, 20198]...: 16760838: ACCEPTED IN 31 TRIES, (AVG 540672.1935483871)
[1, 4, 10, 23, 57, 132, 301, 701, 1654, 3727, 8679, 20210]...: 12971610: ACCEPTED IN 24 TRIES, (AVG 540483.75)
[1, 4, 10, 23, 57, 132, 301, 701, 1654, 3727, 8679, 20214]...: 5397241: ACCEPTED IN 10 TRIES, (AVG 539724.1)
[1, 4, 10, 23, 57, 132, 301, 701, 1654, 3727, 8679, 20235]...: 15136801: ACCEPTED IN 28 TRIES, (AVG 540600.0357142857)
[1, 4, 10, 23, 57, 132, 301, 701, 1654, 3727, 8679, 20272]...: 11887235: ACCEPTED IN 22 TRIES, (AVG 540328.8636363636)
[1, 4, 10, 23, 57, 132, 301, 701, 1654, 3727, 8679, 20273]...: 11890422: ACCEPTED IN 22 TRIES, (AVG 540473.7272727273)
[1, 4, 10, 23, 57, 132, 301, 701, 1654, 3727, 8679, 20289]...: 13513915: ACCEPTED IN 25 TRIES, (AVG 540556.6)
[1, 4, 10, 23, 57, 132, 301, 701, 1654, 3727, 8679, 20301]...: 16219317: ACCEPTED IN 30 TRIES, (AVG 540643.9)
[1, 4, 10, 23, 57, 132, 301, 701, 1654, 3727, 8679, 20302]...: 15135671: ACCEPTED IN 28 TRIES, (AVG 540559.6785714285)
[1, 4, 10, 23, 57, 132, 301, 701, 1654, 3727, 8679, 20309]...: 15136879: ACCEPTED IN 28 TRIES, (AVG 540602.8214285715)
[1, 4, 10, 23, 57, 132, 301, 701, 1654, 3727, 8679, 20310]...: 11888317: ACCEPTED IN 22 TRIES, (AVG 540378.0454545454)
[1, 4, 10, 23, 57, 132, 301, 701, 1654, 3727, 8679, 20326]...: 8102651: ACCEPTED IN 15 TRIES, (AVG 540176.7333333333)
[1, 4, 10, 23, 57, 132, 301, 701, 1654, 3727, 8679, 20330]...: 29748431: ACCEPTED IN 55 TRIES, (AVG 540880.5636363636)
[1, 4, 10, 23, 57, 132, 301, 701, 1654, 3727, 8679, 20342]...: 11349249: ACCEPTED IN 21 TRIES, (AVG 540440.4285714285)
[1, 4, 10, 23, 57, 132, 301, 701, 1654, 3727, 8679, 20343]...: 13513980: ACCEPTED IN 25 TRIES, (AVG 540559.2)
[1, 4, 10, 23, 57, 132, 301, 701, 1654, 3727, 8679, 20346]...: 11348215: ACCEPTED IN 21 TRIES, (AVG 540391.1904761905)
[1, 4, 10, 23, 57, 132, 301, 701, 1654, 3727, 8679, 20347]...: 12970421: ACCEPTED IN 24 TRIES, (AVG 540434.2083333334)
[1, 4, 10, 23, 57, 132, 301, 701, 1654, 3727, 8679, 20404]...: 10267331: ACCEPTED IN 19 TRIES, (AVG 540385.8421052631)
[1, 4, 10, 23, 57, 132, 301, 701, 1654, 3727, 8679, 20421]...: 5397096: ACCEPTED IN 10 TRIES, (AVG 539709.6)
[1, 4, 10, 23, 57, 132, 301, 701, 1654, 3727, 8679, 20433]...: 23254190: ACCEPTED IN 43 TRIES, (AVG 540795.1162790698)
[1, 4, 10, 23, 57, 132, 301, 701, 1654, 3727, 8679, 20434]...: 6478509: ACCEPTED IN 12 TRIES, (AVG 539875.75)
[1, 4, 10, 23, 57, 132, 301, 701, 1654, 3727, 8679, 20441]...: 12430931: ACCEPTED IN 23 TRIES, (AVG 540475.2608695652)
[1, 4, 10, 23, 57, 132, 301, 701, 1654, 3727, 8679, 20442]...: 15137286: ACCEPTED IN 28 TRIES, (AVG 540617.3571428572)
[1, 4, 10, 23, 57, 132, 301, 701, 1654, 3727, 8679, 20446]...: 10808447: ACCEPTED IN 20 TRIES, (AVG 540422.35)
[1, 4, 10, 23, 57, 132, 301, 701, 1654, 3727, 8679, 20458]...: 13512527: ACCEPTED IN 25 TRIES, (AVG 540501.08)
[1, 4, 10, 23, 57, 132, 301, 701, 1654, 3727, 8679, 20462]...: 10808219: ACCEPTED IN 20 TRIES, (AVG 540410.95)
[1, 4, 10, 23, 57, 132, 301, 701, 1654, 3727, 8679, 20466]...: 11890650: ACCEPTED IN 22 TRIES, (AVG 540484.0909090909)
[1, 4, 10, 23, 57, 132, 301, 701, 1654, 3727, 8679, 20474]...: 12971063: ACCEPTED IN 24 TRIES, (AVG 540460.9583333334)
[1, 4, 10, 23, 57, 132, 301, 701, 1654, 3727, 8679, 20475]...: 10807207: ACCEPTED IN 20 TRIES, (AVG 540360.35)
[1, 4, 10, 23, 57, 132, 301, 701, 1654, 3727, 8679, 20478]...: 11890734: ACCEPTED IN 22 TRIES, (AVG 540487.9090909091)
[1, 4, 10, 23, 57, 132, 301, 701, 1654, 3727, 8679, 20479]...: 17302169: ACCEPTED IN 32 TRIES, (AVG 540692.78125)
[1, 4, 10, 23, 57, 132, 301, 701, 1654, 3727, 8679, 20495]...: 13514354: ACCEPTED IN 25 TRIES, (AVG 540574.16)
[1, 4, 10, 23, 57, 132, 301, 701, 1654, 3727, 8679, 20515]...: 12971302: ACCEPTED IN 24 TRIES, (AVG 540470.9166666666)
[1, 4, 10, 23, 57, 132, 301, 701, 1654, 3727, 8679, 20536]...: 6477255: ACCEPTED IN 12 TRIES, (AVG 539771.25)
[1, 4, 10, 23, 57, 132, 301, 701, 1654, 3727, 8679, 20553]...: 10266719: ACCEPTED IN 19 TRIES, (AVG 540353.6315789474)
[1, 4, 10, 23, 57, 132, 301, 701, 1654, 3727, 8679, 20565]...: 5395923: ACCEPTED IN 10 TRIES, (AVG 539592.3)
[1, 4, 10, 23, 57, 132, 301, 701, 1654, 3727, 8679, 20566]...: 17301491: ACCEPTED IN 32 TRIES, (AVG 540671.59375)
[1, 4, 10, 23, 57, 132, 301, 701, 1654, 3727, 8679, 20573]...: 16218146: ACCEPTED IN 30 TRIES, (AVG 540604.8666666667)
[1, 4, 10, 23, 57, 132, 301, 701, 1654, 3727, 8679, 20574]...: 12430893: ACCEPTED IN 23 TRIES, (AVG 540473.6086956522)
[1, 4, 10, 23, 57, 132, 301, 701, 1654, 3727, 8679, 20578]...: 12431785: ACCEPTED IN 23 TRIES, (AVG 540512.3913043478)
[1, 4, 10, 23, 57, 132, 301, 701, 1654, 3727, 8679, 20590]...: 18383677: ACCEPTED IN 34 TRIES, (AVG 540696.3823529412)
[1, 4, 10, 23, 57, 132, 301, 701, 1654, 3727, 8679, 20594]...: 12430268: ACCEPTED IN 23 TRIES, (AVG 540446.4347826086)
[1, 4, 10, 23, 57, 132, 301, 701, 1654, 3727, 8679, 20603]...: 11890582: ACCEPTED IN 22 TRIES, (AVG 540481.0)
[1, 4, 10, 23, 57, 132, 301, 701, 1654, 3727, 8679, 20606]...: 15678788: ACCEPTED IN 29 TRIES, (AVG 540647.8620689656)
[1, 4, 10, 23, 57, 132, 301, 701, 1654, 3727, 8679, 20607]...: 12431016: ACCEPTED IN 23 TRIES, (AVG 540478.9565217391)
[1, 4, 10, 23, 57, 132, 301, 701, 1654, 3727, 8679, 20610]...: 10267207: ACCEPTED IN 19 TRIES, (AVG 540379.3157894737)
[1, 4, 10, 23, 57, 132, 301, 701, 1654, 3727, 8679, 20611]...: 11349124: ACCEPTED IN 21 TRIES, (AVG 540434.4761904762)
[1, 4, 10, 23, 57, 132, 301, 701, 1654, 3727, 8679, 20627]...: 15136536: ACCEPTED IN 28 TRIES, (AVG 540590.5714285715)
[1, 4, 10, 23, 57, 132, 301, 701, 1654, 3727, 8679, 20644]...: 10808150: ACCEPTED IN 20 TRIES, (AVG 540407.5)
[1, 4, 10, 23, 57, 132, 301, 701, 1654, 3727, 8679, 20647]...: 11347710: ACCEPTED IN 21 TRIES, (AVG 540367.1428571428)
[1, 4, 10, 23, 57, 132, 301, 701, 1654, 3727, 8679, 20648]...: 12973214: ACCEPTED IN 24 TRIES, (AVG 540550.5833333334)
[1, 4, 10, 23, 57, 132, 301, 701, 1654, 3727, 8679, 20685]...: 17302286: ACCEPTED IN 32 TRIES, (AVG 540696.4375)
[1, 4, 10, 23, 57, 132, 301, 701, 1654, 3727, 8679, 20698]...: 17302546: ACCEPTED IN 32 TRIES, (AVG 540704.5625)
[1, 4, 10, 23, 57, 132, 301, 701, 1654, 3727, 8679, 20705]...: 13511953: ACCEPTED IN 25 TRIES, (AVG 540478.12)
[1, 4, 10, 23, 57, 132, 301, 701, 1654, 3727, 8679, 20710]...: 14596152: ACCEPTED IN 27 TRIES, (AVG 540598.2222222222)
[1, 4, 10, 23, 57, 132, 301, 701, 1654, 3727, 8679, 20722]...: 20007506: ACCEPTED IN 37 TRIES, (AVG 540743.4054054054)
[1, 4, 10, 23, 57, 132, 301, 701, 1654, 3727, 8679, 20726]...: 10807379: ACCEPTED IN 20 TRIES, (AVG 540368.95)
[1, 4, 10, 23, 57, 132, 301, 701, 1654, 3727, 8679, 20735]...: 11349422: ACCEPTED IN 21 TRIES, (AVG 540448.6666666666)
[1, 4, 10, 23, 57, 132, 301, 701, 1654, 3727, 8679, 20738]...: 10267678: ACCEPTED IN 19 TRIES, (AVG 540404.1052631579)
[1, 4, 10, 23, 57, 132, 301, 701, 1654, 3727, 8679, 20739]...: 9185338: ACCEPTED IN 17 TRIES, (AVG 540314.0)
[1, 4, 10, 23, 57, 132, 301, 701, 1654, 3727, 8679, 20742]...: 10806998: ACCEPTED IN 20 TRIES, (AVG 540349.9)
[1, 4, 10, 23, 57, 132, 301, 701, 1654, 3727, 8679, 20743]...: 12431984: ACCEPTED IN 23 TRIES, (AVG 540521.0434782609)
[1, 4, 10, 23, 57, 132, 301, 701, 1654, 3727, 8679, 20747]...: 11349703: ACCEPTED IN 21 TRIES, (AVG 540462.0476190476)
[1, 4, 10, 23, 57, 132, 301, 701, 1654, 3727, 8679, 20759]...: 9725075: ACCEPTED IN 18 TRIES, (AVG 540281.9444444445)
[1, 4, 10, 23, 57, 132, 301, 701, 1654, 3727, 8679, 20767]...: 16759858: ACCEPTED IN 31 TRIES, (AVG 540640.5806451613)
[1, 4, 10, 23, 57, 132, 301, 701, 1654, 3727, 8679, 20779]...: 12971513: ACCEPTED IN 24 TRIES, (AVG 540479.7083333334)
[1, 4, 10, 23, 57, 132, 301, 701, 1654, 3727, 8679, 20780]...: 15137847: ACCEPTED IN 28 TRIES, (AVG 540637.3928571428)
[1, 4, 10, 23, 57, 132, 301, 701, 1654, 3727, 8679, 20796]...: 17300957: ACCEPTED IN 32 TRIES, (AVG 540654.90625)
[1, 4, 10, 23, 57, 132, 301, 701, 1654, 3727, 8679, 20817]...: 9185514: ACCEPTED IN 17 TRIES, (AVG 540324.3529411765)
