[1, 4, 10, 23, 57, 132, 301, 701, 1654, 3694, 8618, 18959]...: 42193509: ACCEPTED IN 78 TRIES, (AVG 540942.4230769231)
[1, 4, 10, 23, 57, 132, 301, 701, 1654, 3694, 8618, 19000]...: 9725752: ACCEPTED IN 18 TRIES, (AVG 540319.5555555555)
[1, 4, 10, 23, 57, 132, 301, 701, 1654, 3694, 8618, 19037]...: 9726058: ACCEPTED IN 18 TRIES, (AVG 540336.5555555555)
[1, 4, 10, 23, 57, 132, 301, 701, 1654, 3694, 8618, 19054]...: 7020814: ACCEPTED IN 13 TRIES, (AVG 540062.6153846154)
[1, 4, 10, 23, 57, 132, 301, 701, 1654, 3694, 8618, 19074]...: 9723978: ACCEPTED IN 18 TRIES, (AVG 540221.0)
[1, 4, 10, 23, 57, 132, 301, 701, 1654, 3694, 8618, 19091]...: 4314195: ACCEPTED IN 8 TRIES, (AVG 539274.375)
[1, 4, 10, 23, 57, 132, 301, 701, 1654, 3694, 8618, 19128]...: 22171022: ACCEPTED IN 41 TRIES, (AVG 540756.6341463415)
[1, 4, 10, 23, 57, 132, 301, 701, 1654, 3694, 8618, 19169]...: 7020421: ACCEPTED IN 13 TRIES, (AVG 540032.3846153846)
[1, 4, 10, 23, 57, 132, 301, 701, 1654, 3694, 8618, 19186]...: 10266700: ACCEPTED IN 19 TRIES, (AVG 540352.6315789474)
[1, 4, 10, 23, 57, 132, 301, 701, 1654, 3694, 8618, 19206]...: 17843564: ACCEPTED IN 33 TRIES, (AVG 540714.0606060605)
[1, 4, 10, 23, 57, 132, 301, 701, 1654, 3694, 8618, 19223]...: 14055673: ACCEPTED IN 26 TRIES, (AVG 540602.8076923077)
[1, 4, 10, 23, 57, 132, 301, 701, 1654, 3694, 8618, 19260]...: 15137224: ACCEPTED IN 28 TRIES, (AVG 540615.1428571428)
[1, 4, 10, 23, 57, 132, 301, 701, 1654, 3694, 8618, 19301]...: 9726232: ACCEPTED IN 18 TRIES, (AVG 540346.2222222222)
[1, 4, 10, 23, 57, 132, 301, 701, 1654, 3694, 8618, 19318]...: 7020911: ACCEPTED IN 13 TRIES, (AVG 540070.0769230769)
[1, 4, 10, 23, 57, 132, 301, 701, 1654, 3694, 8618, 19338]...: 7020038: ACCEPTED IN 13 TRIES, (AVG 540002.9230769231)
[1, 4, 10, 23, 57, 132, 301, 701, 1654, 3694, 8618, 19355]...: 9725931: ACCEPTED IN 18 TRIES, (AVG 540329.5)
[1, 4, 10, 23, 57, 132, 301, 701, 1654, 3694, 8618, 19392]...: 5395635: ACCEPTED IN 10 TRIES, (AVG 539563.5)
[1, 4, 10, 23, 57, 132, 301, 701, 1654, 3694, 8618, 19429]...: 5396972: ACCEPTED IN 10 TRIES, (AVG 539697.2)
[1, 4, 10, 23, 57, 132, 301, 701, 1654, 3694, 8618, 19450]...: 10267641: ACCEPTED IN 19 TRIES, (AVG 540402.1578947369)
[1, 4, 10, 23, 57, 132, 301, 701, 1654, 3694, 8618, 19470]...: 3773787: ACCEPTED IN 7 TRIES, (AVG 539112.4285714285)
[1, 4, 10, 23, 57, 132, 301, 701, 1654, 3694, 8618, 19487]...: 5937451: ACCEPTED IN 11 TRIES, (AVG 539768.2727272727)
[1, 4, 10, 23, 57, 132, 301, 701, 1654, 3694, 8618, 19524]...: 4313859: ACCEPTED IN 8 TRIES, (AVG 539232.375)
[1, 4, 10, 23, 57, 132, 301, 701, 1654, 3694, 8618, 19561]...: 7019819: ACCEPTED IN 13 TRIES, (AVG 539986.0769230769)
[1, 4, 10, 23, 57, 132, 301, 701, 1654, 3694, 8618, 19602]...: 17302014: ACCEPTED IN 32 TRIES, (AVG 540687.9375)
[1, 4, 10, 23, 57, 132, 301, 701, 1654, 3694, 8618, 19619]...: 5397420: ACCEPTED IN 10 TRIES, (AVG 539742.0)
[1, 4, 10, 23, 57, 132, 301, 701, 1654, 3694, 8618, 19656]...: 9184438: ACCEPTED IN 17 TRIES, (AVG 540261.0588235294)
[1, 4, 10, 23, 57, 132, 301, 701, 1654, 3694, 8618, 19693]...: 4315046: ACCEPTED IN 8 TRIES, (AVG 539380.75)
[1, 4, 10, 23, 57, 132, 301, 701, 1654, 3694, 8618, 19730]...: 7019384: ACCEPTED IN 13 TRIES, (AVG 539952.6153846154)
[1, 4, 10, 23, 57, 132, 301, 701, 1654, 3694, 8618, 19751]...: 5396966: ACCEPTED IN 10 TRIES, (AVG 539696.6)
[1, 4, 10, 23, 57, 132, 301, 701, 1654, 3694, 8618, 19788]...: 9182842: ACCEPTED IN 17 TRIES, (AVG 540167.1764705882)
[1, 4, 10, 23, 57, 132, 301, 701, 1654, 3694, 8618, 19825]...: 9184972: ACCEPTED IN 17 TRIES, (AVG 540292.4705882353)
[1, 4, 10, 23, 57, 132, 301, 701, 1654, 3694, 8618, 19862]...: 3771803: ACCEPTED IN 7 TRIES, (AVG 538829.0)
[1, 4, 10, 23, 57, 132, 301, 701, 1654, 3694, 8618, 19920]...: 5395895: ACCEPTED IN 10 TRIES, (AVG 539589.5)
[1, 4, 10, 23, 57, 132, 301, 701, 1654, 3694, 8618, 19957]...: 8643242: ACCEPTED IN 16 TRIES, (AVG 540202.625)
[1, 4, 10, 23, 57, 132, 301, 701, 1654, 3694, 8618, 19994]...: 3773707: ACCEPTED IN 7 TRIES, (AVG 539101.0)
[1, 4, 10, 23, 57, 132, 301, 701, 1654, 3694, 8618, 20031]...: 7018298: ACCEPTED IN 13 TRIES, (AVG 539869.0769230769)
[1, 4, 10, 23, 57, 132, 301, 701, 1654, 3694, 8618, 20052]...: 5396196: ACCEPTED IN 10 TRIES, (AVG 539619.6)
[1, 4, 10, 23, 57, 132, 301, 701, 1654, 3694, 8618, 20089]...: 5936749: ACCEPTED IN 11 TRIES, (AVG 539704.4545454546)
[1, 4, 10, 23, 57, 132, 301, 701, 1654, 3694, 8618, 20126]...: 8643813: ACCEPTED IN 16 TRIES, (AVG 540238.3125)
[1, 4, 10, 23, 57, 132, 301, 701, 1654, 3694, 8618, 20163]...: 5938718: ACCEPTED IN 11 TRIES, (AVG 539883.4545454546)
[1, 4, 10, 23, 57, 132, 301, 701, 1654, 3694, 8618, 20180]...: 16219424: ACCEPTED IN 30 TRIES, (AVG 540647.4666666667)
[1, 4, 10, 23, 57, 132, 301, 701, 1654, 3694, 8618, 20221]...: 4315234: ACCEPTED IN 8 TRIES, (AVG 539404.25)
[1, 4, 10, 23, 57, 132, 301, 701, 1654, 3694, 8618, 20258]...: 7020942: ACCEPTED IN 13 TRIES, (AVG 540072.4615384615)
[1, 4, 10, 23, 57, 132, 301, 701, 1654, 3694, 8618, 20295]...: 3231671: ACCEPTED IN 6 TRIES, (AVG 538611.8333333334)
[1, 4, 10, 23, 57, 132, 301, 701, 1654, 3694, 8618, 20312]...: 9724970: ACCEPTED IN 18 TRIES, (AVG 540276.1111111111)
[1, 4, 10, 23, 57, 132, 301, 701, 1654, 3694, 8618, 20332]...: 3772982: ACCEPTED IN 7 TRIES, (AVG 538997.4285714285)
[1, 4, 10, 23, 57, 132, 301, 701, 1654, 3694, 8618, 20353]...: 4855693: ACCEPTED IN 9 TRIES, (AVG 539521.4444444445)
[1, 4, 10, 23, 57, 132, 301, 701, 1654, 3694, 8618, 20390]...: 4314585: ACCEPTED IN 8 TRIES, (AVG 539323.125)
[1, 4, 10, 23, 57, 132, 301, 701, 1654, 3694, 8618, 20427]...: 3772907: ACCEPTED IN 7 TRIES, (AVG 538986.7142857143)
[1, 4, 10, 23, 57, 132, 301, 701, 1654, 3694, 8618, 20444]...: 3771677: ACCEPTED IN 7 TRIES, (AVG 538811.0)
[1, 4, 10, 23, 57, 132, 301, 701, 1654, 3694, 8618, 20464]...: 3773940: ACCEPTED IN 7 TRIES, (AVG 539134.2857142857)
[1, 4, 10, 23, 57, 132, 301, 701, 1654, 3694, 8618, 20481]...: 3772993: ACCEPTED IN 7 TRIES, (AVG 538999.0)
[1, 4, 10, 23, 57, 132, 301, 701, 1654, 3694, 8618, 20522]...: 7017309: ACCEPTED IN 13 TRIES, (AVG 539793.0)
[1, 4, 10, 23, 57, 132, 301, 701, 1654, 3694, 8618, 20559]...: 4856392: ACCEPTED IN 9 TRIES, (AVG 539599.1111111111)
[1, 4, 10, 23, 57, 132, 301, 701, 1654, 3694, 8618, 20576]...: 5935999: ACCEPTED IN 11 TRIES, (AVG 539636.2727272727)
[1, 4, 10, 23, 57, 132, 301, 701, 1654, 3694, 8618, 20596]...: 5397040: ACCEPTED IN 10 TRIES, (AVG 539704.0)
[1, 4, 10, 23, 57, 132, 301, 701, 1654, 3694, 8618, 20613]...: 7018796: ACCEPTED IN 13 TRIES, (AVG 539907.3846153846)
[1, 4, 10, 23, 57, 132, 301, 701, 1654, 3694, 8618, 20654]...: 7560772: ACCEPTED IN 14 TRIES, (AVG 540055.1428571428)
