[1, 4, 10, 23, 57, 132, 301, 701, 1636, 3821, 8682, 19117]...: 2154356: ACCEPTED IN 4 TRIES, (AVG 538589.0)
[1, 4, 10, 23, 57, 132, 301, 701, 1636, 3821, 8682, 19155]...: 537224: ACCEPTED IN 1 TRIES, (AVG 537224.0)
[1, 4, 10, 23, 57, 132, 301, 701, 1636, 3821, 8682, 19178]...: 537264: ACCEPTED IN 1 TRIES, (AVG 537264.0)
[1, 4, 10, 23, 57, 132, 301, 701, 1636, 3821, 8682, 19187]...: 536569: ACCEPTED IN 1 TRIES, (AVG 536569.0)
[1, 4, 10, 23, 57, 132, 301, 701, 1636, 3821, 8682, 19213]...: 537426: ACCEPTED IN 1 TRIES, (AVG 537426.0)
[1, 4, 10, 23, 57, 132, 301, 701, 1636, 3821, 8682, 19216]...: 537184: ACCEPTED IN 1 TRIES, (AVG 537184.0)
[1, 4, 10, 23, 57, 132, 301, 701, 1636, 3821, 8682, 19221]...: 537098: ACCEPTED IN 1 TRIES, (AVG 537098.0)
[1, 4, 10, 23, 57, 132, 301, 701, 1636, 3821, 8682, 19245]...: 537141: ACCEPTED IN 1 TRIES, (AVG 537141.0)
[1, 4, 10, 23, 57, 132, 301, 701, 1636, 3821, 8682, 19287]...: 1616270: ACCEPTED IN 3 TRIES, (AVG 538756.6666666666)
[1, 4, 10, 23, 57, 132, 301, 701, 1636, 3821, 8682, 19288]...: 1075589: ACCEPTED IN 2 TRIES, (AVG 537794.5)
[1, 4, 10, 23, 57, 132, 301, 701, 1636, 3821, 8682, 19316]...: 5932110: ACCEPTED IN 11 TRIES, (AVG 539282.7272727273)
[1, 4, 10, 23, 57, 132, 301, 701, 1636, 3821, 8682, 19319]...: 537543: ACCEPTED IN 1 TRIES, (AVG 537543.0)
[1, 4, 10, 23, 57, 132, 301, 701, 1636, 3821, 8682, 19350]...: 537094: ACCEPTED IN 1 TRIES, (AVG 537094.0)
[1, 4, 10, 23, 57, 132, 301, 701, 1636, 3821, 8682, 19352]...: 537363: ACCEPTED IN 1 TRIES, (AVG 537363.0)
[1, 4, 10, 23, 57, 132, 301, 701, 1636, 3821, 8682, 19353]...: 5932315: ACCEPTED IN 11 TRIES, (AVG 539301.3636363636)
[1, 4, 10, 23, 57, 132, 301, 701, 1636, 3821, 8682, 19379]...: 537431: ACCEPTED IN 1 TRIES, (AVG 537431.0)
[1, 4, 10, 23, 57, 132, 301, 701, 1636, 3821, 8682, 19383]...: 535979: ACCEPTED IN 1 TRIES, (AVG 535979.0)
[1, 4, 10, 23, 57, 132, 301, 701, 1636, 3821, 8682, 19388]...: 1616439: ACCEPTED IN 3 TRIES, (AVG 538813.0)
[1, 4, 10, 23, 57, 132, 301, 701, 1636, 3821, 8682, 19389]...: 537291: ACCEPTED IN 1 TRIES, (AVG 537291.0)
[1, 4, 10, 23, 57, 132, 301, 701, 1636, 3821, 8682, 19392]...: 1615279: ACCEPTED IN 3 TRIES, (AVG 538426.3333333334)
[1, 4, 10, 23, 57, 132, 301, 701, 1636, 3821, 8682, 19413]...: 536755: ACCEPTED IN 1 TRIES, (AVG 536755.0)
[1, 4, 10, 23, 57, 132, 301, 701, 1636, 3821, 8682, 19414]...: 536949: ACCEPTED IN 1 TRIES, (AVG 536949.0)
[1, 4, 10, 23, 57, 132, 301, 701, 1636, 3821, 8682, 19419]...: 537100: ACCEPTED IN 1 TRIES, (AVG 537100.0)
[1, 4, 10, 23, 57, 132, 301, 701, 1636, 3821, 8682, 19424]...: 536865: ACCEPTED IN 1 TRIES, (AVG 536865.0)
[1, 4, 10, 23, 57, 132, 301, 701, 1636, 3821, 8682, 19450]...: 535741: ACCEPTED IN 1 TRIES, (AVG 535741.0)
[1, 4, 10, 23, 57, 132, 301, 701, 1636, 3821, 8682, 19451]...: 537393: ACCEPTED IN 1 TRIES, (AVG 537393.0)
[1, 4, 10, 23, 57, 132, 301, 701, 1636, 3821, 8682, 19454]...: 537112: ACCEPTED IN 1 TRIES, (AVG 537112.0)
[1, 4, 10, 23, 57, 132, 301, 701, 1636, 3821, 8682, 19457]...: 537079: ACCEPTED IN 1 TRIES, (AVG 537079.0)
[1, 4, 10, 23, 57, 132, 301, 701, 1636, 3821, 8682, 19478]...: 536912: ACCEPTED IN 1 TRIES, (AVG 536912.0)
[1, 4, 10, 23, 57, 132, 301, 701, 1636, 3821, 8682, 19517]...: 537206: ACCEPTED IN 1 TRIES, (AVG 537206.0)
[1, 4, 10, 23, 57, 132, 301, 701, 1636, 3821, 8682, 19518]...: 536154: ACCEPTED IN 1 TRIES, (AVG 536154.0)
[1, 4, 10, 23, 57, 132, 301, 701, 1636, 3821, 8682, 19520]...: 1616296: ACCEPTED IN 3 TRIES, (AVG 538765.3333333334)
[1, 4, 10, 23, 57, 132, 301, 701, 1636, 3821, 8682, 19524]...: 536924: ACCEPTED IN 1 TRIES, (AVG 536924.0)
[1, 4, 10, 23, 57, 132, 301, 701, 1636, 3821, 8682, 19545]...: 536900: ACCEPTED IN 1 TRIES, (AVG 536900.0)
[1, 4, 10, 23, 57, 132, 301, 701, 1636, 3821, 8682, 19551]...: 1077145: ACCEPTED IN 2 TRIES, (AVG 538572.5)
[1, 4, 10, 23, 57, 132, 301, 701, 1636, 3821, 8682, 19552]...: 1076481: ACCEPTED IN 2 TRIES, (AVG 538240.5)
[1, 4, 10, 23, 57, 132, 301, 701, 1636, 3821, 8682, 19556]...: 536961: ACCEPTED IN 1 TRIES, (AVG 536961.0)
[1, 4, 10, 23, 57, 132, 301, 701, 1636, 3821, 8682, 19577]...: 536918: ACCEPTED IN 1 TRIES, (AVG 536918.0)
[1, 4, 10, 23, 57, 132, 301, 701, 1636, 3821, 8682, 19587]...: 536322: ACCEPTED IN 1 TRIES, (AVG 536322.0)
[1, 4, 10, 23, 57, 132, 301, 701, 1636, 3821, 8682, 19621]...: 1075661: ACCEPTED IN 2 TRIES, (AVG 537830.5)
[1, 4, 10, 23, 57, 132, 301, 701, 1636, 3821, 8682, 19655]...: 537353: ACCEPTED IN 1 TRIES, (AVG 537353.0)
[1, 4, 10, 23, 57, 132, 301, 701, 1636, 3821, 8682, 19658]...: 535741: ACCEPTED IN 1 TRIES, (AVG 535741.0)
[1, 4, 10, 23, 57, 132, 301, 701, 1636, 3821, 8682, 19679]...: 1616262: ACCEPTED IN 3 TRIES, (AVG 538754.0)
[1, 4, 10, 23, 57, 132, 301, 701, 1636, 3821, 8682, 19684]...: 536945: ACCEPTED IN 1 TRIES, (AVG 536945.0)
[1, 4, 10, 23, 57, 132, 301, 701, 1636, 3821, 8682, 19685]...: 1077020: ACCEPTED IN 2 TRIES, (AVG 538510.0)
[1, 4, 10, 23, 57, 132, 301, 701, 1636, 3821, 8682, 19712]...: 537400: ACCEPTED IN 1 TRIES, (AVG 537400.0)
[1, 4, 10, 23, 57, 132, 301, 701, 1636, 3821, 8682, 19720]...: 536849: ACCEPTED IN 1 TRIES, (AVG 536849.0)
[1, 4, 10, 23, 57, 132, 301, 701, 1636, 3821, 8682, 19721]...: 1615990: ACCEPTED IN 3 TRIES, (AVG 538663.3333333334)
[1, 4, 10, 23, 57, 132, 301, 701, 1636, 3821, 8682, 19723]...: 537153: ACCEPTED IN 1 TRIES, (AVG 537153.0)
[1, 4, 10, 23, 57, 132, 301, 701, 1636, 3821, 8682, 19725]...: 536410: ACCEPTED IN 1 TRIES, (AVG 536410.0)
[1, 4, 10, 23, 57, 132, 301, 701, 1636, 3821, 8682, 19746]...: 1615213: ACCEPTED IN 3 TRIES, (AVG 538404.3333333334)
[1, 4, 10, 23, 57, 132, 301, 701, 1636, 3821, 8682, 19748]...: 1077135: ACCEPTED IN 2 TRIES, (AVG 538567.5)
[1, 4, 10, 23, 57, 132, 301, 701, 1636, 3821, 8682, 19752]...: 537494: ACCEPTED IN 1 TRIES, (AVG 537494.0)
[1, 4, 10, 23, 57, 132, 301, 701, 1636, 3821, 8682, 19755]...: 537170: ACCEPTED IN 1 TRIES, (AVG 537170.0)
[1, 4, 10, 23, 57, 132, 301, 701, 1636, 3821, 8682, 19756]...: 536838: ACCEPTED IN 1 TRIES, (AVG 536838.0)
[1, 4, 10, 23, 57, 132, 301, 701, 1636, 3821, 8682, 19758]...: 537532: ACCEPTED IN 1 TRIES, (AVG 537532.0)
[1, 4, 10, 23, 57, 132, 301, 701, 1636, 3821, 8682, 19781]...: 537549: ACCEPTED IN 1 TRIES, (AVG 537549.0)
[1, 4, 10, 23, 57, 132, 301, 701, 1636, 3821, 8682, 19785]...: 1077080: ACCEPTED IN 2 TRIES, (AVG 538540.0)
[1, 4, 10, 23, 57, 132, 301, 701, 1636, 3821, 8682, 19790]...: 536494: ACCEPTED IN 1 TRIES, (AVG 536494.0)
[1, 4, 10, 23, 57, 132, 301, 701, 1636, 3821, 8682, 19814]...: 1076542: ACCEPTED IN 2 TRIES, (AVG 538271.0)
[1, 4, 10, 23, 57, 132, 301, 701, 1636, 3821, 8682, 19815]...: 537444: ACCEPTED IN 1 TRIES, (AVG 537444.0)
[1, 4, 10, 23, 57, 132, 301, 701, 1636, 3821, 8682, 19816]...: 1076699: ACCEPTED IN 2 TRIES, (AVG 538349.5)
[1, 4, 10, 23, 57, 132, 301, 701, 1636, 3821, 8682, 19817]...: 2156199: ACCEPTED IN 4 TRIES, (AVG 539049.75)
[1, 4, 10, 23, 57, 132, 301, 701, 1636, 3821, 8682, 19818]...: 1616187: ACCEPTED IN 3 TRIES, (AVG 538729.0)
[1, 4, 10, 23, 57, 132, 301, 701, 1636, 3821, 8682, 19822]...: 1076690: ACCEPTED IN 2 TRIES, (AVG 538345.0)
[1, 4, 10, 23, 57, 132, 301, 701, 1636, 3821, 8682, 19846]...: 536955: ACCEPTED IN 1 TRIES, (AVG 536955.0)
[1, 4, 10, 23, 57, 132, 301, 701, 1636, 3821, 8682, 19850]...: 537187: ACCEPTED IN 1 TRIES, (AVG 537187.0)
[1, 4, 10, 23, 57, 132, 301, 701, 1636, 3821, 8682, 19857]...: 537240: ACCEPTED IN 1 TRIES, (AVG 537240.0)
[1, 4, 10, 23, 57, 132, 301, 701, 1636, 3821, 8682, 19883]...: 535670: ACCEPTED IN 1 TRIES, (AVG 535670.0)
[1, 4, 10, 23, 57, 132, 301, 701, 1636, 3821, 8682, 19890]...: 537183: ACCEPTED IN 1 TRIES, (AVG 537183.0)
[1, 4, 10, 23, 57, 132, 301, 701, 1636, 3821, 8682, 19917]...: 537469: ACCEPTED IN 1 TRIES, (AVG 537469.0)
[1, 4, 10, 23, 57, 132, 301, 701, 1636, 3821, 8682, 19919]...: 536192: ACCEPTED IN 1 TRIES, (AVG 536192.0)
[1, 4, 10, 23, 57, 132, 301, 701, 1636, 3821, 8682, 19923]...: 2695905: ACCEPTED IN 5 TRIES, (AVG 539181.0)
[1, 4, 10, 23, 57, 132, 301, 701, 1636, 3821, 8682, 19946]...: 1076519: ACCEPTED IN 2 TRIES, (AVG 538259.5)
[1, 4, 10, 23, 57, 132, 301, 701, 1636, 3821, 8682, 19948]...: 536375: ACCEPTED IN 1 TRIES, (AVG 536375.0)
[1, 4, 10, 23, 57, 132, 301, 701, 1636, 3821, 8682, 19949]...: 1076475: ACCEPTED IN 2 TRIES, (AVG 538237.5)
[1, 4, 10, 23, 57, 132, 301, 701, 1636, 3821, 8682, 19955]...: 1616061: ACCEPTED IN 3 TRIES, (AVG 538687.0)
[1, 4, 10, 23, 57, 132, 301, 701, 1636, 3821, 8682, 19981]...: 537315: ACCEPTED IN 1 TRIES, (AVG 537315.0)
[1, 4, 10, 23, 57, 132, 301, 701, 1636, 3821, 8682, 19983]...: 1076783: ACCEPTED IN 2 TRIES, (AVG 538391.5)
[1, 4, 10, 23, 57, 132, 301, 701, 1636, 3821, 8682, 19985]...: 536814: ACCEPTED IN 1 TRIES, (AVG 536814.0)
[1, 4, 10, 23, 57, 132, 301, 701, 1636, 3821, 8682, 19991]...: 1075818: ACCEPTED IN 2 TRIES, (AVG 537909.0)
[1, 4, 10, 23, 57, 132, 301, 701, 1636, 3821, 8682, 20013]...: 1615775: ACCEPTED IN 3 TRIES, (AVG 538591.6666666666)
[1, 4, 10, 23, 57, 132, 301, 701, 1636, 3821, 8682, 20015]...: 1616146: ACCEPTED IN 3 TRIES, (AVG 538715.3333333334)
[1, 4, 10, 23, 57, 132, 301, 701, 1636, 3821, 8682, 20016]...: 535893: ACCEPTED IN 1 TRIES, (AVG 535893.0)
[1, 4, 10, 23, 57, 132, 301, 701, 1636, 3821, 8682, 20017]...: 537352: ACCEPTED IN 1 TRIES, (AVG 537352.0)
[1, 4, 10, 23, 57, 132, 301, 701, 1636, 3821, 8682, 20045]...: 1616676: ACCEPTED IN 3 TRIES, (AVG 538892.0)
[1, 4, 10, 23, 57, 132, 301, 701, 1636, 3821, 8682, 20047]...: 2155124: ACCEPTED IN 4 TRIES, (AVG 538781.0)
[1, 4, 10, 23, 57, 132, 301, 701, 1636, 3821, 8682, 20048]...: 1616303: ACCEPTED IN 3 TRIES, (AVG 538767.6666666666)
[1, 4, 10, 23, 57, 132, 301, 701, 1636, 3821, 8682, 20049]...: 537417: ACCEPTED IN 1 TRIES, (AVG 537417.0)
[1, 4, 10, 23, 57, 132, 301, 701, 1636, 3821, 8682, 20058]...: 537525: ACCEPTED IN 1 TRIES, (AVG 537525.0)
[1, 4, 10, 23, 57, 132, 301, 701, 1636, 3821, 8682, 20085]...: 537294: ACCEPTED IN 1 TRIES, (AVG 537294.0)
[1, 4, 10, 23, 57, 132, 301, 701, 1636, 3821, 8682, 20086]...: 1616698: ACCEPTED IN 3 TRIES, (AVG 538899.3333333334)
[1, 4, 10, 23, 57, 132, 301, 701, 1636, 3821, 8682, 20090]...: 536709: ACCEPTED IN 1 TRIES, (AVG 536709.0)
[1, 4, 10, 23, 57, 132, 301, 701, 1636, 3821, 8682, 20091]...: 537396: ACCEPTED IN 1 TRIES, (AVG 537396.0)
[1, 4, 10, 23, 57, 132, 301, 701, 1636, 3821, 8682, 20116]...: 537436: ACCEPTED IN 1 TRIES, (AVG 537436.0)
[1, 4, 10, 23, 57, 132, 301, 701, 1636, 3821, 8682, 20118]...: 537351: ACCEPTED IN 1 TRIES, (AVG 537351.0)
[1, 4, 10, 23, 57, 132, 301, 701, 1636, 3821, 8682, 20119]...: 537239: ACCEPTED IN 1 TRIES, (AVG 537239.0)
[1, 4, 10, 23, 57, 132, 301, 701, 1636, 3821, 8682, 20125]...: 2155821: ACCEPTED IN 4 TRIES, (AVG 538955.25)
[1, 4, 10, 23, 57, 132, 301, 701, 1636, 3821, 8682, 20146]...: 1076089: ACCEPTED IN 2 TRIES, (AVG 538044.5)
[1, 4, 10, 23, 57, 132, 301, 701, 1636, 3821, 8682, 20147]...: 1075890: ACCEPTED IN 2 TRIES, (AVG 537945.0)
[1, 4, 10, 23, 57, 132, 301, 701, 1636, 3821, 8682, 20148]...: 537149: ACCEPTED IN 1 TRIES, (AVG 537149.0)
[1, 4, 10, 23, 57, 132, 301, 701, 1636, 3821, 8682, 20152]...: 2156242: ACCEPTED IN 4 TRIES, (AVG 539060.5)
[1, 4, 10, 23, 57, 132, 301, 701, 1636, 3821, 8682, 20155]...: 1616003: ACCEPTED IN 3 TRIES, (AVG 538667.6666666666)
[1, 4, 10, 23, 57, 132, 301, 701, 1636, 3821, 8682, 20158]...: 537511: ACCEPTED IN 1 TRIES, (AVG 537511.0)
[1, 4, 10, 23, 57, 132, 301, 701, 1636, 3821, 8682, 20189]...: 1616738: ACCEPTED IN 3 TRIES, (AVG 538912.6666666666)
[1, 4, 10, 23, 57, 132, 301, 701, 1636, 3821, 8682, 20191]...: 536031: ACCEPTED IN 1 TRIES, (AVG 536031.0)
[1, 4, 10, 23, 57, 132, 301, 701, 1636, 3821, 8682, 20215]...: 536626: ACCEPTED IN 1 TRIES, (AVG 536626.0)
[1, 4, 10, 23, 57, 132, 301, 701, 1636, 3821, 8682, 20216]...: 537430: ACCEPTED IN 1 TRIES, (AVG 537430.0)
[1, 4, 10, 23, 57, 132, 301, 701, 1636, 3821, 8682, 20218]...: 537411: ACCEPTED IN 1 TRIES, (AVG 537411.0)
[1, 4, 10, 23, 57, 132, 301, 701, 1636, 3821, 8682, 20222]...: 537516: ACCEPTED IN 1 TRIES, (AVG 537516.0)
[1, 4, 10, 23, 57, 132, 301, 701, 1636, 3821, 8682, 20223]...: 2155989: ACCEPTED IN 4 TRIES, (AVG 538997.25)
[1, 4, 10, 23, 57, 132, 301, 701, 1636, 3821, 8682, 20252]...: 537092: ACCEPTED IN 1 TRIES, (AVG 537092.0)
[1, 4, 10, 23, 57, 132, 301, 701, 1636, 3821, 8682, 20253]...: 536912: ACCEPTED IN 1 TRIES, (AVG 536912.0)
[1, 4, 10, 23, 57, 132, 301, 701, 1636, 3821, 8682, 20256]...: 2695666: ACCEPTED IN 5 TRIES, (AVG 539133.2)
[1, 4, 10, 23, 57, 132, 301, 701, 1636, 3821, 8682, 20278]...: 1615466: ACCEPTED IN 3 TRIES, (AVG 538488.6666666666)
[1, 4, 10, 23, 57, 132, 301, 701, 1636, 3821, 8682, 20281]...: 1077027: ACCEPTED IN 2 TRIES, (AVG 538513.5)
[1, 4, 10, 23, 57, 132, 301, 701, 1636, 3821, 8682, 20282]...: 537260: ACCEPTED IN 1 TRIES, (AVG 537260.0)
[1, 4, 10, 23, 57, 132, 301, 701, 1636, 3821, 8682, 20292]...: 535606: ACCEPTED IN 1 TRIES, (AVG 535606.0)
[1, 4, 10, 23, 57, 132, 301, 701, 1636, 3821, 8682, 20314]...: 1076262: ACCEPTED IN 2 TRIES, (AVG 538131.0)
[1, 4, 10, 23, 57, 132, 301, 701, 1636, 3821, 8682, 20318]...: 536524: ACCEPTED IN 1 TRIES, (AVG 536524.0)
[1, 4, 10, 23, 57, 132, 301, 701, 1636, 3821, 8682, 20323]...: 2155716: ACCEPTED IN 4 TRIES, (AVG 538929.0)
[1, 4, 10, 23, 57, 132, 301, 701, 1636, 3821, 8682, 20324]...: 537487: ACCEPTED IN 1 TRIES, (AVG 537487.0)
[1, 4, 10, 23, 57, 132, 301, 701, 1636, 3821, 8682, 20327]...: 1615824: ACCEPTED IN 3 TRIES, (AVG 538608.0)
[1, 4, 10, 23, 57, 132, 301, 701, 1636, 3821, 8682, 20349]...: 537485: ACCEPTED IN 1 TRIES, (AVG 537485.0)
[1, 4, 10, 23, 57, 132, 301, 701, 1636, 3821, 8682, 20351]...: 537226: ACCEPTED IN 1 TRIES, (AVG 537226.0)
[1, 4, 10, 23, 57, 132, 301, 701, 1636, 3821, 8682, 20354]...: 1077019: ACCEPTED IN 2 TRIES, (AVG 538509.5)
[1, 4, 10, 23, 57, 132, 301, 701, 1636, 3821, 8682, 20355]...: 536486: ACCEPTED IN 1 TRIES, (AVG 536486.0)
[1, 4, 10, 23, 57, 132, 301, 701, 1636, 3821, 8682, 20356]...: 1076332: ACCEPTED IN 2 TRIES, (AVG 538166.0)
[1, 4, 10, 23, 57, 132, 301, 701, 1636, 3821, 8682, 20358]...: 1076368: ACCEPTED IN 2 TRIES, (AVG 538184.0)
[1, 4, 10, 23, 57, 132, 301, 701, 1636, 3821, 8682, 20359]...: 1615856: ACCEPTED IN 3 TRIES, (AVG 538618.6666666666)
[1, 4, 10, 23, 57, 132, 301, 701, 1636, 3821, 8682, 20381]...: 1615125: ACCEPTED IN 3 TRIES, (AVG 538375.0)
[1, 4, 10, 23, 57, 132, 301, 701, 1636, 3821, 8682, 20382]...: 1076319: ACCEPTED IN 2 TRIES, (AVG 538159.5)
[1, 4, 10, 23, 57, 132, 301, 701, 1636, 3821, 8682, 20383]...: 537125: ACCEPTED IN 1 TRIES, (AVG 537125.0)
[1, 4, 10, 23, 57, 132, 301, 701, 1636, 3821, 8682, 20386]...: 536799: ACCEPTED IN 1 TRIES, (AVG 536799.0)
[1, 4, 10, 23, 57, 132, 301, 701, 1636, 3821, 8682, 20413]...: 535890: ACCEPTED IN 1 TRIES, (AVG 535890.0)
[1, 4, 10, 23, 57, 132, 301, 701, 1636, 3821, 8682, 20414]...: 537033: ACCEPTED IN 1 TRIES, (AVG 537033.0)
[1, 4, 10, 23, 57, 132, 301, 701, 1636, 3821, 8682, 20416]...: 537455: ACCEPTED IN 1 TRIES, (AVG 537455.0)
[1, 4, 10, 23, 57, 132, 301, 701, 1636, 3821, 8682, 20417]...: 537235: ACCEPTED IN 1 TRIES, (AVG 537235.0)
[1, 4, 10, 23, 57, 132, 301, 701, 1636, 3821, 8682, 20418]...: 537336: ACCEPTED IN 1 TRIES, (AVG 537336.0)
[1, 4, 10, 23, 57, 132, 301, 701, 1636, 3821, 8682, 20423]...: 1077120: ACCEPTED IN 2 TRIES, (AVG 538560.0)
[1, 4, 10, 23, 57, 132, 301, 701, 1636, 3821, 8682, 20424]...: 537515: ACCEPTED IN 1 TRIES, (AVG 537515.0)
[1, 4, 10, 23, 57, 132, 301, 701, 1636, 3821, 8682, 20448]...: 535998: ACCEPTED IN 1 TRIES, (AVG 535998.0)
[1, 4, 10, 23, 57, 132, 301, 701, 1636, 3821, 8682, 20449]...: 2695108: ACCEPTED IN 5 TRIES, (AVG 539021.6)
[1, 4, 10, 23, 57, 132, 301, 701, 1636, 3821, 8682, 20456]...: 537228: ACCEPTED IN 1 TRIES, (AVG 537228.0)
[1, 4, 10, 23, 57, 132, 301, 701, 1636, 3821, 8682, 20457]...: 1076105: ACCEPTED IN 2 TRIES, (AVG 538052.5)
[1, 4, 10, 23, 57, 132, 301, 701, 1636, 3821, 8682, 20458]...: 537086: ACCEPTED IN 1 TRIES, (AVG 537086.0)
[1, 4, 10, 23, 57, 132, 301, 701, 1636, 3821, 8682, 20459]...: 1077120: ACCEPTED IN 2 TRIES, (AVG 538560.0)
[1, 4, 10, 23, 57, 132, 301, 701, 1636, 3821, 8682, 20480]...: 1076111: ACCEPTED IN 2 TRIES, (AVG 538055.5)
[1, 4, 10, 23, 57, 132, 301, 701, 1636, 3821, 8682, 20481]...: 537218: ACCEPTED IN 1 TRIES, (AVG 537218.0)
[1, 4, 10, 23, 57, 132, 301, 701, 1636, 3821, 8682, 20484]...: 1616111: ACCEPTED IN 3 TRIES, (AVG 538703.6666666666)
[1, 4, 10, 23, 57, 132, 301, 701, 1636, 3821, 8682, 20486]...: 1076327: ACCEPTED IN 2 TRIES, (AVG 538163.5)
[1, 4, 10, 23, 57, 132, 301, 701, 1636, 3821, 8682, 20487]...: 537236: ACCEPTED IN 1 TRIES, (AVG 537236.0)
[1, 4, 10, 23, 57, 132, 301, 701, 1636, 3821, 8682, 20493]...: 1077064: ACCEPTED IN 2 TRIES, (AVG 538532.0)
[1, 4, 10, 23, 57, 132, 301, 701, 1636, 3821, 8682, 20512]...: 2156052: ACCEPTED IN 4 TRIES, (AVG 539013.0)
[1, 4, 10, 23, 57, 132, 301, 701, 1636, 3821, 8682, 20518]...: 536871: ACCEPTED IN 1 TRIES, (AVG 536871.0)
[1, 4, 10, 23, 57, 132, 301, 701, 1636, 3821, 8682, 20525]...: 537482: ACCEPTED IN 1 TRIES, (AVG 537482.0)
[1, 4, 10, 23, 57, 132, 301, 701, 1636, 3821, 8682, 20547]...: 537390: ACCEPTED IN 1 TRIES, (AVG 537390.0)
[1, 4, 10, 23, 57, 132, 301, 701, 1636, 3821, 8682, 20551]...: 1615356: ACCEPTED IN 3 TRIES, (AVG 538452.0)
[1, 4, 10, 23, 57, 132, 301, 701, 1636, 3821, 8682, 20554]...: 2156076: ACCEPTED IN 4 TRIES, (AVG 539019.0)
[1, 4, 10, 23, 57, 132, 301, 701, 1636, 3821, 8682, 20556]...: 1076757: ACCEPTED IN 2 TRIES, (AVG 538378.5)
[1, 4, 10, 23, 57, 132, 301, 701, 1636, 3821, 8682, 20561]...: 2154730: ACCEPTED IN 4 TRIES, (AVG 538682.5)
[1, 4, 10, 23, 57, 132, 301, 701, 1636, 3821, 8682, 20579]...: 537162: ACCEPTED IN 1 TRIES, (AVG 537162.0)
[1, 4, 10, 23, 57, 132, 301, 701, 1636, 3821, 8682, 20584]...: 537023: ACCEPTED IN 1 TRIES, (AVG 537023.0)
[1, 4, 10, 23, 57, 132, 301, 701, 1636, 3821, 8682, 20586]...: 537458: ACCEPTED IN 1 TRIES, (AVG 537458.0)
[1, 4, 10, 23, 57, 132, 301, 701, 1636, 3821, 8682, 20587]...: 535623: ACCEPTED IN 1 TRIES, (AVG 535623.0)
[1, 4, 10, 23, 57, 132, 301, 701, 1636, 3821, 8682, 20589]...: 537484: ACCEPTED IN 1 TRIES, (AVG 537484.0)
[1, 4, 10, 23, 57, 132, 301, 701, 1636, 3821, 8682, 20590]...: 2156238: ACCEPTED IN 4 TRIES, (AVG 539059.5)
[1, 4, 10, 23, 57, 132, 301, 701, 1636, 3821, 8682, 20591]...: 537028: ACCEPTED IN 1 TRIES, (AVG 537028.0)
[1, 4, 10, 23, 57, 132, 301, 701, 1636, 3821, 8682, 20593]...: 537582: ACCEPTED IN 1 TRIES, (AVG 537582.0)
[1, 4, 10, 23, 57, 132, 301, 701, 1636, 3821, 8682, 20616]...: 2156199: ACCEPTED IN 4 TRIES, (AVG 539049.75)
[1, 4, 10, 23, 57, 132, 301, 701, 1636, 3821, 8682, 20621]...: 536826: ACCEPTED IN 1 TRIES, (AVG 536826.0)
[1, 4, 10, 23, 57, 132, 301, 701, 1636, 3821, 8682, 20624]...: 537477: ACCEPTED IN 1 TRIES, (AVG 537477.0)
[1, 4, 10, 23, 57, 132, 301, 701, 1636, 3821, 8682, 20649]...: 537287: ACCEPTED IN 1 TRIES, (AVG 537287.0)
[1, 4, 10, 23, 57, 132, 301, 701, 1636, 3821, 8682, 20652]...: 537025: ACCEPTED IN 1 TRIES, (AVG 537025.0)
[1, 4, 10, 23, 57, 132, 301, 701, 1636, 3821, 8682, 20654]...: 537572: ACCEPTED IN 1 TRIES, (AVG 537572.0)
[1, 4, 10, 23, 57, 132, 301, 701, 1636, 3821, 8682, 20658]...: 1076562: ACCEPTED IN 2 TRIES, (AVG 538281.0)
[1, 4, 10, 23, 57, 132, 301, 701, 1636, 3821, 8682, 20660]...: 537499: ACCEPTED IN 1 TRIES, (AVG 537499.0)
[1, 4, 10, 23, 57, 132, 301, 701, 1636, 3821, 8682, 20682]...: 536956: ACCEPTED IN 1 TRIES, (AVG 536956.0)
[1, 4, 10, 23, 57, 132, 301, 701, 1636, 3821, 8682, 20691]...: 537378: ACCEPTED IN 1 TRIES, (AVG 537378.0)
[1, 4, 10, 23, 57, 132, 301, 701, 1636, 3821, 8682, 20719]...: 536532: ACCEPTED IN 1 TRIES, (AVG 536532.0)
[1, 4, 10, 23, 57, 132, 301, 701, 1636, 3821, 8682, 20720]...: 2695305: ACCEPTED IN 5 TRIES, (AVG 539061.0)
[1, 4, 10, 23, 57, 132, 301, 701, 1636, 3821, 8682, 20721]...: 536164: ACCEPTED IN 1 TRIES, (AVG 536164.0)
[1, 4, 10, 23, 57, 132, 301, 701, 1636, 3821, 8682, 20725]...: 1076165: ACCEPTED IN 2 TRIES, (AVG 538082.5)
[1, 4, 10, 23, 57, 132, 301, 701, 1636, 3821, 8682, 20727]...: 1076794: ACCEPTED IN 2 TRIES, (AVG 538397.0)
[1, 4, 10, 23, 57, 132, 301, 701, 1636, 3821, 8682, 20750]...: 1614984: ACCEPTED IN 3 TRIES, (AVG 538328.0)
[1, 4, 10, 23, 57, 132, 301, 701, 1636, 3821, 8682, 20754]...: 536890: ACCEPTED IN 1 TRIES, (AVG 536890.0)
[1, 4, 10, 23, 57, 132, 301, 701, 1636, 3821, 8682, 20757]...: 2156178: ACCEPTED IN 4 TRIES, (AVG 539044.5)
[1, 4, 10, 23, 57, 132, 301, 701, 1636, 3821, 8682, 20758]...: 1076909: ACCEPTED IN 2 TRIES, (AVG 538454.5)
[1, 4, 10, 23, 57, 132, 301, 701, 1636, 3821, 8682, 20759]...: 1616554: ACCEPTED IN 3 TRIES, (AVG 538851.3333333334)
[1, 4, 10, 23, 57, 132, 301, 701, 1636, 3821, 8682, 20782]...: 1075488: ACCEPTED IN 2 TRIES, (AVG 537744.0)
[1, 4, 10, 23, 57, 132, 301, 701, 1636, 3821, 8682, 20787]...: 2155783: ACCEPTED IN 4 TRIES, (AVG 538945.75)
[1, 4, 10, 23, 57, 132, 301, 701, 1636, 3821, 8682, 20791]...: 537491: ACCEPTED IN 1 TRIES, (AVG 537491.0)
[1, 4, 10, 23, 57, 132, 301, 701, 1636, 3821, 8682, 20794]...: 536739: ACCEPTED IN 1 TRIES, (AVG 536739.0)
[1, 4, 10, 23, 57, 132, 301, 701, 1636, 3821, 8682, 20813]...: 2156233: ACCEPTED IN 4 TRIES, (AVG 539058.25)
[1, 4, 10, 23, 57, 132, 301, 701, 1636, 3821, 8682, 20816]...: 537368: ACCEPTED IN 1 TRIES, (AVG 537368.0)
[1, 4, 10, 23, 57, 132, 301, 701, 1636, 3821, 8682, 20821]...: 536716: ACCEPTED IN 1 TRIES, (AVG 536716.0)
