[1, 4, 10, 23, 57, 132, 301, 701, 1654, 3892, 8948, 19714]...: 16218515: ACCEPTED IN 30 TRIES, (AVG 540617.1666666666)
[1, 4, 10, 23, 57, 132, 301, 701, 1654, 3892, 8948, 19726]...: 23254923: ACCEPTED IN 43 TRIES, (AVG 540812.1627906977)
[1, 4, 10, 23, 57, 132, 301, 701, 1654, 3892, 8948, 19751]...: 11891207: ACCEPTED IN 22 TRIES, (AVG 540509.4090909091)
[1, 4, 10, 23, 57, 132, 301, 701, 1654, 3892, 8948, 19759]...: 11347818: ACCEPTED IN 21 TRIES, (AVG 540372.2857142857)
[1, 4, 10, 23, 57, 132, 301, 701, 1654, 3892, 8948, 19763]...: 18384291: ACCEPTED IN 34 TRIES, (AVG 540714.4411764706)
[1, 4, 10, 23, 57, 132, 301, 701, 1654, 3892, 8948, 19800]...: 18382501: ACCEPTED IN 34 TRIES, (AVG 540661.7941176471)
[1, 4, 10, 23, 57, 132, 301, 701, 1654, 3892, 8948, 19846]...: 15136094: ACCEPTED IN 28 TRIES, (AVG 540574.7857142857)
[1, 4, 10, 23, 57, 132, 301, 701, 1654, 3892, 8948, 19858]...: 13514211: ACCEPTED IN 25 TRIES, (AVG 540568.44)
[1, 4, 10, 23, 57, 132, 301, 701, 1654, 3892, 8948, 19883]...: 8644367: ACCEPTED IN 16 TRIES, (AVG 540272.9375)
[1, 4, 10, 23, 57, 132, 301, 701, 1654, 3892, 8948, 19895]...: 4312997: ACCEPTED IN 8 TRIES, (AVG 539124.625)
[1, 4, 10, 23, 57, 132, 301, 701, 1654, 3892, 8948, 19920]...: 11348511: ACCEPTED IN 21 TRIES, (AVG 540405.2857142857)
[1, 4, 10, 23, 57, 132, 301, 701, 1654, 3892, 8948, 19932]...: 15137983: ACCEPTED IN 28 TRIES, (AVG 540642.25)
[1, 4, 10, 23, 57, 132, 301, 701, 1654, 3892, 8948, 19978]...: 9725554: ACCEPTED IN 18 TRIES, (AVG 540308.5555555555)
[1, 4, 10, 23, 57, 132, 301, 701, 1654, 3892, 8948, 20015]...: 15135136: ACCEPTED IN 28 TRIES, (AVG 540540.5714285715)
[1, 4, 10, 23, 57, 132, 301, 701, 1654, 3892, 8948, 20019]...: 12432093: ACCEPTED IN 23 TRIES, (AVG 540525.7826086957)
[1, 4, 10, 23, 57, 132, 301, 701, 1654, 3892, 8948, 20027]...: 9185043: ACCEPTED IN 17 TRIES, (AVG 540296.6470588235)
[1, 4, 10, 23, 57, 132, 301, 701, 1654, 3892, 8948, 20052]...: 27582579: ACCEPTED IN 51 TRIES, (AVG 540834.8823529412)
[1, 4, 10, 23, 57, 132, 301, 701, 1654, 3892, 8948, 20064]...: 12971549: ACCEPTED IN 24 TRIES, (AVG 540481.2083333334)
[1, 4, 10, 23, 57, 132, 301, 701, 1654, 3892, 8948, 20110]...: 16219775: ACCEPTED IN 30 TRIES, (AVG 540659.1666666666)
[1, 4, 10, 23, 57, 132, 301, 701, 1654, 3892, 8948, 20147]...: 35159049: ACCEPTED IN 65 TRIES, (AVG 540908.4461538461)
[1, 4, 10, 23, 57, 132, 301, 701, 1654, 3892, 8948, 20151]...: 15676490: ACCEPTED IN 29 TRIES, (AVG 540568.6206896552)
[1, 4, 10, 23, 57, 132, 301, 701, 1654, 3892, 8948, 20159]...: 12431545: ACCEPTED IN 23 TRIES, (AVG 540501.9565217391)
[1, 4, 10, 23, 57, 132, 301, 701, 1654, 3892, 8948, 20184]...: 27584149: ACCEPTED IN 51 TRIES, (AVG 540865.6666666666)
[1, 4, 10, 23, 57, 132, 301, 701, 1654, 3892, 8948, 20196]...: 9724688: ACCEPTED IN 18 TRIES, (AVG 540260.4444444445)
[1, 4, 10, 23, 57, 132, 301, 701, 1654, 3892, 8948, 20279]...: 5937484: ACCEPTED IN 11 TRIES, (AVG 539771.2727272727)
[1, 4, 10, 23, 57, 132, 301, 701, 1654, 3892, 8948, 20283]...: 11348494: ACCEPTED IN 21 TRIES, (AVG 540404.4761904762)
[1, 4, 10, 23, 57, 132, 301, 701, 1654, 3892, 8948, 20316]...: 6479452: ACCEPTED IN 12 TRIES, (AVG 539954.3333333334)
[1, 4, 10, 23, 57, 132, 301, 701, 1654, 3892, 8948, 20320]...: 12972925: ACCEPTED IN 24 TRIES, (AVG 540538.5416666666)
[1, 4, 10, 23, 57, 132, 301, 701, 1654, 3892, 8948, 20328]...: 11348983: ACCEPTED IN 21 TRIES, (AVG 540427.7619047619)
[1, 4, 10, 23, 57, 132, 301, 701, 1654, 3892, 8948, 20411]...: 15677987: ACCEPTED IN 29 TRIES, (AVG 540620.2413793104)
[1, 4, 10, 23, 57, 132, 301, 701, 1654, 3892, 8948, 20415]...: 8643938: ACCEPTED IN 16 TRIES, (AVG 540246.125)
[1, 4, 10, 23, 57, 132, 301, 701, 1654, 3892, 8948, 20448]...: 9725503: ACCEPTED IN 18 TRIES, (AVG 540305.7222222222)
[1, 4, 10, 23, 57, 132, 301, 701, 1654, 3892, 8948, 20452]...: 10805122: ACCEPTED IN 20 TRIES, (AVG 540256.1)
[1, 4, 10, 23, 57, 132, 301, 701, 1654, 3892, 8948, 20460]...: 15136436: ACCEPTED IN 28 TRIES, (AVG 540587.0)
[1, 4, 10, 23, 57, 132, 301, 701, 1654, 3892, 8948, 20547]...: 12432326: ACCEPTED IN 23 TRIES, (AVG 540535.9130434783)
[1, 4, 10, 23, 57, 132, 301, 701, 1654, 3892, 8948, 20580]...: 3232414: ACCEPTED IN 6 TRIES, (AVG 538735.6666666666)
[1, 4, 10, 23, 57, 132, 301, 701, 1654, 3892, 8948, 20584]...: 17841924: ACCEPTED IN 33 TRIES, (AVG 540664.3636363636)
[1, 4, 10, 23, 57, 132, 301, 701, 1654, 3892, 8948, 20621]...: 2689036: ACCEPTED IN 5 TRIES, (AVG 537807.2)
[1, 4, 10, 23, 57, 132, 301, 701, 1654, 3892, 8948, 20679]...: 16216825: ACCEPTED IN 30 TRIES, (AVG 540560.8333333334)
[1, 4, 10, 23, 57, 132, 301, 701, 1654, 3892, 8948, 20712]...: 12973327: ACCEPTED IN 24 TRIES, (AVG 540555.2916666666)
[1, 4, 10, 23, 57, 132, 301, 701, 1654, 3892, 8948, 20716]...: 11348320: ACCEPTED IN 21 TRIES, (AVG 540396.1904761905)
[1, 4, 10, 23, 57, 132, 301, 701, 1654, 3892, 8948, 20720]...: 10807653: ACCEPTED IN 20 TRIES, (AVG 540382.65)
[1, 4, 10, 23, 57, 132, 301, 701, 1654, 3892, 8948, 20753]...: 15135223: ACCEPTED IN 28 TRIES, (AVG 540543.6785714285)
[1, 4, 10, 23, 57, 132, 301, 701, 1654, 3892, 8948, 20811]...: 16220082: ACCEPTED IN 30 TRIES, (AVG 540669.4)
[1, 4, 10, 23, 57, 132, 301, 701, 1654, 3892, 8948, 20848]...: 10806491: ACCEPTED IN 20 TRIES, (AVG 540324.55)
[1, 4, 10, 23, 57, 132, 301, 701, 1654, 3892, 8948, 20852]...: 15677472: ACCEPTED IN 29 TRIES, (AVG 540602.4827586206)
[1, 4, 10, 23, 57, 132, 301, 701, 1654, 3892, 8948, 20885]...: 12430869: ACCEPTED IN 23 TRIES, (AVG 540472.5652173914)
[1, 4, 10, 23, 57, 132, 301, 701, 1654, 3892, 8948, 20972]...: 15136566: ACCEPTED IN 28 TRIES, (AVG 540591.6428571428)
[1, 4, 10, 23, 57, 132, 301, 701, 1654, 3892, 8948, 20980]...: 10267724: ACCEPTED IN 19 TRIES, (AVG 540406.5263157894)
[1, 4, 10, 23, 57, 132, 301, 701, 1654, 3892, 8948, 20984]...: 12430711: ACCEPTED IN 23 TRIES, (AVG 540465.695652174)
[1, 4, 10, 23, 57, 132, 301, 701, 1654, 3892, 8948, 21017]...: 9724967: ACCEPTED IN 18 TRIES, (AVG 540275.9444444445)
[1, 4, 10, 23, 57, 132, 301, 701, 1654, 3892, 8948, 21021]...: 3774029: ACCEPTED IN 7 TRIES, (AVG 539147.0)
[1, 4, 10, 23, 57, 132, 301, 701, 1654, 3892, 8948, 21104]...: 17843267: ACCEPTED IN 33 TRIES, (AVG 540705.0606060605)
[1, 4, 10, 23, 57, 132, 301, 701, 1654, 3892, 8948, 21112]...: 11349019: ACCEPTED IN 21 TRIES, (AVG 540429.4761904762)
[1, 4, 10, 23, 57, 132, 301, 701, 1654, 3892, 8948, 21116]...: 8102017: ACCEPTED IN 15 TRIES, (AVG 540134.4666666667)
[1, 4, 10, 23, 57, 132, 301, 701, 1654, 3892, 8948, 21149]...: 11890989: ACCEPTED IN 22 TRIES, (AVG 540499.5)
[1, 4, 10, 23, 57, 132, 301, 701, 1654, 3892, 8948, 21153]...: 4314685: ACCEPTED IN 8 TRIES, (AVG 539335.625)
[1, 4, 10, 23, 57, 132, 301, 701, 1654, 3892, 8948, 21236]...: 11889037: ACCEPTED IN 22 TRIES, (AVG 540410.7727272727)
[1, 4, 10, 23, 57, 132, 301, 701, 1654, 3892, 8948, 21248]...: 9724352: ACCEPTED IN 18 TRIES, (AVG 540241.7777777778)
[1, 4, 10, 23, 57, 132, 301, 701, 1654, 3892, 8948, 21273]...: 11349908: ACCEPTED IN 21 TRIES, (AVG 540471.8095238095)
[1, 4, 10, 23, 57, 132, 301, 701, 1654, 3892, 8948, 21281]...: 10807825: ACCEPTED IN 20 TRIES, (AVG 540391.25)
[1, 4, 10, 23, 57, 132, 301, 701, 1654, 3892, 8948, 21285]...: 5396904: ACCEPTED IN 10 TRIES, (AVG 539690.4)
[1, 4, 10, 23, 57, 132, 301, 701, 1654, 3892, 8948, 21322]...: 9184515: ACCEPTED IN 17 TRIES, (AVG 540265.5882352941)
[1, 4, 10, 23, 57, 132, 301, 701, 1654, 3892, 8948, 21368]...: 10806583: ACCEPTED IN 20 TRIES, (AVG 540329.15)
[1, 4, 10, 23, 57, 132, 301, 701, 1654, 3892, 8948, 21380]...: 12431672: ACCEPTED IN 23 TRIES, (AVG 540507.4782608695)
[1, 4, 10, 23, 57, 132, 301, 701, 1654, 3892, 8948, 21405]...: 4315094: ACCEPTED IN 8 TRIES, (AVG 539386.75)
[1, 4, 10, 23, 57, 132, 301, 701, 1654, 3892, 8948, 21413]...: 13514073: ACCEPTED IN 25 TRIES, (AVG 540562.92)
[1, 4, 10, 23, 57, 132, 301, 701, 1654, 3892, 8948, 21417]...: 11348260: ACCEPTED IN 21 TRIES, (AVG 540393.3333333334)
[1, 4, 10, 23, 57, 132, 301, 701, 1654, 3892, 8948, 21454]...: 3231809: ACCEPTED IN 6 TRIES, (AVG 538634.8333333334)
