[1, 4, 10, 23, 57, 132, 301, 701, 1654, 3768, 8342, 18898]...: 58969884: ACCEPTED IN 109 TRIES, (AVG 541008.1100917432)
[1, 4, 10, 23, 57, 132, 301, 701, 1654, 3768, 8342, 18935]...: 20549076: ACCEPTED IN 38 TRIES, (AVG 540765.1578947369)
[1, 4, 10, 23, 57, 132, 301, 701, 1654, 3768, 8342, 19067]...: 23794880: ACCEPTED IN 44 TRIES, (AVG 540792.7272727273)
[1, 4, 10, 23, 57, 132, 301, 701, 1654, 3768, 8342, 19199]...: 14596506: ACCEPTED IN 27 TRIES, (AVG 540611.3333333334)
[1, 4, 10, 23, 57, 132, 301, 701, 1654, 3768, 8342, 19203]...: 8102683: ACCEPTED IN 15 TRIES, (AVG 540178.8666666667)
[1, 4, 10, 23, 57, 132, 301, 701, 1654, 3768, 8342, 19335]...: 26501099: ACCEPTED IN 49 TRIES, (AVG 540838.7551020408)
[1, 4, 10, 23, 57, 132, 301, 701, 1654, 3768, 8342, 19467]...: 7560696: ACCEPTED IN 14 TRIES, (AVG 540049.7142857143)
[1, 4, 10, 23, 57, 132, 301, 701, 1654, 3768, 8342, 19504]...: 14596892: ACCEPTED IN 27 TRIES, (AVG 540625.6296296297)
[1, 4, 10, 23, 57, 132, 301, 701, 1654, 3768, 8342, 19599]...: 18924494: ACCEPTED IN 35 TRIES, (AVG 540699.8285714285)
[1, 4, 10, 23, 57, 132, 301, 701, 1654, 3768, 8342, 19636]...: 17842869: ACCEPTED IN 33 TRIES, (AVG 540693.0)
[1, 4, 10, 23, 57, 132, 301, 701, 1654, 3768, 8342, 19768]...: 17843112: ACCEPTED IN 33 TRIES, (AVG 540700.3636363636)
[1, 4, 10, 23, 57, 132, 301, 701, 1654, 3768, 8342, 19900]...: 17300400: ACCEPTED IN 32 TRIES, (AVG 540637.5)
