[1, 4, 10, 23, 57, 132, 301, 701, 1654, 3768, 8963, 19718]...: 9183638: ACCEPTED IN 17 TRIES, (AVG 540214.0)
[1, 4, 10, 23, 57, 132, 301, 701, 1654, 3768, 8963, 19722]...: 5937554: ACCEPTED IN 11 TRIES, (AVG 539777.6363636364)
[1, 4, 10, 23, 57, 132, 301, 701, 1654, 3768, 8963, 19726]...: 16219905: ACCEPTED IN 30 TRIES, (AVG 540663.5)
[1, 4, 10, 23, 57, 132, 301, 701, 1654, 3768, 8963, 19727]...: 3774005: ACCEPTED IN 7 TRIES, (AVG 539143.5714285715)
[1, 4, 10, 23, 57, 132, 301, 701, 1654, 3768, 8963, 19730]...: 11888861: ACCEPTED IN 22 TRIES, (AVG 540402.7727272727)
[1, 4, 10, 23, 57, 132, 301, 701, 1654, 3768, 8963, 19731]...: 15136275: ACCEPTED IN 28 TRIES, (AVG 540581.25)
[1, 4, 10, 23, 57, 132, 301, 701, 1654, 3768, 8963, 19734]...: 4856166: ACCEPTED IN 9 TRIES, (AVG 539574.0)
[1, 4, 10, 23, 57, 132, 301, 701, 1654, 3768, 8963, 19735]...: 7558948: ACCEPTED IN 14 TRIES, (AVG 539924.8571428572)
[1, 4, 10, 23, 57, 132, 301, 701, 1654, 3768, 8963, 19739]...: 11348220: ACCEPTED IN 21 TRIES, (AVG 540391.4285714285)
[1, 4, 10, 23, 57, 132, 301, 701, 1654, 3768, 8963, 19743]...: 14595298: ACCEPTED IN 27 TRIES, (AVG 540566.5925925926)
[1, 4, 10, 23, 57, 132, 301, 701, 1654, 3768, 8963, 19747]...: 45439322: ACCEPTED IN 84 TRIES, (AVG 540944.3095238095)
[1, 4, 10, 23, 57, 132, 301, 701, 1654, 3768, 8963, 19751]...: 9184431: ACCEPTED IN 17 TRIES, (AVG 540260.6470588235)
[1, 4, 10, 23, 57, 132, 301, 701, 1654, 3768, 8963, 19755]...: 14054974: ACCEPTED IN 26 TRIES, (AVG 540575.9230769231)
[1, 4, 10, 23, 57, 132, 301, 701, 1654, 3768, 8963, 19759]...: 8101309: ACCEPTED IN 15 TRIES, (AVG 540087.2666666667)
[1, 4, 10, 23, 57, 132, 301, 701, 1654, 3768, 8963, 19763]...: 6477861: ACCEPTED IN 12 TRIES, (AVG 539821.75)
[1, 4, 10, 23, 57, 132, 301, 701, 1654, 3768, 8963, 19764]...: 12972481: ACCEPTED IN 24 TRIES, (AVG 540520.0416666666)
[1, 4, 10, 23, 57, 132, 301, 701, 1654, 3768, 8963, 19767]...: 13513508: ACCEPTED IN 25 TRIES, (AVG 540540.32)
[1, 4, 10, 23, 57, 132, 301, 701, 1654, 3768, 8963, 19768]...: 23253486: ACCEPTED IN 43 TRIES, (AVG 540778.7441860465)
[1, 4, 10, 23, 57, 132, 301, 701, 1654, 3768, 8963, 19771]...: 6478446: ACCEPTED IN 12 TRIES, (AVG 539870.5)
[1, 4, 10, 23, 57, 132, 301, 701, 1654, 3768, 8963, 19772]...: 4855682: ACCEPTED IN 9 TRIES, (AVG 539520.2222222222)
[1, 4, 10, 23, 57, 132, 301, 701, 1654, 3768, 8963, 19776]...: 14596155: ACCEPTED IN 27 TRIES, (AVG 540598.3333333334)
[1, 4, 10, 23, 57, 132, 301, 701, 1654, 3768, 8963, 19780]...: 15678844: ACCEPTED IN 29 TRIES, (AVG 540649.7931034482)
[1, 4, 10, 23, 57, 132, 301, 701, 1654, 3768, 8963, 19784]...: 6479376: ACCEPTED IN 12 TRIES, (AVG 539948.0)
[1, 4, 10, 23, 57, 132, 301, 701, 1654, 3768, 8963, 19785]...: 8101565: ACCEPTED IN 15 TRIES, (AVG 540104.3333333334)
[1, 4, 10, 23, 57, 132, 301, 701, 1654, 3768, 8963, 19788]...: 15678459: ACCEPTED IN 29 TRIES, (AVG 540636.5172413794)
[1, 4, 10, 23, 57, 132, 301, 701, 1654, 3768, 8963, 19789]...: 13514551: ACCEPTED IN 25 TRIES, (AVG 540582.04)
[1, 4, 10, 23, 57, 132, 301, 701, 1654, 3768, 8963, 19792]...: 8643844: ACCEPTED IN 16 TRIES, (AVG 540240.25)
[1, 4, 10, 23, 57, 132, 301, 701, 1654, 3768, 8963, 19793]...: 5936700: ACCEPTED IN 11 TRIES, (AVG 539700.0)
[1, 4, 10, 23, 57, 132, 301, 701, 1654, 3768, 8963, 19797]...: 22713891: ACCEPTED IN 42 TRIES, (AVG 540806.9285714285)
[1, 4, 10, 23, 57, 132, 301, 701, 1654, 3768, 8963, 19801]...: 9183658: ACCEPTED IN 17 TRIES, (AVG 540215.1764705882)
[1, 4, 10, 23, 57, 132, 301, 701, 1654, 3768, 8963, 19804]...: 13514525: ACCEPTED IN 25 TRIES, (AVG 540581.0)
[1, 4, 10, 23, 57, 132, 301, 701, 1654, 3768, 8963, 19805]...: 20007685: ACCEPTED IN 37 TRIES, (AVG 540748.2432432432)
[1, 4, 10, 23, 57, 132, 301, 701, 1654, 3768, 8963, 19809]...: 7020803: ACCEPTED IN 13 TRIES, (AVG 540061.7692307692)
[1, 4, 10, 23, 57, 132, 301, 701, 1654, 3768, 8963, 19813]...: 17300385: ACCEPTED IN 32 TRIES, (AVG 540637.03125)
[1, 4, 10, 23, 57, 132, 301, 701, 1654, 3768, 8963, 19817]...: 14054220: ACCEPTED IN 26 TRIES, (AVG 540546.9230769231)
[1, 4, 10, 23, 57, 132, 301, 701, 1654, 3768, 8963, 19821]...: 10808905: ACCEPTED IN 20 TRIES, (AVG 540445.25)
[1, 4, 10, 23, 57, 132, 301, 701, 1654, 3768, 8963, 19822]...: 8099933: ACCEPTED IN 15 TRIES, (AVG 539995.5333333333)
[1, 4, 10, 23, 57, 132, 301, 701, 1654, 3768, 8963, 19825]...: 9184434: ACCEPTED IN 17 TRIES, (AVG 540260.8235294118)
[1, 4, 10, 23, 57, 132, 301, 701, 1654, 3768, 8963, 19826]...: 7562108: ACCEPTED IN 14 TRIES, (AVG 540150.5714285715)
[1, 4, 10, 23, 57, 132, 301, 701, 1654, 3768, 8963, 19830]...: 9183759: ACCEPTED IN 17 TRIES, (AVG 540221.1176470588)
[1, 4, 10, 23, 57, 132, 301, 701, 1654, 3768, 8963, 19834]...: 15678573: ACCEPTED IN 29 TRIES, (AVG 540640.448275862)
[1, 4, 10, 23, 57, 132, 301, 701, 1654, 3768, 8963, 19838]...: 9726434: ACCEPTED IN 18 TRIES, (AVG 540357.4444444445)
[1, 4, 10, 23, 57, 132, 301, 701, 1654, 3768, 8963, 19842]...: 5397083: ACCEPTED IN 10 TRIES, (AVG 539708.3)
[1, 4, 10, 23, 57, 132, 301, 701, 1654, 3768, 8963, 19846]...: 4315114: ACCEPTED IN 8 TRIES, (AVG 539389.25)
[1, 4, 10, 23, 57, 132, 301, 701, 1654, 3768, 8963, 19850]...: 11889626: ACCEPTED IN 22 TRIES, (AVG 540437.5454545454)
[1, 4, 10, 23, 57, 132, 301, 701, 1654, 3768, 8963, 19854]...: 30828920: ACCEPTED IN 57 TRIES, (AVG 540858.245614035)
[1, 4, 10, 23, 57, 132, 301, 701, 1654, 3768, 8963, 19858]...: 9182781: ACCEPTED IN 17 TRIES, (AVG 540163.5882352941)
[1, 4, 10, 23, 57, 132, 301, 701, 1654, 3768, 8963, 19859]...: 8102625: ACCEPTED IN 15 TRIES, (AVG 540175.0)
[1, 4, 10, 23, 57, 132, 301, 701, 1654, 3768, 8963, 19862]...: 14055597: ACCEPTED IN 26 TRIES, (AVG 540599.8846153846)
[1, 4, 10, 23, 57, 132, 301, 701, 1654, 3768, 8963, 19863]...: 16759324: ACCEPTED IN 31 TRIES, (AVG 540623.3548387097)
[1, 4, 10, 23, 57, 132, 301, 701, 1654, 3768, 8963, 19867]...: 5396971: ACCEPTED IN 10 TRIES, (AVG 539697.1)
[1, 4, 10, 23, 57, 132, 301, 701, 1654, 3768, 8963, 19871]...: 12431812: ACCEPTED IN 23 TRIES, (AVG 540513.5652173914)
[1, 4, 10, 23, 57, 132, 301, 701, 1654, 3768, 8963, 19875]...: 12972835: ACCEPTED IN 24 TRIES, (AVG 540534.7916666666)
[1, 4, 10, 23, 57, 132, 301, 701, 1654, 3768, 8963, 19879]...: 5937887: ACCEPTED IN 11 TRIES, (AVG 539807.9090909091)
[1, 4, 10, 23, 57, 132, 301, 701, 1654, 3768, 8963, 19883]...: 8100657: ACCEPTED IN 15 TRIES, (AVG 540043.8)
[1, 4, 10, 23, 57, 132, 301, 701, 1654, 3768, 8963, 19887]...: 8102089: ACCEPTED IN 15 TRIES, (AVG 540139.2666666667)
[1, 4, 10, 23, 57, 132, 301, 701, 1654, 3768, 8963, 19891]...: 8100194: ACCEPTED IN 15 TRIES, (AVG 540012.9333333333)
[1, 4, 10, 23, 57, 132, 301, 701, 1654, 3768, 8963, 19895]...: 10807965: ACCEPTED IN 20 TRIES, (AVG 540398.25)
[1, 4, 10, 23, 57, 132, 301, 701, 1654, 3768, 8963, 19896]...: 10808160: ACCEPTED IN 20 TRIES, (AVG 540408.0)
[1, 4, 10, 23, 57, 132, 301, 701, 1654, 3768, 8963, 19899]...: 7560745: ACCEPTED IN 14 TRIES, (AVG 540053.2142857143)
[1, 4, 10, 23, 57, 132, 301, 701, 1654, 3768, 8963, 19900]...: 12972940: ACCEPTED IN 24 TRIES, (AVG 540539.1666666666)
[1, 4, 10, 23, 57, 132, 301, 701, 1654, 3768, 8963, 19903]...: 3772680: ACCEPTED IN 7 TRIES, (AVG 538954.2857142857)
[1, 4, 10, 23, 57, 132, 301, 701, 1654, 3768, 8963, 19904]...: 14595108: ACCEPTED IN 27 TRIES, (AVG 540559.5555555555)
[1, 4, 10, 23, 57, 132, 301, 701, 1654, 3768, 8963, 19908]...: 7019722: ACCEPTED IN 13 TRIES, (AVG 539978.6153846154)
[1, 4, 10, 23, 57, 132, 301, 701, 1654, 3768, 8963, 19912]...: 7561369: ACCEPTED IN 14 TRIES, (AVG 540097.7857142857)
[1, 4, 10, 23, 57, 132, 301, 701, 1654, 3768, 8963, 19916]...: 7020506: ACCEPTED IN 13 TRIES, (AVG 540038.9230769231)
[1, 4, 10, 23, 57, 132, 301, 701, 1654, 3768, 8963, 19917]...: 5397081: ACCEPTED IN 10 TRIES, (AVG 539708.1)
[1, 4, 10, 23, 57, 132, 301, 701, 1654, 3768, 8963, 19920]...: 9724191: ACCEPTED IN 18 TRIES, (AVG 540232.8333333334)
[1, 4, 10, 23, 57, 132, 301, 701, 1654, 3768, 8963, 19924]...: 16761383: ACCEPTED IN 31 TRIES, (AVG 540689.7741935484)
[1, 4, 10, 23, 57, 132, 301, 701, 1654, 3768, 8963, 19925]...: 7019344: ACCEPTED IN 13 TRIES, (AVG 539949.5384615385)
[1, 4, 10, 23, 57, 132, 301, 701, 1654, 3768, 8963, 19933]...: 7561743: ACCEPTED IN 14 TRIES, (AVG 540124.5)
[1, 4, 10, 23, 57, 132, 301, 701, 1654, 3768, 8963, 19936]...: 9726573: ACCEPTED IN 18 TRIES, (AVG 540365.1666666666)
[1, 4, 10, 23, 57, 132, 301, 701, 1654, 3768, 8963, 19937]...: 7020087: ACCEPTED IN 13 TRIES, (AVG 540006.6923076923)
[1, 4, 10, 23, 57, 132, 301, 701, 1654, 3768, 8963, 19941]...: 8643891: ACCEPTED IN 16 TRIES, (AVG 540243.1875)
[1, 4, 10, 23, 57, 132, 301, 701, 1654, 3768, 8963, 19945]...: 2691464: ACCEPTED IN 5 TRIES, (AVG 538292.8)
[1, 4, 10, 23, 57, 132, 301, 701, 1654, 3768, 8963, 19949]...: 8101153: ACCEPTED IN 15 TRIES, (AVG 540076.8666666667)
[1, 4, 10, 23, 57, 132, 301, 701, 1654, 3768, 8963, 19953]...: 11889973: ACCEPTED IN 22 TRIES, (AVG 540453.3181818182)
[1, 4, 10, 23, 57, 132, 301, 701, 1654, 3768, 8963, 19954]...: 8101480: ACCEPTED IN 15 TRIES, (AVG 540098.6666666666)
[1, 4, 10, 23, 57, 132, 301, 701, 1654, 3768, 8963, 19957]...: 6479040: ACCEPTED IN 12 TRIES, (AVG 539920.0)
[1, 4, 10, 23, 57, 132, 301, 701, 1654, 3768, 8963, 19958]...: 4854270: ACCEPTED IN 9 TRIES, (AVG 539363.3333333334)
[1, 4, 10, 23, 57, 132, 301, 701, 1654, 3768, 8963, 19962]...: 11890914: ACCEPTED IN 22 TRIES, (AVG 540496.0909090909)
[1, 4, 10, 23, 57, 132, 301, 701, 1654, 3768, 8963, 19966]...: 15678836: ACCEPTED IN 29 TRIES, (AVG 540649.5172413794)
[1, 4, 10, 23, 57, 132, 301, 701, 1654, 3768, 8963, 19970]...: 4315259: ACCEPTED IN 8 TRIES, (AVG 539407.375)
[1, 4, 10, 23, 57, 132, 301, 701, 1654, 3768, 8963, 19974]...: 6478776: ACCEPTED IN 12 TRIES, (AVG 539898.0)
[1, 4, 10, 23, 57, 132, 301, 701, 1654, 3768, 8963, 19978]...: 11888270: ACCEPTED IN 22 TRIES, (AVG 540375.9090909091)
[1, 4, 10, 23, 57, 132, 301, 701, 1654, 3768, 8963, 19982]...: 11889354: ACCEPTED IN 22 TRIES, (AVG 540425.1818181818)
[1, 4, 10, 23, 57, 132, 301, 701, 1654, 3768, 8963, 19986]...: 9726632: ACCEPTED IN 18 TRIES, (AVG 540368.4444444445)
[1, 4, 10, 23, 57, 132, 301, 701, 1654, 3768, 8963, 19990]...: 11890146: ACCEPTED IN 22 TRIES, (AVG 540461.1818181818)
[1, 4, 10, 23, 57, 132, 301, 701, 1654, 3768, 8963, 19991]...: 8101894: ACCEPTED IN 15 TRIES, (AVG 540126.2666666667)
[1, 4, 10, 23, 57, 132, 301, 701, 1654, 3768, 8963, 19994]...: 6478495: ACCEPTED IN 12 TRIES, (AVG 539874.5833333334)
[1, 4, 10, 23, 57, 132, 301, 701, 1654, 3768, 8963, 19995]...: 9183640: ACCEPTED IN 17 TRIES, (AVG 540214.1176470588)
[1, 4, 10, 23, 57, 132, 301, 701, 1654, 3768, 8963, 19999]...: 10808855: ACCEPTED IN 20 TRIES, (AVG 540442.75)
[1, 4, 10, 23, 57, 132, 301, 701, 1654, 3768, 8963, 20003]...: 5397348: ACCEPTED IN 10 TRIES, (AVG 539734.8)
[1, 4, 10, 23, 57, 132, 301, 701, 1654, 3768, 8963, 20007]...: 7020468: ACCEPTED IN 13 TRIES, (AVG 540036.0)
[1, 4, 10, 23, 57, 132, 301, 701, 1654, 3768, 8963, 20011]...: 10808872: ACCEPTED IN 20 TRIES, (AVG 540443.6)
[1, 4, 10, 23, 57, 132, 301, 701, 1654, 3768, 8963, 20015]...: 11888750: ACCEPTED IN 22 TRIES, (AVG 540397.7272727273)
[1, 4, 10, 23, 57, 132, 301, 701, 1654, 3768, 8963, 20019]...: 9725321: ACCEPTED IN 18 TRIES, (AVG 540295.6111111111)
[1, 4, 10, 23, 57, 132, 301, 701, 1654, 3768, 8963, 20023]...: 9185287: ACCEPTED IN 17 TRIES, (AVG 540311.0)
[1, 4, 10, 23, 57, 132, 301, 701, 1654, 3768, 8963, 20027]...: 8102398: ACCEPTED IN 15 TRIES, (AVG 540159.8666666667)
[1, 4, 10, 23, 57, 132, 301, 701, 1654, 3768, 8963, 20028]...: 7019332: ACCEPTED IN 13 TRIES, (AVG 539948.6153846154)
[1, 4, 10, 23, 57, 132, 301, 701, 1654, 3768, 8963, 20031]...: 5396140: ACCEPTED IN 10 TRIES, (AVG 539614.0)
[1, 4, 10, 23, 57, 132, 301, 701, 1654, 3768, 8963, 20032]...: 13512415: ACCEPTED IN 25 TRIES, (AVG 540496.6)
[1, 4, 10, 23, 57, 132, 301, 701, 1654, 3768, 8963, 20035]...: 11889422: ACCEPTED IN 22 TRIES, (AVG 540428.2727272727)
[1, 4, 10, 23, 57, 132, 301, 701, 1654, 3768, 8963, 20036]...: 7019505: ACCEPTED IN 13 TRIES, (AVG 539961.9230769231)
[1, 4, 10, 23, 57, 132, 301, 701, 1654, 3768, 8963, 20044]...: 7561289: ACCEPTED IN 14 TRIES, (AVG 540092.0714285715)
[1, 4, 10, 23, 57, 132, 301, 701, 1654, 3768, 8963, 20048]...: 13513313: ACCEPTED IN 25 TRIES, (AVG 540532.52)
[1, 4, 10, 23, 57, 132, 301, 701, 1654, 3768, 8963, 20049]...: 8103260: ACCEPTED IN 15 TRIES, (AVG 540217.3333333334)
[1, 4, 10, 23, 57, 132, 301, 701, 1654, 3768, 8963, 20052]...: 11349071: ACCEPTED IN 21 TRIES, (AVG 540431.9523809524)
[1, 4, 10, 23, 57, 132, 301, 701, 1654, 3768, 8963, 20056]...: 4854831: ACCEPTED IN 9 TRIES, (AVG 539425.6666666666)
[1, 4, 10, 23, 57, 132, 301, 701, 1654, 3768, 8963, 20057]...: 17300377: ACCEPTED IN 32 TRIES, (AVG 540636.78125)
[1, 4, 10, 23, 57, 132, 301, 701, 1654, 3768, 8963, 20064]...: 14596368: ACCEPTED IN 27 TRIES, (AVG 540606.2222222222)
[1, 4, 10, 23, 57, 132, 301, 701, 1654, 3768, 8963, 20065]...: 6478789: ACCEPTED IN 12 TRIES, (AVG 539899.0833333334)
[1, 4, 10, 23, 57, 132, 301, 701, 1654, 3768, 8963, 20068]...: 11890385: ACCEPTED IN 22 TRIES, (AVG 540472.0454545454)
[1, 4, 10, 23, 57, 132, 301, 701, 1654, 3768, 8963, 20069]...: 15136254: ACCEPTED IN 28 TRIES, (AVG 540580.5)
[1, 4, 10, 23, 57, 132, 301, 701, 1654, 3768, 8963, 20072]...: 6479172: ACCEPTED IN 12 TRIES, (AVG 539931.0)
[1, 4, 10, 23, 57, 132, 301, 701, 1654, 3768, 8963, 20073]...: 7020834: ACCEPTED IN 13 TRIES, (AVG 540064.1538461539)
[1, 4, 10, 23, 57, 132, 301, 701, 1654, 3768, 8963, 20077]...: 8643455: ACCEPTED IN 16 TRIES, (AVG 540215.9375)
[1, 4, 10, 23, 57, 132, 301, 701, 1654, 3768, 8963, 20081]...: 5937828: ACCEPTED IN 11 TRIES, (AVG 539802.5454545454)
[1, 4, 10, 23, 57, 132, 301, 701, 1654, 3768, 8963, 20085]...: 8643736: ACCEPTED IN 16 TRIES, (AVG 540233.5)
[1, 4, 10, 23, 57, 132, 301, 701, 1654, 3768, 8963, 20086]...: 8103126: ACCEPTED IN 15 TRIES, (AVG 540208.4)
[1, 4, 10, 23, 57, 132, 301, 701, 1654, 3768, 8963, 20089]...: 14595803: ACCEPTED IN 27 TRIES, (AVG 540585.2962962963)
[1, 4, 10, 23, 57, 132, 301, 701, 1654, 3768, 8963, 20090]...: 6478486: ACCEPTED IN 12 TRIES, (AVG 539873.8333333334)
[1, 4, 10, 23, 57, 132, 301, 701, 1654, 3768, 8963, 20094]...: 5396430: ACCEPTED IN 10 TRIES, (AVG 539643.0)
[1, 4, 10, 23, 57, 132, 301, 701, 1654, 3768, 8963, 20098]...: 6479429: ACCEPTED IN 12 TRIES, (AVG 539952.4166666666)
[1, 4, 10, 23, 57, 132, 301, 701, 1654, 3768, 8963, 20102]...: 8100323: ACCEPTED IN 15 TRIES, (AVG 540021.5333333333)
[1, 4, 10, 23, 57, 132, 301, 701, 1654, 3768, 8963, 20106]...: 9185012: ACCEPTED IN 17 TRIES, (AVG 540294.8235294118)
[1, 4, 10, 23, 57, 132, 301, 701, 1654, 3768, 8963, 20110]...: 7018792: ACCEPTED IN 13 TRIES, (AVG 539907.0769230769)
[1, 4, 10, 23, 57, 132, 301, 701, 1654, 3768, 8963, 20114]...: 17843449: ACCEPTED IN 33 TRIES, (AVG 540710.5757575758)
[1, 4, 10, 23, 57, 132, 301, 701, 1654, 3768, 8963, 20118]...: 8103006: ACCEPTED IN 15 TRIES, (AVG 540200.4)
[1, 4, 10, 23, 57, 132, 301, 701, 1654, 3768, 8963, 20122]...: 7560508: ACCEPTED IN 14 TRIES, (AVG 540036.2857142857)
[1, 4, 10, 23, 57, 132, 301, 701, 1654, 3768, 8963, 20123]...: 4314726: ACCEPTED IN 8 TRIES, (AVG 539340.75)
[1, 4, 10, 23, 57, 132, 301, 701, 1654, 3768, 8963, 20126]...: 5937940: ACCEPTED IN 11 TRIES, (AVG 539812.7272727273)
[1, 4, 10, 23, 57, 132, 301, 701, 1654, 3768, 8963, 20127]...: 11890963: ACCEPTED IN 22 TRIES, (AVG 540498.3181818182)
[1, 4, 10, 23, 57, 132, 301, 701, 1654, 3768, 8963, 20131]...: 6479121: ACCEPTED IN 12 TRIES, (AVG 539926.75)
[1, 4, 10, 23, 57, 132, 301, 701, 1654, 3768, 8963, 20135]...: 7019262: ACCEPTED IN 13 TRIES, (AVG 539943.2307692308)
[1, 4, 10, 23, 57, 132, 301, 701, 1654, 3768, 8963, 20139]...: 20005983: ACCEPTED IN 37 TRIES, (AVG 540702.2432432432)
[1, 4, 10, 23, 57, 132, 301, 701, 1654, 3768, 8963, 20143]...: 25418301: ACCEPTED IN 47 TRIES, (AVG 540814.914893617)
[1, 4, 10, 23, 57, 132, 301, 701, 1654, 3768, 8963, 20147]...: 9724958: ACCEPTED IN 18 TRIES, (AVG 540275.4444444445)
[1, 4, 10, 23, 57, 132, 301, 701, 1654, 3768, 8963, 20151]...: 8103217: ACCEPTED IN 15 TRIES, (AVG 540214.4666666667)
[1, 4, 10, 23, 57, 132, 301, 701, 1654, 3768, 8963, 20155]...: 8099808: ACCEPTED IN 15 TRIES, (AVG 539987.2)
[1, 4, 10, 23, 57, 132, 301, 701, 1654, 3768, 8963, 20159]...: 4854624: ACCEPTED IN 9 TRIES, (AVG 539402.6666666666)
[1, 4, 10, 23, 57, 132, 301, 701, 1654, 3768, 8963, 20160]...: 3232847: ACCEPTED IN 6 TRIES, (AVG 538807.8333333334)
[1, 4, 10, 23, 57, 132, 301, 701, 1654, 3768, 8963, 20163]...: 8103180: ACCEPTED IN 15 TRIES, (AVG 540212.0)
[1, 4, 10, 23, 57, 132, 301, 701, 1654, 3768, 8963, 20164]...: 6477387: ACCEPTED IN 12 TRIES, (AVG 539782.25)
[1, 4, 10, 23, 57, 132, 301, 701, 1654, 3768, 8963, 20168]...: 7561603: ACCEPTED IN 14 TRIES, (AVG 540114.5)
[1, 4, 10, 23, 57, 132, 301, 701, 1654, 3768, 8963, 20172]...: 9184281: ACCEPTED IN 17 TRIES, (AVG 540251.8235294118)
[1, 4, 10, 23, 57, 132, 301, 701, 1654, 3768, 8963, 20176]...: 5937184: ACCEPTED IN 11 TRIES, (AVG 539744.0)
[1, 4, 10, 23, 57, 132, 301, 701, 1654, 3768, 8963, 20177]...: 5394502: ACCEPTED IN 10 TRIES, (AVG 539450.2)
[1, 4, 10, 23, 57, 132, 301, 701, 1654, 3768, 8963, 20180]...: 9181788: ACCEPTED IN 17 TRIES, (AVG 540105.1764705882)
[1, 4, 10, 23, 57, 132, 301, 701, 1654, 3768, 8963, 20184]...: 11349907: ACCEPTED IN 21 TRIES, (AVG 540471.7619047619)
[1, 4, 10, 23, 57, 132, 301, 701, 1654, 3768, 8963, 20188]...: 11349069: ACCEPTED IN 21 TRIES, (AVG 540431.8571428572)
[1, 4, 10, 23, 57, 132, 301, 701, 1654, 3768, 8963, 20189]...: 6477750: ACCEPTED IN 12 TRIES, (AVG 539812.5)
[1, 4, 10, 23, 57, 132, 301, 701, 1654, 3768, 8963, 20196]...: 5938647: ACCEPTED IN 11 TRIES, (AVG 539877.0)
[1, 4, 10, 23, 57, 132, 301, 701, 1654, 3768, 8963, 20197]...: 9183393: ACCEPTED IN 17 TRIES, (AVG 540199.5882352941)
[1, 4, 10, 23, 57, 132, 301, 701, 1654, 3768, 8963, 20200]...: 4314910: ACCEPTED IN 8 TRIES, (AVG 539363.75)
[1, 4, 10, 23, 57, 132, 301, 701, 1654, 3768, 8963, 20201]...: 5936902: ACCEPTED IN 11 TRIES, (AVG 539718.3636363636)
[1, 4, 10, 23, 57, 132, 301, 701, 1654, 3768, 8963, 20204]...: 9183113: ACCEPTED IN 17 TRIES, (AVG 540183.1176470588)
[1, 4, 10, 23, 57, 132, 301, 701, 1654, 3768, 8963, 20205]...: 36240789: ACCEPTED IN 67 TRIES, (AVG 540907.2985074627)
[1, 4, 10, 23, 57, 132, 301, 701, 1654, 3768, 8963, 20209]...: 9183543: ACCEPTED IN 17 TRIES, (AVG 540208.4117647059)
[1, 4, 10, 23, 57, 132, 301, 701, 1654, 3768, 8963, 20213]...: 14053091: ACCEPTED IN 26 TRIES, (AVG 540503.5)
[1, 4, 10, 23, 57, 132, 301, 701, 1654, 3768, 8963, 20217]...: 13514097: ACCEPTED IN 25 TRIES, (AVG 540563.88)
[1, 4, 10, 23, 57, 132, 301, 701, 1654, 3768, 8963, 20218]...: 15677082: ACCEPTED IN 29 TRIES, (AVG 540589.0344827586)
[1, 4, 10, 23, 57, 132, 301, 701, 1654, 3768, 8963, 20221]...: 10808597: ACCEPTED IN 20 TRIES, (AVG 540429.85)
[1, 4, 10, 23, 57, 132, 301, 701, 1654, 3768, 8963, 20222]...: 7561944: ACCEPTED IN 14 TRIES, (AVG 540138.8571428572)
[1, 4, 10, 23, 57, 132, 301, 701, 1654, 3768, 8963, 20226]...: 8101194: ACCEPTED IN 15 TRIES, (AVG 540079.6)
[1, 4, 10, 23, 57, 132, 301, 701, 1654, 3768, 8963, 20230]...: 9182380: ACCEPTED IN 17 TRIES, (AVG 540140.0)
[1, 4, 10, 23, 57, 132, 301, 701, 1654, 3768, 8963, 20234]...: 8102778: ACCEPTED IN 15 TRIES, (AVG 540185.2)
[1, 4, 10, 23, 57, 132, 301, 701, 1654, 3768, 8963, 20238]...: 12432202: ACCEPTED IN 23 TRIES, (AVG 540530.5217391305)
[1, 4, 10, 23, 57, 132, 301, 701, 1654, 3768, 8963, 20242]...: 8102702: ACCEPTED IN 15 TRIES, (AVG 540180.1333333333)
[1, 4, 10, 23, 57, 132, 301, 701, 1654, 3768, 8963, 20246]...: 14596037: ACCEPTED IN 27 TRIES, (AVG 540593.9629629629)
[1, 4, 10, 23, 57, 132, 301, 701, 1654, 3768, 8963, 20250]...: 9725928: ACCEPTED IN 18 TRIES, (AVG 540329.3333333334)
[1, 4, 10, 23, 57, 132, 301, 701, 1654, 3768, 8963, 20254]...: 9725890: ACCEPTED IN 18 TRIES, (AVG 540327.2222222222)
[1, 4, 10, 23, 57, 132, 301, 701, 1654, 3768, 8963, 20255]...: 5394646: ACCEPTED IN 10 TRIES, (AVG 539464.6)
[1, 4, 10, 23, 57, 132, 301, 701, 1654, 3768, 8963, 20258]...: 9183502: ACCEPTED IN 17 TRIES, (AVG 540206.0)
[1, 4, 10, 23, 57, 132, 301, 701, 1654, 3768, 8963, 20259]...: 9185382: ACCEPTED IN 17 TRIES, (AVG 540316.5882352941)
[1, 4, 10, 23, 57, 132, 301, 701, 1654, 3768, 8963, 20263]...: 6479280: ACCEPTED IN 12 TRIES, (AVG 539940.0)
[1, 4, 10, 23, 57, 132, 301, 701, 1654, 3768, 8963, 20271]...: 8102354: ACCEPTED IN 15 TRIES, (AVG 540156.9333333333)
[1, 4, 10, 23, 57, 132, 301, 701, 1654, 3768, 8963, 20275]...: 5937126: ACCEPTED IN 11 TRIES, (AVG 539738.7272727273)
[1, 4, 10, 23, 57, 132, 301, 701, 1654, 3768, 8963, 20279]...: 9725339: ACCEPTED IN 18 TRIES, (AVG 540296.6111111111)
[1, 4, 10, 23, 57, 132, 301, 701, 1654, 3768, 8963, 20283]...: 9184567: ACCEPTED IN 17 TRIES, (AVG 540268.6470588235)
[1, 4, 10, 23, 57, 132, 301, 701, 1654, 3768, 8963, 20287]...: 6477390: ACCEPTED IN 12 TRIES, (AVG 539782.5)
[1, 4, 10, 23, 57, 132, 301, 701, 1654, 3768, 8963, 20291]...: 8102003: ACCEPTED IN 15 TRIES, (AVG 540133.5333333333)
[1, 4, 10, 23, 57, 132, 301, 701, 1654, 3768, 8963, 20292]...: 15137827: ACCEPTED IN 28 TRIES, (AVG 540636.6785714285)
[1, 4, 10, 23, 57, 132, 301, 701, 1654, 3768, 8963, 20295]...: 8102593: ACCEPTED IN 15 TRIES, (AVG 540172.8666666667)
[1, 4, 10, 23, 57, 132, 301, 701, 1654, 3768, 8963, 20296]...: 4856398: ACCEPTED IN 9 TRIES, (AVG 539599.7777777778)
[1, 4, 10, 23, 57, 132, 301, 701, 1654, 3768, 8963, 20300]...: 11349960: ACCEPTED IN 21 TRIES, (AVG 540474.2857142857)
[1, 4, 10, 23, 57, 132, 301, 701, 1654, 3768, 8963, 20304]...: 9182987: ACCEPTED IN 17 TRIES, (AVG 540175.7058823529)
[1, 4, 10, 23, 57, 132, 301, 701, 1654, 3768, 8963, 20308]...: 11888864: ACCEPTED IN 22 TRIES, (AVG 540402.9090909091)
[1, 4, 10, 23, 57, 132, 301, 701, 1654, 3768, 8963, 20309]...: 9725915: ACCEPTED IN 18 TRIES, (AVG 540328.6111111111)
[1, 4, 10, 23, 57, 132, 301, 701, 1654, 3768, 8963, 20312]...: 8100996: ACCEPTED IN 15 TRIES, (AVG 540066.4)
[1, 4, 10, 23, 57, 132, 301, 701, 1654, 3768, 8963, 20316]...: 13513873: ACCEPTED IN 25 TRIES, (AVG 540554.92)
[1, 4, 10, 23, 57, 132, 301, 701, 1654, 3768, 8963, 20320]...: 7020153: ACCEPTED IN 13 TRIES, (AVG 540011.7692307692)
[1, 4, 10, 23, 57, 132, 301, 701, 1654, 3768, 8963, 20324]...: 7562068: ACCEPTED IN 14 TRIES, (AVG 540147.7142857143)
[1, 4, 10, 23, 57, 132, 301, 701, 1654, 3768, 8963, 20328]...: 5937629: ACCEPTED IN 11 TRIES, (AVG 539784.4545454546)
[1, 4, 10, 23, 57, 132, 301, 701, 1654, 3768, 8963, 20329]...: 8102778: ACCEPTED IN 15 TRIES, (AVG 540185.2)
[1, 4, 10, 23, 57, 132, 301, 701, 1654, 3768, 8963, 20332]...: 8102747: ACCEPTED IN 15 TRIES, (AVG 540183.1333333333)
[1, 4, 10, 23, 57, 132, 301, 701, 1654, 3768, 8963, 20333]...: 8103225: ACCEPTED IN 15 TRIES, (AVG 540215.0)
[1, 4, 10, 23, 57, 132, 301, 701, 1654, 3768, 8963, 20336]...: 7562007: ACCEPTED IN 14 TRIES, (AVG 540143.3571428572)
[1, 4, 10, 23, 57, 132, 301, 701, 1654, 3768, 8963, 20337]...: 7020964: ACCEPTED IN 13 TRIES, (AVG 540074.1538461539)
[1, 4, 10, 23, 57, 132, 301, 701, 1654, 3768, 8963, 20341]...: 4314947: ACCEPTED IN 8 TRIES, (AVG 539368.375)
[1, 4, 10, 23, 57, 132, 301, 701, 1654, 3768, 8963, 20345]...: 7020838: ACCEPTED IN 13 TRIES, (AVG 540064.4615384615)
[1, 4, 10, 23, 57, 132, 301, 701, 1654, 3768, 8963, 20349]...: 5938399: ACCEPTED IN 11 TRIES, (AVG 539854.4545454546)
[1, 4, 10, 23, 57, 132, 301, 701, 1654, 3768, 8963, 20350]...: 6479766: ACCEPTED IN 12 TRIES, (AVG 539980.5)
[1, 4, 10, 23, 57, 132, 301, 701, 1654, 3768, 8963, 20353]...: 9185107: ACCEPTED IN 17 TRIES, (AVG 540300.4117647059)
[1, 4, 10, 23, 57, 132, 301, 701, 1654, 3768, 8963, 20354]...: 4855625: ACCEPTED IN 9 TRIES, (AVG 539513.8888888889)
[1, 4, 10, 23, 57, 132, 301, 701, 1654, 3768, 8963, 20358]...: 5938663: ACCEPTED IN 11 TRIES, (AVG 539878.4545454546)
[1, 4, 10, 23, 57, 132, 301, 701, 1654, 3768, 8963, 20362]...: 8102338: ACCEPTED IN 15 TRIES, (AVG 540155.8666666667)
[1, 4, 10, 23, 57, 132, 301, 701, 1654, 3768, 8963, 20366]...: 7561537: ACCEPTED IN 14 TRIES, (AVG 540109.7857142857)
[1, 4, 10, 23, 57, 132, 301, 701, 1654, 3768, 8963, 20370]...: 8101945: ACCEPTED IN 15 TRIES, (AVG 540129.6666666666)
[1, 4, 10, 23, 57, 132, 301, 701, 1654, 3768, 8963, 20373]...: 4855698: ACCEPTED IN 9 TRIES, (AVG 539522.0)
[1, 4, 10, 23, 57, 132, 301, 701, 1654, 3768, 8963, 20374]...: 9184871: ACCEPTED IN 17 TRIES, (AVG 540286.5294117647)
[1, 4, 10, 23, 57, 132, 301, 701, 1654, 3768, 8963, 20378]...: 4855912: ACCEPTED IN 9 TRIES, (AVG 539545.7777777778)
[1, 4, 10, 23, 57, 132, 301, 701, 1654, 3768, 8963, 20382]...: 9184409: ACCEPTED IN 17 TRIES, (AVG 540259.3529411765)
[1, 4, 10, 23, 57, 132, 301, 701, 1654, 3768, 8963, 20386]...: 8101459: ACCEPTED IN 15 TRIES, (AVG 540097.2666666667)
[1, 4, 10, 23, 57, 132, 301, 701, 1654, 3768, 8963, 20387]...: 7019734: ACCEPTED IN 13 TRIES, (AVG 539979.5384615385)
[1, 4, 10, 23, 57, 132, 301, 701, 1654, 3768, 8963, 20390]...: 4856308: ACCEPTED IN 9 TRIES, (AVG 539589.7777777778)
[1, 4, 10, 23, 57, 132, 301, 701, 1654, 3768, 8963, 20391]...: 9185320: ACCEPTED IN 17 TRIES, (AVG 540312.9411764706)
[1, 4, 10, 23, 57, 132, 301, 701, 1654, 3768, 8963, 20395]...: 8102742: ACCEPTED IN 15 TRIES, (AVG 540182.8)
[1, 4, 10, 23, 57, 132, 301, 701, 1654, 3768, 8963, 20399]...: 14595513: ACCEPTED IN 27 TRIES, (AVG 540574.5555555555)
[1, 4, 10, 23, 57, 132, 301, 701, 1654, 3768, 8963, 20403]...: 11889976: ACCEPTED IN 22 TRIES, (AVG 540453.4545454546)
[1, 4, 10, 23, 57, 132, 301, 701, 1654, 3768, 8963, 20407]...: 12431383: ACCEPTED IN 23 TRIES, (AVG 540494.9130434783)
[1, 4, 10, 23, 57, 132, 301, 701, 1654, 3768, 8963, 20411]...: 11889056: ACCEPTED IN 22 TRIES, (AVG 540411.6363636364)
[1, 4, 10, 23, 57, 132, 301, 701, 1654, 3768, 8963, 20415]...: 8102541: ACCEPTED IN 15 TRIES, (AVG 540169.4)
[1, 4, 10, 23, 57, 132, 301, 701, 1654, 3768, 8963, 20419]...: 4856186: ACCEPTED IN 9 TRIES, (AVG 539576.2222222222)
[1, 4, 10, 23, 57, 132, 301, 701, 1654, 3768, 8963, 20423]...: 4855987: ACCEPTED IN 9 TRIES, (AVG 539554.1111111111)
[1, 4, 10, 23, 57, 132, 301, 701, 1654, 3768, 8963, 20424]...: 4855143: ACCEPTED IN 9 TRIES, (AVG 539460.3333333334)
[1, 4, 10, 23, 57, 132, 301, 701, 1654, 3768, 8963, 20427]...: 7020083: ACCEPTED IN 13 TRIES, (AVG 540006.3846153846)
[1, 4, 10, 23, 57, 132, 301, 701, 1654, 3768, 8963, 20428]...: 8102338: ACCEPTED IN 15 TRIES, (AVG 540155.8666666667)
[1, 4, 10, 23, 57, 132, 301, 701, 1654, 3768, 8963, 20432]...: 7561935: ACCEPTED IN 14 TRIES, (AVG 540138.2142857143)
[1, 4, 10, 23, 57, 132, 301, 701, 1654, 3768, 8963, 20436]...: 8101579: ACCEPTED IN 15 TRIES, (AVG 540105.2666666667)
[1, 4, 10, 23, 57, 132, 301, 701, 1654, 3768, 8963, 20440]...: 13513693: ACCEPTED IN 25 TRIES, (AVG 540547.72)
[1, 4, 10, 23, 57, 132, 301, 701, 1654, 3768, 8963, 20441]...: 6478535: ACCEPTED IN 12 TRIES, (AVG 539877.9166666666)
[1, 4, 10, 23, 57, 132, 301, 701, 1654, 3768, 8963, 20444]...: 8100454: ACCEPTED IN 15 TRIES, (AVG 540030.2666666667)
[1, 4, 10, 23, 57, 132, 301, 701, 1654, 3768, 8963, 20448]...: 9726521: ACCEPTED IN 18 TRIES, (AVG 540362.2777777778)
[1, 4, 10, 23, 57, 132, 301, 701, 1654, 3768, 8963, 20452]...: 7020505: ACCEPTED IN 13 TRIES, (AVG 540038.8461538461)
[1, 4, 10, 23, 57, 132, 301, 701, 1654, 3768, 8963, 20456]...: 5396308: ACCEPTED IN 10 TRIES, (AVG 539630.8)
[1, 4, 10, 23, 57, 132, 301, 701, 1654, 3768, 8963, 20460]...: 4314279: ACCEPTED IN 8 TRIES, (AVG 539284.875)
[1, 4, 10, 23, 57, 132, 301, 701, 1654, 3768, 8963, 20461]...: 5397218: ACCEPTED IN 10 TRIES, (AVG 539721.8)
[1, 4, 10, 23, 57, 132, 301, 701, 1654, 3768, 8963, 20464]...: 9726032: ACCEPTED IN 18 TRIES, (AVG 540335.1111111111)
[1, 4, 10, 23, 57, 132, 301, 701, 1654, 3768, 8963, 20465]...: 5937391: ACCEPTED IN 11 TRIES, (AVG 539762.8181818182)
[1, 4, 10, 23, 57, 132, 301, 701, 1654, 3768, 8963, 20469]...: 8101226: ACCEPTED IN 15 TRIES, (AVG 540081.7333333333)
[1, 4, 10, 23, 57, 132, 301, 701, 1654, 3768, 8963, 20473]...: 12970736: ACCEPTED IN 24 TRIES, (AVG 540447.3333333334)
[1, 4, 10, 23, 57, 132, 301, 701, 1654, 3768, 8963, 20477]...: 12972232: ACCEPTED IN 24 TRIES, (AVG 540509.6666666666)
[1, 4, 10, 23, 57, 132, 301, 701, 1654, 3768, 8963, 20478]...: 9182887: ACCEPTED IN 17 TRIES, (AVG 540169.8235294118)
[1, 4, 10, 23, 57, 132, 301, 701, 1654, 3768, 8963, 20481]...: 5938214: ACCEPTED IN 11 TRIES, (AVG 539837.6363636364)
[1, 4, 10, 23, 57, 132, 301, 701, 1654, 3768, 8963, 20482]...: 9181702: ACCEPTED IN 17 TRIES, (AVG 540100.1176470588)
[1, 4, 10, 23, 57, 132, 301, 701, 1654, 3768, 8963, 20485]...: 7020194: ACCEPTED IN 13 TRIES, (AVG 540014.9230769231)
[1, 4, 10, 23, 57, 132, 301, 701, 1654, 3768, 8963, 20486]...: 13513286: ACCEPTED IN 25 TRIES, (AVG 540531.44)
[1, 4, 10, 23, 57, 132, 301, 701, 1654, 3768, 8963, 20490]...: 6479808: ACCEPTED IN 12 TRIES, (AVG 539984.0)
[1, 4, 10, 23, 57, 132, 301, 701, 1654, 3768, 8963, 20494]...: 9182751: ACCEPTED IN 17 TRIES, (AVG 540161.8235294118)
[1, 4, 10, 23, 57, 132, 301, 701, 1654, 3768, 8963, 20498]...: 7020566: ACCEPTED IN 13 TRIES, (AVG 540043.5384615385)
[1, 4, 10, 23, 57, 132, 301, 701, 1654, 3768, 8963, 20502]...: 5395385: ACCEPTED IN 10 TRIES, (AVG 539538.5)
[1, 4, 10, 23, 57, 132, 301, 701, 1654, 3768, 8963, 20505]...: 7019602: ACCEPTED IN 13 TRIES, (AVG 539969.3846153846)
[1, 4, 10, 23, 57, 132, 301, 701, 1654, 3768, 8963, 20506]...: 9185250: ACCEPTED IN 17 TRIES, (AVG 540308.8235294118)
[1, 4, 10, 23, 57, 132, 301, 701, 1654, 3768, 8963, 20510]...: 6478313: ACCEPTED IN 12 TRIES, (AVG 539859.4166666666)
[1, 4, 10, 23, 57, 132, 301, 701, 1654, 3768, 8963, 20514]...: 6479107: ACCEPTED IN 12 TRIES, (AVG 539925.5833333334)
[1, 4, 10, 23, 57, 132, 301, 701, 1654, 3768, 8963, 20518]...: 5397044: ACCEPTED IN 10 TRIES, (AVG 539704.4)
[1, 4, 10, 23, 57, 132, 301, 701, 1654, 3768, 8963, 20519]...: 12972822: ACCEPTED IN 24 TRIES, (AVG 540534.25)
[1, 4, 10, 23, 57, 132, 301, 701, 1654, 3768, 8963, 20522]...: 8100896: ACCEPTED IN 15 TRIES, (AVG 540059.7333333333)
[1, 4, 10, 23, 57, 132, 301, 701, 1654, 3768, 8963, 20523]...: 6477935: ACCEPTED IN 12 TRIES, (AVG 539827.9166666666)
[1, 4, 10, 23, 57, 132, 301, 701, 1654, 3768, 8963, 20527]...: 5938370: ACCEPTED IN 11 TRIES, (AVG 539851.8181818182)
[1, 4, 10, 23, 57, 132, 301, 701, 1654, 3768, 8963, 20531]...: 8102599: ACCEPTED IN 15 TRIES, (AVG 540173.2666666667)
[1, 4, 10, 23, 57, 132, 301, 701, 1654, 3768, 8963, 20535]...: 14596310: ACCEPTED IN 27 TRIES, (AVG 540604.074074074)
[1, 4, 10, 23, 57, 132, 301, 701, 1654, 3768, 8963, 20539]...: 7020026: ACCEPTED IN 13 TRIES, (AVG 540002.0)
[1, 4, 10, 23, 57, 132, 301, 701, 1654, 3768, 8963, 20543]...: 6478912: ACCEPTED IN 12 TRIES, (AVG 539909.3333333334)
[1, 4, 10, 23, 57, 132, 301, 701, 1654, 3768, 8963, 20547]...: 10808674: ACCEPTED IN 20 TRIES, (AVG 540433.7)
[1, 4, 10, 23, 57, 132, 301, 701, 1654, 3768, 8963, 20551]...: 9724797: ACCEPTED IN 18 TRIES, (AVG 540266.5)
[1, 4, 10, 23, 57, 132, 301, 701, 1654, 3768, 8963, 20555]...: 8101109: ACCEPTED IN 15 TRIES, (AVG 540073.9333333333)
[1, 4, 10, 23, 57, 132, 301, 701, 1654, 3768, 8963, 20556]...: 8100136: ACCEPTED IN 15 TRIES, (AVG 540009.0666666667)
[1, 4, 10, 23, 57, 132, 301, 701, 1654, 3768, 8963, 20559]...: 5936552: ACCEPTED IN 11 TRIES, (AVG 539686.5454545454)
[1, 4, 10, 23, 57, 132, 301, 701, 1654, 3768, 8963, 20560]...: 5397044: ACCEPTED IN 10 TRIES, (AVG 539704.4)
[1, 4, 10, 23, 57, 132, 301, 701, 1654, 3768, 8963, 20564]...: 11887231: ACCEPTED IN 22 TRIES, (AVG 540328.6818181818)
[1, 4, 10, 23, 57, 132, 301, 701, 1654, 3768, 8963, 20568]...: 8643961: ACCEPTED IN 16 TRIES, (AVG 540247.5625)
[1, 4, 10, 23, 57, 132, 301, 701, 1654, 3768, 8963, 20572]...: 9724021: ACCEPTED IN 18 TRIES, (AVG 540223.3888888889)
[1, 4, 10, 23, 57, 132, 301, 701, 1654, 3768, 8963, 20576]...: 6478342: ACCEPTED IN 12 TRIES, (AVG 539861.8333333334)
[1, 4, 10, 23, 57, 132, 301, 701, 1654, 3768, 8963, 20580]...: 9183370: ACCEPTED IN 17 TRIES, (AVG 540198.2352941176)
[1, 4, 10, 23, 57, 132, 301, 701, 1654, 3768, 8963, 20584]...: 5397123: ACCEPTED IN 10 TRIES, (AVG 539712.3)
[1, 4, 10, 23, 57, 132, 301, 701, 1654, 3768, 8963, 20588]...: 9183684: ACCEPTED IN 17 TRIES, (AVG 540216.7058823529)
[1, 4, 10, 23, 57, 132, 301, 701, 1654, 3768, 8963, 20592]...: 6479425: ACCEPTED IN 12 TRIES, (AVG 539952.0833333334)
[1, 4, 10, 23, 57, 132, 301, 701, 1654, 3768, 8963, 20593]...: 5395120: ACCEPTED IN 10 TRIES, (AVG 539512.0)
[1, 4, 10, 23, 57, 132, 301, 701, 1654, 3768, 8963, 20596]...: 5938529: ACCEPTED IN 11 TRIES, (AVG 539866.2727272727)
[1, 4, 10, 23, 57, 132, 301, 701, 1654, 3768, 8963, 20597]...: 6477888: ACCEPTED IN 12 TRIES, (AVG 539824.0)
[1, 4, 10, 23, 57, 132, 301, 701, 1654, 3768, 8963, 20601]...: 6477223: ACCEPTED IN 12 TRIES, (AVG 539768.5833333334)
[1, 4, 10, 23, 57, 132, 301, 701, 1654, 3768, 8963, 20605]...: 12973170: ACCEPTED IN 24 TRIES, (AVG 540548.75)
[1, 4, 10, 23, 57, 132, 301, 701, 1654, 3768, 8963, 20609]...: 15678737: ACCEPTED IN 29 TRIES, (AVG 540646.1034482758)
[1, 4, 10, 23, 57, 132, 301, 701, 1654, 3768, 8963, 20610]...: 6479596: ACCEPTED IN 12 TRIES, (AVG 539966.3333333334)
[1, 4, 10, 23, 57, 132, 301, 701, 1654, 3768, 8963, 20613]...: 5938203: ACCEPTED IN 11 TRIES, (AVG 539836.6363636364)
[1, 4, 10, 23, 57, 132, 301, 701, 1654, 3768, 8963, 20614]...: 5396834: ACCEPTED IN 10 TRIES, (AVG 539683.4)
[1, 4, 10, 23, 57, 132, 301, 701, 1654, 3768, 8963, 20617]...: 6478042: ACCEPTED IN 12 TRIES, (AVG 539836.8333333334)
[1, 4, 10, 23, 57, 132, 301, 701, 1654, 3768, 8963, 20618]...: 4856038: ACCEPTED IN 9 TRIES, (AVG 539559.7777777778)
[1, 4, 10, 23, 57, 132, 301, 701, 1654, 3768, 8963, 20625]...: 5937286: ACCEPTED IN 11 TRIES, (AVG 539753.2727272727)
[1, 4, 10, 23, 57, 132, 301, 701, 1654, 3768, 8963, 20626]...: 9182047: ACCEPTED IN 17 TRIES, (AVG 540120.4117647059)
[1, 4, 10, 23, 57, 132, 301, 701, 1654, 3768, 8963, 20630]...: 9725734: ACCEPTED IN 18 TRIES, (AVG 540318.5555555555)
[1, 4, 10, 23, 57, 132, 301, 701, 1654, 3768, 8963, 20634]...: 6478975: ACCEPTED IN 12 TRIES, (AVG 539914.5833333334)
[1, 4, 10, 23, 57, 132, 301, 701, 1654, 3768, 8963, 20637]...: 6479499: ACCEPTED IN 12 TRIES, (AVG 539958.25)
[1, 4, 10, 23, 57, 132, 301, 701, 1654, 3768, 8963, 20638]...: 8100923: ACCEPTED IN 15 TRIES, (AVG 540061.5333333333)
[1, 4, 10, 23, 57, 132, 301, 701, 1654, 3768, 8963, 20642]...: 5937691: ACCEPTED IN 11 TRIES, (AVG 539790.0909090909)
[1, 4, 10, 23, 57, 132, 301, 701, 1654, 3768, 8963, 20646]...: 7020842: ACCEPTED IN 13 TRIES, (AVG 540064.7692307692)
[1, 4, 10, 23, 57, 132, 301, 701, 1654, 3768, 8963, 20650]...: 6479398: ACCEPTED IN 12 TRIES, (AVG 539949.8333333334)
[1, 4, 10, 23, 57, 132, 301, 701, 1654, 3768, 8963, 20651]...: 8643635: ACCEPTED IN 16 TRIES, (AVG 540227.1875)
[1, 4, 10, 23, 57, 132, 301, 701, 1654, 3768, 8963, 20654]...: 5397296: ACCEPTED IN 10 TRIES, (AVG 539729.6)
[1, 4, 10, 23, 57, 132, 301, 701, 1654, 3768, 8963, 20655]...: 6478866: ACCEPTED IN 12 TRIES, (AVG 539905.5)
[1, 4, 10, 23, 57, 132, 301, 701, 1654, 3768, 8963, 20659]...: 6479059: ACCEPTED IN 12 TRIES, (AVG 539921.5833333334)
[1, 4, 10, 23, 57, 132, 301, 701, 1654, 3768, 8963, 20663]...: 8100854: ACCEPTED IN 15 TRIES, (AVG 540056.9333333333)
[1, 4, 10, 23, 57, 132, 301, 701, 1654, 3768, 8963, 20667]...: 6477542: ACCEPTED IN 12 TRIES, (AVG 539795.1666666666)
[1, 4, 10, 23, 57, 132, 301, 701, 1654, 3768, 8963, 20671]...: 5938023: ACCEPTED IN 11 TRIES, (AVG 539820.2727272727)
[1, 4, 10, 23, 57, 132, 301, 701, 1654, 3768, 8963, 20675]...: 8101134: ACCEPTED IN 15 TRIES, (AVG 540075.6)
[1, 4, 10, 23, 57, 132, 301, 701, 1654, 3768, 8963, 20679]...: 11889014: ACCEPTED IN 22 TRIES, (AVG 540409.7272727273)
[1, 4, 10, 23, 57, 132, 301, 701, 1654, 3768, 8963, 20683]...: 9726452: ACCEPTED IN 18 TRIES, (AVG 540358.4444444445)
[1, 4, 10, 23, 57, 132, 301, 701, 1654, 3768, 8963, 20687]...: 5936093: ACCEPTED IN 11 TRIES, (AVG 539644.8181818182)
[1, 4, 10, 23, 57, 132, 301, 701, 1654, 3768, 8963, 20688]...: 7559649: ACCEPTED IN 14 TRIES, (AVG 539974.9285714285)
[1, 4, 10, 23, 57, 132, 301, 701, 1654, 3768, 8963, 20691]...: 3772238: ACCEPTED IN 7 TRIES, (AVG 538891.1428571428)
[1, 4, 10, 23, 57, 132, 301, 701, 1654, 3768, 8963, 20692]...: 5395920: ACCEPTED IN 10 TRIES, (AVG 539592.0)
[1, 4, 10, 23, 57, 132, 301, 701, 1654, 3768, 8963, 20696]...: 7019623: ACCEPTED IN 13 TRIES, (AVG 539971.0)
[1, 4, 10, 23, 57, 132, 301, 701, 1654, 3768, 8963, 20700]...: 13514546: ACCEPTED IN 25 TRIES, (AVG 540581.84)
[1, 4, 10, 23, 57, 132, 301, 701, 1654, 3768, 8963, 20704]...: 8102842: ACCEPTED IN 15 TRIES, (AVG 540189.4666666667)
[1, 4, 10, 23, 57, 132, 301, 701, 1654, 3768, 8963, 20708]...: 11349226: ACCEPTED IN 21 TRIES, (AVG 540439.3333333334)
[1, 4, 10, 23, 57, 132, 301, 701, 1654, 3768, 8963, 20712]...: 5938381: ACCEPTED IN 11 TRIES, (AVG 539852.8181818182)
[1, 4, 10, 23, 57, 132, 301, 701, 1654, 3768, 8963, 20716]...: 8101695: ACCEPTED IN 15 TRIES, (AVG 540113.0)
[1, 4, 10, 23, 57, 132, 301, 701, 1654, 3768, 8963, 20720]...: 7019666: ACCEPTED IN 13 TRIES, (AVG 539974.3076923077)
[1, 4, 10, 23, 57, 132, 301, 701, 1654, 3768, 8963, 20724]...: 5937337: ACCEPTED IN 11 TRIES, (AVG 539757.9090909091)
[1, 4, 10, 23, 57, 132, 301, 701, 1654, 3768, 8963, 20725]...: 12970733: ACCEPTED IN 24 TRIES, (AVG 540447.2083333334)
[1, 4, 10, 23, 57, 132, 301, 701, 1654, 3768, 8963, 20728]...: 8103186: ACCEPTED IN 15 TRIES, (AVG 540212.4)
[1, 4, 10, 23, 57, 132, 301, 701, 1654, 3768, 8963, 20729]...: 8103048: ACCEPTED IN 15 TRIES, (AVG 540203.2)
[1, 4, 10, 23, 57, 132, 301, 701, 1654, 3768, 8963, 20733]...: 9183151: ACCEPTED IN 17 TRIES, (AVG 540185.3529411765)
[1, 4, 10, 23, 57, 132, 301, 701, 1654, 3768, 8963, 20737]...: 4854325: ACCEPTED IN 9 TRIES, (AVG 539369.4444444445)
[1, 4, 10, 23, 57, 132, 301, 701, 1654, 3768, 8963, 20741]...: 12972998: ACCEPTED IN 24 TRIES, (AVG 540541.5833333334)
[1, 4, 10, 23, 57, 132, 301, 701, 1654, 3768, 8963, 20742]...: 8102666: ACCEPTED IN 15 TRIES, (AVG 540177.7333333333)
[1, 4, 10, 23, 57, 132, 301, 701, 1654, 3768, 8963, 20745]...: 4314845: ACCEPTED IN 8 TRIES, (AVG 539355.625)
[1, 4, 10, 23, 57, 132, 301, 701, 1654, 3768, 8963, 20746]...: 7558790: ACCEPTED IN 14 TRIES, (AVG 539913.5714285715)
[1, 4, 10, 23, 57, 132, 301, 701, 1654, 3768, 8963, 20749]...: 8101142: ACCEPTED IN 15 TRIES, (AVG 540076.1333333333)
[1, 4, 10, 23, 57, 132, 301, 701, 1654, 3768, 8963, 20750]...: 7020650: ACCEPTED IN 13 TRIES, (AVG 540050.0)
[1, 4, 10, 23, 57, 132, 301, 701, 1654, 3768, 8963, 20757]...: 11891184: ACCEPTED IN 22 TRIES, (AVG 540508.3636363636)
[1, 4, 10, 23, 57, 132, 301, 701, 1654, 3768, 8963, 20758]...: 14596711: ACCEPTED IN 27 TRIES, (AVG 540618.925925926)
[1, 4, 10, 23, 57, 132, 301, 701, 1654, 3768, 8963, 20762]...: 6479173: ACCEPTED IN 12 TRIES, (AVG 539931.0833333334)
[1, 4, 10, 23, 57, 132, 301, 701, 1654, 3768, 8963, 20765]...: 5938133: ACCEPTED IN 11 TRIES, (AVG 539830.2727272727)
[1, 4, 10, 23, 57, 132, 301, 701, 1654, 3768, 8963, 20766]...: 8101462: ACCEPTED IN 15 TRIES, (AVG 540097.4666666667)
[1, 4, 10, 23, 57, 132, 301, 701, 1654, 3768, 8963, 20770]...: 8103227: ACCEPTED IN 15 TRIES, (AVG 540215.1333333333)
[1, 4, 10, 23, 57, 132, 301, 701, 1654, 3768, 8963, 20774]...: 11889919: ACCEPTED IN 22 TRIES, (AVG 540450.8636363636)
[1, 4, 10, 23, 57, 132, 301, 701, 1654, 3768, 8963, 20778]...: 6478491: ACCEPTED IN 12 TRIES, (AVG 539874.25)
[1, 4, 10, 23, 57, 132, 301, 701, 1654, 3768, 8963, 20779]...: 5396833: ACCEPTED IN 10 TRIES, (AVG 539683.3)
[1, 4, 10, 23, 57, 132, 301, 701, 1654, 3768, 8963, 20782]...: 5397452: ACCEPTED IN 10 TRIES, (AVG 539745.2)
[1, 4, 10, 23, 57, 132, 301, 701, 1654, 3768, 8963, 20783]...: 5938131: ACCEPTED IN 11 TRIES, (AVG 539830.0909090909)
[1, 4, 10, 23, 57, 132, 301, 701, 1654, 3768, 8963, 20786]...: 4855974: ACCEPTED IN 9 TRIES, (AVG 539552.6666666666)
[1, 4, 10, 23, 57, 132, 301, 701, 1654, 3768, 8963, 20787]...: 8102815: ACCEPTED IN 15 TRIES, (AVG 540187.6666666666)
[1, 4, 10, 23, 57, 132, 301, 701, 1654, 3768, 8963, 20791]...: 9184342: ACCEPTED IN 17 TRIES, (AVG 540255.4117647059)
[1, 4, 10, 23, 57, 132, 301, 701, 1654, 3768, 8963, 20795]...: 8101556: ACCEPTED IN 15 TRIES, (AVG 540103.7333333333)
[1, 4, 10, 23, 57, 132, 301, 701, 1654, 3768, 8963, 20799]...: 8102794: ACCEPTED IN 15 TRIES, (AVG 540186.2666666667)
[1, 4, 10, 23, 57, 132, 301, 701, 1654, 3768, 8963, 20803]...: 11887701: ACCEPTED IN 22 TRIES, (AVG 540350.0454545454)
[1, 4, 10, 23, 57, 132, 301, 701, 1654, 3768, 8963, 20807]...: 8644116: ACCEPTED IN 16 TRIES, (AVG 540257.25)
[1, 4, 10, 23, 57, 132, 301, 701, 1654, 3768, 8963, 20811]...: 9182982: ACCEPTED IN 17 TRIES, (AVG 540175.4117647059)
[1, 4, 10, 23, 57, 132, 301, 701, 1654, 3768, 8963, 20815]...: 4313193: ACCEPTED IN 8 TRIES, (AVG 539149.125)
[1, 4, 10, 23, 57, 132, 301, 701, 1654, 3768, 8963, 20819]...: 4855545: ACCEPTED IN 9 TRIES, (AVG 539505.0)
[1, 4, 10, 23, 57, 132, 301, 701, 1654, 3768, 8963, 20820]...: 6477018: ACCEPTED IN 12 TRIES, (AVG 539751.5)
[1, 4, 10, 23, 57, 132, 301, 701, 1654, 3768, 8963, 20823]...: 5395105: ACCEPTED IN 10 TRIES, (AVG 539510.5)
[1, 4, 10, 23, 57, 132, 301, 701, 1654, 3768, 8963, 20824]...: 4855076: ACCEPTED IN 9 TRIES, (AVG 539452.8888888889)
[1, 4, 10, 23, 57, 132, 301, 701, 1654, 3768, 8963, 20828]...: 9184907: ACCEPTED IN 17 TRIES, (AVG 540288.6470588235)
[1, 4, 10, 23, 57, 132, 301, 701, 1654, 3768, 8963, 20832]...: 7561774: ACCEPTED IN 14 TRIES, (AVG 540126.7142857143)
[1, 4, 10, 23, 57, 132, 301, 701, 1654, 3768, 8963, 20836]...: 9183637: ACCEPTED IN 17 TRIES, (AVG 540213.9411764706)
[1, 4, 10, 23, 57, 132, 301, 701, 1654, 3768, 8963, 20840]...: 6476561: ACCEPTED IN 12 TRIES, (AVG 539713.4166666666)
[1, 4, 10, 23, 57, 132, 301, 701, 1654, 3768, 8963, 20844]...: 7560800: ACCEPTED IN 14 TRIES, (AVG 540057.1428571428)
[1, 4, 10, 23, 57, 132, 301, 701, 1654, 3768, 8963, 20848]...: 15677853: ACCEPTED IN 29 TRIES, (AVG 540615.6206896552)
[1, 4, 10, 23, 57, 132, 301, 701, 1654, 3768, 8963, 20852]...: 7561071: ACCEPTED IN 14 TRIES, (AVG 540076.5)
[1, 4, 10, 23, 57, 132, 301, 701, 1654, 3768, 8963, 20856]...: 5936651: ACCEPTED IN 11 TRIES, (AVG 539695.5454545454)
[1, 4, 10, 23, 57, 132, 301, 701, 1654, 3768, 8963, 20857]...: 7020898: ACCEPTED IN 13 TRIES, (AVG 540069.0769230769)
[1, 4, 10, 23, 57, 132, 301, 701, 1654, 3768, 8963, 20860]...: 3770835: ACCEPTED IN 7 TRIES, (AVG 538690.7142857143)
[1, 4, 10, 23, 57, 132, 301, 701, 1654, 3768, 8963, 20861]...: 7560991: ACCEPTED IN 14 TRIES, (AVG 540070.7857142857)
[1, 4, 10, 23, 57, 132, 301, 701, 1654, 3768, 8963, 20865]...: 9185356: ACCEPTED IN 17 TRIES, (AVG 540315.0588235294)
[1, 4, 10, 23, 57, 132, 301, 701, 1654, 3768, 8963, 20869]...: 12429208: ACCEPTED IN 23 TRIES, (AVG 540400.3478260869)
[1, 4, 10, 23, 57, 132, 301, 701, 1654, 3768, 8963, 20873]...: 9184395: ACCEPTED IN 17 TRIES, (AVG 540258.5294117647)
[1, 4, 10, 23, 57, 132, 301, 701, 1654, 3768, 8963, 20877]...: 7561271: ACCEPTED IN 14 TRIES, (AVG 540090.7857142857)
[1, 4, 10, 23, 57, 132, 301, 701, 1654, 3768, 8963, 20878]...: 6477405: ACCEPTED IN 12 TRIES, (AVG 539783.75)
[1, 4, 10, 23, 57, 132, 301, 701, 1654, 3768, 8963, 20881]...: 5936980: ACCEPTED IN 11 TRIES, (AVG 539725.4545454546)
[1, 4, 10, 23, 57, 132, 301, 701, 1654, 3768, 8963, 20889]...: 5936595: ACCEPTED IN 11 TRIES, (AVG 539690.4545454546)
[1, 4, 10, 23, 57, 132, 301, 701, 1654, 3768, 8963, 20890]...: 9182323: ACCEPTED IN 17 TRIES, (AVG 540136.6470588235)
[1, 4, 10, 23, 57, 132, 301, 701, 1654, 3768, 8963, 20894]...: 11348483: ACCEPTED IN 21 TRIES, (AVG 540403.9523809524)
[1, 4, 10, 23, 57, 132, 301, 701, 1654, 3768, 8963, 20897]...: 5396984: ACCEPTED IN 10 TRIES, (AVG 539698.4)
[1, 4, 10, 23, 57, 132, 301, 701, 1654, 3768, 8963, 20898]...: 11888524: ACCEPTED IN 22 TRIES, (AVG 540387.4545454546)
[1, 4, 10, 23, 57, 132, 301, 701, 1654, 3768, 8963, 20902]...: 7562107: ACCEPTED IN 14 TRIES, (AVG 540150.5)
[1, 4, 10, 23, 57, 132, 301, 701, 1654, 3768, 8963, 20906]...: 9184516: ACCEPTED IN 17 TRIES, (AVG 540265.6470588235)
[1, 4, 10, 23, 57, 132, 301, 701, 1654, 3768, 8963, 20910]...: 7020879: ACCEPTED IN 13 TRIES, (AVG 540067.6153846154)
[1, 4, 10, 23, 57, 132, 301, 701, 1654, 3768, 8963, 20911]...: 7561489: ACCEPTED IN 14 TRIES, (AVG 540106.3571428572)
[1, 4, 10, 23, 57, 132, 301, 701, 1654, 3768, 8963, 20914]...: 4854437: ACCEPTED IN 9 TRIES, (AVG 539381.8888888889)
[1, 4, 10, 23, 57, 132, 301, 701, 1654, 3768, 8963, 20915]...: 7020380: ACCEPTED IN 13 TRIES, (AVG 540029.2307692308)
[1, 4, 10, 23, 57, 132, 301, 701, 1654, 3768, 8963, 20918]...: 4853895: ACCEPTED IN 9 TRIES, (AVG 539321.6666666666)
[1, 4, 10, 23, 57, 132, 301, 701, 1654, 3768, 8963, 20919]...: 8102641: ACCEPTED IN 15 TRIES, (AVG 540176.0666666667)
[1, 4, 10, 23, 57, 132, 301, 701, 1654, 3768, 8963, 20923]...: 9725262: ACCEPTED IN 18 TRIES, (AVG 540292.3333333334)
[1, 4, 10, 23, 57, 132, 301, 701, 1654, 3768, 8963, 20927]...: 7020341: ACCEPTED IN 13 TRIES, (AVG 540026.2307692308)
[1, 4, 10, 23, 57, 132, 301, 701, 1654, 3768, 8963, 20931]...: 8101502: ACCEPTED IN 15 TRIES, (AVG 540100.1333333333)
[1, 4, 10, 23, 57, 132, 301, 701, 1654, 3768, 8963, 20935]...: 7561856: ACCEPTED IN 14 TRIES, (AVG 540132.5714285715)
[1, 4, 10, 23, 57, 132, 301, 701, 1654, 3768, 8963, 20939]...: 4855990: ACCEPTED IN 9 TRIES, (AVG 539554.4444444445)
[1, 4, 10, 23, 57, 132, 301, 701, 1654, 3768, 8963, 20943]...: 4856120: ACCEPTED IN 9 TRIES, (AVG 539568.8888888889)
[1, 4, 10, 23, 57, 132, 301, 701, 1654, 3768, 8963, 20947]...: 9185466: ACCEPTED IN 17 TRIES, (AVG 540321.5294117647)
[1, 4, 10, 23, 57, 132, 301, 701, 1654, 3768, 8963, 20951]...: 6477661: ACCEPTED IN 12 TRIES, (AVG 539805.0833333334)
[1, 4, 10, 23, 57, 132, 301, 701, 1654, 3768, 8963, 20952]...: 7019773: ACCEPTED IN 13 TRIES, (AVG 539982.5384615385)
[1, 4, 10, 23, 57, 132, 301, 701, 1654, 3768, 8963, 20955]...: 4854930: ACCEPTED IN 9 TRIES, (AVG 539436.6666666666)
[1, 4, 10, 23, 57, 132, 301, 701, 1654, 3768, 8963, 20956]...: 9184116: ACCEPTED IN 17 TRIES, (AVG 540242.1176470588)
[1, 4, 10, 23, 57, 132, 301, 701, 1654, 3768, 8963, 20960]...: 6479155: ACCEPTED IN 12 TRIES, (AVG 539929.5833333334)
[1, 4, 10, 23, 57, 132, 301, 701, 1654, 3768, 8963, 20964]...: 6479434: ACCEPTED IN 12 TRIES, (AVG 539952.8333333334)
[1, 4, 10, 23, 57, 132, 301, 701, 1654, 3768, 8963, 20968]...: 11889587: ACCEPTED IN 22 TRIES, (AVG 540435.7727272727)
[1, 4, 10, 23, 57, 132, 301, 701, 1654, 3768, 8963, 20972]...: 6479351: ACCEPTED IN 12 TRIES, (AVG 539945.9166666666)
[1, 4, 10, 23, 57, 132, 301, 701, 1654, 3768, 8963, 20976]...: 11348425: ACCEPTED IN 21 TRIES, (AVG 540401.1904761905)
[1, 4, 10, 23, 57, 132, 301, 701, 1654, 3768, 8963, 20980]...: 9185436: ACCEPTED IN 17 TRIES, (AVG 540319.7647058824)
[1, 4, 10, 23, 57, 132, 301, 701, 1654, 3768, 8963, 20984]...: 8102444: ACCEPTED IN 15 TRIES, (AVG 540162.9333333333)
[1, 4, 10, 23, 57, 132, 301, 701, 1654, 3768, 8963, 20988]...: 5937455: ACCEPTED IN 11 TRIES, (AVG 539768.6363636364)
[1, 4, 10, 23, 57, 132, 301, 701, 1654, 3768, 8963, 20989]...: 6478440: ACCEPTED IN 12 TRIES, (AVG 539870.0)
[1, 4, 10, 23, 57, 132, 301, 701, 1654, 3768, 8963, 20992]...: 4854775: ACCEPTED IN 9 TRIES, (AVG 539419.4444444445)
[1, 4, 10, 23, 57, 132, 301, 701, 1654, 3768, 8963, 20993]...: 5937674: ACCEPTED IN 11 TRIES, (AVG 539788.5454545454)
[1, 4, 10, 23, 57, 132, 301, 701, 1654, 3768, 8963, 20997]...: 3773856: ACCEPTED IN 7 TRIES, (AVG 539122.2857142857)
[1, 4, 10, 23, 57, 132, 301, 701, 1654, 3768, 8963, 21001]...: 6479071: ACCEPTED IN 12 TRIES, (AVG 539922.5833333334)
[1, 4, 10, 23, 57, 132, 301, 701, 1654, 3768, 8963, 21005]...: 7019443: ACCEPTED IN 13 TRIES, (AVG 539957.1538461539)
[1, 4, 10, 23, 57, 132, 301, 701, 1654, 3768, 8963, 21009]...: 3773847: ACCEPTED IN 7 TRIES, (AVG 539121.0)
[1, 4, 10, 23, 57, 132, 301, 701, 1654, 3768, 8963, 21010]...: 7561208: ACCEPTED IN 14 TRIES, (AVG 540086.2857142857)
[1, 4, 10, 23, 57, 132, 301, 701, 1654, 3768, 8963, 21013]...: 4314862: ACCEPTED IN 8 TRIES, (AVG 539357.75)
[1, 4, 10, 23, 57, 132, 301, 701, 1654, 3768, 8963, 21017]...: 4854072: ACCEPTED IN 9 TRIES, (AVG 539341.3333333334)
[1, 4, 10, 23, 57, 132, 301, 701, 1654, 3768, 8963, 21021]...: 4855261: ACCEPTED IN 9 TRIES, (AVG 539473.4444444445)
[1, 4, 10, 23, 57, 132, 301, 701, 1654, 3768, 8963, 21022]...: 4854167: ACCEPTED IN 9 TRIES, (AVG 539351.8888888889)
[1, 4, 10, 23, 57, 132, 301, 701, 1654, 3768, 8963, 21025]...: 6479778: ACCEPTED IN 12 TRIES, (AVG 539981.5)
[1, 4, 10, 23, 57, 132, 301, 701, 1654, 3768, 8963, 21026]...: 7019976: ACCEPTED IN 13 TRIES, (AVG 539998.1538461539)
[1, 4, 10, 23, 57, 132, 301, 701, 1654, 3768, 8963, 21029]...: 6479620: ACCEPTED IN 12 TRIES, (AVG 539968.3333333334)
[1, 4, 10, 23, 57, 132, 301, 701, 1654, 3768, 8963, 21030]...: 5937580: ACCEPTED IN 11 TRIES, (AVG 539780.0)
[1, 4, 10, 23, 57, 132, 301, 701, 1654, 3768, 8963, 21034]...: 9184518: ACCEPTED IN 17 TRIES, (AVG 540265.7647058824)
[1, 4, 10, 23, 57, 132, 301, 701, 1654, 3768, 8963, 21038]...: 5397119: ACCEPTED IN 10 TRIES, (AVG 539711.9)
[1, 4, 10, 23, 57, 132, 301, 701, 1654, 3768, 8963, 21042]...: 6479449: ACCEPTED IN 12 TRIES, (AVG 539954.0833333334)
[1, 4, 10, 23, 57, 132, 301, 701, 1654, 3768, 8963, 21043]...: 8101447: ACCEPTED IN 15 TRIES, (AVG 540096.4666666667)
[1, 4, 10, 23, 57, 132, 301, 701, 1654, 3768, 8963, 21046]...: 3773590: ACCEPTED IN 7 TRIES, (AVG 539084.2857142857)
[1, 4, 10, 23, 57, 132, 301, 701, 1654, 3768, 8963, 21047]...: 7559732: ACCEPTED IN 14 TRIES, (AVG 539980.8571428572)
[1, 4, 10, 23, 57, 132, 301, 701, 1654, 3768, 8963, 21050]...: 12430432: ACCEPTED IN 23 TRIES, (AVG 540453.5652173914)
[1, 4, 10, 23, 57, 132, 301, 701, 1654, 3768, 8963, 21051]...: 7020577: ACCEPTED IN 13 TRIES, (AVG 540044.3846153846)
[1, 4, 10, 23, 57, 132, 301, 701, 1654, 3768, 8963, 21055]...: 6478995: ACCEPTED IN 12 TRIES, (AVG 539916.25)
[1, 4, 10, 23, 57, 132, 301, 701, 1654, 3768, 8963, 21059]...: 8101599: ACCEPTED IN 15 TRIES, (AVG 540106.6)
[1, 4, 10, 23, 57, 132, 301, 701, 1654, 3768, 8963, 21063]...: 5936618: ACCEPTED IN 11 TRIES, (AVG 539692.5454545454)
[1, 4, 10, 23, 57, 132, 301, 701, 1654, 3768, 8963, 21067]...: 11889727: ACCEPTED IN 22 TRIES, (AVG 540442.1363636364)
[1, 4, 10, 23, 57, 132, 301, 701, 1654, 3768, 8963, 21071]...: 11890506: ACCEPTED IN 22 TRIES, (AVG 540477.5454545454)
[1, 4, 10, 23, 57, 132, 301, 701, 1654, 3768, 8963, 21075]...: 7019981: ACCEPTED IN 13 TRIES, (AVG 539998.5384615385)
[1, 4, 10, 23, 57, 132, 301, 701, 1654, 3768, 8963, 21079]...: 9183503: ACCEPTED IN 17 TRIES, (AVG 540206.0588235294)
[1, 4, 10, 23, 57, 132, 301, 701, 1654, 3768, 8963, 21080]...: 7019302: ACCEPTED IN 13 TRIES, (AVG 539946.3076923077)
[1, 4, 10, 23, 57, 132, 301, 701, 1654, 3768, 8963, 21083]...: 3772994: ACCEPTED IN 7 TRIES, (AVG 538999.1428571428)
[1, 4, 10, 23, 57, 132, 301, 701, 1654, 3768, 8963, 21084]...: 5936961: ACCEPTED IN 11 TRIES, (AVG 539723.7272727273)
[1, 4, 10, 23, 57, 132, 301, 701, 1654, 3768, 8963, 21087]...: 4856127: ACCEPTED IN 9 TRIES, (AVG 539569.6666666666)
[1, 4, 10, 23, 57, 132, 301, 701, 1654, 3768, 8963, 21088]...: 12972111: ACCEPTED IN 24 TRIES, (AVG 540504.625)
[1, 4, 10, 23, 57, 132, 301, 701, 1654, 3768, 8963, 21092]...: 5396959: ACCEPTED IN 10 TRIES, (AVG 539695.9)
[1, 4, 10, 23, 57, 132, 301, 701, 1654, 3768, 8963, 21096]...: 8101255: ACCEPTED IN 15 TRIES, (AVG 540083.6666666666)
[1, 4, 10, 23, 57, 132, 301, 701, 1654, 3768, 8963, 21100]...: 11891085: ACCEPTED IN 22 TRIES, (AVG 540503.8636363636)
[1, 4, 10, 23, 57, 132, 301, 701, 1654, 3768, 8963, 21104]...: 6477677: ACCEPTED IN 12 TRIES, (AVG 539806.4166666666)
[1, 4, 10, 23, 57, 132, 301, 701, 1654, 3768, 8963, 21108]...: 8100125: ACCEPTED IN 15 TRIES, (AVG 540008.3333333334)
[1, 4, 10, 23, 57, 132, 301, 701, 1654, 3768, 8963, 21112]...: 9183871: ACCEPTED IN 17 TRIES, (AVG 540227.7058823529)
[1, 4, 10, 23, 57, 132, 301, 701, 1654, 3768, 8963, 21116]...: 4855499: ACCEPTED IN 9 TRIES, (AVG 539499.8888888889)
[1, 4, 10, 23, 57, 132, 301, 701, 1654, 3768, 8963, 21120]...: 5397010: ACCEPTED IN 10 TRIES, (AVG 539701.0)
[1, 4, 10, 23, 57, 132, 301, 701, 1654, 3768, 8963, 21121]...: 4855657: ACCEPTED IN 9 TRIES, (AVG 539517.4444444445)
[1, 4, 10, 23, 57, 132, 301, 701, 1654, 3768, 8963, 21124]...: 5938081: ACCEPTED IN 11 TRIES, (AVG 539825.5454545454)
[1, 4, 10, 23, 57, 132, 301, 701, 1654, 3768, 8963, 21125]...: 7561111: ACCEPTED IN 14 TRIES, (AVG 540079.3571428572)
[1, 4, 10, 23, 57, 132, 301, 701, 1654, 3768, 8963, 21129]...: 9183091: ACCEPTED IN 17 TRIES, (AVG 540181.8235294118)
[1, 4, 10, 23, 57, 132, 301, 701, 1654, 3768, 8963, 21133]...: 4313113: ACCEPTED IN 8 TRIES, (AVG 539139.125)
[1, 4, 10, 23, 57, 132, 301, 701, 1654, 3768, 8963, 21137]...: 7019028: ACCEPTED IN 13 TRIES, (AVG 539925.2307692308)
[1, 4, 10, 23, 57, 132, 301, 701, 1654, 3768, 8963, 21141]...: 10808790: ACCEPTED IN 20 TRIES, (AVG 540439.5)
[1, 4, 10, 23, 57, 132, 301, 701, 1654, 3768, 8963, 21142]...: 7020670: ACCEPTED IN 13 TRIES, (AVG 540051.5384615385)
[1, 4, 10, 23, 57, 132, 301, 701, 1654, 3768, 8963, 21145]...: 5936282: ACCEPTED IN 11 TRIES, (AVG 539662.0)
[1, 4, 10, 23, 57, 132, 301, 701, 1654, 3768, 8963, 21149]...: 8102702: ACCEPTED IN 15 TRIES, (AVG 540180.1333333333)
[1, 4, 10, 23, 57, 132, 301, 701, 1654, 3768, 8963, 21153]...: 7020532: ACCEPTED IN 13 TRIES, (AVG 540040.9230769231)
[1, 4, 10, 23, 57, 132, 301, 701, 1654, 3768, 8963, 21154]...: 6479086: ACCEPTED IN 12 TRIES, (AVG 539923.8333333334)
[1, 4, 10, 23, 57, 132, 301, 701, 1654, 3768, 8963, 21157]...: 9725981: ACCEPTED IN 18 TRIES, (AVG 540332.2777777778)
[1, 4, 10, 23, 57, 132, 301, 701, 1654, 3768, 8963, 21158]...: 7561560: ACCEPTED IN 14 TRIES, (AVG 540111.4285714285)
[1, 4, 10, 23, 57, 132, 301, 701, 1654, 3768, 8963, 21161]...: 8100128: ACCEPTED IN 15 TRIES, (AVG 540008.5333333333)
[1, 4, 10, 23, 57, 132, 301, 701, 1654, 3768, 8963, 21162]...: 5938695: ACCEPTED IN 11 TRIES, (AVG 539881.3636363636)
[1, 4, 10, 23, 57, 132, 301, 701, 1654, 3768, 8963, 21166]...: 6477280: ACCEPTED IN 12 TRIES, (AVG 539773.3333333334)
[1, 4, 10, 23, 57, 132, 301, 701, 1654, 3768, 8963, 21170]...: 7020522: ACCEPTED IN 13 TRIES, (AVG 540040.1538461539)
[1, 4, 10, 23, 57, 132, 301, 701, 1654, 3768, 8963, 21174]...: 4854802: ACCEPTED IN 9 TRIES, (AVG 539422.4444444445)
[1, 4, 10, 23, 57, 132, 301, 701, 1654, 3768, 8963, 21175]...: 5396609: ACCEPTED IN 10 TRIES, (AVG 539660.9)
[1, 4, 10, 23, 57, 132, 301, 701, 1654, 3768, 8963, 21178]...: 3772771: ACCEPTED IN 7 TRIES, (AVG 538967.2857142857)
[1, 4, 10, 23, 57, 132, 301, 701, 1654, 3768, 8963, 21179]...: 9184709: ACCEPTED IN 17 TRIES, (AVG 540277.0)
[1, 4, 10, 23, 57, 132, 301, 701, 1654, 3768, 8963, 21182]...: 7562096: ACCEPTED IN 14 TRIES, (AVG 540149.7142857143)
[1, 4, 10, 23, 57, 132, 301, 701, 1654, 3768, 8963, 21183]...: 6479749: ACCEPTED IN 12 TRIES, (AVG 539979.0833333334)
[1, 4, 10, 23, 57, 132, 301, 701, 1654, 3768, 8963, 21187]...: 6479418: ACCEPTED IN 12 TRIES, (AVG 539951.5)
[1, 4, 10, 23, 57, 132, 301, 701, 1654, 3768, 8963, 21191]...: 11889911: ACCEPTED IN 22 TRIES, (AVG 540450.5)
[1, 4, 10, 23, 57, 132, 301, 701, 1654, 3768, 8963, 21195]...: 7562061: ACCEPTED IN 14 TRIES, (AVG 540147.2142857143)
[1, 4, 10, 23, 57, 132, 301, 701, 1654, 3768, 8963, 21199]...: 11889275: ACCEPTED IN 22 TRIES, (AVG 540421.5909090909)
[1, 4, 10, 23, 57, 132, 301, 701, 1654, 3768, 8963, 21203]...: 7020851: ACCEPTED IN 13 TRIES, (AVG 540065.4615384615)
[1, 4, 10, 23, 57, 132, 301, 701, 1654, 3768, 8963, 21207]...: 9182854: ACCEPTED IN 17 TRIES, (AVG 540167.8823529412)
[1, 4, 10, 23, 57, 132, 301, 701, 1654, 3768, 8963, 21211]...: 8643546: ACCEPTED IN 16 TRIES, (AVG 540221.625)
[1, 4, 10, 23, 57, 132, 301, 701, 1654, 3768, 8963, 21212]...: 8102477: ACCEPTED IN 15 TRIES, (AVG 540165.1333333333)
[1, 4, 10, 23, 57, 132, 301, 701, 1654, 3768, 8963, 21215]...: 5935952: ACCEPTED IN 11 TRIES, (AVG 539632.0)
[1, 4, 10, 23, 57, 132, 301, 701, 1654, 3768, 8963, 21216]...: 7020414: ACCEPTED IN 13 TRIES, (AVG 540031.8461538461)
[1, 4, 10, 23, 57, 132, 301, 701, 1654, 3768, 8963, 21220]...: 7017604: ACCEPTED IN 13 TRIES, (AVG 539815.6923076923)
[1, 4, 10, 23, 57, 132, 301, 701, 1654, 3768, 8963, 21224]...: 4855962: ACCEPTED IN 9 TRIES, (AVG 539551.3333333334)
[1, 4, 10, 23, 57, 132, 301, 701, 1654, 3768, 8963, 21228]...: 11349471: ACCEPTED IN 21 TRIES, (AVG 540451.0)
[1, 4, 10, 23, 57, 132, 301, 701, 1654, 3768, 8963, 21232]...: 8100817: ACCEPTED IN 15 TRIES, (AVG 540054.4666666667)
[1, 4, 10, 23, 57, 132, 301, 701, 1654, 3768, 8963, 21236]...: 5936850: ACCEPTED IN 11 TRIES, (AVG 539713.6363636364)
[1, 4, 10, 23, 57, 132, 301, 701, 1654, 3768, 8963, 21240]...: 5937950: ACCEPTED IN 11 TRIES, (AVG 539813.6363636364)
[1, 4, 10, 23, 57, 132, 301, 701, 1654, 3768, 8963, 21244]...: 4856112: ACCEPTED IN 9 TRIES, (AVG 539568.0)
[1, 4, 10, 23, 57, 132, 301, 701, 1654, 3768, 8963, 21248]...: 5396990: ACCEPTED IN 10 TRIES, (AVG 539699.0)
[1, 4, 10, 23, 57, 132, 301, 701, 1654, 3768, 8963, 21252]...: 6478345: ACCEPTED IN 12 TRIES, (AVG 539862.0833333334)
[1, 4, 10, 23, 57, 132, 301, 701, 1654, 3768, 8963, 21253]...: 6478481: ACCEPTED IN 12 TRIES, (AVG 539873.4166666666)
[1, 4, 10, 23, 57, 132, 301, 701, 1654, 3768, 8963, 21256]...: 11889473: ACCEPTED IN 22 TRIES, (AVG 540430.5909090909)
[1, 4, 10, 23, 57, 132, 301, 701, 1654, 3768, 8963, 21257]...: 5937592: ACCEPTED IN 11 TRIES, (AVG 539781.0909090909)
[1, 4, 10, 23, 57, 132, 301, 701, 1654, 3768, 8963, 21261]...: 4853062: ACCEPTED IN 9 TRIES, (AVG 539229.1111111111)
[1, 4, 10, 23, 57, 132, 301, 701, 1654, 3768, 8963, 21265]...: 8101176: ACCEPTED IN 15 TRIES, (AVG 540078.4)
[1, 4, 10, 23, 57, 132, 301, 701, 1654, 3768, 8963, 21269]...: 9183520: ACCEPTED IN 17 TRIES, (AVG 540207.0588235294)
[1, 4, 10, 23, 57, 132, 301, 701, 1654, 3768, 8963, 21273]...: 8102296: ACCEPTED IN 15 TRIES, (AVG 540153.0666666667)
[1, 4, 10, 23, 57, 132, 301, 701, 1654, 3768, 8963, 21277]...: 5936672: ACCEPTED IN 11 TRIES, (AVG 539697.4545454546)
[1, 4, 10, 23, 57, 132, 301, 701, 1654, 3768, 8963, 21281]...: 7561256: ACCEPTED IN 14 TRIES, (AVG 540089.7142857143)
[1, 4, 10, 23, 57, 132, 301, 701, 1654, 3768, 8963, 21285]...: 9184121: ACCEPTED IN 17 TRIES, (AVG 540242.4117647059)
[1, 4, 10, 23, 57, 132, 301, 701, 1654, 3768, 8963, 21286]...: 3773200: ACCEPTED IN 7 TRIES, (AVG 539028.5714285715)
[1, 4, 10, 23, 57, 132, 301, 701, 1654, 3768, 8963, 21289]...: 4314634: ACCEPTED IN 8 TRIES, (AVG 539329.25)
[1, 4, 10, 23, 57, 132, 301, 701, 1654, 3768, 8963, 21290]...: 5937780: ACCEPTED IN 11 TRIES, (AVG 539798.1818181818)
[1, 4, 10, 23, 57, 132, 301, 701, 1654, 3768, 8963, 21293]...: 5935704: ACCEPTED IN 11 TRIES, (AVG 539609.4545454546)
[1, 4, 10, 23, 57, 132, 301, 701, 1654, 3768, 8963, 21294]...: 9184886: ACCEPTED IN 17 TRIES, (AVG 540287.4117647059)
[1, 4, 10, 23, 57, 132, 301, 701, 1654, 3768, 8963, 21298]...: 9185397: ACCEPTED IN 17 TRIES, (AVG 540317.4705882353)
[1, 4, 10, 23, 57, 132, 301, 701, 1654, 3768, 8963, 21302]...: 8101940: ACCEPTED IN 15 TRIES, (AVG 540129.3333333334)
[1, 4, 10, 23, 57, 132, 301, 701, 1654, 3768, 8963, 21306]...: 9726442: ACCEPTED IN 18 TRIES, (AVG 540357.8888888889)
[1, 4, 10, 23, 57, 132, 301, 701, 1654, 3768, 8963, 21307]...: 6479247: ACCEPTED IN 12 TRIES, (AVG 539937.25)
[1, 4, 10, 23, 57, 132, 301, 701, 1654, 3768, 8963, 21310]...: 4855782: ACCEPTED IN 9 TRIES, (AVG 539531.3333333334)
[1, 4, 10, 23, 57, 132, 301, 701, 1654, 3768, 8963, 21311]...: 5937501: ACCEPTED IN 11 TRIES, (AVG 539772.8181818182)
[1, 4, 10, 23, 57, 132, 301, 701, 1654, 3768, 8963, 21314]...: 6478606: ACCEPTED IN 12 TRIES, (AVG 539883.8333333334)
[1, 4, 10, 23, 57, 132, 301, 701, 1654, 3768, 8963, 21315]...: 5396903: ACCEPTED IN 10 TRIES, (AVG 539690.3)
[1, 4, 10, 23, 57, 132, 301, 701, 1654, 3768, 8963, 21319]...: 6478764: ACCEPTED IN 12 TRIES, (AVG 539897.0)
[1, 4, 10, 23, 57, 132, 301, 701, 1654, 3768, 8963, 21323]...: 8644219: ACCEPTED IN 16 TRIES, (AVG 540263.6875)
[1, 4, 10, 23, 57, 132, 301, 701, 1654, 3768, 8963, 21326]...: 7559817: ACCEPTED IN 14 TRIES, (AVG 539986.9285714285)
[1, 4, 10, 23, 57, 132, 301, 701, 1654, 3768, 8963, 21327]...: 9726623: ACCEPTED IN 18 TRIES, (AVG 540367.9444444445)
[1, 4, 10, 23, 57, 132, 301, 701, 1654, 3768, 8963, 21331]...: 5397320: ACCEPTED IN 10 TRIES, (AVG 539732.0)
[1, 4, 10, 23, 57, 132, 301, 701, 1654, 3768, 8963, 21335]...: 8103093: ACCEPTED IN 15 TRIES, (AVG 540206.2)
[1, 4, 10, 23, 57, 132, 301, 701, 1654, 3768, 8963, 21339]...: 7561352: ACCEPTED IN 14 TRIES, (AVG 540096.5714285715)
[1, 4, 10, 23, 57, 132, 301, 701, 1654, 3768, 8963, 21343]...: 6479535: ACCEPTED IN 12 TRIES, (AVG 539961.25)
[1, 4, 10, 23, 57, 132, 301, 701, 1654, 3768, 8963, 21344]...: 2691293: ACCEPTED IN 5 TRIES, (AVG 538258.6)
[1, 4, 10, 23, 57, 132, 301, 701, 1654, 3768, 8963, 21347]...: 5937241: ACCEPTED IN 11 TRIES, (AVG 539749.1818181818)
[1, 4, 10, 23, 57, 132, 301, 701, 1654, 3768, 8963, 21348]...: 11886722: ACCEPTED IN 22 TRIES, (AVG 540305.5454545454)
[1, 4, 10, 23, 57, 132, 301, 701, 1654, 3768, 8963, 21352]...: 9184152: ACCEPTED IN 17 TRIES, (AVG 540244.2352941176)
[1, 4, 10, 23, 57, 132, 301, 701, 1654, 3768, 8963, 21356]...: 8101226: ACCEPTED IN 15 TRIES, (AVG 540081.7333333333)
[1, 4, 10, 23, 57, 132, 301, 701, 1654, 3768, 8963, 21360]...: 11348887: ACCEPTED IN 21 TRIES, (AVG 540423.1904761905)
[1, 4, 10, 23, 57, 132, 301, 701, 1654, 3768, 8963, 21364]...: 9185351: ACCEPTED IN 17 TRIES, (AVG 540314.7647058824)
[1, 4, 10, 23, 57, 132, 301, 701, 1654, 3768, 8963, 21368]...: 8101896: ACCEPTED IN 15 TRIES, (AVG 540126.4)
[1, 4, 10, 23, 57, 132, 301, 701, 1654, 3768, 8963, 21372]...: 8100620: ACCEPTED IN 15 TRIES, (AVG 540041.3333333334)
[1, 4, 10, 23, 57, 132, 301, 701, 1654, 3768, 8963, 21376]...: 8102560: ACCEPTED IN 15 TRIES, (AVG 540170.6666666666)
[1, 4, 10, 23, 57, 132, 301, 701, 1654, 3768, 8963, 21380]...: 3773972: ACCEPTED IN 7 TRIES, (AVG 539138.8571428572)
[1, 4, 10, 23, 57, 132, 301, 701, 1654, 3768, 8963, 21381]...: 4854314: ACCEPTED IN 9 TRIES, (AVG 539368.2222222222)
[1, 4, 10, 23, 57, 132, 301, 701, 1654, 3768, 8963, 21384]...: 3232563: ACCEPTED IN 6 TRIES, (AVG 538760.5)
[1, 4, 10, 23, 57, 132, 301, 701, 1654, 3768, 8963, 21385]...: 4311506: ACCEPTED IN 8 TRIES, (AVG 538938.25)
[1, 4, 10, 23, 57, 132, 301, 701, 1654, 3768, 8963, 21388]...: 3773042: ACCEPTED IN 7 TRIES, (AVG 539006.0)
[1, 4, 10, 23, 57, 132, 301, 701, 1654, 3768, 8963, 21389]...: 4313212: ACCEPTED IN 8 TRIES, (AVG 539151.5)
[1, 4, 10, 23, 57, 132, 301, 701, 1654, 3768, 8963, 21393]...: 5397367: ACCEPTED IN 10 TRIES, (AVG 539736.7)
[1, 4, 10, 23, 57, 132, 301, 701, 1654, 3768, 8963, 21397]...: 5937465: ACCEPTED IN 11 TRIES, (AVG 539769.5454545454)
[1, 4, 10, 23, 57, 132, 301, 701, 1654, 3768, 8963, 21401]...: 5396896: ACCEPTED IN 10 TRIES, (AVG 539689.6)
[1, 4, 10, 23, 57, 132, 301, 701, 1654, 3768, 8963, 21405]...: 6478537: ACCEPTED IN 12 TRIES, (AVG 539878.0833333334)
[1, 4, 10, 23, 57, 132, 301, 701, 1654, 3768, 8963, 21409]...: 11349568: ACCEPTED IN 21 TRIES, (AVG 540455.619047619)
[1, 4, 10, 23, 57, 132, 301, 701, 1654, 3768, 8963, 21413]...: 5395866: ACCEPTED IN 10 TRIES, (AVG 539586.6)
[1, 4, 10, 23, 57, 132, 301, 701, 1654, 3768, 8963, 21417]...: 4315175: ACCEPTED IN 8 TRIES, (AVG 539396.875)
[1, 4, 10, 23, 57, 132, 301, 701, 1654, 3768, 8963, 21418]...: 6477908: ACCEPTED IN 12 TRIES, (AVG 539825.6666666666)
[1, 4, 10, 23, 57, 132, 301, 701, 1654, 3768, 8963, 21421]...: 5936533: ACCEPTED IN 11 TRIES, (AVG 539684.8181818182)
[1, 4, 10, 23, 57, 132, 301, 701, 1654, 3768, 8963, 21422]...: 7020649: ACCEPTED IN 13 TRIES, (AVG 540049.9230769231)
[1, 4, 10, 23, 57, 132, 301, 701, 1654, 3768, 8963, 21425]...: 4312325: ACCEPTED IN 8 TRIES, (AVG 539040.625)
[1, 4, 10, 23, 57, 132, 301, 701, 1654, 3768, 8963, 21426]...: 6478054: ACCEPTED IN 12 TRIES, (AVG 539837.8333333334)
[1, 4, 10, 23, 57, 132, 301, 701, 1654, 3768, 8963, 21430]...: 5938685: ACCEPTED IN 11 TRIES, (AVG 539880.4545454546)
[1, 4, 10, 23, 57, 132, 301, 701, 1654, 3768, 8963, 21434]...: 4855469: ACCEPTED IN 9 TRIES, (AVG 539496.5555555555)
[1, 4, 10, 23, 57, 132, 301, 701, 1654, 3768, 8963, 21438]...: 5938155: ACCEPTED IN 11 TRIES, (AVG 539832.2727272727)
[1, 4, 10, 23, 57, 132, 301, 701, 1654, 3768, 8963, 21439]...: 8102233: ACCEPTED IN 15 TRIES, (AVG 540148.8666666667)
[1, 4, 10, 23, 57, 132, 301, 701, 1654, 3768, 8963, 21442]...: 12430275: ACCEPTED IN 23 TRIES, (AVG 540446.7391304348)
[1, 4, 10, 23, 57, 132, 301, 701, 1654, 3768, 8963, 21443]...: 7020857: ACCEPTED IN 13 TRIES, (AVG 540065.9230769231)
[1, 4, 10, 23, 57, 132, 301, 701, 1654, 3768, 8963, 21446]...: 5394022: ACCEPTED IN 10 TRIES, (AVG 539402.2)
[1, 4, 10, 23, 57, 132, 301, 701, 1654, 3768, 8963, 21447]...: 5935937: ACCEPTED IN 11 TRIES, (AVG 539630.6363636364)
[1, 4, 10, 23, 57, 132, 301, 701, 1654, 3768, 8963, 21451]...: 8643731: ACCEPTED IN 16 TRIES, (AVG 540233.1875)
[1, 4, 10, 23, 57, 132, 301, 701, 1654, 3768, 8963, 21455]...: 11347955: ACCEPTED IN 21 TRIES, (AVG 540378.8095238095)
[1, 4, 10, 23, 57, 132, 301, 701, 1654, 3768, 8963, 21458]...: 5397571: ACCEPTED IN 10 TRIES, (AVG 539757.1)
[1, 4, 10, 23, 57, 132, 301, 701, 1654, 3768, 8963, 21459]...: 6479367: ACCEPTED IN 12 TRIES, (AVG 539947.25)
[1, 4, 10, 23, 57, 132, 301, 701, 1654, 3768, 8963, 21463]...: 7561348: ACCEPTED IN 14 TRIES, (AVG 540096.2857142857)
[1, 4, 10, 23, 57, 132, 301, 701, 1654, 3768, 8963, 21467]...: 5936970: ACCEPTED IN 11 TRIES, (AVG 539724.5454545454)
[1, 4, 10, 23, 57, 132, 301, 701, 1654, 3768, 8963, 21471]...: 7561377: ACCEPTED IN 14 TRIES, (AVG 540098.3571428572)
[1, 4, 10, 23, 57, 132, 301, 701, 1654, 3768, 8963, 21475]...: 3773017: ACCEPTED IN 7 TRIES, (AVG 539002.4285714285)
[1, 4, 10, 23, 57, 132, 301, 701, 1654, 3768, 8963, 21476]...: 4312532: ACCEPTED IN 8 TRIES, (AVG 539066.5)
[1, 4, 10, 23, 57, 132, 301, 701, 1654, 3768, 8963, 21479]...: 10808430: ACCEPTED IN 20 TRIES, (AVG 540421.5)
[1, 4, 10, 23, 57, 132, 301, 701, 1654, 3768, 8963, 21480]...: 8100455: ACCEPTED IN 15 TRIES, (AVG 540030.3333333334)
[1, 4, 10, 23, 57, 132, 301, 701, 1654, 3768, 8963, 21484]...: 8103010: ACCEPTED IN 15 TRIES, (AVG 540200.6666666666)
[1, 4, 10, 23, 57, 132, 301, 701, 1654, 3768, 8963, 21488]...: 11890328: ACCEPTED IN 22 TRIES, (AVG 540469.4545454546)
[1, 4, 10, 23, 57, 132, 301, 701, 1654, 3768, 8963, 21492]...: 9184972: ACCEPTED IN 17 TRIES, (AVG 540292.4705882353)
[1, 4, 10, 23, 57, 132, 301, 701, 1654, 3768, 8963, 21496]...: 7561494: ACCEPTED IN 14 TRIES, (AVG 540106.7142857143)
[1, 4, 10, 23, 57, 132, 301, 701, 1654, 3768, 8963, 21500]...: 8101970: ACCEPTED IN 15 TRIES, (AVG 540131.3333333334)
[1, 4, 10, 23, 57, 132, 301, 701, 1654, 3768, 8963, 21504]...: 2691787: ACCEPTED IN 5 TRIES, (AVG 538357.4)
[1, 4, 10, 23, 57, 132, 301, 701, 1654, 3768, 8963, 21508]...: 2690736: ACCEPTED IN 5 TRIES, (AVG 538147.2)
