[1, 4, 10, 23, 57, 132, 301, 701, 1654, 3789, 8992, 19793]...: 15136588: ACCEPTED IN 28 TRIES, (AVG 540592.4285714285)
[1, 4, 10, 23, 57, 132, 301, 701, 1654, 3789, 8992, 19797]...: 8643677: ACCEPTED IN 16 TRIES, (AVG 540229.8125)
[1, 4, 10, 23, 57, 132, 301, 701, 1654, 3789, 8992, 19801]...: 11349481: ACCEPTED IN 21 TRIES, (AVG 540451.4761904762)
[1, 4, 10, 23, 57, 132, 301, 701, 1654, 3789, 8992, 19805]...: 8644050: ACCEPTED IN 16 TRIES, (AVG 540253.125)
[1, 4, 10, 23, 57, 132, 301, 701, 1654, 3789, 8992, 19809]...: 11346029: ACCEPTED IN 21 TRIES, (AVG 540287.0952380953)
[1, 4, 10, 23, 57, 132, 301, 701, 1654, 3789, 8992, 19813]...: 18925164: ACCEPTED IN 35 TRIES, (AVG 540718.9714285714)
[1, 4, 10, 23, 57, 132, 301, 701, 1654, 3789, 8992, 19814]...: 11889738: ACCEPTED IN 22 TRIES, (AVG 540442.6363636364)
[1, 4, 10, 23, 57, 132, 301, 701, 1654, 3789, 8992, 19817]...: 11888685: ACCEPTED IN 22 TRIES, (AVG 540394.7727272727)
[1, 4, 10, 23, 57, 132, 301, 701, 1654, 3789, 8992, 19821]...: 5937603: ACCEPTED IN 11 TRIES, (AVG 539782.0909090909)
[1, 4, 10, 23, 57, 132, 301, 701, 1654, 3789, 8992, 19822]...: 15137422: ACCEPTED IN 28 TRIES, (AVG 540622.2142857143)
[1, 4, 10, 23, 57, 132, 301, 701, 1654, 3789, 8992, 19826]...: 12430506: ACCEPTED IN 23 TRIES, (AVG 540456.7826086957)
[1, 4, 10, 23, 57, 132, 301, 701, 1654, 3789, 8992, 19830]...: 4855121: ACCEPTED IN 9 TRIES, (AVG 539457.8888888889)
[1, 4, 10, 23, 57, 132, 301, 701, 1654, 3789, 8992, 19834]...: 10808373: ACCEPTED IN 20 TRIES, (AVG 540418.65)
[1, 4, 10, 23, 57, 132, 301, 701, 1654, 3789, 8992, 19838]...: 10265556: ACCEPTED IN 19 TRIES, (AVG 540292.4210526316)
[1, 4, 10, 23, 57, 132, 301, 701, 1654, 3789, 8992, 19842]...: 5937753: ACCEPTED IN 11 TRIES, (AVG 539795.7272727273)
[1, 4, 10, 23, 57, 132, 301, 701, 1654, 3789, 8992, 19846]...: 10266268: ACCEPTED IN 19 TRIES, (AVG 540329.8947368421)
[1, 4, 10, 23, 57, 132, 301, 701, 1654, 3789, 8992, 19850]...: 5938391: ACCEPTED IN 11 TRIES, (AVG 539853.7272727273)
[1, 4, 10, 23, 57, 132, 301, 701, 1654, 3789, 8992, 19851]...: 11890122: ACCEPTED IN 22 TRIES, (AVG 540460.0909090909)
[1, 4, 10, 23, 57, 132, 301, 701, 1654, 3789, 8992, 19855]...: 9185431: ACCEPTED IN 17 TRIES, (AVG 540319.4705882353)
[1, 4, 10, 23, 57, 132, 301, 701, 1654, 3789, 8992, 19858]...: 9726296: ACCEPTED IN 18 TRIES, (AVG 540349.7777777778)
[1, 4, 10, 23, 57, 132, 301, 701, 1654, 3789, 8992, 19859]...: 12431928: ACCEPTED IN 23 TRIES, (AVG 540518.6086956522)
[1, 4, 10, 23, 57, 132, 301, 701, 1654, 3789, 8992, 19863]...: 11890217: ACCEPTED IN 22 TRIES, (AVG 540464.4090909091)
[1, 4, 10, 23, 57, 132, 301, 701, 1654, 3789, 8992, 19867]...: 11349349: ACCEPTED IN 21 TRIES, (AVG 540445.1904761905)
[1, 4, 10, 23, 57, 132, 301, 701, 1654, 3789, 8992, 19871]...: 8643204: ACCEPTED IN 16 TRIES, (AVG 540200.25)
[1, 4, 10, 23, 57, 132, 301, 701, 1654, 3789, 8992, 19875]...: 15136913: ACCEPTED IN 28 TRIES, (AVG 540604.0357142857)
[1, 4, 10, 23, 57, 132, 301, 701, 1654, 3789, 8992, 19879]...: 12430067: ACCEPTED IN 23 TRIES, (AVG 540437.695652174)
[1, 4, 10, 23, 57, 132, 301, 701, 1654, 3789, 8992, 19883]...: 7020646: ACCEPTED IN 13 TRIES, (AVG 540049.6923076923)
[1, 4, 10, 23, 57, 132, 301, 701, 1654, 3789, 8992, 19888]...: 12430841: ACCEPTED IN 23 TRIES, (AVG 540471.3478260869)
[1, 4, 10, 23, 57, 132, 301, 701, 1654, 3789, 8992, 19892]...: 10808158: ACCEPTED IN 20 TRIES, (AVG 540407.9)
[1, 4, 10, 23, 57, 132, 301, 701, 1654, 3789, 8992, 19896]...: 9725033: ACCEPTED IN 18 TRIES, (AVG 540279.6111111111)
[1, 4, 10, 23, 57, 132, 301, 701, 1654, 3789, 8992, 19900]...: 11347602: ACCEPTED IN 21 TRIES, (AVG 540362.0)
[1, 4, 10, 23, 57, 132, 301, 701, 1654, 3789, 8992, 19904]...: 8643660: ACCEPTED IN 16 TRIES, (AVG 540228.75)
[1, 4, 10, 23, 57, 132, 301, 701, 1654, 3789, 8992, 19908]...: 11349389: ACCEPTED IN 21 TRIES, (AVG 540447.0952380953)
[1, 4, 10, 23, 57, 132, 301, 701, 1654, 3789, 8992, 19912]...: 12432096: ACCEPTED IN 23 TRIES, (AVG 540525.9130434783)
[1, 4, 10, 23, 57, 132, 301, 701, 1654, 3789, 8992, 19925]...: 8103175: ACCEPTED IN 15 TRIES, (AVG 540211.6666666666)
[1, 4, 10, 23, 57, 132, 301, 701, 1654, 3789, 8992, 19929]...: 5396522: ACCEPTED IN 10 TRIES, (AVG 539652.2)
[1, 4, 10, 23, 57, 132, 301, 701, 1654, 3789, 8992, 19933]...: 9723918: ACCEPTED IN 18 TRIES, (AVG 540217.6666666666)
[1, 4, 10, 23, 57, 132, 301, 701, 1654, 3789, 8992, 19937]...: 11890962: ACCEPTED IN 22 TRIES, (AVG 540498.2727272727)
[1, 4, 10, 23, 57, 132, 301, 701, 1654, 3789, 8992, 19941]...: 6479656: ACCEPTED IN 12 TRIES, (AVG 539971.3333333334)
[1, 4, 10, 23, 57, 132, 301, 701, 1654, 3789, 8992, 19945]...: 4314594: ACCEPTED IN 8 TRIES, (AVG 539324.25)
[1, 4, 10, 23, 57, 132, 301, 701, 1654, 3789, 8992, 19946]...: 11890363: ACCEPTED IN 22 TRIES, (AVG 540471.0454545454)
[1, 4, 10, 23, 57, 132, 301, 701, 1654, 3789, 8992, 19949]...: 11348743: ACCEPTED IN 21 TRIES, (AVG 540416.3333333334)
[1, 4, 10, 23, 57, 132, 301, 701, 1654, 3789, 8992, 19954]...: 12430696: ACCEPTED IN 23 TRIES, (AVG 540465.0434782609)
[1, 4, 10, 23, 57, 132, 301, 701, 1654, 3789, 8992, 19962]...: 10266719: ACCEPTED IN 19 TRIES, (AVG 540353.6315789474)
[1, 4, 10, 23, 57, 132, 301, 701, 1654, 3789, 8992, 19966]...: 11348684: ACCEPTED IN 21 TRIES, (AVG 540413.5238095238)
[1, 4, 10, 23, 57, 132, 301, 701, 1654, 3789, 8992, 19970]...: 9185270: ACCEPTED IN 17 TRIES, (AVG 540310.0)
[1, 4, 10, 23, 57, 132, 301, 701, 1654, 3789, 8992, 19974]...: 11350063: ACCEPTED IN 21 TRIES, (AVG 540479.1904761905)
[1, 4, 10, 23, 57, 132, 301, 701, 1654, 3789, 8992, 19978]...: 5938139: ACCEPTED IN 11 TRIES, (AVG 539830.8181818182)
[1, 4, 10, 23, 57, 132, 301, 701, 1654, 3789, 8992, 19982]...: 8642656: ACCEPTED IN 16 TRIES, (AVG 540166.0)
[1, 4, 10, 23, 57, 132, 301, 701, 1654, 3789, 8992, 19983]...: 7020587: ACCEPTED IN 13 TRIES, (AVG 540045.1538461539)
[1, 4, 10, 23, 57, 132, 301, 701, 1654, 3789, 8992, 19987]...: 8103203: ACCEPTED IN 15 TRIES, (AVG 540213.5333333333)
[1, 4, 10, 23, 57, 132, 301, 701, 1654, 3789, 8992, 19990]...: 5938117: ACCEPTED IN 11 TRIES, (AVG 539828.8181818182)
[1, 4, 10, 23, 57, 132, 301, 701, 1654, 3789, 8992, 19991]...: 11890604: ACCEPTED IN 22 TRIES, (AVG 540482.0)
[1, 4, 10, 23, 57, 132, 301, 701, 1654, 3789, 8992, 19995]...: 12432019: ACCEPTED IN 23 TRIES, (AVG 540522.5652173914)
[1, 4, 10, 23, 57, 132, 301, 701, 1654, 3789, 8992, 19999]...: 14054149: ACCEPTED IN 26 TRIES, (AVG 540544.1923076923)
[1, 4, 10, 23, 57, 132, 301, 701, 1654, 3789, 8992, 20003]...: 4854870: ACCEPTED IN 9 TRIES, (AVG 539430.0)
[1, 4, 10, 23, 57, 132, 301, 701, 1654, 3789, 8992, 20007]...: 12430671: ACCEPTED IN 23 TRIES, (AVG 540463.9565217391)
[1, 4, 10, 23, 57, 132, 301, 701, 1654, 3789, 8992, 20011]...: 11347392: ACCEPTED IN 21 TRIES, (AVG 540352.0)
[1, 4, 10, 23, 57, 132, 301, 701, 1654, 3789, 8992, 20015]...: 17299993: ACCEPTED IN 32 TRIES, (AVG 540624.78125)
[1, 4, 10, 23, 57, 132, 301, 701, 1654, 3789, 8992, 20020]...: 11348084: ACCEPTED IN 21 TRIES, (AVG 540384.9523809524)
[1, 4, 10, 23, 57, 132, 301, 701, 1654, 3789, 8992, 20024]...: 8643821: ACCEPTED IN 16 TRIES, (AVG 540238.8125)
[1, 4, 10, 23, 57, 132, 301, 701, 1654, 3789, 8992, 20028]...: 11890780: ACCEPTED IN 22 TRIES, (AVG 540490.0)
[1, 4, 10, 23, 57, 132, 301, 701, 1654, 3789, 8992, 20032]...: 12430988: ACCEPTED IN 23 TRIES, (AVG 540477.7391304348)
[1, 4, 10, 23, 57, 132, 301, 701, 1654, 3789, 8992, 20036]...: 3773001: ACCEPTED IN 7 TRIES, (AVG 539000.1428571428)
[1, 4, 10, 23, 57, 132, 301, 701, 1654, 3789, 8992, 20040]...: 10267451: ACCEPTED IN 19 TRIES, (AVG 540392.1578947369)
[1, 4, 10, 23, 57, 132, 301, 701, 1654, 3789, 8992, 20044]...: 4854750: ACCEPTED IN 9 TRIES, (AVG 539416.6666666666)
[1, 4, 10, 23, 57, 132, 301, 701, 1654, 3789, 8992, 20052]...: 8103043: ACCEPTED IN 15 TRIES, (AVG 540202.8666666667)
[1, 4, 10, 23, 57, 132, 301, 701, 1654, 3789, 8992, 20057]...: 7020928: ACCEPTED IN 13 TRIES, (AVG 540071.3846153846)
[1, 4, 10, 23, 57, 132, 301, 701, 1654, 3789, 8992, 20061]...: 4314640: ACCEPTED IN 8 TRIES, (AVG 539330.0)
[1, 4, 10, 23, 57, 132, 301, 701, 1654, 3789, 8992, 20065]...: 9184691: ACCEPTED IN 17 TRIES, (AVG 540275.9411764706)
[1, 4, 10, 23, 57, 132, 301, 701, 1654, 3789, 8992, 20069]...: 10267272: ACCEPTED IN 19 TRIES, (AVG 540382.7368421053)
[1, 4, 10, 23, 57, 132, 301, 701, 1654, 3789, 8992, 20073]...: 10808592: ACCEPTED IN 20 TRIES, (AVG 540429.6)
[1, 4, 10, 23, 57, 132, 301, 701, 1654, 3789, 8992, 20077]...: 12429224: ACCEPTED IN 23 TRIES, (AVG 540401.0434782609)
[1, 4, 10, 23, 57, 132, 301, 701, 1654, 3789, 8992, 20081]...: 15134834: ACCEPTED IN 28 TRIES, (AVG 540529.7857142857)
[1, 4, 10, 23, 57, 132, 301, 701, 1654, 3789, 8992, 20086]...: 10267714: ACCEPTED IN 19 TRIES, (AVG 540406.0)
[1, 4, 10, 23, 57, 132, 301, 701, 1654, 3789, 8992, 20094]...: 12430780: ACCEPTED IN 23 TRIES, (AVG 540468.695652174)
[1, 4, 10, 23, 57, 132, 301, 701, 1654, 3789, 8992, 20098]...: 8644326: ACCEPTED IN 16 TRIES, (AVG 540270.375)
[1, 4, 10, 23, 57, 132, 301, 701, 1654, 3789, 8992, 20102]...: 5936661: ACCEPTED IN 11 TRIES, (AVG 539696.4545454546)
[1, 4, 10, 23, 57, 132, 301, 701, 1654, 3789, 8992, 20106]...: 10266640: ACCEPTED IN 19 TRIES, (AVG 540349.4736842106)
[1, 4, 10, 23, 57, 132, 301, 701, 1654, 3789, 8992, 20110]...: 4856316: ACCEPTED IN 9 TRIES, (AVG 539590.6666666666)
[1, 4, 10, 23, 57, 132, 301, 701, 1654, 3789, 8992, 20114]...: 11349062: ACCEPTED IN 21 TRIES, (AVG 540431.5238095238)
[1, 4, 10, 23, 57, 132, 301, 701, 1654, 3789, 8992, 20115]...: 12429124: ACCEPTED IN 23 TRIES, (AVG 540396.695652174)
[1, 4, 10, 23, 57, 132, 301, 701, 1654, 3789, 8992, 20119]...: 48687992: ACCEPTED IN 90 TRIES, (AVG 540977.6888888889)
[1, 4, 10, 23, 57, 132, 301, 701, 1654, 3789, 8992, 20122]...: 9183169: ACCEPTED IN 17 TRIES, (AVG 540186.4117647059)
[1, 4, 10, 23, 57, 132, 301, 701, 1654, 3789, 8992, 20123]...: 9185220: ACCEPTED IN 17 TRIES, (AVG 540307.0588235294)
[1, 4, 10, 23, 57, 132, 301, 701, 1654, 3789, 8992, 20127]...: 9185330: ACCEPTED IN 17 TRIES, (AVG 540313.5294117647)
[1, 4, 10, 23, 57, 132, 301, 701, 1654, 3789, 8992, 20131]...: 15678357: ACCEPTED IN 29 TRIES, (AVG 540633.0)
[1, 4, 10, 23, 57, 132, 301, 701, 1654, 3789, 8992, 20135]...: 5395962: ACCEPTED IN 10 TRIES, (AVG 539596.2)
[1, 4, 10, 23, 57, 132, 301, 701, 1654, 3789, 8992, 20139]...: 5936111: ACCEPTED IN 11 TRIES, (AVG 539646.4545454546)
[1, 4, 10, 23, 57, 132, 301, 701, 1654, 3789, 8992, 20143]...: 4855670: ACCEPTED IN 9 TRIES, (AVG 539518.8888888889)
[1, 4, 10, 23, 57, 132, 301, 701, 1654, 3789, 8992, 20147]...: 5937903: ACCEPTED IN 11 TRIES, (AVG 539809.3636363636)
[1, 4, 10, 23, 57, 132, 301, 701, 1654, 3789, 8992, 20151]...: 5937600: ACCEPTED IN 11 TRIES, (AVG 539781.8181818182)
[1, 4, 10, 23, 57, 132, 301, 701, 1654, 3789, 8992, 20152]...: 11349279: ACCEPTED IN 21 TRIES, (AVG 540441.8571428572)
[1, 4, 10, 23, 57, 132, 301, 701, 1654, 3789, 8992, 20156]...: 16219526: ACCEPTED IN 30 TRIES, (AVG 540650.8666666667)
[1, 4, 10, 23, 57, 132, 301, 701, 1654, 3789, 8992, 20160]...: 3773810: ACCEPTED IN 7 TRIES, (AVG 539115.7142857143)
[1, 4, 10, 23, 57, 132, 301, 701, 1654, 3789, 8992, 20164]...: 9184827: ACCEPTED IN 17 TRIES, (AVG 540283.9411764706)
[1, 4, 10, 23, 57, 132, 301, 701, 1654, 3789, 8992, 20168]...: 10267435: ACCEPTED IN 19 TRIES, (AVG 540391.3157894737)
[1, 4, 10, 23, 57, 132, 301, 701, 1654, 3789, 8992, 20172]...: 13512191: ACCEPTED IN 25 TRIES, (AVG 540487.64)
[1, 4, 10, 23, 57, 132, 301, 701, 1654, 3789, 8992, 20176]...: 8102554: ACCEPTED IN 15 TRIES, (AVG 540170.2666666667)
[1, 4, 10, 23, 57, 132, 301, 701, 1654, 3789, 8992, 20177]...: 7019912: ACCEPTED IN 13 TRIES, (AVG 539993.2307692308)
[1, 4, 10, 23, 57, 132, 301, 701, 1654, 3789, 8992, 20184]...: 8643358: ACCEPTED IN 16 TRIES, (AVG 540209.875)
[1, 4, 10, 23, 57, 132, 301, 701, 1654, 3789, 8992, 20189]...: 4855255: ACCEPTED IN 9 TRIES, (AVG 539472.7777777778)
[1, 4, 10, 23, 57, 132, 301, 701, 1654, 3789, 8992, 20193]...: 10267743: ACCEPTED IN 19 TRIES, (AVG 540407.5263157894)
[1, 4, 10, 23, 57, 132, 301, 701, 1654, 3789, 8992, 20197]...: 10808392: ACCEPTED IN 20 TRIES, (AVG 540419.6)
[1, 4, 10, 23, 57, 132, 301, 701, 1654, 3789, 8992, 20201]...: 14054188: ACCEPTED IN 26 TRIES, (AVG 540545.6923076923)
[1, 4, 10, 23, 57, 132, 301, 701, 1654, 3789, 8992, 20205]...: 13512527: ACCEPTED IN 25 TRIES, (AVG 540501.08)
[1, 4, 10, 23, 57, 132, 301, 701, 1654, 3789, 8992, 20209]...: 3232945: ACCEPTED IN 6 TRIES, (AVG 538824.1666666666)
[1, 4, 10, 23, 57, 132, 301, 701, 1654, 3789, 8992, 20213]...: 9185481: ACCEPTED IN 17 TRIES, (AVG 540322.4117647059)
[1, 4, 10, 23, 57, 132, 301, 701, 1654, 3789, 8992, 20218]...: 15678915: ACCEPTED IN 29 TRIES, (AVG 540652.2413793104)
[1, 4, 10, 23, 57, 132, 301, 701, 1654, 3789, 8992, 20226]...: 3231782: ACCEPTED IN 6 TRIES, (AVG 538630.3333333334)
[1, 4, 10, 23, 57, 132, 301, 701, 1654, 3789, 8992, 20230]...: 8642889: ACCEPTED IN 16 TRIES, (AVG 540180.5625)
[1, 4, 10, 23, 57, 132, 301, 701, 1654, 3789, 8992, 20234]...: 5937357: ACCEPTED IN 11 TRIES, (AVG 539759.7272727273)
[1, 4, 10, 23, 57, 132, 301, 701, 1654, 3789, 8992, 20238]...: 9724209: ACCEPTED IN 18 TRIES, (AVG 540233.8333333334)
[1, 4, 10, 23, 57, 132, 301, 701, 1654, 3789, 8992, 20242]...: 7558972: ACCEPTED IN 14 TRIES, (AVG 539926.5714285715)
[1, 4, 10, 23, 57, 132, 301, 701, 1654, 3789, 8992, 20246]...: 5935878: ACCEPTED IN 11 TRIES, (AVG 539625.2727272727)
[1, 4, 10, 23, 57, 132, 301, 701, 1654, 3789, 8992, 20247]...: 8642315: ACCEPTED IN 16 TRIES, (AVG 540144.6875)
[1, 4, 10, 23, 57, 132, 301, 701, 1654, 3789, 8992, 20251]...: 10267108: ACCEPTED IN 19 TRIES, (AVG 540374.1052631579)
[1, 4, 10, 23, 57, 132, 301, 701, 1654, 3789, 8992, 20255]...: 9724202: ACCEPTED IN 18 TRIES, (AVG 540233.4444444445)
[1, 4, 10, 23, 57, 132, 301, 701, 1654, 3789, 8992, 20259]...: 4856128: ACCEPTED IN 9 TRIES, (AVG 539569.7777777778)
[1, 4, 10, 23, 57, 132, 301, 701, 1654, 3789, 8992, 20263]...: 5937712: ACCEPTED IN 11 TRIES, (AVG 539792.0)
[1, 4, 10, 23, 57, 132, 301, 701, 1654, 3789, 8992, 20267]...: 5938695: ACCEPTED IN 11 TRIES, (AVG 539881.3636363636)
[1, 4, 10, 23, 57, 132, 301, 701, 1654, 3789, 8992, 20271]...: 11888818: ACCEPTED IN 22 TRIES, (AVG 540400.8181818182)
[1, 4, 10, 23, 57, 132, 301, 701, 1654, 3789, 8992, 20275]...: 11890192: ACCEPTED IN 22 TRIES, (AVG 540463.2727272727)
[1, 4, 10, 23, 57, 132, 301, 701, 1654, 3789, 8992, 20279]...: 14055305: ACCEPTED IN 26 TRIES, (AVG 540588.6538461539)
[1, 4, 10, 23, 57, 132, 301, 701, 1654, 3789, 8992, 20283]...: 5938106: ACCEPTED IN 11 TRIES, (AVG 539827.8181818182)
[1, 4, 10, 23, 57, 132, 301, 701, 1654, 3789, 8992, 20284]...: 9726272: ACCEPTED IN 18 TRIES, (AVG 540348.4444444445)
[1, 4, 10, 23, 57, 132, 301, 701, 1654, 3789, 8992, 20288]...: 9184292: ACCEPTED IN 17 TRIES, (AVG 540252.4705882353)
[1, 4, 10, 23, 57, 132, 301, 701, 1654, 3789, 8992, 20292]...: 11890596: ACCEPTED IN 22 TRIES, (AVG 540481.6363636364)
[1, 4, 10, 23, 57, 132, 301, 701, 1654, 3789, 8992, 20296]...: 8643797: ACCEPTED IN 16 TRIES, (AVG 540237.3125)
[1, 4, 10, 23, 57, 132, 301, 701, 1654, 3789, 8992, 20300]...: 14054958: ACCEPTED IN 26 TRIES, (AVG 540575.3076923077)
[1, 4, 10, 23, 57, 132, 301, 701, 1654, 3789, 8992, 20304]...: 11349145: ACCEPTED IN 21 TRIES, (AVG 540435.4761904762)
[1, 4, 10, 23, 57, 132, 301, 701, 1654, 3789, 8992, 20308]...: 5938000: ACCEPTED IN 11 TRIES, (AVG 539818.1818181818)
[1, 4, 10, 23, 57, 132, 301, 701, 1654, 3789, 8992, 20316]...: 10808156: ACCEPTED IN 20 TRIES, (AVG 540407.8)
[1, 4, 10, 23, 57, 132, 301, 701, 1654, 3789, 8992, 20321]...: 10807489: ACCEPTED IN 20 TRIES, (AVG 540374.45)
[1, 4, 10, 23, 57, 132, 301, 701, 1654, 3789, 8992, 20325]...: 4855050: ACCEPTED IN 9 TRIES, (AVG 539450.0)
[1, 4, 10, 23, 57, 132, 301, 701, 1654, 3789, 8992, 20329]...: 11349058: ACCEPTED IN 21 TRIES, (AVG 540431.3333333334)
[1, 4, 10, 23, 57, 132, 301, 701, 1654, 3789, 8992, 20333]...: 10266484: ACCEPTED IN 19 TRIES, (AVG 540341.2631578947)
[1, 4, 10, 23, 57, 132, 301, 701, 1654, 3789, 8992, 20337]...: 5936913: ACCEPTED IN 11 TRIES, (AVG 539719.3636363636)
[1, 4, 10, 23, 57, 132, 301, 701, 1654, 3789, 8992, 20341]...: 5936504: ACCEPTED IN 11 TRIES, (AVG 539682.1818181818)
[1, 4, 10, 23, 57, 132, 301, 701, 1654, 3789, 8992, 20345]...: 8102538: ACCEPTED IN 15 TRIES, (AVG 540169.2)
[1, 4, 10, 23, 57, 132, 301, 701, 1654, 3789, 8992, 20350]...: 10808296: ACCEPTED IN 20 TRIES, (AVG 540414.8)
[1, 4, 10, 23, 57, 132, 301, 701, 1654, 3789, 8992, 20358]...: 9183776: ACCEPTED IN 17 TRIES, (AVG 540222.1176470588)
[1, 4, 10, 23, 57, 132, 301, 701, 1654, 3789, 8992, 20362]...: 14054252: ACCEPTED IN 26 TRIES, (AVG 540548.1538461539)
[1, 4, 10, 23, 57, 132, 301, 701, 1654, 3789, 8992, 20366]...: 8643120: ACCEPTED IN 16 TRIES, (AVG 540195.0)
[1, 4, 10, 23, 57, 132, 301, 701, 1654, 3789, 8992, 20370]...: 5937262: ACCEPTED IN 11 TRIES, (AVG 539751.0909090909)
[1, 4, 10, 23, 57, 132, 301, 701, 1654, 3789, 8992, 20374]...: 10266086: ACCEPTED IN 19 TRIES, (AVG 540320.3157894737)
[1, 4, 10, 23, 57, 132, 301, 701, 1654, 3789, 8992, 20378]...: 5937176: ACCEPTED IN 11 TRIES, (AVG 539743.2727272727)
[1, 4, 10, 23, 57, 132, 301, 701, 1654, 3789, 8992, 20382]...: 7560432: ACCEPTED IN 14 TRIES, (AVG 540030.8571428572)
[1, 4, 10, 23, 57, 132, 301, 701, 1654, 3789, 8992, 20383]...: 8642470: ACCEPTED IN 16 TRIES, (AVG 540154.375)
[1, 4, 10, 23, 57, 132, 301, 701, 1654, 3789, 8992, 20387]...: 8102963: ACCEPTED IN 15 TRIES, (AVG 540197.5333333333)
[1, 4, 10, 23, 57, 132, 301, 701, 1654, 3789, 8992, 20391]...: 5938162: ACCEPTED IN 11 TRIES, (AVG 539832.9090909091)
[1, 4, 10, 23, 57, 132, 301, 701, 1654, 3789, 8992, 20395]...: 7561944: ACCEPTED IN 14 TRIES, (AVG 540138.8571428572)
[1, 4, 10, 23, 57, 132, 301, 701, 1654, 3789, 8992, 20399]...: 9725688: ACCEPTED IN 18 TRIES, (AVG 540316.0)
[1, 4, 10, 23, 57, 132, 301, 701, 1654, 3789, 8992, 20403]...: 8643457: ACCEPTED IN 16 TRIES, (AVG 540216.0625)
[1, 4, 10, 23, 57, 132, 301, 701, 1654, 3789, 8992, 20407]...: 11889725: ACCEPTED IN 22 TRIES, (AVG 540442.0454545454)
[1, 4, 10, 23, 57, 132, 301, 701, 1654, 3789, 8992, 20411]...: 4313914: ACCEPTED IN 8 TRIES, (AVG 539239.25)
[1, 4, 10, 23, 57, 132, 301, 701, 1654, 3789, 8992, 20415]...: 11348742: ACCEPTED IN 21 TRIES, (AVG 540416.2857142857)
[1, 4, 10, 23, 57, 132, 301, 701, 1654, 3789, 8992, 20416]...: 9724164: ACCEPTED IN 18 TRIES, (AVG 540231.3333333334)
[1, 4, 10, 23, 57, 132, 301, 701, 1654, 3789, 8992, 20420]...: 5937653: ACCEPTED IN 11 TRIES, (AVG 539786.6363636364)
[1, 4, 10, 23, 57, 132, 301, 701, 1654, 3789, 8992, 20424]...: 4856164: ACCEPTED IN 9 TRIES, (AVG 539573.7777777778)
[1, 4, 10, 23, 57, 132, 301, 701, 1654, 3789, 8992, 20428]...: 12429694: ACCEPTED IN 23 TRIES, (AVG 540421.4782608695)
[1, 4, 10, 23, 57, 132, 301, 701, 1654, 3789, 8992, 20432]...: 8642083: ACCEPTED IN 16 TRIES, (AVG 540130.1875)
[1, 4, 10, 23, 57, 132, 301, 701, 1654, 3789, 8992, 20436]...: 6479304: ACCEPTED IN 12 TRIES, (AVG 539942.0)
[1, 4, 10, 23, 57, 132, 301, 701, 1654, 3789, 8992, 20440]...: 7561617: ACCEPTED IN 14 TRIES, (AVG 540115.5)
[1, 4, 10, 23, 57, 132, 301, 701, 1654, 3789, 8992, 20448]...: 8102254: ACCEPTED IN 15 TRIES, (AVG 540150.2666666667)
[1, 4, 10, 23, 57, 132, 301, 701, 1654, 3789, 8992, 20452]...: 5937597: ACCEPTED IN 11 TRIES, (AVG 539781.5454545454)
[1, 4, 10, 23, 57, 132, 301, 701, 1654, 3789, 8992, 20453]...: 11349288: ACCEPTED IN 21 TRIES, (AVG 540442.2857142857)
[1, 4, 10, 23, 57, 132, 301, 701, 1654, 3789, 8992, 20457]...: 10266577: ACCEPTED IN 19 TRIES, (AVG 540346.1578947369)
[1, 4, 10, 23, 57, 132, 301, 701, 1654, 3789, 8992, 20461]...: 3772955: ACCEPTED IN 7 TRIES, (AVG 538993.5714285715)
[1, 4, 10, 23, 57, 132, 301, 701, 1654, 3789, 8992, 20465]...: 5938257: ACCEPTED IN 11 TRIES, (AVG 539841.5454545454)
[1, 4, 10, 23, 57, 132, 301, 701, 1654, 3789, 8992, 20469]...: 4855774: ACCEPTED IN 9 TRIES, (AVG 539530.4444444445)
[1, 4, 10, 23, 57, 132, 301, 701, 1654, 3789, 8992, 20473]...: 4313535: ACCEPTED IN 8 TRIES, (AVG 539191.875)
[1, 4, 10, 23, 57, 132, 301, 701, 1654, 3789, 8992, 20477]...: 14053200: ACCEPTED IN 26 TRIES, (AVG 540507.6923076923)
[1, 4, 10, 23, 57, 132, 301, 701, 1654, 3789, 8992, 20478]...: 5937469: ACCEPTED IN 11 TRIES, (AVG 539769.9090909091)
[1, 4, 10, 23, 57, 132, 301, 701, 1654, 3789, 8992, 20482]...: 4856061: ACCEPTED IN 9 TRIES, (AVG 539562.3333333334)
[1, 4, 10, 23, 57, 132, 301, 701, 1654, 3789, 8992, 20490]...: 5936943: ACCEPTED IN 11 TRIES, (AVG 539722.0909090909)
[1, 4, 10, 23, 57, 132, 301, 701, 1654, 3789, 8992, 20494]...: 11346790: ACCEPTED IN 21 TRIES, (AVG 540323.3333333334)
[1, 4, 10, 23, 57, 132, 301, 701, 1654, 3789, 8992, 20498]...: 11347292: ACCEPTED IN 21 TRIES, (AVG 540347.2380952381)
[1, 4, 10, 23, 57, 132, 301, 701, 1654, 3789, 8992, 20502]...: 5937492: ACCEPTED IN 11 TRIES, (AVG 539772.0)
[1, 4, 10, 23, 57, 132, 301, 701, 1654, 3789, 8992, 20506]...: 4854848: ACCEPTED IN 9 TRIES, (AVG 539427.5555555555)
[1, 4, 10, 23, 57, 132, 301, 701, 1654, 3789, 8992, 20510]...: 6479385: ACCEPTED IN 12 TRIES, (AVG 539948.75)
[1, 4, 10, 23, 57, 132, 301, 701, 1654, 3789, 8992, 20514]...: 11349639: ACCEPTED IN 21 TRIES, (AVG 540459.0)
[1, 4, 10, 23, 57, 132, 301, 701, 1654, 3789, 8992, 20515]...: 13513776: ACCEPTED IN 25 TRIES, (AVG 540551.04)
[1, 4, 10, 23, 57, 132, 301, 701, 1654, 3789, 8992, 20519]...: 9724582: ACCEPTED IN 18 TRIES, (AVG 540254.5555555555)
[1, 4, 10, 23, 57, 132, 301, 701, 1654, 3789, 8992, 20523]...: 8103019: ACCEPTED IN 15 TRIES, (AVG 540201.2666666667)
[1, 4, 10, 23, 57, 132, 301, 701, 1654, 3789, 8992, 20527]...: 5937400: ACCEPTED IN 11 TRIES, (AVG 539763.6363636364)
[1, 4, 10, 23, 57, 132, 301, 701, 1654, 3789, 8992, 20531]...: 4854092: ACCEPTED IN 9 TRIES, (AVG 539343.5555555555)
[1, 4, 10, 23, 57, 132, 301, 701, 1654, 3789, 8992, 20535]...: 5936686: ACCEPTED IN 11 TRIES, (AVG 539698.7272727273)
[1, 4, 10, 23, 57, 132, 301, 701, 1654, 3789, 8992, 20539]...: 4313336: ACCEPTED IN 8 TRIES, (AVG 539167.0)
[1, 4, 10, 23, 57, 132, 301, 701, 1654, 3789, 8992, 20543]...: 4856245: ACCEPTED IN 9 TRIES, (AVG 539582.7777777778)
[1, 4, 10, 23, 57, 132, 301, 701, 1654, 3789, 8992, 20547]...: 8102093: ACCEPTED IN 15 TRIES, (AVG 540139.5333333333)
[1, 4, 10, 23, 57, 132, 301, 701, 1654, 3789, 8992, 20548]...: 4313894: ACCEPTED IN 8 TRIES, (AVG 539236.75)
[1, 4, 10, 23, 57, 132, 301, 701, 1654, 3789, 8992, 20552]...: 5934196: ACCEPTED IN 11 TRIES, (AVG 539472.3636363636)
[1, 4, 10, 23, 57, 132, 301, 701, 1654, 3789, 8992, 20556]...: 9726283: ACCEPTED IN 18 TRIES, (AVG 540349.0555555555)
[1, 4, 10, 23, 57, 132, 301, 701, 1654, 3789, 8992, 20560]...: 4314719: ACCEPTED IN 8 TRIES, (AVG 539339.875)
[1, 4, 10, 23, 57, 132, 301, 701, 1654, 3789, 8992, 20564]...: 5938358: ACCEPTED IN 11 TRIES, (AVG 539850.7272727273)
[1, 4, 10, 23, 57, 132, 301, 701, 1654, 3789, 8992, 20568]...: 4853433: ACCEPTED IN 9 TRIES, (AVG 539270.3333333334)
[1, 4, 10, 23, 57, 132, 301, 701, 1654, 3789, 8992, 20572]...: 4856288: ACCEPTED IN 9 TRIES, (AVG 539587.5555555555)
[1, 4, 10, 23, 57, 132, 301, 701, 1654, 3789, 8992, 20580]...: 5937840: ACCEPTED IN 11 TRIES, (AVG 539803.6363636364)
[1, 4, 10, 23, 57, 132, 301, 701, 1654, 3789, 8992, 20585]...: 7561475: ACCEPTED IN 14 TRIES, (AVG 540105.3571428572)
[1, 4, 10, 23, 57, 132, 301, 701, 1654, 3789, 8992, 20589]...: 7020063: ACCEPTED IN 13 TRIES, (AVG 540004.8461538461)
[1, 4, 10, 23, 57, 132, 301, 701, 1654, 3789, 8992, 20593]...: 4313869: ACCEPTED IN 8 TRIES, (AVG 539233.625)
[1, 4, 10, 23, 57, 132, 301, 701, 1654, 3789, 8992, 20597]...: 8641746: ACCEPTED IN 16 TRIES, (AVG 540109.125)
[1, 4, 10, 23, 57, 132, 301, 701, 1654, 3789, 8992, 20601]...: 9726276: ACCEPTED IN 18 TRIES, (AVG 540348.6666666666)
[1, 4, 10, 23, 57, 132, 301, 701, 1654, 3789, 8992, 20605]...: 7020086: ACCEPTED IN 13 TRIES, (AVG 540006.6153846154)
[1, 4, 10, 23, 57, 132, 301, 701, 1654, 3789, 8992, 20609]...: 4314422: ACCEPTED IN 8 TRIES, (AVG 539302.75)
[1, 4, 10, 23, 57, 132, 301, 701, 1654, 3789, 8992, 20614]...: 8644120: ACCEPTED IN 16 TRIES, (AVG 540257.5)
[1, 4, 10, 23, 57, 132, 301, 701, 1654, 3789, 8992, 20622]...: 8643189: ACCEPTED IN 16 TRIES, (AVG 540199.3125)
[1, 4, 10, 23, 57, 132, 301, 701, 1654, 3789, 8992, 20626]...: 3232862: ACCEPTED IN 6 TRIES, (AVG 538810.3333333334)
[1, 4, 10, 23, 57, 132, 301, 701, 1654, 3789, 8992, 20630]...: 5936612: ACCEPTED IN 11 TRIES, (AVG 539692.0)
[1, 4, 10, 23, 57, 132, 301, 701, 1654, 3789, 8992, 20634]...: 4313205: ACCEPTED IN 8 TRIES, (AVG 539150.625)
[1, 4, 10, 23, 57, 132, 301, 701, 1654, 3789, 8992, 20638]...: 4315078: ACCEPTED IN 8 TRIES, (AVG 539384.75)
[1, 4, 10, 23, 57, 132, 301, 701, 1654, 3789, 8992, 20642]...: 11889424: ACCEPTED IN 22 TRIES, (AVG 540428.3636363636)
[1, 4, 10, 23, 57, 132, 301, 701, 1654, 3789, 8992, 20646]...: 9725448: ACCEPTED IN 18 TRIES, (AVG 540302.6666666666)
[1, 4, 10, 23, 57, 132, 301, 701, 1654, 3789, 8992, 20647]...: 7018350: ACCEPTED IN 13 TRIES, (AVG 539873.0769230769)
[1, 4, 10, 23, 57, 132, 301, 701, 1654, 3789, 8992, 20651]...: 5938560: ACCEPTED IN 11 TRIES, (AVG 539869.0909090909)
[1, 4, 10, 23, 57, 132, 301, 701, 1654, 3789, 8992, 20655]...: 13514502: ACCEPTED IN 25 TRIES, (AVG 540580.08)
[1, 4, 10, 23, 57, 132, 301, 701, 1654, 3789, 8992, 20659]...: 5397175: ACCEPTED IN 10 TRIES, (AVG 539717.5)
[1, 4, 10, 23, 57, 132, 301, 701, 1654, 3789, 8992, 20663]...: 5938656: ACCEPTED IN 11 TRIES, (AVG 539877.8181818182)
[1, 4, 10, 23, 57, 132, 301, 701, 1654, 3789, 8992, 20667]...: 9725343: ACCEPTED IN 18 TRIES, (AVG 540296.8333333334)
[1, 4, 10, 23, 57, 132, 301, 701, 1654, 3789, 8992, 20671]...: 10267663: ACCEPTED IN 19 TRIES, (AVG 540403.3157894737)
[1, 4, 10, 23, 57, 132, 301, 701, 1654, 3789, 8992, 20675]...: 4854369: ACCEPTED IN 9 TRIES, (AVG 539374.3333333334)
[1, 4, 10, 23, 57, 132, 301, 701, 1654, 3789, 8992, 20679]...: 4854263: ACCEPTED IN 9 TRIES, (AVG 539362.5555555555)
[1, 4, 10, 23, 57, 132, 301, 701, 1654, 3789, 8992, 20683]...: 7561630: ACCEPTED IN 14 TRIES, (AVG 540116.4285714285)
[1, 4, 10, 23, 57, 132, 301, 701, 1654, 3789, 8992, 20684]...: 9726135: ACCEPTED IN 18 TRIES, (AVG 540340.8333333334)
[1, 4, 10, 23, 57, 132, 301, 701, 1654, 3789, 8992, 20688]...: 8642084: ACCEPTED IN 16 TRIES, (AVG 540130.25)
[1, 4, 10, 23, 57, 132, 301, 701, 1654, 3789, 8992, 20692]...: 5936475: ACCEPTED IN 11 TRIES, (AVG 539679.5454545454)
[1, 4, 10, 23, 57, 132, 301, 701, 1654, 3789, 8992, 20696]...: 3774055: ACCEPTED IN 7 TRIES, (AVG 539150.7142857143)
[1, 4, 10, 23, 57, 132, 301, 701, 1654, 3789, 8992, 20700]...: 13512739: ACCEPTED IN 25 TRIES, (AVG 540509.56)
[1, 4, 10, 23, 57, 132, 301, 701, 1654, 3789, 8992, 20704]...: 11346357: ACCEPTED IN 21 TRIES, (AVG 540302.7142857143)
[1, 4, 10, 23, 57, 132, 301, 701, 1654, 3789, 8992, 20712]...: 9725949: ACCEPTED IN 18 TRIES, (AVG 540330.5)
[1, 4, 10, 23, 57, 132, 301, 701, 1654, 3789, 8992, 20717]...: 9184287: ACCEPTED IN 17 TRIES, (AVG 540252.1764705882)
[1, 4, 10, 23, 57, 132, 301, 701, 1654, 3789, 8992, 20721]...: 10265784: ACCEPTED IN 19 TRIES, (AVG 540304.4210526316)
[1, 4, 10, 23, 57, 132, 301, 701, 1654, 3789, 8992, 20725]...: 5938242: ACCEPTED IN 11 TRIES, (AVG 539840.1818181818)
[1, 4, 10, 23, 57, 132, 301, 701, 1654, 3789, 8992, 20729]...: 7020900: ACCEPTED IN 13 TRIES, (AVG 540069.2307692308)
[1, 4, 10, 23, 57, 132, 301, 701, 1654, 3789, 8992, 20733]...: 4856096: ACCEPTED IN 9 TRIES, (AVG 539566.2222222222)
[1, 4, 10, 23, 57, 132, 301, 701, 1654, 3789, 8992, 20737]...: 8642253: ACCEPTED IN 16 TRIES, (AVG 540140.8125)
[1, 4, 10, 23, 57, 132, 301, 701, 1654, 3789, 8992, 20741]...: 7561017: ACCEPTED IN 14 TRIES, (AVG 540072.6428571428)
[1, 4, 10, 23, 57, 132, 301, 701, 1654, 3789, 8992, 20746]...: 4314076: ACCEPTED IN 8 TRIES, (AVG 539259.5)
[1, 4, 10, 23, 57, 132, 301, 701, 1654, 3789, 8992, 20753]...: 3773027: ACCEPTED IN 7 TRIES, (AVG 539003.8571428572)
[1, 4, 10, 23, 57, 132, 301, 701, 1654, 3789, 8992, 20754]...: 9726632: ACCEPTED IN 18 TRIES, (AVG 540368.4444444445)
[1, 4, 10, 23, 57, 132, 301, 701, 1654, 3789, 8992, 20758]...: 8102445: ACCEPTED IN 15 TRIES, (AVG 540163.0)
[1, 4, 10, 23, 57, 132, 301, 701, 1654, 3789, 8992, 20762]...: 5937849: ACCEPTED IN 11 TRIES, (AVG 539804.4545454546)
[1, 4, 10, 23, 57, 132, 301, 701, 1654, 3789, 8992, 20766]...: 7020664: ACCEPTED IN 13 TRIES, (AVG 540051.0769230769)
[1, 4, 10, 23, 57, 132, 301, 701, 1654, 3789, 8992, 20770]...: 7561571: ACCEPTED IN 14 TRIES, (AVG 540112.2142857143)
[1, 4, 10, 23, 57, 132, 301, 701, 1654, 3789, 8992, 20774]...: 5937130: ACCEPTED IN 11 TRIES, (AVG 539739.0909090909)
[1, 4, 10, 23, 57, 132, 301, 701, 1654, 3789, 8992, 20778]...: 5395655: ACCEPTED IN 10 TRIES, (AVG 539565.5)
[1, 4, 10, 23, 57, 132, 301, 701, 1654, 3789, 8992, 20779]...: 12430030: ACCEPTED IN 23 TRIES, (AVG 540436.0869565217)
[1, 4, 10, 23, 57, 132, 301, 701, 1654, 3789, 8992, 20783]...: 10265768: ACCEPTED IN 19 TRIES, (AVG 540303.5789473684)
[1, 4, 10, 23, 57, 132, 301, 701, 1654, 3789, 8992, 20787]...: 8102258: ACCEPTED IN 15 TRIES, (AVG 540150.5333333333)
[1, 4, 10, 23, 57, 132, 301, 701, 1654, 3789, 8992, 20791]...: 10266727: ACCEPTED IN 19 TRIES, (AVG 540354.052631579)
[1, 4, 10, 23, 57, 132, 301, 701, 1654, 3789, 8992, 20795]...: 10267548: ACCEPTED IN 19 TRIES, (AVG 540397.2631578947)
[1, 4, 10, 23, 57, 132, 301, 701, 1654, 3789, 8992, 20799]...: 9726399: ACCEPTED IN 18 TRIES, (AVG 540355.5)
[1, 4, 10, 23, 57, 132, 301, 701, 1654, 3789, 8992, 20803]...: 8644107: ACCEPTED IN 16 TRIES, (AVG 540256.6875)
[1, 4, 10, 23, 57, 132, 301, 701, 1654, 3789, 8992, 20807]...: 4314834: ACCEPTED IN 8 TRIES, (AVG 539354.25)
[1, 4, 10, 23, 57, 132, 301, 701, 1654, 3789, 8992, 20808]...: 7020915: ACCEPTED IN 13 TRIES, (AVG 540070.3846153846)
[1, 4, 10, 23, 57, 132, 301, 701, 1654, 3789, 8992, 20811]...: 7020497: ACCEPTED IN 13 TRIES, (AVG 540038.2307692308)
[1, 4, 10, 23, 57, 132, 301, 701, 1654, 3789, 8992, 20815]...: 4315302: ACCEPTED IN 8 TRIES, (AVG 539412.75)
[1, 4, 10, 23, 57, 132, 301, 701, 1654, 3789, 8992, 20816]...: 4315216: ACCEPTED IN 8 TRIES, (AVG 539402.0)
[1, 4, 10, 23, 57, 132, 301, 701, 1654, 3789, 8992, 20820]...: 11347832: ACCEPTED IN 21 TRIES, (AVG 540372.9523809524)
[1, 4, 10, 23, 57, 132, 301, 701, 1654, 3789, 8992, 20824]...: 4312517: ACCEPTED IN 8 TRIES, (AVG 539064.625)
[1, 4, 10, 23, 57, 132, 301, 701, 1654, 3789, 8992, 20828]...: 9726411: ACCEPTED IN 18 TRIES, (AVG 540356.1666666666)
[1, 4, 10, 23, 57, 132, 301, 701, 1654, 3789, 8992, 20832]...: 5938269: ACCEPTED IN 11 TRIES, (AVG 539842.6363636364)
[1, 4, 10, 23, 57, 132, 301, 701, 1654, 3789, 8992, 20836]...: 11348613: ACCEPTED IN 21 TRIES, (AVG 540410.1428571428)
[1, 4, 10, 23, 57, 132, 301, 701, 1654, 3789, 8992, 20844]...: 4855586: ACCEPTED IN 9 TRIES, (AVG 539509.5555555555)
[1, 4, 10, 23, 57, 132, 301, 701, 1654, 3789, 8992, 20849]...: 7020868: ACCEPTED IN 13 TRIES, (AVG 540066.7692307692)
[1, 4, 10, 23, 57, 132, 301, 701, 1654, 3789, 8992, 20853]...: 4314740: ACCEPTED IN 8 TRIES, (AVG 539342.5)
[1, 4, 10, 23, 57, 132, 301, 701, 1654, 3789, 8992, 20857]...: 9184179: ACCEPTED IN 17 TRIES, (AVG 540245.8235294118)
[1, 4, 10, 23, 57, 132, 301, 701, 1654, 3789, 8992, 20861]...: 11349572: ACCEPTED IN 21 TRIES, (AVG 540455.8095238095)
[1, 4, 10, 23, 57, 132, 301, 701, 1654, 3789, 8992, 20865]...: 11347556: ACCEPTED IN 21 TRIES, (AVG 540359.8095238095)
[1, 4, 10, 23, 57, 132, 301, 701, 1654, 3789, 8992, 20869]...: 4856064: ACCEPTED IN 9 TRIES, (AVG 539562.6666666666)
[1, 4, 10, 23, 57, 132, 301, 701, 1654, 3789, 8992, 20873]...: 4314780: ACCEPTED IN 8 TRIES, (AVG 539347.5)
[1, 4, 10, 23, 57, 132, 301, 701, 1654, 3789, 8992, 20878]...: 5936968: ACCEPTED IN 11 TRIES, (AVG 539724.3636363636)
[1, 4, 10, 23, 57, 132, 301, 701, 1654, 3789, 8992, 20886]...: 7019484: ACCEPTED IN 13 TRIES, (AVG 539960.3076923077)
[1, 4, 10, 23, 57, 132, 301, 701, 1654, 3789, 8992, 20890]...: 11347561: ACCEPTED IN 21 TRIES, (AVG 540360.0476190476)
[1, 4, 10, 23, 57, 132, 301, 701, 1654, 3789, 8992, 20894]...: 5396922: ACCEPTED IN 10 TRIES, (AVG 539692.2)
[1, 4, 10, 23, 57, 132, 301, 701, 1654, 3789, 8992, 20898]...: 3773335: ACCEPTED IN 7 TRIES, (AVG 539047.8571428572)
[1, 4, 10, 23, 57, 132, 301, 701, 1654, 3789, 8992, 20902]...: 12429826: ACCEPTED IN 23 TRIES, (AVG 540427.2173913043)
[1, 4, 10, 23, 57, 132, 301, 701, 1654, 3789, 8992, 20906]...: 5937067: ACCEPTED IN 11 TRIES, (AVG 539733.3636363636)
[1, 4, 10, 23, 57, 132, 301, 701, 1654, 3789, 8992, 20910]...: 10266736: ACCEPTED IN 19 TRIES, (AVG 540354.5263157894)
[1, 4, 10, 23, 57, 132, 301, 701, 1654, 3789, 8992, 20915]...: 4853555: ACCEPTED IN 9 TRIES, (AVG 539283.8888888889)
[1, 4, 10, 23, 57, 132, 301, 701, 1654, 3789, 8992, 20919]...: 4855341: ACCEPTED IN 9 TRIES, (AVG 539482.3333333334)
[1, 4, 10, 23, 57, 132, 301, 701, 1654, 3789, 8992, 20923]...: 5395637: ACCEPTED IN 10 TRIES, (AVG 539563.7)
[1, 4, 10, 23, 57, 132, 301, 701, 1654, 3789, 8992, 20927]...: 3769985: ACCEPTED IN 7 TRIES, (AVG 538569.2857142857)
[1, 4, 10, 23, 57, 132, 301, 701, 1654, 3789, 8992, 20931]...: 7020645: ACCEPTED IN 13 TRIES, (AVG 540049.6153846154)
[1, 4, 10, 23, 57, 132, 301, 701, 1654, 3789, 8992, 20935]...: 8102173: ACCEPTED IN 15 TRIES, (AVG 540144.8666666667)
[1, 4, 10, 23, 57, 132, 301, 701, 1654, 3789, 8992, 20939]...: 6479055: ACCEPTED IN 12 TRIES, (AVG 539921.25)
[1, 4, 10, 23, 57, 132, 301, 701, 1654, 3789, 8992, 20940]...: 4856072: ACCEPTED IN 9 TRIES, (AVG 539563.5555555555)
[1, 4, 10, 23, 57, 132, 301, 701, 1654, 3789, 8992, 20943]...: 4855400: ACCEPTED IN 9 TRIES, (AVG 539488.8888888889)
[1, 4, 10, 23, 57, 132, 301, 701, 1654, 3789, 8992, 20947]...: 12430662: ACCEPTED IN 23 TRIES, (AVG 540463.5652173914)
[1, 4, 10, 23, 57, 132, 301, 701, 1654, 3789, 8992, 20948]...: 4313843: ACCEPTED IN 8 TRIES, (AVG 539230.375)
[1, 4, 10, 23, 57, 132, 301, 701, 1654, 3789, 8992, 20952]...: 11349709: ACCEPTED IN 21 TRIES, (AVG 540462.3333333334)
[1, 4, 10, 23, 57, 132, 301, 701, 1654, 3789, 8992, 20956]...: 4313676: ACCEPTED IN 8 TRIES, (AVG 539209.5)
[1, 4, 10, 23, 57, 132, 301, 701, 1654, 3789, 8992, 20960]...: 4855697: ACCEPTED IN 9 TRIES, (AVG 539521.8888888889)
[1, 4, 10, 23, 57, 132, 301, 701, 1654, 3789, 8992, 20964]...: 4314137: ACCEPTED IN 8 TRIES, (AVG 539267.125)
[1, 4, 10, 23, 57, 132, 301, 701, 1654, 3789, 8992, 20968]...: 4313940: ACCEPTED IN 8 TRIES, (AVG 539242.5)
[1, 4, 10, 23, 57, 132, 301, 701, 1654, 3789, 8992, 20976]...: 11347307: ACCEPTED IN 21 TRIES, (AVG 540347.9523809524)
[1, 4, 10, 23, 57, 132, 301, 701, 1654, 3789, 8992, 20981]...: 5937052: ACCEPTED IN 11 TRIES, (AVG 539732.0)
[1, 4, 10, 23, 57, 132, 301, 701, 1654, 3789, 8992, 20984]...: 5397042: ACCEPTED IN 10 TRIES, (AVG 539704.2)
[1, 4, 10, 23, 57, 132, 301, 701, 1654, 3789, 8992, 20985]...: 8643148: ACCEPTED IN 16 TRIES, (AVG 540196.75)
[1, 4, 10, 23, 57, 132, 301, 701, 1654, 3789, 8992, 20989]...: 5937771: ACCEPTED IN 11 TRIES, (AVG 539797.3636363636)
[1, 4, 10, 23, 57, 132, 301, 701, 1654, 3789, 8992, 20993]...: 5935073: ACCEPTED IN 11 TRIES, (AVG 539552.0909090909)
[1, 4, 10, 23, 57, 132, 301, 701, 1654, 3789, 8992, 20997]...: 9185017: ACCEPTED IN 17 TRIES, (AVG 540295.1176470588)
[1, 4, 10, 23, 57, 132, 301, 701, 1654, 3789, 8992, 21001]...: 4856247: ACCEPTED IN 9 TRIES, (AVG 539583.0)
[1, 4, 10, 23, 57, 132, 301, 701, 1654, 3789, 8992, 21005]...: 12431657: ACCEPTED IN 23 TRIES, (AVG 540506.8260869565)
[1, 4, 10, 23, 57, 132, 301, 701, 1654, 3789, 8992, 21018]...: 4855604: ACCEPTED IN 9 TRIES, (AVG 539511.5555555555)
[1, 4, 10, 23, 57, 132, 301, 701, 1654, 3789, 8992, 21022]...: 8102616: ACCEPTED IN 15 TRIES, (AVG 540174.4)
[1, 4, 10, 23, 57, 132, 301, 701, 1654, 3789, 8992, 21026]...: 11349936: ACCEPTED IN 21 TRIES, (AVG 540473.1428571428)
[1, 4, 10, 23, 57, 132, 301, 701, 1654, 3789, 8992, 21030]...: 5937940: ACCEPTED IN 11 TRIES, (AVG 539812.7272727273)
[1, 4, 10, 23, 57, 132, 301, 701, 1654, 3789, 8992, 21034]...: 7561977: ACCEPTED IN 14 TRIES, (AVG 540141.2142857143)
[1, 4, 10, 23, 57, 132, 301, 701, 1654, 3789, 8992, 21038]...: 5397197: ACCEPTED IN 10 TRIES, (AVG 539719.7)
[1, 4, 10, 23, 57, 132, 301, 701, 1654, 3789, 8992, 21042]...: 10266152: ACCEPTED IN 19 TRIES, (AVG 540323.7894736842)
[1, 4, 10, 23, 57, 132, 301, 701, 1654, 3789, 8992, 21047]...: 9184530: ACCEPTED IN 17 TRIES, (AVG 540266.4705882353)
[1, 4, 10, 23, 57, 132, 301, 701, 1654, 3789, 8992, 21051]...: 4314405: ACCEPTED IN 8 TRIES, (AVG 539300.625)
[1, 4, 10, 23, 57, 132, 301, 701, 1654, 3789, 8992, 21055]...: 5934432: ACCEPTED IN 11 TRIES, (AVG 539493.8181818182)
[1, 4, 10, 23, 57, 132, 301, 701, 1654, 3789, 8992, 21059]...: 6479768: ACCEPTED IN 12 TRIES, (AVG 539980.6666666666)
[1, 4, 10, 23, 57, 132, 301, 701, 1654, 3789, 8992, 21060]...: 11348712: ACCEPTED IN 21 TRIES, (AVG 540414.8571428572)
[1, 4, 10, 23, 57, 132, 301, 701, 1654, 3789, 8992, 21063]...: 4853861: ACCEPTED IN 9 TRIES, (AVG 539317.8888888889)
[1, 4, 10, 23, 57, 132, 301, 701, 1654, 3789, 8992, 21067]...: 9183909: ACCEPTED IN 17 TRIES, (AVG 540229.9411764706)
[1, 4, 10, 23, 57, 132, 301, 701, 1654, 3789, 8992, 21071]...: 8644263: ACCEPTED IN 16 TRIES, (AVG 540266.4375)
[1, 4, 10, 23, 57, 132, 301, 701, 1654, 3789, 8992, 21072]...: 11347261: ACCEPTED IN 21 TRIES, (AVG 540345.7619047619)
[1, 4, 10, 23, 57, 132, 301, 701, 1654, 3789, 8992, 21075]...: 7020907: ACCEPTED IN 13 TRIES, (AVG 540069.7692307692)
[1, 4, 10, 23, 57, 132, 301, 701, 1654, 3789, 8992, 21079]...: 7018561: ACCEPTED IN 13 TRIES, (AVG 539889.3076923077)
[1, 4, 10, 23, 57, 132, 301, 701, 1654, 3789, 8992, 21080]...: 5396048: ACCEPTED IN 10 TRIES, (AVG 539604.8)
[1, 4, 10, 23, 57, 132, 301, 701, 1654, 3789, 8992, 21084]...: 11889451: ACCEPTED IN 22 TRIES, (AVG 540429.5909090909)
[1, 4, 10, 23, 57, 132, 301, 701, 1654, 3789, 8992, 21088]...: 8642951: ACCEPTED IN 16 TRIES, (AVG 540184.4375)
[1, 4, 10, 23, 57, 132, 301, 701, 1654, 3789, 8992, 21092]...: 4853644: ACCEPTED IN 9 TRIES, (AVG 539293.7777777778)
[1, 4, 10, 23, 57, 132, 301, 701, 1654, 3789, 8992, 21096]...: 8643286: ACCEPTED IN 16 TRIES, (AVG 540205.375)
[1, 4, 10, 23, 57, 132, 301, 701, 1654, 3789, 8992, 21100]...: 3773497: ACCEPTED IN 7 TRIES, (AVG 539071.0)
[1, 4, 10, 23, 57, 132, 301, 701, 1654, 3789, 8992, 21104]...: 5936728: ACCEPTED IN 11 TRIES, (AVG 539702.5454545454)
[1, 4, 10, 23, 57, 132, 301, 701, 1654, 3789, 8992, 21108]...: 8644225: ACCEPTED IN 16 TRIES, (AVG 540264.0625)
[1, 4, 10, 23, 57, 132, 301, 701, 1654, 3789, 8992, 21109]...: 5937310: ACCEPTED IN 11 TRIES, (AVG 539755.4545454546)
[1, 4, 10, 23, 57, 132, 301, 701, 1654, 3789, 8992, 21113]...: 4855448: ACCEPTED IN 9 TRIES, (AVG 539494.2222222222)
[1, 4, 10, 23, 57, 132, 301, 701, 1654, 3789, 8992, 21116]...: 10265283: ACCEPTED IN 19 TRIES, (AVG 540278.052631579)
[1, 4, 10, 23, 57, 132, 301, 701, 1654, 3789, 8992, 21117]...: 11348025: ACCEPTED IN 21 TRIES, (AVG 540382.1428571428)
[1, 4, 10, 23, 57, 132, 301, 701, 1654, 3789, 8992, 21121]...: 15137252: ACCEPTED IN 28 TRIES, (AVG 540616.1428571428)
[1, 4, 10, 23, 57, 132, 301, 701, 1654, 3789, 8992, 21125]...: 5396676: ACCEPTED IN 10 TRIES, (AVG 539667.6)
[1, 4, 10, 23, 57, 132, 301, 701, 1654, 3789, 8992, 21129]...: 8101868: ACCEPTED IN 15 TRIES, (AVG 540124.5333333333)
[1, 4, 10, 23, 57, 132, 301, 701, 1654, 3789, 8992, 21133]...: 4856239: ACCEPTED IN 9 TRIES, (AVG 539582.1111111111)
[1, 4, 10, 23, 57, 132, 301, 701, 1654, 3789, 8992, 21137]...: 9726361: ACCEPTED IN 18 TRIES, (AVG 540353.3888888889)
[1, 4, 10, 23, 57, 132, 301, 701, 1654, 3789, 8992, 21150]...: 4313888: ACCEPTED IN 8 TRIES, (AVG 539236.0)
[1, 4, 10, 23, 57, 132, 301, 701, 1654, 3789, 8992, 21154]...: 11890500: ACCEPTED IN 22 TRIES, (AVG 540477.2727272727)
[1, 4, 10, 23, 57, 132, 301, 701, 1654, 3789, 8992, 21158]...: 4855679: ACCEPTED IN 9 TRIES, (AVG 539519.8888888889)
[1, 4, 10, 23, 57, 132, 301, 701, 1654, 3789, 8992, 21162]...: 4315109: ACCEPTED IN 8 TRIES, (AVG 539388.625)
[1, 4, 10, 23, 57, 132, 301, 701, 1654, 3789, 8992, 21166]...: 5934430: ACCEPTED IN 11 TRIES, (AVG 539493.6363636364)
[1, 4, 10, 23, 57, 132, 301, 701, 1654, 3789, 8992, 21170]...: 7561751: ACCEPTED IN 14 TRIES, (AVG 540125.0714285715)
[1, 4, 10, 23, 57, 132, 301, 701, 1654, 3789, 8992, 21174]...: 12970337: ACCEPTED IN 24 TRIES, (AVG 540430.7083333334)
[1, 4, 10, 23, 57, 132, 301, 701, 1654, 3789, 8992, 21179]...: 5397041: ACCEPTED IN 10 TRIES, (AVG 539704.1)
[1, 4, 10, 23, 57, 132, 301, 701, 1654, 3789, 8992, 21183]...: 5937137: ACCEPTED IN 11 TRIES, (AVG 539739.7272727273)
[1, 4, 10, 23, 57, 132, 301, 701, 1654, 3789, 8992, 21187]...: 5396660: ACCEPTED IN 10 TRIES, (AVG 539666.0)
[1, 4, 10, 23, 57, 132, 301, 701, 1654, 3789, 8992, 21191]...: 10267196: ACCEPTED IN 19 TRIES, (AVG 540378.7368421053)
[1, 4, 10, 23, 57, 132, 301, 701, 1654, 3789, 8992, 21192]...: 7561506: ACCEPTED IN 14 TRIES, (AVG 540107.5714285715)
[1, 4, 10, 23, 57, 132, 301, 701, 1654, 3789, 8992, 21195]...: 7020890: ACCEPTED IN 13 TRIES, (AVG 540068.4615384615)
[1, 4, 10, 23, 57, 132, 301, 701, 1654, 3789, 8992, 21199]...: 8644283: ACCEPTED IN 16 TRIES, (AVG 540267.6875)
[1, 4, 10, 23, 57, 132, 301, 701, 1654, 3789, 8992, 21203]...: 11348347: ACCEPTED IN 21 TRIES, (AVG 540397.4761904762)
[1, 4, 10, 23, 57, 132, 301, 701, 1654, 3789, 8992, 21204]...: 7561444: ACCEPTED IN 14 TRIES, (AVG 540103.1428571428)
[1, 4, 10, 23, 57, 132, 301, 701, 1654, 3789, 8992, 21207]...: 4315106: ACCEPTED IN 8 TRIES, (AVG 539388.25)
[1, 4, 10, 23, 57, 132, 301, 701, 1654, 3789, 8992, 21211]...: 9724481: ACCEPTED IN 18 TRIES, (AVG 540248.9444444445)
[1, 4, 10, 23, 57, 132, 301, 701, 1654, 3789, 8992, 21212]...: 4854847: ACCEPTED IN 9 TRIES, (AVG 539427.4444444445)
[1, 4, 10, 23, 57, 132, 301, 701, 1654, 3789, 8992, 21216]...: 8643900: ACCEPTED IN 16 TRIES, (AVG 540243.75)
[1, 4, 10, 23, 57, 132, 301, 701, 1654, 3789, 8992, 21220]...: 5937782: ACCEPTED IN 11 TRIES, (AVG 539798.3636363636)
[1, 4, 10, 23, 57, 132, 301, 701, 1654, 3789, 8992, 21224]...: 10267292: ACCEPTED IN 19 TRIES, (AVG 540383.7894736842)
[1, 4, 10, 23, 57, 132, 301, 701, 1654, 3789, 8992, 21228]...: 5937600: ACCEPTED IN 11 TRIES, (AVG 539781.8181818182)
[1, 4, 10, 23, 57, 132, 301, 701, 1654, 3789, 8992, 21232]...: 12971605: ACCEPTED IN 24 TRIES, (AVG 540483.5416666666)
[1, 4, 10, 23, 57, 132, 301, 701, 1654, 3789, 8992, 21236]...: 10808769: ACCEPTED IN 20 TRIES, (AVG 540438.45)
[1, 4, 10, 23, 57, 132, 301, 701, 1654, 3789, 8992, 21240]...: 10266051: ACCEPTED IN 19 TRIES, (AVG 540318.4736842106)
[1, 4, 10, 23, 57, 132, 301, 701, 1654, 3789, 8992, 21241]...: 4315196: ACCEPTED IN 8 TRIES, (AVG 539399.5)
[1, 4, 10, 23, 57, 132, 301, 701, 1654, 3789, 8992, 21245]...: 9184277: ACCEPTED IN 17 TRIES, (AVG 540251.5882352941)
[1, 4, 10, 23, 57, 132, 301, 701, 1654, 3789, 8992, 21248]...: 5938590: ACCEPTED IN 11 TRIES, (AVG 539871.8181818182)
[1, 4, 10, 23, 57, 132, 301, 701, 1654, 3789, 8992, 21249]...: 9726617: ACCEPTED IN 18 TRIES, (AVG 540367.6111111111)
[1, 4, 10, 23, 57, 132, 301, 701, 1654, 3789, 8992, 21253]...: 10265455: ACCEPTED IN 19 TRIES, (AVG 540287.1052631579)
[1, 4, 10, 23, 57, 132, 301, 701, 1654, 3789, 8992, 21257]...: 7561733: ACCEPTED IN 14 TRIES, (AVG 540123.7857142857)
[1, 4, 10, 23, 57, 132, 301, 701, 1654, 3789, 8992, 21261]...: 5937772: ACCEPTED IN 11 TRIES, (AVG 539797.4545454546)
[1, 4, 10, 23, 57, 132, 301, 701, 1654, 3789, 8992, 21265]...: 8102115: ACCEPTED IN 15 TRIES, (AVG 540141.0)
[1, 4, 10, 23, 57, 132, 301, 701, 1654, 3789, 8992, 21269]...: 5396063: ACCEPTED IN 10 TRIES, (AVG 539606.3)
[1, 4, 10, 23, 57, 132, 301, 701, 1654, 3789, 8992, 21282]...: 8644105: ACCEPTED IN 16 TRIES, (AVG 540256.5625)
[1, 4, 10, 23, 57, 132, 301, 701, 1654, 3789, 8992, 21286]...: 10265645: ACCEPTED IN 19 TRIES, (AVG 540297.1052631579)
[1, 4, 10, 23, 57, 132, 301, 701, 1654, 3789, 8992, 21290]...: 10266361: ACCEPTED IN 19 TRIES, (AVG 540334.7894736842)
[1, 4, 10, 23, 57, 132, 301, 701, 1654, 3789, 8992, 21294]...: 5938251: ACCEPTED IN 11 TRIES, (AVG 539841.0)
[1, 4, 10, 23, 57, 132, 301, 701, 1654, 3789, 8992, 21298]...: 9184366: ACCEPTED IN 17 TRIES, (AVG 540256.8235294118)
[1, 4, 10, 23, 57, 132, 301, 701, 1654, 3789, 8992, 21302]...: 7561851: ACCEPTED IN 14 TRIES, (AVG 540132.2142857143)
[1, 4, 10, 23, 57, 132, 301, 701, 1654, 3789, 8992, 21315]...: 5938229: ACCEPTED IN 11 TRIES, (AVG 539839.0)
[1, 4, 10, 23, 57, 132, 301, 701, 1654, 3789, 8992, 21319]...: 9722658: ACCEPTED IN 18 TRIES, (AVG 540147.6666666666)
[1, 4, 10, 23, 57, 132, 301, 701, 1654, 3789, 8992, 21323]...: 9185358: ACCEPTED IN 17 TRIES, (AVG 540315.1764705882)
[1, 4, 10, 23, 57, 132, 301, 701, 1654, 3789, 8992, 21324]...: 11349793: ACCEPTED IN 21 TRIES, (AVG 540466.3333333334)
[1, 4, 10, 23, 57, 132, 301, 701, 1654, 3789, 8992, 21327]...: 4855853: ACCEPTED IN 9 TRIES, (AVG 539539.2222222222)
[1, 4, 10, 23, 57, 132, 301, 701, 1654, 3789, 8992, 21331]...: 6479109: ACCEPTED IN 12 TRIES, (AVG 539925.75)
[1, 4, 10, 23, 57, 132, 301, 701, 1654, 3789, 8992, 21335]...: 5397267: ACCEPTED IN 10 TRIES, (AVG 539726.7)
[1, 4, 10, 23, 57, 132, 301, 701, 1654, 3789, 8992, 21336]...: 9182733: ACCEPTED IN 17 TRIES, (AVG 540160.7647058824)
[1, 4, 10, 23, 57, 132, 301, 701, 1654, 3789, 8992, 21339]...: 5937122: ACCEPTED IN 11 TRIES, (AVG 539738.3636363636)
[1, 4, 10, 23, 57, 132, 301, 701, 1654, 3789, 8992, 21343]...: 5936555: ACCEPTED IN 11 TRIES, (AVG 539686.8181818182)
[1, 4, 10, 23, 57, 132, 301, 701, 1654, 3789, 8992, 21344]...: 5936150: ACCEPTED IN 11 TRIES, (AVG 539650.0)
[1, 4, 10, 23, 57, 132, 301, 701, 1654, 3789, 8992, 21348]...: 11348170: ACCEPTED IN 21 TRIES, (AVG 540389.0476190476)
[1, 4, 10, 23, 57, 132, 301, 701, 1654, 3789, 8992, 21352]...: 10267075: ACCEPTED IN 19 TRIES, (AVG 540372.3684210526)
[1, 4, 10, 23, 57, 132, 301, 701, 1654, 3789, 8992, 21356]...: 9726664: ACCEPTED IN 18 TRIES, (AVG 540370.2222222222)
[1, 4, 10, 23, 57, 132, 301, 701, 1654, 3789, 8992, 21360]...: 7561803: ACCEPTED IN 14 TRIES, (AVG 540128.7857142857)
[1, 4, 10, 23, 57, 132, 301, 701, 1654, 3789, 8992, 21361]...: 9184950: ACCEPTED IN 17 TRIES, (AVG 540291.1764705882)
[1, 4, 10, 23, 57, 132, 301, 701, 1654, 3789, 8992, 21364]...: 9184653: ACCEPTED IN 17 TRIES, (AVG 540273.7058823529)
[1, 4, 10, 23, 57, 132, 301, 701, 1654, 3789, 8992, 21368]...: 9726180: ACCEPTED IN 18 TRIES, (AVG 540343.3333333334)
[1, 4, 10, 23, 57, 132, 301, 701, 1654, 3789, 8992, 21372]...: 7020446: ACCEPTED IN 13 TRIES, (AVG 540034.3076923077)
[1, 4, 10, 23, 57, 132, 301, 701, 1654, 3789, 8992, 21373]...: 9725954: ACCEPTED IN 18 TRIES, (AVG 540330.7777777778)
[1, 4, 10, 23, 57, 132, 301, 701, 1654, 3789, 8992, 21377]...: 9723823: ACCEPTED IN 18 TRIES, (AVG 540212.3888888889)
[1, 4, 10, 23, 57, 132, 301, 701, 1654, 3789, 8992, 21380]...: 8643278: ACCEPTED IN 16 TRIES, (AVG 540204.875)
[1, 4, 10, 23, 57, 132, 301, 701, 1654, 3789, 8992, 21381]...: 7020712: ACCEPTED IN 13 TRIES, (AVG 540054.7692307692)
[1, 4, 10, 23, 57, 132, 301, 701, 1654, 3789, 8992, 21385]...: 9185386: ACCEPTED IN 17 TRIES, (AVG 540316.8235294118)
[1, 4, 10, 23, 57, 132, 301, 701, 1654, 3789, 8992, 21389]...: 5936455: ACCEPTED IN 11 TRIES, (AVG 539677.7272727273)
[1, 4, 10, 23, 57, 132, 301, 701, 1654, 3789, 8992, 21393]...: 7561830: ACCEPTED IN 14 TRIES, (AVG 540130.7142857143)
[1, 4, 10, 23, 57, 132, 301, 701, 1654, 3789, 8992, 21397]...: 8642953: ACCEPTED IN 16 TRIES, (AVG 540184.5625)
[1, 4, 10, 23, 57, 132, 301, 701, 1654, 3789, 8992, 21401]...: 4854243: ACCEPTED IN 9 TRIES, (AVG 539360.3333333334)
[1, 4, 10, 23, 57, 132, 301, 701, 1654, 3789, 8992, 21405]...: 11349592: ACCEPTED IN 21 TRIES, (AVG 540456.7619047619)
[1, 4, 10, 23, 57, 132, 301, 701, 1654, 3789, 8992, 21410]...: 9725691: ACCEPTED IN 18 TRIES, (AVG 540316.1666666666)
[1, 4, 10, 23, 57, 132, 301, 701, 1654, 3789, 8992, 21414]...: 3772302: ACCEPTED IN 7 TRIES, (AVG 538900.2857142857)
[1, 4, 10, 23, 57, 132, 301, 701, 1654, 3789, 8992, 21418]...: 9184485: ACCEPTED IN 17 TRIES, (AVG 540263.8235294118)
[1, 4, 10, 23, 57, 132, 301, 701, 1654, 3789, 8992, 21422]...: 6479731: ACCEPTED IN 12 TRIES, (AVG 539977.5833333334)
[1, 4, 10, 23, 57, 132, 301, 701, 1654, 3789, 8992, 21426]...: 12972729: ACCEPTED IN 24 TRIES, (AVG 540530.375)
[1, 4, 10, 23, 57, 132, 301, 701, 1654, 3789, 8992, 21430]...: 9183566: ACCEPTED IN 17 TRIES, (AVG 540209.7647058824)
[1, 4, 10, 23, 57, 132, 301, 701, 1654, 3789, 8992, 21434]...: 4853975: ACCEPTED IN 9 TRIES, (AVG 539330.5555555555)
[1, 4, 10, 23, 57, 132, 301, 701, 1654, 3789, 8992, 21447]...: 11890879: ACCEPTED IN 22 TRIES, (AVG 540494.5)
[1, 4, 10, 23, 57, 132, 301, 701, 1654, 3789, 8992, 21451]...: 8641771: ACCEPTED IN 16 TRIES, (AVG 540110.6875)
[1, 4, 10, 23, 57, 132, 301, 701, 1654, 3789, 8992, 21455]...: 5938163: ACCEPTED IN 11 TRIES, (AVG 539833.0)
[1, 4, 10, 23, 57, 132, 301, 701, 1654, 3789, 8992, 21456]...: 9726195: ACCEPTED IN 18 TRIES, (AVG 540344.1666666666)
[1, 4, 10, 23, 57, 132, 301, 701, 1654, 3789, 8992, 21459]...: 9184790: ACCEPTED IN 17 TRIES, (AVG 540281.7647058824)
[1, 4, 10, 23, 57, 132, 301, 701, 1654, 3789, 8992, 21463]...: 4855759: ACCEPTED IN 9 TRIES, (AVG 539528.7777777778)
[1, 4, 10, 23, 57, 132, 301, 701, 1654, 3789, 8992, 21467]...: 12431738: ACCEPTED IN 23 TRIES, (AVG 540510.3478260869)
[1, 4, 10, 23, 57, 132, 301, 701, 1654, 3789, 8992, 21468]...: 5938492: ACCEPTED IN 11 TRIES, (AVG 539862.9090909091)
[1, 4, 10, 23, 57, 132, 301, 701, 1654, 3789, 8992, 21471]...: 5397571: ACCEPTED IN 10 TRIES, (AVG 539757.1)
[1, 4, 10, 23, 57, 132, 301, 701, 1654, 3789, 8992, 21475]...: 6479311: ACCEPTED IN 12 TRIES, (AVG 539942.5833333334)
[1, 4, 10, 23, 57, 132, 301, 701, 1654, 3789, 8992, 21476]...: 10808612: ACCEPTED IN 20 TRIES, (AVG 540430.6)
[1, 4, 10, 23, 57, 132, 301, 701, 1654, 3789, 8992, 21480]...: 7019619: ACCEPTED IN 13 TRIES, (AVG 539970.6923076923)
[1, 4, 10, 23, 57, 132, 301, 701, 1654, 3789, 8992, 21484]...: 5397347: ACCEPTED IN 10 TRIES, (AVG 539734.7)
[1, 4, 10, 23, 57, 132, 301, 701, 1654, 3789, 8992, 21488]...: 12430846: ACCEPTED IN 23 TRIES, (AVG 540471.5652173914)
[1, 4, 10, 23, 57, 132, 301, 701, 1654, 3789, 8992, 21492]...: 8642205: ACCEPTED IN 16 TRIES, (AVG 540137.8125)
[1, 4, 10, 23, 57, 132, 301, 701, 1654, 3789, 8992, 21493]...: 5935695: ACCEPTED IN 11 TRIES, (AVG 539608.6363636364)
[1, 4, 10, 23, 57, 132, 301, 701, 1654, 3789, 8992, 21496]...: 4855629: ACCEPTED IN 9 TRIES, (AVG 539514.3333333334)
[1, 4, 10, 23, 57, 132, 301, 701, 1654, 3789, 8992, 21500]...: 9184685: ACCEPTED IN 17 TRIES, (AVG 540275.5882352941)
[1, 4, 10, 23, 57, 132, 301, 701, 1654, 3789, 8992, 21504]...: 7020868: ACCEPTED IN 13 TRIES, (AVG 540066.7692307692)
[1, 4, 10, 23, 57, 132, 301, 701, 1654, 3789, 8992, 21505]...: 5397345: ACCEPTED IN 10 TRIES, (AVG 539734.5)
[1, 4, 10, 23, 57, 132, 301, 701, 1654, 3789, 8992, 21509]...: 8643451: ACCEPTED IN 16 TRIES, (AVG 540215.6875)
[1, 4, 10, 23, 57, 132, 301, 701, 1654, 3789, 8992, 21512]...: 8643778: ACCEPTED IN 16 TRIES, (AVG 540236.125)
[1, 4, 10, 23, 57, 132, 301, 701, 1654, 3789, 8992, 21513]...: 9724322: ACCEPTED IN 18 TRIES, (AVG 540240.1111111111)
[1, 4, 10, 23, 57, 132, 301, 701, 1654, 3789, 8992, 21517]...: 4314281: ACCEPTED IN 8 TRIES, (AVG 539285.125)
[1, 4, 10, 23, 57, 132, 301, 701, 1654, 3789, 8992, 21521]...: 9184694: ACCEPTED IN 17 TRIES, (AVG 540276.1176470588)
[1, 4, 10, 23, 57, 132, 301, 701, 1654, 3789, 8992, 21525]...: 5936290: ACCEPTED IN 11 TRIES, (AVG 539662.7272727273)
[1, 4, 10, 23, 57, 132, 301, 701, 1654, 3789, 8992, 21529]...: 9183842: ACCEPTED IN 17 TRIES, (AVG 540226.0)
[1, 4, 10, 23, 57, 132, 301, 701, 1654, 3789, 8992, 21533]...: 10267383: ACCEPTED IN 19 TRIES, (AVG 540388.5789473684)
[1, 4, 10, 23, 57, 132, 301, 701, 1654, 3789, 8992, 21537]...: 4313350: ACCEPTED IN 8 TRIES, (AVG 539168.75)
[1, 4, 10, 23, 57, 132, 301, 701, 1654, 3789, 8992, 21542]...: 9725575: ACCEPTED IN 18 TRIES, (AVG 540309.7222222222)
[1, 4, 10, 23, 57, 132, 301, 701, 1654, 3789, 8992, 21546]...: 5396898: ACCEPTED IN 10 TRIES, (AVG 539689.8)
[1, 4, 10, 23, 57, 132, 301, 701, 1654, 3789, 8992, 21550]...: 5938704: ACCEPTED IN 11 TRIES, (AVG 539882.1818181818)
[1, 4, 10, 23, 57, 132, 301, 701, 1654, 3789, 8992, 21554]...: 7562093: ACCEPTED IN 14 TRIES, (AVG 540149.5)
[1, 4, 10, 23, 57, 132, 301, 701, 1654, 3789, 8992, 21558]...: 9184690: ACCEPTED IN 17 TRIES, (AVG 540275.8823529412)
[1, 4, 10, 23, 57, 132, 301, 701, 1654, 3789, 8992, 21562]...: 4855347: ACCEPTED IN 9 TRIES, (AVG 539483.0)
[1, 4, 10, 23, 57, 132, 301, 701, 1654, 3789, 8992, 21566]...: 12973274: ACCEPTED IN 24 TRIES, (AVG 540553.0833333334)
[1, 4, 10, 23, 57, 132, 301, 701, 1654, 3789, 8992, 21579]...: 5936782: ACCEPTED IN 11 TRIES, (AVG 539707.4545454546)
