[1, 4, 10, 23, 57, 132, 301, 701, 1654, 3867, 9047, 19912]...: 8101970: ACCEPTED IN 15 TRIES, (AVG 540131.3333333334)
[1, 4, 10, 23, 57, 132, 301, 701, 1654, 3867, 9047, 19924]...: 20006673: ACCEPTED IN 37 TRIES, (AVG 540720.8918918918)
[1, 4, 10, 23, 57, 132, 301, 701, 1654, 3867, 9047, 19965]...: 7561755: ACCEPTED IN 14 TRIES, (AVG 540125.3571428572)
[1, 4, 10, 23, 57, 132, 301, 701, 1654, 3867, 9047, 19986]...: 11889678: ACCEPTED IN 22 TRIES, (AVG 540439.9090909091)
[1, 4, 10, 23, 57, 132, 301, 701, 1654, 3867, 9047, 20044]...: 14054513: ACCEPTED IN 26 TRIES, (AVG 540558.1923076923)
[1, 4, 10, 23, 57, 132, 301, 701, 1654, 3867, 9047, 20056]...: 11889886: ACCEPTED IN 22 TRIES, (AVG 540449.3636363636)
[1, 4, 10, 23, 57, 132, 301, 701, 1654, 3867, 9047, 20097]...: 4856151: ACCEPTED IN 9 TRIES, (AVG 539572.3333333334)
[1, 4, 10, 23, 57, 132, 301, 701, 1654, 3867, 9047, 20176]...: 5396305: ACCEPTED IN 10 TRIES, (AVG 539630.5)
[1, 4, 10, 23, 57, 132, 301, 701, 1654, 3867, 9047, 20217]...: 15136019: ACCEPTED IN 28 TRIES, (AVG 540572.1071428572)
[1, 4, 10, 23, 57, 132, 301, 701, 1654, 3867, 9047, 20229]...: 9184395: ACCEPTED IN 17 TRIES, (AVG 540258.5294117647)
[1, 4, 10, 23, 57, 132, 301, 701, 1654, 3867, 9047, 20287]...: 8102751: ACCEPTED IN 15 TRIES, (AVG 540183.4)
[1, 4, 10, 23, 57, 132, 301, 701, 1654, 3867, 9047, 20308]...: 4313708: ACCEPTED IN 8 TRIES, (AVG 539213.5)
[1, 4, 10, 23, 57, 132, 301, 701, 1654, 3867, 9047, 20349]...: 8644057: ACCEPTED IN 16 TRIES, (AVG 540253.5625)
[1, 4, 10, 23, 57, 132, 301, 701, 1654, 3867, 9047, 20361]...: 12429642: ACCEPTED IN 23 TRIES, (AVG 540419.2173913043)
[1, 4, 10, 23, 57, 132, 301, 701, 1654, 3867, 9047, 20481]...: 9726455: ACCEPTED IN 18 TRIES, (AVG 540358.6111111111)
[1, 4, 10, 23, 57, 132, 301, 701, 1654, 3867, 9047, 20493]...: 15135766: ACCEPTED IN 28 TRIES, (AVG 540563.0714285715)
[1, 4, 10, 23, 57, 132, 301, 701, 1654, 3867, 9047, 20588]...: 5938506: ACCEPTED IN 11 TRIES, (AVG 539864.1818181818)
[1, 4, 10, 23, 57, 132, 301, 701, 1654, 3867, 9047, 20613]...: 4855185: ACCEPTED IN 9 TRIES, (AVG 539465.0)
[1, 4, 10, 23, 57, 132, 301, 701, 1654, 3867, 9047, 20625]...: 5938027: ACCEPTED IN 11 TRIES, (AVG 539820.6363636364)
[1, 4, 10, 23, 57, 132, 301, 701, 1654, 3867, 9047, 20745]...: 5938506: ACCEPTED IN 11 TRIES, (AVG 539864.1818181818)
[1, 4, 10, 23, 57, 132, 301, 701, 1654, 3867, 9047, 20757]...: 7560249: ACCEPTED IN 14 TRIES, (AVG 540017.7857142857)
[1, 4, 10, 23, 57, 132, 301, 701, 1654, 3867, 9047, 20877]...: 14596697: ACCEPTED IN 27 TRIES, (AVG 540618.4074074074)
[1, 4, 10, 23, 57, 132, 301, 701, 1654, 3867, 9047, 20889]...: 12431420: ACCEPTED IN 23 TRIES, (AVG 540496.5217391305)
[1, 4, 10, 23, 57, 132, 301, 701, 1654, 3867, 9047, 20918]...: 11349360: ACCEPTED IN 21 TRIES, (AVG 540445.7142857143)
[1, 4, 10, 23, 57, 132, 301, 701, 1654, 3867, 9047, 21009]...: 7561324: ACCEPTED IN 14 TRIES, (AVG 540094.5714285715)
[1, 4, 10, 23, 57, 132, 301, 701, 1654, 3867, 9047, 21038]...: 8643774: ACCEPTED IN 16 TRIES, (AVG 540235.875)
[1, 4, 10, 23, 57, 132, 301, 701, 1654, 3867, 9047, 21050]...: 10266055: ACCEPTED IN 19 TRIES, (AVG 540318.6842105263)
[1, 4, 10, 23, 57, 132, 301, 701, 1654, 3867, 9047, 21170]...: 11346867: ACCEPTED IN 21 TRIES, (AVG 540327.0)
[1, 4, 10, 23, 57, 132, 301, 701, 1654, 3867, 9047, 21182]...: 12432149: ACCEPTED IN 23 TRIES, (AVG 540528.2173913043)
[1, 4, 10, 23, 57, 132, 301, 701, 1654, 3867, 9047, 21302]...: 12431594: ACCEPTED IN 23 TRIES, (AVG 540504.0869565217)
[1, 4, 10, 23, 57, 132, 301, 701, 1654, 3867, 9047, 21314]...: 8641536: ACCEPTED IN 16 TRIES, (AVG 540096.0)
[1, 4, 10, 23, 57, 132, 301, 701, 1654, 3867, 9047, 21339]...: 4854116: ACCEPTED IN 9 TRIES, (AVG 539346.2222222222)
[1, 4, 10, 23, 57, 132, 301, 701, 1654, 3867, 9047, 21434]...: 12972491: ACCEPTED IN 24 TRIES, (AVG 540520.4583333334)
[1, 4, 10, 23, 57, 132, 301, 701, 1654, 3867, 9047, 21446]...: 6479637: ACCEPTED IN 12 TRIES, (AVG 539969.75)
[1, 4, 10, 23, 57, 132, 301, 701, 1654, 3867, 9047, 21566]...: 8102785: ACCEPTED IN 15 TRIES, (AVG 540185.6666666666)
[1, 4, 10, 23, 57, 132, 301, 701, 1654, 3867, 9047, 21578]...: 11348982: ACCEPTED IN 21 TRIES, (AVG 540427.7142857143)
[1, 4, 10, 23, 57, 132, 301, 701, 1654, 3867, 9047, 21619]...: 5937397: ACCEPTED IN 11 TRIES, (AVG 539763.3636363636)
[1, 4, 10, 23, 57, 132, 301, 701, 1654, 3867, 9047, 21640]...: 8643673: ACCEPTED IN 16 TRIES, (AVG 540229.5625)
[1, 4, 10, 23, 57, 132, 301, 701, 1654, 3867, 9047, 21698]...: 8643622: ACCEPTED IN 16 TRIES, (AVG 540226.375)
[1, 4, 10, 23, 57, 132, 301, 701, 1654, 3867, 9047, 21710]...: 8101500: ACCEPTED IN 15 TRIES, (AVG 540100.0)
