[1, 4, 10, 23, 57, 132, 301, 701, 1654, 3867, 8753, 19257]...: 28124944: ACCEPTED IN 52 TRIES, (AVG 540864.3076923077)
[1, 4, 10, 23, 57, 132, 301, 701, 1654, 3867, 8753, 19261]...: 60593362: ACCEPTED IN 112 TRIES, (AVG 541012.1607142857)
[1, 4, 10, 23, 57, 132, 301, 701, 1654, 3867, 8753, 19265]...: 71415102: ACCEPTED IN 132 TRIES, (AVG 541023.5)
[1, 4, 10, 23, 57, 132, 301, 701, 1654, 3867, 8753, 19269]...: 56263083: ACCEPTED IN 104 TRIES, (AVG 540991.1826923077)
[1, 4, 10, 23, 57, 132, 301, 701, 1654, 3867, 8753, 19273]...: 25960306: ACCEPTED IN 48 TRIES, (AVG 540839.7083333334)
[1, 4, 10, 23, 57, 132, 301, 701, 1654, 3867, 8753, 19274]...: 30828682: ACCEPTED IN 57 TRIES, (AVG 540854.0701754387)
[1, 4, 10, 23, 57, 132, 301, 701, 1654, 3867, 8753, 19278]...: 32452943: ACCEPTED IN 60 TRIES, (AVG 540882.3833333333)
[1, 4, 10, 23, 57, 132, 301, 701, 1654, 3867, 8753, 19290]...: 20549141: ACCEPTED IN 38 TRIES, (AVG 540766.8684210526)
[1, 4, 10, 23, 57, 132, 301, 701, 1654, 3867, 8753, 19294]...: 25959219: ACCEPTED IN 48 TRIES, (AVG 540817.0625)
[1, 4, 10, 23, 57, 132, 301, 701, 1654, 3867, 8753, 19298]...: 35158155: ACCEPTED IN 65 TRIES, (AVG 540894.6923076923)
[1, 4, 10, 23, 57, 132, 301, 701, 1654, 3867, 8753, 19306]...: 68165831: ACCEPTED IN 126 TRIES, (AVG 540998.6587301587)
[1, 4, 10, 23, 57, 132, 301, 701, 1654, 3867, 8753, 19310]...: 13513703: ACCEPTED IN 25 TRIES, (AVG 540548.12)
[1, 4, 10, 23, 57, 132, 301, 701, 1654, 3867, 8753, 19311]...: 31371712: ACCEPTED IN 58 TRIES, (AVG 540891.5862068966)
[1, 4, 10, 23, 57, 132, 301, 701, 1654, 3867, 8753, 19315]...: 77368029: ACCEPTED IN 143 TRIES, (AVG 541035.1678321678)
[1, 4, 10, 23, 57, 132, 301, 701, 1654, 3867, 8753, 19319]...: 30830402: ACCEPTED IN 57 TRIES, (AVG 540884.245614035)
[1, 4, 10, 23, 57, 132, 301, 701, 1654, 3867, 8753, 19323]...: 23795690: ACCEPTED IN 44 TRIES, (AVG 540811.1363636364)
[1, 4, 10, 23, 57, 132, 301, 701, 1654, 3867, 8753, 19327]...: 27042995: ACCEPTED IN 50 TRIES, (AVG 540859.9)
[1, 4, 10, 23, 57, 132, 301, 701, 1654, 3867, 8753, 19347]...: 83859401: ACCEPTED IN 155 TRIES, (AVG 541028.3935483871)
[1, 4, 10, 23, 57, 132, 301, 701, 1654, 3867, 8753, 19348]...: 12970842: ACCEPTED IN 24 TRIES, (AVG 540451.75)
[1, 4, 10, 23, 57, 132, 301, 701, 1654, 3867, 8753, 19352]...: 45980414: ACCEPTED IN 85 TRIES, (AVG 540946.0470588235)
[1, 4, 10, 23, 57, 132, 301, 701, 1654, 3867, 8753, 19356]...: 41112055: ACCEPTED IN 76 TRIES, (AVG 540948.0921052631)
[1, 4, 10, 23, 57, 132, 301, 701, 1654, 3867, 8753, 19360]...: 43276830: ACCEPTED IN 80 TRIES, (AVG 540960.375)
[1, 4, 10, 23, 57, 132, 301, 701, 1654, 3867, 8753, 19364]...: 12432288: ACCEPTED IN 23 TRIES, (AVG 540534.2608695652)
[1, 4, 10, 23, 57, 132, 301, 701, 1654, 3867, 8753, 19389]...: 43276777: ACCEPTED IN 80 TRIES, (AVG 540959.7125)
[1, 4, 10, 23, 57, 132, 301, 701, 1654, 3867, 8753, 19393]...: 29207167: ACCEPTED IN 54 TRIES, (AVG 540873.4629629629)
[1, 4, 10, 23, 57, 132, 301, 701, 1654, 3867, 8753, 19397]...: 15679162: ACCEPTED IN 29 TRIES, (AVG 540660.7586206896)
[1, 4, 10, 23, 57, 132, 301, 701, 1654, 3867, 8753, 19405]...: 62215924: ACCEPTED IN 115 TRIES, (AVG 541008.0347826087)
[1, 4, 10, 23, 57, 132, 301, 701, 1654, 3867, 8753, 19406]...: 23795500: ACCEPTED IN 44 TRIES, (AVG 540806.8181818182)
[1, 4, 10, 23, 57, 132, 301, 701, 1654, 3867, 8753, 19410]...: 30289042: ACCEPTED IN 56 TRIES, (AVG 540875.75)
[1, 4, 10, 23, 57, 132, 301, 701, 1654, 3867, 8753, 19422]...: 30289816: ACCEPTED IN 56 TRIES, (AVG 540889.5714285715)
[1, 4, 10, 23, 57, 132, 301, 701, 1654, 3867, 8753, 19426]...: 23251818: ACCEPTED IN 43 TRIES, (AVG 540739.9534883721)
[1, 4, 10, 23, 57, 132, 301, 701, 1654, 3867, 8753, 19430]...: 13514167: ACCEPTED IN 25 TRIES, (AVG 540566.68)
[1, 4, 10, 23, 57, 132, 301, 701, 1654, 3867, 8753, 19434]...: 27583206: ACCEPTED IN 51 TRIES, (AVG 540847.1764705882)
[1, 4, 10, 23, 57, 132, 301, 701, 1654, 3867, 8753, 19438]...: 24877729: ACCEPTED IN 46 TRIES, (AVG 540820.195652174)
[1, 4, 10, 23, 57, 132, 301, 701, 1654, 3867, 8753, 19442]...: 21088805: ACCEPTED IN 39 TRIES, (AVG 540738.5897435897)
[1, 4, 10, 23, 57, 132, 301, 701, 1654, 3867, 8753, 19443]...: 20548616: ACCEPTED IN 38 TRIES, (AVG 540753.052631579)
[1, 4, 10, 23, 57, 132, 301, 701, 1654, 3867, 8753, 19447]...: 23253647: ACCEPTED IN 43 TRIES, (AVG 540782.4883720931)
[1, 4, 10, 23, 57, 132, 301, 701, 1654, 3867, 8753, 19451]...: 29205854: ACCEPTED IN 54 TRIES, (AVG 540849.1481481482)
[1, 4, 10, 23, 57, 132, 301, 701, 1654, 3867, 8753, 19455]...: 24878231: ACCEPTED IN 46 TRIES, (AVG 540831.1086956522)
[1, 4, 10, 23, 57, 132, 301, 701, 1654, 3867, 8753, 19459]...: 43274977: ACCEPTED IN 80 TRIES, (AVG 540937.2125)
[1, 4, 10, 23, 57, 132, 301, 701, 1654, 3867, 8753, 19479]...: 22172596: ACCEPTED IN 41 TRIES, (AVG 540795.0243902439)
[1, 4, 10, 23, 57, 132, 301, 701, 1654, 3867, 8753, 19480]...: 28666129: ACCEPTED IN 53 TRIES, (AVG 540870.358490566)
[1, 4, 10, 23, 57, 132, 301, 701, 1654, 3867, 8753, 19484]...: 29747590: ACCEPTED IN 55 TRIES, (AVG 540865.2727272727)
[1, 4, 10, 23, 57, 132, 301, 701, 1654, 3867, 8753, 19488]...: 30289574: ACCEPTED IN 56 TRIES, (AVG 540885.25)
[1, 4, 10, 23, 57, 132, 301, 701, 1654, 3867, 8753, 19492]...: 15677815: ACCEPTED IN 29 TRIES, (AVG 540614.3103448276)
[1, 4, 10, 23, 57, 132, 301, 701, 1654, 3867, 8753, 19496]...: 21090290: ACCEPTED IN 39 TRIES, (AVG 540776.6666666666)
[1, 4, 10, 23, 57, 132, 301, 701, 1654, 3867, 8753, 19521]...: 27583534: ACCEPTED IN 51 TRIES, (AVG 540853.6078431372)
[1, 4, 10, 23, 57, 132, 301, 701, 1654, 3867, 8753, 19525]...: 25959870: ACCEPTED IN 48 TRIES, (AVG 540830.625)
[1, 4, 10, 23, 57, 132, 301, 701, 1654, 3867, 8753, 19529]...: 30289826: ACCEPTED IN 56 TRIES, (AVG 540889.75)
[1, 4, 10, 23, 57, 132, 301, 701, 1654, 3867, 8753, 19533]...: 13514434: ACCEPTED IN 25 TRIES, (AVG 540577.36)
[1, 4, 10, 23, 57, 132, 301, 701, 1654, 3867, 8753, 19538]...: 20548250: ACCEPTED IN 38 TRIES, (AVG 540743.4210526316)
[1, 4, 10, 23, 57, 132, 301, 701, 1654, 3867, 8753, 19542]...: 20548433: ACCEPTED IN 38 TRIES, (AVG 540748.2368421053)
[1, 4, 10, 23, 57, 132, 301, 701, 1654, 3867, 8753, 19554]...: 29747309: ACCEPTED IN 55 TRIES, (AVG 540860.1636363637)
[1, 4, 10, 23, 57, 132, 301, 701, 1654, 3867, 8753, 19558]...: 65462468: ACCEPTED IN 121 TRIES, (AVG 541012.132231405)
[1, 4, 10, 23, 57, 132, 301, 701, 1654, 3867, 8753, 19562]...: 13513961: ACCEPTED IN 25 TRIES, (AVG 540558.44)
[1, 4, 10, 23, 57, 132, 301, 701, 1654, 3867, 8753, 19566]...: 68710198: ACCEPTED IN 127 TRIES, (AVG 541025.1811023622)
[1, 4, 10, 23, 57, 132, 301, 701, 1654, 3867, 8753, 19570]...: 23254332: ACCEPTED IN 43 TRIES, (AVG 540798.4186046511)
[1, 4, 10, 23, 57, 132, 301, 701, 1654, 3867, 8753, 19574]...: 13512256: ACCEPTED IN 25 TRIES, (AVG 540490.24)
[1, 4, 10, 23, 57, 132, 301, 701, 1654, 3867, 8753, 19575]...: 19466900: ACCEPTED IN 36 TRIES, (AVG 540747.2222222222)
[1, 4, 10, 23, 57, 132, 301, 701, 1654, 3867, 8753, 19579]...: 29747975: ACCEPTED IN 55 TRIES, (AVG 540872.2727272727)
[1, 4, 10, 23, 57, 132, 301, 701, 1654, 3867, 8753, 19583]...: 28663140: ACCEPTED IN 53 TRIES, (AVG 540813.962264151)
[1, 4, 10, 23, 57, 132, 301, 701, 1654, 3867, 8753, 19587]...: 51393682: ACCEPTED IN 95 TRIES, (AVG 540986.1263157895)
[1, 4, 10, 23, 57, 132, 301, 701, 1654, 3867, 8753, 19591]...: 24337206: ACCEPTED IN 45 TRIES, (AVG 540826.8)
[1, 4, 10, 23, 57, 132, 301, 701, 1654, 3867, 8753, 19599]...: 12431771: ACCEPTED IN 23 TRIES, (AVG 540511.7826086957)
[1, 4, 10, 23, 57, 132, 301, 701, 1654, 3867, 8753, 19611]...: 22171455: ACCEPTED IN 41 TRIES, (AVG 540767.1951219512)
[1, 4, 10, 23, 57, 132, 301, 701, 1654, 3867, 8753, 19612]...: 20007715: ACCEPTED IN 37 TRIES, (AVG 540749.0540540541)
[1, 4, 10, 23, 57, 132, 301, 701, 1654, 3867, 8753, 19616]...: 21089152: ACCEPTED IN 39 TRIES, (AVG 540747.4871794871)
[1, 4, 10, 23, 57, 132, 301, 701, 1654, 3867, 8753, 19624]...: 27583534: ACCEPTED IN 51 TRIES, (AVG 540853.6078431372)
[1, 4, 10, 23, 57, 132, 301, 701, 1654, 3867, 8753, 19628]...: 27583835: ACCEPTED IN 51 TRIES, (AVG 540859.5098039216)
[1, 4, 10, 23, 57, 132, 301, 701, 1654, 3867, 8753, 19649]...: 11890530: ACCEPTED IN 22 TRIES, (AVG 540478.6363636364)
[1, 4, 10, 23, 57, 132, 301, 701, 1654, 3867, 8753, 19653]...: 30830444: ACCEPTED IN 57 TRIES, (AVG 540884.9824561403)
[1, 4, 10, 23, 57, 132, 301, 701, 1654, 3867, 8753, 19657]...: 42735528: ACCEPTED IN 79 TRIES, (AVG 540956.0506329114)
[1, 4, 10, 23, 57, 132, 301, 701, 1654, 3867, 8753, 19661]...: 18925927: ACCEPTED IN 35 TRIES, (AVG 540740.7714285714)
[1, 4, 10, 23, 57, 132, 301, 701, 1654, 3867, 8753, 19665]...: 13513679: ACCEPTED IN 25 TRIES, (AVG 540547.16)
[1, 4, 10, 23, 57, 132, 301, 701, 1654, 3867, 8753, 19674]...: 15138000: ACCEPTED IN 28 TRIES, (AVG 540642.8571428572)
[1, 4, 10, 23, 57, 132, 301, 701, 1654, 3867, 8753, 19686]...: 50852160: ACCEPTED IN 94 TRIES, (AVG 540980.4255319149)
[1, 4, 10, 23, 57, 132, 301, 701, 1654, 3867, 8753, 19690]...: 29207281: ACCEPTED IN 54 TRIES, (AVG 540875.574074074)
[1, 4, 10, 23, 57, 132, 301, 701, 1654, 3867, 8753, 19694]...: 12973028: ACCEPTED IN 24 TRIES, (AVG 540542.8333333334)
[1, 4, 10, 23, 57, 132, 301, 701, 1654, 3867, 8753, 19698]...: 11891127: ACCEPTED IN 22 TRIES, (AVG 540505.7727272727)
[1, 4, 10, 23, 57, 132, 301, 701, 1654, 3867, 8753, 19702]...: 29746952: ACCEPTED IN 55 TRIES, (AVG 540853.6727272727)
[1, 4, 10, 23, 57, 132, 301, 701, 1654, 3867, 8753, 19706]...: 30829771: ACCEPTED IN 57 TRIES, (AVG 540873.1754385965)
[1, 4, 10, 23, 57, 132, 301, 701, 1654, 3867, 8753, 19707]...: 27583879: ACCEPTED IN 51 TRIES, (AVG 540860.3725490196)
[1, 4, 10, 23, 57, 132, 301, 701, 1654, 3867, 8753, 19711]...: 17843284: ACCEPTED IN 33 TRIES, (AVG 540705.5757575758)
[1, 4, 10, 23, 57, 132, 301, 701, 1654, 3867, 8753, 19715]...: 27583687: ACCEPTED IN 51 TRIES, (AVG 540856.6078431372)
[1, 4, 10, 23, 57, 132, 301, 701, 1654, 3867, 8753, 19723]...: 31911478: ACCEPTED IN 59 TRIES, (AVG 540872.5084745763)
[1, 4, 10, 23, 57, 132, 301, 701, 1654, 3867, 8753, 19731]...: 23250791: ACCEPTED IN 43 TRIES, (AVG 540716.0697674418)
[1, 4, 10, 23, 57, 132, 301, 701, 1654, 3867, 8753, 19735]...: 28665142: ACCEPTED IN 53 TRIES, (AVG 540851.7358490566)
[1, 4, 10, 23, 57, 132, 301, 701, 1654, 3867, 8753, 19743]...: 11348615: ACCEPTED IN 21 TRIES, (AVG 540410.2380952381)
[1, 4, 10, 23, 57, 132, 301, 701, 1654, 3867, 8753, 19744]...: 22172620: ACCEPTED IN 41 TRIES, (AVG 540795.6097560975)
[1, 4, 10, 23, 57, 132, 301, 701, 1654, 3867, 8753, 19748]...: 8101042: ACCEPTED IN 15 TRIES, (AVG 540069.4666666667)
[1, 4, 10, 23, 57, 132, 301, 701, 1654, 3867, 8753, 19752]...: 42733611: ACCEPTED IN 79 TRIES, (AVG 540931.7848101265)
[1, 4, 10, 23, 57, 132, 301, 701, 1654, 3867, 8753, 19760]...: 15678985: ACCEPTED IN 29 TRIES, (AVG 540654.6551724138)
[1, 4, 10, 23, 57, 132, 301, 701, 1654, 3867, 8753, 19781]...: 12971231: ACCEPTED IN 24 TRIES, (AVG 540467.9583333334)
[1, 4, 10, 23, 57, 132, 301, 701, 1654, 3867, 8753, 19785]...: 32453559: ACCEPTED IN 60 TRIES, (AVG 540892.65)
[1, 4, 10, 23, 57, 132, 301, 701, 1654, 3867, 8753, 19789]...: 44359312: ACCEPTED IN 82 TRIES, (AVG 540967.2195121951)
[1, 4, 10, 23, 57, 132, 301, 701, 1654, 3867, 8753, 19793]...: 47064529: ACCEPTED IN 87 TRIES, (AVG 540971.5977011494)
[1, 4, 10, 23, 57, 132, 301, 701, 1654, 3867, 8753, 19797]...: 7561593: ACCEPTED IN 14 TRIES, (AVG 540113.7857142857)
[1, 4, 10, 23, 57, 132, 301, 701, 1654, 3867, 8753, 19806]...: 25960619: ACCEPTED IN 48 TRIES, (AVG 540846.2291666666)
[1, 4, 10, 23, 57, 132, 301, 701, 1654, 3867, 8753, 19818]...: 25419250: ACCEPTED IN 47 TRIES, (AVG 540835.1063829787)
[1, 4, 10, 23, 57, 132, 301, 701, 1654, 3867, 8753, 19822]...: 22713557: ACCEPTED IN 42 TRIES, (AVG 540798.9761904762)
[1, 4, 10, 23, 57, 132, 301, 701, 1654, 3867, 8753, 19826]...: 21088045: ACCEPTED IN 39 TRIES, (AVG 540719.1025641026)
[1, 4, 10, 23, 57, 132, 301, 701, 1654, 3867, 8753, 19830]...: 11890468: ACCEPTED IN 22 TRIES, (AVG 540475.8181818182)
[1, 4, 10, 23, 57, 132, 301, 701, 1654, 3867, 8753, 19834]...: 34077380: ACCEPTED IN 63 TRIES, (AVG 540910.7936507936)
[1, 4, 10, 23, 57, 132, 301, 701, 1654, 3867, 8753, 19839]...: 15136461: ACCEPTED IN 28 TRIES, (AVG 540587.8928571428)
[1, 4, 10, 23, 57, 132, 301, 701, 1654, 3867, 8753, 19843]...: 15678690: ACCEPTED IN 29 TRIES, (AVG 540644.4827586206)
[1, 4, 10, 23, 57, 132, 301, 701, 1654, 3867, 8753, 19847]...: 15678925: ACCEPTED IN 29 TRIES, (AVG 540652.5862068966)
[1, 4, 10, 23, 57, 132, 301, 701, 1654, 3867, 8753, 19855]...: 15137072: ACCEPTED IN 28 TRIES, (AVG 540609.7142857143)
[1, 4, 10, 23, 57, 132, 301, 701, 1654, 3867, 8753, 19863]...: 22713801: ACCEPTED IN 42 TRIES, (AVG 540804.7857142857)
[1, 4, 10, 23, 57, 132, 301, 701, 1654, 3867, 8753, 19867]...: 12972578: ACCEPTED IN 24 TRIES, (AVG 540524.0833333334)
[1, 4, 10, 23, 57, 132, 301, 701, 1654, 3867, 8753, 19875]...: 11890953: ACCEPTED IN 22 TRIES, (AVG 540497.8636363636)
[1, 4, 10, 23, 57, 132, 301, 701, 1654, 3867, 8753, 19876]...: 13513974: ACCEPTED IN 25 TRIES, (AVG 540558.96)
[1, 4, 10, 23, 57, 132, 301, 701, 1654, 3867, 8753, 19880]...: 23254472: ACCEPTED IN 43 TRIES, (AVG 540801.6744186047)
[1, 4, 10, 23, 57, 132, 301, 701, 1654, 3867, 8753, 19884]...: 21089958: ACCEPTED IN 39 TRIES, (AVG 540768.1538461539)
[1, 4, 10, 23, 57, 132, 301, 701, 1654, 3867, 8753, 19888]...: 24878182: ACCEPTED IN 46 TRIES, (AVG 540830.0434782609)
[1, 4, 10, 23, 57, 132, 301, 701, 1654, 3867, 8753, 19892]...: 16219685: ACCEPTED IN 30 TRIES, (AVG 540656.1666666666)
[1, 4, 10, 23, 57, 132, 301, 701, 1654, 3867, 8753, 19913]...: 16219686: ACCEPTED IN 30 TRIES, (AVG 540656.2)
[1, 4, 10, 23, 57, 132, 301, 701, 1654, 3867, 8753, 19917]...: 12972991: ACCEPTED IN 24 TRIES, (AVG 540541.2916666666)
[1, 4, 10, 23, 57, 132, 301, 701, 1654, 3867, 8753, 19921]...: 31911722: ACCEPTED IN 59 TRIES, (AVG 540876.6440677966)
[1, 4, 10, 23, 57, 132, 301, 701, 1654, 3867, 8753, 19925]...: 11891074: ACCEPTED IN 22 TRIES, (AVG 540503.3636363636)
[1, 4, 10, 23, 57, 132, 301, 701, 1654, 3867, 8753, 19929]...: 23796057: ACCEPTED IN 44 TRIES, (AVG 540819.4772727273)
[1, 4, 10, 23, 57, 132, 301, 701, 1654, 3867, 8753, 19938]...: 13514402: ACCEPTED IN 25 TRIES, (AVG 540576.08)
[1, 4, 10, 23, 57, 132, 301, 701, 1654, 3867, 8753, 19950]...: 19466160: ACCEPTED IN 36 TRIES, (AVG 540726.6666666666)
[1, 4, 10, 23, 57, 132, 301, 701, 1654, 3867, 8753, 19954]...: 23795710: ACCEPTED IN 44 TRIES, (AVG 540811.5909090909)
[1, 4, 10, 23, 57, 132, 301, 701, 1654, 3867, 8753, 19958]...: 13514541: ACCEPTED IN 25 TRIES, (AVG 540581.64)
[1, 4, 10, 23, 57, 132, 301, 701, 1654, 3867, 8753, 19962]...: 10266910: ACCEPTED IN 19 TRIES, (AVG 540363.6842105263)
[1, 4, 10, 23, 57, 132, 301, 701, 1654, 3867, 8753, 19966]...: 24336899: ACCEPTED IN 45 TRIES, (AVG 540819.9777777778)
[1, 4, 10, 23, 57, 132, 301, 701, 1654, 3867, 8753, 19967]...: 14596803: ACCEPTED IN 27 TRIES, (AVG 540622.3333333334)
[1, 4, 10, 23, 57, 132, 301, 701, 1654, 3867, 8753, 19975]...: 29207454: ACCEPTED IN 54 TRIES, (AVG 540878.7777777778)
[1, 4, 10, 23, 57, 132, 301, 701, 1654, 3867, 8753, 19979]...: 10806693: ACCEPTED IN 20 TRIES, (AVG 540334.65)
[1, 4, 10, 23, 57, 132, 301, 701, 1654, 3867, 8753, 19987]...: 13513970: ACCEPTED IN 25 TRIES, (AVG 540558.8)
[1, 4, 10, 23, 57, 132, 301, 701, 1654, 3867, 8753, 19995]...: 17843517: ACCEPTED IN 33 TRIES, (AVG 540712.6363636364)
[1, 4, 10, 23, 57, 132, 301, 701, 1654, 3867, 8753, 19999]...: 22712294: ACCEPTED IN 42 TRIES, (AVG 540768.9047619047)
[1, 4, 10, 23, 57, 132, 301, 701, 1654, 3867, 8753, 20007]...: 12972329: ACCEPTED IN 24 TRIES, (AVG 540513.7083333334)
[1, 4, 10, 23, 57, 132, 301, 701, 1654, 3867, 8753, 20008]...: 13513742: ACCEPTED IN 25 TRIES, (AVG 540549.68)
[1, 4, 10, 23, 57, 132, 301, 701, 1654, 3867, 8753, 20012]...: 13514398: ACCEPTED IN 25 TRIES, (AVG 540575.92)
[1, 4, 10, 23, 57, 132, 301, 701, 1654, 3867, 8753, 20016]...: 15678687: ACCEPTED IN 29 TRIES, (AVG 540644.3793103448)
[1, 4, 10, 23, 57, 132, 301, 701, 1654, 3867, 8753, 20020]...: 76285746: ACCEPTED IN 141 TRIES, (AVG 541033.659574468)
[1, 4, 10, 23, 57, 132, 301, 701, 1654, 3867, 8753, 20024]...: 27583933: ACCEPTED IN 51 TRIES, (AVG 540861.431372549)
[1, 4, 10, 23, 57, 132, 301, 701, 1654, 3867, 8753, 20036]...: 58967782: ACCEPTED IN 109 TRIES, (AVG 540988.8256880734)
[1, 4, 10, 23, 57, 132, 301, 701, 1654, 3867, 8753, 20045]...: 12971465: ACCEPTED IN 24 TRIES, (AVG 540477.7083333334)
[1, 4, 10, 23, 57, 132, 301, 701, 1654, 3867, 8753, 20049]...: 8102639: ACCEPTED IN 15 TRIES, (AVG 540175.9333333333)
[1, 4, 10, 23, 57, 132, 301, 701, 1654, 3867, 8753, 20053]...: 29747062: ACCEPTED IN 55 TRIES, (AVG 540855.6727272727)
[1, 4, 10, 23, 57, 132, 301, 701, 1654, 3867, 8753, 20057]...: 9725798: ACCEPTED IN 18 TRIES, (AVG 540322.1111111111)
[1, 4, 10, 23, 57, 132, 301, 701, 1654, 3867, 8753, 20061]...: 11891177: ACCEPTED IN 22 TRIES, (AVG 540508.0454545454)
[1, 4, 10, 23, 57, 132, 301, 701, 1654, 3867, 8753, 20082]...: 23254427: ACCEPTED IN 43 TRIES, (AVG 540800.6279069767)
[1, 4, 10, 23, 57, 132, 301, 701, 1654, 3867, 8753, 20086]...: 26501726: ACCEPTED IN 49 TRIES, (AVG 540851.5510204082)
[1, 4, 10, 23, 57, 132, 301, 701, 1654, 3867, 8753, 20090]...: 12431901: ACCEPTED IN 23 TRIES, (AVG 540517.4347826086)
[1, 4, 10, 23, 57, 132, 301, 701, 1654, 3867, 8753, 20094]...: 11348227: ACCEPTED IN 21 TRIES, (AVG 540391.7619047619)
[1, 4, 10, 23, 57, 132, 301, 701, 1654, 3867, 8753, 20098]...: 13513340: ACCEPTED IN 25 TRIES, (AVG 540533.6)
[1, 4, 10, 23, 57, 132, 301, 701, 1654, 3867, 8753, 20099]...: 11348575: ACCEPTED IN 21 TRIES, (AVG 540408.3333333334)
[1, 4, 10, 23, 57, 132, 301, 701, 1654, 3867, 8753, 20107]...: 8102568: ACCEPTED IN 15 TRIES, (AVG 540171.2)
[1, 4, 10, 23, 57, 132, 301, 701, 1654, 3867, 8753, 20111]...: 13514420: ACCEPTED IN 25 TRIES, (AVG 540576.8)
[1, 4, 10, 23, 57, 132, 301, 701, 1654, 3867, 8753, 20119]...: 23253901: ACCEPTED IN 43 TRIES, (AVG 540788.3953488372)
[1, 4, 10, 23, 57, 132, 301, 701, 1654, 3867, 8753, 20127]...: 23794490: ACCEPTED IN 44 TRIES, (AVG 540783.8636363636)
[1, 4, 10, 23, 57, 132, 301, 701, 1654, 3867, 8753, 20131]...: 11347582: ACCEPTED IN 21 TRIES, (AVG 540361.0476190476)
[1, 4, 10, 23, 57, 132, 301, 701, 1654, 3867, 8753, 20135]...: 9185423: ACCEPTED IN 17 TRIES, (AVG 540319.0)
[1, 4, 10, 23, 57, 132, 301, 701, 1654, 3867, 8753, 20140]...: 19467060: ACCEPTED IN 36 TRIES, (AVG 540751.6666666666)
[1, 4, 10, 23, 57, 132, 301, 701, 1654, 3867, 8753, 20144]...: 20548077: ACCEPTED IN 38 TRIES, (AVG 540738.8684210526)
[1, 4, 10, 23, 57, 132, 301, 701, 1654, 3867, 8753, 20148]...: 8643768: ACCEPTED IN 16 TRIES, (AVG 540235.5)
[1, 4, 10, 23, 57, 132, 301, 701, 1654, 3867, 8753, 20152]...: 12971975: ACCEPTED IN 24 TRIES, (AVG 540498.9583333334)
[1, 4, 10, 23, 57, 132, 301, 701, 1654, 3867, 8753, 20156]...: 49227584: ACCEPTED IN 91 TRIES, (AVG 540962.4615384615)
[1, 4, 10, 23, 57, 132, 301, 701, 1654, 3867, 8753, 20168]...: 108212351: ACCEPTED IN 200 TRIES, (AVG 541061.755)
[1, 4, 10, 23, 57, 132, 301, 701, 1654, 3867, 8753, 20177]...: 12972850: ACCEPTED IN 24 TRIES, (AVG 540535.4166666666)
[1, 4, 10, 23, 57, 132, 301, 701, 1654, 3867, 8753, 20181]...: 12972673: ACCEPTED IN 24 TRIES, (AVG 540528.0416666666)
[1, 4, 10, 23, 57, 132, 301, 701, 1654, 3867, 8753, 20185]...: 12970261: ACCEPTED IN 24 TRIES, (AVG 540427.5416666666)
[1, 4, 10, 23, 57, 132, 301, 701, 1654, 3867, 8753, 20189]...: 49228658: ACCEPTED IN 91 TRIES, (AVG 540974.2637362637)
[1, 4, 10, 23, 57, 132, 301, 701, 1654, 3867, 8753, 20193]...: 18925476: ACCEPTED IN 35 TRIES, (AVG 540727.8857142857)
[1, 4, 10, 23, 57, 132, 301, 701, 1654, 3867, 8753, 20214]...: 16220098: ACCEPTED IN 30 TRIES, (AVG 540669.9333333333)
[1, 4, 10, 23, 57, 132, 301, 701, 1654, 3867, 8753, 20218]...: 31912671: ACCEPTED IN 59 TRIES, (AVG 540892.7288135593)
[1, 4, 10, 23, 57, 132, 301, 701, 1654, 3867, 8753, 20222]...: 29748422: ACCEPTED IN 55 TRIES, (AVG 540880.4)
[1, 4, 10, 23, 57, 132, 301, 701, 1654, 3867, 8753, 20226]...: 8103170: ACCEPTED IN 15 TRIES, (AVG 540211.3333333334)
[1, 4, 10, 23, 57, 132, 301, 701, 1654, 3867, 8753, 20230]...: 13514177: ACCEPTED IN 25 TRIES, (AVG 540567.08)
[1, 4, 10, 23, 57, 132, 301, 701, 1654, 3867, 8753, 20231]...: 23253519: ACCEPTED IN 43 TRIES, (AVG 540779.5116279069)
[1, 4, 10, 23, 57, 132, 301, 701, 1654, 3867, 8753, 20239]...: 20548413: ACCEPTED IN 38 TRIES, (AVG 540747.7105263158)
[1, 4, 10, 23, 57, 132, 301, 701, 1654, 3867, 8753, 20243]...: 11890775: ACCEPTED IN 22 TRIES, (AVG 540489.7727272727)
[1, 4, 10, 23, 57, 132, 301, 701, 1654, 3867, 8753, 20251]...: 27583373: ACCEPTED IN 51 TRIES, (AVG 540850.4509803922)
[1, 4, 10, 23, 57, 132, 301, 701, 1654, 3867, 8753, 20259]...: 11349290: ACCEPTED IN 21 TRIES, (AVG 540442.380952381)
[1, 4, 10, 23, 57, 132, 301, 701, 1654, 3867, 8753, 20263]...: 63840050: ACCEPTED IN 118 TRIES, (AVG 541017.3728813559)
[1, 4, 10, 23, 57, 132, 301, 701, 1654, 3867, 8753, 20267]...: 12432311: ACCEPTED IN 23 TRIES, (AVG 540535.2608695652)
[1, 4, 10, 23, 57, 132, 301, 701, 1654, 3867, 8753, 20268]...: 11348353: ACCEPTED IN 21 TRIES, (AVG 540397.7619047619)
[1, 4, 10, 23, 57, 132, 301, 701, 1654, 3867, 8753, 20272]...: 16760750: ACCEPTED IN 31 TRIES, (AVG 540669.3548387097)
[1, 4, 10, 23, 57, 132, 301, 701, 1654, 3867, 8753, 20276]...: 23794970: ACCEPTED IN 44 TRIES, (AVG 540794.7727272727)
[1, 4, 10, 23, 57, 132, 301, 701, 1654, 3867, 8753, 20280]...: 10808875: ACCEPTED IN 20 TRIES, (AVG 540443.75)
[1, 4, 10, 23, 57, 132, 301, 701, 1654, 3867, 8753, 20284]...: 12432218: ACCEPTED IN 23 TRIES, (AVG 540531.2173913043)
[1, 4, 10, 23, 57, 132, 301, 701, 1654, 3867, 8753, 20288]...: 22713287: ACCEPTED IN 42 TRIES, (AVG 540792.5476190476)
[1, 4, 10, 23, 57, 132, 301, 701, 1654, 3867, 8753, 20300]...: 8102925: ACCEPTED IN 15 TRIES, (AVG 540195.0)
[1, 4, 10, 23, 57, 132, 301, 701, 1654, 3867, 8753, 20309]...: 19466020: ACCEPTED IN 36 TRIES, (AVG 540722.7777777778)
[1, 4, 10, 23, 57, 132, 301, 701, 1654, 3867, 8753, 20313]...: 7561072: ACCEPTED IN 14 TRIES, (AVG 540076.5714285715)
[1, 4, 10, 23, 57, 132, 301, 701, 1654, 3867, 8753, 20317]...: 13514566: ACCEPTED IN 25 TRIES, (AVG 540582.64)
[1, 4, 10, 23, 57, 132, 301, 701, 1654, 3867, 8753, 20321]...: 20549037: ACCEPTED IN 38 TRIES, (AVG 540764.1315789474)
[1, 4, 10, 23, 57, 132, 301, 701, 1654, 3867, 8753, 20325]...: 13512748: ACCEPTED IN 25 TRIES, (AVG 540509.92)
[1, 4, 10, 23, 57, 132, 301, 701, 1654, 3867, 8753, 20346]...: 13514605: ACCEPTED IN 25 TRIES, (AVG 540584.2)
[1, 4, 10, 23, 57, 132, 301, 701, 1654, 3867, 8753, 20350]...: 23250013: ACCEPTED IN 43 TRIES, (AVG 540697.976744186)
[1, 4, 10, 23, 57, 132, 301, 701, 1654, 3867, 8753, 20358]...: 16760866: ACCEPTED IN 31 TRIES, (AVG 540673.0967741936)
[1, 4, 10, 23, 57, 132, 301, 701, 1654, 3867, 8753, 20362]...: 10807571: ACCEPTED IN 20 TRIES, (AVG 540378.55)
[1, 4, 10, 23, 57, 132, 301, 701, 1654, 3867, 8753, 20363]...: 13514207: ACCEPTED IN 25 TRIES, (AVG 540568.28)
[1, 4, 10, 23, 57, 132, 301, 701, 1654, 3867, 8753, 20375]...: 11348998: ACCEPTED IN 21 TRIES, (AVG 540428.4761904762)
[1, 4, 10, 23, 57, 132, 301, 701, 1654, 3867, 8753, 20383]...: 9185037: ACCEPTED IN 17 TRIES, (AVG 540296.2941176471)
[1, 4, 10, 23, 57, 132, 301, 701, 1654, 3867, 8753, 20387]...: 40029674: ACCEPTED IN 74 TRIES, (AVG 540941.5405405406)
[1, 4, 10, 23, 57, 132, 301, 701, 1654, 3867, 8753, 20391]...: 24337320: ACCEPTED IN 45 TRIES, (AVG 540829.3333333334)
[1, 4, 10, 23, 57, 132, 301, 701, 1654, 3867, 8753, 20395]...: 11890823: ACCEPTED IN 22 TRIES, (AVG 540491.9545454546)
[1, 4, 10, 23, 57, 132, 301, 701, 1654, 3867, 8753, 20399]...: 12972592: ACCEPTED IN 24 TRIES, (AVG 540524.6666666666)
[1, 4, 10, 23, 57, 132, 301, 701, 1654, 3867, 8753, 20400]...: 8100749: ACCEPTED IN 15 TRIES, (AVG 540049.9333333333)
[1, 4, 10, 23, 57, 132, 301, 701, 1654, 3867, 8753, 20404]...: 11890566: ACCEPTED IN 22 TRIES, (AVG 540480.2727272727)
[1, 4, 10, 23, 57, 132, 301, 701, 1654, 3867, 8753, 20408]...: 17302155: ACCEPTED IN 32 TRIES, (AVG 540692.34375)
[1, 4, 10, 23, 57, 132, 301, 701, 1654, 3867, 8753, 20412]...: 7561586: ACCEPTED IN 14 TRIES, (AVG 540113.2857142857)
[1, 4, 10, 23, 57, 132, 301, 701, 1654, 3867, 8753, 20416]...: 13512399: ACCEPTED IN 25 TRIES, (AVG 540495.96)
[1, 4, 10, 23, 57, 132, 301, 701, 1654, 3867, 8753, 20420]...: 50311158: ACCEPTED IN 93 TRIES, (AVG 540980.1935483871)
[1, 4, 10, 23, 57, 132, 301, 701, 1654, 3867, 8753, 20421]...: 28123596: ACCEPTED IN 52 TRIES, (AVG 540838.3846153846)
[1, 4, 10, 23, 57, 132, 301, 701, 1654, 3867, 8753, 20432]...: 16761389: ACCEPTED IN 31 TRIES, (AVG 540689.9677419355)
[1, 4, 10, 23, 57, 132, 301, 701, 1654, 3867, 8753, 20436]...: 12971990: ACCEPTED IN 24 TRIES, (AVG 540499.5833333334)
[1, 4, 10, 23, 57, 132, 301, 701, 1654, 3867, 8753, 20441]...: 27583258: ACCEPTED IN 51 TRIES, (AVG 540848.1960784313)
[1, 4, 10, 23, 57, 132, 301, 701, 1654, 3867, 8753, 20445]...: 15137029: ACCEPTED IN 28 TRIES, (AVG 540608.1785714285)
[1, 4, 10, 23, 57, 132, 301, 701, 1654, 3867, 8753, 20449]...: 13511364: ACCEPTED IN 25 TRIES, (AVG 540454.56)
[1, 4, 10, 23, 57, 132, 301, 701, 1654, 3867, 8753, 20450]...: 8102318: ACCEPTED IN 15 TRIES, (AVG 540154.5333333333)
[1, 4, 10, 23, 57, 132, 301, 701, 1654, 3867, 8753, 20453]...: 23253483: ACCEPTED IN 43 TRIES, (AVG 540778.6744186047)
[1, 4, 10, 23, 57, 132, 301, 701, 1654, 3867, 8753, 20478]...: 12431423: ACCEPTED IN 23 TRIES, (AVG 540496.6521739131)
[1, 4, 10, 23, 57, 132, 301, 701, 1654, 3867, 8753, 20482]...: 7560552: ACCEPTED IN 14 TRIES, (AVG 540039.4285714285)
[1, 4, 10, 23, 57, 132, 301, 701, 1654, 3867, 8753, 20486]...: 18384659: ACCEPTED IN 34 TRIES, (AVG 540725.2647058824)
[1, 4, 10, 23, 57, 132, 301, 701, 1654, 3867, 8753, 20490]...: 12972618: ACCEPTED IN 24 TRIES, (AVG 540525.75)
[1, 4, 10, 23, 57, 132, 301, 701, 1654, 3867, 8753, 20494]...: 10808666: ACCEPTED IN 20 TRIES, (AVG 540433.3)
[1, 4, 10, 23, 57, 132, 301, 701, 1654, 3867, 8753, 20495]...: 11349154: ACCEPTED IN 21 TRIES, (AVG 540435.9047619047)
[1, 4, 10, 23, 57, 132, 301, 701, 1654, 3867, 8753, 20507]...: 32454116: ACCEPTED IN 60 TRIES, (AVG 540901.9333333333)
[1, 4, 10, 23, 57, 132, 301, 701, 1654, 3867, 8753, 20515]...: 8643877: ACCEPTED IN 16 TRIES, (AVG 540242.3125)
[1, 4, 10, 23, 57, 132, 301, 701, 1654, 3867, 8753, 20519]...: 8642502: ACCEPTED IN 16 TRIES, (AVG 540156.375)
[1, 4, 10, 23, 57, 132, 301, 701, 1654, 3867, 8753, 20523]...: 12972733: ACCEPTED IN 24 TRIES, (AVG 540530.5416666666)
[1, 4, 10, 23, 57, 132, 301, 701, 1654, 3867, 8753, 20527]...: 21090207: ACCEPTED IN 39 TRIES, (AVG 540774.5384615385)
[1, 4, 10, 23, 57, 132, 301, 701, 1654, 3867, 8753, 20531]...: 7560614: ACCEPTED IN 14 TRIES, (AVG 540043.8571428572)
[1, 4, 10, 23, 57, 132, 301, 701, 1654, 3867, 8753, 20532]...: 7019641: ACCEPTED IN 13 TRIES, (AVG 539972.3846153846)
[1, 4, 10, 23, 57, 132, 301, 701, 1654, 3867, 8753, 20536]...: 8102637: ACCEPTED IN 15 TRIES, (AVG 540175.8)
[1, 4, 10, 23, 57, 132, 301, 701, 1654, 3867, 8753, 20540]...: 28123565: ACCEPTED IN 52 TRIES, (AVG 540837.7884615385)
[1, 4, 10, 23, 57, 132, 301, 701, 1654, 3867, 8753, 20544]...: 13510939: ACCEPTED IN 25 TRIES, (AVG 540437.56)
[1, 4, 10, 23, 57, 132, 301, 701, 1654, 3867, 8753, 20548]...: 23254535: ACCEPTED IN 43 TRIES, (AVG 540803.1395348837)
[1, 4, 10, 23, 57, 132, 301, 701, 1654, 3867, 8753, 20552]...: 23795889: ACCEPTED IN 44 TRIES, (AVG 540815.6590909091)
[1, 4, 10, 23, 57, 132, 301, 701, 1654, 3867, 8753, 20564]...: 7018480: ACCEPTED IN 13 TRIES, (AVG 539883.0769230769)
[1, 4, 10, 23, 57, 132, 301, 701, 1654, 3867, 8753, 20568]...: 12431254: ACCEPTED IN 23 TRIES, (AVG 540489.304347826)
[1, 4, 10, 23, 57, 132, 301, 701, 1654, 3867, 8753, 20569]...: 17843655: ACCEPTED IN 33 TRIES, (AVG 540716.8181818182)
[1, 4, 10, 23, 57, 132, 301, 701, 1654, 3867, 8753, 20573]...: 30288310: ACCEPTED IN 56 TRIES, (AVG 540862.6785714285)
[1, 4, 10, 23, 57, 132, 301, 701, 1654, 3867, 8753, 20577]...: 22712809: ACCEPTED IN 42 TRIES, (AVG 540781.1666666666)
[1, 4, 10, 23, 57, 132, 301, 701, 1654, 3867, 8753, 20581]...: 15677846: ACCEPTED IN 29 TRIES, (AVG 540615.3793103448)
[1, 4, 10, 23, 57, 132, 301, 701, 1654, 3867, 8753, 20582]...: 5396874: ACCEPTED IN 10 TRIES, (AVG 539687.4)
[1, 4, 10, 23, 57, 132, 301, 701, 1654, 3867, 8753, 20585]...: 20548181: ACCEPTED IN 38 TRIES, (AVG 540741.6052631579)
[1, 4, 10, 23, 57, 132, 301, 701, 1654, 3867, 8753, 20610]...: 11888665: ACCEPTED IN 22 TRIES, (AVG 540393.8636363636)
[1, 4, 10, 23, 57, 132, 301, 701, 1654, 3867, 8753, 20614]...: 13513304: ACCEPTED IN 25 TRIES, (AVG 540532.16)
[1, 4, 10, 23, 57, 132, 301, 701, 1654, 3867, 8753, 20618]...: 13513157: ACCEPTED IN 25 TRIES, (AVG 540526.28)
[1, 4, 10, 23, 57, 132, 301, 701, 1654, 3867, 8753, 20622]...: 11890081: ACCEPTED IN 22 TRIES, (AVG 540458.2272727273)
[1, 4, 10, 23, 57, 132, 301, 701, 1654, 3867, 8753, 20626]...: 12429094: ACCEPTED IN 23 TRIES, (AVG 540395.3913043478)
[1, 4, 10, 23, 57, 132, 301, 701, 1654, 3867, 8753, 20627]...: 23255003: ACCEPTED IN 43 TRIES, (AVG 540814.023255814)
[1, 4, 10, 23, 57, 132, 301, 701, 1654, 3867, 8753, 20639]...: 13513025: ACCEPTED IN 25 TRIES, (AVG 540521.0)
[1, 4, 10, 23, 57, 132, 301, 701, 1654, 3867, 8753, 20647]...: 20007584: ACCEPTED IN 37 TRIES, (AVG 540745.5135135135)
[1, 4, 10, 23, 57, 132, 301, 701, 1654, 3867, 8753, 20651]...: 23250061: ACCEPTED IN 43 TRIES, (AVG 540699.0930232558)
[1, 4, 10, 23, 57, 132, 301, 701, 1654, 3867, 8753, 20655]...: 42735793: ACCEPTED IN 79 TRIES, (AVG 540959.4050632912)
[1, 4, 10, 23, 57, 132, 301, 701, 1654, 3867, 8753, 20659]...: 20549298: ACCEPTED IN 38 TRIES, (AVG 540771.0)
[1, 4, 10, 23, 57, 132, 301, 701, 1654, 3867, 8753, 20663]...: 11889561: ACCEPTED IN 22 TRIES, (AVG 540434.5909090909)
[1, 4, 10, 23, 57, 132, 301, 701, 1654, 3867, 8753, 20664]...: 8102712: ACCEPTED IN 15 TRIES, (AVG 540180.8)
[1, 4, 10, 23, 57, 132, 301, 701, 1654, 3867, 8753, 20668]...: 15136867: ACCEPTED IN 28 TRIES, (AVG 540602.3928571428)
[1, 4, 10, 23, 57, 132, 301, 701, 1654, 3867, 8753, 20676]...: 18924489: ACCEPTED IN 35 TRIES, (AVG 540699.6857142857)
[1, 4, 10, 23, 57, 132, 301, 701, 1654, 3867, 8753, 20680]...: 14596585: ACCEPTED IN 27 TRIES, (AVG 540614.2592592592)
[1, 4, 10, 23, 57, 132, 301, 701, 1654, 3867, 8753, 20684]...: 20546716: ACCEPTED IN 38 TRIES, (AVG 540703.052631579)
[1, 4, 10, 23, 57, 132, 301, 701, 1654, 3867, 8753, 20688]...: 24336634: ACCEPTED IN 45 TRIES, (AVG 540814.088888889)
[1, 4, 10, 23, 57, 132, 301, 701, 1654, 3867, 8753, 20696]...: 11349383: ACCEPTED IN 21 TRIES, (AVG 540446.8095238095)
[1, 4, 10, 23, 57, 132, 301, 701, 1654, 3867, 8753, 20700]...: 12432271: ACCEPTED IN 23 TRIES, (AVG 540533.5217391305)
[1, 4, 10, 23, 57, 132, 301, 701, 1654, 3867, 8753, 20701]...: 12971344: ACCEPTED IN 24 TRIES, (AVG 540472.6666666666)
[1, 4, 10, 23, 57, 132, 301, 701, 1654, 3867, 8753, 20705]...: 13514150: ACCEPTED IN 25 TRIES, (AVG 540566.0)
[1, 4, 10, 23, 57, 132, 301, 701, 1654, 3867, 8753, 20709]...: 7561113: ACCEPTED IN 14 TRIES, (AVG 540079.5)
[1, 4, 10, 23, 57, 132, 301, 701, 1654, 3867, 8753, 20713]...: 10808686: ACCEPTED IN 20 TRIES, (AVG 540434.3)
[1, 4, 10, 23, 57, 132, 301, 701, 1654, 3867, 8753, 20714]...: 15679157: ACCEPTED IN 29 TRIES, (AVG 540660.5862068966)
[1, 4, 10, 23, 57, 132, 301, 701, 1654, 3867, 8753, 20717]...: 10808652: ACCEPTED IN 20 TRIES, (AVG 540432.6)
[1, 4, 10, 23, 57, 132, 301, 701, 1654, 3867, 8753, 20722]...: 7561789: ACCEPTED IN 14 TRIES, (AVG 540127.7857142857)
[1, 4, 10, 23, 57, 132, 301, 701, 1654, 3867, 8753, 20737]...: 8643829: ACCEPTED IN 16 TRIES, (AVG 540239.3125)
[1, 4, 10, 23, 57, 132, 301, 701, 1654, 3867, 8753, 20742]...: 19466554: ACCEPTED IN 36 TRIES, (AVG 540737.6111111111)
[1, 4, 10, 23, 57, 132, 301, 701, 1654, 3867, 8753, 20746]...: 11350064: ACCEPTED IN 21 TRIES, (AVG 540479.2380952381)
[1, 4, 10, 23, 57, 132, 301, 701, 1654, 3867, 8753, 20750]...: 7561064: ACCEPTED IN 14 TRIES, (AVG 540076.0)
[1, 4, 10, 23, 57, 132, 301, 701, 1654, 3867, 8753, 20751]...: 20008237: ACCEPTED IN 37 TRIES, (AVG 540763.1621621621)
[1, 4, 10, 23, 57, 132, 301, 701, 1654, 3867, 8753, 20754]...: 23253831: ACCEPTED IN 43 TRIES, (AVG 540786.7674418605)
[1, 4, 10, 23, 57, 132, 301, 701, 1654, 3867, 8753, 20758]...: 23796082: ACCEPTED IN 44 TRIES, (AVG 540820.0454545454)
[1, 4, 10, 23, 57, 132, 301, 701, 1654, 3867, 8753, 20759]...: 7561908: ACCEPTED IN 14 TRIES, (AVG 540136.2857142857)
[1, 4, 10, 23, 57, 132, 301, 701, 1654, 3867, 8753, 20779]...: 31912586: ACCEPTED IN 59 TRIES, (AVG 540891.2881355932)
[1, 4, 10, 23, 57, 132, 301, 701, 1654, 3867, 8753, 20783]...: 13513601: ACCEPTED IN 25 TRIES, (AVG 540544.04)
[1, 4, 10, 23, 57, 132, 301, 701, 1654, 3867, 8753, 20787]...: 28124274: ACCEPTED IN 52 TRIES, (AVG 540851.4230769231)
[1, 4, 10, 23, 57, 132, 301, 701, 1654, 3867, 8753, 20791]...: 62214274: ACCEPTED IN 115 TRIES, (AVG 540993.6869565217)
[1, 4, 10, 23, 57, 132, 301, 701, 1654, 3867, 8753, 20795]...: 6477781: ACCEPTED IN 12 TRIES, (AVG 539815.0833333334)
[1, 4, 10, 23, 57, 132, 301, 701, 1654, 3867, 8753, 20796]...: 15677829: ACCEPTED IN 29 TRIES, (AVG 540614.7931034482)
[1, 4, 10, 23, 57, 132, 301, 701, 1654, 3867, 8753, 20800]...: 10807142: ACCEPTED IN 20 TRIES, (AVG 540357.1)
[1, 4, 10, 23, 57, 132, 301, 701, 1654, 3867, 8753, 20808]...: 12432145: ACCEPTED IN 23 TRIES, (AVG 540528.0434782609)
[1, 4, 10, 23, 57, 132, 301, 701, 1654, 3867, 8753, 20812]...: 14595325: ACCEPTED IN 27 TRIES, (AVG 540567.5925925926)
[1, 4, 10, 23, 57, 132, 301, 701, 1654, 3867, 8753, 20816]...: 23252733: ACCEPTED IN 43 TRIES, (AVG 540761.2325581395)
[1, 4, 10, 23, 57, 132, 301, 701, 1654, 3867, 8753, 20820]...: 14055277: ACCEPTED IN 26 TRIES, (AVG 540587.5769230769)
[1, 4, 10, 23, 57, 132, 301, 701, 1654, 3867, 8753, 20828]...: 20007396: ACCEPTED IN 37 TRIES, (AVG 540740.4324324324)
[1, 4, 10, 23, 57, 132, 301, 701, 1654, 3867, 8753, 20832]...: 13513618: ACCEPTED IN 25 TRIES, (AVG 540544.72)
[1, 4, 10, 23, 57, 132, 301, 701, 1654, 3867, 8753, 20833]...: 29206889: ACCEPTED IN 54 TRIES, (AVG 540868.3148148148)
[1, 4, 10, 23, 57, 132, 301, 701, 1654, 3867, 8753, 20837]...: 7560412: ACCEPTED IN 14 TRIES, (AVG 540029.4285714285)
[1, 4, 10, 23, 57, 132, 301, 701, 1654, 3867, 8753, 20841]...: 14595383: ACCEPTED IN 27 TRIES, (AVG 540569.7407407408)
[1, 4, 10, 23, 57, 132, 301, 701, 1654, 3867, 8753, 20845]...: 12431766: ACCEPTED IN 23 TRIES, (AVG 540511.5652173914)
[1, 4, 10, 23, 57, 132, 301, 701, 1654, 3867, 8753, 20846]...: 13511276: ACCEPTED IN 25 TRIES, (AVG 540451.04)
[1, 4, 10, 23, 57, 132, 301, 701, 1654, 3867, 8753, 20849]...: 10808905: ACCEPTED IN 20 TRIES, (AVG 540445.25)
[1, 4, 10, 23, 57, 132, 301, 701, 1654, 3867, 8753, 20869]...: 12972489: ACCEPTED IN 24 TRIES, (AVG 540520.375)
[1, 4, 10, 23, 57, 132, 301, 701, 1654, 3867, 8753, 20870]...: 12973386: ACCEPTED IN 24 TRIES, (AVG 540557.75)
[1, 4, 10, 23, 57, 132, 301, 701, 1654, 3867, 8753, 20874]...: 23252613: ACCEPTED IN 43 TRIES, (AVG 540758.4418604651)
[1, 4, 10, 23, 57, 132, 301, 701, 1654, 3867, 8753, 20878]...: 23253753: ACCEPTED IN 43 TRIES, (AVG 540784.9534883721)
[1, 4, 10, 23, 57, 132, 301, 701, 1654, 3867, 8753, 20882]...: 13514071: ACCEPTED IN 25 TRIES, (AVG 540562.84)
[1, 4, 10, 23, 57, 132, 301, 701, 1654, 3867, 8753, 20883]...: 7561933: ACCEPTED IN 14 TRIES, (AVG 540138.0714285715)
[1, 4, 10, 23, 57, 132, 301, 701, 1654, 3867, 8753, 20886]...: 19466296: ACCEPTED IN 36 TRIES, (AVG 540730.4444444445)
[1, 4, 10, 23, 57, 132, 301, 701, 1654, 3867, 8753, 20891]...: 18382772: ACCEPTED IN 34 TRIES, (AVG 540669.7647058824)
[1, 4, 10, 23, 57, 132, 301, 701, 1654, 3867, 8753, 20911]...: 21090271: ACCEPTED IN 39 TRIES, (AVG 540776.1794871795)
[1, 4, 10, 23, 57, 132, 301, 701, 1654, 3867, 8753, 20915]...: 11349841: ACCEPTED IN 21 TRIES, (AVG 540468.619047619)
[1, 4, 10, 23, 57, 132, 301, 701, 1654, 3867, 8753, 20919]...: 12973215: ACCEPTED IN 24 TRIES, (AVG 540550.625)
[1, 4, 10, 23, 57, 132, 301, 701, 1654, 3867, 8753, 20923]...: 19466978: ACCEPTED IN 36 TRIES, (AVG 540749.3888888889)
[1, 4, 10, 23, 57, 132, 301, 701, 1654, 3867, 8753, 20927]...: 13512244: ACCEPTED IN 25 TRIES, (AVG 540489.76)
[1, 4, 10, 23, 57, 132, 301, 701, 1654, 3867, 8753, 20928]...: 7561138: ACCEPTED IN 14 TRIES, (AVG 540081.2857142857)
[1, 4, 10, 23, 57, 132, 301, 701, 1654, 3867, 8753, 20932]...: 40028020: ACCEPTED IN 74 TRIES, (AVG 540919.1891891892)
[1, 4, 10, 23, 57, 132, 301, 701, 1654, 3867, 8753, 20940]...: 17843426: ACCEPTED IN 33 TRIES, (AVG 540709.8787878788)
[1, 4, 10, 23, 57, 132, 301, 701, 1654, 3867, 8753, 20944]...: 20548021: ACCEPTED IN 38 TRIES, (AVG 540737.3947368421)
[1, 4, 10, 23, 57, 132, 301, 701, 1654, 3867, 8753, 20948]...: 13513297: ACCEPTED IN 25 TRIES, (AVG 540531.88)
[1, 4, 10, 23, 57, 132, 301, 701, 1654, 3867, 8753, 20952]...: 16220104: ACCEPTED IN 30 TRIES, (AVG 540670.1333333333)
[1, 4, 10, 23, 57, 132, 301, 701, 1654, 3867, 8753, 20960]...: 11890935: ACCEPTED IN 22 TRIES, (AVG 540497.0454545454)
[1, 4, 10, 23, 57, 132, 301, 701, 1654, 3867, 8753, 20964]...: 12430898: ACCEPTED IN 23 TRIES, (AVG 540473.8260869565)
[1, 4, 10, 23, 57, 132, 301, 701, 1654, 3867, 8753, 20965]...: 12973221: ACCEPTED IN 24 TRIES, (AVG 540550.875)
[1, 4, 10, 23, 57, 132, 301, 701, 1654, 3867, 8753, 20969]...: 12973061: ACCEPTED IN 24 TRIES, (AVG 540544.2083333334)
[1, 4, 10, 23, 57, 132, 301, 701, 1654, 3867, 8753, 20973]...: 29206774: ACCEPTED IN 54 TRIES, (AVG 540866.1851851852)
[1, 4, 10, 23, 57, 132, 301, 701, 1654, 3867, 8753, 20977]...: 15678378: ACCEPTED IN 29 TRIES, (AVG 540633.724137931)
[1, 4, 10, 23, 57, 132, 301, 701, 1654, 3867, 8753, 20978]...: 19466720: ACCEPTED IN 36 TRIES, (AVG 540742.2222222222)
[1, 4, 10, 23, 57, 132, 301, 701, 1654, 3867, 8753, 20981]...: 7561671: ACCEPTED IN 14 TRIES, (AVG 540119.3571428572)
[1, 4, 10, 23, 57, 132, 301, 701, 1654, 3867, 8753, 20989]...: 23252523: ACCEPTED IN 43 TRIES, (AVG 540756.3488372093)
[1, 4, 10, 23, 57, 132, 301, 701, 1654, 3867, 8753, 21001]...: 29206611: ACCEPTED IN 54 TRIES, (AVG 540863.1666666666)
[1, 4, 10, 23, 57, 132, 301, 701, 1654, 3867, 8753, 21002]...: 13514040: ACCEPTED IN 25 TRIES, (AVG 540561.6)
[1, 4, 10, 23, 57, 132, 301, 701, 1654, 3867, 8753, 21006]...: 28665351: ACCEPTED IN 53 TRIES, (AVG 540855.679245283)
