[1, 4, 10, 23, 57, 132, 301, 701, 1654, 3867, 8949, 19690]...: 27580640: ACCEPTED IN 51 TRIES, (AVG 540796.8627450981)
[1, 4, 10, 23, 57, 132, 301, 701, 1654, 3867, 8949, 19694]...: 37865495: ACCEPTED IN 70 TRIES, (AVG 540935.6428571428)
[1, 4, 10, 23, 57, 132, 301, 701, 1654, 3867, 8949, 19698]...: 11890246: ACCEPTED IN 22 TRIES, (AVG 540465.7272727273)
[1, 4, 10, 23, 57, 132, 301, 701, 1654, 3867, 8949, 19702]...: 15678636: ACCEPTED IN 29 TRIES, (AVG 540642.6206896552)
[1, 4, 10, 23, 57, 132, 301, 701, 1654, 3867, 8949, 19706]...: 31912476: ACCEPTED IN 59 TRIES, (AVG 540889.4237288135)
[1, 4, 10, 23, 57, 132, 301, 701, 1654, 3867, 8949, 19723]...: 11348084: ACCEPTED IN 21 TRIES, (AVG 540384.9523809524)
[1, 4, 10, 23, 57, 132, 301, 701, 1654, 3867, 8949, 19727]...: 11889027: ACCEPTED IN 22 TRIES, (AVG 540410.3181818182)
[1, 4, 10, 23, 57, 132, 301, 701, 1654, 3867, 8949, 19731]...: 28664752: ACCEPTED IN 53 TRIES, (AVG 540844.3773584906)
[1, 4, 10, 23, 57, 132, 301, 701, 1654, 3867, 8949, 19735]...: 12432307: ACCEPTED IN 23 TRIES, (AVG 540535.0869565217)
[1, 4, 10, 23, 57, 132, 301, 701, 1654, 3867, 8949, 19739]...: 27583120: ACCEPTED IN 51 TRIES, (AVG 540845.4901960784)
[1, 4, 10, 23, 57, 132, 301, 701, 1654, 3867, 8949, 19743]...: 24878240: ACCEPTED IN 46 TRIES, (AVG 540831.304347826)
[1, 4, 10, 23, 57, 132, 301, 701, 1654, 3867, 8949, 19756]...: 12970810: ACCEPTED IN 24 TRIES, (AVG 540450.4166666666)
[1, 4, 10, 23, 57, 132, 301, 701, 1654, 3867, 8949, 19760]...: 11890865: ACCEPTED IN 22 TRIES, (AVG 540493.8636363636)
[1, 4, 10, 23, 57, 132, 301, 701, 1654, 3867, 8949, 19764]...: 11890900: ACCEPTED IN 22 TRIES, (AVG 540495.4545454546)
[1, 4, 10, 23, 57, 132, 301, 701, 1654, 3867, 8949, 19772]...: 12973376: ACCEPTED IN 24 TRIES, (AVG 540557.3333333334)
[1, 4, 10, 23, 57, 132, 301, 701, 1654, 3867, 8949, 19776]...: 31371004: ACCEPTED IN 58 TRIES, (AVG 540879.3793103448)
[1, 4, 10, 23, 57, 132, 301, 701, 1654, 3867, 8949, 19789]...: 20548830: ACCEPTED IN 38 TRIES, (AVG 540758.6842105263)
[1, 4, 10, 23, 57, 132, 301, 701, 1654, 3867, 8949, 19793]...: 18383580: ACCEPTED IN 34 TRIES, (AVG 540693.5294117647)
[1, 4, 10, 23, 57, 132, 301, 701, 1654, 3867, 8949, 19797]...: 24877136: ACCEPTED IN 46 TRIES, (AVG 540807.304347826)
[1, 4, 10, 23, 57, 132, 301, 701, 1654, 3867, 8949, 19801]...: 12431857: ACCEPTED IN 23 TRIES, (AVG 540515.5217391305)
[1, 4, 10, 23, 57, 132, 301, 701, 1654, 3867, 8949, 19826]...: 17842920: ACCEPTED IN 33 TRIES, (AVG 540694.5454545454)
[1, 4, 10, 23, 57, 132, 301, 701, 1654, 3867, 8949, 19830]...: 14596753: ACCEPTED IN 27 TRIES, (AVG 540620.4814814815)
[1, 4, 10, 23, 57, 132, 301, 701, 1654, 3867, 8949, 19834]...: 13512722: ACCEPTED IN 25 TRIES, (AVG 540508.88)
[1, 4, 10, 23, 57, 132, 301, 701, 1654, 3867, 8949, 19838]...: 11349069: ACCEPTED IN 21 TRIES, (AVG 540431.8571428572)
[1, 4, 10, 23, 57, 132, 301, 701, 1654, 3867, 8949, 19855]...: 31371280: ACCEPTED IN 58 TRIES, (AVG 540884.1379310344)
[1, 4, 10, 23, 57, 132, 301, 701, 1654, 3867, 8949, 19859]...: 32995114: ACCEPTED IN 61 TRIES, (AVG 540903.5081967213)
[1, 4, 10, 23, 57, 132, 301, 701, 1654, 3867, 8949, 19863]...: 13514425: ACCEPTED IN 25 TRIES, (AVG 540577.0)
[1, 4, 10, 23, 57, 132, 301, 701, 1654, 3867, 8949, 19867]...: 18383208: ACCEPTED IN 34 TRIES, (AVG 540682.5882352941)
[1, 4, 10, 23, 57, 132, 301, 701, 1654, 3867, 8949, 19871]...: 8642386: ACCEPTED IN 16 TRIES, (AVG 540149.125)
[1, 4, 10, 23, 57, 132, 301, 701, 1654, 3867, 8949, 19875]...: 14593308: ACCEPTED IN 27 TRIES, (AVG 540492.8888888889)
[1, 4, 10, 23, 57, 132, 301, 701, 1654, 3867, 8949, 19888]...: 16219276: ACCEPTED IN 30 TRIES, (AVG 540642.5333333333)
[1, 4, 10, 23, 57, 132, 301, 701, 1654, 3867, 8949, 19892]...: 28664456: ACCEPTED IN 53 TRIES, (AVG 540838.7924528302)
[1, 4, 10, 23, 57, 132, 301, 701, 1654, 3867, 8949, 19896]...: 11890629: ACCEPTED IN 22 TRIES, (AVG 540483.1363636364)
[1, 4, 10, 23, 57, 132, 301, 701, 1654, 3867, 8949, 19904]...: 11890162: ACCEPTED IN 22 TRIES, (AVG 540461.9090909091)
[1, 4, 10, 23, 57, 132, 301, 701, 1654, 3867, 8949, 19908]...: 11889067: ACCEPTED IN 22 TRIES, (AVG 540412.1363636364)
[1, 4, 10, 23, 57, 132, 301, 701, 1654, 3867, 8949, 19925]...: 6479467: ACCEPTED IN 12 TRIES, (AVG 539955.5833333334)
[1, 4, 10, 23, 57, 132, 301, 701, 1654, 3867, 8949, 19929]...: 26501227: ACCEPTED IN 49 TRIES, (AVG 540841.3673469388)
[1, 4, 10, 23, 57, 132, 301, 701, 1654, 3867, 8949, 19933]...: 17843381: ACCEPTED IN 33 TRIES, (AVG 540708.5151515151)
[1, 4, 10, 23, 57, 132, 301, 701, 1654, 3867, 8949, 19945]...: 12971895: ACCEPTED IN 24 TRIES, (AVG 540495.625)
[1, 4, 10, 23, 57, 132, 301, 701, 1654, 3867, 8949, 19958]...: 11889548: ACCEPTED IN 22 TRIES, (AVG 540434.0)
[1, 4, 10, 23, 57, 132, 301, 701, 1654, 3867, 8949, 19962]...: 12972595: ACCEPTED IN 24 TRIES, (AVG 540524.7916666666)
[1, 4, 10, 23, 57, 132, 301, 701, 1654, 3867, 8949, 19966]...: 11887141: ACCEPTED IN 22 TRIES, (AVG 540324.5909090909)
[1, 4, 10, 23, 57, 132, 301, 701, 1654, 3867, 8949, 19970]...: 13513831: ACCEPTED IN 25 TRIES, (AVG 540553.24)
[1, 4, 10, 23, 57, 132, 301, 701, 1654, 3867, 8949, 19987]...: 27042821: ACCEPTED IN 50 TRIES, (AVG 540856.42)
[1, 4, 10, 23, 57, 132, 301, 701, 1654, 3867, 8949, 19991]...: 7559909: ACCEPTED IN 14 TRIES, (AVG 539993.5)
[1, 4, 10, 23, 57, 132, 301, 701, 1654, 3867, 8949, 19995]...: 11890329: ACCEPTED IN 22 TRIES, (AVG 540469.5)
[1, 4, 10, 23, 57, 132, 301, 701, 1654, 3867, 8949, 19999]...: 18384772: ACCEPTED IN 34 TRIES, (AVG 540728.5882352941)
[1, 4, 10, 23, 57, 132, 301, 701, 1654, 3867, 8949, 20003]...: 15678585: ACCEPTED IN 29 TRIES, (AVG 540640.8620689656)
[1, 4, 10, 23, 57, 132, 301, 701, 1654, 3867, 8949, 20007]...: 11349930: ACCEPTED IN 21 TRIES, (AVG 540472.8571428572)
[1, 4, 10, 23, 57, 132, 301, 701, 1654, 3867, 8949, 20024]...: 15678929: ACCEPTED IN 29 TRIES, (AVG 540652.724137931)
[1, 4, 10, 23, 57, 132, 301, 701, 1654, 3867, 8949, 20028]...: 11890124: ACCEPTED IN 22 TRIES, (AVG 540460.1818181818)
[1, 4, 10, 23, 57, 132, 301, 701, 1654, 3867, 8949, 20036]...: 7560976: ACCEPTED IN 14 TRIES, (AVG 540069.7142857143)
[1, 4, 10, 23, 57, 132, 301, 701, 1654, 3867, 8949, 20040]...: 19466216: ACCEPTED IN 36 TRIES, (AVG 540728.2222222222)
[1, 4, 10, 23, 57, 132, 301, 701, 1654, 3867, 8949, 20044]...: 17842623: ACCEPTED IN 33 TRIES, (AVG 540685.5454545454)
[1, 4, 10, 23, 57, 132, 301, 701, 1654, 3867, 8949, 20057]...: 11348944: ACCEPTED IN 21 TRIES, (AVG 540425.9047619047)
[1, 4, 10, 23, 57, 132, 301, 701, 1654, 3867, 8949, 20061]...: 11348508: ACCEPTED IN 21 TRIES, (AVG 540405.1428571428)
[1, 4, 10, 23, 57, 132, 301, 701, 1654, 3867, 8949, 20065]...: 12431326: ACCEPTED IN 23 TRIES, (AVG 540492.4347826086)
[1, 4, 10, 23, 57, 132, 301, 701, 1654, 3867, 8949, 20077]...: 13513412: ACCEPTED IN 25 TRIES, (AVG 540536.48)
[1, 4, 10, 23, 57, 132, 301, 701, 1654, 3867, 8949, 20090]...: 21629324: ACCEPTED IN 40 TRIES, (AVG 540733.1)
[1, 4, 10, 23, 57, 132, 301, 701, 1654, 3867, 8949, 20094]...: 10266916: ACCEPTED IN 19 TRIES, (AVG 540364.0)
[1, 4, 10, 23, 57, 132, 301, 701, 1654, 3867, 8949, 20098]...: 12431624: ACCEPTED IN 23 TRIES, (AVG 540505.3913043478)
[1, 4, 10, 23, 57, 132, 301, 701, 1654, 3867, 8949, 20102]...: 15678410: ACCEPTED IN 29 TRIES, (AVG 540634.8275862068)
[1, 4, 10, 23, 57, 132, 301, 701, 1654, 3867, 8949, 20127]...: 16219684: ACCEPTED IN 30 TRIES, (AVG 540656.1333333333)
[1, 4, 10, 23, 57, 132, 301, 701, 1654, 3867, 8949, 20131]...: 9724259: ACCEPTED IN 18 TRIES, (AVG 540236.6111111111)
[1, 4, 10, 23, 57, 132, 301, 701, 1654, 3867, 8949, 20135]...: 11890244: ACCEPTED IN 22 TRIES, (AVG 540465.6363636364)
[1, 4, 10, 23, 57, 132, 301, 701, 1654, 3867, 8949, 20139]...: 16760333: ACCEPTED IN 31 TRIES, (AVG 540655.9032258064)
[1, 4, 10, 23, 57, 132, 301, 701, 1654, 3867, 8949, 20156]...: 5937708: ACCEPTED IN 11 TRIES, (AVG 539791.6363636364)
[1, 4, 10, 23, 57, 132, 301, 701, 1654, 3867, 8949, 20160]...: 20548097: ACCEPTED IN 38 TRIES, (AVG 540739.3947368421)
[1, 4, 10, 23, 57, 132, 301, 701, 1654, 3867, 8949, 20168]...: 7561412: ACCEPTED IN 14 TRIES, (AVG 540100.8571428572)
[1, 4, 10, 23, 57, 132, 301, 701, 1654, 3867, 8949, 20172]...: 30830274: ACCEPTED IN 57 TRIES, (AVG 540882.0)
[1, 4, 10, 23, 57, 132, 301, 701, 1654, 3867, 8949, 20176]...: 24877178: ACCEPTED IN 46 TRIES, (AVG 540808.2173913043)
[1, 4, 10, 23, 57, 132, 301, 701, 1654, 3867, 8949, 20189]...: 22713773: ACCEPTED IN 42 TRIES, (AVG 540804.119047619)
[1, 4, 10, 23, 57, 132, 301, 701, 1654, 3867, 8949, 20193]...: 5937720: ACCEPTED IN 11 TRIES, (AVG 539792.7272727273)
[1, 4, 10, 23, 57, 132, 301, 701, 1654, 3867, 8949, 20197]...: 24876308: ACCEPTED IN 46 TRIES, (AVG 540789.304347826)
[1, 4, 10, 23, 57, 132, 301, 701, 1654, 3867, 8949, 20209]...: 12973047: ACCEPTED IN 24 TRIES, (AVG 540543.625)
[1, 4, 10, 23, 57, 132, 301, 701, 1654, 3867, 8949, 20226]...: 17842630: ACCEPTED IN 33 TRIES, (AVG 540685.7575757576)
[1, 4, 10, 23, 57, 132, 301, 701, 1654, 3867, 8949, 20230]...: 11348651: ACCEPTED IN 21 TRIES, (AVG 540411.9523809524)
[1, 4, 10, 23, 57, 132, 301, 701, 1654, 3867, 8949, 20234]...: 20548465: ACCEPTED IN 38 TRIES, (AVG 540749.0789473684)
[1, 4, 10, 23, 57, 132, 301, 701, 1654, 3867, 8949, 20259]...: 11889178: ACCEPTED IN 22 TRIES, (AVG 540417.1818181818)
[1, 4, 10, 23, 57, 132, 301, 701, 1654, 3867, 8949, 20263]...: 11887036: ACCEPTED IN 22 TRIES, (AVG 540319.8181818182)
[1, 4, 10, 23, 57, 132, 301, 701, 1654, 3867, 8949, 20267]...: 7561087: ACCEPTED IN 14 TRIES, (AVG 540077.6428571428)
[1, 4, 10, 23, 57, 132, 301, 701, 1654, 3867, 8949, 20271]...: 22172523: ACCEPTED IN 41 TRIES, (AVG 540793.243902439)
[1, 4, 10, 23, 57, 132, 301, 701, 1654, 3867, 8949, 20288]...: 15678931: ACCEPTED IN 29 TRIES, (AVG 540652.7931034482)
[1, 4, 10, 23, 57, 132, 301, 701, 1654, 3867, 8949, 20292]...: 15137367: ACCEPTED IN 28 TRIES, (AVG 540620.25)
[1, 4, 10, 23, 57, 132, 301, 701, 1654, 3867, 8949, 20296]...: 12972109: ACCEPTED IN 24 TRIES, (AVG 540504.5416666666)
[1, 4, 10, 23, 57, 132, 301, 701, 1654, 3867, 8949, 20300]...: 11890014: ACCEPTED IN 22 TRIES, (AVG 540455.1818181818)
[1, 4, 10, 23, 57, 132, 301, 701, 1654, 3867, 8949, 20304]...: 18384592: ACCEPTED IN 34 TRIES, (AVG 540723.2941176471)
[1, 4, 10, 23, 57, 132, 301, 701, 1654, 3867, 8949, 20308]...: 25959315: ACCEPTED IN 48 TRIES, (AVG 540819.0625)
[1, 4, 10, 23, 57, 132, 301, 701, 1654, 3867, 8949, 20325]...: 8102572: ACCEPTED IN 15 TRIES, (AVG 540171.4666666667)
[1, 4, 10, 23, 57, 132, 301, 701, 1654, 3867, 8949, 20329]...: 25419195: ACCEPTED IN 47 TRIES, (AVG 540833.9361702128)
[1, 4, 10, 23, 57, 132, 301, 701, 1654, 3867, 8949, 20341]...: 7561677: ACCEPTED IN 14 TRIES, (AVG 540119.7857142857)
[1, 4, 10, 23, 57, 132, 301, 701, 1654, 3867, 8949, 20345]...: 8102006: ACCEPTED IN 15 TRIES, (AVG 540133.7333333333)
[1, 4, 10, 23, 57, 132, 301, 701, 1654, 3867, 8949, 20358]...: 9725804: ACCEPTED IN 18 TRIES, (AVG 540322.4444444445)
[1, 4, 10, 23, 57, 132, 301, 701, 1654, 3867, 8949, 20362]...: 12971571: ACCEPTED IN 24 TRIES, (AVG 540482.125)
[1, 4, 10, 23, 57, 132, 301, 701, 1654, 3867, 8949, 20366]...: 15678240: ACCEPTED IN 29 TRIES, (AVG 540628.9655172414)
[1, 4, 10, 23, 57, 132, 301, 701, 1654, 3867, 8949, 20391]...: 9184940: ACCEPTED IN 17 TRIES, (AVG 540290.5882352941)
[1, 4, 10, 23, 57, 132, 301, 701, 1654, 3867, 8949, 20395]...: 13513358: ACCEPTED IN 25 TRIES, (AVG 540534.32)
[1, 4, 10, 23, 57, 132, 301, 701, 1654, 3867, 8949, 20399]...: 10808762: ACCEPTED IN 20 TRIES, (AVG 540438.1)
[1, 4, 10, 23, 57, 132, 301, 701, 1654, 3867, 8949, 20403]...: 12432021: ACCEPTED IN 23 TRIES, (AVG 540522.6521739131)
[1, 4, 10, 23, 57, 132, 301, 701, 1654, 3867, 8949, 20424]...: 15678614: ACCEPTED IN 29 TRIES, (AVG 540641.8620689656)
[1, 4, 10, 23, 57, 132, 301, 701, 1654, 3867, 8949, 20428]...: 11888140: ACCEPTED IN 22 TRIES, (AVG 540370.0)
[1, 4, 10, 23, 57, 132, 301, 701, 1654, 3867, 8949, 20432]...: 11888901: ACCEPTED IN 22 TRIES, (AVG 540404.5909090909)
[1, 4, 10, 23, 57, 132, 301, 701, 1654, 3867, 8949, 20436]...: 9726597: ACCEPTED IN 18 TRIES, (AVG 540366.5)
[1, 4, 10, 23, 57, 132, 301, 701, 1654, 3867, 8949, 20440]...: 21630269: ACCEPTED IN 40 TRIES, (AVG 540756.725)
[1, 4, 10, 23, 57, 132, 301, 701, 1654, 3867, 8949, 20457]...: 12973050: ACCEPTED IN 24 TRIES, (AVG 540543.75)
[1, 4, 10, 23, 57, 132, 301, 701, 1654, 3867, 8949, 20461]...: 11348422: ACCEPTED IN 21 TRIES, (AVG 540401.0476190476)
[1, 4, 10, 23, 57, 132, 301, 701, 1654, 3867, 8949, 20473]...: 5937215: ACCEPTED IN 11 TRIES, (AVG 539746.8181818182)
[1, 4, 10, 23, 57, 132, 301, 701, 1654, 3867, 8949, 20477]...: 11889470: ACCEPTED IN 22 TRIES, (AVG 540430.4545454546)
[1, 4, 10, 23, 57, 132, 301, 701, 1654, 3867, 8949, 20490]...: 12972667: ACCEPTED IN 24 TRIES, (AVG 540527.7916666666)
[1, 4, 10, 23, 57, 132, 301, 701, 1654, 3867, 8949, 20494]...: 20547523: ACCEPTED IN 38 TRIES, (AVG 540724.2894736842)
[1, 4, 10, 23, 57, 132, 301, 701, 1654, 3867, 8949, 20527]...: 24876877: ACCEPTED IN 46 TRIES, (AVG 540801.6739130435)
[1, 4, 10, 23, 57, 132, 301, 701, 1654, 3867, 8949, 20531]...: 5936446: ACCEPTED IN 11 TRIES, (AVG 539676.9090909091)
[1, 4, 10, 23, 57, 132, 301, 701, 1654, 3867, 8949, 20535]...: 11889709: ACCEPTED IN 22 TRIES, (AVG 540441.3181818182)
[1, 4, 10, 23, 57, 132, 301, 701, 1654, 3867, 8949, 20556]...: 11890143: ACCEPTED IN 22 TRIES, (AVG 540461.0454545454)
[1, 4, 10, 23, 57, 132, 301, 701, 1654, 3867, 8949, 20560]...: 11887721: ACCEPTED IN 22 TRIES, (AVG 540350.9545454546)
[1, 4, 10, 23, 57, 132, 301, 701, 1654, 3867, 8949, 20564]...: 5938600: ACCEPTED IN 11 TRIES, (AVG 539872.7272727273)
[1, 4, 10, 23, 57, 132, 301, 701, 1654, 3867, 8949, 20568]...: 11889732: ACCEPTED IN 22 TRIES, (AVG 540442.3636363636)
[1, 4, 10, 23, 57, 132, 301, 701, 1654, 3867, 8949, 20572]...: 6479259: ACCEPTED IN 12 TRIES, (AVG 539938.25)
[1, 4, 10, 23, 57, 132, 301, 701, 1654, 3867, 8949, 20589]...: 13512983: ACCEPTED IN 25 TRIES, (AVG 540519.32)
[1, 4, 10, 23, 57, 132, 301, 701, 1654, 3867, 8949, 20593]...: 8102719: ACCEPTED IN 15 TRIES, (AVG 540181.2666666667)
[1, 4, 10, 23, 57, 132, 301, 701, 1654, 3867, 8949, 20597]...: 8102577: ACCEPTED IN 15 TRIES, (AVG 540171.8)
[1, 4, 10, 23, 57, 132, 301, 701, 1654, 3867, 8949, 20605]...: 5397268: ACCEPTED IN 10 TRIES, (AVG 539726.8)
[1, 4, 10, 23, 57, 132, 301, 701, 1654, 3867, 8949, 20609]...: 11891213: ACCEPTED IN 22 TRIES, (AVG 540509.6818181818)
[1, 4, 10, 23, 57, 132, 301, 701, 1654, 3867, 8949, 20626]...: 11888198: ACCEPTED IN 22 TRIES, (AVG 540372.6363636364)
[1, 4, 10, 23, 57, 132, 301, 701, 1654, 3867, 8949, 20646]...: 10267093: ACCEPTED IN 19 TRIES, (AVG 540373.3157894737)
[1, 4, 10, 23, 57, 132, 301, 701, 1654, 3867, 8949, 20659]...: 9725971: ACCEPTED IN 18 TRIES, (AVG 540331.7222222222)
[1, 4, 10, 23, 57, 132, 301, 701, 1654, 3867, 8949, 20663]...: 9725888: ACCEPTED IN 18 TRIES, (AVG 540327.1111111111)
[1, 4, 10, 23, 57, 132, 301, 701, 1654, 3867, 8949, 20667]...: 6479812: ACCEPTED IN 12 TRIES, (AVG 539984.3333333334)
[1, 4, 10, 23, 57, 132, 301, 701, 1654, 3867, 8949, 20688]...: 8102937: ACCEPTED IN 15 TRIES, (AVG 540195.8)
[1, 4, 10, 23, 57, 132, 301, 701, 1654, 3867, 8949, 20692]...: 5938553: ACCEPTED IN 11 TRIES, (AVG 539868.4545454546)
[1, 4, 10, 23, 57, 132, 301, 701, 1654, 3867, 8949, 20696]...: 21630893: ACCEPTED IN 40 TRIES, (AVG 540772.325)
[1, 4, 10, 23, 57, 132, 301, 701, 1654, 3867, 8949, 20700]...: 10265457: ACCEPTED IN 19 TRIES, (AVG 540287.2105263158)
[1, 4, 10, 23, 57, 132, 301, 701, 1654, 3867, 8949, 20704]...: 11890505: ACCEPTED IN 22 TRIES, (AVG 540477.5)
[1, 4, 10, 23, 57, 132, 301, 701, 1654, 3867, 8949, 20725]...: 4855116: ACCEPTED IN 9 TRIES, (AVG 539457.3333333334)
[1, 4, 10, 23, 57, 132, 301, 701, 1654, 3867, 8949, 20729]...: 12973046: ACCEPTED IN 24 TRIES, (AVG 540543.5833333334)
[1, 4, 10, 23, 57, 132, 301, 701, 1654, 3867, 8949, 20737]...: 17843255: ACCEPTED IN 33 TRIES, (AVG 540704.696969697)
[1, 4, 10, 23, 57, 132, 301, 701, 1654, 3867, 8949, 20741]...: 11890691: ACCEPTED IN 22 TRIES, (AVG 540485.9545454546)
[1, 4, 10, 23, 57, 132, 301, 701, 1654, 3867, 8949, 20758]...: 9184720: ACCEPTED IN 17 TRIES, (AVG 540277.6470588235)
[1, 4, 10, 23, 57, 132, 301, 701, 1654, 3867, 8949, 20778]...: 7560088: ACCEPTED IN 14 TRIES, (AVG 540006.2857142857)
[1, 4, 10, 23, 57, 132, 301, 701, 1654, 3867, 8949, 20791]...: 13513336: ACCEPTED IN 25 TRIES, (AVG 540533.44)
[1, 4, 10, 23, 57, 132, 301, 701, 1654, 3867, 8949, 20795]...: 9724768: ACCEPTED IN 18 TRIES, (AVG 540264.8888888889)
[1, 4, 10, 23, 57, 132, 301, 701, 1654, 3867, 8949, 20828]...: 14596713: ACCEPTED IN 27 TRIES, (AVG 540619.0)
[1, 4, 10, 23, 57, 132, 301, 701, 1654, 3867, 8949, 20832]...: 11890630: ACCEPTED IN 22 TRIES, (AVG 540483.1818181818)
[1, 4, 10, 23, 57, 132, 301, 701, 1654, 3867, 8949, 20836]...: 8103248: ACCEPTED IN 15 TRIES, (AVG 540216.5333333333)
[1, 4, 10, 23, 57, 132, 301, 701, 1654, 3867, 8949, 20857]...: 7020256: ACCEPTED IN 13 TRIES, (AVG 540019.6923076923)
[1, 4, 10, 23, 57, 132, 301, 701, 1654, 3867, 8949, 20861]...: 12973249: ACCEPTED IN 24 TRIES, (AVG 540552.0416666666)
[1, 4, 10, 23, 57, 132, 301, 701, 1654, 3867, 8949, 20869]...: 7561280: ACCEPTED IN 14 TRIES, (AVG 540091.4285714285)
[1, 4, 10, 23, 57, 132, 301, 701, 1654, 3867, 8949, 20873]...: 11348685: ACCEPTED IN 21 TRIES, (AVG 540413.5714285715)
[1, 4, 10, 23, 57, 132, 301, 701, 1654, 3867, 8949, 20890]...: 15679082: ACCEPTED IN 29 TRIES, (AVG 540658.0)
[1, 4, 10, 23, 57, 132, 301, 701, 1654, 3867, 8949, 20898]...: 4855713: ACCEPTED IN 9 TRIES, (AVG 539523.6666666666)
[1, 4, 10, 23, 57, 132, 301, 701, 1654, 3867, 8949, 20910]...: 8643325: ACCEPTED IN 16 TRIES, (AVG 540207.8125)
[1, 4, 10, 23, 57, 132, 301, 701, 1654, 3867, 8949, 20927]...: 11349277: ACCEPTED IN 21 TRIES, (AVG 540441.7619047619)
[1, 4, 10, 23, 57, 132, 301, 701, 1654, 3867, 8949, 20960]...: 9183915: ACCEPTED IN 17 TRIES, (AVG 540230.2941176471)
[1, 4, 10, 23, 57, 132, 301, 701, 1654, 3867, 8949, 20964]...: 18383239: ACCEPTED IN 34 TRIES, (AVG 540683.5)
[1, 4, 10, 23, 57, 132, 301, 701, 1654, 3867, 8949, 20968]...: 8644273: ACCEPTED IN 16 TRIES, (AVG 540267.0625)
[1, 4, 10, 23, 57, 132, 301, 701, 1654, 3867, 8949, 20989]...: 8644315: ACCEPTED IN 16 TRIES, (AVG 540269.6875)
[1, 4, 10, 23, 57, 132, 301, 701, 1654, 3867, 8949, 20993]...: 11348195: ACCEPTED IN 21 TRIES, (AVG 540390.2380952381)
[1, 4, 10, 23, 57, 132, 301, 701, 1654, 3867, 8949, 20997]...: 11888809: ACCEPTED IN 22 TRIES, (AVG 540400.4090909091)
[1, 4, 10, 23, 57, 132, 301, 701, 1654, 3867, 8949, 21001]...: 11347747: ACCEPTED IN 21 TRIES, (AVG 540368.9047619047)
[1, 4, 10, 23, 57, 132, 301, 701, 1654, 3867, 8949, 21005]...: 12432338: ACCEPTED IN 23 TRIES, (AVG 540536.4347826086)
[1, 4, 10, 23, 57, 132, 301, 701, 1654, 3867, 8949, 21030]...: 23794359: ACCEPTED IN 44 TRIES, (AVG 540780.8863636364)
[1, 4, 10, 23, 57, 132, 301, 701, 1654, 3867, 8949, 21042]...: 11348362: ACCEPTED IN 21 TRIES, (AVG 540398.1904761905)
[1, 4, 10, 23, 57, 132, 301, 701, 1654, 3867, 8949, 21059]...: 10808597: ACCEPTED IN 20 TRIES, (AVG 540429.85)
[1, 4, 10, 23, 57, 132, 301, 701, 1654, 3867, 8949, 21092]...: 13513848: ACCEPTED IN 25 TRIES, (AVG 540553.92)
[1, 4, 10, 23, 57, 132, 301, 701, 1654, 3867, 8949, 21096]...: 12430851: ACCEPTED IN 23 TRIES, (AVG 540471.7826086957)
[1, 4, 10, 23, 57, 132, 301, 701, 1654, 3867, 8949, 21125]...: 19466438: ACCEPTED IN 36 TRIES, (AVG 540734.3888888889)
[1, 4, 10, 23, 57, 132, 301, 701, 1654, 3867, 8949, 21129]...: 11890188: ACCEPTED IN 22 TRIES, (AVG 540463.0909090909)
[1, 4, 10, 23, 57, 132, 301, 701, 1654, 3867, 8949, 21133]...: 12432182: ACCEPTED IN 23 TRIES, (AVG 540529.6521739131)
[1, 4, 10, 23, 57, 132, 301, 701, 1654, 3867, 8949, 21137]...: 5395443: ACCEPTED IN 10 TRIES, (AVG 539544.3)
[1, 4, 10, 23, 57, 132, 301, 701, 1654, 3867, 8949, 21162]...: 11889128: ACCEPTED IN 22 TRIES, (AVG 540414.9090909091)
[1, 4, 10, 23, 57, 132, 301, 701, 1654, 3867, 8949, 21174]...: 11889186: ACCEPTED IN 22 TRIES, (AVG 540417.5454545454)
[1, 4, 10, 23, 57, 132, 301, 701, 1654, 3867, 8949, 21191]...: 21630958: ACCEPTED IN 40 TRIES, (AVG 540773.95)
[1, 4, 10, 23, 57, 132, 301, 701, 1654, 3867, 8949, 21228]...: 9184474: ACCEPTED IN 17 TRIES, (AVG 540263.1764705882)
[1, 4, 10, 23, 57, 132, 301, 701, 1654, 3867, 8949, 21257]...: 16760728: ACCEPTED IN 31 TRIES, (AVG 540668.6451612903)
[1, 4, 10, 23, 57, 132, 301, 701, 1654, 3867, 8949, 21261]...: 11348171: ACCEPTED IN 21 TRIES, (AVG 540389.0952380953)
[1, 4, 10, 23, 57, 132, 301, 701, 1654, 3867, 8949, 21265]...: 18383977: ACCEPTED IN 34 TRIES, (AVG 540705.2058823529)
[1, 4, 10, 23, 57, 132, 301, 701, 1654, 3867, 8949, 21269]...: 15678484: ACCEPTED IN 29 TRIES, (AVG 540637.3793103448)
[1, 4, 10, 23, 57, 132, 301, 701, 1654, 3867, 8949, 21294]...: 10267194: ACCEPTED IN 19 TRIES, (AVG 540378.6315789474)
[1, 4, 10, 23, 57, 132, 301, 701, 1654, 3867, 8949, 21298]...: 8102561: ACCEPTED IN 15 TRIES, (AVG 540170.7333333333)
[1, 4, 10, 23, 57, 132, 301, 701, 1654, 3867, 8949, 21306]...: 11890862: ACCEPTED IN 22 TRIES, (AVG 540493.7272727273)
[1, 4, 10, 23, 57, 132, 301, 701, 1654, 3867, 8949, 21360]...: 5937901: ACCEPTED IN 11 TRIES, (AVG 539809.1818181818)
[1, 4, 10, 23, 57, 132, 301, 701, 1654, 3867, 8949, 21389]...: 16217033: ACCEPTED IN 30 TRIES, (AVG 540567.7666666667)
[1, 4, 10, 23, 57, 132, 301, 701, 1654, 3867, 8949, 21393]...: 9726486: ACCEPTED IN 18 TRIES, (AVG 540360.3333333334)
[1, 4, 10, 23, 57, 132, 301, 701, 1654, 3867, 8949, 21397]...: 11885531: ACCEPTED IN 22 TRIES, (AVG 540251.4090909091)
[1, 4, 10, 23, 57, 132, 301, 701, 1654, 3867, 8949, 21426]...: 4315181: ACCEPTED IN 8 TRIES, (AVG 539397.625)
[1, 4, 10, 23, 57, 132, 301, 701, 1654, 3867, 8949, 21430]...: 22712243: ACCEPTED IN 42 TRIES, (AVG 540767.6904761905)
[1, 4, 10, 23, 57, 132, 301, 701, 1654, 3867, 8949, 21438]...: 5396609: ACCEPTED IN 10 TRIES, (AVG 539660.9)
