[1, 4, 10, 23, 57, 132, 301, 701, 1636, 3790, 8854, 19527]...: 1616693: ACCEPTED IN 3 TRIES, (AVG 538897.6666666666)
[1, 4, 10, 23, 57, 132, 301, 701, 1636, 3790, 8854, 19630]...: 2695813: ACCEPTED IN 5 TRIES, (AVG 539162.6)
[1, 4, 10, 23, 57, 132, 301, 701, 1636, 3790, 8854, 19661]...: 1076672: ACCEPTED IN 2 TRIES, (AVG 538336.0)
[1, 4, 10, 23, 57, 132, 301, 701, 1636, 3790, 8854, 19831]...: 1076308: ACCEPTED IN 2 TRIES, (AVG 538154.0)
[1, 4, 10, 23, 57, 132, 301, 701, 1636, 3790, 8854, 19903]...: 2156278: ACCEPTED IN 4 TRIES, (AVG 539069.5)
[1, 4, 10, 23, 57, 132, 301, 701, 1636, 3790, 8854, 19998]...: 4854064: ACCEPTED IN 9 TRIES, (AVG 539340.4444444445)
[1, 4, 10, 23, 57, 132, 301, 701, 1636, 3790, 8854, 20035]...: 1616723: ACCEPTED IN 3 TRIES, (AVG 538907.6666666666)
[1, 4, 10, 23, 57, 132, 301, 701, 1636, 3790, 8854, 20037]...: 3774584: ACCEPTED IN 7 TRIES, (AVG 539226.2857142857)
[1, 4, 10, 23, 57, 132, 301, 701, 1636, 3790, 8854, 20100]...: 4314125: ACCEPTED IN 8 TRIES, (AVG 539265.625)
[1, 4, 10, 23, 57, 132, 301, 701, 1636, 3790, 8854, 20129]...: 3235039: ACCEPTED IN 6 TRIES, (AVG 539173.1666666666)
[1, 4, 10, 23, 57, 132, 301, 701, 1636, 3790, 8854, 20130]...: 3234448: ACCEPTED IN 6 TRIES, (AVG 539074.6666666666)
[1, 4, 10, 23, 57, 132, 301, 701, 1636, 3790, 8854, 20132]...: 3773628: ACCEPTED IN 7 TRIES, (AVG 539089.7142857143)
[1, 4, 10, 23, 57, 132, 301, 701, 1636, 3790, 8854, 20260]...: 4314606: ACCEPTED IN 8 TRIES, (AVG 539325.75)
[1, 4, 10, 23, 57, 132, 301, 701, 1636, 3790, 8854, 20266]...: 2155789: ACCEPTED IN 4 TRIES, (AVG 538947.25)
[1, 4, 10, 23, 57, 132, 301, 701, 1636, 3790, 8854, 20297]...: 2695899: ACCEPTED IN 5 TRIES, (AVG 539179.8)
[1, 4, 10, 23, 57, 132, 301, 701, 1636, 3790, 8854, 20298]...: 1076809: ACCEPTED IN 2 TRIES, (AVG 538404.5)
[1, 4, 10, 23, 57, 132, 301, 701, 1636, 3790, 8854, 20331]...: 2155847: ACCEPTED IN 4 TRIES, (AVG 538961.75)
[1, 4, 10, 23, 57, 132, 301, 701, 1636, 3790, 8854, 20364]...: 3234959: ACCEPTED IN 6 TRIES, (AVG 539159.8333333334)
[1, 4, 10, 23, 57, 132, 301, 701, 1636, 3790, 8854, 20394]...: 4854169: ACCEPTED IN 9 TRIES, (AVG 539352.1111111111)
[1, 4, 10, 23, 57, 132, 301, 701, 1636, 3790, 8854, 20464]...: 1075828: ACCEPTED IN 2 TRIES, (AVG 537914.0)
[1, 4, 10, 23, 57, 132, 301, 701, 1636, 3790, 8854, 20497]...: 1076271: ACCEPTED IN 2 TRIES, (AVG 538135.5)
[1, 4, 10, 23, 57, 132, 301, 701, 1636, 3790, 8854, 20499]...: 1615755: ACCEPTED IN 3 TRIES, (AVG 538585.0)
[1, 4, 10, 23, 57, 132, 301, 701, 1636, 3790, 8854, 20505]...: 1077108: ACCEPTED IN 2 TRIES, (AVG 538554.0)
[1, 4, 10, 23, 57, 132, 301, 701, 1636, 3790, 8854, 20532]...: 2155720: ACCEPTED IN 4 TRIES, (AVG 538930.0)
[1, 4, 10, 23, 57, 132, 301, 701, 1636, 3790, 8854, 20534]...: 3773844: ACCEPTED IN 7 TRIES, (AVG 539120.5714285715)
[1, 4, 10, 23, 57, 132, 301, 701, 1636, 3790, 8854, 20595]...: 3235436: ACCEPTED IN 6 TRIES, (AVG 539239.3333333334)
[1, 4, 10, 23, 57, 132, 301, 701, 1636, 3790, 8854, 20596]...: 1616641: ACCEPTED IN 3 TRIES, (AVG 538880.3333333334)
[1, 4, 10, 23, 57, 132, 301, 701, 1636, 3790, 8854, 20598]...: 3235358: ACCEPTED IN 6 TRIES, (AVG 539226.3333333334)
[1, 4, 10, 23, 57, 132, 301, 701, 1636, 3790, 8854, 20599]...: 1077008: ACCEPTED IN 2 TRIES, (AVG 538504.0)
[1, 4, 10, 23, 57, 132, 301, 701, 1636, 3790, 8854, 20664]...: 4314588: ACCEPTED IN 8 TRIES, (AVG 539323.5)
[1, 4, 10, 23, 57, 132, 301, 701, 1636, 3790, 8854, 20695]...: 3235132: ACCEPTED IN 6 TRIES, (AVG 539188.6666666666)
[1, 4, 10, 23, 57, 132, 301, 701, 1636, 3790, 8854, 20702]...: 4853822: ACCEPTED IN 9 TRIES, (AVG 539313.5555555555)
[1, 4, 10, 23, 57, 132, 301, 701, 1636, 3790, 8854, 20703]...: 4313386: ACCEPTED IN 8 TRIES, (AVG 539173.25)
[1, 4, 10, 23, 57, 132, 301, 701, 1636, 3790, 8854, 20735]...: 3233108: ACCEPTED IN 6 TRIES, (AVG 538851.3333333334)
[1, 4, 10, 23, 57, 132, 301, 701, 1636, 3790, 8854, 20765]...: 3234905: ACCEPTED IN 6 TRIES, (AVG 539150.8333333334)
[1, 4, 10, 23, 57, 132, 301, 701, 1636, 3790, 8854, 20798]...: 2156238: ACCEPTED IN 4 TRIES, (AVG 539059.5)
[1, 4, 10, 23, 57, 132, 301, 701, 1636, 3790, 8854, 20834]...: 3774896: ACCEPTED IN 7 TRIES, (AVG 539270.8571428572)
[1, 4, 10, 23, 57, 132, 301, 701, 1636, 3790, 8854, 20837]...: 1616651: ACCEPTED IN 3 TRIES, (AVG 538883.6666666666)
[1, 4, 10, 23, 57, 132, 301, 701, 1636, 3790, 8854, 20897]...: 2695756: ACCEPTED IN 5 TRIES, (AVG 539151.2)
[1, 4, 10, 23, 57, 132, 301, 701, 1636, 3790, 8854, 20933]...: 1076312: ACCEPTED IN 2 TRIES, (AVG 538156.0)
[1, 4, 10, 23, 57, 132, 301, 701, 1636, 3790, 8854, 21000]...: 2155859: ACCEPTED IN 4 TRIES, (AVG 538964.75)
[1, 4, 10, 23, 57, 132, 301, 701, 1636, 3790, 8854, 21003]...: 3774828: ACCEPTED IN 7 TRIES, (AVG 539261.1428571428)
[1, 4, 10, 23, 57, 132, 301, 701, 1636, 3790, 8854, 21032]...: 2695259: ACCEPTED IN 5 TRIES, (AVG 539051.8)
[1, 4, 10, 23, 57, 132, 301, 701, 1636, 3790, 8854, 21035]...: 1616388: ACCEPTED IN 3 TRIES, (AVG 538796.0)
[1, 4, 10, 23, 57, 132, 301, 701, 1636, 3790, 8854, 21200]...: 536687: ACCEPTED IN 1 TRIES, (AVG 536687.0)
[1, 4, 10, 23, 57, 132, 301, 701, 1636, 3790, 8854, 21233]...: 2155969: ACCEPTED IN 4 TRIES, (AVG 538992.25)
[1, 4, 10, 23, 57, 132, 301, 701, 1636, 3790, 8854, 21234]...: 3235171: ACCEPTED IN 6 TRIES, (AVG 539195.1666666666)
