[1, 4, 10, 23, 57, 132, 301, 701, 1636, 3790, 8470, 18655]...: 26501589: ACCEPTED IN 49 TRIES, (AVG 540848.7551020408)
[1, 4, 10, 23, 57, 132, 301, 701, 1636, 3790, 8470, 18656]...: 5937350: ACCEPTED IN 11 TRIES, (AVG 539759.0909090909)
[1, 4, 10, 23, 57, 132, 301, 701, 1636, 3790, 8470, 18686]...: 17843176: ACCEPTED IN 33 TRIES, (AVG 540702.303030303)
[1, 4, 10, 23, 57, 132, 301, 701, 1636, 3790, 8470, 18689]...: 13514583: ACCEPTED IN 25 TRIES, (AVG 540583.32)
[1, 4, 10, 23, 57, 132, 301, 701, 1636, 3790, 8470, 18719]...: 41110847: ACCEPTED IN 76 TRIES, (AVG 540932.197368421)
[1, 4, 10, 23, 57, 132, 301, 701, 1636, 3790, 8470, 18723]...: 10807438: ACCEPTED IN 20 TRIES, (AVG 540371.9)
[1, 4, 10, 23, 57, 132, 301, 701, 1636, 3790, 8470, 18755]...: 14054759: ACCEPTED IN 26 TRIES, (AVG 540567.6538461539)
[1, 4, 10, 23, 57, 132, 301, 701, 1636, 3790, 8470, 18756]...: 15137347: ACCEPTED IN 28 TRIES, (AVG 540619.5357142857)
[1, 4, 10, 23, 57, 132, 301, 701, 1636, 3790, 8470, 18761]...: 26501241: ACCEPTED IN 49 TRIES, (AVG 540841.6530612245)
[1, 4, 10, 23, 57, 132, 301, 701, 1636, 3790, 8470, 18787]...: 10266967: ACCEPTED IN 19 TRIES, (AVG 540366.6842105263)
[1, 4, 10, 23, 57, 132, 301, 701, 1636, 3790, 8470, 18788]...: 6479753: ACCEPTED IN 12 TRIES, (AVG 539979.4166666666)
[1, 4, 10, 23, 57, 132, 301, 701, 1636, 3790, 8470, 18791]...: 14593883: ACCEPTED IN 27 TRIES, (AVG 540514.1851851852)
[1, 4, 10, 23, 57, 132, 301, 701, 1636, 3790, 8470, 18798]...: 24337307: ACCEPTED IN 45 TRIES, (AVG 540829.0444444445)
[1, 4, 10, 23, 57, 132, 301, 701, 1636, 3790, 8470, 18818]...: 14596713: ACCEPTED IN 27 TRIES, (AVG 540619.0)
[1, 4, 10, 23, 57, 132, 301, 701, 1636, 3790, 8470, 18821]...: 37323202: ACCEPTED IN 69 TRIES, (AVG 540915.9710144928)
[1, 4, 10, 23, 57, 132, 301, 701, 1636, 3790, 8470, 18822]...: 10808375: ACCEPTED IN 20 TRIES, (AVG 540418.75)
[1, 4, 10, 23, 57, 132, 301, 701, 1636, 3790, 8470, 18854]...: 11349843: ACCEPTED IN 21 TRIES, (AVG 540468.7142857143)
[1, 4, 10, 23, 57, 132, 301, 701, 1636, 3790, 8470, 18855]...: 5937703: ACCEPTED IN 11 TRIES, (AVG 539791.1818181818)
[1, 4, 10, 23, 57, 132, 301, 701, 1636, 3790, 8470, 18858]...: 10267195: ACCEPTED IN 19 TRIES, (AVG 540378.6842105263)
[1, 4, 10, 23, 57, 132, 301, 701, 1636, 3790, 8470, 18888]...: 26498850: ACCEPTED IN 49 TRIES, (AVG 540792.8571428572)
[1, 4, 10, 23, 57, 132, 301, 701, 1636, 3790, 8470, 18919]...: 28666174: ACCEPTED IN 53 TRIES, (AVG 540871.2075471698)
[1, 4, 10, 23, 57, 132, 301, 701, 1636, 3790, 8470, 18920]...: 8103196: ACCEPTED IN 15 TRIES, (AVG 540213.0666666667)
[1, 4, 10, 23, 57, 132, 301, 701, 1636, 3790, 8470, 18921]...: 10808728: ACCEPTED IN 20 TRIES, (AVG 540436.4)
[1, 4, 10, 23, 57, 132, 301, 701, 1636, 3790, 8470, 18923]...: 8643353: ACCEPTED IN 16 TRIES, (AVG 540209.5625)
[1, 4, 10, 23, 57, 132, 301, 701, 1636, 3790, 8470, 18930]...: 11890855: ACCEPTED IN 22 TRIES, (AVG 540493.4090909091)
[1, 4, 10, 23, 57, 132, 301, 701, 1636, 3790, 8470, 18957]...: 11888376: ACCEPTED IN 22 TRIES, (AVG 540380.7272727273)
[1, 4, 10, 23, 57, 132, 301, 701, 1636, 3790, 8470, 18987]...: 35700649: ACCEPTED IN 66 TRIES, (AVG 540918.9242424242)
[1, 4, 10, 23, 57, 132, 301, 701, 1636, 3790, 8470, 18990]...: 7561301: ACCEPTED IN 14 TRIES, (AVG 540092.9285714285)
[1, 4, 10, 23, 57, 132, 301, 701, 1636, 3790, 8470, 19020]...: 12429959: ACCEPTED IN 23 TRIES, (AVG 540433.0)
[1, 4, 10, 23, 57, 132, 301, 701, 1636, 3790, 8470, 19024]...: 28663965: ACCEPTED IN 53 TRIES, (AVG 540829.5283018867)
[1, 4, 10, 23, 57, 132, 301, 701, 1636, 3790, 8470, 19051]...: 9184866: ACCEPTED IN 17 TRIES, (AVG 540286.2352941176)
[1, 4, 10, 23, 57, 132, 301, 701, 1636, 3790, 8470, 19055]...: 11888670: ACCEPTED IN 22 TRIES, (AVG 540394.0909090909)
[1, 4, 10, 23, 57, 132, 301, 701, 1636, 3790, 8470, 19056]...: 7020239: ACCEPTED IN 13 TRIES, (AVG 540018.3846153846)
[1, 4, 10, 23, 57, 132, 301, 701, 1636, 3790, 8470, 19062]...: 18925235: ACCEPTED IN 35 TRIES, (AVG 540721.0)
[1, 4, 10, 23, 57, 132, 301, 701, 1636, 3790, 8470, 19088]...: 112542316: ACCEPTED IN 208 TRIES, (AVG 541068.8269230769)
[1, 4, 10, 23, 57, 132, 301, 701, 1636, 3790, 8470, 19089]...: 7020608: ACCEPTED IN 13 TRIES, (AVG 540046.7692307692)
[1, 4, 10, 23, 57, 132, 301, 701, 1636, 3790, 8470, 19092]...: 5937450: ACCEPTED IN 11 TRIES, (AVG 539768.1818181818)
[1, 4, 10, 23, 57, 132, 301, 701, 1636, 3790, 8470, 19119]...: 13513845: ACCEPTED IN 25 TRIES, (AVG 540553.8)
[1, 4, 10, 23, 57, 132, 301, 701, 1636, 3790, 8470, 19122]...: 11890330: ACCEPTED IN 22 TRIES, (AVG 540469.5454545454)
[1, 4, 10, 23, 57, 132, 301, 701, 1636, 3790, 8470, 19123]...: 22171082: ACCEPTED IN 41 TRIES, (AVG 540758.0975609756)
[1, 4, 10, 23, 57, 132, 301, 701, 1636, 3790, 8470, 19155]...: 8101502: ACCEPTED IN 15 TRIES, (AVG 540100.1333333333)
[1, 4, 10, 23, 57, 132, 301, 701, 1636, 3790, 8470, 19156]...: 5396356: ACCEPTED IN 10 TRIES, (AVG 539635.6)
[1, 4, 10, 23, 57, 132, 301, 701, 1636, 3790, 8470, 19220]...: 8102419: ACCEPTED IN 15 TRIES, (AVG 540161.2666666667)
[1, 4, 10, 23, 57, 132, 301, 701, 1636, 3790, 8470, 19221]...: 12432181: ACCEPTED IN 23 TRIES, (AVG 540529.6086956522)
[1, 4, 10, 23, 57, 132, 301, 701, 1636, 3790, 8470, 19222]...: 11888031: ACCEPTED IN 22 TRIES, (AVG 540365.0454545454)
[1, 4, 10, 23, 57, 132, 301, 701, 1636, 3790, 8470, 19224]...: 8099614: ACCEPTED IN 15 TRIES, (AVG 539974.2666666667)
[1, 4, 10, 23, 57, 132, 301, 701, 1636, 3790, 8470, 19254]...: 10266927: ACCEPTED IN 19 TRIES, (AVG 540364.5789473684)
[1, 4, 10, 23, 57, 132, 301, 701, 1636, 3790, 8470, 19255]...: 5397099: ACCEPTED IN 10 TRIES, (AVG 539709.9)
[1, 4, 10, 23, 57, 132, 301, 701, 1636, 3790, 8470, 19258]...: 5938134: ACCEPTED IN 11 TRIES, (AVG 539830.3636363636)
[1, 4, 10, 23, 57, 132, 301, 701, 1636, 3790, 8470, 19288]...: 9184894: ACCEPTED IN 17 TRIES, (AVG 540287.8823529412)
[1, 4, 10, 23, 57, 132, 301, 701, 1636, 3790, 8470, 19321]...: 11890960: ACCEPTED IN 22 TRIES, (AVG 540498.1818181818)
[1, 4, 10, 23, 57, 132, 301, 701, 1636, 3790, 8470, 19325]...: 10808938: ACCEPTED IN 20 TRIES, (AVG 540446.9)
[1, 4, 10, 23, 57, 132, 301, 701, 1636, 3790, 8470, 19352]...: 11349293: ACCEPTED IN 21 TRIES, (AVG 540442.5238095238)
[1, 4, 10, 23, 57, 132, 301, 701, 1636, 3790, 8470, 19356]...: 5396887: ACCEPTED IN 10 TRIES, (AVG 539688.7)
[1, 4, 10, 23, 57, 132, 301, 701, 1636, 3790, 8470, 19357]...: 15136311: ACCEPTED IN 28 TRIES, (AVG 540582.5357142857)
[1, 4, 10, 23, 57, 132, 301, 701, 1636, 3790, 8470, 19387]...: 6479795: ACCEPTED IN 12 TRIES, (AVG 539982.9166666666)
[1, 4, 10, 23, 57, 132, 301, 701, 1636, 3790, 8470, 19389]...: 8643881: ACCEPTED IN 16 TRIES, (AVG 540242.5625)
[1, 4, 10, 23, 57, 132, 301, 701, 1636, 3790, 8470, 19390]...: 8102413: ACCEPTED IN 15 TRIES, (AVG 540160.8666666667)
[1, 4, 10, 23, 57, 132, 301, 701, 1636, 3790, 8470, 19420]...: 15137962: ACCEPTED IN 28 TRIES, (AVG 540641.5)
[1, 4, 10, 23, 57, 132, 301, 701, 1636, 3790, 8470, 19456]...: 9726153: ACCEPTED IN 18 TRIES, (AVG 540341.8333333334)
[1, 4, 10, 23, 57, 132, 301, 701, 1636, 3790, 8470, 19457]...: 12431504: ACCEPTED IN 23 TRIES, (AVG 540500.1739130435)
[1, 4, 10, 23, 57, 132, 301, 701, 1636, 3790, 8470, 19488]...: 7560891: ACCEPTED IN 14 TRIES, (AVG 540063.6428571428)
[1, 4, 10, 23, 57, 132, 301, 701, 1636, 3790, 8470, 19489]...: 5393343: ACCEPTED IN 10 TRIES, (AVG 539334.3)
[1, 4, 10, 23, 57, 132, 301, 701, 1636, 3790, 8470, 19492]...: 7561766: ACCEPTED IN 14 TRIES, (AVG 540126.1428571428)
[1, 4, 10, 23, 57, 132, 301, 701, 1636, 3790, 8470, 19519]...: 7559477: ACCEPTED IN 14 TRIES, (AVG 539962.6428571428)
[1, 4, 10, 23, 57, 132, 301, 701, 1636, 3790, 8470, 19521]...: 9184271: ACCEPTED IN 17 TRIES, (AVG 540251.2352941176)
[1, 4, 10, 23, 57, 132, 301, 701, 1636, 3790, 8470, 19522]...: 8101350: ACCEPTED IN 15 TRIES, (AVG 540090.0)
[1, 4, 10, 23, 57, 132, 301, 701, 1636, 3790, 8470, 19523]...: 12431966: ACCEPTED IN 23 TRIES, (AVG 540520.2608695652)
[1, 4, 10, 23, 57, 132, 301, 701, 1636, 3790, 8470, 19555]...: 10266166: ACCEPTED IN 19 TRIES, (AVG 540324.5263157894)
[1, 4, 10, 23, 57, 132, 301, 701, 1636, 3790, 8470, 19556]...: 9185493: ACCEPTED IN 17 TRIES, (AVG 540323.1176470588)
[1, 4, 10, 23, 57, 132, 301, 701, 1636, 3790, 8470, 19559]...: 5397491: ACCEPTED IN 10 TRIES, (AVG 539749.1)
[1, 4, 10, 23, 57, 132, 301, 701, 1636, 3790, 8470, 19589]...: 4854888: ACCEPTED IN 9 TRIES, (AVG 539432.0)
[1, 4, 10, 23, 57, 132, 301, 701, 1636, 3790, 8470, 19621]...: 9185258: ACCEPTED IN 17 TRIES, (AVG 540309.2941176471)
[1, 4, 10, 23, 57, 132, 301, 701, 1636, 3790, 8470, 19622]...: 10267622: ACCEPTED IN 19 TRIES, (AVG 540401.1578947369)
[1, 4, 10, 23, 57, 132, 301, 701, 1636, 3790, 8470, 19624]...: 4855711: ACCEPTED IN 9 TRIES, (AVG 539523.4444444445)
[1, 4, 10, 23, 57, 132, 301, 701, 1636, 3790, 8470, 19653]...: 8101963: ACCEPTED IN 15 TRIES, (AVG 540130.8666666667)
[1, 4, 10, 23, 57, 132, 301, 701, 1636, 3790, 8470, 19658]...: 8102769: ACCEPTED IN 15 TRIES, (AVG 540184.6)
[1, 4, 10, 23, 57, 132, 301, 701, 1636, 3790, 8470, 19688]...: 8643625: ACCEPTED IN 16 TRIES, (AVG 540226.5625)
[1, 4, 10, 23, 57, 132, 301, 701, 1636, 3790, 8470, 19690]...: 11890371: ACCEPTED IN 22 TRIES, (AVG 540471.4090909091)
[1, 4, 10, 23, 57, 132, 301, 701, 1636, 3790, 8470, 19691]...: 8102974: ACCEPTED IN 15 TRIES, (AVG 540198.2666666667)
[1, 4, 10, 23, 57, 132, 301, 701, 1636, 3790, 8470, 19721]...: 12431596: ACCEPTED IN 23 TRIES, (AVG 540504.1739130435)
[1, 4, 10, 23, 57, 132, 301, 701, 1636, 3790, 8470, 19726]...: 7559017: ACCEPTED IN 14 TRIES, (AVG 539929.7857142857)
[1, 4, 10, 23, 57, 132, 301, 701, 1636, 3790, 8470, 19753]...: 7020719: ACCEPTED IN 13 TRIES, (AVG 540055.3076923077)
[1, 4, 10, 23, 57, 132, 301, 701, 1636, 3790, 8470, 19756]...: 5396239: ACCEPTED IN 10 TRIES, (AVG 539623.9)
[1, 4, 10, 23, 57, 132, 301, 701, 1636, 3790, 8470, 19757]...: 4855515: ACCEPTED IN 9 TRIES, (AVG 539501.6666666666)
[1, 4, 10, 23, 57, 132, 301, 701, 1636, 3790, 8470, 19789]...: 9185294: ACCEPTED IN 17 TRIES, (AVG 540311.4117647059)
[1, 4, 10, 23, 57, 132, 301, 701, 1636, 3790, 8470, 19790]...: 7561484: ACCEPTED IN 14 TRIES, (AVG 540106.0)
[1, 4, 10, 23, 57, 132, 301, 701, 1636, 3790, 8470, 19793]...: 7560851: ACCEPTED IN 14 TRIES, (AVG 540060.7857142857)
[1, 4, 10, 23, 57, 132, 301, 701, 1636, 3790, 8470, 19820]...: 8642944: ACCEPTED IN 16 TRIES, (AVG 540184.0)
[1, 4, 10, 23, 57, 132, 301, 701, 1636, 3790, 8470, 19822]...: 7561330: ACCEPTED IN 14 TRIES, (AVG 540095.0)
[1, 4, 10, 23, 57, 132, 301, 701, 1636, 3790, 8470, 19823]...: 7561443: ACCEPTED IN 14 TRIES, (AVG 540103.0714285715)
[1, 4, 10, 23, 57, 132, 301, 701, 1636, 3790, 8470, 19824]...: 8643731: ACCEPTED IN 16 TRIES, (AVG 540233.1875)
[1, 4, 10, 23, 57, 132, 301, 701, 1636, 3790, 8470, 19856]...: 7020212: ACCEPTED IN 13 TRIES, (AVG 540016.3076923077)
[1, 4, 10, 23, 57, 132, 301, 701, 1636, 3790, 8470, 19857]...: 8644271: ACCEPTED IN 16 TRIES, (AVG 540266.9375)
[1, 4, 10, 23, 57, 132, 301, 701, 1636, 3790, 8470, 19858]...: 5397295: ACCEPTED IN 10 TRIES, (AVG 539729.5)
[1, 4, 10, 23, 57, 132, 301, 701, 1636, 3790, 8470, 19922]...: 12431849: ACCEPTED IN 23 TRIES, (AVG 540515.1739130435)
[1, 4, 10, 23, 57, 132, 301, 701, 1636, 3790, 8470, 19923]...: 5938327: ACCEPTED IN 11 TRIES, (AVG 539847.9090909091)
[1, 4, 10, 23, 57, 132, 301, 701, 1636, 3790, 8470, 19925]...: 6478233: ACCEPTED IN 12 TRIES, (AVG 539852.75)
[1, 4, 10, 23, 57, 132, 301, 701, 1636, 3790, 8470, 19954]...: 9185246: ACCEPTED IN 17 TRIES, (AVG 540308.5882352941)
[1, 4, 10, 23, 57, 132, 301, 701, 1636, 3790, 8470, 19955]...: 5935987: ACCEPTED IN 11 TRIES, (AVG 539635.1818181818)
[1, 4, 10, 23, 57, 132, 301, 701, 1636, 3790, 8470, 19956]...: 10808091: ACCEPTED IN 20 TRIES, (AVG 540404.55)
[1, 4, 10, 23, 57, 132, 301, 701, 1636, 3790, 8470, 19959]...: 7562101: ACCEPTED IN 14 TRIES, (AVG 540150.0714285715)
[1, 4, 10, 23, 57, 132, 301, 701, 1636, 3790, 8470, 19989]...: 11348726: ACCEPTED IN 21 TRIES, (AVG 540415.5238095238)
[1, 4, 10, 23, 57, 132, 301, 701, 1636, 3790, 8470, 19990]...: 11349424: ACCEPTED IN 21 TRIES, (AVG 540448.7619047619)
[1, 4, 10, 23, 57, 132, 301, 701, 1636, 3790, 8470, 19991]...: 7018723: ACCEPTED IN 13 TRIES, (AVG 539901.7692307692)
[1, 4, 10, 23, 57, 132, 301, 701, 1636, 3790, 8470, 20022]...: 5397156: ACCEPTED IN 10 TRIES, (AVG 539715.6)
[1, 4, 10, 23, 57, 132, 301, 701, 1636, 3790, 8470, 20027]...: 4314320: ACCEPTED IN 8 TRIES, (AVG 539290.0)
[1, 4, 10, 23, 57, 132, 301, 701, 1636, 3790, 8470, 20054]...: 7562054: ACCEPTED IN 14 TRIES, (AVG 540146.7142857143)
[1, 4, 10, 23, 57, 132, 301, 701, 1636, 3790, 8470, 20057]...: 5937723: ACCEPTED IN 11 TRIES, (AVG 539793.0)
[1, 4, 10, 23, 57, 132, 301, 701, 1636, 3790, 8470, 20058]...: 4314998: ACCEPTED IN 8 TRIES, (AVG 539374.75)
[1, 4, 10, 23, 57, 132, 301, 701, 1636, 3790, 8470, 20088]...: 11891193: ACCEPTED IN 22 TRIES, (AVG 540508.7727272727)
[1, 4, 10, 23, 57, 132, 301, 701, 1636, 3790, 8470, 20090]...: 8102355: ACCEPTED IN 15 TRIES, (AVG 540157.0)
[1, 4, 10, 23, 57, 132, 301, 701, 1636, 3790, 8470, 20091]...: 6477722: ACCEPTED IN 12 TRIES, (AVG 539810.1666666666)
[1, 4, 10, 23, 57, 132, 301, 701, 1636, 3790, 8470, 20121]...: 10808065: ACCEPTED IN 20 TRIES, (AVG 540403.25)
[1, 4, 10, 23, 57, 132, 301, 701, 1636, 3790, 8470, 20123]...: 7560738: ACCEPTED IN 14 TRIES, (AVG 540052.7142857143)
[1, 4, 10, 23, 57, 132, 301, 701, 1636, 3790, 8470, 20157]...: 8643302: ACCEPTED IN 16 TRIES, (AVG 540206.375)
[1, 4, 10, 23, 57, 132, 301, 701, 1636, 3790, 8470, 20158]...: 5397150: ACCEPTED IN 10 TRIES, (AVG 539715.0)
[1, 4, 10, 23, 57, 132, 301, 701, 1636, 3790, 8470, 20159]...: 6479476: ACCEPTED IN 12 TRIES, (AVG 539956.3333333334)
[1, 4, 10, 23, 57, 132, 301, 701, 1636, 3790, 8470, 20189]...: 10267460: ACCEPTED IN 19 TRIES, (AVG 540392.6315789474)
[1, 4, 10, 23, 57, 132, 301, 701, 1636, 3790, 8470, 20190]...: 9726357: ACCEPTED IN 18 TRIES, (AVG 540353.1666666666)
[1, 4, 10, 23, 57, 132, 301, 701, 1636, 3790, 8470, 20193]...: 12432072: ACCEPTED IN 23 TRIES, (AVG 540524.8695652174)
[1, 4, 10, 23, 57, 132, 301, 701, 1636, 3790, 8470, 20220]...: 13514417: ACCEPTED IN 25 TRIES, (AVG 540576.68)
[1, 4, 10, 23, 57, 132, 301, 701, 1636, 3790, 8470, 20223]...: 9183952: ACCEPTED IN 17 TRIES, (AVG 540232.4705882353)
[1, 4, 10, 23, 57, 132, 301, 701, 1636, 3790, 8470, 20224]...: 5936928: ACCEPTED IN 11 TRIES, (AVG 539720.7272727273)
[1, 4, 10, 23, 57, 132, 301, 701, 1636, 3790, 8470, 20255]...: 4856083: ACCEPTED IN 9 TRIES, (AVG 539564.7777777778)
[1, 4, 10, 23, 57, 132, 301, 701, 1636, 3790, 8470, 20256]...: 8102229: ACCEPTED IN 15 TRIES, (AVG 540148.6)
[1, 4, 10, 23, 57, 132, 301, 701, 1636, 3790, 8470, 20257]...: 8101304: ACCEPTED IN 15 TRIES, (AVG 540086.9333333333)
[1, 4, 10, 23, 57, 132, 301, 701, 1636, 3790, 8470, 20260]...: 7560802: ACCEPTED IN 14 TRIES, (AVG 540057.2857142857)
[1, 4, 10, 23, 57, 132, 301, 701, 1636, 3790, 8470, 20290]...: 10267333: ACCEPTED IN 19 TRIES, (AVG 540385.947368421)
[1, 4, 10, 23, 57, 132, 301, 701, 1636, 3790, 8470, 20291]...: 7560599: ACCEPTED IN 14 TRIES, (AVG 540042.7857142857)
[1, 4, 10, 23, 57, 132, 301, 701, 1636, 3790, 8470, 20292]...: 10808015: ACCEPTED IN 20 TRIES, (AVG 540400.75)
[1, 4, 10, 23, 57, 132, 301, 701, 1636, 3790, 8470, 20322]...: 8098999: ACCEPTED IN 15 TRIES, (AVG 539933.2666666667)
[1, 4, 10, 23, 57, 132, 301, 701, 1636, 3790, 8470, 20323]...: 9185194: ACCEPTED IN 17 TRIES, (AVG 540305.5294117647)
[1, 4, 10, 23, 57, 132, 301, 701, 1636, 3790, 8470, 20325]...: 11349320: ACCEPTED IN 21 TRIES, (AVG 540443.8095238095)
