[1, 4, 10, 23, 57, 132, 301, 701, 1654, 3818, 9023, 19850]...: 4855666: ACCEPTED IN 9 TRIES, (AVG 539518.4444444445)
[1, 4, 10, 23, 57, 132, 301, 701, 1654, 3818, 9023, 19879]...: 5937911: ACCEPTED IN 11 TRIES, (AVG 539810.0909090909)
[1, 4, 10, 23, 57, 132, 301, 701, 1654, 3818, 9023, 19883]...: 6479017: ACCEPTED IN 12 TRIES, (AVG 539918.0833333334)
[1, 4, 10, 23, 57, 132, 301, 701, 1654, 3818, 9023, 19887]...: 5395333: ACCEPTED IN 10 TRIES, (AVG 539533.3)
[1, 4, 10, 23, 57, 132, 301, 701, 1654, 3818, 9023, 19912]...: 10808166: ACCEPTED IN 20 TRIES, (AVG 540408.3)
[1, 4, 10, 23, 57, 132, 301, 701, 1654, 3818, 9023, 19920]...: 6479650: ACCEPTED IN 12 TRIES, (AVG 539970.8333333334)
[1, 4, 10, 23, 57, 132, 301, 701, 1654, 3818, 9023, 19945]...: 5396826: ACCEPTED IN 10 TRIES, (AVG 539682.6)
[1, 4, 10, 23, 57, 132, 301, 701, 1654, 3818, 9023, 19949]...: 12431924: ACCEPTED IN 23 TRIES, (AVG 540518.4347826086)
[1, 4, 10, 23, 57, 132, 301, 701, 1654, 3818, 9023, 19978]...: 12969476: ACCEPTED IN 24 TRIES, (AVG 540394.8333333334)
[1, 4, 10, 23, 57, 132, 301, 701, 1654, 3818, 9023, 19982]...: 14055653: ACCEPTED IN 26 TRIES, (AVG 540602.0384615385)
[1, 4, 10, 23, 57, 132, 301, 701, 1654, 3818, 9023, 19986]...: 4315187: ACCEPTED IN 8 TRIES, (AVG 539398.375)
[1, 4, 10, 23, 57, 132, 301, 701, 1654, 3818, 9023, 20011]...: 6477335: ACCEPTED IN 12 TRIES, (AVG 539777.9166666666)
[1, 4, 10, 23, 57, 132, 301, 701, 1654, 3818, 9023, 20015]...: 6479807: ACCEPTED IN 12 TRIES, (AVG 539983.9166666666)
[1, 4, 10, 23, 57, 132, 301, 701, 1654, 3818, 9023, 20019]...: 6478860: ACCEPTED IN 12 TRIES, (AVG 539905.0)
[1, 4, 10, 23, 57, 132, 301, 701, 1654, 3818, 9023, 20052]...: 4313359: ACCEPTED IN 8 TRIES, (AVG 539169.875)
[1, 4, 10, 23, 57, 132, 301, 701, 1654, 3818, 9023, 20077]...: 10808374: ACCEPTED IN 20 TRIES, (AVG 540418.7)
[1, 4, 10, 23, 57, 132, 301, 701, 1654, 3818, 9023, 20081]...: 4855115: ACCEPTED IN 9 TRIES, (AVG 539457.2222222222)
[1, 4, 10, 23, 57, 132, 301, 701, 1654, 3818, 9023, 20110]...: 4315173: ACCEPTED IN 8 TRIES, (AVG 539396.625)
[1, 4, 10, 23, 57, 132, 301, 701, 1654, 3818, 9023, 20114]...: 10267239: ACCEPTED IN 19 TRIES, (AVG 540381.0)
[1, 4, 10, 23, 57, 132, 301, 701, 1654, 3818, 9023, 20118]...: 4315267: ACCEPTED IN 8 TRIES, (AVG 539408.375)
[1, 4, 10, 23, 57, 132, 301, 701, 1654, 3818, 9023, 20147]...: 4855780: ACCEPTED IN 9 TRIES, (AVG 539531.1111111111)
[1, 4, 10, 23, 57, 132, 301, 701, 1654, 3818, 9023, 20151]...: 7561136: ACCEPTED IN 14 TRIES, (AVG 540081.1428571428)
[1, 4, 10, 23, 57, 132, 301, 701, 1654, 3818, 9023, 20184]...: 4855538: ACCEPTED IN 9 TRIES, (AVG 539504.2222222222)
[1, 4, 10, 23, 57, 132, 301, 701, 1654, 3818, 9023, 20188]...: 4854573: ACCEPTED IN 9 TRIES, (AVG 539397.0)
[1, 4, 10, 23, 57, 132, 301, 701, 1654, 3818, 9023, 20209]...: 7560968: ACCEPTED IN 14 TRIES, (AVG 540069.1428571428)
[1, 4, 10, 23, 57, 132, 301, 701, 1654, 3818, 9023, 20213]...: 10808054: ACCEPTED IN 20 TRIES, (AVG 540402.7)
[1, 4, 10, 23, 57, 132, 301, 701, 1654, 3818, 9023, 20246]...: 4314809: ACCEPTED IN 8 TRIES, (AVG 539351.125)
[1, 4, 10, 23, 57, 132, 301, 701, 1654, 3818, 9023, 20250]...: 3773065: ACCEPTED IN 7 TRIES, (AVG 539009.2857142857)
[1, 4, 10, 23, 57, 132, 301, 701, 1654, 3818, 9023, 20279]...: 5397156: ACCEPTED IN 10 TRIES, (AVG 539715.6)
[1, 4, 10, 23, 57, 132, 301, 701, 1654, 3818, 9023, 20283]...: 8103091: ACCEPTED IN 15 TRIES, (AVG 540206.0666666667)
[1, 4, 10, 23, 57, 132, 301, 701, 1654, 3818, 9023, 20287]...: 9726664: ACCEPTED IN 18 TRIES, (AVG 540370.2222222222)
[1, 4, 10, 23, 57, 132, 301, 701, 1654, 3818, 9023, 20316]...: 4315043: ACCEPTED IN 8 TRIES, (AVG 539380.375)
[1, 4, 10, 23, 57, 132, 301, 701, 1654, 3818, 9023, 20320]...: 11887536: ACCEPTED IN 22 TRIES, (AVG 540342.5454545454)
[1, 4, 10, 23, 57, 132, 301, 701, 1654, 3818, 9023, 20378]...: 6478780: ACCEPTED IN 12 TRIES, (AVG 539898.3333333334)
[1, 4, 10, 23, 57, 132, 301, 701, 1654, 3818, 9023, 20382]...: 7020313: ACCEPTED IN 13 TRIES, (AVG 540024.0769230769)
[1, 4, 10, 23, 57, 132, 301, 701, 1654, 3818, 9023, 20411]...: 7562068: ACCEPTED IN 14 TRIES, (AVG 540147.7142857143)
[1, 4, 10, 23, 57, 132, 301, 701, 1654, 3818, 9023, 20415]...: 4314030: ACCEPTED IN 8 TRIES, (AVG 539253.75)
[1, 4, 10, 23, 57, 132, 301, 701, 1654, 3818, 9023, 20419]...: 4855402: ACCEPTED IN 9 TRIES, (AVG 539489.1111111111)
[1, 4, 10, 23, 57, 132, 301, 701, 1654, 3818, 9023, 20448]...: 4855239: ACCEPTED IN 9 TRIES, (AVG 539471.0)
[1, 4, 10, 23, 57, 132, 301, 701, 1654, 3818, 9023, 20452]...: 11890235: ACCEPTED IN 22 TRIES, (AVG 540465.2272727273)
[1, 4, 10, 23, 57, 132, 301, 701, 1654, 3818, 9023, 20489]...: 5396809: ACCEPTED IN 10 TRIES, (AVG 539680.9)
[1, 4, 10, 23, 57, 132, 301, 701, 1654, 3818, 9023, 20510]...: 12972780: ACCEPTED IN 24 TRIES, (AVG 540532.5)
[1, 4, 10, 23, 57, 132, 301, 701, 1654, 3818, 9023, 20514]...: 12431277: ACCEPTED IN 23 TRIES, (AVG 540490.304347826)
[1, 4, 10, 23, 57, 132, 301, 701, 1654, 3818, 9023, 20547]...: 4856353: ACCEPTED IN 9 TRIES, (AVG 539594.7777777778)
[1, 4, 10, 23, 57, 132, 301, 701, 1654, 3818, 9023, 20551]...: 6479578: ACCEPTED IN 12 TRIES, (AVG 539964.8333333334)
[1, 4, 10, 23, 57, 132, 301, 701, 1654, 3818, 9023, 20580]...: 4313535: ACCEPTED IN 8 TRIES, (AVG 539191.875)
[1, 4, 10, 23, 57, 132, 301, 701, 1654, 3818, 9023, 20584]...: 5937041: ACCEPTED IN 11 TRIES, (AVG 539731.0)
[1, 4, 10, 23, 57, 132, 301, 701, 1654, 3818, 9023, 20588]...: 6478808: ACCEPTED IN 12 TRIES, (AVG 539900.6666666666)
[1, 4, 10, 23, 57, 132, 301, 701, 1654, 3818, 9023, 20621]...: 3773239: ACCEPTED IN 7 TRIES, (AVG 539034.1428571428)
[1, 4, 10, 23, 57, 132, 301, 701, 1654, 3818, 9023, 20679]...: 11889052: ACCEPTED IN 22 TRIES, (AVG 540411.4545454546)
[1, 4, 10, 23, 57, 132, 301, 701, 1654, 3818, 9023, 20683]...: 10267591: ACCEPTED IN 19 TRIES, (AVG 540399.5263157894)
[1, 4, 10, 23, 57, 132, 301, 701, 1654, 3818, 9023, 20712]...: 4314355: ACCEPTED IN 8 TRIES, (AVG 539294.375)
[1, 4, 10, 23, 57, 132, 301, 701, 1654, 3818, 9023, 20716]...: 4853852: ACCEPTED IN 9 TRIES, (AVG 539316.8888888889)
[1, 4, 10, 23, 57, 132, 301, 701, 1654, 3818, 9023, 20720]...: 7020759: ACCEPTED IN 13 TRIES, (AVG 540058.3846153846)
[1, 4, 10, 23, 57, 132, 301, 701, 1654, 3818, 9023, 20753]...: 4313718: ACCEPTED IN 8 TRIES, (AVG 539214.75)
[1, 4, 10, 23, 57, 132, 301, 701, 1654, 3818, 9023, 20811]...: 5397034: ACCEPTED IN 10 TRIES, (AVG 539703.4)
[1, 4, 10, 23, 57, 132, 301, 701, 1654, 3818, 9023, 20815]...: 11889580: ACCEPTED IN 22 TRIES, (AVG 540435.4545454546)
[1, 4, 10, 23, 57, 132, 301, 701, 1654, 3818, 9023, 20848]...: 4855630: ACCEPTED IN 9 TRIES, (AVG 539514.4444444445)
[1, 4, 10, 23, 57, 132, 301, 701, 1654, 3818, 9023, 20852]...: 7020949: ACCEPTED IN 13 TRIES, (AVG 540073.0)
[1, 4, 10, 23, 57, 132, 301, 701, 1654, 3818, 9023, 20885]...: 5938393: ACCEPTED IN 11 TRIES, (AVG 539853.9090909091)
[1, 4, 10, 23, 57, 132, 301, 701, 1654, 3818, 9023, 20889]...: 4855995: ACCEPTED IN 9 TRIES, (AVG 539555.0)
[1, 4, 10, 23, 57, 132, 301, 701, 1654, 3818, 9023, 20980]...: 5937979: ACCEPTED IN 11 TRIES, (AVG 539816.2727272727)
[1, 4, 10, 23, 57, 132, 301, 701, 1654, 3818, 9023, 20984]...: 7019889: ACCEPTED IN 13 TRIES, (AVG 539991.4615384615)
[1, 4, 10, 23, 57, 132, 301, 701, 1654, 3818, 9023, 21017]...: 6479003: ACCEPTED IN 12 TRIES, (AVG 539916.9166666666)
[1, 4, 10, 23, 57, 132, 301, 701, 1654, 3818, 9023, 21021]...: 5397215: ACCEPTED IN 10 TRIES, (AVG 539721.5)
[1, 4, 10, 23, 57, 132, 301, 701, 1654, 3818, 9023, 21112]...: 6478802: ACCEPTED IN 12 TRIES, (AVG 539900.1666666666)
[1, 4, 10, 23, 57, 132, 301, 701, 1654, 3818, 9023, 21116]...: 5397311: ACCEPTED IN 10 TRIES, (AVG 539731.1)
[1, 4, 10, 23, 57, 132, 301, 701, 1654, 3818, 9023, 21149]...: 5395972: ACCEPTED IN 10 TRIES, (AVG 539597.2)
[1, 4, 10, 23, 57, 132, 301, 701, 1654, 3818, 9023, 21153]...: 6477678: ACCEPTED IN 12 TRIES, (AVG 539806.5)
[1, 4, 10, 23, 57, 132, 301, 701, 1654, 3818, 9023, 21190]...: 4314954: ACCEPTED IN 8 TRIES, (AVG 539369.25)
[1, 4, 10, 23, 57, 132, 301, 701, 1654, 3818, 9023, 21281]...: 9726285: ACCEPTED IN 18 TRIES, (AVG 540349.1666666666)
[1, 4, 10, 23, 57, 132, 301, 701, 1654, 3818, 9023, 21285]...: 4313975: ACCEPTED IN 8 TRIES, (AVG 539246.875)
[1, 4, 10, 23, 57, 132, 301, 701, 1654, 3818, 9023, 21322]...: 3774052: ACCEPTED IN 7 TRIES, (AVG 539150.2857142857)
[1, 4, 10, 23, 57, 132, 301, 701, 1654, 3818, 9023, 21413]...: 8643879: ACCEPTED IN 16 TRIES, (AVG 540242.4375)
[1, 4, 10, 23, 57, 132, 301, 701, 1654, 3818, 9023, 21417]...: 4853348: ACCEPTED IN 9 TRIES, (AVG 539260.8888888889)
[1, 4, 10, 23, 57, 132, 301, 701, 1654, 3818, 9023, 21454]...: 7560432: ACCEPTED IN 14 TRIES, (AVG 540030.8571428572)
[1, 4, 10, 23, 57, 132, 301, 701, 1654, 3818, 9023, 21586]...: 5937897: ACCEPTED IN 11 TRIES, (AVG 539808.8181818182)
