[1, 4, 10, 23, 57, 132, 301, 701, 1636, 3917, 9395, 20781]...: 2154392: ACCEPTED IN 4 TRIES, (AVG 538598.0)
[1, 4, 10, 23, 57, 132, 301, 701, 1636, 3917, 9395, 21016]...: 1616488: ACCEPTED IN 3 TRIES, (AVG 538829.3333333334)
[1, 4, 10, 23, 57, 132, 301, 701, 1636, 3917, 9395, 21119]...: 1616232: ACCEPTED IN 3 TRIES, (AVG 538744.0)
[1, 4, 10, 23, 57, 132, 301, 701, 1636, 3917, 9395, 21151]...: 2155494: ACCEPTED IN 4 TRIES, (AVG 538873.5)
[1, 4, 10, 23, 57, 132, 301, 701, 1636, 3917, 9395, 21214]...: 1616462: ACCEPTED IN 3 TRIES, (AVG 538820.6666666666)
[1, 4, 10, 23, 57, 132, 301, 701, 1636, 3917, 9395, 21384]...: 3235253: ACCEPTED IN 6 TRIES, (AVG 539208.8333333334)
[1, 4, 10, 23, 57, 132, 301, 701, 1636, 3917, 9395, 21404]...: 5393717: ACCEPTED IN 10 TRIES, (AVG 539371.7)
[1, 4, 10, 23, 57, 132, 301, 701, 1636, 3917, 9395, 21415]...: 1616357: ACCEPTED IN 3 TRIES, (AVG 538785.6666666666)
[1, 4, 10, 23, 57, 132, 301, 701, 1636, 3917, 9395, 21416]...: 1614514: ACCEPTED IN 3 TRIES, (AVG 538171.3333333334)
[1, 4, 10, 23, 57, 132, 301, 701, 1636, 3917, 9395, 21483]...: 2156322: ACCEPTED IN 4 TRIES, (AVG 539080.5)
[1, 4, 10, 23, 57, 132, 301, 701, 1636, 3917, 9395, 21515]...: 1616455: ACCEPTED IN 3 TRIES, (AVG 538818.3333333334)
[1, 4, 10, 23, 57, 132, 301, 701, 1636, 3917, 9395, 21584]...: 4314126: ACCEPTED IN 8 TRIES, (AVG 539265.75)
[1, 4, 10, 23, 57, 132, 301, 701, 1636, 3917, 9395, 21617]...: 2695243: ACCEPTED IN 5 TRIES, (AVG 539048.6)
[1, 4, 10, 23, 57, 132, 301, 701, 1636, 3917, 9395, 21686]...: 1616722: ACCEPTED IN 3 TRIES, (AVG 538907.3333333334)
[1, 4, 10, 23, 57, 132, 301, 701, 1636, 3917, 9395, 21820]...: 1615800: ACCEPTED IN 3 TRIES, (AVG 538600.0)
[1, 4, 10, 23, 57, 132, 301, 701, 1636, 3917, 9395, 21852]...: 2156278: ACCEPTED IN 4 TRIES, (AVG 539069.5)
[1, 4, 10, 23, 57, 132, 301, 701, 1636, 3917, 9395, 21919]...: 5392485: ACCEPTED IN 10 TRIES, (AVG 539248.5)
[1, 4, 10, 23, 57, 132, 301, 701, 1636, 3917, 9395, 21950]...: 3233792: ACCEPTED IN 6 TRIES, (AVG 538965.3333333334)
[1, 4, 10, 23, 57, 132, 301, 701, 1636, 3917, 9395, 21984]...: 2156134: ACCEPTED IN 4 TRIES, (AVG 539033.5)
[1, 4, 10, 23, 57, 132, 301, 701, 1636, 3917, 9395, 22017]...: 2155264: ACCEPTED IN 4 TRIES, (AVG 538816.0)
[1, 4, 10, 23, 57, 132, 301, 701, 1636, 3917, 9395, 22018]...: 3234812: ACCEPTED IN 6 TRIES, (AVG 539135.3333333334)
[1, 4, 10, 23, 57, 132, 301, 701, 1636, 3917, 9395, 22054]...: 1616321: ACCEPTED IN 3 TRIES, (AVG 538773.6666666666)
[1, 4, 10, 23, 57, 132, 301, 701, 1636, 3917, 9395, 22085]...: 3233383: ACCEPTED IN 6 TRIES, (AVG 538897.1666666666)
[1, 4, 10, 23, 57, 132, 301, 701, 1636, 3917, 9395, 22086]...: 2156312: ACCEPTED IN 4 TRIES, (AVG 539078.0)
[1, 4, 10, 23, 57, 132, 301, 701, 1636, 3917, 9395, 22116]...: 1613711: ACCEPTED IN 3 TRIES, (AVG 537903.6666666666)
[1, 4, 10, 23, 57, 132, 301, 701, 1636, 3917, 9395, 22153]...: 2155272: ACCEPTED IN 4 TRIES, (AVG 538818.0)
[1, 4, 10, 23, 57, 132, 301, 701, 1636, 3917, 9395, 22186]...: 2155898: ACCEPTED IN 4 TRIES, (AVG 538974.5)
[1, 4, 10, 23, 57, 132, 301, 701, 1636, 3917, 9395, 22220]...: 1616140: ACCEPTED IN 3 TRIES, (AVG 538713.3333333334)
[1, 4, 10, 23, 57, 132, 301, 701, 1636, 3917, 9395, 22251]...: 1616061: ACCEPTED IN 3 TRIES, (AVG 538687.0)
[1, 4, 10, 23, 57, 132, 301, 701, 1636, 3917, 9395, 22285]...: 2695286: ACCEPTED IN 5 TRIES, (AVG 539057.2)
[1, 4, 10, 23, 57, 132, 301, 701, 1636, 3917, 9395, 22288]...: 1616498: ACCEPTED IN 3 TRIES, (AVG 538832.6666666666)
[1, 4, 10, 23, 57, 132, 301, 701, 1636, 3917, 9395, 22318]...: 2155709: ACCEPTED IN 4 TRIES, (AVG 538927.25)
[1, 4, 10, 23, 57, 132, 301, 701, 1636, 3917, 9395, 22320]...: 1074977: ACCEPTED IN 2 TRIES, (AVG 537488.5)
[1, 4, 10, 23, 57, 132, 301, 701, 1636, 3917, 9395, 22452]...: 3232737: ACCEPTED IN 6 TRIES, (AVG 538789.5)
[1, 4, 10, 23, 57, 132, 301, 701, 1636, 3917, 9395, 22519]...: 2694572: ACCEPTED IN 5 TRIES, (AVG 538914.4)
