[1, 4, 10, 23, 57, 132, 301, 701, 1636, 3857, 9229, 20304]...: 4855446: ACCEPTED IN 9 TRIES, (AVG 539494.0)
[1, 4, 10, 23, 57, 132, 301, 701, 1636, 3857, 9229, 20351]...: 8643118: ACCEPTED IN 16 TRIES, (AVG 540194.875)
[1, 4, 10, 23, 57, 132, 301, 701, 1636, 3857, 9229, 20450]...: 5397374: ACCEPTED IN 10 TRIES, (AVG 539737.4)
[1, 4, 10, 23, 57, 132, 301, 701, 1636, 3857, 9229, 20486]...: 5938421: ACCEPTED IN 11 TRIES, (AVG 539856.4545454546)
[1, 4, 10, 23, 57, 132, 301, 701, 1636, 3857, 9229, 20506]...: 5396409: ACCEPTED IN 10 TRIES, (AVG 539640.9)
[1, 4, 10, 23, 57, 132, 301, 701, 1636, 3857, 9229, 20517]...: 5396305: ACCEPTED IN 10 TRIES, (AVG 539630.5)
[1, 4, 10, 23, 57, 132, 301, 701, 1636, 3857, 9229, 20553]...: 5397515: ACCEPTED IN 10 TRIES, (AVG 539751.5)
[1, 4, 10, 23, 57, 132, 301, 701, 1636, 3857, 9229, 20585]...: 6477441: ACCEPTED IN 12 TRIES, (AVG 539786.75)
[1, 4, 10, 23, 57, 132, 301, 701, 1636, 3857, 9229, 20605]...: 6477658: ACCEPTED IN 12 TRIES, (AVG 539804.8333333334)
[1, 4, 10, 23, 57, 132, 301, 701, 1636, 3857, 9229, 20617]...: 5396877: ACCEPTED IN 10 TRIES, (AVG 539687.7)
[1, 4, 10, 23, 57, 132, 301, 701, 1636, 3857, 9229, 20653]...: 5396113: ACCEPTED IN 10 TRIES, (AVG 539611.3)
[1, 4, 10, 23, 57, 132, 301, 701, 1636, 3857, 9229, 20684]...: 5395242: ACCEPTED IN 10 TRIES, (AVG 539524.2)
[1, 4, 10, 23, 57, 132, 301, 701, 1636, 3857, 9229, 20751]...: 8102779: ACCEPTED IN 15 TRIES, (AVG 540185.2666666667)
[1, 4, 10, 23, 57, 132, 301, 701, 1636, 3857, 9229, 20785]...: 8643203: ACCEPTED IN 16 TRIES, (AVG 540200.1875)
[1, 4, 10, 23, 57, 132, 301, 701, 1636, 3857, 9229, 20787]...: 5392944: ACCEPTED IN 10 TRIES, (AVG 539294.4)
[1, 4, 10, 23, 57, 132, 301, 701, 1636, 3857, 9229, 20818]...: 11348418: ACCEPTED IN 21 TRIES, (AVG 540400.8571428572)
[1, 4, 10, 23, 57, 132, 301, 701, 1636, 3857, 9229, 20886]...: 5395826: ACCEPTED IN 10 TRIES, (AVG 539582.6)
[1, 4, 10, 23, 57, 132, 301, 701, 1636, 3857, 9229, 20906]...: 5937503: ACCEPTED IN 11 TRIES, (AVG 539773.0)
[1, 4, 10, 23, 57, 132, 301, 701, 1636, 3857, 9229, 20917]...: 7018918: ACCEPTED IN 13 TRIES, (AVG 539916.7692307692)
[1, 4, 10, 23, 57, 132, 301, 701, 1636, 3857, 9229, 20918]...: 5938382: ACCEPTED IN 11 TRIES, (AVG 539852.9090909091)
[1, 4, 10, 23, 57, 132, 301, 701, 1636, 3857, 9229, 20954]...: 7560353: ACCEPTED IN 14 TRIES, (AVG 540025.2142857143)
[1, 4, 10, 23, 57, 132, 301, 701, 1636, 3857, 9229, 20985]...: 4856407: ACCEPTED IN 9 TRIES, (AVG 539600.7777777778)
[1, 4, 10, 23, 57, 132, 301, 701, 1636, 3857, 9229, 21052]...: 5396461: ACCEPTED IN 10 TRIES, (AVG 539646.1)
[1, 4, 10, 23, 57, 132, 301, 701, 1636, 3857, 9229, 21086]...: 5393539: ACCEPTED IN 10 TRIES, (AVG 539353.9)
[1, 4, 10, 23, 57, 132, 301, 701, 1636, 3857, 9229, 21151]...: 10266497: ACCEPTED IN 19 TRIES, (AVG 540341.947368421)
[1, 4, 10, 23, 57, 132, 301, 701, 1636, 3857, 9229, 21187]...: 6478781: ACCEPTED IN 12 TRIES, (AVG 539898.4166666666)
[1, 4, 10, 23, 57, 132, 301, 701, 1636, 3857, 9229, 21207]...: 8644061: ACCEPTED IN 16 TRIES, (AVG 540253.8125)
[1, 4, 10, 23, 57, 132, 301, 701, 1636, 3857, 9229, 21218]...: 9184049: ACCEPTED IN 17 TRIES, (AVG 540238.1764705882)
[1, 4, 10, 23, 57, 132, 301, 701, 1636, 3857, 9229, 21219]...: 7019804: ACCEPTED IN 13 TRIES, (AVG 539984.9230769231)
[1, 4, 10, 23, 57, 132, 301, 701, 1636, 3857, 9229, 21255]...: 8644008: ACCEPTED IN 16 TRIES, (AVG 540250.5)
[1, 4, 10, 23, 57, 132, 301, 701, 1636, 3857, 9229, 21286]...: 5396620: ACCEPTED IN 10 TRIES, (AVG 539662.0)
[1, 4, 10, 23, 57, 132, 301, 701, 1636, 3857, 9229, 21318]...: 5395233: ACCEPTED IN 10 TRIES, (AVG 539523.3)
[1, 4, 10, 23, 57, 132, 301, 701, 1636, 3857, 9229, 21354]...: 5397370: ACCEPTED IN 10 TRIES, (AVG 539737.0)
[1, 4, 10, 23, 57, 132, 301, 701, 1636, 3857, 9229, 21385]...: 9184349: ACCEPTED IN 17 TRIES, (AVG 540255.8235294118)
[1, 4, 10, 23, 57, 132, 301, 701, 1636, 3857, 9229, 21387]...: 5937998: ACCEPTED IN 11 TRIES, (AVG 539818.0)
[1, 4, 10, 23, 57, 132, 301, 701, 1636, 3857, 9229, 21452]...: 5938687: ACCEPTED IN 11 TRIES, (AVG 539880.6363636364)
[1, 4, 10, 23, 57, 132, 301, 701, 1636, 3857, 9229, 21486]...: 5394321: ACCEPTED IN 10 TRIES, (AVG 539432.1)
[1, 4, 10, 23, 57, 132, 301, 701, 1636, 3857, 9229, 21488]...: 4314576: ACCEPTED IN 8 TRIES, (AVG 539322.0)
[1, 4, 10, 23, 57, 132, 301, 701, 1636, 3857, 9229, 21519]...: 7019771: ACCEPTED IN 13 TRIES, (AVG 539982.3846153846)
[1, 4, 10, 23, 57, 132, 301, 701, 1636, 3857, 9229, 21520]...: 4855135: ACCEPTED IN 9 TRIES, (AVG 539459.4444444445)
[1, 4, 10, 23, 57, 132, 301, 701, 1636, 3857, 9229, 21587]...: 4315222: ACCEPTED IN 8 TRIES, (AVG 539402.75)
[1, 4, 10, 23, 57, 132, 301, 701, 1636, 3857, 9229, 21618]...: 9182054: ACCEPTED IN 17 TRIES, (AVG 540120.8235294118)
[1, 4, 10, 23, 57, 132, 301, 701, 1636, 3857, 9229, 21619]...: 5396080: ACCEPTED IN 10 TRIES, (AVG 539608.0)
[1, 4, 10, 23, 57, 132, 301, 701, 1636, 3857, 9229, 21655]...: 7019754: ACCEPTED IN 13 TRIES, (AVG 539981.0769230769)
[1, 4, 10, 23, 57, 132, 301, 701, 1636, 3857, 9229, 21686]...: 5394508: ACCEPTED IN 10 TRIES, (AVG 539450.8)
[1, 4, 10, 23, 57, 132, 301, 701, 1636, 3857, 9229, 21753]...: 5397262: ACCEPTED IN 10 TRIES, (AVG 539726.2)
[1, 4, 10, 23, 57, 132, 301, 701, 1636, 3857, 9229, 21787]...: 5394704: ACCEPTED IN 10 TRIES, (AVG 539470.4)
[1, 4, 10, 23, 57, 132, 301, 701, 1636, 3857, 9229, 21821]...: 5936323: ACCEPTED IN 11 TRIES, (AVG 539665.7272727273)
[1, 4, 10, 23, 57, 132, 301, 701, 1636, 3857, 9229, 21852]...: 6479186: ACCEPTED IN 12 TRIES, (AVG 539932.1666666666)
[1, 4, 10, 23, 57, 132, 301, 701, 1636, 3857, 9229, 21888]...: 5395358: ACCEPTED IN 10 TRIES, (AVG 539535.8)
[1, 4, 10, 23, 57, 132, 301, 701, 1636, 3857, 9229, 21919]...: 7020858: ACCEPTED IN 13 TRIES, (AVG 540066.0)
[1, 4, 10, 23, 57, 132, 301, 701, 1636, 3857, 9229, 21920]...: 4855512: ACCEPTED IN 9 TRIES, (AVG 539501.3333333334)
[1, 4, 10, 23, 57, 132, 301, 701, 1636, 3857, 9229, 21956]...: 4854542: ACCEPTED IN 9 TRIES, (AVG 539393.5555555555)
[1, 4, 10, 23, 57, 132, 301, 701, 1636, 3857, 9229, 21987]...: 6477895: ACCEPTED IN 12 TRIES, (AVG 539824.5833333334)
[1, 4, 10, 23, 57, 132, 301, 701, 1636, 3857, 9229, 22055]...: 4313428: ACCEPTED IN 8 TRIES, (AVG 539178.5)
[1, 4, 10, 23, 57, 132, 301, 701, 1636, 3857, 9229, 22086]...: 6478778: ACCEPTED IN 12 TRIES, (AVG 539898.1666666666)
[1, 4, 10, 23, 57, 132, 301, 701, 1636, 3857, 9229, 22088]...: 4313994: ACCEPTED IN 8 TRIES, (AVG 539249.25)
[1, 4, 10, 23, 57, 132, 301, 701, 1636, 3857, 9229, 22122]...: 4313847: ACCEPTED IN 8 TRIES, (AVG 539230.875)
