[1, 4, 10, 23, 57, 132, 301, 701, 1636, 3857, 8862, 19518]...: 18925094: ACCEPTED IN 35 TRIES, (AVG 540716.9714285714)
[1, 4, 10, 23, 57, 132, 301, 701, 1636, 3857, 8862, 19537]...: 18383730: ACCEPTED IN 34 TRIES, (AVG 540697.9411764706)
[1, 4, 10, 23, 57, 132, 301, 701, 1636, 3857, 8862, 19618]...: 9183994: ACCEPTED IN 17 TRIES, (AVG 540234.9411764706)
[1, 4, 10, 23, 57, 132, 301, 701, 1636, 3857, 8862, 19650]...: 9184548: ACCEPTED IN 17 TRIES, (AVG 540267.5294117647)
[1, 4, 10, 23, 57, 132, 301, 701, 1636, 3857, 8862, 19669]...: 4856231: ACCEPTED IN 9 TRIES, (AVG 539581.2222222222)
[1, 4, 10, 23, 57, 132, 301, 701, 1636, 3857, 8862, 19717]...: 10805426: ACCEPTED IN 20 TRIES, (AVG 540271.3)
[1, 4, 10, 23, 57, 132, 301, 701, 1636, 3857, 8862, 19752]...: 11347030: ACCEPTED IN 21 TRIES, (AVG 540334.7619047619)
[1, 4, 10, 23, 57, 132, 301, 701, 1636, 3857, 8862, 19816]...: 18924879: ACCEPTED IN 35 TRIES, (AVG 540710.8285714285)
[1, 4, 10, 23, 57, 132, 301, 701, 1636, 3857, 8862, 19819]...: 4855760: ACCEPTED IN 9 TRIES, (AVG 539528.8888888889)
[1, 4, 10, 23, 57, 132, 301, 701, 1636, 3857, 8862, 19884]...: 24334733: ACCEPTED IN 45 TRIES, (AVG 540771.8444444444)
[1, 4, 10, 23, 57, 132, 301, 701, 1636, 3857, 8862, 19919]...: 3231578: ACCEPTED IN 6 TRIES, (AVG 538596.3333333334)
[1, 4, 10, 23, 57, 132, 301, 701, 1636, 3857, 8862, 19937]...: 5396672: ACCEPTED IN 10 TRIES, (AVG 539667.2)
[1, 4, 10, 23, 57, 132, 301, 701, 1636, 3857, 8862, 19951]...: 17843139: ACCEPTED IN 33 TRIES, (AVG 540701.1818181818)
[1, 4, 10, 23, 57, 132, 301, 701, 1636, 3857, 8862, 19986]...: 10266978: ACCEPTED IN 19 TRIES, (AVG 540367.2631578947)
[1, 4, 10, 23, 57, 132, 301, 701, 1636, 3857, 8862, 20018]...: 4855634: ACCEPTED IN 9 TRIES, (AVG 539514.8888888889)
[1, 4, 10, 23, 57, 132, 301, 701, 1636, 3857, 8862, 20050]...: 6479472: ACCEPTED IN 12 TRIES, (AVG 539956.0)
[1, 4, 10, 23, 57, 132, 301, 701, 1636, 3857, 8862, 20053]...: 10806621: ACCEPTED IN 20 TRIES, (AVG 540331.05)
[1, 4, 10, 23, 57, 132, 301, 701, 1636, 3857, 8862, 20069]...: 11348540: ACCEPTED IN 21 TRIES, (AVG 540406.6666666666)
[1, 4, 10, 23, 57, 132, 301, 701, 1636, 3857, 8862, 20117]...: 10808671: ACCEPTED IN 20 TRIES, (AVG 540433.55)
[1, 4, 10, 23, 57, 132, 301, 701, 1636, 3857, 8862, 20118]...: 9184941: ACCEPTED IN 17 TRIES, (AVG 540290.6470588235)
[1, 4, 10, 23, 57, 132, 301, 701, 1636, 3857, 8862, 20185]...: 8643273: ACCEPTED IN 16 TRIES, (AVG 540204.5625)
[1, 4, 10, 23, 57, 132, 301, 701, 1636, 3857, 8862, 20220]...: 9185471: ACCEPTED IN 17 TRIES, (AVG 540321.8235294118)
[1, 4, 10, 23, 57, 132, 301, 701, 1636, 3857, 8862, 20238]...: 10806537: ACCEPTED IN 20 TRIES, (AVG 540326.85)
[1, 4, 10, 23, 57, 132, 301, 701, 1636, 3857, 8862, 20287]...: 5937370: ACCEPTED IN 11 TRIES, (AVG 539760.9090909091)
[1, 4, 10, 23, 57, 132, 301, 701, 1636, 3857, 8862, 20319]...: 9185356: ACCEPTED IN 17 TRIES, (AVG 540315.0588235294)
[1, 4, 10, 23, 57, 132, 301, 701, 1636, 3857, 8862, 20351]...: 10266663: ACCEPTED IN 19 TRIES, (AVG 540350.6842105263)
[1, 4, 10, 23, 57, 132, 301, 701, 1636, 3857, 8862, 20370]...: 7019366: ACCEPTED IN 13 TRIES, (AVG 539951.2307692308)
[1, 4, 10, 23, 57, 132, 301, 701, 1636, 3857, 8862, 20418]...: 10267370: ACCEPTED IN 19 TRIES, (AVG 540387.8947368421)
[1, 4, 10, 23, 57, 132, 301, 701, 1636, 3857, 8862, 20419]...: 7562037: ACCEPTED IN 14 TRIES, (AVG 540145.5)
[1, 4, 10, 23, 57, 132, 301, 701, 1636, 3857, 8862, 20453]...: 12431375: ACCEPTED IN 23 TRIES, (AVG 540494.5652173914)
[1, 4, 10, 23, 57, 132, 301, 701, 1636, 3857, 8862, 20517]...: 9183155: ACCEPTED IN 17 TRIES, (AVG 540185.5882352941)
[1, 4, 10, 23, 57, 132, 301, 701, 1636, 3857, 8862, 20521]...: 7019124: ACCEPTED IN 13 TRIES, (AVG 539932.6153846154)
[1, 4, 10, 23, 57, 132, 301, 701, 1636, 3857, 8862, 20585]...: 6479718: ACCEPTED IN 12 TRIES, (AVG 539976.5)
[1, 4, 10, 23, 57, 132, 301, 701, 1636, 3857, 8862, 20620]...: 5937965: ACCEPTED IN 11 TRIES, (AVG 539815.0)
[1, 4, 10, 23, 57, 132, 301, 701, 1636, 3857, 8862, 20652]...: 5938068: ACCEPTED IN 11 TRIES, (AVG 539824.3636363636)
[1, 4, 10, 23, 57, 132, 301, 701, 1636, 3857, 8862, 20687]...: 5396730: ACCEPTED IN 10 TRIES, (AVG 539673.0)
[1, 4, 10, 23, 57, 132, 301, 701, 1636, 3857, 8862, 20719]...: 7561567: ACCEPTED IN 14 TRIES, (AVG 540111.9285714285)
[1, 4, 10, 23, 57, 132, 301, 701, 1636, 3857, 8862, 20751]...: 6479198: ACCEPTED IN 12 TRIES, (AVG 539933.1666666666)
[1, 4, 10, 23, 57, 132, 301, 701, 1636, 3857, 8862, 20754]...: 11889050: ACCEPTED IN 22 TRIES, (AVG 540411.3636363636)
[1, 4, 10, 23, 57, 132, 301, 701, 1636, 3857, 8862, 20818]...: 9185500: ACCEPTED IN 17 TRIES, (AVG 540323.5294117647)
[1, 4, 10, 23, 57, 132, 301, 701, 1636, 3857, 8862, 20819]...: 9185503: ACCEPTED IN 17 TRIES, (AVG 540323.7058823529)
[1, 4, 10, 23, 57, 132, 301, 701, 1636, 3857, 8862, 20853]...: 7559886: ACCEPTED IN 14 TRIES, (AVG 539991.8571428572)
[1, 4, 10, 23, 57, 132, 301, 701, 1636, 3857, 8862, 20886]...: 6478705: ACCEPTED IN 12 TRIES, (AVG 539892.0833333334)
[1, 4, 10, 23, 57, 132, 301, 701, 1636, 3857, 8862, 20921]...: 8643769: ACCEPTED IN 16 TRIES, (AVG 540235.5625)
[1, 4, 10, 23, 57, 132, 301, 701, 1636, 3857, 8862, 20953]...: 5397104: ACCEPTED IN 10 TRIES, (AVG 539710.4)
[1, 4, 10, 23, 57, 132, 301, 701, 1636, 3857, 8862, 20985]...: 6479754: ACCEPTED IN 12 TRIES, (AVG 539979.5)
[1, 4, 10, 23, 57, 132, 301, 701, 1636, 3857, 8862, 20988]...: 9723970: ACCEPTED IN 18 TRIES, (AVG 540220.5555555555)
[1, 4, 10, 23, 57, 132, 301, 701, 1636, 3857, 8862, 21020]...: 10266215: ACCEPTED IN 19 TRIES, (AVG 540327.1052631579)
[1, 4, 10, 23, 57, 132, 301, 701, 1636, 3857, 8862, 21052]...: 7561846: ACCEPTED IN 14 TRIES, (AVG 540131.8571428572)
[1, 4, 10, 23, 57, 132, 301, 701, 1636, 3857, 8862, 21119]...: 10808891: ACCEPTED IN 20 TRIES, (AVG 540444.55)
[1, 4, 10, 23, 57, 132, 301, 701, 1636, 3857, 8862, 21120]...: 9185532: ACCEPTED IN 17 TRIES, (AVG 540325.4117647059)
[1, 4, 10, 23, 57, 132, 301, 701, 1636, 3857, 8862, 21154]...: 8643988: ACCEPTED IN 16 TRIES, (AVG 540249.25)
[1, 4, 10, 23, 57, 132, 301, 701, 1636, 3857, 8862, 21222]...: 13513521: ACCEPTED IN 25 TRIES, (AVG 540540.84)
[1, 4, 10, 23, 57, 132, 301, 701, 1636, 3857, 8862, 21254]...: 5396844: ACCEPTED IN 10 TRIES, (AVG 539684.4)
