[1, 4, 10, 23, 57, 132, 301, 701, 1654, 3731, 8292, 18414]...: 12432169: ACCEPTED IN 23 TRIES, (AVG 540529.0869565217)
[1, 4, 10, 23, 57, 132, 301, 701, 1654, 3731, 8292, 18447]...: 62757641: ACCEPTED IN 116 TRIES, (AVG 541014.1465517242)
[1, 4, 10, 23, 57, 132, 301, 701, 1654, 3731, 8292, 18451]...: 34077457: ACCEPTED IN 63 TRIES, (AVG 540912.0158730159)
[1, 4, 10, 23, 57, 132, 301, 701, 1654, 3731, 8292, 18546]...: 97390460: ACCEPTED IN 180 TRIES, (AVG 541058.1111111111)
[1, 4, 10, 23, 57, 132, 301, 701, 1654, 3731, 8292, 18653]...: 8643952: ACCEPTED IN 16 TRIES, (AVG 540247.0)
[1, 4, 10, 23, 57, 132, 301, 701, 1654, 3731, 8292, 18666]...: 17843241: ACCEPTED IN 33 TRIES, (AVG 540704.2727272727)
[1, 4, 10, 23, 57, 132, 301, 701, 1654, 3731, 8292, 18703]...: 11890863: ACCEPTED IN 22 TRIES, (AVG 540493.7727272727)
[1, 4, 10, 23, 57, 132, 301, 701, 1654, 3731, 8292, 18715]...: 42194303: ACCEPTED IN 78 TRIES, (AVG 540952.6025641026)
[1, 4, 10, 23, 57, 132, 301, 701, 1654, 3731, 8292, 18744]...: 9184976: ACCEPTED IN 17 TRIES, (AVG 540292.7058823529)
[1, 4, 10, 23, 57, 132, 301, 701, 1654, 3731, 8292, 18748]...: 43276111: ACCEPTED IN 80 TRIES, (AVG 540951.3875)
[1, 4, 10, 23, 57, 132, 301, 701, 1654, 3731, 8292, 18785]...: 93602301: ACCEPTED IN 173 TRIES, (AVG 541053.7630057803)
[1, 4, 10, 23, 57, 132, 301, 701, 1654, 3731, 8292, 18798]...: 16761336: ACCEPTED IN 31 TRIES, (AVG 540688.2580645161)
[1, 4, 10, 23, 57, 132, 301, 701, 1654, 3731, 8292, 18835]...: 42735649: ACCEPTED IN 79 TRIES, (AVG 540957.582278481)
[1, 4, 10, 23, 57, 132, 301, 701, 1654, 3731, 8292, 18839]...: 90896633: ACCEPTED IN 168 TRIES, (AVG 541051.3869047619)
[1, 4, 10, 23, 57, 132, 301, 701, 1654, 3731, 8292, 18847]...: 19467083: ACCEPTED IN 36 TRIES, (AVG 540752.3055555555)
[1, 4, 10, 23, 57, 132, 301, 701, 1654, 3731, 8292, 18876]...: 9185282: ACCEPTED IN 17 TRIES, (AVG 540310.7058823529)
[1, 4, 10, 23, 57, 132, 301, 701, 1654, 3731, 8292, 18880]...: 72498366: ACCEPTED IN 134 TRIES, (AVG 541032.5820895522)
[1, 4, 10, 23, 57, 132, 301, 701, 1654, 3731, 8292, 18884]...: 23795673: ACCEPTED IN 44 TRIES, (AVG 540810.75)
[1, 4, 10, 23, 57, 132, 301, 701, 1654, 3731, 8292, 18917]...: 14055263: ACCEPTED IN 26 TRIES, (AVG 540587.0384615385)
[1, 4, 10, 23, 57, 132, 301, 701, 1654, 3731, 8292, 18967]...: 36783114: ACCEPTED IN 68 TRIES, (AVG 540928.1470588235)
[1, 4, 10, 23, 57, 132, 301, 701, 1654, 3731, 8292, 18971]...: 13514271: ACCEPTED IN 25 TRIES, (AVG 540570.84)
[1, 4, 10, 23, 57, 132, 301, 701, 1654, 3731, 8292, 19004]...: 94143736: ACCEPTED IN 174 TRIES, (AVG 541055.9540229886)
[1, 4, 10, 23, 57, 132, 301, 701, 1654, 3731, 8292, 19008]...: 37863950: ACCEPTED IN 70 TRIES, (AVG 540913.5714285715)
[1, 4, 10, 23, 57, 132, 301, 701, 1654, 3731, 8292, 19016]...: 12972997: ACCEPTED IN 24 TRIES, (AVG 540541.5416666666)
[1, 4, 10, 23, 57, 132, 301, 701, 1654, 3731, 8292, 19049]...: 12971290: ACCEPTED IN 24 TRIES, (AVG 540470.4166666666)
[1, 4, 10, 23, 57, 132, 301, 701, 1654, 3731, 8292, 19053]...: 22710291: ACCEPTED IN 42 TRIES, (AVG 540721.2142857143)
[1, 4, 10, 23, 57, 132, 301, 701, 1654, 3731, 8292, 19099]...: 15138017: ACCEPTED IN 28 TRIES, (AVG 540643.4642857143)
[1, 4, 10, 23, 57, 132, 301, 701, 1654, 3731, 8292, 19103]...: 12973439: ACCEPTED IN 24 TRIES, (AVG 540559.9583333334)
[1, 4, 10, 23, 57, 132, 301, 701, 1654, 3731, 8292, 19136]...: 7562055: ACCEPTED IN 14 TRIES, (AVG 540146.7857142857)
[1, 4, 10, 23, 57, 132, 301, 701, 1654, 3731, 8292, 19140]...: 24336286: ACCEPTED IN 45 TRIES, (AVG 540806.3555555556)
[1, 4, 10, 23, 57, 132, 301, 701, 1654, 3731, 8292, 19144]...: 12432159: ACCEPTED IN 23 TRIES, (AVG 540528.6521739131)
[1, 4, 10, 23, 57, 132, 301, 701, 1654, 3731, 8292, 19148]...: 9725714: ACCEPTED IN 18 TRIES, (AVG 540317.4444444445)
[1, 4, 10, 23, 57, 132, 301, 701, 1654, 3731, 8292, 19181]...: 36782008: ACCEPTED IN 68 TRIES, (AVG 540911.8823529412)
[1, 4, 10, 23, 57, 132, 301, 701, 1654, 3731, 8292, 19185]...: 63840200: ACCEPTED IN 118 TRIES, (AVG 541018.6440677966)
[1, 4, 10, 23, 57, 132, 301, 701, 1654, 3731, 8292, 19235]...: 11348107: ACCEPTED IN 21 TRIES, (AVG 540386.0476190476)
[1, 4, 10, 23, 57, 132, 301, 701, 1654, 3731, 8292, 19268]...: 8643621: ACCEPTED IN 16 TRIES, (AVG 540226.3125)
[1, 4, 10, 23, 57, 132, 301, 701, 1654, 3731, 8292, 19272]...: 12432027: ACCEPTED IN 23 TRIES, (AVG 540522.9130434783)
[1, 4, 10, 23, 57, 132, 301, 701, 1654, 3731, 8292, 19276]...: 40571361: ACCEPTED IN 75 TRIES, (AVG 540951.48)
[1, 4, 10, 23, 57, 132, 301, 701, 1654, 3731, 8292, 19305]...: 36782167: ACCEPTED IN 68 TRIES, (AVG 540914.2205882353)
[1, 4, 10, 23, 57, 132, 301, 701, 1654, 3731, 8292, 19313]...: 44357629: ACCEPTED IN 82 TRIES, (AVG 540946.6951219512)
[1, 4, 10, 23, 57, 132, 301, 701, 1654, 3731, 8292, 19317]...: 5396941: ACCEPTED IN 10 TRIES, (AVG 539694.1)
[1, 4, 10, 23, 57, 132, 301, 701, 1654, 3731, 8292, 19354]...: 17843185: ACCEPTED IN 33 TRIES, (AVG 540702.5757575758)
[1, 4, 10, 23, 57, 132, 301, 701, 1654, 3731, 8292, 19367]...: 10808216: ACCEPTED IN 20 TRIES, (AVG 540410.8)
[1, 4, 10, 23, 57, 132, 301, 701, 1654, 3731, 8292, 19400]...: 7020648: ACCEPTED IN 13 TRIES, (AVG 540049.8461538461)
[1, 4, 10, 23, 57, 132, 301, 701, 1654, 3731, 8292, 19404]...: 36240262: ACCEPTED IN 67 TRIES, (AVG 540899.432835821)
[1, 4, 10, 23, 57, 132, 301, 701, 1654, 3731, 8292, 19408]...: 25959392: ACCEPTED IN 48 TRIES, (AVG 540820.6666666666)
[1, 4, 10, 23, 57, 132, 301, 701, 1654, 3731, 8292, 19437]...: 34075091: ACCEPTED IN 63 TRIES, (AVG 540874.4603174604)
[1, 4, 10, 23, 57, 132, 301, 701, 1654, 3731, 8292, 19445]...: 7561297: ACCEPTED IN 14 TRIES, (AVG 540092.6428571428)
[1, 4, 10, 23, 57, 132, 301, 701, 1654, 3731, 8292, 19449]...: 9726198: ACCEPTED IN 18 TRIES, (AVG 540344.3333333334)
[1, 4, 10, 23, 57, 132, 301, 701, 1654, 3731, 8292, 19486]...: 9184122: ACCEPTED IN 17 TRIES, (AVG 540242.4705882353)
[1, 4, 10, 23, 57, 132, 301, 701, 1654, 3731, 8292, 19499]...: 4855822: ACCEPTED IN 9 TRIES, (AVG 539535.7777777778)
[1, 4, 10, 23, 57, 132, 301, 701, 1654, 3731, 8292, 19528]...: 34077709: ACCEPTED IN 63 TRIES, (AVG 540916.0158730159)
[1, 4, 10, 23, 57, 132, 301, 701, 1654, 3731, 8292, 19536]...: 32994862: ACCEPTED IN 61 TRIES, (AVG 540899.3770491803)
[1, 4, 10, 23, 57, 132, 301, 701, 1654, 3731, 8292, 19540]...: 13512762: ACCEPTED IN 25 TRIES, (AVG 540510.48)
[1, 4, 10, 23, 57, 132, 301, 701, 1654, 3731, 8292, 19569]...: 13512854: ACCEPTED IN 25 TRIES, (AVG 540514.16)
[1, 4, 10, 23, 57, 132, 301, 701, 1654, 3731, 8292, 19577]...: 12430788: ACCEPTED IN 23 TRIES, (AVG 540469.0434782609)
[1, 4, 10, 23, 57, 132, 301, 701, 1654, 3731, 8292, 19581]...: 12429589: ACCEPTED IN 23 TRIES, (AVG 540416.9130434783)
[1, 4, 10, 23, 57, 132, 301, 701, 1654, 3731, 8292, 19606]...: 4315188: ACCEPTED IN 8 TRIES, (AVG 539398.5)
[1, 4, 10, 23, 57, 132, 301, 701, 1654, 3731, 8292, 19618]...: 7560218: ACCEPTED IN 14 TRIES, (AVG 540015.5714285715)
[1, 4, 10, 23, 57, 132, 301, 701, 1654, 3731, 8292, 19660]...: 9724286: ACCEPTED IN 18 TRIES, (AVG 540238.1111111111)
[1, 4, 10, 23, 57, 132, 301, 701, 1654, 3731, 8292, 19668]...: 12972535: ACCEPTED IN 24 TRIES, (AVG 540522.2916666666)
[1, 4, 10, 23, 57, 132, 301, 701, 1654, 3731, 8292, 19672]...: 8102948: ACCEPTED IN 15 TRIES, (AVG 540196.5333333333)
[1, 4, 10, 23, 57, 132, 301, 701, 1654, 3731, 8292, 19701]...: 15678462: ACCEPTED IN 29 TRIES, (AVG 540636.6206896552)
[1, 4, 10, 23, 57, 132, 301, 701, 1654, 3731, 8292, 19705]...: 12430843: ACCEPTED IN 23 TRIES, (AVG 540471.4347826086)
[1, 4, 10, 23, 57, 132, 301, 701, 1654, 3731, 8292, 19709]...: 14595307: ACCEPTED IN 27 TRIES, (AVG 540566.925925926)
[1, 4, 10, 23, 57, 132, 301, 701, 1654, 3731, 8292, 19713]...: 81694585: ACCEPTED IN 151 TRIES, (AVG 541023.7417218543)
[1, 4, 10, 23, 57, 132, 301, 701, 1654, 3731, 8292, 19738]...: 37323476: ACCEPTED IN 69 TRIES, (AVG 540919.9420289855)
[1, 4, 10, 23, 57, 132, 301, 701, 1654, 3731, 8292, 19750]...: 8644322: ACCEPTED IN 16 TRIES, (AVG 540270.125)
[1, 4, 10, 23, 57, 132, 301, 701, 1654, 3731, 8292, 19792]...: 14053689: ACCEPTED IN 26 TRIES, (AVG 540526.5)
[1, 4, 10, 23, 57, 132, 301, 701, 1654, 3731, 8292, 19800]...: 8101807: ACCEPTED IN 15 TRIES, (AVG 540120.4666666667)
[1, 4, 10, 23, 57, 132, 301, 701, 1654, 3731, 8292, 19804]...: 9184655: ACCEPTED IN 17 TRIES, (AVG 540273.8235294118)
[1, 4, 10, 23, 57, 132, 301, 701, 1654, 3731, 8292, 19829]...: 9185132: ACCEPTED IN 17 TRIES, (AVG 540301.8823529412)
[1, 4, 10, 23, 57, 132, 301, 701, 1654, 3731, 8292, 19833]...: 9183664: ACCEPTED IN 17 TRIES, (AVG 540215.5294117647)
[1, 4, 10, 23, 57, 132, 301, 701, 1654, 3731, 8292, 19837]...: 40571025: ACCEPTED IN 75 TRIES, (AVG 540947.0)
[1, 4, 10, 23, 57, 132, 301, 701, 1654, 3731, 8292, 19841]...: 15136862: ACCEPTED IN 28 TRIES, (AVG 540602.2142857143)
[1, 4, 10, 23, 57, 132, 301, 701, 1654, 3731, 8292, 19845]...: 14596062: ACCEPTED IN 27 TRIES, (AVG 540594.8888888889)
[1, 4, 10, 23, 57, 132, 301, 701, 1654, 3731, 8292, 19870]...: 12972796: ACCEPTED IN 24 TRIES, (AVG 540533.1666666666)
[1, 4, 10, 23, 57, 132, 301, 701, 1654, 3731, 8292, 19882]...: 8644113: ACCEPTED IN 16 TRIES, (AVG 540257.0625)
