[1, 4, 10, 23, 57, 132, 301, 701, 1636, 3753, 8901, 19783]...: 3774811: ACCEPTED IN 7 TRIES, (AVG 539258.7142857143)
[1, 4, 10, 23, 57, 132, 301, 701, 1636, 3753, 8901, 19850]...: 1076789: ACCEPTED IN 2 TRIES, (AVG 538394.5)
[1, 4, 10, 23, 57, 132, 301, 701, 1636, 3753, 8901, 19917]...: 2156256: ACCEPTED IN 4 TRIES, (AVG 539064.0)
[1, 4, 10, 23, 57, 132, 301, 701, 1636, 3753, 8901, 20551]...: 537548: ACCEPTED IN 1 TRIES, (AVG 537548.0)
[1, 4, 10, 23, 57, 132, 301, 701, 1636, 3753, 8901, 20583]...: 537212: ACCEPTED IN 1 TRIES, (AVG 537212.0)
[1, 4, 10, 23, 57, 132, 301, 701, 1636, 3753, 8901, 20785]...: 2154308: ACCEPTED IN 4 TRIES, (AVG 538577.0)
[1, 4, 10, 23, 57, 132, 301, 701, 1636, 3753, 8901, 20852]...: 2695894: ACCEPTED IN 5 TRIES, (AVG 539178.8)
[1, 4, 10, 23, 57, 132, 301, 701, 1636, 3753, 8901, 20951]...: 1616209: ACCEPTED IN 3 TRIES, (AVG 538736.3333333334)
[1, 4, 10, 23, 57, 132, 301, 701, 1636, 3753, 8901, 21185]...: 3234967: ACCEPTED IN 6 TRIES, (AVG 539161.1666666666)
[1, 4, 10, 23, 57, 132, 301, 701, 1636, 3753, 8901, 21252]...: 2155368: ACCEPTED IN 4 TRIES, (AVG 538842.0)
