[1, 4, 10, 23, 57, 132, 301, 701, 1636, 3753, 8755, 19697]...: 537238: ACCEPTED IN 1 TRIES, (AVG 537238.0)
[1, 4, 10, 23, 57, 132, 301, 701, 1636, 3753, 8755, 19935]...: 1076970: ACCEPTED IN 2 TRIES, (AVG 538485.0)
[1, 4, 10, 23, 57, 132, 301, 701, 1636, 3753, 8755, 19936]...: 536808: ACCEPTED IN 1 TRIES, (AVG 536808.0)
[1, 4, 10, 23, 57, 132, 301, 701, 1636, 3753, 8755, 20132]...: 1616743: ACCEPTED IN 3 TRIES, (AVG 538914.3333333334)
[1, 4, 10, 23, 57, 132, 301, 701, 1636, 3753, 8755, 20204]...: 537443: ACCEPTED IN 1 TRIES, (AVG 537443.0)
[1, 4, 10, 23, 57, 132, 301, 701, 1636, 3753, 8755, 20233]...: 1616493: ACCEPTED IN 3 TRIES, (AVG 538831.0)
[1, 4, 10, 23, 57, 132, 301, 701, 1636, 3753, 8755, 20307]...: 536350: ACCEPTED IN 1 TRIES, (AVG 536350.0)
[1, 4, 10, 23, 57, 132, 301, 701, 1636, 3753, 8755, 20336]...: 1077117: ACCEPTED IN 2 TRIES, (AVG 538558.5)
[1, 4, 10, 23, 57, 132, 301, 701, 1636, 3753, 8755, 20398]...: 537461: ACCEPTED IN 1 TRIES, (AVG 537461.0)
[1, 4, 10, 23, 57, 132, 301, 701, 1636, 3753, 8755, 20437]...: 537175: ACCEPTED IN 1 TRIES, (AVG 537175.0)
[1, 4, 10, 23, 57, 132, 301, 701, 1636, 3753, 8755, 20768]...: 2155891: ACCEPTED IN 4 TRIES, (AVG 538972.75)
[1, 4, 10, 23, 57, 132, 301, 701, 1636, 3753, 8755, 20771]...: 2694000: ACCEPTED IN 5 TRIES, (AVG 538800.0)
[1, 4, 10, 23, 57, 132, 301, 701, 1636, 3753, 8755, 20804]...: 537497: ACCEPTED IN 1 TRIES, (AVG 537497.0)
[1, 4, 10, 23, 57, 132, 301, 701, 1636, 3753, 8755, 20806]...: 2156230: ACCEPTED IN 4 TRIES, (AVG 539057.5)
[1, 4, 10, 23, 57, 132, 301, 701, 1636, 3753, 8755, 20868]...: 2155825: ACCEPTED IN 4 TRIES, (AVG 538956.25)
[1, 4, 10, 23, 57, 132, 301, 701, 1636, 3753, 8755, 20936]...: 2695450: ACCEPTED IN 5 TRIES, (AVG 539090.0)
