[1, 4, 10, 23, 57, 132, 301, 701, 1654, 3751, 8551, 18812]...: 27042453: ACCEPTED IN 50 TRIES, (AVG 540849.06)
[1, 4, 10, 23, 57, 132, 301, 701, 1654, 3751, 8551, 18820]...: 4855351: ACCEPTED IN 9 TRIES, (AVG 539483.4444444445)
[1, 4, 10, 23, 57, 132, 301, 701, 1654, 3751, 8551, 18824]...: 9184880: ACCEPTED IN 17 TRIES, (AVG 540287.0588235294)
[1, 4, 10, 23, 57, 132, 301, 701, 1654, 3751, 8551, 18828]...: 17843436: ACCEPTED IN 33 TRIES, (AVG 540710.1818181818)
[1, 4, 10, 23, 57, 132, 301, 701, 1654, 3751, 8551, 18832]...: 10266563: ACCEPTED IN 19 TRIES, (AVG 540345.4210526316)
[1, 4, 10, 23, 57, 132, 301, 701, 1654, 3751, 8551, 18836]...: 15678878: ACCEPTED IN 29 TRIES, (AVG 540650.9655172414)
[1, 4, 10, 23, 57, 132, 301, 701, 1654, 3751, 8551, 18845]...: 25960707: ACCEPTED IN 48 TRIES, (AVG 540848.0625)
[1, 4, 10, 23, 57, 132, 301, 701, 1654, 3751, 8551, 18849]...: 36240845: ACCEPTED IN 67 TRIES, (AVG 540908.1343283582)
[1, 4, 10, 23, 57, 132, 301, 701, 1654, 3751, 8551, 18853]...: 16760543: ACCEPTED IN 31 TRIES, (AVG 540662.6774193548)
[1, 4, 10, 23, 57, 132, 301, 701, 1654, 3751, 8551, 18861]...: 35700915: ACCEPTED IN 66 TRIES, (AVG 540922.9545454546)
[1, 4, 10, 23, 57, 132, 301, 701, 1654, 3751, 8551, 18873]...: 8644134: ACCEPTED IN 16 TRIES, (AVG 540258.375)
[1, 4, 10, 23, 57, 132, 301, 701, 1654, 3751, 8551, 18886]...: 5938437: ACCEPTED IN 11 TRIES, (AVG 539857.9090909091)
[1, 4, 10, 23, 57, 132, 301, 701, 1654, 3751, 8551, 18890]...: 8643651: ACCEPTED IN 16 TRIES, (AVG 540228.1875)
[1, 4, 10, 23, 57, 132, 301, 701, 1654, 3751, 8551, 18903]...: 10267529: ACCEPTED IN 19 TRIES, (AVG 540396.2631578947)
[1, 4, 10, 23, 57, 132, 301, 701, 1654, 3751, 8551, 18923]...: 10807856: ACCEPTED IN 20 TRIES, (AVG 540392.8)
[1, 4, 10, 23, 57, 132, 301, 701, 1654, 3751, 8551, 18927]...: 8103070: ACCEPTED IN 15 TRIES, (AVG 540204.6666666666)
[1, 4, 10, 23, 57, 132, 301, 701, 1654, 3751, 8551, 18940]...: 11891015: ACCEPTED IN 22 TRIES, (AVG 540500.6818181818)
[1, 4, 10, 23, 57, 132, 301, 701, 1654, 3751, 8551, 18944]...: 5937580: ACCEPTED IN 11 TRIES, (AVG 539780.0)
[1, 4, 10, 23, 57, 132, 301, 701, 1654, 3751, 8551, 18952]...: 11890396: ACCEPTED IN 22 TRIES, (AVG 540472.5454545454)
[1, 4, 10, 23, 57, 132, 301, 701, 1654, 3751, 8551, 18956]...: 10807998: ACCEPTED IN 20 TRIES, (AVG 540399.9)
[1, 4, 10, 23, 57, 132, 301, 701, 1654, 3751, 8551, 18960]...: 8644195: ACCEPTED IN 16 TRIES, (AVG 540262.1875)
[1, 4, 10, 23, 57, 132, 301, 701, 1654, 3751, 8551, 18964]...: 10808540: ACCEPTED IN 20 TRIES, (AVG 540427.0)
[1, 4, 10, 23, 57, 132, 301, 701, 1654, 3751, 8551, 18968]...: 20548530: ACCEPTED IN 38 TRIES, (AVG 540750.7894736842)
[1, 4, 10, 23, 57, 132, 301, 701, 1654, 3751, 8551, 18977]...: 26498844: ACCEPTED IN 49 TRIES, (AVG 540792.7346938775)
[1, 4, 10, 23, 57, 132, 301, 701, 1654, 3751, 8551, 18981]...: 15137443: ACCEPTED IN 28 TRIES, (AVG 540622.9642857143)
[1, 4, 10, 23, 57, 132, 301, 701, 1654, 3751, 8551, 18985]...: 15136258: ACCEPTED IN 28 TRIES, (AVG 540580.6428571428)
[1, 4, 10, 23, 57, 132, 301, 701, 1654, 3751, 8551, 18993]...: 8643546: ACCEPTED IN 16 TRIES, (AVG 540221.625)
[1, 4, 10, 23, 57, 132, 301, 701, 1654, 3751, 8551, 19005]...: 8102027: ACCEPTED IN 15 TRIES, (AVG 540135.1333333333)
[1, 4, 10, 23, 57, 132, 301, 701, 1654, 3751, 8551, 19014]...: 32993855: ACCEPTED IN 61 TRIES, (AVG 540882.868852459)
[1, 4, 10, 23, 57, 132, 301, 701, 1654, 3751, 8551, 19018]...: 9724276: ACCEPTED IN 18 TRIES, (AVG 540237.5555555555)
[1, 4, 10, 23, 57, 132, 301, 701, 1654, 3751, 8551, 19022]...: 15677239: ACCEPTED IN 29 TRIES, (AVG 540594.448275862)
[1, 4, 10, 23, 57, 132, 301, 701, 1654, 3751, 8551, 19035]...: 8644264: ACCEPTED IN 16 TRIES, (AVG 540266.5)
[1, 4, 10, 23, 57, 132, 301, 701, 1654, 3751, 8551, 19055]...: 10807456: ACCEPTED IN 20 TRIES, (AVG 540372.8)
[1, 4, 10, 23, 57, 132, 301, 701, 1654, 3751, 8551, 19059]...: 9185438: ACCEPTED IN 17 TRIES, (AVG 540319.8823529412)
[1, 4, 10, 23, 57, 132, 301, 701, 1654, 3751, 8551, 19072]...: 5937236: ACCEPTED IN 11 TRIES, (AVG 539748.7272727273)
[1, 4, 10, 23, 57, 132, 301, 701, 1654, 3751, 8551, 19076]...: 5396169: ACCEPTED IN 10 TRIES, (AVG 539616.9)
[1, 4, 10, 23, 57, 132, 301, 701, 1654, 3751, 8551, 19084]...: 14596365: ACCEPTED IN 27 TRIES, (AVG 540606.1111111111)
[1, 4, 10, 23, 57, 132, 301, 701, 1654, 3751, 8551, 19088]...: 15678332: ACCEPTED IN 29 TRIES, (AVG 540632.1379310344)
[1, 4, 10, 23, 57, 132, 301, 701, 1654, 3751, 8551, 19092]...: 17842742: ACCEPTED IN 33 TRIES, (AVG 540689.1515151515)
[1, 4, 10, 23, 57, 132, 301, 701, 1654, 3751, 8551, 19096]...: 30287851: ACCEPTED IN 56 TRIES, (AVG 540854.4821428572)
[1, 4, 10, 23, 57, 132, 301, 701, 1654, 3751, 8551, 19100]...: 21087721: ACCEPTED IN 39 TRIES, (AVG 540710.7948717949)
[1, 4, 10, 23, 57, 132, 301, 701, 1654, 3751, 8551, 19109]...: 15678234: ACCEPTED IN 29 TRIES, (AVG 540628.7586206896)
[1, 4, 10, 23, 57, 132, 301, 701, 1654, 3751, 8551, 19113]...: 5936764: ACCEPTED IN 11 TRIES, (AVG 539705.8181818182)
[1, 4, 10, 23, 57, 132, 301, 701, 1654, 3751, 8551, 19117]...: 9725376: ACCEPTED IN 18 TRIES, (AVG 540298.6666666666)
[1, 4, 10, 23, 57, 132, 301, 701, 1654, 3751, 8551, 19125]...: 9722943: ACCEPTED IN 18 TRIES, (AVG 540163.5)
[1, 4, 10, 23, 57, 132, 301, 701, 1654, 3751, 8551, 19129]...: 11349737: ACCEPTED IN 21 TRIES, (AVG 540463.6666666666)
[1, 4, 10, 23, 57, 132, 301, 701, 1654, 3751, 8551, 19137]...: 10267452: ACCEPTED IN 19 TRIES, (AVG 540392.2105263158)
[1, 4, 10, 23, 57, 132, 301, 701, 1654, 3751, 8551, 19146]...: 5937931: ACCEPTED IN 11 TRIES, (AVG 539811.9090909091)
[1, 4, 10, 23, 57, 132, 301, 701, 1654, 3751, 8551, 19150]...: 20548464: ACCEPTED IN 38 TRIES, (AVG 540749.052631579)
[1, 4, 10, 23, 57, 132, 301, 701, 1654, 3751, 8551, 19154]...: 20545308: ACCEPTED IN 38 TRIES, (AVG 540666.0)
[1, 4, 10, 23, 57, 132, 301, 701, 1654, 3751, 8551, 19187]...: 6477566: ACCEPTED IN 12 TRIES, (AVG 539797.1666666666)
[1, 4, 10, 23, 57, 132, 301, 701, 1654, 3751, 8551, 19191]...: 11889891: ACCEPTED IN 22 TRIES, (AVG 540449.5909090909)
[1, 4, 10, 23, 57, 132, 301, 701, 1654, 3751, 8551, 19204]...: 11888437: ACCEPTED IN 22 TRIES, (AVG 540383.5)
[1, 4, 10, 23, 57, 132, 301, 701, 1654, 3751, 8551, 19208]...: 23795005: ACCEPTED IN 44 TRIES, (AVG 540795.5681818182)
[1, 4, 10, 23, 57, 132, 301, 701, 1654, 3751, 8551, 19220]...: 10807126: ACCEPTED IN 20 TRIES, (AVG 540356.3)
[1, 4, 10, 23, 57, 132, 301, 701, 1654, 3751, 8551, 19224]...: 20008139: ACCEPTED IN 37 TRIES, (AVG 540760.5135135135)
[1, 4, 10, 23, 57, 132, 301, 701, 1654, 3751, 8551, 19228]...: 9726114: ACCEPTED IN 18 TRIES, (AVG 540339.6666666666)
[1, 4, 10, 23, 57, 132, 301, 701, 1654, 3751, 8551, 19241]...: 5936813: ACCEPTED IN 11 TRIES, (AVG 539710.2727272727)
[1, 4, 10, 23, 57, 132, 301, 701, 1654, 3751, 8551, 19245]...: 35700651: ACCEPTED IN 66 TRIES, (AVG 540918.9545454546)
[1, 4, 10, 23, 57, 132, 301, 701, 1654, 3751, 8551, 19249]...: 19466560: ACCEPTED IN 36 TRIES, (AVG 540737.7777777778)
[1, 4, 10, 23, 57, 132, 301, 701, 1654, 3751, 8551, 19257]...: 18925690: ACCEPTED IN 35 TRIES, (AVG 540734.0)
[1, 4, 10, 23, 57, 132, 301, 701, 1654, 3751, 8551, 19261]...: 7018913: ACCEPTED IN 13 TRIES, (AVG 539916.3846153846)
[1, 4, 10, 23, 57, 132, 301, 701, 1654, 3751, 8551, 19269]...: 10806395: ACCEPTED IN 20 TRIES, (AVG 540319.75)
[1, 4, 10, 23, 57, 132, 301, 701, 1654, 3751, 8551, 19278]...: 5938399: ACCEPTED IN 11 TRIES, (AVG 539854.4545454546)
[1, 4, 10, 23, 57, 132, 301, 701, 1654, 3751, 8551, 19282]...: 8103052: ACCEPTED IN 15 TRIES, (AVG 540203.4666666667)
[1, 4, 10, 23, 57, 132, 301, 701, 1654, 3751, 8551, 19286]...: 7560673: ACCEPTED IN 14 TRIES, (AVG 540048.0714285715)
[1, 4, 10, 23, 57, 132, 301, 701, 1654, 3751, 8551, 19315]...: 20548915: ACCEPTED IN 38 TRIES, (AVG 540760.9210526316)
[1, 4, 10, 23, 57, 132, 301, 701, 1654, 3751, 8551, 19316]...: 5935105: ACCEPTED IN 11 TRIES, (AVG 539555.0)
[1, 4, 10, 23, 57, 132, 301, 701, 1654, 3751, 8551, 19319]...: 6479217: ACCEPTED IN 12 TRIES, (AVG 539934.75)
[1, 4, 10, 23, 57, 132, 301, 701, 1654, 3751, 8551, 19323]...: 7562081: ACCEPTED IN 14 TRIES, (AVG 540148.6428571428)
[1, 4, 10, 23, 57, 132, 301, 701, 1654, 3751, 8551, 19336]...: 6479145: ACCEPTED IN 12 TRIES, (AVG 539928.75)
[1, 4, 10, 23, 57, 132, 301, 701, 1654, 3751, 8551, 19340]...: 23254096: ACCEPTED IN 43 TRIES, (AVG 540792.9302325582)
[1, 4, 10, 23, 57, 132, 301, 701, 1654, 3751, 8551, 19352]...: 10806940: ACCEPTED IN 20 TRIES, (AVG 540347.0)
[1, 4, 10, 23, 57, 132, 301, 701, 1654, 3751, 8551, 19356]...: 21630567: ACCEPTED IN 40 TRIES, (AVG 540764.175)
[1, 4, 10, 23, 57, 132, 301, 701, 1654, 3751, 8551, 19360]...: 24336850: ACCEPTED IN 45 TRIES, (AVG 540818.8888888889)
[1, 4, 10, 23, 57, 132, 301, 701, 1654, 3751, 8551, 19373]...: 7561707: ACCEPTED IN 14 TRIES, (AVG 540121.9285714285)
[1, 4, 10, 23, 57, 132, 301, 701, 1654, 3751, 8551, 19377]...: 5937379: ACCEPTED IN 11 TRIES, (AVG 539761.7272727273)
[1, 4, 10, 23, 57, 132, 301, 701, 1654, 3751, 8551, 19381]...: 6478947: ACCEPTED IN 12 TRIES, (AVG 539912.25)
[1, 4, 10, 23, 57, 132, 301, 701, 1654, 3751, 8551, 19389]...: 8643867: ACCEPTED IN 16 TRIES, (AVG 540241.6875)
[1, 4, 10, 23, 57, 132, 301, 701, 1654, 3751, 8551, 19393]...: 10807821: ACCEPTED IN 20 TRIES, (AVG 540391.05)
[1, 4, 10, 23, 57, 132, 301, 701, 1654, 3751, 8551, 19401]...: 7561849: ACCEPTED IN 14 TRIES, (AVG 540132.0714285715)
[1, 4, 10, 23, 57, 132, 301, 701, 1654, 3751, 8551, 19410]...: 11349167: ACCEPTED IN 21 TRIES, (AVG 540436.5238095238)
[1, 4, 10, 23, 57, 132, 301, 701, 1654, 3751, 8551, 19414]...: 9726403: ACCEPTED IN 18 TRIES, (AVG 540355.7222222222)
[1, 4, 10, 23, 57, 132, 301, 701, 1654, 3751, 8551, 19418]...: 10808823: ACCEPTED IN 20 TRIES, (AVG 540441.15)
[1, 4, 10, 23, 57, 132, 301, 701, 1654, 3751, 8551, 19430]...: 5936547: ACCEPTED IN 11 TRIES, (AVG 539686.0909090909)
[1, 4, 10, 23, 57, 132, 301, 701, 1654, 3751, 8551, 19447]...: 8643460: ACCEPTED IN 16 TRIES, (AVG 540216.25)
[1, 4, 10, 23, 57, 132, 301, 701, 1654, 3751, 8551, 19455]...: 9183843: ACCEPTED IN 17 TRIES, (AVG 540226.0588235294)
[1, 4, 10, 23, 57, 132, 301, 701, 1654, 3751, 8551, 19472]...: 7560480: ACCEPTED IN 14 TRIES, (AVG 540034.2857142857)
[1, 4, 10, 23, 57, 132, 301, 701, 1654, 3751, 8551, 19484]...: 6478723: ACCEPTED IN 12 TRIES, (AVG 539893.5833333334)
[1, 4, 10, 23, 57, 132, 301, 701, 1654, 3751, 8551, 19488]...: 20007507: ACCEPTED IN 37 TRIES, (AVG 540743.4324324324)
[1, 4, 10, 23, 57, 132, 301, 701, 1654, 3751, 8551, 19492]...: 9725665: ACCEPTED IN 18 TRIES, (AVG 540314.7222222222)
[1, 4, 10, 23, 57, 132, 301, 701, 1654, 3751, 8551, 19505]...: 6479775: ACCEPTED IN 12 TRIES, (AVG 539981.25)
[1, 4, 10, 23, 57, 132, 301, 701, 1654, 3751, 8551, 19509]...: 4854131: ACCEPTED IN 9 TRIES, (AVG 539347.8888888889)
[1, 4, 10, 23, 57, 132, 301, 701, 1654, 3751, 8551, 19513]...: 8101814: ACCEPTED IN 15 TRIES, (AVG 540120.9333333333)
[1, 4, 10, 23, 57, 132, 301, 701, 1654, 3751, 8551, 19521]...: 5395700: ACCEPTED IN 10 TRIES, (AVG 539570.0)
[1, 4, 10, 23, 57, 132, 301, 701, 1654, 3751, 8551, 19525]...: 7020366: ACCEPTED IN 13 TRIES, (AVG 540028.1538461539)
[1, 4, 10, 23, 57, 132, 301, 701, 1654, 3751, 8551, 19529]...: 9185231: ACCEPTED IN 17 TRIES, (AVG 540307.7058823529)
[1, 4, 10, 23, 57, 132, 301, 701, 1654, 3751, 8551, 19542]...: 16218819: ACCEPTED IN 30 TRIES, (AVG 540627.3)
[1, 4, 10, 23, 57, 132, 301, 701, 1654, 3751, 8551, 19546]...: 6478525: ACCEPTED IN 12 TRIES, (AVG 539877.0833333334)
[1, 4, 10, 23, 57, 132, 301, 701, 1654, 3751, 8551, 19550]...: 19466840: ACCEPTED IN 36 TRIES, (AVG 540745.5555555555)
[1, 4, 10, 23, 57, 132, 301, 701, 1654, 3751, 8551, 19562]...: 22172570: ACCEPTED IN 41 TRIES, (AVG 540794.3902439025)
[1, 4, 10, 23, 57, 132, 301, 701, 1654, 3751, 8551, 19579]...: 8642494: ACCEPTED IN 16 TRIES, (AVG 540155.875)
[1, 4, 10, 23, 57, 132, 301, 701, 1654, 3751, 8551, 19583]...: 5937095: ACCEPTED IN 11 TRIES, (AVG 539735.9090909091)
[1, 4, 10, 23, 57, 132, 301, 701, 1654, 3751, 8551, 19587]...: 8100892: ACCEPTED IN 15 TRIES, (AVG 540059.4666666667)
[1, 4, 10, 23, 57, 132, 301, 701, 1654, 3751, 8551, 19604]...: 7561861: ACCEPTED IN 14 TRIES, (AVG 540132.9285714285)
[1, 4, 10, 23, 57, 132, 301, 701, 1654, 3751, 8551, 19616]...: 8643888: ACCEPTED IN 16 TRIES, (AVG 540243.0)
[1, 4, 10, 23, 57, 132, 301, 701, 1654, 3751, 8551, 19617]...: 4856233: ACCEPTED IN 9 TRIES, (AVG 539581.4444444445)
[1, 4, 10, 23, 57, 132, 301, 701, 1654, 3751, 8551, 19620]...: 5937322: ACCEPTED IN 11 TRIES, (AVG 539756.5454545454)
[1, 4, 10, 23, 57, 132, 301, 701, 1654, 3751, 8551, 19624]...: 5934895: ACCEPTED IN 11 TRIES, (AVG 539535.9090909091)
[1, 4, 10, 23, 57, 132, 301, 701, 1654, 3751, 8551, 19637]...: 9184781: ACCEPTED IN 17 TRIES, (AVG 540281.2352941176)
[1, 4, 10, 23, 57, 132, 301, 701, 1654, 3751, 8551, 19641]...: 8102224: ACCEPTED IN 15 TRIES, (AVG 540148.2666666667)
[1, 4, 10, 23, 57, 132, 301, 701, 1654, 3751, 8551, 19645]...: 7561686: ACCEPTED IN 14 TRIES, (AVG 540120.4285714285)
[1, 4, 10, 23, 57, 132, 301, 701, 1654, 3751, 8551, 19653]...: 5936411: ACCEPTED IN 11 TRIES, (AVG 539673.7272727273)
[1, 4, 10, 23, 57, 132, 301, 701, 1654, 3751, 8551, 19657]...: 8102884: ACCEPTED IN 15 TRIES, (AVG 540192.2666666667)
[1, 4, 10, 23, 57, 132, 301, 701, 1654, 3751, 8551, 19661]...: 5937806: ACCEPTED IN 11 TRIES, (AVG 539800.5454545454)
[1, 4, 10, 23, 57, 132, 301, 701, 1654, 3751, 8551, 19674]...: 6479779: ACCEPTED IN 12 TRIES, (AVG 539981.5833333334)
[1, 4, 10, 23, 57, 132, 301, 701, 1654, 3751, 8551, 19678]...: 9726577: ACCEPTED IN 18 TRIES, (AVG 540365.3888888889)
[1, 4, 10, 23, 57, 132, 301, 701, 1654, 3751, 8551, 19682]...: 8643662: ACCEPTED IN 16 TRIES, (AVG 540228.875)
[1, 4, 10, 23, 57, 132, 301, 701, 1654, 3751, 8551, 19694]...: 9184982: ACCEPTED IN 17 TRIES, (AVG 540293.0588235294)
[1, 4, 10, 23, 57, 132, 301, 701, 1654, 3751, 8551, 19711]...: 4855944: ACCEPTED IN 9 TRIES, (AVG 539549.3333333334)
[1, 4, 10, 23, 57, 132, 301, 701, 1654, 3751, 8551, 19715]...: 8643181: ACCEPTED IN 16 TRIES, (AVG 540198.8125)
[1, 4, 10, 23, 57, 132, 301, 701, 1654, 3751, 8551, 19719]...: 5936204: ACCEPTED IN 11 TRIES, (AVG 539654.9090909091)
[1, 4, 10, 23, 57, 132, 301, 701, 1654, 3751, 8551, 19736]...: 8643693: ACCEPTED IN 16 TRIES, (AVG 540230.8125)
[1, 4, 10, 23, 57, 132, 301, 701, 1654, 3751, 8551, 19748]...: 9724472: ACCEPTED IN 18 TRIES, (AVG 540248.4444444445)
[1, 4, 10, 23, 57, 132, 301, 701, 1654, 3751, 8551, 19752]...: 23253399: ACCEPTED IN 43 TRIES, (AVG 540776.7209302326)
[1, 4, 10, 23, 57, 132, 301, 701, 1654, 3751, 8551, 19756]...: 8100918: ACCEPTED IN 15 TRIES, (AVG 540061.2)
[1, 4, 10, 23, 57, 132, 301, 701, 1654, 3751, 8551, 19765]...: 6479712: ACCEPTED IN 12 TRIES, (AVG 539976.0)
[1, 4, 10, 23, 57, 132, 301, 701, 1654, 3751, 8551, 19773]...: 5937046: ACCEPTED IN 11 TRIES, (AVG 539731.4545454546)
[1, 4, 10, 23, 57, 132, 301, 701, 1654, 3751, 8551, 19777]...: 5938325: ACCEPTED IN 11 TRIES, (AVG 539847.7272727273)
[1, 4, 10, 23, 57, 132, 301, 701, 1654, 3751, 8551, 19785]...: 4315008: ACCEPTED IN 8 TRIES, (AVG 539376.0)
[1, 4, 10, 23, 57, 132, 301, 701, 1654, 3751, 8551, 19789]...: 5938292: ACCEPTED IN 11 TRIES, (AVG 539844.7272727273)
[1, 4, 10, 23, 57, 132, 301, 701, 1654, 3751, 8551, 19793]...: 8102613: ACCEPTED IN 15 TRIES, (AVG 540174.2)
[1, 4, 10, 23, 57, 132, 301, 701, 1654, 3751, 8551, 19806]...: 7561847: ACCEPTED IN 14 TRIES, (AVG 540131.9285714285)
[1, 4, 10, 23, 57, 132, 301, 701, 1654, 3751, 8551, 19810]...: 9184559: ACCEPTED IN 17 TRIES, (AVG 540268.1764705882)
[1, 4, 10, 23, 57, 132, 301, 701, 1654, 3751, 8551, 19814]...: 9184646: ACCEPTED IN 17 TRIES, (AVG 540273.2941176471)
[1, 4, 10, 23, 57, 132, 301, 701, 1654, 3751, 8551, 19826]...: 10265551: ACCEPTED IN 19 TRIES, (AVG 540292.1578947369)
[1, 4, 10, 23, 57, 132, 301, 701, 1654, 3751, 8551, 19830]...: 5933859: ACCEPTED IN 11 TRIES, (AVG 539441.7272727273)
[1, 4, 10, 23, 57, 132, 301, 701, 1654, 3751, 8551, 19843]...: 5396575: ACCEPTED IN 10 TRIES, (AVG 539657.5)
[1, 4, 10, 23, 57, 132, 301, 701, 1654, 3751, 8551, 19847]...: 7559299: ACCEPTED IN 14 TRIES, (AVG 539949.9285714285)
[1, 4, 10, 23, 57, 132, 301, 701, 1654, 3751, 8551, 19851]...: 9184566: ACCEPTED IN 17 TRIES, (AVG 540268.5882352941)
[1, 4, 10, 23, 57, 132, 301, 701, 1654, 3751, 8551, 19880]...: 8643840: ACCEPTED IN 16 TRIES, (AVG 540240.0)
[1, 4, 10, 23, 57, 132, 301, 701, 1654, 3751, 8551, 19884]...: 5936928: ACCEPTED IN 11 TRIES, (AVG 539720.7272727273)
[1, 4, 10, 23, 57, 132, 301, 701, 1654, 3751, 8551, 19888]...: 9724322: ACCEPTED IN 18 TRIES, (AVG 540240.1111111111)
[1, 4, 10, 23, 57, 132, 301, 701, 1654, 3751, 8551, 19897]...: 8102489: ACCEPTED IN 15 TRIES, (AVG 540165.9333333333)
[1, 4, 10, 23, 57, 132, 301, 701, 1654, 3751, 8551, 19905]...: 5937384: ACCEPTED IN 11 TRIES, (AVG 539762.1818181818)
[1, 4, 10, 23, 57, 132, 301, 701, 1654, 3751, 8551, 19909]...: 18925943: ACCEPTED IN 35 TRIES, (AVG 540741.2285714286)
[1, 4, 10, 23, 57, 132, 301, 701, 1654, 3751, 8551, 19917]...: 4855677: ACCEPTED IN 9 TRIES, (AVG 539519.6666666666)
[1, 4, 10, 23, 57, 132, 301, 701, 1654, 3751, 8551, 19918]...: 4854400: ACCEPTED IN 9 TRIES, (AVG 539377.7777777778)
[1, 4, 10, 23, 57, 132, 301, 701, 1654, 3751, 8551, 19921]...: 9726266: ACCEPTED IN 18 TRIES, (AVG 540348.1111111111)
[1, 4, 10, 23, 57, 132, 301, 701, 1654, 3751, 8551, 19925]...: 7560031: ACCEPTED IN 14 TRIES, (AVG 540002.2142857143)
[1, 4, 10, 23, 57, 132, 301, 701, 1654, 3751, 8551, 19938]...: 13513159: ACCEPTED IN 25 TRIES, (AVG 540526.36)
[1, 4, 10, 23, 57, 132, 301, 701, 1654, 3751, 8551, 19942]...: 9723816: ACCEPTED IN 18 TRIES, (AVG 540212.0)
[1, 4, 10, 23, 57, 132, 301, 701, 1654, 3751, 8551, 19946]...: 8102423: ACCEPTED IN 15 TRIES, (AVG 540161.5333333333)
[1, 4, 10, 23, 57, 132, 301, 701, 1654, 3751, 8551, 19958]...: 7561621: ACCEPTED IN 14 TRIES, (AVG 540115.7857142857)
[1, 4, 10, 23, 57, 132, 301, 701, 1654, 3751, 8551, 19962]...: 9183701: ACCEPTED IN 17 TRIES, (AVG 540217.7058823529)
[1, 4, 10, 23, 57, 132, 301, 701, 1654, 3751, 8551, 19975]...: 4313110: ACCEPTED IN 8 TRIES, (AVG 539138.75)
[1, 4, 10, 23, 57, 132, 301, 701, 1654, 3751, 8551, 19979]...: 8644060: ACCEPTED IN 16 TRIES, (AVG 540253.75)
[1, 4, 10, 23, 57, 132, 301, 701, 1654, 3751, 8551, 20012]...: 4854270: ACCEPTED IN 9 TRIES, (AVG 539363.3333333334)
[1, 4, 10, 23, 57, 132, 301, 701, 1654, 3751, 8551, 20016]...: 6479369: ACCEPTED IN 12 TRIES, (AVG 539947.4166666666)
[1, 4, 10, 23, 57, 132, 301, 701, 1654, 3751, 8551, 20017]...: 4854522: ACCEPTED IN 9 TRIES, (AVG 539391.3333333334)
[1, 4, 10, 23, 57, 132, 301, 701, 1654, 3751, 8551, 20020]...: 4852449: ACCEPTED IN 9 TRIES, (AVG 539161.0)
[1, 4, 10, 23, 57, 132, 301, 701, 1654, 3751, 8551, 20029]...: 5937210: ACCEPTED IN 11 TRIES, (AVG 539746.3636363636)
[1, 4, 10, 23, 57, 132, 301, 701, 1654, 3751, 8551, 20037]...: 9184802: ACCEPTED IN 17 TRIES, (AVG 540282.4705882353)
[1, 4, 10, 23, 57, 132, 301, 701, 1654, 3751, 8551, 20041]...: 9726506: ACCEPTED IN 18 TRIES, (AVG 540361.4444444445)
[1, 4, 10, 23, 57, 132, 301, 701, 1654, 3751, 8551, 20046]...: 4855064: ACCEPTED IN 9 TRIES, (AVG 539451.5555555555)
[1, 4, 10, 23, 57, 132, 301, 701, 1654, 3751, 8551, 20049]...: 7561824: ACCEPTED IN 14 TRIES, (AVG 540130.2857142857)
[1, 4, 10, 23, 57, 132, 301, 701, 1654, 3751, 8551, 20053]...: 7561394: ACCEPTED IN 14 TRIES, (AVG 540099.5714285715)
[1, 4, 10, 23, 57, 132, 301, 701, 1654, 3751, 8551, 20057]...: 22170867: ACCEPTED IN 41 TRIES, (AVG 540752.8536585366)
[1, 4, 10, 23, 57, 132, 301, 701, 1654, 3751, 8551, 20066]...: 5395713: ACCEPTED IN 10 TRIES, (AVG 539571.3)
[1, 4, 10, 23, 57, 132, 301, 701, 1654, 3751, 8551, 20070]...: 5397457: ACCEPTED IN 10 TRIES, (AVG 539745.7)
[1, 4, 10, 23, 57, 132, 301, 701, 1654, 3751, 8551, 20074]...: 7020038: ACCEPTED IN 13 TRIES, (AVG 540002.9230769231)
[1, 4, 10, 23, 57, 132, 301, 701, 1654, 3751, 8551, 20078]...: 5938201: ACCEPTED IN 11 TRIES, (AVG 539836.4545454546)
[1, 4, 10, 23, 57, 132, 301, 701, 1654, 3751, 8551, 20082]...: 5935491: ACCEPTED IN 11 TRIES, (AVG 539590.0909090909)
[1, 4, 10, 23, 57, 132, 301, 701, 1654, 3751, 8551, 20090]...: 7018882: ACCEPTED IN 13 TRIES, (AVG 539914.0)
[1, 4, 10, 23, 57, 132, 301, 701, 1654, 3751, 8551, 20094]...: 5936313: ACCEPTED IN 11 TRIES, (AVG 539664.8181818182)
[1, 4, 10, 23, 57, 132, 301, 701, 1654, 3751, 8551, 20107]...: 5937710: ACCEPTED IN 11 TRIES, (AVG 539791.8181818182)
[1, 4, 10, 23, 57, 132, 301, 701, 1654, 3751, 8551, 20111]...: 9184777: ACCEPTED IN 17 TRIES, (AVG 540281.0)
[1, 4, 10, 23, 57, 132, 301, 701, 1654, 3751, 8551, 20131]...: 5397340: ACCEPTED IN 10 TRIES, (AVG 539734.0)
[1, 4, 10, 23, 57, 132, 301, 701, 1654, 3751, 8551, 20144]...: 7561817: ACCEPTED IN 14 TRIES, (AVG 540129.7857142857)
[1, 4, 10, 23, 57, 132, 301, 701, 1654, 3751, 8551, 20148]...: 5395326: ACCEPTED IN 10 TRIES, (AVG 539532.6)
[1, 4, 10, 23, 57, 132, 301, 701, 1654, 3751, 8551, 20152]...: 9185447: ACCEPTED IN 17 TRIES, (AVG 540320.4117647059)
[1, 4, 10, 23, 57, 132, 301, 701, 1654, 3751, 8551, 20161]...: 5937801: ACCEPTED IN 11 TRIES, (AVG 539800.0909090909)
[1, 4, 10, 23, 57, 132, 301, 701, 1654, 3751, 8551, 20173]...: 9183842: ACCEPTED IN 17 TRIES, (AVG 540226.0)
[1, 4, 10, 23, 57, 132, 301, 701, 1654, 3751, 8551, 20178]...: 7020409: ACCEPTED IN 13 TRIES, (AVG 540031.4615384615)
[1, 4, 10, 23, 57, 132, 301, 701, 1654, 3751, 8551, 20181]...: 4855240: ACCEPTED IN 9 TRIES, (AVG 539471.1111111111)
[1, 4, 10, 23, 57, 132, 301, 701, 1654, 3751, 8551, 20185]...: 7019945: ACCEPTED IN 13 TRIES, (AVG 539995.7692307692)
[1, 4, 10, 23, 57, 132, 301, 701, 1654, 3751, 8551, 20189]...: 4312108: ACCEPTED IN 8 TRIES, (AVG 539013.5)
[1, 4, 10, 23, 57, 132, 301, 701, 1654, 3751, 8551, 20198]...: 9723459: ACCEPTED IN 18 TRIES, (AVG 540192.1666666666)
[1, 4, 10, 23, 57, 132, 301, 701, 1654, 3751, 8551, 20202]...: 4855155: ACCEPTED IN 9 TRIES, (AVG 539461.6666666666)
[1, 4, 10, 23, 57, 132, 301, 701, 1654, 3751, 8551, 20206]...: 6478600: ACCEPTED IN 12 TRIES, (AVG 539883.3333333334)
[1, 4, 10, 23, 57, 132, 301, 701, 1654, 3751, 8551, 20210]...: 8101648: ACCEPTED IN 15 TRIES, (AVG 540109.8666666667)
[1, 4, 10, 23, 57, 132, 301, 701, 1654, 3751, 8551, 20214]...: 7020749: ACCEPTED IN 13 TRIES, (AVG 540057.6153846154)
[1, 4, 10, 23, 57, 132, 301, 701, 1654, 3751, 8551, 20219]...: 7019465: ACCEPTED IN 13 TRIES, (AVG 539958.8461538461)
[1, 4, 10, 23, 57, 132, 301, 701, 1654, 3751, 8551, 20222]...: 7019728: ACCEPTED IN 13 TRIES, (AVG 539979.0769230769)
[1, 4, 10, 23, 57, 132, 301, 701, 1654, 3751, 8551, 20226]...: 4855226: ACCEPTED IN 9 TRIES, (AVG 539469.5555555555)
[1, 4, 10, 23, 57, 132, 301, 701, 1654, 3751, 8551, 20239]...: 5937445: ACCEPTED IN 11 TRIES, (AVG 539767.7272727273)
[1, 4, 10, 23, 57, 132, 301, 701, 1654, 3751, 8551, 20243]...: 10265247: ACCEPTED IN 19 TRIES, (AVG 540276.1578947369)
[1, 4, 10, 23, 57, 132, 301, 701, 1654, 3751, 8551, 20263]...: 11888753: ACCEPTED IN 22 TRIES, (AVG 540397.8636363636)
[1, 4, 10, 23, 57, 132, 301, 701, 1654, 3751, 8551, 20276]...: 9182452: ACCEPTED IN 17 TRIES, (AVG 540144.2352941176)
[1, 4, 10, 23, 57, 132, 301, 701, 1654, 3751, 8551, 20280]...: 5938323: ACCEPTED IN 11 TRIES, (AVG 539847.5454545454)
[1, 4, 10, 23, 57, 132, 301, 701, 1654, 3751, 8551, 20293]...: 5396218: ACCEPTED IN 10 TRIES, (AVG 539621.8)
[1, 4, 10, 23, 57, 132, 301, 701, 1654, 3751, 8551, 20305]...: 12973463: ACCEPTED IN 24 TRIES, (AVG 540560.9583333334)
[1, 4, 10, 23, 57, 132, 301, 701, 1654, 3751, 8551, 20310]...: 5396385: ACCEPTED IN 10 TRIES, (AVG 539638.5)
[1, 4, 10, 23, 57, 132, 301, 701, 1654, 3751, 8551, 20313]...: 5938692: ACCEPTED IN 11 TRIES, (AVG 539881.0909090909)
[1, 4, 10, 23, 57, 132, 301, 701, 1654, 3751, 8551, 20317]...: 5396562: ACCEPTED IN 10 TRIES, (AVG 539656.2)
[1, 4, 10, 23, 57, 132, 301, 701, 1654, 3751, 8551, 20318]...: 5937448: ACCEPTED IN 11 TRIES, (AVG 539768.0)
[1, 4, 10, 23, 57, 132, 301, 701, 1654, 3751, 8551, 20321]...: 7561101: ACCEPTED IN 14 TRIES, (AVG 540078.6428571428)
[1, 4, 10, 23, 57, 132, 301, 701, 1654, 3751, 8551, 20330]...: 4313878: ACCEPTED IN 8 TRIES, (AVG 539234.75)
[1, 4, 10, 23, 57, 132, 301, 701, 1654, 3751, 8551, 20334]...: 5936509: ACCEPTED IN 11 TRIES, (AVG 539682.6363636364)
[1, 4, 10, 23, 57, 132, 301, 701, 1654, 3751, 8551, 20338]...: 5938107: ACCEPTED IN 11 TRIES, (AVG 539827.9090909091)
[1, 4, 10, 23, 57, 132, 301, 701, 1654, 3751, 8551, 20342]...: 5936336: ACCEPTED IN 11 TRIES, (AVG 539666.9090909091)
[1, 4, 10, 23, 57, 132, 301, 701, 1654, 3751, 8551, 20346]...: 6478110: ACCEPTED IN 12 TRIES, (AVG 539842.5)
[1, 4, 10, 23, 57, 132, 301, 701, 1654, 3751, 8551, 20347]...: 10266293: ACCEPTED IN 19 TRIES, (AVG 540331.2105263158)
[1, 4, 10, 23, 57, 132, 301, 701, 1654, 3751, 8551, 20351]...: 7019056: ACCEPTED IN 13 TRIES, (AVG 539927.3846153846)
[1, 4, 10, 23, 57, 132, 301, 701, 1654, 3751, 8551, 20354]...: 7019194: ACCEPTED IN 13 TRIES, (AVG 539938.0)
[1, 4, 10, 23, 57, 132, 301, 701, 1654, 3751, 8551, 20358]...: 7561699: ACCEPTED IN 14 TRIES, (AVG 540121.3571428572)
[1, 4, 10, 23, 57, 132, 301, 701, 1654, 3751, 8551, 20367]...: 7560980: ACCEPTED IN 14 TRIES, (AVG 540070.0)
[1, 4, 10, 23, 57, 132, 301, 701, 1654, 3751, 8551, 20371]...: 5936752: ACCEPTED IN 11 TRIES, (AVG 539704.7272727273)
[1, 4, 10, 23, 57, 132, 301, 701, 1654, 3751, 8551, 20375]...: 5395566: ACCEPTED IN 10 TRIES, (AVG 539556.6)
[1, 4, 10, 23, 57, 132, 301, 701, 1654, 3751, 8551, 20383]...: 5396488: ACCEPTED IN 10 TRIES, (AVG 539648.8)
[1, 4, 10, 23, 57, 132, 301, 701, 1654, 3751, 8551, 20395]...: 5937479: ACCEPTED IN 11 TRIES, (AVG 539770.8181818182)
[1, 4, 10, 23, 57, 132, 301, 701, 1654, 3751, 8551, 20408]...: 13512693: ACCEPTED IN 25 TRIES, (AVG 540507.72)
[1, 4, 10, 23, 57, 132, 301, 701, 1654, 3751, 8551, 20412]...: 5397150: ACCEPTED IN 10 TRIES, (AVG 539715.0)
[1, 4, 10, 23, 57, 132, 301, 701, 1654, 3751, 8551, 20425]...: 5396319: ACCEPTED IN 10 TRIES, (AVG 539631.9)
[1, 4, 10, 23, 57, 132, 301, 701, 1654, 3751, 8551, 20437]...: 5395421: ACCEPTED IN 10 TRIES, (AVG 539542.1)
[1, 4, 10, 23, 57, 132, 301, 701, 1654, 3751, 8551, 20442]...: 5936612: ACCEPTED IN 11 TRIES, (AVG 539692.0)
[1, 4, 10, 23, 57, 132, 301, 701, 1654, 3751, 8551, 20445]...: 4312404: ACCEPTED IN 8 TRIES, (AVG 539050.5)
[1, 4, 10, 23, 57, 132, 301, 701, 1654, 3751, 8551, 20449]...: 5396037: ACCEPTED IN 10 TRIES, (AVG 539603.7)
[1, 4, 10, 23, 57, 132, 301, 701, 1654, 3751, 8551, 20453]...: 10267336: ACCEPTED IN 19 TRIES, (AVG 540386.1052631579)
[1, 4, 10, 23, 57, 132, 301, 701, 1654, 3751, 8551, 20462]...: 10808653: ACCEPTED IN 20 TRIES, (AVG 540432.65)
[1, 4, 10, 23, 57, 132, 301, 701, 1654, 3751, 8551, 20466]...: 5936455: ACCEPTED IN 11 TRIES, (AVG 539677.7272727273)
[1, 4, 10, 23, 57, 132, 301, 701, 1654, 3751, 8551, 20474]...: 5933886: ACCEPTED IN 11 TRIES, (AVG 539444.1818181818)
[1, 4, 10, 23, 57, 132, 301, 701, 1654, 3751, 8551, 20478]...: 4315145: ACCEPTED IN 8 TRIES, (AVG 539393.125)
[1, 4, 10, 23, 57, 132, 301, 701, 1654, 3751, 8551, 20479]...: 3772482: ACCEPTED IN 7 TRIES, (AVG 538926.0)
[1, 4, 10, 23, 57, 132, 301, 701, 1654, 3751, 8551, 20482]...: 5396363: ACCEPTED IN 10 TRIES, (AVG 539636.3)
[1, 4, 10, 23, 57, 132, 301, 701, 1654, 3751, 8551, 20483]...: 5937342: ACCEPTED IN 11 TRIES, (AVG 539758.3636363636)
[1, 4, 10, 23, 57, 132, 301, 701, 1654, 3751, 8551, 20486]...: 5396740: ACCEPTED IN 10 TRIES, (AVG 539674.0)
[1, 4, 10, 23, 57, 132, 301, 701, 1654, 3751, 8551, 20490]...: 5936902: ACCEPTED IN 11 TRIES, (AVG 539718.3636363636)
[1, 4, 10, 23, 57, 132, 301, 701, 1654, 3751, 8551, 20499]...: 9723790: ACCEPTED IN 18 TRIES, (AVG 540210.5555555555)
[1, 4, 10, 23, 57, 132, 301, 701, 1654, 3751, 8551, 20503]...: 6479343: ACCEPTED IN 12 TRIES, (AVG 539945.25)
[1, 4, 10, 23, 57, 132, 301, 701, 1654, 3751, 8551, 20507]...: 5937746: ACCEPTED IN 11 TRIES, (AVG 539795.0909090909)
[1, 4, 10, 23, 57, 132, 301, 701, 1654, 3751, 8551, 20515]...: 6478484: ACCEPTED IN 12 TRIES, (AVG 539873.6666666666)
[1, 4, 10, 23, 57, 132, 301, 701, 1654, 3751, 8551, 20520]...: 4856071: ACCEPTED IN 9 TRIES, (AVG 539563.4444444445)
