[1, 4, 10, 23, 57, 132, 301, 701, 1636, 3923, 8854, 19492]...: 21631351: ACCEPTED IN 40 TRIES, (AVG 540783.775)
[1, 4, 10, 23, 57, 132, 301, 701, 1636, 3923, 8854, 19494]...: 11348803: ACCEPTED IN 21 TRIES, (AVG 540419.1904761905)
[1, 4, 10, 23, 57, 132, 301, 701, 1636, 3923, 8854, 19495]...: 20548825: ACCEPTED IN 38 TRIES, (AVG 540758.552631579)
[1, 4, 10, 23, 57, 132, 301, 701, 1636, 3923, 8854, 19497]...: 11348811: ACCEPTED IN 21 TRIES, (AVG 540419.5714285715)
[1, 4, 10, 23, 57, 132, 301, 701, 1636, 3923, 8854, 19498]...: 16219544: ACCEPTED IN 30 TRIES, (AVG 540651.4666666667)
[1, 4, 10, 23, 57, 132, 301, 701, 1636, 3923, 8854, 19499]...: 11890962: ACCEPTED IN 22 TRIES, (AVG 540498.2727272727)
[1, 4, 10, 23, 57, 132, 301, 701, 1636, 3923, 8854, 19502]...: 20548714: ACCEPTED IN 38 TRIES, (AVG 540755.6315789474)
[1, 4, 10, 23, 57, 132, 301, 701, 1636, 3923, 8854, 19527]...: 27583321: ACCEPTED IN 51 TRIES, (AVG 540849.431372549)
[1, 4, 10, 23, 57, 132, 301, 701, 1636, 3923, 8854, 19528]...: 15677894: ACCEPTED IN 29 TRIES, (AVG 540617.0344827586)
[1, 4, 10, 23, 57, 132, 301, 701, 1636, 3923, 8854, 19529]...: 12431417: ACCEPTED IN 23 TRIES, (AVG 540496.3913043478)
[1, 4, 10, 23, 57, 132, 301, 701, 1636, 3923, 8854, 19530]...: 9726634: ACCEPTED IN 18 TRIES, (AVG 540368.5555555555)
[1, 4, 10, 23, 57, 132, 301, 701, 1636, 3923, 8854, 19531]...: 20548589: ACCEPTED IN 38 TRIES, (AVG 540752.3421052631)
[1, 4, 10, 23, 57, 132, 301, 701, 1636, 3923, 8854, 19532]...: 12431534: ACCEPTED IN 23 TRIES, (AVG 540501.4782608695)
[1, 4, 10, 23, 57, 132, 301, 701, 1636, 3923, 8854, 19554]...: 11888434: ACCEPTED IN 22 TRIES, (AVG 540383.3636363636)
[1, 4, 10, 23, 57, 132, 301, 701, 1636, 3923, 8854, 19559]...: 20547256: ACCEPTED IN 38 TRIES, (AVG 540717.2631578947)
[1, 4, 10, 23, 57, 132, 301, 701, 1636, 3923, 8854, 19561]...: 11889558: ACCEPTED IN 22 TRIES, (AVG 540434.4545454546)
[1, 4, 10, 23, 57, 132, 301, 701, 1636, 3923, 8854, 19564]...: 12430977: ACCEPTED IN 23 TRIES, (AVG 540477.2608695652)
[1, 4, 10, 23, 57, 132, 301, 701, 1636, 3923, 8854, 19565]...: 7561888: ACCEPTED IN 14 TRIES, (AVG 540134.8571428572)
[1, 4, 10, 23, 57, 132, 301, 701, 1636, 3923, 8854, 19567]...: 8644166: ACCEPTED IN 16 TRIES, (AVG 540260.375)
[1, 4, 10, 23, 57, 132, 301, 701, 1636, 3923, 8854, 19591]...: 8643513: ACCEPTED IN 16 TRIES, (AVG 540219.5625)
[1, 4, 10, 23, 57, 132, 301, 701, 1636, 3923, 8854, 19594]...: 20008008: ACCEPTED IN 37 TRIES, (AVG 540756.972972973)
[1, 4, 10, 23, 57, 132, 301, 701, 1636, 3923, 8854, 19596]...: 9184885: ACCEPTED IN 17 TRIES, (AVG 540287.3529411765)
[1, 4, 10, 23, 57, 132, 301, 701, 1636, 3923, 8854, 19597]...: 7019499: ACCEPTED IN 13 TRIES, (AVG 539961.4615384615)
[1, 4, 10, 23, 57, 132, 301, 701, 1636, 3923, 8854, 19598]...: 10807874: ACCEPTED IN 20 TRIES, (AVG 540393.7)
[1, 4, 10, 23, 57, 132, 301, 701, 1636, 3923, 8854, 19601]...: 20005763: ACCEPTED IN 37 TRIES, (AVG 540696.2972972973)
[1, 4, 10, 23, 57, 132, 301, 701, 1636, 3923, 8854, 19602]...: 10808451: ACCEPTED IN 20 TRIES, (AVG 540422.55)
[1, 4, 10, 23, 57, 132, 301, 701, 1636, 3923, 8854, 19626]...: 15137037: ACCEPTED IN 28 TRIES, (AVG 540608.4642857143)
[1, 4, 10, 23, 57, 132, 301, 701, 1636, 3923, 8854, 19628]...: 11890241: ACCEPTED IN 22 TRIES, (AVG 540465.5)
[1, 4, 10, 23, 57, 132, 301, 701, 1636, 3923, 8854, 19629]...: 9184264: ACCEPTED IN 17 TRIES, (AVG 540250.8235294118)
[1, 4, 10, 23, 57, 132, 301, 701, 1636, 3923, 8854, 19630]...: 11889728: ACCEPTED IN 22 TRIES, (AVG 540442.1818181818)
[1, 4, 10, 23, 57, 132, 301, 701, 1636, 3923, 8854, 19631]...: 18384658: ACCEPTED IN 34 TRIES, (AVG 540725.2352941176)
[1, 4, 10, 23, 57, 132, 301, 701, 1636, 3923, 8854, 19634]...: 11346245: ACCEPTED IN 21 TRIES, (AVG 540297.380952381)
[1, 4, 10, 23, 57, 132, 301, 701, 1636, 3923, 8854, 19660]...: 17300985: ACCEPTED IN 32 TRIES, (AVG 540655.78125)
[1, 4, 10, 23, 57, 132, 301, 701, 1636, 3923, 8854, 19661]...: 12430136: ACCEPTED IN 23 TRIES, (AVG 540440.695652174)
[1, 4, 10, 23, 57, 132, 301, 701, 1636, 3923, 8854, 19662]...: 23253501: ACCEPTED IN 43 TRIES, (AVG 540779.0930232558)
[1, 4, 10, 23, 57, 132, 301, 701, 1636, 3923, 8854, 19663]...: 7020804: ACCEPTED IN 13 TRIES, (AVG 540061.8461538461)
[1, 4, 10, 23, 57, 132, 301, 701, 1636, 3923, 8854, 19664]...: 12973202: ACCEPTED IN 24 TRIES, (AVG 540550.0833333334)
[1, 4, 10, 23, 57, 132, 301, 701, 1636, 3923, 8854, 19693]...: 10267463: ACCEPTED IN 19 TRIES, (AVG 540392.7894736842)
[1, 4, 10, 23, 57, 132, 301, 701, 1636, 3923, 8854, 19696]...: 9185212: ACCEPTED IN 17 TRIES, (AVG 540306.5882352941)
[1, 4, 10, 23, 57, 132, 301, 701, 1636, 3923, 8854, 19697]...: 11349827: ACCEPTED IN 21 TRIES, (AVG 540467.9523809524)
[1, 4, 10, 23, 57, 132, 301, 701, 1636, 3923, 8854, 19699]...: 14595279: ACCEPTED IN 27 TRIES, (AVG 540565.8888888889)
[1, 4, 10, 23, 57, 132, 301, 701, 1636, 3923, 8854, 19700]...: 14055106: ACCEPTED IN 26 TRIES, (AVG 540581.0)
[1, 4, 10, 23, 57, 132, 301, 701, 1636, 3923, 8854, 19701]...: 11891071: ACCEPTED IN 22 TRIES, (AVG 540503.2272727273)
[1, 4, 10, 23, 57, 132, 301, 701, 1636, 3923, 8854, 19728]...: 7562055: ACCEPTED IN 14 TRIES, (AVG 540146.7857142857)
[1, 4, 10, 23, 57, 132, 301, 701, 1636, 3923, 8854, 19729]...: 25958843: ACCEPTED IN 48 TRIES, (AVG 540809.2291666666)
[1, 4, 10, 23, 57, 132, 301, 701, 1636, 3923, 8854, 19730]...: 11349537: ACCEPTED IN 21 TRIES, (AVG 540454.1428571428)
[1, 4, 10, 23, 57, 132, 301, 701, 1636, 3923, 8854, 19733]...: 7019871: ACCEPTED IN 13 TRIES, (AVG 539990.0769230769)
[1, 4, 10, 23, 57, 132, 301, 701, 1636, 3923, 8854, 19734]...: 9184935: ACCEPTED IN 17 TRIES, (AVG 540290.2941176471)
[1, 4, 10, 23, 57, 132, 301, 701, 1636, 3923, 8854, 19736]...: 8102856: ACCEPTED IN 15 TRIES, (AVG 540190.4)
[1, 4, 10, 23, 57, 132, 301, 701, 1636, 3923, 8854, 19760]...: 15677358: ACCEPTED IN 29 TRIES, (AVG 540598.551724138)
[1, 4, 10, 23, 57, 132, 301, 701, 1636, 3923, 8854, 19761]...: 28124960: ACCEPTED IN 52 TRIES, (AVG 540864.6153846154)
[1, 4, 10, 23, 57, 132, 301, 701, 1636, 3923, 8854, 19762]...: 10808580: ACCEPTED IN 20 TRIES, (AVG 540429.0)
[1, 4, 10, 23, 57, 132, 301, 701, 1636, 3923, 8854, 19763]...: 22171303: ACCEPTED IN 41 TRIES, (AVG 540763.487804878)
[1, 4, 10, 23, 57, 132, 301, 701, 1636, 3923, 8854, 19766]...: 8643674: ACCEPTED IN 16 TRIES, (AVG 540229.625)
[1, 4, 10, 23, 57, 132, 301, 701, 1636, 3923, 8854, 19767]...: 11348316: ACCEPTED IN 21 TRIES, (AVG 540396.0)
[1, 4, 10, 23, 57, 132, 301, 701, 1636, 3923, 8854, 19792]...: 14595865: ACCEPTED IN 27 TRIES, (AVG 540587.5925925926)
[1, 4, 10, 23, 57, 132, 301, 701, 1636, 3923, 8854, 19793]...: 12972834: ACCEPTED IN 24 TRIES, (AVG 540534.75)
[1, 4, 10, 23, 57, 132, 301, 701, 1636, 3923, 8854, 19795]...: 18925195: ACCEPTED IN 35 TRIES, (AVG 540719.8571428572)
[1, 4, 10, 23, 57, 132, 301, 701, 1636, 3923, 8854, 19796]...: 12431974: ACCEPTED IN 23 TRIES, (AVG 540520.6086956522)
[1, 4, 10, 23, 57, 132, 301, 701, 1636, 3923, 8854, 19798]...: 27041785: ACCEPTED IN 50 TRIES, (AVG 540835.7)
[1, 4, 10, 23, 57, 132, 301, 701, 1636, 3923, 8854, 19799]...: 10808171: ACCEPTED IN 20 TRIES, (AVG 540408.55)
[1, 4, 10, 23, 57, 132, 301, 701, 1636, 3923, 8854, 19800]...: 11890877: ACCEPTED IN 22 TRIES, (AVG 540494.4090909091)
[1, 4, 10, 23, 57, 132, 301, 701, 1636, 3923, 8854, 19803]...: 9185308: ACCEPTED IN 17 TRIES, (AVG 540312.2352941176)
[1, 4, 10, 23, 57, 132, 301, 701, 1636, 3923, 8854, 19828]...: 15677658: ACCEPTED IN 29 TRIES, (AVG 540608.8965517242)
[1, 4, 10, 23, 57, 132, 301, 701, 1636, 3923, 8854, 19829]...: 12430173: ACCEPTED IN 23 TRIES, (AVG 540442.304347826)
[1, 4, 10, 23, 57, 132, 301, 701, 1636, 3923, 8854, 19830]...: 11348044: ACCEPTED IN 21 TRIES, (AVG 540383.0476190476)
[1, 4, 10, 23, 57, 132, 301, 701, 1636, 3923, 8854, 19831]...: 14595684: ACCEPTED IN 27 TRIES, (AVG 540580.8888888889)
[1, 4, 10, 23, 57, 132, 301, 701, 1636, 3923, 8854, 19832]...: 15137028: ACCEPTED IN 28 TRIES, (AVG 540608.1428571428)
[1, 4, 10, 23, 57, 132, 301, 701, 1636, 3923, 8854, 19833]...: 11349725: ACCEPTED IN 21 TRIES, (AVG 540463.0952380953)
[1, 4, 10, 23, 57, 132, 301, 701, 1636, 3923, 8854, 19835]...: 7020963: ACCEPTED IN 13 TRIES, (AVG 540074.0769230769)
[1, 4, 10, 23, 57, 132, 301, 701, 1636, 3923, 8854, 19860]...: 11888013: ACCEPTED IN 22 TRIES, (AVG 540364.2272727273)
[1, 4, 10, 23, 57, 132, 301, 701, 1636, 3923, 8854, 19862]...: 11349209: ACCEPTED IN 21 TRIES, (AVG 540438.5238095238)
[1, 4, 10, 23, 57, 132, 301, 701, 1636, 3923, 8854, 19865]...: 14055502: ACCEPTED IN 26 TRIES, (AVG 540596.2307692308)
[1, 4, 10, 23, 57, 132, 301, 701, 1636, 3923, 8854, 19866]...: 8644106: ACCEPTED IN 16 TRIES, (AVG 540256.625)
[1, 4, 10, 23, 57, 132, 301, 701, 1636, 3923, 8854, 19868]...: 12972545: ACCEPTED IN 24 TRIES, (AVG 540522.7083333334)
[1, 4, 10, 23, 57, 132, 301, 701, 1636, 3923, 8854, 19892]...: 7019489: ACCEPTED IN 13 TRIES, (AVG 539960.6923076923)
[1, 4, 10, 23, 57, 132, 301, 701, 1636, 3923, 8854, 19894]...: 11349053: ACCEPTED IN 21 TRIES, (AVG 540431.0952380953)
[1, 4, 10, 23, 57, 132, 301, 701, 1636, 3923, 8854, 19895]...: 11887795: ACCEPTED IN 22 TRIES, (AVG 540354.3181818182)
[1, 4, 10, 23, 57, 132, 301, 701, 1636, 3923, 8854, 19897]...: 10807411: ACCEPTED IN 20 TRIES, (AVG 540370.55)
[1, 4, 10, 23, 57, 132, 301, 701, 1636, 3923, 8854, 19898]...: 12973308: ACCEPTED IN 24 TRIES, (AVG 540554.5)
[1, 4, 10, 23, 57, 132, 301, 701, 1636, 3923, 8854, 19899]...: 9185159: ACCEPTED IN 17 TRIES, (AVG 540303.4705882353)
[1, 4, 10, 23, 57, 132, 301, 701, 1636, 3923, 8854, 19903]...: 7562106: ACCEPTED IN 14 TRIES, (AVG 540150.4285714285)
[1, 4, 10, 23, 57, 132, 301, 701, 1636, 3923, 8854, 19927]...: 7020295: ACCEPTED IN 13 TRIES, (AVG 540022.6923076923)
[1, 4, 10, 23, 57, 132, 301, 701, 1636, 3923, 8854, 19929]...: 11347808: ACCEPTED IN 21 TRIES, (AVG 540371.8095238095)
[1, 4, 10, 23, 57, 132, 301, 701, 1636, 3923, 8854, 19930]...: 15676874: ACCEPTED IN 29 TRIES, (AVG 540581.8620689656)
[1, 4, 10, 23, 57, 132, 301, 701, 1636, 3923, 8854, 19931]...: 10265615: ACCEPTED IN 19 TRIES, (AVG 540295.5263157894)
[1, 4, 10, 23, 57, 132, 301, 701, 1636, 3923, 8854, 19932]...: 15137274: ACCEPTED IN 28 TRIES, (AVG 540616.9285714285)
[1, 4, 10, 23, 57, 132, 301, 701, 1636, 3923, 8854, 19935]...: 7561246: ACCEPTED IN 14 TRIES, (AVG 540089.0)
[1, 4, 10, 23, 57, 132, 301, 701, 1636, 3923, 8854, 19961]...: 8642224: ACCEPTED IN 16 TRIES, (AVG 540139.0)
[1, 4, 10, 23, 57, 132, 301, 701, 1636, 3923, 8854, 19962]...: 14595698: ACCEPTED IN 27 TRIES, (AVG 540581.4074074074)
[1, 4, 10, 23, 57, 132, 301, 701, 1636, 3923, 8854, 19963]...: 11349465: ACCEPTED IN 21 TRIES, (AVG 540450.7142857143)
[1, 4, 10, 23, 57, 132, 301, 701, 1636, 3923, 8854, 19964]...: 15678222: ACCEPTED IN 29 TRIES, (AVG 540628.3448275862)
[1, 4, 10, 23, 57, 132, 301, 701, 1636, 3923, 8854, 19965]...: 9185468: ACCEPTED IN 17 TRIES, (AVG 540321.6470588235)
[1, 4, 10, 23, 57, 132, 301, 701, 1636, 3923, 8854, 19967]...: 9183805: ACCEPTED IN 17 TRIES, (AVG 540223.8235294118)
[1, 4, 10, 23, 57, 132, 301, 701, 1636, 3923, 8854, 19994]...: 11347363: ACCEPTED IN 21 TRIES, (AVG 540350.619047619)
[1, 4, 10, 23, 57, 132, 301, 701, 1636, 3923, 8854, 19996]...: 12432306: ACCEPTED IN 23 TRIES, (AVG 540535.0434782609)
[1, 4, 10, 23, 57, 132, 301, 701, 1636, 3923, 8854, 19997]...: 12431128: ACCEPTED IN 23 TRIES, (AVG 540483.8260869565)
[1, 4, 10, 23, 57, 132, 301, 701, 1636, 3923, 8854, 19998]...: 15137284: ACCEPTED IN 28 TRIES, (AVG 540617.2857142857)
[1, 4, 10, 23, 57, 132, 301, 701, 1636, 3923, 8854, 20000]...: 10266786: ACCEPTED IN 19 TRIES, (AVG 540357.1578947369)
[1, 4, 10, 23, 57, 132, 301, 701, 1636, 3923, 8854, 20001]...: 7020176: ACCEPTED IN 13 TRIES, (AVG 540013.5384615385)
[1, 4, 10, 23, 57, 132, 301, 701, 1636, 3923, 8854, 20002]...: 8102227: ACCEPTED IN 15 TRIES, (AVG 540148.4666666667)
[1, 4, 10, 23, 57, 132, 301, 701, 1636, 3923, 8854, 20026]...: 5397500: ACCEPTED IN 10 TRIES, (AVG 539750.0)
[1, 4, 10, 23, 57, 132, 301, 701, 1636, 3923, 8854, 20029]...: 11349998: ACCEPTED IN 21 TRIES, (AVG 540476.0952380953)
[1, 4, 10, 23, 57, 132, 301, 701, 1636, 3923, 8854, 20030]...: 6479448: ACCEPTED IN 12 TRIES, (AVG 539954.0)
[1, 4, 10, 23, 57, 132, 301, 701, 1636, 3923, 8854, 20031]...: 8644245: ACCEPTED IN 16 TRIES, (AVG 540265.3125)
[1, 4, 10, 23, 57, 132, 301, 701, 1636, 3923, 8854, 20034]...: 9185090: ACCEPTED IN 17 TRIES, (AVG 540299.4117647059)
[1, 4, 10, 23, 57, 132, 301, 701, 1636, 3923, 8854, 20035]...: 12429799: ACCEPTED IN 23 TRIES, (AVG 540426.0434782609)
[1, 4, 10, 23, 57, 132, 301, 701, 1636, 3923, 8854, 20037]...: 12430399: ACCEPTED IN 23 TRIES, (AVG 540452.1304347826)
[1, 4, 10, 23, 57, 132, 301, 701, 1636, 3923, 8854, 20061]...: 14595523: ACCEPTED IN 27 TRIES, (AVG 540574.925925926)
[1, 4, 10, 23, 57, 132, 301, 701, 1636, 3923, 8854, 20062]...: 9185362: ACCEPTED IN 17 TRIES, (AVG 540315.4117647059)
[1, 4, 10, 23, 57, 132, 301, 701, 1636, 3923, 8854, 20063]...: 19467087: ACCEPTED IN 36 TRIES, (AVG 540752.4166666666)
[1, 4, 10, 23, 57, 132, 301, 701, 1636, 3923, 8854, 20064]...: 12972444: ACCEPTED IN 24 TRIES, (AVG 540518.5)
[1, 4, 10, 23, 57, 132, 301, 701, 1636, 3923, 8854, 20067]...: 12428992: ACCEPTED IN 23 TRIES, (AVG 540390.9565217391)
[1, 4, 10, 23, 57, 132, 301, 701, 1636, 3923, 8854, 20068]...: 20546869: ACCEPTED IN 38 TRIES, (AVG 540707.0789473684)
[1, 4, 10, 23, 57, 132, 301, 701, 1636, 3923, 8854, 20093]...: 6478406: ACCEPTED IN 12 TRIES, (AVG 539867.1666666666)
[1, 4, 10, 23, 57, 132, 301, 701, 1636, 3923, 8854, 20094]...: 6478847: ACCEPTED IN 12 TRIES, (AVG 539903.9166666666)
[1, 4, 10, 23, 57, 132, 301, 701, 1636, 3923, 8854, 20096]...: 12430367: ACCEPTED IN 23 TRIES, (AVG 540450.7391304348)
[1, 4, 10, 23, 57, 132, 301, 701, 1636, 3923, 8854, 20097]...: 12431572: ACCEPTED IN 23 TRIES, (AVG 540503.1304347826)
[1, 4, 10, 23, 57, 132, 301, 701, 1636, 3923, 8854, 20099]...: 11349245: ACCEPTED IN 21 TRIES, (AVG 540440.2380952381)
[1, 4, 10, 23, 57, 132, 301, 701, 1636, 3923, 8854, 20100]...: 12428515: ACCEPTED IN 23 TRIES, (AVG 540370.2173913043)
[1, 4, 10, 23, 57, 132, 301, 701, 1636, 3923, 8854, 20101]...: 8100840: ACCEPTED IN 15 TRIES, (AVG 540056.0)
[1, 4, 10, 23, 57, 132, 301, 701, 1636, 3923, 8854, 20128]...: 15677966: ACCEPTED IN 29 TRIES, (AVG 540619.5172413794)
[1, 4, 10, 23, 57, 132, 301, 701, 1636, 3923, 8854, 20129]...: 9725984: ACCEPTED IN 18 TRIES, (AVG 540332.4444444445)
[1, 4, 10, 23, 57, 132, 301, 701, 1636, 3923, 8854, 20130]...: 9182982: ACCEPTED IN 17 TRIES, (AVG 540175.4117647059)
[1, 4, 10, 23, 57, 132, 301, 701, 1636, 3923, 8854, 20131]...: 11886528: ACCEPTED IN 22 TRIES, (AVG 540296.7272727273)
[1, 4, 10, 23, 57, 132, 301, 701, 1636, 3923, 8854, 20132]...: 15676404: ACCEPTED IN 29 TRIES, (AVG 540565.6551724138)
[1, 4, 10, 23, 57, 132, 301, 701, 1636, 3923, 8854, 20133]...: 12432037: ACCEPTED IN 23 TRIES, (AVG 540523.3478260869)
[1, 4, 10, 23, 57, 132, 301, 701, 1636, 3923, 8854, 20134]...: 9184717: ACCEPTED IN 17 TRIES, (AVG 540277.4705882353)
[1, 4, 10, 23, 57, 132, 301, 701, 1636, 3923, 8854, 20136]...: 12431547: ACCEPTED IN 23 TRIES, (AVG 540502.0434782609)
[1, 4, 10, 23, 57, 132, 301, 701, 1636, 3923, 8854, 20161]...: 9726317: ACCEPTED IN 18 TRIES, (AVG 540350.9444444445)
[1, 4, 10, 23, 57, 132, 301, 701, 1636, 3923, 8854, 20163]...: 10808428: ACCEPTED IN 20 TRIES, (AVG 540421.4)
[1, 4, 10, 23, 57, 132, 301, 701, 1636, 3923, 8854, 20166]...: 11890506: ACCEPTED IN 22 TRIES, (AVG 540477.5454545454)
[1, 4, 10, 23, 57, 132, 301, 701, 1636, 3923, 8854, 20167]...: 9185485: ACCEPTED IN 17 TRIES, (AVG 540322.6470588235)
[1, 4, 10, 23, 57, 132, 301, 701, 1636, 3923, 8854, 20169]...: 9185174: ACCEPTED IN 17 TRIES, (AVG 540304.3529411765)
[1, 4, 10, 23, 57, 132, 301, 701, 1636, 3923, 8854, 20193]...: 15136290: ACCEPTED IN 28 TRIES, (AVG 540581.7857142857)
[1, 4, 10, 23, 57, 132, 301, 701, 1636, 3923, 8854, 20195]...: 8103143: ACCEPTED IN 15 TRIES, (AVG 540209.5333333333)
[1, 4, 10, 23, 57, 132, 301, 701, 1636, 3923, 8854, 20196]...: 7562064: ACCEPTED IN 14 TRIES, (AVG 540147.4285714285)
[1, 4, 10, 23, 57, 132, 301, 701, 1636, 3923, 8854, 20198]...: 11890896: ACCEPTED IN 22 TRIES, (AVG 540495.2727272727)
[1, 4, 10, 23, 57, 132, 301, 701, 1636, 3923, 8854, 20199]...: 11890438: ACCEPTED IN 22 TRIES, (AVG 540474.4545454546)
[1, 4, 10, 23, 57, 132, 301, 701, 1636, 3923, 8854, 20200]...: 8102354: ACCEPTED IN 15 TRIES, (AVG 540156.9333333333)
[1, 4, 10, 23, 57, 132, 301, 701, 1636, 3923, 8854, 20204]...: 9183891: ACCEPTED IN 17 TRIES, (AVG 540228.8823529412)
[1, 4, 10, 23, 57, 132, 301, 701, 1636, 3923, 8854, 20228]...: 11891042: ACCEPTED IN 22 TRIES, (AVG 540501.9090909091)
[1, 4, 10, 23, 57, 132, 301, 701, 1636, 3923, 8854, 20229]...: 11888938: ACCEPTED IN 22 TRIES, (AVG 540406.2727272727)
[1, 4, 10, 23, 57, 132, 301, 701, 1636, 3923, 8854, 20230]...: 9185203: ACCEPTED IN 17 TRIES, (AVG 540306.0588235294)
[1, 4, 10, 23, 57, 132, 301, 701, 1636, 3923, 8854, 20231]...: 11347029: ACCEPTED IN 21 TRIES, (AVG 540334.7142857143)
[1, 4, 10, 23, 57, 132, 301, 701, 1636, 3923, 8854, 20232]...: 8644108: ACCEPTED IN 16 TRIES, (AVG 540256.75)
[1, 4, 10, 23, 57, 132, 301, 701, 1636, 3923, 8854, 20233]...: 12973293: ACCEPTED IN 24 TRIES, (AVG 540553.875)
[1, 4, 10, 23, 57, 132, 301, 701, 1636, 3923, 8854, 20260]...: 6479370: ACCEPTED IN 12 TRIES, (AVG 539947.5)
[1, 4, 10, 23, 57, 132, 301, 701, 1636, 3923, 8854, 20262]...: 9184144: ACCEPTED IN 17 TRIES, (AVG 540243.7647058824)
[1, 4, 10, 23, 57, 132, 301, 701, 1636, 3923, 8854, 20263]...: 13513736: ACCEPTED IN 25 TRIES, (AVG 540549.44)
[1, 4, 10, 23, 57, 132, 301, 701, 1636, 3923, 8854, 20264]...: 15134494: ACCEPTED IN 28 TRIES, (AVG 540517.6428571428)
[1, 4, 10, 23, 57, 132, 301, 701, 1636, 3923, 8854, 20265]...: 8102313: ACCEPTED IN 15 TRIES, (AVG 540154.2)
[1, 4, 10, 23, 57, 132, 301, 701, 1636, 3923, 8854, 20266]...: 8102891: ACCEPTED IN 15 TRIES, (AVG 540192.7333333333)
[1, 4, 10, 23, 57, 132, 301, 701, 1636, 3923, 8854, 20268]...: 8102187: ACCEPTED IN 15 TRIES, (AVG 540145.8)
[1, 4, 10, 23, 57, 132, 301, 701, 1636, 3923, 8854, 20295]...: 14595612: ACCEPTED IN 27 TRIES, (AVG 540578.2222222222)
[1, 4, 10, 23, 57, 132, 301, 701, 1636, 3923, 8854, 20297]...: 9182866: ACCEPTED IN 17 TRIES, (AVG 540168.5882352941)
[1, 4, 10, 23, 57, 132, 301, 701, 1636, 3923, 8854, 20298]...: 12431925: ACCEPTED IN 23 TRIES, (AVG 540518.4782608695)
[1, 4, 10, 23, 57, 132, 301, 701, 1636, 3923, 8854, 20299]...: 7561073: ACCEPTED IN 14 TRIES, (AVG 540076.6428571428)
[1, 4, 10, 23, 57, 132, 301, 701, 1636, 3923, 8854, 20301]...: 10265037: ACCEPTED IN 19 TRIES, (AVG 540265.1052631579)
[1, 4, 10, 23, 57, 132, 301, 701, 1636, 3923, 8854, 20302]...: 12430015: ACCEPTED IN 23 TRIES, (AVG 540435.4347826086)
[1, 4, 10, 23, 57, 132, 301, 701, 1636, 3923, 8854, 20303]...: 11890396: ACCEPTED IN 22 TRIES, (AVG 540472.5454545454)
[1, 4, 10, 23, 57, 132, 301, 701, 1636, 3923, 8854, 20327]...: 9726588: ACCEPTED IN 18 TRIES, (AVG 540366.0)
[1, 4, 10, 23, 57, 132, 301, 701, 1636, 3923, 8854, 20330]...: 15137216: ACCEPTED IN 28 TRIES, (AVG 540614.8571428572)
[1, 4, 10, 23, 57, 132, 301, 701, 1636, 3923, 8854, 20331]...: 8642751: ACCEPTED IN 16 TRIES, (AVG 540171.9375)
[1, 4, 10, 23, 57, 132, 301, 701, 1636, 3923, 8854, 20332]...: 9185348: ACCEPTED IN 17 TRIES, (AVG 540314.5882352941)
[1, 4, 10, 23, 57, 132, 301, 701, 1636, 3923, 8854, 20335]...: 9183282: ACCEPTED IN 17 TRIES, (AVG 540193.0588235294)
[1, 4, 10, 23, 57, 132, 301, 701, 1636, 3923, 8854, 20336]...: 9184601: ACCEPTED IN 17 TRIES, (AVG 540270.6470588235)
[1, 4, 10, 23, 57, 132, 301, 701, 1636, 3923, 8854, 20361]...: 12429341: ACCEPTED IN 23 TRIES, (AVG 540406.1304347826)
[1, 4, 10, 23, 57, 132, 301, 701, 1636, 3923, 8854, 20362]...: 7019955: ACCEPTED IN 13 TRIES, (AVG 539996.5384615385)
[1, 4, 10, 23, 57, 132, 301, 701, 1636, 3923, 8854, 20363]...: 14596314: ACCEPTED IN 27 TRIES, (AVG 540604.2222222222)
[1, 4, 10, 23, 57, 132, 301, 701, 1636, 3923, 8854, 20364]...: 12429641: ACCEPTED IN 23 TRIES, (AVG 540419.1739130435)
[1, 4, 10, 23, 57, 132, 301, 701, 1636, 3923, 8854, 20365]...: 10267794: ACCEPTED IN 19 TRIES, (AVG 540410.2105263158)
[1, 4, 10, 23, 57, 132, 301, 701, 1636, 3923, 8854, 20394]...: 12428134: ACCEPTED IN 23 TRIES, (AVG 540353.6521739131)
[1, 4, 10, 23, 57, 132, 301, 701, 1636, 3923, 8854, 20395]...: 8102131: ACCEPTED IN 15 TRIES, (AVG 540142.0666666667)
[1, 4, 10, 23, 57, 132, 301, 701, 1636, 3923, 8854, 20397]...: 10807963: ACCEPTED IN 20 TRIES, (AVG 540398.15)
[1, 4, 10, 23, 57, 132, 301, 701, 1636, 3923, 8854, 20398]...: 12429701: ACCEPTED IN 23 TRIES, (AVG 540421.7826086957)
[1, 4, 10, 23, 57, 132, 301, 701, 1636, 3923, 8854, 20400]...: 7561013: ACCEPTED IN 14 TRIES, (AVG 540072.3571428572)
[1, 4, 10, 23, 57, 132, 301, 701, 1636, 3923, 8854, 20401]...: 9184263: ACCEPTED IN 17 TRIES, (AVG 540250.7647058824)
[1, 4, 10, 23, 57, 132, 301, 701, 1636, 3923, 8854, 20402]...: 11890325: ACCEPTED IN 22 TRIES, (AVG 540469.3181818182)
[1, 4, 10, 23, 57, 132, 301, 701, 1636, 3923, 8854, 20429]...: 10267748: ACCEPTED IN 19 TRIES, (AVG 540407.7894736842)
[1, 4, 10, 23, 57, 132, 301, 701, 1636, 3923, 8854, 20430]...: 9185505: ACCEPTED IN 17 TRIES, (AVG 540323.8235294118)
[1, 4, 10, 23, 57, 132, 301, 701, 1636, 3923, 8854, 20431]...: 8102247: ACCEPTED IN 15 TRIES, (AVG 540149.8)
[1, 4, 10, 23, 57, 132, 301, 701, 1636, 3923, 8854, 20432]...: 11348318: ACCEPTED IN 21 TRIES, (AVG 540396.0952380953)
[1, 4, 10, 23, 57, 132, 301, 701, 1636, 3923, 8854, 20433]...: 12972202: ACCEPTED IN 24 TRIES, (AVG 540508.4166666666)
[1, 4, 10, 23, 57, 132, 301, 701, 1636, 3923, 8854, 20434]...: 8102651: ACCEPTED IN 15 TRIES, (AVG 540176.7333333333)
[1, 4, 10, 23, 57, 132, 301, 701, 1636, 3923, 8854, 20435]...: 10265082: ACCEPTED IN 19 TRIES, (AVG 540267.4736842106)
[1, 4, 10, 23, 57, 132, 301, 701, 1636, 3923, 8854, 20437]...: 8102780: ACCEPTED IN 15 TRIES, (AVG 540185.3333333334)
[1, 4, 10, 23, 57, 132, 301, 701, 1636, 3923, 8854, 20462]...: 19466888: ACCEPTED IN 36 TRIES, (AVG 540746.8888888889)
[1, 4, 10, 23, 57, 132, 301, 701, 1636, 3923, 8854, 20463]...: 8102421: ACCEPTED IN 15 TRIES, (AVG 540161.4)
[1, 4, 10, 23, 57, 132, 301, 701, 1636, 3923, 8854, 20464]...: 10265359: ACCEPTED IN 19 TRIES, (AVG 540282.052631579)
[1, 4, 10, 23, 57, 132, 301, 701, 1636, 3923, 8854, 20467]...: 8644351: ACCEPTED IN 16 TRIES, (AVG 540271.9375)
[1, 4, 10, 23, 57, 132, 301, 701, 1636, 3923, 8854, 20468]...: 11890648: ACCEPTED IN 22 TRIES, (AVG 540484.0)
[1, 4, 10, 23, 57, 132, 301, 701, 1636, 3923, 8854, 20493]...: 8643006: ACCEPTED IN 16 TRIES, (AVG 540187.875)
[1, 4, 10, 23, 57, 132, 301, 701, 1636, 3923, 8854, 20494]...: 7019940: ACCEPTED IN 13 TRIES, (AVG 539995.3846153846)
[1, 4, 10, 23, 57, 132, 301, 701, 1636, 3923, 8854, 20496]...: 9185392: ACCEPTED IN 17 TRIES, (AVG 540317.1764705882)
[1, 4, 10, 23, 57, 132, 301, 701, 1636, 3923, 8854, 20497]...: 11889665: ACCEPTED IN 22 TRIES, (AVG 540439.3181818182)
[1, 4, 10, 23, 57, 132, 301, 701, 1636, 3923, 8854, 20499]...: 11889212: ACCEPTED IN 22 TRIES, (AVG 540418.7272727273)
[1, 4, 10, 23, 57, 132, 301, 701, 1636, 3923, 8854, 20500]...: 11349834: ACCEPTED IN 21 TRIES, (AVG 540468.2857142857)
[1, 4, 10, 23, 57, 132, 301, 701, 1636, 3923, 8854, 20501]...: 9725521: ACCEPTED IN 18 TRIES, (AVG 540306.7222222222)
[1, 4, 10, 23, 57, 132, 301, 701, 1636, 3923, 8854, 20505]...: 7561710: ACCEPTED IN 14 TRIES, (AVG 540122.1428571428)
[1, 4, 10, 23, 57, 132, 301, 701, 1636, 3923, 8854, 20529]...: 8103241: ACCEPTED IN 15 TRIES, (AVG 540216.0666666667)
[1, 4, 10, 23, 57, 132, 301, 701, 1636, 3923, 8854, 20530]...: 7561256: ACCEPTED IN 14 TRIES, (AVG 540089.7142857143)
[1, 4, 10, 23, 57, 132, 301, 701, 1636, 3923, 8854, 20531]...: 12429786: ACCEPTED IN 23 TRIES, (AVG 540425.4782608695)
[1, 4, 10, 23, 57, 132, 301, 701, 1636, 3923, 8854, 20532]...: 8102446: ACCEPTED IN 15 TRIES, (AVG 540163.0666666667)
[1, 4, 10, 23, 57, 132, 301, 701, 1636, 3923, 8854, 20533]...: 10808853: ACCEPTED IN 20 TRIES, (AVG 540442.65)
[1, 4, 10, 23, 57, 132, 301, 701, 1636, 3923, 8854, 20534]...: 12432338: ACCEPTED IN 23 TRIES, (AVG 540536.4347826086)
[1, 4, 10, 23, 57, 132, 301, 701, 1636, 3923, 8854, 20536]...: 10807541: ACCEPTED IN 20 TRIES, (AVG 540377.05)
[1, 4, 10, 23, 57, 132, 301, 701, 1636, 3923, 8854, 20561]...: 10265553: ACCEPTED IN 19 TRIES, (AVG 540292.2631578947)
[1, 4, 10, 23, 57, 132, 301, 701, 1636, 3923, 8854, 20563]...: 11349890: ACCEPTED IN 21 TRIES, (AVG 540470.9523809524)
[1, 4, 10, 23, 57, 132, 301, 701, 1636, 3923, 8854, 20564]...: 12972054: ACCEPTED IN 24 TRIES, (AVG 540502.25)
[1, 4, 10, 23, 57, 132, 301, 701, 1636, 3923, 8854, 20565]...: 12430400: ACCEPTED IN 23 TRIES, (AVG 540452.1739130435)
[1, 4, 10, 23, 57, 132, 301, 701, 1636, 3923, 8854, 20566]...: 8102783: ACCEPTED IN 15 TRIES, (AVG 540185.5333333333)
[1, 4, 10, 23, 57, 132, 301, 701, 1636, 3923, 8854, 20567]...: 9185474: ACCEPTED IN 17 TRIES, (AVG 540322.0)
[1, 4, 10, 23, 57, 132, 301, 701, 1636, 3923, 8854, 20569]...: 8101315: ACCEPTED IN 15 TRIES, (AVG 540087.6666666666)
[1, 4, 10, 23, 57, 132, 301, 701, 1636, 3923, 8854, 20595]...: 10267183: ACCEPTED IN 19 TRIES, (AVG 540378.052631579)
[1, 4, 10, 23, 57, 132, 301, 701, 1636, 3923, 8854, 20596]...: 8644296: ACCEPTED IN 16 TRIES, (AVG 540268.5)
[1, 4, 10, 23, 57, 132, 301, 701, 1636, 3923, 8854, 20598]...: 10808062: ACCEPTED IN 20 TRIES, (AVG 540403.1)
[1, 4, 10, 23, 57, 132, 301, 701, 1636, 3923, 8854, 20599]...: 5938374: ACCEPTED IN 11 TRIES, (AVG 539852.1818181818)
[1, 4, 10, 23, 57, 132, 301, 701, 1636, 3923, 8854, 20600]...: 9185423: ACCEPTED IN 17 TRIES, (AVG 540319.0)
[1, 4, 10, 23, 57, 132, 301, 701, 1636, 3923, 8854, 20604]...: 8644273: ACCEPTED IN 16 TRIES, (AVG 540267.0625)
[1, 4, 10, 23, 57, 132, 301, 701, 1636, 3923, 8854, 20628]...: 8101764: ACCEPTED IN 15 TRIES, (AVG 540117.6)
[1, 4, 10, 23, 57, 132, 301, 701, 1636, 3923, 8854, 20631]...: 12428638: ACCEPTED IN 23 TRIES, (AVG 540375.5652173914)
[1, 4, 10, 23, 57, 132, 301, 701, 1636, 3923, 8854, 20632]...: 10267081: ACCEPTED IN 19 TRIES, (AVG 540372.6842105263)
[1, 4, 10, 23, 57, 132, 301, 701, 1636, 3923, 8854, 20633]...: 16220238: ACCEPTED IN 30 TRIES, (AVG 540674.6)
[1, 4, 10, 23, 57, 132, 301, 701, 1636, 3923, 8854, 20636]...: 8101065: ACCEPTED IN 15 TRIES, (AVG 540071.0)
[1, 4, 10, 23, 57, 132, 301, 701, 1636, 3923, 8854, 20637]...: 7020387: ACCEPTED IN 13 TRIES, (AVG 540029.7692307692)
[1, 4, 10, 23, 57, 132, 301, 701, 1636, 3923, 8854, 20662]...: 6479201: ACCEPTED IN 12 TRIES, (AVG 539933.4166666666)
[1, 4, 10, 23, 57, 132, 301, 701, 1636, 3923, 8854, 20663]...: 6478892: ACCEPTED IN 12 TRIES, (AVG 539907.6666666666)
[1, 4, 10, 23, 57, 132, 301, 701, 1636, 3923, 8854, 20664]...: 11348754: ACCEPTED IN 21 TRIES, (AVG 540416.8571428572)
[1, 4, 10, 23, 57, 132, 301, 701, 1636, 3923, 8854, 20665]...: 11890791: ACCEPTED IN 22 TRIES, (AVG 540490.5)
[1, 4, 10, 23, 57, 132, 301, 701, 1636, 3923, 8854, 20666]...: 7018453: ACCEPTED IN 13 TRIES, (AVG 539881.0)
[1, 4, 10, 23, 57, 132, 301, 701, 1636, 3923, 8854, 20668]...: 11349131: ACCEPTED IN 21 TRIES, (AVG 540434.8095238095)
[1, 4, 10, 23, 57, 132, 301, 701, 1636, 3923, 8854, 20695]...: 8101044: ACCEPTED IN 15 TRIES, (AVG 540069.6)
[1, 4, 10, 23, 57, 132, 301, 701, 1636, 3923, 8854, 20696]...: 9184944: ACCEPTED IN 17 TRIES, (AVG 540290.8235294118)
[1, 4, 10, 23, 57, 132, 301, 701, 1636, 3923, 8854, 20697]...: 12430755: ACCEPTED IN 23 TRIES, (AVG 540467.6086956522)
[1, 4, 10, 23, 57, 132, 301, 701, 1636, 3923, 8854, 20698]...: 8643726: ACCEPTED IN 16 TRIES, (AVG 540232.875)
[1, 4, 10, 23, 57, 132, 301, 701, 1636, 3923, 8854, 20699]...: 11348221: ACCEPTED IN 21 TRIES, (AVG 540391.4761904762)
[1, 4, 10, 23, 57, 132, 301, 701, 1636, 3923, 8854, 20701]...: 11348190: ACCEPTED IN 21 TRIES, (AVG 540390.0)
[1, 4, 10, 23, 57, 132, 301, 701, 1636, 3923, 8854, 20702]...: 7562009: ACCEPTED IN 14 TRIES, (AVG 540143.5)
[1, 4, 10, 23, 57, 132, 301, 701, 1636, 3923, 8854, 20703]...: 5937193: ACCEPTED IN 11 TRIES, (AVG 539744.8181818182)
[1, 4, 10, 23, 57, 132, 301, 701, 1636, 3923, 8854, 20727]...: 9183097: ACCEPTED IN 17 TRIES, (AVG 540182.1764705882)
[1, 4, 10, 23, 57, 132, 301, 701, 1636, 3923, 8854, 20730]...: 8101193: ACCEPTED IN 15 TRIES, (AVG 540079.5333333333)
[1, 4, 10, 23, 57, 132, 301, 701, 1636, 3923, 8854, 20731]...: 6479349: ACCEPTED IN 12 TRIES, (AVG 539945.75)
[1, 4, 10, 23, 57, 132, 301, 701, 1636, 3923, 8854, 20732]...: 4855079: ACCEPTED IN 9 TRIES, (AVG 539453.2222222222)
[1, 4, 10, 23, 57, 132, 301, 701, 1636, 3923, 8854, 20733]...: 7560448: ACCEPTED IN 14 TRIES, (AVG 540032.0)
[1, 4, 10, 23, 57, 132, 301, 701, 1636, 3923, 8854, 20734]...: 9725755: ACCEPTED IN 18 TRIES, (AVG 540319.7222222222)
[1, 4, 10, 23, 57, 132, 301, 701, 1636, 3923, 8854, 20735]...: 8644115: ACCEPTED IN 16 TRIES, (AVG 540257.1875)
[1, 4, 10, 23, 57, 132, 301, 701, 1636, 3923, 8854, 20736]...: 12429752: ACCEPTED IN 23 TRIES, (AVG 540424.0)
[1, 4, 10, 23, 57, 132, 301, 701, 1636, 3923, 8854, 20738]...: 7020797: ACCEPTED IN 13 TRIES, (AVG 540061.3076923077)
[1, 4, 10, 23, 57, 132, 301, 701, 1636, 3923, 8854, 20763]...: 18923236: ACCEPTED IN 35 TRIES, (AVG 540663.8857142857)
[1, 4, 10, 23, 57, 132, 301, 701, 1636, 3923, 8854, 20764]...: 10807315: ACCEPTED IN 20 TRIES, (AVG 540365.75)
[1, 4, 10, 23, 57, 132, 301, 701, 1636, 3923, 8854, 20765]...: 7561977: ACCEPTED IN 14 TRIES, (AVG 540141.2142857143)
[1, 4, 10, 23, 57, 132, 301, 701, 1636, 3923, 8854, 20768]...: 8102200: ACCEPTED IN 15 TRIES, (AVG 540146.6666666666)
[1, 4, 10, 23, 57, 132, 301, 701, 1636, 3923, 8854, 20769]...: 7020970: ACCEPTED IN 13 TRIES, (AVG 540074.6153846154)
[1, 4, 10, 23, 57, 132, 301, 701, 1636, 3923, 8854, 20770]...: 7018429: ACCEPTED IN 13 TRIES, (AVG 539879.1538461539)
[1, 4, 10, 23, 57, 132, 301, 701, 1636, 3923, 8854, 20794]...: 10807319: ACCEPTED IN 20 TRIES, (AVG 540365.95)
[1, 4, 10, 23, 57, 132, 301, 701, 1636, 3923, 8854, 20795]...: 12432166: ACCEPTED IN 23 TRIES, (AVG 540528.9565217391)
[1, 4, 10, 23, 57, 132, 301, 701, 1636, 3923, 8854, 20797]...: 11349432: ACCEPTED IN 21 TRIES, (AVG 540449.1428571428)
[1, 4, 10, 23, 57, 132, 301, 701, 1636, 3923, 8854, 20798]...: 10807945: ACCEPTED IN 20 TRIES, (AVG 540397.25)
[1, 4, 10, 23, 57, 132, 301, 701, 1636, 3923, 8854, 20800]...: 9184699: ACCEPTED IN 17 TRIES, (AVG 540276.4117647059)
[1, 4, 10, 23, 57, 132, 301, 701, 1636, 3923, 8854, 20801]...: 7562000: ACCEPTED IN 14 TRIES, (AVG 540142.8571428572)
[1, 4, 10, 23, 57, 132, 301, 701, 1636, 3923, 8854, 20802]...: 6479843: ACCEPTED IN 12 TRIES, (AVG 539986.9166666666)
[1, 4, 10, 23, 57, 132, 301, 701, 1636, 3923, 8854, 20829]...: 11890003: ACCEPTED IN 22 TRIES, (AVG 540454.6818181818)
[1, 4, 10, 23, 57, 132, 301, 701, 1636, 3923, 8854, 20830]...: 8099396: ACCEPTED IN 15 TRIES, (AVG 539959.7333333333)
[1, 4, 10, 23, 57, 132, 301, 701, 1636, 3923, 8854, 20831]...: 7019195: ACCEPTED IN 13 TRIES, (AVG 539938.0769230769)
[1, 4, 10, 23, 57, 132, 301, 701, 1636, 3923, 8854, 20832]...: 11348599: ACCEPTED IN 21 TRIES, (AVG 540409.4761904762)
[1, 4, 10, 23, 57, 132, 301, 701, 1636, 3923, 8854, 20833]...: 10264907: ACCEPTED IN 19 TRIES, (AVG 540258.2631578947)
[1, 4, 10, 23, 57, 132, 301, 701, 1636, 3923, 8854, 20834]...: 7020473: ACCEPTED IN 13 TRIES, (AVG 540036.3846153846)
[1, 4, 10, 23, 57, 132, 301, 701, 1636, 3923, 8854, 20835]...: 7019113: ACCEPTED IN 13 TRIES, (AVG 539931.7692307692)
[1, 4, 10, 23, 57, 132, 301, 701, 1636, 3923, 8854, 20837]...: 12429490: ACCEPTED IN 23 TRIES, (AVG 540412.6086956522)
[1, 4, 10, 23, 57, 132, 301, 701, 1636, 3923, 8854, 20862]...: 22171205: ACCEPTED IN 41 TRIES, (AVG 540761.0975609756)
[1, 4, 10, 23, 57, 132, 301, 701, 1636, 3923, 8854, 20864]...: 13514511: ACCEPTED IN 25 TRIES, (AVG 540580.44)
[1, 4, 10, 23, 57, 132, 301, 701, 1636, 3923, 8854, 20865]...: 11890940: ACCEPTED IN 22 TRIES, (AVG 540497.2727272727)
[1, 4, 10, 23, 57, 132, 301, 701, 1636, 3923, 8854, 20866]...: 12430424: ACCEPTED IN 23 TRIES, (AVG 540453.2173913043)
[1, 4, 10, 23, 57, 132, 301, 701, 1636, 3923, 8854, 20867]...: 15136767: ACCEPTED IN 28 TRIES, (AVG 540598.8214285715)
[1, 4, 10, 23, 57, 132, 301, 701, 1636, 3923, 8854, 20868]...: 6479743: ACCEPTED IN 12 TRIES, (AVG 539978.5833333334)
[1, 4, 10, 23, 57, 132, 301, 701, 1636, 3923, 8854, 20870]...: 4855192: ACCEPTED IN 9 TRIES, (AVG 539465.7777777778)
[1, 4, 10, 23, 57, 132, 301, 701, 1636, 3923, 8854, 20896]...: 9184831: ACCEPTED IN 17 TRIES, (AVG 540284.1764705882)
[1, 4, 10, 23, 57, 132, 301, 701, 1636, 3923, 8854, 20897]...: 8101711: ACCEPTED IN 15 TRIES, (AVG 540114.0666666667)
[1, 4, 10, 23, 57, 132, 301, 701, 1636, 3923, 8854, 20899]...: 9182468: ACCEPTED IN 17 TRIES, (AVG 540145.1764705882)
[1, 4, 10, 23, 57, 132, 301, 701, 1636, 3923, 8854, 20900]...: 10267030: ACCEPTED IN 19 TRIES, (AVG 540370.0)
[1, 4, 10, 23, 57, 132, 301, 701, 1636, 3923, 8854, 20901]...: 8100259: ACCEPTED IN 15 TRIES, (AVG 540017.2666666667)
[1, 4, 10, 23, 57, 132, 301, 701, 1636, 3923, 8854, 20902]...: 11891132: ACCEPTED IN 22 TRIES, (AVG 540506.0)
[1, 4, 10, 23, 57, 132, 301, 701, 1636, 3923, 8854, 20905]...: 9725277: ACCEPTED IN 18 TRIES, (AVG 540293.1666666666)
[1, 4, 10, 23, 57, 132, 301, 701, 1636, 3923, 8854, 20929]...: 11890722: ACCEPTED IN 22 TRIES, (AVG 540487.3636363636)
[1, 4, 10, 23, 57, 132, 301, 701, 1636, 3923, 8854, 20930]...: 7561602: ACCEPTED IN 14 TRIES, (AVG 540114.4285714285)
[1, 4, 10, 23, 57, 132, 301, 701, 1636, 3923, 8854, 20931]...: 11347608: ACCEPTED IN 21 TRIES, (AVG 540362.2857142857)
[1, 4, 10, 23, 57, 132, 301, 701, 1636, 3923, 8854, 20932]...: 11890401: ACCEPTED IN 22 TRIES, (AVG 540472.7727272727)
[1, 4, 10, 23, 57, 132, 301, 701, 1636, 3923, 8854, 20933]...: 8101391: ACCEPTED IN 15 TRIES, (AVG 540092.7333333333)
[1, 4, 10, 23, 57, 132, 301, 701, 1636, 3923, 8854, 20934]...: 9183648: ACCEPTED IN 17 TRIES, (AVG 540214.5882352941)
[1, 4, 10, 23, 57, 132, 301, 701, 1636, 3923, 8854, 20937]...: 12429320: ACCEPTED IN 23 TRIES, (AVG 540405.2173913043)
[1, 4, 10, 23, 57, 132, 301, 701, 1636, 3923, 8854, 20961]...: 6479417: ACCEPTED IN 12 TRIES, (AVG 539951.4166666666)
[1, 4, 10, 23, 57, 132, 301, 701, 1636, 3923, 8854, 20963]...: 9726210: ACCEPTED IN 18 TRIES, (AVG 540345.0)
[1, 4, 10, 23, 57, 132, 301, 701, 1636, 3923, 8854, 20964]...: 9182879: ACCEPTED IN 17 TRIES, (AVG 540169.3529411765)
[1, 4, 10, 23, 57, 132, 301, 701, 1636, 3923, 8854, 20965]...: 8102269: ACCEPTED IN 15 TRIES, (AVG 540151.2666666667)
[1, 4, 10, 23, 57, 132, 301, 701, 1636, 3923, 8854, 20966]...: 11891124: ACCEPTED IN 22 TRIES, (AVG 540505.6363636364)
[1, 4, 10, 23, 57, 132, 301, 701, 1636, 3923, 8854, 20967]...: 10808819: ACCEPTED IN 20 TRIES, (AVG 540440.95)
[1, 4, 10, 23, 57, 132, 301, 701, 1636, 3923, 8854, 20969]...: 12428625: ACCEPTED IN 23 TRIES, (AVG 540375.0)
[1, 4, 10, 23, 57, 132, 301, 701, 1636, 3923, 8854, 20996]...: 8643865: ACCEPTED IN 16 TRIES, (AVG 540241.5625)
[1, 4, 10, 23, 57, 132, 301, 701, 1636, 3923, 8854, 20997]...: 12430318: ACCEPTED IN 23 TRIES, (AVG 540448.6086956522)
[1, 4, 10, 23, 57, 132, 301, 701, 1636, 3923, 8854, 20998]...: 8102955: ACCEPTED IN 15 TRIES, (AVG 540197.0)
[1, 4, 10, 23, 57, 132, 301, 701, 1636, 3923, 8854, 20999]...: 5938583: ACCEPTED IN 11 TRIES, (AVG 539871.1818181818)
[1, 4, 10, 23, 57, 132, 301, 701, 1636, 3923, 8854, 21000]...: 6479760: ACCEPTED IN 12 TRIES, (AVG 539980.0)
[1, 4, 10, 23, 57, 132, 301, 701, 1636, 3923, 8854, 21002]...: 14055367: ACCEPTED IN 26 TRIES, (AVG 540591.0384615385)
[1, 4, 10, 23, 57, 132, 301, 701, 1636, 3923, 8854, 21003]...: 12431117: ACCEPTED IN 23 TRIES, (AVG 540483.3478260869)
[1, 4, 10, 23, 57, 132, 301, 701, 1636, 3923, 8854, 21004]...: 8101486: ACCEPTED IN 15 TRIES, (AVG 540099.0666666667)
[1, 4, 10, 23, 57, 132, 301, 701, 1636, 3923, 8854, 21028]...: 6479108: ACCEPTED IN 12 TRIES, (AVG 539925.6666666666)
[1, 4, 10, 23, 57, 132, 301, 701, 1636, 3923, 8854, 21031]...: 10807557: ACCEPTED IN 20 TRIES, (AVG 540377.85)
[1, 4, 10, 23, 57, 132, 301, 701, 1636, 3923, 8854, 21032]...: 11888393: ACCEPTED IN 22 TRIES, (AVG 540381.5)
[1, 4, 10, 23, 57, 132, 301, 701, 1636, 3923, 8854, 21033]...: 8643726: ACCEPTED IN 16 TRIES, (AVG 540232.875)
[1, 4, 10, 23, 57, 132, 301, 701, 1636, 3923, 8854, 21034]...: 10267211: ACCEPTED IN 19 TRIES, (AVG 540379.5263157894)
[1, 4, 10, 23, 57, 132, 301, 701, 1636, 3923, 8854, 21035]...: 8101714: ACCEPTED IN 15 TRIES, (AVG 540114.2666666667)
[1, 4, 10, 23, 57, 132, 301, 701, 1636, 3923, 8854, 21036]...: 9726541: ACCEPTED IN 18 TRIES, (AVG 540363.3888888889)
[1, 4, 10, 23, 57, 132, 301, 701, 1636, 3923, 8854, 21037]...: 7019842: ACCEPTED IN 13 TRIES, (AVG 539987.8461538461)
[1, 4, 10, 23, 57, 132, 301, 701, 1636, 3923, 8854, 21063]...: 8102942: ACCEPTED IN 15 TRIES, (AVG 540196.1333333333)
[1, 4, 10, 23, 57, 132, 301, 701, 1636, 3923, 8854, 21064]...: 11888076: ACCEPTED IN 22 TRIES, (AVG 540367.0909090909)
[1, 4, 10, 23, 57, 132, 301, 701, 1636, 3923, 8854, 21065]...: 11890493: ACCEPTED IN 22 TRIES, (AVG 540476.9545454546)
[1, 4, 10, 23, 57, 132, 301, 701, 1636, 3923, 8854, 21066]...: 8100793: ACCEPTED IN 15 TRIES, (AVG 540052.8666666667)
[1, 4, 10, 23, 57, 132, 301, 701, 1636, 3923, 8854, 21069]...: 8100105: ACCEPTED IN 15 TRIES, (AVG 540007.0)
[1, 4, 10, 23, 57, 132, 301, 701, 1636, 3923, 8854, 21071]...: 8643905: ACCEPTED IN 16 TRIES, (AVG 540244.0625)
[1, 4, 10, 23, 57, 132, 301, 701, 1636, 3923, 8854, 21095]...: 8103106: ACCEPTED IN 15 TRIES, (AVG 540207.0666666667)
[1, 4, 10, 23, 57, 132, 301, 701, 1636, 3923, 8854, 21096]...: 8100982: ACCEPTED IN 15 TRIES, (AVG 540065.4666666667)
[1, 4, 10, 23, 57, 132, 301, 701, 1636, 3923, 8854, 21098]...: 12430226: ACCEPTED IN 23 TRIES, (AVG 540444.6086956522)
[1, 4, 10, 23, 57, 132, 301, 701, 1636, 3923, 8854, 21099]...: 7019979: ACCEPTED IN 13 TRIES, (AVG 539998.3846153846)
[1, 4, 10, 23, 57, 132, 301, 701, 1636, 3923, 8854, 21101]...: 12431184: ACCEPTED IN 23 TRIES, (AVG 540486.2608695652)
[1, 4, 10, 23, 57, 132, 301, 701, 1636, 3923, 8854, 21102]...: 11890408: ACCEPTED IN 22 TRIES, (AVG 540473.0909090909)
[1, 4, 10, 23, 57, 132, 301, 701, 1636, 3923, 8854, 21103]...: 12428862: ACCEPTED IN 23 TRIES, (AVG 540385.304347826)
[1, 4, 10, 23, 57, 132, 301, 701, 1636, 3923, 8854, 21130]...: 12972874: ACCEPTED IN 24 TRIES, (AVG 540536.4166666666)
[1, 4, 10, 23, 57, 132, 301, 701, 1636, 3923, 8854, 21131]...: 15137473: ACCEPTED IN 28 TRIES, (AVG 540624.0357142857)
[1, 4, 10, 23, 57, 132, 301, 701, 1636, 3923, 8854, 21132]...: 8098593: ACCEPTED IN 15 TRIES, (AVG 539906.2)
[1, 4, 10, 23, 57, 132, 301, 701, 1636, 3923, 8854, 21133]...: 7562071: ACCEPTED IN 14 TRIES, (AVG 540147.9285714285)
[1, 4, 10, 23, 57, 132, 301, 701, 1636, 3923, 8854, 21134]...: 9184338: ACCEPTED IN 17 TRIES, (AVG 540255.1764705882)
[1, 4, 10, 23, 57, 132, 301, 701, 1636, 3923, 8854, 21135]...: 11890796: ACCEPTED IN 22 TRIES, (AVG 540490.7272727273)
[1, 4, 10, 23, 57, 132, 301, 701, 1636, 3923, 8854, 21136]...: 9184705: ACCEPTED IN 17 TRIES, (AVG 540276.7647058824)
[1, 4, 10, 23, 57, 132, 301, 701, 1636, 3923, 8854, 21138]...: 6478662: ACCEPTED IN 12 TRIES, (AVG 539888.5)
[1, 4, 10, 23, 57, 132, 301, 701, 1636, 3923, 8854, 21163]...: 10807501: ACCEPTED IN 20 TRIES, (AVG 540375.05)
[1, 4, 10, 23, 57, 132, 301, 701, 1636, 3923, 8854, 21164]...: 9726157: ACCEPTED IN 18 TRIES, (AVG 540342.0555555555)
[1, 4, 10, 23, 57, 132, 301, 701, 1636, 3923, 8854, 21165]...: 10807212: ACCEPTED IN 20 TRIES, (AVG 540360.6)
[1, 4, 10, 23, 57, 132, 301, 701, 1636, 3923, 8854, 21166]...: 11349376: ACCEPTED IN 21 TRIES, (AVG 540446.4761904762)
[1, 4, 10, 23, 57, 132, 301, 701, 1636, 3923, 8854, 21167]...: 8100868: ACCEPTED IN 15 TRIES, (AVG 540057.8666666667)
[1, 4, 10, 23, 57, 132, 301, 701, 1636, 3923, 8854, 21168]...: 8642677: ACCEPTED IN 16 TRIES, (AVG 540167.3125)
[1, 4, 10, 23, 57, 132, 301, 701, 1636, 3923, 8854, 21169]...: 9183202: ACCEPTED IN 17 TRIES, (AVG 540188.3529411765)
[1, 4, 10, 23, 57, 132, 301, 701, 1636, 3923, 8854, 21195]...: 8102305: ACCEPTED IN 15 TRIES, (AVG 540153.6666666666)
[1, 4, 10, 23, 57, 132, 301, 701, 1636, 3923, 8854, 21197]...: 9726518: ACCEPTED IN 18 TRIES, (AVG 540362.1111111111)
[1, 4, 10, 23, 57, 132, 301, 701, 1636, 3923, 8854, 21198]...: 12972909: ACCEPTED IN 24 TRIES, (AVG 540537.875)
[1, 4, 10, 23, 57, 132, 301, 701, 1636, 3923, 8854, 21200]...: 8103000: ACCEPTED IN 15 TRIES, (AVG 540200.0)
[1, 4, 10, 23, 57, 132, 301, 701, 1636, 3923, 8854, 21201]...: 12973009: ACCEPTED IN 24 TRIES, (AVG 540542.0416666666)
[1, 4, 10, 23, 57, 132, 301, 701, 1636, 3923, 8854, 21202]...: 11349599: ACCEPTED IN 21 TRIES, (AVG 540457.0952380953)
[1, 4, 10, 23, 57, 132, 301, 701, 1636, 3923, 8854, 21203]...: 10265370: ACCEPTED IN 19 TRIES, (AVG 540282.6315789474)
[1, 4, 10, 23, 57, 132, 301, 701, 1636, 3923, 8854, 21206]...: 9184601: ACCEPTED IN 17 TRIES, (AVG 540270.6470588235)
[1, 4, 10, 23, 57, 132, 301, 701, 1636, 3923, 8854, 21230]...: 8102573: ACCEPTED IN 15 TRIES, (AVG 540171.5333333333)
[1, 4, 10, 23, 57, 132, 301, 701, 1636, 3923, 8854, 21231]...: 9182743: ACCEPTED IN 17 TRIES, (AVG 540161.3529411765)
[1, 4, 10, 23, 57, 132, 301, 701, 1636, 3923, 8854, 21232]...: 6479711: ACCEPTED IN 12 TRIES, (AVG 539975.9166666666)
[1, 4, 10, 23, 57, 132, 301, 701, 1636, 3923, 8854, 21233]...: 11890165: ACCEPTED IN 22 TRIES, (AVG 540462.0454545454)
[1, 4, 10, 23, 57, 132, 301, 701, 1636, 3923, 8854, 21234]...: 7561303: ACCEPTED IN 14 TRIES, (AVG 540093.0714285715)
[1, 4, 10, 23, 57, 132, 301, 701, 1636, 3923, 8854, 21235]...: 7020978: ACCEPTED IN 13 TRIES, (AVG 540075.2307692308)
[1, 4, 10, 23, 57, 132, 301, 701, 1636, 3923, 8854, 21237]...: 9184846: ACCEPTED IN 17 TRIES, (AVG 540285.0588235294)
[1, 4, 10, 23, 57, 132, 301, 701, 1636, 3923, 8854, 21238]...: 9183656: ACCEPTED IN 17 TRIES, (AVG 540215.0588235294)
