[1, 4, 10, 23, 57, 132, 301, 701, 1636, 3923, 9327, 20536]...: 2156305: ACCEPTED IN 4 TRIES, (AVG 539076.25)
[1, 4, 10, 23, 57, 132, 301, 701, 1636, 3923, 9327, 20635]...: 1075855: ACCEPTED IN 2 TRIES, (AVG 537927.5)
[1, 4, 10, 23, 57, 132, 301, 701, 1636, 3923, 9327, 20713]...: 536785: ACCEPTED IN 1 TRIES, (AVG 536785.0)
[1, 4, 10, 23, 57, 132, 301, 701, 1636, 3923, 9327, 20714]...: 3774242: ACCEPTED IN 7 TRIES, (AVG 539177.4285714285)
[1, 4, 10, 23, 57, 132, 301, 701, 1636, 3923, 9327, 20978]...: 1076393: ACCEPTED IN 2 TRIES, (AVG 538196.5)
[1, 4, 10, 23, 57, 132, 301, 701, 1636, 3923, 9327, 21079]...: 2155874: ACCEPTED IN 4 TRIES, (AVG 538968.5)
[1, 4, 10, 23, 57, 132, 301, 701, 1636, 3923, 9327, 21105]...: 4314060: ACCEPTED IN 8 TRIES, (AVG 539257.5)
[1, 4, 10, 23, 57, 132, 301, 701, 1636, 3923, 9327, 21147]...: 7552109: ACCEPTED IN 14 TRIES, (AVG 539436.3571428572)
[1, 4, 10, 23, 57, 132, 301, 701, 1636, 3923, 9327, 21150]...: 537077: ACCEPTED IN 1 TRIES, (AVG 537077.0)
[1, 4, 10, 23, 57, 132, 301, 701, 1636, 3923, 9327, 21217]...: 537055: ACCEPTED IN 1 TRIES, (AVG 537055.0)
[1, 4, 10, 23, 57, 132, 301, 701, 1636, 3923, 9327, 21281]...: 3773894: ACCEPTED IN 7 TRIES, (AVG 539127.7142857143)
[1, 4, 10, 23, 57, 132, 301, 701, 1636, 3923, 9327, 21349]...: 537393: ACCEPTED IN 1 TRIES, (AVG 537393.0)
[1, 4, 10, 23, 57, 132, 301, 701, 1636, 3923, 9327, 21512]...: 537177: ACCEPTED IN 1 TRIES, (AVG 537177.0)
[1, 4, 10, 23, 57, 132, 301, 701, 1636, 3923, 9327, 21513]...: 3235352: ACCEPTED IN 6 TRIES, (AVG 539225.3333333334)
[1, 4, 10, 23, 57, 132, 301, 701, 1636, 3923, 9327, 21715]...: 1616291: ACCEPTED IN 3 TRIES, (AVG 538763.6666666666)
[1, 4, 10, 23, 57, 132, 301, 701, 1636, 3923, 9327, 21781]...: 3235436: ACCEPTED IN 6 TRIES, (AVG 539239.3333333334)
[1, 4, 10, 23, 57, 132, 301, 701, 1636, 3923, 9327, 21814]...: 3233453: ACCEPTED IN 6 TRIES, (AVG 538908.8333333334)
[1, 4, 10, 23, 57, 132, 301, 701, 1636, 3923, 9327, 21848]...: 3234622: ACCEPTED IN 6 TRIES, (AVG 539103.6666666666)
[1, 4, 10, 23, 57, 132, 301, 701, 1636, 3923, 9327, 21881]...: 3772936: ACCEPTED IN 7 TRIES, (AVG 538990.8571428572)
[1, 4, 10, 23, 57, 132, 301, 701, 1636, 3923, 9327, 21913]...: 6472946: ACCEPTED IN 12 TRIES, (AVG 539412.1666666666)
[1, 4, 10, 23, 57, 132, 301, 701, 1636, 3923, 9327, 21949]...: 1076111: ACCEPTED IN 2 TRIES, (AVG 538055.5)
[1, 4, 10, 23, 57, 132, 301, 701, 1636, 3923, 9327, 21982]...: 3772671: ACCEPTED IN 7 TRIES, (AVG 538953.0)
[1, 4, 10, 23, 57, 132, 301, 701, 1636, 3923, 9327, 21983]...: 537035: ACCEPTED IN 1 TRIES, (AVG 537035.0)
[1, 4, 10, 23, 57, 132, 301, 701, 1636, 3923, 9327, 22017]...: 537039: ACCEPTED IN 1 TRIES, (AVG 537039.0)
[1, 4, 10, 23, 57, 132, 301, 701, 1636, 3923, 9327, 22050]...: 6472703: ACCEPTED IN 12 TRIES, (AVG 539391.9166666666)
[1, 4, 10, 23, 57, 132, 301, 701, 1636, 3923, 9327, 22116]...: 3233835: ACCEPTED IN 6 TRIES, (AVG 538972.5)
[1, 4, 10, 23, 57, 132, 301, 701, 1636, 3923, 9327, 22149]...: 537410: ACCEPTED IN 1 TRIES, (AVG 537410.0)
[1, 4, 10, 23, 57, 132, 301, 701, 1636, 3923, 9327, 22152]...: 537082: ACCEPTED IN 1 TRIES, (AVG 537082.0)
[1, 4, 10, 23, 57, 132, 301, 701, 1636, 3923, 9327, 22182]...: 4314402: ACCEPTED IN 8 TRIES, (AVG 539300.25)
[1, 4, 10, 23, 57, 132, 301, 701, 1636, 3923, 9327, 22183]...: 3773367: ACCEPTED IN 7 TRIES, (AVG 539052.4285714285)
[1, 4, 10, 23, 57, 132, 301, 701, 1636, 3923, 9327, 22213]...: 4851753: ACCEPTED IN 9 TRIES, (AVG 539083.6666666666)
[1, 4, 10, 23, 57, 132, 301, 701, 1636, 3923, 9327, 22214]...: 536961: ACCEPTED IN 1 TRIES, (AVG 536961.0)
[1, 4, 10, 23, 57, 132, 301, 701, 1636, 3923, 9327, 22251]...: 3774677: ACCEPTED IN 7 TRIES, (AVG 539239.5714285715)
[1, 4, 10, 23, 57, 132, 301, 701, 1636, 3923, 9327, 22281]...: 1076934: ACCEPTED IN 2 TRIES, (AVG 538467.0)
[1, 4, 10, 23, 57, 132, 301, 701, 1636, 3923, 9327, 22315]...: 535763: ACCEPTED IN 1 TRIES, (AVG 535763.0)
[1, 4, 10, 23, 57, 132, 301, 701, 1636, 3923, 9327, 22349]...: 537339: ACCEPTED IN 1 TRIES, (AVG 537339.0)
[1, 4, 10, 23, 57, 132, 301, 701, 1636, 3923, 9327, 22350]...: 537276: ACCEPTED IN 1 TRIES, (AVG 537276.0)
[1, 4, 10, 23, 57, 132, 301, 701, 1636, 3923, 9327, 22383]...: 537558: ACCEPTED IN 1 TRIES, (AVG 537558.0)
