[1, 4, 10, 23, 57, 132, 301, 701, 1636, 3731, 8333, 18350]...: 56804322: ACCEPTED IN 105 TRIES, (AVG 540993.5428571429)
[1, 4, 10, 23, 57, 132, 301, 701, 1636, 3731, 8333, 18713]...: 54640838: ACCEPTED IN 101 TRIES, (AVG 540998.396039604)
[1, 4, 10, 23, 57, 132, 301, 701, 1636, 3731, 8333, 18845]...: 40570509: ACCEPTED IN 75 TRIES, (AVG 540940.12)
[1, 4, 10, 23, 57, 132, 301, 701, 1636, 3731, 8333, 18912]...: 55180960: ACCEPTED IN 102 TRIES, (AVG 540989.8039215687)
[1, 4, 10, 23, 57, 132, 301, 701, 1636, 3731, 8333, 18915]...: 38406216: ACCEPTED IN 71 TRIES, (AVG 540932.6197183098)
[1, 4, 10, 23, 57, 132, 301, 701, 1636, 3731, 8333, 19011]...: 19467053: ACCEPTED IN 36 TRIES, (AVG 540751.4722222222)
[1, 4, 10, 23, 57, 132, 301, 701, 1636, 3731, 8333, 19047]...: 23795322: ACCEPTED IN 44 TRIES, (AVG 540802.7727272727)
[1, 4, 10, 23, 57, 132, 301, 701, 1636, 3731, 8333, 19081]...: 31370680: ACCEPTED IN 58 TRIES, (AVG 540873.7931034482)
[1, 4, 10, 23, 57, 132, 301, 701, 1636, 3731, 8333, 19146]...: 19466249: ACCEPTED IN 36 TRIES, (AVG 540729.1388888889)
[1, 4, 10, 23, 57, 132, 301, 701, 1636, 3731, 8333, 19180]...: 23254594: ACCEPTED IN 43 TRIES, (AVG 540804.5116279069)
[1, 4, 10, 23, 57, 132, 301, 701, 1636, 3731, 8333, 19213]...: 5938444: ACCEPTED IN 11 TRIES, (AVG 539858.5454545454)
[1, 4, 10, 23, 57, 132, 301, 701, 1636, 3731, 8333, 19245]...: 36783333: ACCEPTED IN 68 TRIES, (AVG 540931.3676470588)
[1, 4, 10, 23, 57, 132, 301, 701, 1636, 3731, 8333, 19312]...: 22169953: ACCEPTED IN 41 TRIES, (AVG 540730.5609756098)
[1, 4, 10, 23, 57, 132, 301, 701, 1636, 3731, 8333, 19315]...: 10266898: ACCEPTED IN 19 TRIES, (AVG 540363.052631579)
[1, 4, 10, 23, 57, 132, 301, 701, 1636, 3731, 8333, 19382]...: 9183291: ACCEPTED IN 17 TRIES, (AVG 540193.5882352941)
[1, 4, 10, 23, 57, 132, 301, 701, 1636, 3731, 8333, 19414]...: 27042647: ACCEPTED IN 50 TRIES, (AVG 540852.94)
[1, 4, 10, 23, 57, 132, 301, 701, 1636, 3731, 8333, 19447]...: 18923962: ACCEPTED IN 35 TRIES, (AVG 540684.6285714286)
[1, 4, 10, 23, 57, 132, 301, 701, 1636, 3731, 8333, 19481]...: 13512578: ACCEPTED IN 25 TRIES, (AVG 540503.12)
[1, 4, 10, 23, 57, 132, 301, 701, 1636, 3731, 8333, 19514]...: 26499613: ACCEPTED IN 49 TRIES, (AVG 540808.4285714285)
[1, 4, 10, 23, 57, 132, 301, 701, 1636, 3731, 8333, 19546]...: 18384454: ACCEPTED IN 34 TRIES, (AVG 540719.2352941176)
[1, 4, 10, 23, 57, 132, 301, 701, 1636, 3731, 8333, 19580]...: 23794883: ACCEPTED IN 44 TRIES, (AVG 540792.7954545454)
[1, 4, 10, 23, 57, 132, 301, 701, 1636, 3731, 8333, 19613]...: 23254653: ACCEPTED IN 43 TRIES, (AVG 540805.8837209302)
[1, 4, 10, 23, 57, 132, 301, 701, 1636, 3731, 8333, 19616]...: 20545651: ACCEPTED IN 38 TRIES, (AVG 540675.0263157894)
[1, 4, 10, 23, 57, 132, 301, 701, 1636, 3731, 8333, 19712]...: 22172617: ACCEPTED IN 41 TRIES, (AVG 540795.5365853659)
[1, 4, 10, 23, 57, 132, 301, 701, 1636, 3731, 8333, 19715]...: 22172773: ACCEPTED IN 41 TRIES, (AVG 540799.3414634146)
[1, 4, 10, 23, 57, 132, 301, 701, 1636, 3731, 8333, 19748]...: 21090229: ACCEPTED IN 39 TRIES, (AVG 540775.1025641026)
[1, 4, 10, 23, 57, 132, 301, 701, 1636, 3731, 8333, 19782]...: 28124747: ACCEPTED IN 52 TRIES, (AVG 540860.5192307692)
[1, 4, 10, 23, 57, 132, 301, 701, 1636, 3731, 8333, 19814]...: 24877956: ACCEPTED IN 46 TRIES, (AVG 540825.1304347826)
[1, 4, 10, 23, 57, 132, 301, 701, 1636, 3731, 8333, 19847]...: 9185236: ACCEPTED IN 17 TRIES, (AVG 540308.0)
[1, 4, 10, 23, 57, 132, 301, 701, 1636, 3731, 8333, 19881]...: 6477993: ACCEPTED IN 12 TRIES, (AVG 539832.75)
[1, 4, 10, 23, 57, 132, 301, 701, 1636, 3731, 8333, 19914]...: 25417510: ACCEPTED IN 47 TRIES, (AVG 540798.085106383)
[1, 4, 10, 23, 57, 132, 301, 701, 1636, 3731, 8333, 19946]...: 18384414: ACCEPTED IN 34 TRIES, (AVG 540718.0588235294)
