[1, 4, 10, 23, 57, 132, 301, 701, 1636, 3788, 8830, 19445]...: 12431690: ACCEPTED IN 23 TRIES, (AVG 540508.2608695652)
[1, 4, 10, 23, 57, 132, 301, 701, 1636, 3788, 8830, 19482]...: 38945338: ACCEPTED IN 72 TRIES, (AVG 540907.4722222222)
[1, 4, 10, 23, 57, 132, 301, 701, 1636, 3788, 8830, 19519]...: 52474465: ACCEPTED IN 97 TRIES, (AVG 540973.8659793815)
[1, 4, 10, 23, 57, 132, 301, 701, 1636, 3788, 8830, 19522]...: 12432289: ACCEPTED IN 23 TRIES, (AVG 540534.304347826)
[1, 4, 10, 23, 57, 132, 301, 701, 1636, 3788, 8830, 19540]...: 19465581: ACCEPTED IN 36 TRIES, (AVG 540710.5833333334)
[1, 4, 10, 23, 57, 132, 301, 701, 1636, 3788, 8830, 19573]...: 19464761: ACCEPTED IN 36 TRIES, (AVG 540687.8055555555)
[1, 4, 10, 23, 57, 132, 301, 701, 1636, 3788, 8830, 19577]...: 15678357: ACCEPTED IN 29 TRIES, (AVG 540633.0)
[1, 4, 10, 23, 57, 132, 301, 701, 1636, 3788, 8830, 19614]...: 28665993: ACCEPTED IN 53 TRIES, (AVG 540867.7924528302)
[1, 4, 10, 23, 57, 132, 301, 701, 1636, 3788, 8830, 19621]...: 36783289: ACCEPTED IN 68 TRIES, (AVG 540930.7205882353)
[1, 4, 10, 23, 57, 132, 301, 701, 1636, 3788, 8830, 19672]...: 16220232: ACCEPTED IN 30 TRIES, (AVG 540674.4)
[1, 4, 10, 23, 57, 132, 301, 701, 1636, 3788, 8830, 19688]...: 5397243: ACCEPTED IN 10 TRIES, (AVG 539724.3)
[1, 4, 10, 23, 57, 132, 301, 701, 1636, 3788, 8830, 19709]...: 39489112: ACCEPTED IN 73 TRIES, (AVG 540946.7397260274)
[1, 4, 10, 23, 57, 132, 301, 701, 1636, 3788, 8830, 19720]...: 18924281: ACCEPTED IN 35 TRIES, (AVG 540693.7428571428)
[1, 4, 10, 23, 57, 132, 301, 701, 1636, 3788, 8830, 19746]...: 27582931: ACCEPTED IN 51 TRIES, (AVG 540841.7843137255)
[1, 4, 10, 23, 57, 132, 301, 701, 1636, 3788, 8830, 19820]...: 14596300: ACCEPTED IN 27 TRIES, (AVG 540603.7037037037)
[1, 4, 10, 23, 57, 132, 301, 701, 1636, 3788, 8830, 19841]...: 14595857: ACCEPTED IN 27 TRIES, (AVG 540587.2962962963)
[1, 4, 10, 23, 57, 132, 301, 701, 1636, 3788, 8830, 19878]...: 9183999: ACCEPTED IN 17 TRIES, (AVG 540235.2352941176)
[1, 4, 10, 23, 57, 132, 301, 701, 1636, 3788, 8830, 19922]...: 13513164: ACCEPTED IN 25 TRIES, (AVG 540526.56)
[1, 4, 10, 23, 57, 132, 301, 701, 1636, 3788, 8830, 19954]...: 9725042: ACCEPTED IN 18 TRIES, (AVG 540280.1111111111)
[1, 4, 10, 23, 57, 132, 301, 701, 1636, 3788, 8830, 19973]...: 9726430: ACCEPTED IN 18 TRIES, (AVG 540357.2222222222)
[1, 4, 10, 23, 57, 132, 301, 701, 1636, 3788, 8830, 19989]...: 25959337: ACCEPTED IN 48 TRIES, (AVG 540819.5208333334)
[1, 4, 10, 23, 57, 132, 301, 701, 1636, 3788, 8830, 20010]...: 9185402: ACCEPTED IN 17 TRIES, (AVG 540317.7647058824)
[1, 4, 10, 23, 57, 132, 301, 701, 1636, 3788, 8830, 20021]...: 15678322: ACCEPTED IN 29 TRIES, (AVG 540631.7931034482)
[1, 4, 10, 23, 57, 132, 301, 701, 1636, 3788, 8830, 20121]...: 20548284: ACCEPTED IN 38 TRIES, (AVG 540744.3157894737)
[1, 4, 10, 23, 57, 132, 301, 701, 1636, 3788, 8830, 20142]...: 13513459: ACCEPTED IN 25 TRIES, (AVG 540538.36)
[1, 4, 10, 23, 57, 132, 301, 701, 1636, 3788, 8830, 20223]...: 15676429: ACCEPTED IN 29 TRIES, (AVG 540566.5172413794)
[1, 4, 10, 23, 57, 132, 301, 701, 1636, 3788, 8830, 20255]...: 11891176: ACCEPTED IN 22 TRIES, (AVG 540508.0)
[1, 4, 10, 23, 57, 132, 301, 701, 1636, 3788, 8830, 20274]...: 11890822: ACCEPTED IN 22 TRIES, (AVG 540491.9090909091)
[1, 4, 10, 23, 57, 132, 301, 701, 1636, 3788, 8830, 20322]...: 5938160: ACCEPTED IN 11 TRIES, (AVG 539832.7272727273)
[1, 4, 10, 23, 57, 132, 301, 701, 1636, 3788, 8830, 20421]...: 8643831: ACCEPTED IN 16 TRIES, (AVG 540239.4375)
[1, 4, 10, 23, 57, 132, 301, 701, 1636, 3788, 8830, 20556]...: 12431982: ACCEPTED IN 23 TRIES, (AVG 540520.9565217391)
[1, 4, 10, 23, 57, 132, 301, 701, 1636, 3788, 8830, 20623]...: 9184865: ACCEPTED IN 17 TRIES, (AVG 540286.1764705882)
[1, 4, 10, 23, 57, 132, 301, 701, 1636, 3788, 8830, 20655]...: 5938230: ACCEPTED IN 11 TRIES, (AVG 539839.0909090909)
[1, 4, 10, 23, 57, 132, 301, 701, 1636, 3788, 8830, 20722]...: 13513462: ACCEPTED IN 25 TRIES, (AVG 540538.48)
[1, 4, 10, 23, 57, 132, 301, 701, 1636, 3788, 8830, 20857]...: 12431779: ACCEPTED IN 23 TRIES, (AVG 540512.1304347826)
[1, 4, 10, 23, 57, 132, 301, 701, 1636, 3788, 8830, 20889]...: 5396542: ACCEPTED IN 10 TRIES, (AVG 539654.2)
[1, 4, 10, 23, 57, 132, 301, 701, 1636, 3788, 8830, 20924]...: 8642848: ACCEPTED IN 16 TRIES, (AVG 540178.0)
[1, 4, 10, 23, 57, 132, 301, 701, 1636, 3788, 8830, 20956]...: 14595171: ACCEPTED IN 27 TRIES, (AVG 540561.8888888889)
[1, 4, 10, 23, 57, 132, 301, 701, 1636, 3788, 8830, 21023]...: 9185421: ACCEPTED IN 17 TRIES, (AVG 540318.8823529412)
[1, 4, 10, 23, 57, 132, 301, 701, 1636, 3788, 8830, 21158]...: 16216943: ACCEPTED IN 30 TRIES, (AVG 540564.7666666667)
[1, 4, 10, 23, 57, 132, 301, 701, 1636, 3788, 8830, 21190]...: 22172189: ACCEPTED IN 41 TRIES, (AVG 540785.0975609756)
