[1, 4, 10, 23, 57, 132, 301, 701, 1636, 3788, 8801, 19384]...: 10266488: ACCEPTED IN 19 TRIES, (AVG 540341.4736842106)
[1, 4, 10, 23, 57, 132, 301, 701, 1636, 3788, 8801, 19416]...: 8644033: ACCEPTED IN 16 TRIES, (AVG 540252.0625)
[1, 4, 10, 23, 57, 132, 301, 701, 1636, 3788, 8801, 19449]...: 5937354: ACCEPTED IN 11 TRIES, (AVG 539759.4545454546)
[1, 4, 10, 23, 57, 132, 301, 701, 1636, 3788, 8801, 19453]...: 8100535: ACCEPTED IN 15 TRIES, (AVG 540035.6666666666)
[1, 4, 10, 23, 57, 132, 301, 701, 1636, 3788, 8801, 19483]...: 14054899: ACCEPTED IN 26 TRIES, (AVG 540573.0384615385)
[1, 4, 10, 23, 57, 132, 301, 701, 1636, 3788, 8801, 19486]...: 8100957: ACCEPTED IN 15 TRIES, (AVG 540063.8)
[1, 4, 10, 23, 57, 132, 301, 701, 1636, 3788, 8801, 19490]...: 8101807: ACCEPTED IN 15 TRIES, (AVG 540120.4666666667)
[1, 4, 10, 23, 57, 132, 301, 701, 1636, 3788, 8801, 19515]...: 10267246: ACCEPTED IN 19 TRIES, (AVG 540381.3684210526)
[1, 4, 10, 23, 57, 132, 301, 701, 1636, 3788, 8801, 19516]...: 14052988: ACCEPTED IN 26 TRIES, (AVG 540499.5384615385)
[1, 4, 10, 23, 57, 132, 301, 701, 1636, 3788, 8801, 19527]...: 8101508: ACCEPTED IN 15 TRIES, (AVG 540100.5333333333)
[1, 4, 10, 23, 57, 132, 301, 701, 1636, 3788, 8801, 19581]...: 10267080: ACCEPTED IN 19 TRIES, (AVG 540372.6315789474)
[1, 4, 10, 23, 57, 132, 301, 701, 1636, 3788, 8801, 19582]...: 11348508: ACCEPTED IN 21 TRIES, (AVG 540405.1428571428)
[1, 4, 10, 23, 57, 132, 301, 701, 1636, 3788, 8801, 19585]...: 9725770: ACCEPTED IN 18 TRIES, (AVG 540320.5555555555)
[1, 4, 10, 23, 57, 132, 301, 701, 1636, 3788, 8801, 19614]...: 5394213: ACCEPTED IN 10 TRIES, (AVG 539421.3)
[1, 4, 10, 23, 57, 132, 301, 701, 1636, 3788, 8801, 19618]...: 11888853: ACCEPTED IN 22 TRIES, (AVG 540402.4090909091)
[1, 4, 10, 23, 57, 132, 301, 701, 1636, 3788, 8801, 19622]...: 5938525: ACCEPTED IN 11 TRIES, (AVG 539865.9090909091)
[1, 4, 10, 23, 57, 132, 301, 701, 1636, 3788, 8801, 19659]...: 8644271: ACCEPTED IN 16 TRIES, (AVG 540266.9375)
[1, 4, 10, 23, 57, 132, 301, 701, 1636, 3788, 8801, 19713]...: 9185365: ACCEPTED IN 17 TRIES, (AVG 540315.5882352941)
[1, 4, 10, 23, 57, 132, 301, 701, 1636, 3788, 8801, 19717]...: 8101951: ACCEPTED IN 15 TRIES, (AVG 540130.0666666667)
[1, 4, 10, 23, 57, 132, 301, 701, 1636, 3788, 8801, 19750]...: 12432108: ACCEPTED IN 23 TRIES, (AVG 540526.4347826086)
[1, 4, 10, 23, 57, 132, 301, 701, 1636, 3788, 8801, 19754]...: 35701038: ACCEPTED IN 66 TRIES, (AVG 540924.8181818182)
[1, 4, 10, 23, 57, 132, 301, 701, 1636, 3788, 8801, 19784]...: 9185503: ACCEPTED IN 17 TRIES, (AVG 540323.7058823529)
[1, 4, 10, 23, 57, 132, 301, 701, 1636, 3788, 8801, 19791]...: 5938405: ACCEPTED IN 11 TRIES, (AVG 539855.0)
[1, 4, 10, 23, 57, 132, 301, 701, 1636, 3788, 8801, 19815]...: 10267327: ACCEPTED IN 19 TRIES, (AVG 540385.6315789474)
[1, 4, 10, 23, 57, 132, 301, 701, 1636, 3788, 8801, 19816]...: 7020869: ACCEPTED IN 13 TRIES, (AVG 540066.8461538461)
[1, 4, 10, 23, 57, 132, 301, 701, 1636, 3788, 8801, 19882]...: 8642883: ACCEPTED IN 16 TRIES, (AVG 540180.1875)
[1, 4, 10, 23, 57, 132, 301, 701, 1636, 3788, 8801, 19883]...: 10808324: ACCEPTED IN 20 TRIES, (AVG 540416.2)
[1, 4, 10, 23, 57, 132, 301, 701, 1636, 3788, 8801, 19886]...: 8102378: ACCEPTED IN 15 TRIES, (AVG 540158.5333333333)
[1, 4, 10, 23, 57, 132, 301, 701, 1636, 3788, 8801, 19915]...: 8642110: ACCEPTED IN 16 TRIES, (AVG 540131.875)
[1, 4, 10, 23, 57, 132, 301, 701, 1636, 3788, 8801, 19916]...: 9185487: ACCEPTED IN 17 TRIES, (AVG 540322.7647058824)
[1, 4, 10, 23, 57, 132, 301, 701, 1636, 3788, 8801, 19923]...: 9725662: ACCEPTED IN 18 TRIES, (AVG 540314.5555555555)
[1, 4, 10, 23, 57, 132, 301, 701, 1636, 3788, 8801, 19947]...: 8102644: ACCEPTED IN 15 TRIES, (AVG 540176.2666666667)
[1, 4, 10, 23, 57, 132, 301, 701, 1636, 3788, 8801, 20014]...: 9725668: ACCEPTED IN 18 TRIES, (AVG 540314.8888888889)
[1, 4, 10, 23, 57, 132, 301, 701, 1636, 3788, 8801, 20018]...: 7561532: ACCEPTED IN 14 TRIES, (AVG 540109.4285714285)
[1, 4, 10, 23, 57, 132, 301, 701, 1636, 3788, 8801, 20055]...: 9725010: ACCEPTED IN 18 TRIES, (AVG 540278.3333333334)
[1, 4, 10, 23, 57, 132, 301, 701, 1636, 3788, 8801, 20085]...: 9185116: ACCEPTED IN 17 TRIES, (AVG 540300.9411764706)
[1, 4, 10, 23, 57, 132, 301, 701, 1636, 3788, 8801, 20116]...: 9725802: ACCEPTED IN 18 TRIES, (AVG 540322.3333333334)
[1, 4, 10, 23, 57, 132, 301, 701, 1636, 3788, 8801, 20117]...: 6478154: ACCEPTED IN 12 TRIES, (AVG 539846.1666666666)
[1, 4, 10, 23, 57, 132, 301, 701, 1636, 3788, 8801, 20150]...: 10265034: ACCEPTED IN 19 TRIES, (AVG 540264.947368421)
[1, 4, 10, 23, 57, 132, 301, 701, 1636, 3788, 8801, 20184]...: 6479395: ACCEPTED IN 12 TRIES, (AVG 539949.5833333334)
[1, 4, 10, 23, 57, 132, 301, 701, 1636, 3788, 8801, 20187]...: 8642442: ACCEPTED IN 16 TRIES, (AVG 540152.625)
[1, 4, 10, 23, 57, 132, 301, 701, 1636, 3788, 8801, 20216]...: 8100987: ACCEPTED IN 15 TRIES, (AVG 540065.8)
[1, 4, 10, 23, 57, 132, 301, 701, 1636, 3788, 8801, 20217]...: 10267096: ACCEPTED IN 19 TRIES, (AVG 540373.4736842106)
[1, 4, 10, 23, 57, 132, 301, 701, 1636, 3788, 8801, 20248]...: 9182163: ACCEPTED IN 17 TRIES, (AVG 540127.2352941176)
[1, 4, 10, 23, 57, 132, 301, 701, 1636, 3788, 8801, 20283]...: 8643546: ACCEPTED IN 16 TRIES, (AVG 540221.625)
[1, 4, 10, 23, 57, 132, 301, 701, 1636, 3788, 8801, 20315]...: 5396438: ACCEPTED IN 10 TRIES, (AVG 539643.8)
[1, 4, 10, 23, 57, 132, 301, 701, 1636, 3788, 8801, 20319]...: 9185026: ACCEPTED IN 17 TRIES, (AVG 540295.6470588235)
[1, 4, 10, 23, 57, 132, 301, 701, 1636, 3788, 8801, 20415]...: 5936893: ACCEPTED IN 11 TRIES, (AVG 539717.5454545454)
[1, 4, 10, 23, 57, 132, 301, 701, 1636, 3788, 8801, 20418]...: 7561238: ACCEPTED IN 14 TRIES, (AVG 540088.4285714285)
[1, 4, 10, 23, 57, 132, 301, 701, 1636, 3788, 8801, 20451]...: 5396794: ACCEPTED IN 10 TRIES, (AVG 539679.4)
[1, 4, 10, 23, 57, 132, 301, 701, 1636, 3788, 8801, 20485]...: 4313086: ACCEPTED IN 8 TRIES, (AVG 539135.75)
[1, 4, 10, 23, 57, 132, 301, 701, 1636, 3788, 8801, 20516]...: 8101479: ACCEPTED IN 15 TRIES, (AVG 540098.6)
[1, 4, 10, 23, 57, 132, 301, 701, 1636, 3788, 8801, 20517]...: 8644089: ACCEPTED IN 16 TRIES, (AVG 540255.5625)
[1, 4, 10, 23, 57, 132, 301, 701, 1636, 3788, 8801, 20549]...: 7019796: ACCEPTED IN 13 TRIES, (AVG 539984.3076923077)
[1, 4, 10, 23, 57, 132, 301, 701, 1636, 3788, 8801, 20584]...: 7559921: ACCEPTED IN 14 TRIES, (AVG 539994.3571428572)
[1, 4, 10, 23, 57, 132, 301, 701, 1636, 3788, 8801, 20616]...: 7561440: ACCEPTED IN 14 TRIES, (AVG 540102.8571428572)
[1, 4, 10, 23, 57, 132, 301, 701, 1636, 3788, 8801, 20617]...: 8643322: ACCEPTED IN 16 TRIES, (AVG 540207.625)
[1, 4, 10, 23, 57, 132, 301, 701, 1636, 3788, 8801, 20648]...: 5937097: ACCEPTED IN 11 TRIES, (AVG 539736.0909090909)
[1, 4, 10, 23, 57, 132, 301, 701, 1636, 3788, 8801, 20716]...: 4315223: ACCEPTED IN 8 TRIES, (AVG 539402.875)
[1, 4, 10, 23, 57, 132, 301, 701, 1636, 3788, 8801, 20719]...: 7561971: ACCEPTED IN 14 TRIES, (AVG 540140.7857142857)
[1, 4, 10, 23, 57, 132, 301, 701, 1636, 3788, 8801, 20786]...: 8642447: ACCEPTED IN 16 TRIES, (AVG 540152.9375)
[1, 4, 10, 23, 57, 132, 301, 701, 1636, 3788, 8801, 20817]...: 5938033: ACCEPTED IN 11 TRIES, (AVG 539821.1818181818)
[1, 4, 10, 23, 57, 132, 301, 701, 1636, 3788, 8801, 20818]...: 5936959: ACCEPTED IN 11 TRIES, (AVG 539723.5454545454)
[1, 4, 10, 23, 57, 132, 301, 701, 1636, 3788, 8801, 20850]...: 4854414: ACCEPTED IN 9 TRIES, (AVG 539379.3333333334)
[1, 4, 10, 23, 57, 132, 301, 701, 1636, 3788, 8801, 20851]...: 8641311: ACCEPTED IN 16 TRIES, (AVG 540081.9375)
[1, 4, 10, 23, 57, 132, 301, 701, 1636, 3788, 8801, 20885]...: 6477913: ACCEPTED IN 12 TRIES, (AVG 539826.0833333334)
[1, 4, 10, 23, 57, 132, 301, 701, 1636, 3788, 8801, 20917]...: 7559033: ACCEPTED IN 14 TRIES, (AVG 539930.9285714285)
[1, 4, 10, 23, 57, 132, 301, 701, 1636, 3788, 8801, 20918]...: 5395249: ACCEPTED IN 10 TRIES, (AVG 539524.9)
[1, 4, 10, 23, 57, 132, 301, 701, 1636, 3788, 8801, 20949]...: 9185005: ACCEPTED IN 17 TRIES, (AVG 540294.4117647059)
[1, 4, 10, 23, 57, 132, 301, 701, 1636, 3788, 8801, 20984]...: 4314617: ACCEPTED IN 8 TRIES, (AVG 539327.125)
[1, 4, 10, 23, 57, 132, 301, 701, 1636, 3788, 8801, 21017]...: 4855334: ACCEPTED IN 9 TRIES, (AVG 539481.5555555555)
[1, 4, 10, 23, 57, 132, 301, 701, 1636, 3788, 8801, 21020]...: 8102637: ACCEPTED IN 15 TRIES, (AVG 540175.8)
[1, 4, 10, 23, 57, 132, 301, 701, 1636, 3788, 8801, 21116]...: 4314638: ACCEPTED IN 8 TRIES, (AVG 539329.75)
[1, 4, 10, 23, 57, 132, 301, 701, 1636, 3788, 8801, 21119]...: 7020578: ACCEPTED IN 13 TRIES, (AVG 540044.4615384615)
