[1, 4, 10, 23, 57, 132, 301, 701, 1654, 3830, 8696, 19156]...: 16760607: ACCEPTED IN 31 TRIES, (AVG 540664.7419354839)
[1, 4, 10, 23, 57, 132, 301, 701, 1654, 3830, 8696, 19193]...: 10266443: ACCEPTED IN 19 TRIES, (AVG 540339.1052631579)
[1, 4, 10, 23, 57, 132, 301, 701, 1654, 3830, 8696, 19210]...: 12972587: ACCEPTED IN 24 TRIES, (AVG 540524.4583333334)
[1, 4, 10, 23, 57, 132, 301, 701, 1654, 3830, 8696, 19222]...: 4314528: ACCEPTED IN 8 TRIES, (AVG 539316.0)
[1, 4, 10, 23, 57, 132, 301, 701, 1654, 3830, 8696, 19247]...: 14595294: ACCEPTED IN 27 TRIES, (AVG 540566.4444444445)
[1, 4, 10, 23, 57, 132, 301, 701, 1654, 3830, 8696, 19251]...: 13514604: ACCEPTED IN 25 TRIES, (AVG 540584.16)
[1, 4, 10, 23, 57, 132, 301, 701, 1654, 3830, 8696, 19255]...: 11890663: ACCEPTED IN 22 TRIES, (AVG 540484.6818181818)
[1, 4, 10, 23, 57, 132, 301, 701, 1654, 3830, 8696, 19259]...: 14052503: ACCEPTED IN 26 TRIES, (AVG 540480.8846153846)
[1, 4, 10, 23, 57, 132, 301, 701, 1654, 3830, 8696, 19284]...: 15677708: ACCEPTED IN 29 TRIES, (AVG 540610.6206896552)
[1, 4, 10, 23, 57, 132, 301, 701, 1654, 3830, 8696, 19288]...: 14055656: ACCEPTED IN 26 TRIES, (AVG 540602.1538461539)
[1, 4, 10, 23, 57, 132, 301, 701, 1654, 3830, 8696, 19325]...: 20548982: ACCEPTED IN 38 TRIES, (AVG 540762.6842105263)
[1, 4, 10, 23, 57, 132, 301, 701, 1654, 3830, 8696, 19342]...: 11890954: ACCEPTED IN 22 TRIES, (AVG 540497.9090909091)
[1, 4, 10, 23, 57, 132, 301, 701, 1654, 3830, 8696, 19354]...: 6479057: ACCEPTED IN 12 TRIES, (AVG 539921.4166666666)
[1, 4, 10, 23, 57, 132, 301, 701, 1654, 3830, 8696, 19379]...: 12971141: ACCEPTED IN 24 TRIES, (AVG 540464.2083333334)
[1, 4, 10, 23, 57, 132, 301, 701, 1654, 3830, 8696, 19383]...: 8644238: ACCEPTED IN 16 TRIES, (AVG 540264.875)
[1, 4, 10, 23, 57, 132, 301, 701, 1654, 3830, 8696, 19391]...: 10266159: ACCEPTED IN 19 TRIES, (AVG 540324.1578947369)
[1, 4, 10, 23, 57, 132, 301, 701, 1654, 3830, 8696, 19416]...: 17842497: ACCEPTED IN 33 TRIES, (AVG 540681.7272727273)
[1, 4, 10, 23, 57, 132, 301, 701, 1654, 3830, 8696, 19420]...: 14055750: ACCEPTED IN 26 TRIES, (AVG 540605.7692307692)
[1, 4, 10, 23, 57, 132, 301, 701, 1654, 3830, 8696, 19457]...: 14596678: ACCEPTED IN 27 TRIES, (AVG 540617.7037037037)
[1, 4, 10, 23, 57, 132, 301, 701, 1654, 3830, 8696, 19474]...: 12972924: ACCEPTED IN 24 TRIES, (AVG 540538.5)
[1, 4, 10, 23, 57, 132, 301, 701, 1654, 3830, 8696, 19511]...: 18382553: ACCEPTED IN 34 TRIES, (AVG 540663.3235294118)
[1, 4, 10, 23, 57, 132, 301, 701, 1654, 3830, 8696, 19515]...: 7561143: ACCEPTED IN 14 TRIES, (AVG 540081.6428571428)
[1, 4, 10, 23, 57, 132, 301, 701, 1654, 3830, 8696, 19523]...: 4856071: ACCEPTED IN 9 TRIES, (AVG 539563.4444444445)
[1, 4, 10, 23, 57, 132, 301, 701, 1654, 3830, 8696, 19548]...: 12971300: ACCEPTED IN 24 TRIES, (AVG 540470.8333333334)
[1, 4, 10, 23, 57, 132, 301, 701, 1654, 3830, 8696, 19552]...: 11889158: ACCEPTED IN 22 TRIES, (AVG 540416.2727272727)
[1, 4, 10, 23, 57, 132, 301, 701, 1654, 3830, 8696, 19560]...: 4856365: ACCEPTED IN 9 TRIES, (AVG 539596.1111111111)
[1, 4, 10, 23, 57, 132, 301, 701, 1654, 3830, 8696, 19585]...: 10808085: ACCEPTED IN 20 TRIES, (AVG 540404.25)
[1, 4, 10, 23, 57, 132, 301, 701, 1654, 3830, 8696, 19589]...: 12973041: ACCEPTED IN 24 TRIES, (AVG 540543.375)
[1, 4, 10, 23, 57, 132, 301, 701, 1654, 3830, 8696, 19606]...: 4853714: ACCEPTED IN 9 TRIES, (AVG 539301.5555555555)
[1, 4, 10, 23, 57, 132, 301, 701, 1654, 3830, 8696, 19643]...: 10267345: ACCEPTED IN 19 TRIES, (AVG 540386.5789473684)
[1, 4, 10, 23, 57, 132, 301, 701, 1654, 3830, 8696, 19647]...: 6479700: ACCEPTED IN 12 TRIES, (AVG 539975.0)
[1, 4, 10, 23, 57, 132, 301, 701, 1654, 3830, 8696, 19655]...: 4855217: ACCEPTED IN 9 TRIES, (AVG 539468.5555555555)
[1, 4, 10, 23, 57, 132, 301, 701, 1654, 3830, 8696, 19659]...: 10267298: ACCEPTED IN 19 TRIES, (AVG 540384.1052631579)
[1, 4, 10, 23, 57, 132, 301, 701, 1654, 3830, 8696, 19680]...: 13510460: ACCEPTED IN 25 TRIES, (AVG 540418.4)
[1, 4, 10, 23, 57, 132, 301, 701, 1654, 3830, 8696, 19684]...: 15137272: ACCEPTED IN 28 TRIES, (AVG 540616.8571428572)
[1, 4, 10, 23, 57, 132, 301, 701, 1654, 3830, 8696, 19692]...: 7019164: ACCEPTED IN 13 TRIES, (AVG 539935.6923076923)
[1, 4, 10, 23, 57, 132, 301, 701, 1654, 3830, 8696, 19717]...: 10264087: ACCEPTED IN 19 TRIES, (AVG 540215.1052631579)
[1, 4, 10, 23, 57, 132, 301, 701, 1654, 3830, 8696, 19721]...: 5936822: ACCEPTED IN 11 TRIES, (AVG 539711.0909090909)
[1, 4, 10, 23, 57, 132, 301, 701, 1654, 3830, 8696, 19758]...: 10267208: ACCEPTED IN 19 TRIES, (AVG 540379.3684210526)
[1, 4, 10, 23, 57, 132, 301, 701, 1654, 3830, 8696, 19775]...: 12971741: ACCEPTED IN 24 TRIES, (AVG 540489.2083333334)
[1, 4, 10, 23, 57, 132, 301, 701, 1654, 3830, 8696, 19779]...: 7017896: ACCEPTED IN 13 TRIES, (AVG 539838.1538461539)
[1, 4, 10, 23, 57, 132, 301, 701, 1654, 3830, 8696, 19791]...: 7018838: ACCEPTED IN 13 TRIES, (AVG 539910.6153846154)
[1, 4, 10, 23, 57, 132, 301, 701, 1654, 3830, 8696, 19812]...: 17841871: ACCEPTED IN 33 TRIES, (AVG 540662.7575757576)
[1, 4, 10, 23, 57, 132, 301, 701, 1654, 3830, 8696, 19816]...: 14596288: ACCEPTED IN 27 TRIES, (AVG 540603.2592592592)
[1, 4, 10, 23, 57, 132, 301, 701, 1654, 3830, 8696, 19824]...: 10265930: ACCEPTED IN 19 TRIES, (AVG 540312.1052631579)
[1, 4, 10, 23, 57, 132, 301, 701, 1654, 3830, 8696, 19849]...: 18382299: ACCEPTED IN 34 TRIES, (AVG 540655.8529411765)
[1, 4, 10, 23, 57, 132, 301, 701, 1654, 3830, 8696, 19853]...: 12431539: ACCEPTED IN 23 TRIES, (AVG 540501.695652174)
[1, 4, 10, 23, 57, 132, 301, 701, 1654, 3830, 8696, 19886]...: 10267557: ACCEPTED IN 19 TRIES, (AVG 540397.7368421053)
[1, 4, 10, 23, 57, 132, 301, 701, 1654, 3830, 8696, 19890]...: 10265574: ACCEPTED IN 19 TRIES, (AVG 540293.3684210526)
[1, 4, 10, 23, 57, 132, 301, 701, 1654, 3830, 8696, 19907]...: 4314147: ACCEPTED IN 8 TRIES, (AVG 539268.375)
[1, 4, 10, 23, 57, 132, 301, 701, 1654, 3830, 8696, 19911]...: 7561539: ACCEPTED IN 14 TRIES, (AVG 540109.9285714285)
[1, 4, 10, 23, 57, 132, 301, 701, 1654, 3830, 8696, 19923]...: 16757291: ACCEPTED IN 31 TRIES, (AVG 540557.7741935484)
[1, 4, 10, 23, 57, 132, 301, 701, 1654, 3830, 8696, 19944]...: 4852536: ACCEPTED IN 9 TRIES, (AVG 539170.6666666666)
[1, 4, 10, 23, 57, 132, 301, 701, 1654, 3830, 8696, 19948]...: 5396574: ACCEPTED IN 10 TRIES, (AVG 539657.4)
[1, 4, 10, 23, 57, 132, 301, 701, 1654, 3830, 8696, 19956]...: 10266108: ACCEPTED IN 19 TRIES, (AVG 540321.4736842106)
[1, 4, 10, 23, 57, 132, 301, 701, 1654, 3830, 8696, 19960]...: 6479617: ACCEPTED IN 12 TRIES, (AVG 539968.0833333334)
[1, 4, 10, 23, 57, 132, 301, 701, 1654, 3830, 8696, 19981]...: 8643788: ACCEPTED IN 16 TRIES, (AVG 540236.75)
[1, 4, 10, 23, 57, 132, 301, 701, 1654, 3830, 8696, 19985]...: 8643057: ACCEPTED IN 16 TRIES, (AVG 540191.0625)
[1, 4, 10, 23, 57, 132, 301, 701, 1654, 3830, 8696, 20018]...: 10267558: ACCEPTED IN 19 TRIES, (AVG 540397.7894736842)
[1, 4, 10, 23, 57, 132, 301, 701, 1654, 3830, 8696, 20022]...: 12973401: ACCEPTED IN 24 TRIES, (AVG 540558.375)
[1, 4, 10, 23, 57, 132, 301, 701, 1654, 3830, 8696, 20043]...: 7020610: ACCEPTED IN 13 TRIES, (AVG 540046.9230769231)
[1, 4, 10, 23, 57, 132, 301, 701, 1654, 3830, 8696, 20055]...: 4856250: ACCEPTED IN 9 TRIES, (AVG 539583.3333333334)
[1, 4, 10, 23, 57, 132, 301, 701, 1654, 3830, 8696, 20059]...: 5396722: ACCEPTED IN 10 TRIES, (AVG 539672.2)
[1, 4, 10, 23, 57, 132, 301, 701, 1654, 3830, 8696, 20076]...: 12971269: ACCEPTED IN 24 TRIES, (AVG 540469.5416666666)
[1, 4, 10, 23, 57, 132, 301, 701, 1654, 3830, 8696, 20080]...: 9184881: ACCEPTED IN 17 TRIES, (AVG 540287.1176470588)
[1, 4, 10, 23, 57, 132, 301, 701, 1654, 3830, 8696, 20092]...: 5394943: ACCEPTED IN 10 TRIES, (AVG 539494.3)
[1, 4, 10, 23, 57, 132, 301, 701, 1654, 3830, 8696, 20113]...: 9184822: ACCEPTED IN 17 TRIES, (AVG 540283.6470588235)
[1, 4, 10, 23, 57, 132, 301, 701, 1654, 3830, 8696, 20117]...: 10265319: ACCEPTED IN 19 TRIES, (AVG 540279.947368421)
[1, 4, 10, 23, 57, 132, 301, 701, 1654, 3830, 8696, 20150]...: 7020637: ACCEPTED IN 13 TRIES, (AVG 540049.0)
[1, 4, 10, 23, 57, 132, 301, 701, 1654, 3830, 8696, 20154]...: 10264747: ACCEPTED IN 19 TRIES, (AVG 540249.8421052631)
[1, 4, 10, 23, 57, 132, 301, 701, 1654, 3830, 8696, 20175]...: 4855492: ACCEPTED IN 9 TRIES, (AVG 539499.1111111111)
[1, 4, 10, 23, 57, 132, 301, 701, 1654, 3830, 8696, 20187]...: 16219957: ACCEPTED IN 30 TRIES, (AVG 540665.2333333333)
[1, 4, 10, 23, 57, 132, 301, 701, 1654, 3830, 8696, 20191]...: 9725646: ACCEPTED IN 18 TRIES, (AVG 540313.6666666666)
[1, 4, 10, 23, 57, 132, 301, 701, 1654, 3830, 8696, 20208]...: 4855493: ACCEPTED IN 9 TRIES, (AVG 539499.2222222222)
[1, 4, 10, 23, 57, 132, 301, 701, 1654, 3830, 8696, 20212]...: 11349948: ACCEPTED IN 21 TRIES, (AVG 540473.7142857143)
[1, 4, 10, 23, 57, 132, 301, 701, 1654, 3830, 8696, 20216]...: 11348440: ACCEPTED IN 21 TRIES, (AVG 540401.9047619047)
[1, 4, 10, 23, 57, 132, 301, 701, 1654, 3830, 8696, 20224]...: 9184886: ACCEPTED IN 17 TRIES, (AVG 540287.4117647059)
[1, 4, 10, 23, 57, 132, 301, 701, 1654, 3830, 8696, 20245]...: 7019444: ACCEPTED IN 13 TRIES, (AVG 539957.2307692308)
[1, 4, 10, 23, 57, 132, 301, 701, 1654, 3830, 8696, 20249]...: 8101751: ACCEPTED IN 15 TRIES, (AVG 540116.7333333333)
[1, 4, 10, 23, 57, 132, 301, 701, 1654, 3830, 8696, 20261]...: 19466689: ACCEPTED IN 36 TRIES, (AVG 540741.3611111111)
[1, 4, 10, 23, 57, 132, 301, 701, 1654, 3830, 8696, 20282]...: 11349628: ACCEPTED IN 21 TRIES, (AVG 540458.4761904762)
[1, 4, 10, 23, 57, 132, 301, 701, 1654, 3830, 8696, 20286]...: 12972099: ACCEPTED IN 24 TRIES, (AVG 540504.125)
[1, 4, 10, 23, 57, 132, 301, 701, 1654, 3830, 8696, 20307]...: 4856327: ACCEPTED IN 9 TRIES, (AVG 539591.8888888889)
[1, 4, 10, 23, 57, 132, 301, 701, 1654, 3830, 8696, 20319]...: 6479385: ACCEPTED IN 12 TRIES, (AVG 539948.75)
[1, 4, 10, 23, 57, 132, 301, 701, 1654, 3830, 8696, 20323]...: 4855447: ACCEPTED IN 9 TRIES, (AVG 539494.1111111111)
[1, 4, 10, 23, 57, 132, 301, 701, 1654, 3830, 8696, 20336]...: 7560818: ACCEPTED IN 14 TRIES, (AVG 540058.4285714285)
[1, 4, 10, 23, 57, 132, 301, 701, 1654, 3830, 8696, 20344]...: 10808781: ACCEPTED IN 20 TRIES, (AVG 540439.05)
[1, 4, 10, 23, 57, 132, 301, 701, 1654, 3830, 8696, 20348]...: 3231877: ACCEPTED IN 6 TRIES, (AVG 538646.1666666666)
[1, 4, 10, 23, 57, 132, 301, 701, 1654, 3830, 8696, 20356]...: 3232370: ACCEPTED IN 6 TRIES, (AVG 538728.3333333334)
[1, 4, 10, 23, 57, 132, 301, 701, 1654, 3830, 8696, 20360]...: 14593965: ACCEPTED IN 27 TRIES, (AVG 540517.2222222222)
[1, 4, 10, 23, 57, 132, 301, 701, 1654, 3830, 8696, 20377]...: 7019912: ACCEPTED IN 13 TRIES, (AVG 539993.2307692308)
[1, 4, 10, 23, 57, 132, 301, 701, 1654, 3830, 8696, 20381]...: 9185136: ACCEPTED IN 17 TRIES, (AVG 540302.1176470588)
[1, 4, 10, 23, 57, 132, 301, 701, 1654, 3830, 8696, 20393]...: 12971667: ACCEPTED IN 24 TRIES, (AVG 540486.125)
[1, 4, 10, 23, 57, 132, 301, 701, 1654, 3830, 8696, 20414]...: 4855535: ACCEPTED IN 9 TRIES, (AVG 539503.8888888889)
[1, 4, 10, 23, 57, 132, 301, 701, 1654, 3830, 8696, 20451]...: 13513142: ACCEPTED IN 25 TRIES, (AVG 540525.68)
[1, 4, 10, 23, 57, 132, 301, 701, 1654, 3830, 8696, 20455]...: 3771479: ACCEPTED IN 7 TRIES, (AVG 538782.7142857143)
[1, 4, 10, 23, 57, 132, 301, 701, 1654, 3830, 8696, 20468]...: 5396917: ACCEPTED IN 10 TRIES, (AVG 539691.7)
[1, 4, 10, 23, 57, 132, 301, 701, 1654, 3830, 8696, 20476]...: 7020379: ACCEPTED IN 13 TRIES, (AVG 540029.1538461539)
[1, 4, 10, 23, 57, 132, 301, 701, 1654, 3830, 8696, 20480]...: 4314162: ACCEPTED IN 8 TRIES, (AVG 539270.25)
[1, 4, 10, 23, 57, 132, 301, 701, 1654, 3830, 8696, 20488]...: 10266386: ACCEPTED IN 19 TRIES, (AVG 540336.1052631579)
[1, 4, 10, 23, 57, 132, 301, 701, 1654, 3830, 8696, 20492]...: 9183851: ACCEPTED IN 17 TRIES, (AVG 540226.5294117647)
[1, 4, 10, 23, 57, 132, 301, 701, 1654, 3830, 8696, 20509]...: 11890321: ACCEPTED IN 22 TRIES, (AVG 540469.1363636364)
[1, 4, 10, 23, 57, 132, 301, 701, 1654, 3830, 8696, 20513]...: 10808940: ACCEPTED IN 20 TRIES, (AVG 540447.0)
[1, 4, 10, 23, 57, 132, 301, 701, 1654, 3830, 8696, 20517]...: 14596578: ACCEPTED IN 27 TRIES, (AVG 540614.0)
[1, 4, 10, 23, 57, 132, 301, 701, 1654, 3830, 8696, 20525]...: 15136747: ACCEPTED IN 28 TRIES, (AVG 540598.1071428572)
[1, 4, 10, 23, 57, 132, 301, 701, 1654, 3830, 8696, 20546]...: 7020645: ACCEPTED IN 13 TRIES, (AVG 540049.6153846154)
[1, 4, 10, 23, 57, 132, 301, 701, 1654, 3830, 8696, 20583]...: 10807380: ACCEPTED IN 20 TRIES, (AVG 540369.0)
[1, 4, 10, 23, 57, 132, 301, 701, 1654, 3830, 8696, 20587]...: 5396914: ACCEPTED IN 10 TRIES, (AVG 539691.4)
[1, 4, 10, 23, 57, 132, 301, 701, 1654, 3830, 8696, 20600]...: 10266053: ACCEPTED IN 19 TRIES, (AVG 540318.5789473684)
[1, 4, 10, 23, 57, 132, 301, 701, 1654, 3830, 8696, 20608]...: 6479421: ACCEPTED IN 12 TRIES, (AVG 539951.75)
[1, 4, 10, 23, 57, 132, 301, 701, 1654, 3830, 8696, 20612]...: 5397049: ACCEPTED IN 10 TRIES, (AVG 539704.9)
[1, 4, 10, 23, 57, 132, 301, 701, 1654, 3830, 8696, 20620]...: 10808821: ACCEPTED IN 20 TRIES, (AVG 540441.05)
[1, 4, 10, 23, 57, 132, 301, 701, 1654, 3830, 8696, 20624]...: 12971698: ACCEPTED IN 24 TRIES, (AVG 540487.4166666666)
[1, 4, 10, 23, 57, 132, 301, 701, 1654, 3830, 8696, 20637]...: 4314643: ACCEPTED IN 8 TRIES, (AVG 539330.375)
[1, 4, 10, 23, 57, 132, 301, 701, 1654, 3830, 8696, 20641]...: 9726142: ACCEPTED IN 18 TRIES, (AVG 540341.2222222222)
[1, 4, 10, 23, 57, 132, 301, 701, 1654, 3830, 8696, 20645]...: 14054414: ACCEPTED IN 26 TRIES, (AVG 540554.3846153846)
[1, 4, 10, 23, 57, 132, 301, 701, 1654, 3830, 8696, 20649]...: 4855630: ACCEPTED IN 9 TRIES, (AVG 539514.4444444445)
[1, 4, 10, 23, 57, 132, 301, 701, 1654, 3830, 8696, 20657]...: 12972703: ACCEPTED IN 24 TRIES, (AVG 540529.2916666666)
[1, 4, 10, 23, 57, 132, 301, 701, 1654, 3830, 8696, 20661]...: 4854183: ACCEPTED IN 9 TRIES, (AVG 539353.6666666666)
[1, 4, 10, 23, 57, 132, 301, 701, 1654, 3830, 8696, 20678]...: 9725340: ACCEPTED IN 18 TRIES, (AVG 540296.6666666666)
[1, 4, 10, 23, 57, 132, 301, 701, 1654, 3830, 8696, 20715]...: 3232422: ACCEPTED IN 6 TRIES, (AVG 538737.0)
[1, 4, 10, 23, 57, 132, 301, 701, 1654, 3830, 8696, 20732]...: 9726504: ACCEPTED IN 18 TRIES, (AVG 540361.3333333334)
[1, 4, 10, 23, 57, 132, 301, 701, 1654, 3830, 8696, 20744]...: 11348649: ACCEPTED IN 21 TRIES, (AVG 540411.8571428572)
[1, 4, 10, 23, 57, 132, 301, 701, 1654, 3830, 8696, 20752]...: 9725919: ACCEPTED IN 18 TRIES, (AVG 540328.8333333334)
[1, 4, 10, 23, 57, 132, 301, 701, 1654, 3830, 8696, 20756]...: 13514079: ACCEPTED IN 25 TRIES, (AVG 540563.16)
[1, 4, 10, 23, 57, 132, 301, 701, 1654, 3830, 8696, 20769]...: 5396558: ACCEPTED IN 10 TRIES, (AVG 539655.8)
[1, 4, 10, 23, 57, 132, 301, 701, 1654, 3830, 8696, 20773]...: 11890630: ACCEPTED IN 22 TRIES, (AVG 540483.1818181818)
[1, 4, 10, 23, 57, 132, 301, 701, 1654, 3830, 8696, 20777]...: 6479642: ACCEPTED IN 12 TRIES, (AVG 539970.1666666666)
[1, 4, 10, 23, 57, 132, 301, 701, 1654, 3830, 8696, 20781]...: 7560257: ACCEPTED IN 14 TRIES, (AVG 540018.3571428572)
[1, 4, 10, 23, 57, 132, 301, 701, 1654, 3830, 8696, 20789]...: 9725591: ACCEPTED IN 18 TRIES, (AVG 540310.6111111111)
[1, 4, 10, 23, 57, 132, 301, 701, 1654, 3830, 8696, 20793]...: 9185281: ACCEPTED IN 17 TRIES, (AVG 540310.6470588235)
[1, 4, 10, 23, 57, 132, 301, 701, 1654, 3830, 8696, 20810]...: 13514389: ACCEPTED IN 25 TRIES, (AVG 540575.56)
[1, 4, 10, 23, 57, 132, 301, 701, 1654, 3830, 8696, 20818]...: 7561135: ACCEPTED IN 14 TRIES, (AVG 540081.0714285715)
[1, 4, 10, 23, 57, 132, 301, 701, 1654, 3830, 8696, 20847]...: 4315001: ACCEPTED IN 8 TRIES, (AVG 539375.125)
[1, 4, 10, 23, 57, 132, 301, 701, 1654, 3830, 8696, 20864]...: 5396997: ACCEPTED IN 10 TRIES, (AVG 539699.7)
