[1, 4, 10, 23, 57, 132, 301, 701, 1654, 3830, 8693, 19656]...: 18924450: ACCEPTED IN 35 TRIES, (AVG 540698.5714285715)
[1, 4, 10, 23, 57, 132, 301, 701, 1654, 3830, 8693, 19759]...: 17842849: ACCEPTED IN 33 TRIES, (AVG 540692.3939393939)
[1, 4, 10, 23, 57, 132, 301, 701, 1654, 3830, 8693, 19788]...: 23254235: ACCEPTED IN 43 TRIES, (AVG 540796.1627906977)
[1, 4, 10, 23, 57, 132, 301, 701, 1654, 3830, 8693, 19891]...: 29206634: ACCEPTED IN 54 TRIES, (AVG 540863.5925925926)
[1, 4, 10, 23, 57, 132, 301, 701, 1654, 3830, 8693, 19920]...: 15678752: ACCEPTED IN 29 TRIES, (AVG 540646.6206896552)
[1, 4, 10, 23, 57, 132, 301, 701, 1654, 3830, 8693, 20023]...: 16218817: ACCEPTED IN 30 TRIES, (AVG 540627.2333333333)
[1, 4, 10, 23, 57, 132, 301, 701, 1654, 3830, 8693, 20192]...: 44899897: ACCEPTED IN 83 TRIES, (AVG 540962.6144578314)
[1, 4, 10, 23, 57, 132, 301, 701, 1654, 3830, 8693, 20324]...: 16219346: ACCEPTED IN 30 TRIES, (AVG 540644.8666666667)
[1, 4, 10, 23, 57, 132, 301, 701, 1654, 3830, 8693, 20357]...: 20008106: ACCEPTED IN 37 TRIES, (AVG 540759.6216216217)
[1, 4, 10, 23, 57, 132, 301, 701, 1654, 3830, 8693, 20361]...: 13512903: ACCEPTED IN 25 TRIES, (AVG 540516.12)
[1, 4, 10, 23, 57, 132, 301, 701, 1654, 3830, 8693, 20489]...: 23254072: ACCEPTED IN 43 TRIES, (AVG 540792.3720930233)
[1, 4, 10, 23, 57, 132, 301, 701, 1654, 3830, 8693, 20493]...: 15678427: ACCEPTED IN 29 TRIES, (AVG 540635.4137931034)
[1, 4, 10, 23, 57, 132, 301, 701, 1654, 3830, 8693, 20625]...: 25416985: ACCEPTED IN 47 TRIES, (AVG 540786.914893617)
[1, 4, 10, 23, 57, 132, 301, 701, 1654, 3830, 8693, 20662]...: 146092553: ACCEPTED IN 270 TRIES, (AVG 541083.5296296297)
[1, 4, 10, 23, 57, 132, 301, 701, 1654, 3830, 8693, 20753]...: 15676782: ACCEPTED IN 29 TRIES, (AVG 540578.6896551724)
[1, 4, 10, 23, 57, 132, 301, 701, 1654, 3830, 8693, 20794]...: 11889323: ACCEPTED IN 22 TRIES, (AVG 540423.7727272727)
