[1, 4, 10, 23, 57, 132, 301, 701, 1654, 3859, 8792, 19355]...: 14596882: ACCEPTED IN 27 TRIES, (AVG 540625.2592592592)
[1, 4, 10, 23, 57, 132, 301, 701, 1654, 3859, 8792, 19384]...: 16219088: ACCEPTED IN 30 TRIES, (AVG 540636.2666666667)
[1, 4, 10, 23, 57, 132, 301, 701, 1654, 3859, 8792, 19388]...: 61674490: ACCEPTED IN 114 TRIES, (AVG 541004.298245614)
[1, 4, 10, 23, 57, 132, 301, 701, 1654, 3859, 8792, 19417]...: 11349598: ACCEPTED IN 21 TRIES, (AVG 540457.0476190476)
[1, 4, 10, 23, 57, 132, 301, 701, 1654, 3859, 8792, 19421]...: 16218169: ACCEPTED IN 30 TRIES, (AVG 540605.6333333333)
[1, 4, 10, 23, 57, 132, 301, 701, 1654, 3859, 8792, 19487]...: 9726475: ACCEPTED IN 18 TRIES, (AVG 540359.7222222222)
[1, 4, 10, 23, 57, 132, 301, 701, 1654, 3859, 8792, 19516]...: 17842436: ACCEPTED IN 33 TRIES, (AVG 540679.8787878788)
[1, 4, 10, 23, 57, 132, 301, 701, 1654, 3859, 8792, 19520]...: 10267552: ACCEPTED IN 19 TRIES, (AVG 540397.4736842106)
[1, 4, 10, 23, 57, 132, 301, 701, 1654, 3859, 8792, 19553]...: 12431639: ACCEPTED IN 23 TRIES, (AVG 540506.0434782609)
[1, 4, 10, 23, 57, 132, 301, 701, 1654, 3859, 8792, 19557]...: 8102369: ACCEPTED IN 15 TRIES, (AVG 540157.9333333333)
[1, 4, 10, 23, 57, 132, 301, 701, 1654, 3859, 8792, 19619]...: 23795801: ACCEPTED IN 44 TRIES, (AVG 540813.6590909091)
[1, 4, 10, 23, 57, 132, 301, 701, 1654, 3859, 8792, 19656]...: 10808533: ACCEPTED IN 20 TRIES, (AVG 540426.65)
[1, 4, 10, 23, 57, 132, 301, 701, 1654, 3859, 8792, 19685]...: 14594720: ACCEPTED IN 27 TRIES, (AVG 540545.1851851852)
[1, 4, 10, 23, 57, 132, 301, 701, 1654, 3859, 8792, 19689]...: 12431748: ACCEPTED IN 23 TRIES, (AVG 540510.7826086957)
[1, 4, 10, 23, 57, 132, 301, 701, 1654, 3859, 8792, 19788]...: 10267443: ACCEPTED IN 19 TRIES, (AVG 540391.7368421053)
[1, 4, 10, 23, 57, 132, 301, 701, 1654, 3859, 8792, 19817]...: 8644344: ACCEPTED IN 16 TRIES, (AVG 540271.5)
[1, 4, 10, 23, 57, 132, 301, 701, 1654, 3859, 8792, 19821]...: 10808853: ACCEPTED IN 20 TRIES, (AVG 540442.65)
[1, 4, 10, 23, 57, 132, 301, 701, 1654, 3859, 8792, 19854]...: 7020097: ACCEPTED IN 13 TRIES, (AVG 540007.4615384615)
[1, 4, 10, 23, 57, 132, 301, 701, 1654, 3859, 8792, 19858]...: 34077240: ACCEPTED IN 63 TRIES, (AVG 540908.5714285715)
[1, 4, 10, 23, 57, 132, 301, 701, 1654, 3859, 8792, 19920]...: 8642206: ACCEPTED IN 16 TRIES, (AVG 540137.875)
[1, 4, 10, 23, 57, 132, 301, 701, 1654, 3859, 8792, 19953]...: 9726315: ACCEPTED IN 18 TRIES, (AVG 540350.8333333334)
[1, 4, 10, 23, 57, 132, 301, 701, 1654, 3859, 8792, 19957]...: 11890910: ACCEPTED IN 22 TRIES, (AVG 540495.9090909091)
[1, 4, 10, 23, 57, 132, 301, 701, 1654, 3859, 8792, 19986]...: 12431597: ACCEPTED IN 23 TRIES, (AVG 540504.2173913043)
[1, 4, 10, 23, 57, 132, 301, 701, 1654, 3859, 8792, 19990]...: 11890248: ACCEPTED IN 22 TRIES, (AVG 540465.8181818182)
[1, 4, 10, 23, 57, 132, 301, 701, 1654, 3859, 8792, 20085]...: 4855596: ACCEPTED IN 9 TRIES, (AVG 539510.6666666666)
[1, 4, 10, 23, 57, 132, 301, 701, 1654, 3859, 8792, 20089]...: 12973225: ACCEPTED IN 24 TRIES, (AVG 540551.0416666666)
[1, 4, 10, 23, 57, 132, 301, 701, 1654, 3859, 8792, 20118]...: 9184650: ACCEPTED IN 17 TRIES, (AVG 540273.5294117647)
[1, 4, 10, 23, 57, 132, 301, 701, 1654, 3859, 8792, 20122]...: 11349951: ACCEPTED IN 21 TRIES, (AVG 540473.8571428572)
[1, 4, 10, 23, 57, 132, 301, 701, 1654, 3859, 8792, 20159]...: 17842197: ACCEPTED IN 33 TRIES, (AVG 540672.6363636364)
[1, 4, 10, 23, 57, 132, 301, 701, 1654, 3859, 8792, 20217]...: 18382824: ACCEPTED IN 34 TRIES, (AVG 540671.2941176471)
[1, 4, 10, 23, 57, 132, 301, 701, 1654, 3859, 8792, 20221]...: 9726616: ACCEPTED IN 18 TRIES, (AVG 540367.5555555555)
[1, 4, 10, 23, 57, 132, 301, 701, 1654, 3859, 8792, 20254]...: 12432304: ACCEPTED IN 23 TRIES, (AVG 540534.9565217391)
[1, 4, 10, 23, 57, 132, 301, 701, 1654, 3859, 8792, 20258]...: 8643983: ACCEPTED IN 16 TRIES, (AVG 540248.9375)
[1, 4, 10, 23, 57, 132, 301, 701, 1654, 3859, 8792, 20291]...: 7018443: ACCEPTED IN 13 TRIES, (AVG 539880.2307692308)
[1, 4, 10, 23, 57, 132, 301, 701, 1654, 3859, 8792, 20386]...: 11890593: ACCEPTED IN 22 TRIES, (AVG 540481.5)
[1, 4, 10, 23, 57, 132, 301, 701, 1654, 3859, 8792, 20390]...: 13513290: ACCEPTED IN 25 TRIES, (AVG 540531.6)
[1, 4, 10, 23, 57, 132, 301, 701, 1654, 3859, 8792, 20423]...: 23254034: ACCEPTED IN 43 TRIES, (AVG 540791.4883720931)
[1, 4, 10, 23, 57, 132, 301, 701, 1654, 3859, 8792, 20518]...: 9184913: ACCEPTED IN 17 TRIES, (AVG 540289.0)
[1, 4, 10, 23, 57, 132, 301, 701, 1654, 3859, 8792, 20522]...: 12971112: ACCEPTED IN 24 TRIES, (AVG 540463.0)
[1, 4, 10, 23, 57, 132, 301, 701, 1654, 3859, 8792, 20555]...: 17300655: ACCEPTED IN 32 TRIES, (AVG 540645.46875)
[1, 4, 10, 23, 57, 132, 301, 701, 1654, 3859, 8792, 20559]...: 10807734: ACCEPTED IN 20 TRIES, (AVG 540386.7)
[1, 4, 10, 23, 57, 132, 301, 701, 1654, 3859, 8792, 20654]...: 5938596: ACCEPTED IN 11 TRIES, (AVG 539872.3636363636)
[1, 4, 10, 23, 57, 132, 301, 701, 1654, 3859, 8792, 20687]...: 4855648: ACCEPTED IN 9 TRIES, (AVG 539516.4444444445)
[1, 4, 10, 23, 57, 132, 301, 701, 1654, 3859, 8792, 20691]...: 11890411: ACCEPTED IN 22 TRIES, (AVG 540473.2272727273)
[1, 4, 10, 23, 57, 132, 301, 701, 1654, 3859, 8792, 20819]...: 9726650: ACCEPTED IN 18 TRIES, (AVG 540369.4444444445)
[1, 4, 10, 23, 57, 132, 301, 701, 1654, 3859, 8792, 20823]...: 7561201: ACCEPTED IN 14 TRIES, (AVG 540085.7857142857)
[1, 4, 10, 23, 57, 132, 301, 701, 1654, 3859, 8792, 20860]...: 9181916: ACCEPTED IN 17 TRIES, (AVG 540112.7058823529)
[1, 4, 10, 23, 57, 132, 301, 701, 1654, 3859, 8792, 20955]...: 8103120: ACCEPTED IN 15 TRIES, (AVG 540208.0)
[1, 4, 10, 23, 57, 132, 301, 701, 1654, 3859, 8792, 20992]...: 12971165: ACCEPTED IN 24 TRIES, (AVG 540465.2083333334)
