[1, 4, 10, 23, 57, 132, 301, 701, 1654, 3859, 9116, 20057]...: 11348575: ACCEPTED IN 21 TRIES, (AVG 540408.3333333334)
[1, 4, 10, 23, 57, 132, 301, 701, 1654, 3859, 9116, 20061]...: 28122255: ACCEPTED IN 52 TRIES, (AVG 540812.5961538461)
[1, 4, 10, 23, 57, 132, 301, 701, 1654, 3859, 9116, 20070]...: 14055349: ACCEPTED IN 26 TRIES, (AVG 540590.3461538461)
[1, 4, 10, 23, 57, 132, 301, 701, 1654, 3859, 9116, 20074]...: 24876556: ACCEPTED IN 46 TRIES, (AVG 540794.695652174)
[1, 4, 10, 23, 57, 132, 301, 701, 1654, 3859, 9116, 20078]...: 31371530: ACCEPTED IN 58 TRIES, (AVG 540888.448275862)
[1, 4, 10, 23, 57, 132, 301, 701, 1654, 3859, 9116, 20086]...: 32995165: ACCEPTED IN 61 TRIES, (AVG 540904.344262295)
[1, 4, 10, 23, 57, 132, 301, 701, 1654, 3859, 9116, 20090]...: 11889670: ACCEPTED IN 22 TRIES, (AVG 540439.5454545454)
[1, 4, 10, 23, 57, 132, 301, 701, 1654, 3859, 9116, 20094]...: 11347262: ACCEPTED IN 21 TRIES, (AVG 540345.8095238095)
[1, 4, 10, 23, 57, 132, 301, 701, 1654, 3859, 9116, 20098]...: 8643508: ACCEPTED IN 16 TRIES, (AVG 540219.25)
[1, 4, 10, 23, 57, 132, 301, 701, 1654, 3859, 9116, 20107]...: 12973236: ACCEPTED IN 24 TRIES, (AVG 540551.5)
[1, 4, 10, 23, 57, 132, 301, 701, 1654, 3859, 9116, 20111]...: 14596245: ACCEPTED IN 27 TRIES, (AVG 540601.6666666666)
[1, 4, 10, 23, 57, 132, 301, 701, 1654, 3859, 9116, 20115]...: 6479350: ACCEPTED IN 12 TRIES, (AVG 539945.8333333334)
[1, 4, 10, 23, 57, 132, 301, 701, 1654, 3859, 9116, 20119]...: 8644329: ACCEPTED IN 16 TRIES, (AVG 540270.5625)
[1, 4, 10, 23, 57, 132, 301, 701, 1654, 3859, 9116, 20123]...: 7561555: ACCEPTED IN 14 TRIES, (AVG 540111.0714285715)
[1, 4, 10, 23, 57, 132, 301, 701, 1654, 3859, 9116, 20131]...: 24877643: ACCEPTED IN 46 TRIES, (AVG 540818.3260869565)
[1, 4, 10, 23, 57, 132, 301, 701, 1654, 3859, 9116, 20135]...: 8102592: ACCEPTED IN 15 TRIES, (AVG 540172.8)
[1, 4, 10, 23, 57, 132, 301, 701, 1654, 3859, 9116, 20144]...: 7019621: ACCEPTED IN 13 TRIES, (AVG 539970.8461538461)
[1, 4, 10, 23, 57, 132, 301, 701, 1654, 3859, 9116, 20148]...: 8101758: ACCEPTED IN 15 TRIES, (AVG 540117.2)
[1, 4, 10, 23, 57, 132, 301, 701, 1654, 3859, 9116, 20152]...: 7019462: ACCEPTED IN 13 TRIES, (AVG 539958.6153846154)
[1, 4, 10, 23, 57, 132, 301, 701, 1654, 3859, 9116, 20169]...: 8102291: ACCEPTED IN 15 TRIES, (AVG 540152.7333333333)
[1, 4, 10, 23, 57, 132, 301, 701, 1654, 3859, 9116, 20172]...: 6479350: ACCEPTED IN 12 TRIES, (AVG 539945.8333333334)
[1, 4, 10, 23, 57, 132, 301, 701, 1654, 3859, 9116, 20181]...: 17843312: ACCEPTED IN 33 TRIES, (AVG 540706.4242424242)
[1, 4, 10, 23, 57, 132, 301, 701, 1654, 3859, 9116, 20182]...: 12970592: ACCEPTED IN 24 TRIES, (AVG 540441.3333333334)
[1, 4, 10, 23, 57, 132, 301, 701, 1654, 3859, 9116, 20185]...: 12430680: ACCEPTED IN 23 TRIES, (AVG 540464.3478260869)
[1, 4, 10, 23, 57, 132, 301, 701, 1654, 3859, 9116, 20189]...: 23795912: ACCEPTED IN 44 TRIES, (AVG 540816.1818181818)
[1, 4, 10, 23, 57, 132, 301, 701, 1654, 3859, 9116, 20193]...: 17842786: ACCEPTED IN 33 TRIES, (AVG 540690.4848484849)
[1, 4, 10, 23, 57, 132, 301, 701, 1654, 3859, 9116, 20202]...: 8644034: ACCEPTED IN 16 TRIES, (AVG 540252.125)
[1, 4, 10, 23, 57, 132, 301, 701, 1654, 3859, 9116, 20206]...: 10266837: ACCEPTED IN 19 TRIES, (AVG 540359.8421052631)
[1, 4, 10, 23, 57, 132, 301, 701, 1654, 3859, 9116, 20210]...: 7020409: ACCEPTED IN 13 TRIES, (AVG 540031.4615384615)
[1, 4, 10, 23, 57, 132, 301, 701, 1654, 3859, 9116, 20218]...: 11891212: ACCEPTED IN 22 TRIES, (AVG 540509.6363636364)
[1, 4, 10, 23, 57, 132, 301, 701, 1654, 3859, 9116, 20222]...: 12972449: ACCEPTED IN 24 TRIES, (AVG 540518.7083333334)
[1, 4, 10, 23, 57, 132, 301, 701, 1654, 3859, 9116, 20226]...: 12431717: ACCEPTED IN 23 TRIES, (AVG 540509.4347826086)
[1, 4, 10, 23, 57, 132, 301, 701, 1654, 3859, 9116, 20230]...: 27042988: ACCEPTED IN 50 TRIES, (AVG 540859.76)
[1, 4, 10, 23, 57, 132, 301, 701, 1654, 3859, 9116, 20239]...: 12971659: ACCEPTED IN 24 TRIES, (AVG 540485.7916666666)
[1, 4, 10, 23, 57, 132, 301, 701, 1654, 3859, 9116, 20243]...: 4314348: ACCEPTED IN 8 TRIES, (AVG 539293.5)
[1, 4, 10, 23, 57, 132, 301, 701, 1654, 3859, 9116, 20247]...: 11888279: ACCEPTED IN 22 TRIES, (AVG 540376.3181818182)
[1, 4, 10, 23, 57, 132, 301, 701, 1654, 3859, 9116, 20251]...: 8101619: ACCEPTED IN 15 TRIES, (AVG 540107.9333333333)
[1, 4, 10, 23, 57, 132, 301, 701, 1654, 3859, 9116, 20255]...: 9184507: ACCEPTED IN 17 TRIES, (AVG 540265.1176470588)
[1, 4, 10, 23, 57, 132, 301, 701, 1654, 3859, 9116, 20263]...: 13512707: ACCEPTED IN 25 TRIES, (AVG 540508.28)
[1, 4, 10, 23, 57, 132, 301, 701, 1654, 3859, 9116, 20267]...: 7561182: ACCEPTED IN 14 TRIES, (AVG 540084.4285714285)
[1, 4, 10, 23, 57, 132, 301, 701, 1654, 3859, 9116, 20276]...: 8642679: ACCEPTED IN 16 TRIES, (AVG 540167.4375)
[1, 4, 10, 23, 57, 132, 301, 701, 1654, 3859, 9116, 20280]...: 12970897: ACCEPTED IN 24 TRIES, (AVG 540454.0416666666)
[1, 4, 10, 23, 57, 132, 301, 701, 1654, 3859, 9116, 20284]...: 7561673: ACCEPTED IN 14 TRIES, (AVG 540119.5)
[1, 4, 10, 23, 57, 132, 301, 701, 1654, 3859, 9116, 20301]...: 11349961: ACCEPTED IN 21 TRIES, (AVG 540474.3333333334)
[1, 4, 10, 23, 57, 132, 301, 701, 1654, 3859, 9116, 20304]...: 6476540: ACCEPTED IN 12 TRIES, (AVG 539711.6666666666)
[1, 4, 10, 23, 57, 132, 301, 701, 1654, 3859, 9116, 20313]...: 6479840: ACCEPTED IN 12 TRIES, (AVG 539986.6666666666)
[1, 4, 10, 23, 57, 132, 301, 701, 1654, 3859, 9116, 20314]...: 4315275: ACCEPTED IN 8 TRIES, (AVG 539409.375)
[1, 4, 10, 23, 57, 132, 301, 701, 1654, 3859, 9116, 20317]...: 7559280: ACCEPTED IN 14 TRIES, (AVG 539948.5714285715)
[1, 4, 10, 23, 57, 132, 301, 701, 1654, 3859, 9116, 20321]...: 11891040: ACCEPTED IN 22 TRIES, (AVG 540501.8181818182)
[1, 4, 10, 23, 57, 132, 301, 701, 1654, 3859, 9116, 20338]...: 8102928: ACCEPTED IN 15 TRIES, (AVG 540195.2)
[1, 4, 10, 23, 57, 132, 301, 701, 1654, 3859, 9116, 20342]...: 8103145: ACCEPTED IN 15 TRIES, (AVG 540209.6666666666)
[1, 4, 10, 23, 57, 132, 301, 701, 1654, 3859, 9116, 20350]...: 10808603: ACCEPTED IN 20 TRIES, (AVG 540430.15)
[1, 4, 10, 23, 57, 132, 301, 701, 1654, 3859, 9116, 20354]...: 8101609: ACCEPTED IN 15 TRIES, (AVG 540107.2666666667)
[1, 4, 10, 23, 57, 132, 301, 701, 1654, 3859, 9116, 20358]...: 8644090: ACCEPTED IN 16 TRIES, (AVG 540255.625)
[1, 4, 10, 23, 57, 132, 301, 701, 1654, 3859, 9116, 20362]...: 7560694: ACCEPTED IN 14 TRIES, (AVG 540049.5714285715)
[1, 4, 10, 23, 57, 132, 301, 701, 1654, 3859, 9116, 20371]...: 8100968: ACCEPTED IN 15 TRIES, (AVG 540064.5333333333)
[1, 4, 10, 23, 57, 132, 301, 701, 1654, 3859, 9116, 20375]...: 12430656: ACCEPTED IN 23 TRIES, (AVG 540463.304347826)
[1, 4, 10, 23, 57, 132, 301, 701, 1654, 3859, 9116, 20379]...: 27040464: ACCEPTED IN 50 TRIES, (AVG 540809.28)
[1, 4, 10, 23, 57, 132, 301, 701, 1654, 3859, 9116, 20383]...: 12432139: ACCEPTED IN 23 TRIES, (AVG 540527.7826086957)
[1, 4, 10, 23, 57, 132, 301, 701, 1654, 3859, 9116, 20387]...: 10267246: ACCEPTED IN 19 TRIES, (AVG 540381.3684210526)
[1, 4, 10, 23, 57, 132, 301, 701, 1654, 3859, 9116, 20395]...: 7019875: ACCEPTED IN 13 TRIES, (AVG 539990.3846153846)
[1, 4, 10, 23, 57, 132, 301, 701, 1654, 3859, 9116, 20399]...: 11890502: ACCEPTED IN 22 TRIES, (AVG 540477.3636363636)
[1, 4, 10, 23, 57, 132, 301, 701, 1654, 3859, 9116, 20408]...: 7560754: ACCEPTED IN 14 TRIES, (AVG 540053.8571428572)
[1, 4, 10, 23, 57, 132, 301, 701, 1654, 3859, 9116, 20412]...: 9185445: ACCEPTED IN 17 TRIES, (AVG 540320.2941176471)
[1, 4, 10, 23, 57, 132, 301, 701, 1654, 3859, 9116, 20416]...: 11889123: ACCEPTED IN 22 TRIES, (AVG 540414.6818181818)
[1, 4, 10, 23, 57, 132, 301, 701, 1654, 3859, 9116, 20424]...: 8643172: ACCEPTED IN 16 TRIES, (AVG 540198.25)
[1, 4, 10, 23, 57, 132, 301, 701, 1654, 3859, 9116, 20436]...: 13513237: ACCEPTED IN 25 TRIES, (AVG 540529.48)
[1, 4, 10, 23, 57, 132, 301, 701, 1654, 3859, 9116, 20445]...: 10265514: ACCEPTED IN 19 TRIES, (AVG 540290.2105263158)
[1, 4, 10, 23, 57, 132, 301, 701, 1654, 3859, 9116, 20446]...: 12432080: ACCEPTED IN 23 TRIES, (AVG 540525.2173913043)
[1, 4, 10, 23, 57, 132, 301, 701, 1654, 3859, 9116, 20449]...: 7561919: ACCEPTED IN 14 TRIES, (AVG 540137.0714285715)
[1, 4, 10, 23, 57, 132, 301, 701, 1654, 3859, 9116, 20453]...: 6478713: ACCEPTED IN 12 TRIES, (AVG 539892.75)
[1, 4, 10, 23, 57, 132, 301, 701, 1654, 3859, 9116, 20470]...: 12972577: ACCEPTED IN 24 TRIES, (AVG 540524.0416666666)
[1, 4, 10, 23, 57, 132, 301, 701, 1654, 3859, 9116, 20474]...: 8102779: ACCEPTED IN 15 TRIES, (AVG 540185.2666666667)
[1, 4, 10, 23, 57, 132, 301, 701, 1654, 3859, 9116, 20482]...: 11349897: ACCEPTED IN 21 TRIES, (AVG 540471.2857142857)
[1, 4, 10, 23, 57, 132, 301, 701, 1654, 3859, 9116, 20483]...: 12431196: ACCEPTED IN 23 TRIES, (AVG 540486.7826086957)
[1, 4, 10, 23, 57, 132, 301, 701, 1654, 3859, 9116, 20486]...: 20548499: ACCEPTED IN 38 TRIES, (AVG 540749.9736842106)
[1, 4, 10, 23, 57, 132, 301, 701, 1654, 3859, 9116, 20490]...: 8103084: ACCEPTED IN 15 TRIES, (AVG 540205.6)
[1, 4, 10, 23, 57, 132, 301, 701, 1654, 3859, 9116, 20494]...: 12431440: ACCEPTED IN 23 TRIES, (AVG 540497.3913043478)
[1, 4, 10, 23, 57, 132, 301, 701, 1654, 3859, 9116, 20503]...: 7018540: ACCEPTED IN 13 TRIES, (AVG 539887.6923076923)
[1, 4, 10, 23, 57, 132, 301, 701, 1654, 3859, 9116, 20507]...: 9726096: ACCEPTED IN 18 TRIES, (AVG 540338.6666666666)
[1, 4, 10, 23, 57, 132, 301, 701, 1654, 3859, 9116, 20511]...: 8643956: ACCEPTED IN 16 TRIES, (AVG 540247.25)
[1, 4, 10, 23, 57, 132, 301, 701, 1654, 3859, 9116, 20515]...: 7559617: ACCEPTED IN 14 TRIES, (AVG 539972.6428571428)
[1, 4, 10, 23, 57, 132, 301, 701, 1654, 3859, 9116, 20519]...: 12971402: ACCEPTED IN 24 TRIES, (AVG 540475.0833333334)
[1, 4, 10, 23, 57, 132, 301, 701, 1654, 3859, 9116, 20523]...: 8642832: ACCEPTED IN 16 TRIES, (AVG 540177.0)
[1, 4, 10, 23, 57, 132, 301, 701, 1654, 3859, 9116, 20527]...: 11890041: ACCEPTED IN 22 TRIES, (AVG 540456.4090909091)
[1, 4, 10, 23, 57, 132, 301, 701, 1654, 3859, 9116, 20531]...: 8643130: ACCEPTED IN 16 TRIES, (AVG 540195.625)
[1, 4, 10, 23, 57, 132, 301, 701, 1654, 3859, 9116, 20540]...: 8641170: ACCEPTED IN 16 TRIES, (AVG 540073.125)
[1, 4, 10, 23, 57, 132, 301, 701, 1654, 3859, 9116, 20544]...: 11888672: ACCEPTED IN 22 TRIES, (AVG 540394.1818181818)
[1, 4, 10, 23, 57, 132, 301, 701, 1654, 3859, 9116, 20548]...: 6478747: ACCEPTED IN 12 TRIES, (AVG 539895.5833333334)
[1, 4, 10, 23, 57, 132, 301, 701, 1654, 3859, 9116, 20556]...: 7020460: ACCEPTED IN 13 TRIES, (AVG 540035.3846153846)
[1, 4, 10, 23, 57, 132, 301, 701, 1654, 3859, 9116, 20568]...: 6478095: ACCEPTED IN 12 TRIES, (AVG 539841.25)
[1, 4, 10, 23, 57, 132, 301, 701, 1654, 3859, 9116, 20577]...: 11890195: ACCEPTED IN 22 TRIES, (AVG 540463.4090909091)
[1, 4, 10, 23, 57, 132, 301, 701, 1654, 3859, 9116, 20581]...: 14053744: ACCEPTED IN 26 TRIES, (AVG 540528.6153846154)
[1, 4, 10, 23, 57, 132, 301, 701, 1654, 3859, 9116, 20585]...: 13513502: ACCEPTED IN 25 TRIES, (AVG 540540.08)
[1, 4, 10, 23, 57, 132, 301, 701, 1654, 3859, 9116, 20602]...: 12972269: ACCEPTED IN 24 TRIES, (AVG 540511.2083333334)
[1, 4, 10, 23, 57, 132, 301, 701, 1654, 3859, 9116, 20606]...: 6477446: ACCEPTED IN 12 TRIES, (AVG 539787.1666666666)
[1, 4, 10, 23, 57, 132, 301, 701, 1654, 3859, 9116, 20614]...: 6479830: ACCEPTED IN 12 TRIES, (AVG 539985.8333333334)
[1, 4, 10, 23, 57, 132, 301, 701, 1654, 3859, 9116, 20615]...: 7020387: ACCEPTED IN 13 TRIES, (AVG 540029.7692307692)
[1, 4, 10, 23, 57, 132, 301, 701, 1654, 3859, 9116, 20618]...: 8643223: ACCEPTED IN 16 TRIES, (AVG 540201.4375)
[1, 4, 10, 23, 57, 132, 301, 701, 1654, 3859, 9116, 20622]...: 4314932: ACCEPTED IN 8 TRIES, (AVG 539366.5)
[1, 4, 10, 23, 57, 132, 301, 701, 1654, 3859, 9116, 20631]...: 11888008: ACCEPTED IN 22 TRIES, (AVG 540364.0)
[1, 4, 10, 23, 57, 132, 301, 701, 1654, 3859, 9116, 20635]...: 10265083: ACCEPTED IN 19 TRIES, (AVG 540267.5263157894)
[1, 4, 10, 23, 57, 132, 301, 701, 1654, 3859, 9116, 20639]...: 12972955: ACCEPTED IN 24 TRIES, (AVG 540539.7916666666)
[1, 4, 10, 23, 57, 132, 301, 701, 1654, 3859, 9116, 20643]...: 11890881: ACCEPTED IN 22 TRIES, (AVG 540494.5909090909)
[1, 4, 10, 23, 57, 132, 301, 701, 1654, 3859, 9116, 20647]...: 6479513: ACCEPTED IN 12 TRIES, (AVG 539959.4166666666)
[1, 4, 10, 23, 57, 132, 301, 701, 1654, 3859, 9116, 20651]...: 6478435: ACCEPTED IN 12 TRIES, (AVG 539869.5833333334)
[1, 4, 10, 23, 57, 132, 301, 701, 1654, 3859, 9116, 20655]...: 10808669: ACCEPTED IN 20 TRIES, (AVG 540433.45)
[1, 4, 10, 23, 57, 132, 301, 701, 1654, 3859, 9116, 20659]...: 7562110: ACCEPTED IN 14 TRIES, (AVG 540150.7142857143)
[1, 4, 10, 23, 57, 132, 301, 701, 1654, 3859, 9116, 20663]...: 10266846: ACCEPTED IN 19 TRIES, (AVG 540360.3157894737)
[1, 4, 10, 23, 57, 132, 301, 701, 1654, 3859, 9116, 20672]...: 8643522: ACCEPTED IN 16 TRIES, (AVG 540220.125)
[1, 4, 10, 23, 57, 132, 301, 701, 1654, 3859, 9116, 20676]...: 12971998: ACCEPTED IN 24 TRIES, (AVG 540499.9166666666)
[1, 4, 10, 23, 57, 132, 301, 701, 1654, 3859, 9116, 20680]...: 7020047: ACCEPTED IN 13 TRIES, (AVG 540003.6153846154)
[1, 4, 10, 23, 57, 132, 301, 701, 1654, 3859, 9116, 20688]...: 9185153: ACCEPTED IN 17 TRIES, (AVG 540303.1176470588)
[1, 4, 10, 23, 57, 132, 301, 701, 1654, 3859, 9116, 20700]...: 6479047: ACCEPTED IN 12 TRIES, (AVG 539920.5833333334)
[1, 4, 10, 23, 57, 132, 301, 701, 1654, 3859, 9116, 20709]...: 8102817: ACCEPTED IN 15 TRIES, (AVG 540187.8)
[1, 4, 10, 23, 57, 132, 301, 701, 1654, 3859, 9116, 20713]...: 5397031: ACCEPTED IN 10 TRIES, (AVG 539703.1)
[1, 4, 10, 23, 57, 132, 301, 701, 1654, 3859, 9116, 20717]...: 6479063: ACCEPTED IN 12 TRIES, (AVG 539921.9166666666)
[1, 4, 10, 23, 57, 132, 301, 701, 1654, 3859, 9116, 20726]...: 11890512: ACCEPTED IN 22 TRIES, (AVG 540477.8181818182)
[1, 4, 10, 23, 57, 132, 301, 701, 1654, 3859, 9116, 20738]...: 13514300: ACCEPTED IN 25 TRIES, (AVG 540572.0)
[1, 4, 10, 23, 57, 132, 301, 701, 1654, 3859, 9116, 20746]...: 11891127: ACCEPTED IN 22 TRIES, (AVG 540505.7727272727)
[1, 4, 10, 23, 57, 132, 301, 701, 1654, 3859, 9116, 20747]...: 10806656: ACCEPTED IN 20 TRIES, (AVG 540332.8)
[1, 4, 10, 23, 57, 132, 301, 701, 1654, 3859, 9116, 20750]...: 12431066: ACCEPTED IN 23 TRIES, (AVG 540481.1304347826)
[1, 4, 10, 23, 57, 132, 301, 701, 1654, 3859, 9116, 20754]...: 6478789: ACCEPTED IN 12 TRIES, (AVG 539899.0833333334)
[1, 4, 10, 23, 57, 132, 301, 701, 1654, 3859, 9116, 20763]...: 7020445: ACCEPTED IN 13 TRIES, (AVG 540034.2307692308)
[1, 4, 10, 23, 57, 132, 301, 701, 1654, 3859, 9116, 20767]...: 11348005: ACCEPTED IN 21 TRIES, (AVG 540381.1904761905)
[1, 4, 10, 23, 57, 132, 301, 701, 1654, 3859, 9116, 20771]...: 8102357: ACCEPTED IN 15 TRIES, (AVG 540157.1333333333)
[1, 4, 10, 23, 57, 132, 301, 701, 1654, 3859, 9116, 20775]...: 12972569: ACCEPTED IN 24 TRIES, (AVG 540523.7083333334)
[1, 4, 10, 23, 57, 132, 301, 701, 1654, 3859, 9116, 20779]...: 7020639: ACCEPTED IN 13 TRIES, (AVG 540049.1538461539)
[1, 4, 10, 23, 57, 132, 301, 701, 1654, 3859, 9116, 20783]...: 12430408: ACCEPTED IN 23 TRIES, (AVG 540452.5217391305)
[1, 4, 10, 23, 57, 132, 301, 701, 1654, 3859, 9116, 20784]...: 7561040: ACCEPTED IN 14 TRIES, (AVG 540074.2857142857)
[1, 4, 10, 23, 57, 132, 301, 701, 1654, 3859, 9116, 20787]...: 11349571: ACCEPTED IN 21 TRIES, (AVG 540455.7619047619)
[1, 4, 10, 23, 57, 132, 301, 701, 1654, 3859, 9116, 20791]...: 8642898: ACCEPTED IN 16 TRIES, (AVG 540181.125)
[1, 4, 10, 23, 57, 132, 301, 701, 1654, 3859, 9116, 20795]...: 7019402: ACCEPTED IN 13 TRIES, (AVG 539954.0)
[1, 4, 10, 23, 57, 132, 301, 701, 1654, 3859, 9116, 20804]...: 8642665: ACCEPTED IN 16 TRIES, (AVG 540166.5625)
[1, 4, 10, 23, 57, 132, 301, 701, 1654, 3859, 9116, 20808]...: 8102765: ACCEPTED IN 15 TRIES, (AVG 540184.3333333334)
[1, 4, 10, 23, 57, 132, 301, 701, 1654, 3859, 9116, 20812]...: 10808494: ACCEPTED IN 20 TRIES, (AVG 540424.7)
[1, 4, 10, 23, 57, 132, 301, 701, 1654, 3859, 9116, 20820]...: 8102687: ACCEPTED IN 15 TRIES, (AVG 540179.1333333333)
[1, 4, 10, 23, 57, 132, 301, 701, 1654, 3859, 9116, 20824]...: 11888866: ACCEPTED IN 22 TRIES, (AVG 540403.0)
[1, 4, 10, 23, 57, 132, 301, 701, 1654, 3859, 9116, 20841]...: 8644018: ACCEPTED IN 16 TRIES, (AVG 540251.125)
[1, 4, 10, 23, 57, 132, 301, 701, 1654, 3859, 9116, 20845]...: 6478308: ACCEPTED IN 12 TRIES, (AVG 539859.0)
[1, 4, 10, 23, 57, 132, 301, 701, 1654, 3859, 9116, 20849]...: 6477956: ACCEPTED IN 12 TRIES, (AVG 539829.6666666666)
[1, 4, 10, 23, 57, 132, 301, 701, 1654, 3859, 9116, 20858]...: 4855338: ACCEPTED IN 9 TRIES, (AVG 539482.0)
[1, 4, 10, 23, 57, 132, 301, 701, 1654, 3859, 9116, 20870]...: 7019433: ACCEPTED IN 13 TRIES, (AVG 539956.3846153846)
[1, 4, 10, 23, 57, 132, 301, 701, 1654, 3859, 9116, 20878]...: 9185286: ACCEPTED IN 17 TRIES, (AVG 540310.9411764706)
[1, 4, 10, 23, 57, 132, 301, 701, 1654, 3859, 9116, 20882]...: 11890776: ACCEPTED IN 22 TRIES, (AVG 540489.8181818182)
[1, 4, 10, 23, 57, 132, 301, 701, 1654, 3859, 9116, 20883]...: 23254494: ACCEPTED IN 43 TRIES, (AVG 540802.1860465116)
[1, 4, 10, 23, 57, 132, 301, 701, 1654, 3859, 9116, 20886]...: 7561596: ACCEPTED IN 14 TRIES, (AVG 540114.0)
[1, 4, 10, 23, 57, 132, 301, 701, 1654, 3859, 9116, 20895]...: 8641781: ACCEPTED IN 16 TRIES, (AVG 540111.3125)
[1, 4, 10, 23, 57, 132, 301, 701, 1654, 3859, 9116, 20899]...: 7019025: ACCEPTED IN 13 TRIES, (AVG 539925.0)
[1, 4, 10, 23, 57, 132, 301, 701, 1654, 3859, 9116, 20903]...: 6479175: ACCEPTED IN 12 TRIES, (AVG 539931.25)
[1, 4, 10, 23, 57, 132, 301, 701, 1654, 3859, 9116, 20907]...: 11890497: ACCEPTED IN 22 TRIES, (AVG 540477.1363636364)
[1, 4, 10, 23, 57, 132, 301, 701, 1654, 3859, 9116, 20911]...: 6479637: ACCEPTED IN 12 TRIES, (AVG 539969.75)
[1, 4, 10, 23, 57, 132, 301, 701, 1654, 3859, 9116, 20915]...: 12432161: ACCEPTED IN 23 TRIES, (AVG 540528.7391304348)
[1, 4, 10, 23, 57, 132, 301, 701, 1654, 3859, 9116, 20916]...: 8643520: ACCEPTED IN 16 TRIES, (AVG 540220.0)
[1, 4, 10, 23, 57, 132, 301, 701, 1654, 3859, 9116, 20919]...: 7019179: ACCEPTED IN 13 TRIES, (AVG 539936.8461538461)
[1, 4, 10, 23, 57, 132, 301, 701, 1654, 3859, 9116, 20923]...: 6478286: ACCEPTED IN 12 TRIES, (AVG 539857.1666666666)
[1, 4, 10, 23, 57, 132, 301, 701, 1654, 3859, 9116, 20932]...: 7560761: ACCEPTED IN 14 TRIES, (AVG 540054.3571428572)
[1, 4, 10, 23, 57, 132, 301, 701, 1654, 3859, 9116, 20936]...: 6477679: ACCEPTED IN 12 TRIES, (AVG 539806.5833333334)
[1, 4, 10, 23, 57, 132, 301, 701, 1654, 3859, 9116, 20940]...: 6479116: ACCEPTED IN 12 TRIES, (AVG 539926.3333333334)
[1, 4, 10, 23, 57, 132, 301, 701, 1654, 3859, 9116, 20944]...: 8103137: ACCEPTED IN 15 TRIES, (AVG 540209.1333333333)
[1, 4, 10, 23, 57, 132, 301, 701, 1654, 3859, 9116, 20952]...: 7020340: ACCEPTED IN 13 TRIES, (AVG 540026.1538461539)
[1, 4, 10, 23, 57, 132, 301, 701, 1654, 3859, 9116, 20956]...: 10267192: ACCEPTED IN 19 TRIES, (AVG 540378.5263157894)
[1, 4, 10, 23, 57, 132, 301, 701, 1654, 3859, 9116, 20973]...: 11888069: ACCEPTED IN 22 TRIES, (AVG 540366.7727272727)
[1, 4, 10, 23, 57, 132, 301, 701, 1654, 3859, 9116, 20977]...: 11889590: ACCEPTED IN 22 TRIES, (AVG 540435.9090909091)
[1, 4, 10, 23, 57, 132, 301, 701, 1654, 3859, 9116, 20981]...: 6479527: ACCEPTED IN 12 TRIES, (AVG 539960.5833333334)
[1, 4, 10, 23, 57, 132, 301, 701, 1654, 3859, 9116, 20990]...: 8103027: ACCEPTED IN 15 TRIES, (AVG 540201.8)
[1, 4, 10, 23, 57, 132, 301, 701, 1654, 3859, 9116, 21002]...: 4315214: ACCEPTED IN 8 TRIES, (AVG 539401.75)
[1, 4, 10, 23, 57, 132, 301, 701, 1654, 3859, 9116, 21010]...: 13513218: ACCEPTED IN 25 TRIES, (AVG 540528.72)
[1, 4, 10, 23, 57, 132, 301, 701, 1654, 3859, 9116, 21014]...: 7020921: ACCEPTED IN 13 TRIES, (AVG 540070.8461538461)
[1, 4, 10, 23, 57, 132, 301, 701, 1654, 3859, 9116, 21015]...: 6479697: ACCEPTED IN 12 TRIES, (AVG 539974.75)
[1, 4, 10, 23, 57, 132, 301, 701, 1654, 3859, 9116, 21018]...: 11889643: ACCEPTED IN 22 TRIES, (AVG 540438.3181818182)
[1, 4, 10, 23, 57, 132, 301, 701, 1654, 3859, 9116, 21027]...: 7560752: ACCEPTED IN 14 TRIES, (AVG 540053.7142857143)
[1, 4, 10, 23, 57, 132, 301, 701, 1654, 3859, 9116, 21031]...: 6478691: ACCEPTED IN 12 TRIES, (AVG 539890.9166666666)
[1, 4, 10, 23, 57, 132, 301, 701, 1654, 3859, 9116, 21039]...: 5396802: ACCEPTED IN 10 TRIES, (AVG 539680.2)
[1, 4, 10, 23, 57, 132, 301, 701, 1654, 3859, 9116, 21043]...: 9185441: ACCEPTED IN 17 TRIES, (AVG 540320.0588235294)
[1, 4, 10, 23, 57, 132, 301, 701, 1654, 3859, 9116, 21047]...: 8101522: ACCEPTED IN 15 TRIES, (AVG 540101.4666666667)
[1, 4, 10, 23, 57, 132, 301, 701, 1654, 3859, 9116, 21048]...: 5397319: ACCEPTED IN 10 TRIES, (AVG 539731.9)
[1, 4, 10, 23, 57, 132, 301, 701, 1654, 3859, 9116, 21051]...: 7019449: ACCEPTED IN 13 TRIES, (AVG 539957.6153846154)
[1, 4, 10, 23, 57, 132, 301, 701, 1654, 3859, 9116, 21055]...: 6478345: ACCEPTED IN 12 TRIES, (AVG 539862.0833333334)
[1, 4, 10, 23, 57, 132, 301, 701, 1654, 3859, 9116, 21064]...: 7019894: ACCEPTED IN 13 TRIES, (AVG 539991.8461538461)
[1, 4, 10, 23, 57, 132, 301, 701, 1654, 3859, 9116, 21068]...: 9183389: ACCEPTED IN 17 TRIES, (AVG 540199.3529411765)
[1, 4, 10, 23, 57, 132, 301, 701, 1654, 3859, 9116, 21072]...: 5397474: ACCEPTED IN 10 TRIES, (AVG 539747.4)
[1, 4, 10, 23, 57, 132, 301, 701, 1654, 3859, 9116, 21076]...: 7560520: ACCEPTED IN 14 TRIES, (AVG 540037.1428571428)
[1, 4, 10, 23, 57, 132, 301, 701, 1654, 3859, 9116, 21084]...: 10266790: ACCEPTED IN 19 TRIES, (AVG 540357.3684210526)
[1, 4, 10, 23, 57, 132, 301, 701, 1654, 3859, 9116, 21085]...: 5396482: ACCEPTED IN 10 TRIES, (AVG 539648.2)
[1, 4, 10, 23, 57, 132, 301, 701, 1654, 3859, 9116, 21088]...: 8102596: ACCEPTED IN 15 TRIES, (AVG 540173.0666666667)
[1, 4, 10, 23, 57, 132, 301, 701, 1654, 3859, 9116, 21105]...: 8102551: ACCEPTED IN 15 TRIES, (AVG 540170.0666666667)
[1, 4, 10, 23, 57, 132, 301, 701, 1654, 3859, 9116, 21109]...: 7561138: ACCEPTED IN 14 TRIES, (AVG 540081.2857142857)
[1, 4, 10, 23, 57, 132, 301, 701, 1654, 3859, 9116, 21113]...: 7017506: ACCEPTED IN 13 TRIES, (AVG 539808.1538461539)
[1, 4, 10, 23, 57, 132, 301, 701, 1654, 3859, 9116, 21122]...: 8101725: ACCEPTED IN 15 TRIES, (AVG 540115.0)
[1, 4, 10, 23, 57, 132, 301, 701, 1654, 3859, 9116, 21125]...: 3772653: ACCEPTED IN 7 TRIES, (AVG 538950.4285714285)
[1, 4, 10, 23, 57, 132, 301, 701, 1654, 3859, 9116, 21142]...: 10267552: ACCEPTED IN 19 TRIES, (AVG 540397.4736842106)
[1, 4, 10, 23, 57, 132, 301, 701, 1654, 3859, 9116, 21146]...: 7020431: ACCEPTED IN 13 TRIES, (AVG 540033.1538461539)
[1, 4, 10, 23, 57, 132, 301, 701, 1654, 3859, 9116, 21147]...: 7019775: ACCEPTED IN 13 TRIES, (AVG 539982.6923076923)
[1, 4, 10, 23, 57, 132, 301, 701, 1654, 3859, 9116, 21150]...: 4313337: ACCEPTED IN 8 TRIES, (AVG 539167.125)
[1, 4, 10, 23, 57, 132, 301, 701, 1654, 3859, 9116, 21159]...: 8103194: ACCEPTED IN 15 TRIES, (AVG 540212.9333333333)
[1, 4, 10, 23, 57, 132, 301, 701, 1654, 3859, 9116, 21163]...: 7018036: ACCEPTED IN 13 TRIES, (AVG 539848.9230769231)
[1, 4, 10, 23, 57, 132, 301, 701, 1654, 3859, 9116, 21171]...: 7019903: ACCEPTED IN 13 TRIES, (AVG 539992.5384615385)
[1, 4, 10, 23, 57, 132, 301, 701, 1654, 3859, 9116, 21175]...: 5397528: ACCEPTED IN 10 TRIES, (AVG 539752.8)
[1, 4, 10, 23, 57, 132, 301, 701, 1654, 3859, 9116, 21176]...: 7019829: ACCEPTED IN 13 TRIES, (AVG 539986.8461538461)
[1, 4, 10, 23, 57, 132, 301, 701, 1654, 3859, 9116, 21179]...: 10267002: ACCEPTED IN 19 TRIES, (AVG 540368.5263157894)
[1, 4, 10, 23, 57, 132, 301, 701, 1654, 3859, 9116, 21183]...: 7020412: ACCEPTED IN 13 TRIES, (AVG 540031.6923076923)
[1, 4, 10, 23, 57, 132, 301, 701, 1654, 3859, 9116, 21184]...: 13514618: ACCEPTED IN 25 TRIES, (AVG 540584.72)
[1, 4, 10, 23, 57, 132, 301, 701, 1654, 3859, 9116, 21187]...: 8101772: ACCEPTED IN 15 TRIES, (AVG 540118.1333333333)
[1, 4, 10, 23, 57, 132, 301, 701, 1654, 3859, 9116, 21196]...: 7020666: ACCEPTED IN 13 TRIES, (AVG 540051.2307692308)
[1, 4, 10, 23, 57, 132, 301, 701, 1654, 3859, 9116, 21200]...: 4312977: ACCEPTED IN 8 TRIES, (AVG 539122.125)
[1, 4, 10, 23, 57, 132, 301, 701, 1654, 3859, 9116, 21204]...: 7561416: ACCEPTED IN 14 TRIES, (AVG 540101.1428571428)
[1, 4, 10, 23, 57, 132, 301, 701, 1654, 3859, 9116, 21208]...: 9725628: ACCEPTED IN 18 TRIES, (AVG 540312.6666666666)
[1, 4, 10, 23, 57, 132, 301, 701, 1654, 3859, 9116, 21216]...: 4312836: ACCEPTED IN 8 TRIES, (AVG 539104.5)
[1, 4, 10, 23, 57, 132, 301, 701, 1654, 3859, 9116, 21217]...: 7019203: ACCEPTED IN 13 TRIES, (AVG 539938.6923076923)
[1, 4, 10, 23, 57, 132, 301, 701, 1654, 3859, 9116, 21220]...: 5397202: ACCEPTED IN 10 TRIES, (AVG 539720.2)
[1, 4, 10, 23, 57, 132, 301, 701, 1654, 3859, 9116, 21224]...: 4311777: ACCEPTED IN 8 TRIES, (AVG 538972.125)
[1, 4, 10, 23, 57, 132, 301, 701, 1654, 3859, 9116, 21233]...: 10807880: ACCEPTED IN 20 TRIES, (AVG 540394.0)
[1, 4, 10, 23, 57, 132, 301, 701, 1654, 3859, 9116, 21237]...: 8641139: ACCEPTED IN 16 TRIES, (AVG 540071.1875)
[1, 4, 10, 23, 57, 132, 301, 701, 1654, 3859, 9116, 21241]...: 11889618: ACCEPTED IN 22 TRIES, (AVG 540437.1818181818)
[1, 4, 10, 23, 57, 132, 301, 701, 1654, 3859, 9116, 21245]...: 11886400: ACCEPTED IN 22 TRIES, (AVG 540290.9090909091)
[1, 4, 10, 23, 57, 132, 301, 701, 1654, 3859, 9116, 21254]...: 10808532: ACCEPTED IN 20 TRIES, (AVG 540426.6)
[1, 4, 10, 23, 57, 132, 301, 701, 1654, 3859, 9116, 21257]...: 8643645: ACCEPTED IN 16 TRIES, (AVG 540227.8125)
[1, 4, 10, 23, 57, 132, 301, 701, 1654, 3859, 9116, 21274]...: 6478602: ACCEPTED IN 12 TRIES, (AVG 539883.5)
[1, 4, 10, 23, 57, 132, 301, 701, 1654, 3859, 9116, 21278]...: 5937861: ACCEPTED IN 11 TRIES, (AVG 539805.5454545454)
[1, 4, 10, 23, 57, 132, 301, 701, 1654, 3859, 9116, 21282]...: 11887262: ACCEPTED IN 22 TRIES, (AVG 540330.0909090909)
[1, 4, 10, 23, 57, 132, 301, 701, 1654, 3859, 9116, 21291]...: 8101699: ACCEPTED IN 15 TRIES, (AVG 540113.2666666667)
[1, 4, 10, 23, 57, 132, 301, 701, 1654, 3859, 9116, 21295]...: 6478967: ACCEPTED IN 12 TRIES, (AVG 539913.9166666666)
[1, 4, 10, 23, 57, 132, 301, 701, 1654, 3859, 9116, 21303]...: 4855786: ACCEPTED IN 9 TRIES, (AVG 539531.7777777778)
[1, 4, 10, 23, 57, 132, 301, 701, 1654, 3859, 9116, 21307]...: 8644151: ACCEPTED IN 16 TRIES, (AVG 540259.4375)
[1, 4, 10, 23, 57, 132, 301, 701, 1654, 3859, 9116, 21308]...: 8643881: ACCEPTED IN 16 TRIES, (AVG 540242.5625)
[1, 4, 10, 23, 57, 132, 301, 701, 1654, 3859, 9116, 21311]...: 5937703: ACCEPTED IN 11 TRIES, (AVG 539791.1818181818)
[1, 4, 10, 23, 57, 132, 301, 701, 1654, 3859, 9116, 21315]...: 6478162: ACCEPTED IN 12 TRIES, (AVG 539846.8333333334)
[1, 4, 10, 23, 57, 132, 301, 701, 1654, 3859, 9116, 21316]...: 8640701: ACCEPTED IN 16 TRIES, (AVG 540043.8125)
[1, 4, 10, 23, 57, 132, 301, 701, 1654, 3859, 9116, 21319]...: 7020883: ACCEPTED IN 13 TRIES, (AVG 540067.9230769231)
[1, 4, 10, 23, 57, 132, 301, 701, 1654, 3859, 9116, 21328]...: 6479455: ACCEPTED IN 12 TRIES, (AVG 539954.5833333334)
[1, 4, 10, 23, 57, 132, 301, 701, 1654, 3859, 9116, 21332]...: 10267403: ACCEPTED IN 19 TRIES, (AVG 540389.6315789474)
[1, 4, 10, 23, 57, 132, 301, 701, 1654, 3859, 9116, 21336]...: 11891076: ACCEPTED IN 22 TRIES, (AVG 540503.4545454546)
[1, 4, 10, 23, 57, 132, 301, 701, 1654, 3859, 9116, 21340]...: 7020519: ACCEPTED IN 13 TRIES, (AVG 540039.9230769231)
[1, 4, 10, 23, 57, 132, 301, 701, 1654, 3859, 9116, 21348]...: 3772939: ACCEPTED IN 7 TRIES, (AVG 538991.2857142857)
[1, 4, 10, 23, 57, 132, 301, 701, 1654, 3859, 9116, 21349]...: 6479431: ACCEPTED IN 12 TRIES, (AVG 539952.5833333334)
[1, 4, 10, 23, 57, 132, 301, 701, 1654, 3859, 9116, 21352]...: 12431038: ACCEPTED IN 23 TRIES, (AVG 540479.9130434783)
[1, 4, 10, 23, 57, 132, 301, 701, 1654, 3859, 9116, 21356]...: 4855298: ACCEPTED IN 9 TRIES, (AVG 539477.5555555555)
[1, 4, 10, 23, 57, 132, 301, 701, 1654, 3859, 9116, 21365]...: 7020954: ACCEPTED IN 13 TRIES, (AVG 540073.3846153846)
[1, 4, 10, 23, 57, 132, 301, 701, 1654, 3859, 9116, 21369]...: 6478528: ACCEPTED IN 12 TRIES, (AVG 539877.3333333334)
[1, 4, 10, 23, 57, 132, 301, 701, 1654, 3859, 9116, 21373]...: 12431372: ACCEPTED IN 23 TRIES, (AVG 540494.4347826086)
[1, 4, 10, 23, 57, 132, 301, 701, 1654, 3859, 9116, 21377]...: 8642533: ACCEPTED IN 16 TRIES, (AVG 540158.3125)
[1, 4, 10, 23, 57, 132, 301, 701, 1654, 3859, 9116, 21386]...: 6478370: ACCEPTED IN 12 TRIES, (AVG 539864.1666666666)
[1, 4, 10, 23, 57, 132, 301, 701, 1654, 3859, 9116, 21389]...: 12972696: ACCEPTED IN 24 TRIES, (AVG 540529.0)
[1, 4, 10, 23, 57, 132, 301, 701, 1654, 3859, 9116, 21406]...: 8101519: ACCEPTED IN 15 TRIES, (AVG 540101.2666666667)
[1, 4, 10, 23, 57, 132, 301, 701, 1654, 3859, 9116, 21410]...: 5396651: ACCEPTED IN 10 TRIES, (AVG 539665.1)
[1, 4, 10, 23, 57, 132, 301, 701, 1654, 3859, 9116, 21414]...: 8642491: ACCEPTED IN 16 TRIES, (AVG 540155.6875)
[1, 4, 10, 23, 57, 132, 301, 701, 1654, 3859, 9116, 21423]...: 8101975: ACCEPTED IN 15 TRIES, (AVG 540131.6666666666)
[1, 4, 10, 23, 57, 132, 301, 701, 1654, 3859, 9116, 21427]...: 5938184: ACCEPTED IN 11 TRIES, (AVG 539834.9090909091)
[1, 4, 10, 23, 57, 132, 301, 701, 1654, 3859, 9116, 21439]...: 8643811: ACCEPTED IN 16 TRIES, (AVG 540238.1875)
[1, 4, 10, 23, 57, 132, 301, 701, 1654, 3859, 9116, 21440]...: 7020153: ACCEPTED IN 13 TRIES, (AVG 540011.7692307692)
[1, 4, 10, 23, 57, 132, 301, 701, 1654, 3859, 9116, 21443]...: 11890728: ACCEPTED IN 22 TRIES, (AVG 540487.6363636364)
[1, 4, 10, 23, 57, 132, 301, 701, 1654, 3859, 9116, 21447]...: 5394210: ACCEPTED IN 10 TRIES, (AVG 539421.0)
[1, 4, 10, 23, 57, 132, 301, 701, 1654, 3859, 9116, 21448]...: 4312117: ACCEPTED IN 8 TRIES, (AVG 539014.625)
[1, 4, 10, 23, 57, 132, 301, 701, 1654, 3859, 9116, 21451]...: 5937335: ACCEPTED IN 11 TRIES, (AVG 539757.7272727273)
[1, 4, 10, 23, 57, 132, 301, 701, 1654, 3859, 9116, 21460]...: 9726606: ACCEPTED IN 18 TRIES, (AVG 540367.0)
[1, 4, 10, 23, 57, 132, 301, 701, 1654, 3859, 9116, 21464]...: 6479742: ACCEPTED IN 12 TRIES, (AVG 539978.5)
[1, 4, 10, 23, 57, 132, 301, 701, 1654, 3859, 9116, 21468]...: 6476967: ACCEPTED IN 12 TRIES, (AVG 539747.25)
[1, 4, 10, 23, 57, 132, 301, 701, 1654, 3859, 9116, 21472]...: 7018914: ACCEPTED IN 13 TRIES, (AVG 539916.4615384615)
[1, 4, 10, 23, 57, 132, 301, 701, 1654, 3859, 9116, 21476]...: 11889366: ACCEPTED IN 22 TRIES, (AVG 540425.7272727273)
[1, 4, 10, 23, 57, 132, 301, 701, 1654, 3859, 9116, 21477]...: 6479778: ACCEPTED IN 12 TRIES, (AVG 539981.5)
[1, 4, 10, 23, 57, 132, 301, 701, 1654, 3859, 9116, 21480]...: 6479492: ACCEPTED IN 12 TRIES, (AVG 539957.6666666666)
[1, 4, 10, 23, 57, 132, 301, 701, 1654, 3859, 9116, 21481]...: 3774109: ACCEPTED IN 7 TRIES, (AVG 539158.4285714285)
[1, 4, 10, 23, 57, 132, 301, 701, 1654, 3859, 9116, 21484]...: 12429985: ACCEPTED IN 23 TRIES, (AVG 540434.1304347826)
[1, 4, 10, 23, 57, 132, 301, 701, 1654, 3859, 9116, 21485]...: 6478112: ACCEPTED IN 12 TRIES, (AVG 539842.6666666666)
[1, 4, 10, 23, 57, 132, 301, 701, 1654, 3859, 9116, 21488]...: 7561709: ACCEPTED IN 14 TRIES, (AVG 540122.0714285715)
[1, 4, 10, 23, 57, 132, 301, 701, 1654, 3859, 9116, 21497]...: 4312671: ACCEPTED IN 8 TRIES, (AVG 539083.875)
[1, 4, 10, 23, 57, 132, 301, 701, 1654, 3859, 9116, 21501]...: 6478697: ACCEPTED IN 12 TRIES, (AVG 539891.4166666666)
[1, 4, 10, 23, 57, 132, 301, 701, 1654, 3859, 9116, 21505]...: 6477986: ACCEPTED IN 12 TRIES, (AVG 539832.1666666666)
[1, 4, 10, 23, 57, 132, 301, 701, 1654, 3859, 9116, 21509]...: 6477712: ACCEPTED IN 12 TRIES, (AVG 539809.3333333334)
[1, 4, 10, 23, 57, 132, 301, 701, 1654, 3859, 9116, 21518]...: 8643660: ACCEPTED IN 16 TRIES, (AVG 540228.75)
[1, 4, 10, 23, 57, 132, 301, 701, 1654, 3859, 9116, 21521]...: 8102831: ACCEPTED IN 15 TRIES, (AVG 540188.7333333333)
[1, 4, 10, 23, 57, 132, 301, 701, 1654, 3859, 9116, 21525]...: 8643400: ACCEPTED IN 16 TRIES, (AVG 540212.5)
[1, 4, 10, 23, 57, 132, 301, 701, 1654, 3859, 9116, 21534]...: 7560954: ACCEPTED IN 14 TRIES, (AVG 540068.1428571428)
[1, 4, 10, 23, 57, 132, 301, 701, 1654, 3859, 9116, 21538]...: 7019740: ACCEPTED IN 13 TRIES, (AVG 539980.0)
[1, 4, 10, 23, 57, 132, 301, 701, 1654, 3859, 9116, 21542]...: 7019013: ACCEPTED IN 13 TRIES, (AVG 539924.0769230769)
[1, 4, 10, 23, 57, 132, 301, 701, 1654, 3859, 9116, 21546]...: 7020766: ACCEPTED IN 13 TRIES, (AVG 540058.9230769231)
[1, 4, 10, 23, 57, 132, 301, 701, 1654, 3859, 9116, 21555]...: 7561147: ACCEPTED IN 14 TRIES, (AVG 540081.9285714285)
[1, 4, 10, 23, 57, 132, 301, 701, 1654, 3859, 9116, 21559]...: 7020899: ACCEPTED IN 13 TRIES, (AVG 540069.1538461539)
[1, 4, 10, 23, 57, 132, 301, 701, 1654, 3859, 9116, 21571]...: 11889333: ACCEPTED IN 22 TRIES, (AVG 540424.2272727273)
[1, 4, 10, 23, 57, 132, 301, 701, 1654, 3859, 9116, 21572]...: 6476951: ACCEPTED IN 12 TRIES, (AVG 539745.9166666666)
[1, 4, 10, 23, 57, 132, 301, 701, 1654, 3859, 9116, 21575]...: 3773850: ACCEPTED IN 7 TRIES, (AVG 539121.4285714285)
[1, 4, 10, 23, 57, 132, 301, 701, 1654, 3859, 9116, 21579]...: 6478886: ACCEPTED IN 12 TRIES, (AVG 539907.1666666666)
[1, 4, 10, 23, 57, 132, 301, 701, 1654, 3859, 9116, 21583]...: 9725568: ACCEPTED IN 18 TRIES, (AVG 540309.3333333334)
[1, 4, 10, 23, 57, 132, 301, 701, 1654, 3859, 9116, 21584]...: 7559682: ACCEPTED IN 14 TRIES, (AVG 539977.2857142857)
[1, 4, 10, 23, 57, 132, 301, 701, 1654, 3859, 9116, 21592]...: 7019653: ACCEPTED IN 13 TRIES, (AVG 539973.3076923077)
[1, 4, 10, 23, 57, 132, 301, 701, 1654, 3859, 9116, 21596]...: 8644347: ACCEPTED IN 16 TRIES, (AVG 540271.6875)
[1, 4, 10, 23, 57, 132, 301, 701, 1654, 3859, 9116, 21600]...: 7560985: ACCEPTED IN 14 TRIES, (AVG 540070.3571428572)
[1, 4, 10, 23, 57, 132, 301, 701, 1654, 3859, 9116, 21604]...: 7018869: ACCEPTED IN 13 TRIES, (AVG 539913.0)
[1, 4, 10, 23, 57, 132, 301, 701, 1654, 3859, 9116, 21608]...: 7020969: ACCEPTED IN 13 TRIES, (AVG 540074.5384615385)
[1, 4, 10, 23, 57, 132, 301, 701, 1654, 3859, 9116, 21609]...: 7020638: ACCEPTED IN 13 TRIES, (AVG 540049.0769230769)
[1, 4, 10, 23, 57, 132, 301, 701, 1654, 3859, 9116, 21612]...: 5396410: ACCEPTED IN 10 TRIES, (AVG 539641.0)
[1, 4, 10, 23, 57, 132, 301, 701, 1654, 3859, 9116, 21613]...: 7020810: ACCEPTED IN 13 TRIES, (AVG 540062.3076923077)
[1, 4, 10, 23, 57, 132, 301, 701, 1654, 3859, 9116, 21616]...: 6479146: ACCEPTED IN 12 TRIES, (AVG 539928.8333333334)
[1, 4, 10, 23, 57, 132, 301, 701, 1654, 3859, 9116, 21617]...: 7559772: ACCEPTED IN 14 TRIES, (AVG 539983.7142857143)
[1, 4, 10, 23, 57, 132, 301, 701, 1654, 3859, 9116, 21620]...: 7018454: ACCEPTED IN 13 TRIES, (AVG 539881.0769230769)
[1, 4, 10, 23, 57, 132, 301, 701, 1654, 3859, 9116, 21629]...: 10808588: ACCEPTED IN 20 TRIES, (AVG 540429.4)
[1, 4, 10, 23, 57, 132, 301, 701, 1654, 3859, 9116, 21633]...: 12971413: ACCEPTED IN 24 TRIES, (AVG 540475.5416666666)
[1, 4, 10, 23, 57, 132, 301, 701, 1654, 3859, 9116, 21637]...: 3773412: ACCEPTED IN 7 TRIES, (AVG 539058.8571428572)
[1, 4, 10, 23, 57, 132, 301, 701, 1654, 3859, 9116, 21641]...: 7019725: ACCEPTED IN 13 TRIES, (AVG 539978.8461538461)
[1, 4, 10, 23, 57, 132, 301, 701, 1654, 3859, 9116, 21650]...: 7020297: ACCEPTED IN 13 TRIES, (AVG 540022.8461538461)
[1, 4, 10, 23, 57, 132, 301, 701, 1654, 3859, 9116, 21653]...: 5396998: ACCEPTED IN 10 TRIES, (AVG 539699.8)
[1, 4, 10, 23, 57, 132, 301, 701, 1654, 3859, 9116, 21657]...: 7019737: ACCEPTED IN 13 TRIES, (AVG 539979.7692307692)
[1, 4, 10, 23, 57, 132, 301, 701, 1654, 3859, 9116, 21666]...: 7019510: ACCEPTED IN 13 TRIES, (AVG 539962.3076923077)
[1, 4, 10, 23, 57, 132, 301, 701, 1654, 3859, 9116, 21670]...: 6479307: ACCEPTED IN 12 TRIES, (AVG 539942.25)
[1, 4, 10, 23, 57, 132, 301, 701, 1654, 3859, 9116, 21674]...: 5396442: ACCEPTED IN 10 TRIES, (AVG 539644.2)
[1, 4, 10, 23, 57, 132, 301, 701, 1654, 3859, 9116, 21687]...: 7561213: ACCEPTED IN 14 TRIES, (AVG 540086.6428571428)
[1, 4, 10, 23, 57, 132, 301, 701, 1654, 3859, 9116, 21691]...: 5396514: ACCEPTED IN 10 TRIES, (AVG 539651.4)
[1, 4, 10, 23, 57, 132, 301, 701, 1654, 3859, 9116, 21703]...: 6478797: ACCEPTED IN 12 TRIES, (AVG 539899.75)
[1, 4, 10, 23, 57, 132, 301, 701, 1654, 3859, 9116, 21704]...: 6477450: ACCEPTED IN 12 TRIES, (AVG 539787.5)
[1, 4, 10, 23, 57, 132, 301, 701, 1654, 3859, 9116, 21707]...: 9184608: ACCEPTED IN 17 TRIES, (AVG 540271.0588235294)
[1, 4, 10, 23, 57, 132, 301, 701, 1654, 3859, 9116, 21711]...: 10267526: ACCEPTED IN 19 TRIES, (AVG 540396.1052631579)
[1, 4, 10, 23, 57, 132, 301, 701, 1654, 3859, 9116, 21715]...: 9184283: ACCEPTED IN 17 TRIES, (AVG 540251.9411764706)
[1, 4, 10, 23, 57, 132, 301, 701, 1654, 3859, 9116, 21716]...: 5397094: ACCEPTED IN 10 TRIES, (AVG 539709.4)
[1, 4, 10, 23, 57, 132, 301, 701, 1654, 3859, 9116, 21724]...: 11347508: ACCEPTED IN 21 TRIES, (AVG 540357.5238095238)
[1, 4, 10, 23, 57, 132, 301, 701, 1654, 3859, 9116, 21728]...: 8102892: ACCEPTED IN 15 TRIES, (AVG 540192.8)
[1, 4, 10, 23, 57, 132, 301, 701, 1654, 3859, 9116, 21732]...: 7561837: ACCEPTED IN 14 TRIES, (AVG 540131.2142857143)
[1, 4, 10, 23, 57, 132, 301, 701, 1654, 3859, 9116, 21740]...: 8102257: ACCEPTED IN 15 TRIES, (AVG 540150.4666666667)
[1, 4, 10, 23, 57, 132, 301, 701, 1654, 3859, 9116, 21741]...: 7560240: ACCEPTED IN 14 TRIES, (AVG 540017.1428571428)
[1, 4, 10, 23, 57, 132, 301, 701, 1654, 3859, 9116, 21744]...: 6478728: ACCEPTED IN 12 TRIES, (AVG 539894.0)
[1, 4, 10, 23, 57, 132, 301, 701, 1654, 3859, 9116, 21745]...: 6479641: ACCEPTED IN 12 TRIES, (AVG 539970.0833333334)
[1, 4, 10, 23, 57, 132, 301, 701, 1654, 3859, 9116, 21748]...: 7019701: ACCEPTED IN 13 TRIES, (AVG 539977.0)
[1, 4, 10, 23, 57, 132, 301, 701, 1654, 3859, 9116, 21749]...: 3232922: ACCEPTED IN 6 TRIES, (AVG 538820.3333333334)
[1, 4, 10, 23, 57, 132, 301, 701, 1654, 3859, 9116, 21752]...: 8642061: ACCEPTED IN 16 TRIES, (AVG 540128.8125)
[1, 4, 10, 23, 57, 132, 301, 701, 1654, 3859, 9116, 21761]...: 4314728: ACCEPTED IN 8 TRIES, (AVG 539341.0)
[1, 4, 10, 23, 57, 132, 301, 701, 1654, 3859, 9116, 21765]...: 3772091: ACCEPTED IN 7 TRIES, (AVG 538870.1428571428)
[1, 4, 10, 23, 57, 132, 301, 701, 1654, 3859, 9116, 21769]...: 6479530: ACCEPTED IN 12 TRIES, (AVG 539960.8333333334)
[1, 4, 10, 23, 57, 132, 301, 701, 1654, 3859, 9116, 21773]...: 6478495: ACCEPTED IN 12 TRIES, (AVG 539874.5833333334)
[1, 4, 10, 23, 57, 132, 301, 701, 1654, 3859, 9116, 21777]...: 7560934: ACCEPTED IN 14 TRIES, (AVG 540066.7142857143)
[1, 4, 10, 23, 57, 132, 301, 701, 1654, 3859, 9116, 21778]...: 8643780: ACCEPTED IN 16 TRIES, (AVG 540236.25)
[1, 4, 10, 23, 57, 132, 301, 701, 1654, 3859, 9116, 21782]...: 12973158: ACCEPTED IN 24 TRIES, (AVG 540548.25)
[1, 4, 10, 23, 57, 132, 301, 701, 1654, 3859, 9116, 21785]...: 6479221: ACCEPTED IN 12 TRIES, (AVG 539935.0833333334)
[1, 4, 10, 23, 57, 132, 301, 701, 1654, 3859, 9116, 21786]...: 7560122: ACCEPTED IN 14 TRIES, (AVG 540008.7142857143)
[1, 4, 10, 23, 57, 132, 301, 701, 1654, 3859, 9116, 21789]...: 9183806: ACCEPTED IN 17 TRIES, (AVG 540223.8823529412)
[1, 4, 10, 23, 57, 132, 301, 701, 1654, 3859, 9116, 21798]...: 5396908: ACCEPTED IN 10 TRIES, (AVG 539690.8)
[1, 4, 10, 23, 57, 132, 301, 701, 1654, 3859, 9116, 21802]...: 6477975: ACCEPTED IN 12 TRIES, (AVG 539831.25)
[1, 4, 10, 23, 57, 132, 301, 701, 1654, 3859, 9116, 21806]...: 8642914: ACCEPTED IN 16 TRIES, (AVG 540182.125)
[1, 4, 10, 23, 57, 132, 301, 701, 1654, 3859, 9116, 21819]...: 5395652: ACCEPTED IN 10 TRIES, (AVG 539565.2)
[1, 4, 10, 23, 57, 132, 301, 701, 1654, 3859, 9116, 21823]...: 5396170: ACCEPTED IN 10 TRIES, (AVG 539617.0)
[1, 4, 10, 23, 57, 132, 301, 701, 1654, 3859, 9116, 21826]...: 6478770: ACCEPTED IN 12 TRIES, (AVG 539897.5)
[1, 4, 10, 23, 57, 132, 301, 701, 1654, 3859, 9116, 21835]...: 9185249: ACCEPTED IN 17 TRIES, (AVG 540308.7647058824)
[1, 4, 10, 23, 57, 132, 301, 701, 1654, 3859, 9116, 21836]...: 7558529: ACCEPTED IN 14 TRIES, (AVG 539894.9285714285)
[1, 4, 10, 23, 57, 132, 301, 701, 1654, 3859, 9116, 21839]...: 7020778: ACCEPTED IN 13 TRIES, (AVG 540059.8461538461)
[1, 4, 10, 23, 57, 132, 301, 701, 1654, 3859, 9116, 21843]...: 9726655: ACCEPTED IN 18 TRIES, (AVG 540369.7222222222)
[1, 4, 10, 23, 57, 132, 301, 701, 1654, 3859, 9116, 21847]...: 7561168: ACCEPTED IN 14 TRIES, (AVG 540083.4285714285)
[1, 4, 10, 23, 57, 132, 301, 701, 1654, 3859, 9116, 21848]...: 2691660: ACCEPTED IN 5 TRIES, (AVG 538332.0)
[1, 4, 10, 23, 57, 132, 301, 701, 1654, 3859, 9116, 21856]...: 6478255: ACCEPTED IN 12 TRIES, (AVG 539854.5833333334)
[1, 4, 10, 23, 57, 132, 301, 701, 1654, 3859, 9116, 21860]...: 6478529: ACCEPTED IN 12 TRIES, (AVG 539877.4166666666)
[1, 4, 10, 23, 57, 132, 301, 701, 1654, 3859, 9116, 21864]...: 9184194: ACCEPTED IN 17 TRIES, (AVG 540246.7058823529)
[1, 4, 10, 23, 57, 132, 301, 701, 1654, 3859, 9116, 21872]...: 3774069: ACCEPTED IN 7 TRIES, (AVG 539152.7142857143)
[1, 4, 10, 23, 57, 132, 301, 701, 1654, 3859, 9116, 21873]...: 4314271: ACCEPTED IN 8 TRIES, (AVG 539283.875)
[1, 4, 10, 23, 57, 132, 301, 701, 1654, 3859, 9116, 21876]...: 6475964: ACCEPTED IN 12 TRIES, (AVG 539663.6666666666)
[1, 4, 10, 23, 57, 132, 301, 701, 1654, 3859, 9116, 21877]...: 7560825: ACCEPTED IN 14 TRIES, (AVG 540058.9285714285)
