[1, 4, 10, 23, 57, 132, 301, 701, 1654, 3859, 8816, 19404]...: 11349055: ACCEPTED IN 21 TRIES, (AVG 540431.1904761905)
[1, 4, 10, 23, 57, 132, 301, 701, 1654, 3859, 8816, 19450]...: 37323334: ACCEPTED IN 69 TRIES, (AVG 540917.8840579711)
[1, 4, 10, 23, 57, 132, 301, 701, 1654, 3859, 8816, 19462]...: 14053764: ACCEPTED IN 26 TRIES, (AVG 540529.3846153846)
[1, 4, 10, 23, 57, 132, 301, 701, 1654, 3859, 8816, 19487]...: 42734006: ACCEPTED IN 79 TRIES, (AVG 540936.7848101265)
[1, 4, 10, 23, 57, 132, 301, 701, 1654, 3859, 8816, 19495]...: 23794642: ACCEPTED IN 44 TRIES, (AVG 540787.3181818182)
[1, 4, 10, 23, 57, 132, 301, 701, 1654, 3859, 8816, 19499]...: 14596424: ACCEPTED IN 27 TRIES, (AVG 540608.2962962963)
[1, 4, 10, 23, 57, 132, 301, 701, 1654, 3859, 8816, 19524]...: 18925890: ACCEPTED IN 35 TRIES, (AVG 540739.7142857143)
[1, 4, 10, 23, 57, 132, 301, 701, 1654, 3859, 8816, 19536]...: 161784819: ACCEPTED IN 299 TRIES, (AVG 541086.3511705686)
[1, 4, 10, 23, 57, 132, 301, 701, 1654, 3859, 8816, 19582]...: 14054851: ACCEPTED IN 26 TRIES, (AVG 540571.1923076923)
[1, 4, 10, 23, 57, 132, 301, 701, 1654, 3859, 8816, 19594]...: 10265160: ACCEPTED IN 19 TRIES, (AVG 540271.5789473684)
[1, 4, 10, 23, 57, 132, 301, 701, 1654, 3859, 8816, 19619]...: 40028452: ACCEPTED IN 74 TRIES, (AVG 540925.027027027)
[1, 4, 10, 23, 57, 132, 301, 701, 1654, 3859, 8816, 19623]...: 10808529: ACCEPTED IN 20 TRIES, (AVG 540426.45)
[1, 4, 10, 23, 57, 132, 301, 701, 1654, 3859, 8816, 19631]...: 12432275: ACCEPTED IN 23 TRIES, (AVG 540533.695652174)
[1, 4, 10, 23, 57, 132, 301, 701, 1654, 3859, 8816, 19656]...: 10266330: ACCEPTED IN 19 TRIES, (AVG 540333.1578947369)
[1, 4, 10, 23, 57, 132, 301, 701, 1654, 3859, 8816, 19668]...: 11349090: ACCEPTED IN 21 TRIES, (AVG 540432.8571428572)
[1, 4, 10, 23, 57, 132, 301, 701, 1654, 3859, 8816, 19714]...: 11890544: ACCEPTED IN 22 TRIES, (AVG 540479.2727272727)
[1, 4, 10, 23, 57, 132, 301, 701, 1654, 3859, 8816, 19751]...: 39487466: ACCEPTED IN 73 TRIES, (AVG 540924.1917808219)
[1, 4, 10, 23, 57, 132, 301, 701, 1654, 3859, 8816, 19755]...: 11348557: ACCEPTED IN 21 TRIES, (AVG 540407.4761904762)
[1, 4, 10, 23, 57, 132, 301, 701, 1654, 3859, 8816, 19763]...: 29207126: ACCEPTED IN 54 TRIES, (AVG 540872.7037037037)
[1, 4, 10, 23, 57, 132, 301, 701, 1654, 3859, 8816, 19788]...: 11890273: ACCEPTED IN 22 TRIES, (AVG 540466.9545454546)
[1, 4, 10, 23, 57, 132, 301, 701, 1654, 3859, 8816, 19800]...: 10264013: ACCEPTED IN 19 TRIES, (AVG 540211.2105263158)
[1, 4, 10, 23, 57, 132, 301, 701, 1654, 3859, 8816, 19846]...: 8644263: ACCEPTED IN 16 TRIES, (AVG 540266.4375)
[1, 4, 10, 23, 57, 132, 301, 701, 1654, 3859, 8816, 19883]...: 10808579: ACCEPTED IN 20 TRIES, (AVG 540428.95)
[1, 4, 10, 23, 57, 132, 301, 701, 1654, 3859, 8816, 19887]...: 18381313: ACCEPTED IN 34 TRIES, (AVG 540626.8529411765)
[1, 4, 10, 23, 57, 132, 301, 701, 1654, 3859, 8816, 19895]...: 11350004: ACCEPTED IN 21 TRIES, (AVG 540476.380952381)
[1, 4, 10, 23, 57, 132, 301, 701, 1654, 3859, 8816, 19920]...: 24334788: ACCEPTED IN 45 TRIES, (AVG 540773.0666666667)
[1, 4, 10, 23, 57, 132, 301, 701, 1654, 3859, 8816, 19924]...: 12431856: ACCEPTED IN 23 TRIES, (AVG 540515.4782608695)
[1, 4, 10, 23, 57, 132, 301, 701, 1654, 3859, 8816, 19932]...: 11891127: ACCEPTED IN 22 TRIES, (AVG 540505.7727272727)
[1, 4, 10, 23, 57, 132, 301, 701, 1654, 3859, 8816, 20015]...: 12430911: ACCEPTED IN 23 TRIES, (AVG 540474.3913043478)
[1, 4, 10, 23, 57, 132, 301, 701, 1654, 3859, 8816, 20019]...: 10807472: ACCEPTED IN 20 TRIES, (AVG 540373.6)
[1, 4, 10, 23, 57, 132, 301, 701, 1654, 3859, 8816, 20052]...: 10267661: ACCEPTED IN 19 TRIES, (AVG 540403.2105263158)
[1, 4, 10, 23, 57, 132, 301, 701, 1654, 3859, 8816, 20056]...: 15675879: ACCEPTED IN 29 TRIES, (AVG 540547.551724138)
[1, 4, 10, 23, 57, 132, 301, 701, 1654, 3859, 8816, 20064]...: 10807115: ACCEPTED IN 20 TRIES, (AVG 540355.75)
[1, 4, 10, 23, 57, 132, 301, 701, 1654, 3859, 8816, 20147]...: 10808357: ACCEPTED IN 20 TRIES, (AVG 540417.85)
[1, 4, 10, 23, 57, 132, 301, 701, 1654, 3859, 8816, 20151]...: 6478399: ACCEPTED IN 12 TRIES, (AVG 539866.5833333334)
[1, 4, 10, 23, 57, 132, 301, 701, 1654, 3859, 8816, 20184]...: 10265450: ACCEPTED IN 19 TRIES, (AVG 540286.8421052631)
[1, 4, 10, 23, 57, 132, 301, 701, 1654, 3859, 8816, 20188]...: 12430075: ACCEPTED IN 23 TRIES, (AVG 540438.0434782609)
[1, 4, 10, 23, 57, 132, 301, 701, 1654, 3859, 8816, 20196]...: 11348640: ACCEPTED IN 21 TRIES, (AVG 540411.4285714285)
[1, 4, 10, 23, 57, 132, 301, 701, 1654, 3859, 8816, 20225]...: 11348393: ACCEPTED IN 21 TRIES, (AVG 540399.6666666666)
[1, 4, 10, 23, 57, 132, 301, 701, 1654, 3859, 8816, 20283]...: 7020616: ACCEPTED IN 13 TRIES, (AVG 540047.3846153846)
[1, 4, 10, 23, 57, 132, 301, 701, 1654, 3859, 8816, 20316]...: 12431605: ACCEPTED IN 23 TRIES, (AVG 540504.5652173914)
[1, 4, 10, 23, 57, 132, 301, 701, 1654, 3859, 8816, 20320]...: 12429967: ACCEPTED IN 23 TRIES, (AVG 540433.3478260869)
[1, 4, 10, 23, 57, 132, 301, 701, 1654, 3859, 8816, 20324]...: 13513255: ACCEPTED IN 25 TRIES, (AVG 540530.2)
[1, 4, 10, 23, 57, 132, 301, 701, 1654, 3859, 8816, 20357]...: 13513331: ACCEPTED IN 25 TRIES, (AVG 540533.24)
[1, 4, 10, 23, 57, 132, 301, 701, 1654, 3859, 8816, 20415]...: 11890560: ACCEPTED IN 22 TRIES, (AVG 540480.0)
[1, 4, 10, 23, 57, 132, 301, 701, 1654, 3859, 8816, 20448]...: 11890864: ACCEPTED IN 22 TRIES, (AVG 540493.8181818182)
[1, 4, 10, 23, 57, 132, 301, 701, 1654, 3859, 8816, 20452]...: 11889913: ACCEPTED IN 22 TRIES, (AVG 540450.5909090909)
[1, 4, 10, 23, 57, 132, 301, 701, 1654, 3859, 8816, 20456]...: 7015499: ACCEPTED IN 13 TRIES, (AVG 539653.7692307692)
[1, 4, 10, 23, 57, 132, 301, 701, 1654, 3859, 8816, 20489]...: 9726060: ACCEPTED IN 18 TRIES, (AVG 540336.6666666666)
[1, 4, 10, 23, 57, 132, 301, 701, 1654, 3859, 8816, 20547]...: 10807648: ACCEPTED IN 20 TRIES, (AVG 540382.4)
[1, 4, 10, 23, 57, 132, 301, 701, 1654, 3859, 8816, 20576]...: 6479688: ACCEPTED IN 12 TRIES, (AVG 539974.0)
[1, 4, 10, 23, 57, 132, 301, 701, 1654, 3859, 8816, 20584]...: 10266993: ACCEPTED IN 19 TRIES, (AVG 540368.052631579)
[1, 4, 10, 23, 57, 132, 301, 701, 1654, 3859, 8816, 20588]...: 8643290: ACCEPTED IN 16 TRIES, (AVG 540205.625)
[1, 4, 10, 23, 57, 132, 301, 701, 1654, 3859, 8816, 20621]...: 12430412: ACCEPTED IN 23 TRIES, (AVG 540452.695652174)
[1, 4, 10, 23, 57, 132, 301, 701, 1654, 3859, 8816, 20625]...: 10808654: ACCEPTED IN 20 TRIES, (AVG 540432.7)
[1, 4, 10, 23, 57, 132, 301, 701, 1654, 3859, 8816, 20708]...: 4313981: ACCEPTED IN 8 TRIES, (AVG 539247.625)
[1, 4, 10, 23, 57, 132, 301, 701, 1654, 3859, 8816, 20716]...: 11349073: ACCEPTED IN 21 TRIES, (AVG 540432.0476190476)
[1, 4, 10, 23, 57, 132, 301, 701, 1654, 3859, 8816, 20720]...: 6478439: ACCEPTED IN 12 TRIES, (AVG 539869.9166666666)
[1, 4, 10, 23, 57, 132, 301, 701, 1654, 3859, 8816, 20753]...: 7560895: ACCEPTED IN 14 TRIES, (AVG 540063.9285714285)
[1, 4, 10, 23, 57, 132, 301, 701, 1654, 3859, 8816, 20757]...: 5397393: ACCEPTED IN 10 TRIES, (AVG 539739.3)
[1, 4, 10, 23, 57, 132, 301, 701, 1654, 3859, 8816, 20840]...: 8102163: ACCEPTED IN 15 TRIES, (AVG 540144.2)
[1, 4, 10, 23, 57, 132, 301, 701, 1654, 3859, 8816, 20848]...: 5938563: ACCEPTED IN 11 TRIES, (AVG 539869.3636363636)
[1, 4, 10, 23, 57, 132, 301, 701, 1654, 3859, 8816, 20852]...: 7560966: ACCEPTED IN 14 TRIES, (AVG 540069.0)
[1, 4, 10, 23, 57, 132, 301, 701, 1654, 3859, 8816, 20877]...: 8102475: ACCEPTED IN 15 TRIES, (AVG 540165.0)
[1, 4, 10, 23, 57, 132, 301, 701, 1654, 3859, 8816, 20885]...: 8642895: ACCEPTED IN 16 TRIES, (AVG 540180.9375)
[1, 4, 10, 23, 57, 132, 301, 701, 1654, 3859, 8816, 20889]...: 17301825: ACCEPTED IN 32 TRIES, (AVG 540682.03125)
[1, 4, 10, 23, 57, 132, 301, 701, 1654, 3859, 8816, 20926]...: 7562011: ACCEPTED IN 14 TRIES, (AVG 540143.6428571428)
[1, 4, 10, 23, 57, 132, 301, 701, 1654, 3859, 8816, 20972]...: 10808848: ACCEPTED IN 20 TRIES, (AVG 540442.4)
[1, 4, 10, 23, 57, 132, 301, 701, 1654, 3859, 8816, 20984]...: 9722982: ACCEPTED IN 18 TRIES, (AVG 540165.6666666666)
[1, 4, 10, 23, 57, 132, 301, 701, 1654, 3859, 8816, 21009]...: 17302355: ACCEPTED IN 32 TRIES, (AVG 540698.59375)
[1, 4, 10, 23, 57, 132, 301, 701, 1654, 3859, 8816, 21017]...: 10808642: ACCEPTED IN 20 TRIES, (AVG 540432.1)
[1, 4, 10, 23, 57, 132, 301, 701, 1654, 3859, 8816, 21021]...: 20548856: ACCEPTED IN 38 TRIES, (AVG 540759.3684210526)
[1, 4, 10, 23, 57, 132, 301, 701, 1654, 3859, 8816, 21058]...: 13513346: ACCEPTED IN 25 TRIES, (AVG 540533.84)
[1, 4, 10, 23, 57, 132, 301, 701, 1654, 3859, 8816, 21104]...: 7018423: ACCEPTED IN 13 TRIES, (AVG 539878.6923076923)
[1, 4, 10, 23, 57, 132, 301, 701, 1654, 3859, 8816, 21116]...: 10266576: ACCEPTED IN 19 TRIES, (AVG 540346.1052631579)
[1, 4, 10, 23, 57, 132, 301, 701, 1654, 3859, 8816, 21141]...: 11890267: ACCEPTED IN 22 TRIES, (AVG 540466.6818181818)
[1, 4, 10, 23, 57, 132, 301, 701, 1654, 3859, 8816, 21149]...: 10267481: ACCEPTED IN 19 TRIES, (AVG 540393.7368421053)
[1, 4, 10, 23, 57, 132, 301, 701, 1654, 3859, 8816, 21153]...: 10267215: ACCEPTED IN 19 TRIES, (AVG 540379.7368421053)
