[1, 4, 10, 23, 57, 132, 301, 701, 1654, 3859, 9172, 20227]...: 10806770: ACCEPTED IN 20 TRIES, (AVG 540338.5)
[1, 4, 10, 23, 57, 132, 301, 701, 1654, 3859, 9172, 20297]...: 11889967: ACCEPTED IN 22 TRIES, (AVG 540453.0454545454)
[1, 4, 10, 23, 57, 132, 301, 701, 1654, 3859, 9172, 20326]...: 13514461: ACCEPTED IN 25 TRIES, (AVG 540578.44)
[1, 4, 10, 23, 57, 132, 301, 701, 1654, 3859, 9172, 20338]...: 12430028: ACCEPTED IN 23 TRIES, (AVG 540436.0)
[1, 4, 10, 23, 57, 132, 301, 701, 1654, 3859, 9172, 20362]...: 23254133: ACCEPTED IN 43 TRIES, (AVG 540793.7906976744)
[1, 4, 10, 23, 57, 132, 301, 701, 1654, 3859, 9172, 20396]...: 12972549: ACCEPTED IN 24 TRIES, (AVG 540522.875)
[1, 4, 10, 23, 57, 132, 301, 701, 1654, 3859, 9172, 20416]...: 12432156: ACCEPTED IN 23 TRIES, (AVG 540528.5217391305)
[1, 4, 10, 23, 57, 132, 301, 701, 1654, 3859, 9172, 20425]...: 38406350: ACCEPTED IN 71 TRIES, (AVG 540934.5070422535)
[1, 4, 10, 23, 57, 132, 301, 701, 1654, 3859, 9172, 20441]...: 12430187: ACCEPTED IN 23 TRIES, (AVG 540442.9130434783)
[1, 4, 10, 23, 57, 132, 301, 701, 1654, 3859, 9172, 20449]...: 11349781: ACCEPTED IN 21 TRIES, (AVG 540465.7619047619)
[1, 4, 10, 23, 57, 132, 301, 701, 1654, 3859, 9172, 20458]...: 11890541: ACCEPTED IN 22 TRIES, (AVG 540479.1363636364)
[1, 4, 10, 23, 57, 132, 301, 701, 1654, 3859, 9172, 20462]...: 12431647: ACCEPTED IN 23 TRIES, (AVG 540506.3913043478)
[1, 4, 10, 23, 57, 132, 301, 701, 1654, 3859, 9172, 20466]...: 18384571: ACCEPTED IN 34 TRIES, (AVG 540722.6764705882)
[1, 4, 10, 23, 57, 132, 301, 701, 1654, 3859, 9172, 20490]...: 39488205: ACCEPTED IN 73 TRIES, (AVG 540934.3150684931)
[1, 4, 10, 23, 57, 132, 301, 701, 1654, 3859, 9172, 20507]...: 12430609: ACCEPTED IN 23 TRIES, (AVG 540461.2608695652)
[1, 4, 10, 23, 57, 132, 301, 701, 1654, 3859, 9172, 20511]...: 12972751: ACCEPTED IN 24 TRIES, (AVG 540531.2916666666)
[1, 4, 10, 23, 57, 132, 301, 701, 1654, 3859, 9172, 20524]...: 29206935: ACCEPTED IN 54 TRIES, (AVG 540869.1666666666)
[1, 4, 10, 23, 57, 132, 301, 701, 1654, 3859, 9172, 20557]...: 4856252: ACCEPTED IN 9 TRIES, (AVG 539583.5555555555)
[1, 4, 10, 23, 57, 132, 301, 701, 1654, 3859, 9172, 20561]...: 11889222: ACCEPTED IN 22 TRIES, (AVG 540419.1818181818)
[1, 4, 10, 23, 57, 132, 301, 701, 1654, 3859, 9172, 20565]...: 12430028: ACCEPTED IN 23 TRIES, (AVG 540436.0)
[1, 4, 10, 23, 57, 132, 301, 701, 1654, 3859, 9172, 20577]...: 12430164: ACCEPTED IN 23 TRIES, (AVG 540441.9130434783)
[1, 4, 10, 23, 57, 132, 301, 701, 1654, 3859, 9172, 20581]...: 11890573: ACCEPTED IN 22 TRIES, (AVG 540480.5909090909)
[1, 4, 10, 23, 57, 132, 301, 701, 1654, 3859, 9172, 20598]...: 9726390: ACCEPTED IN 18 TRIES, (AVG 540355.0)
[1, 4, 10, 23, 57, 132, 301, 701, 1654, 3859, 9172, 20618]...: 8643924: ACCEPTED IN 16 TRIES, (AVG 540245.25)
[1, 4, 10, 23, 57, 132, 301, 701, 1654, 3859, 9172, 20622]...: 11348586: ACCEPTED IN 21 TRIES, (AVG 540408.8571428572)
[1, 4, 10, 23, 57, 132, 301, 701, 1654, 3859, 9172, 20627]...: 28666352: ACCEPTED IN 53 TRIES, (AVG 540874.5660377359)
[1, 4, 10, 23, 57, 132, 301, 701, 1654, 3859, 9172, 20655]...: 14054214: ACCEPTED IN 26 TRIES, (AVG 540546.6923076923)
[1, 4, 10, 23, 57, 132, 301, 701, 1654, 3859, 9172, 20660]...: 14596223: ACCEPTED IN 27 TRIES, (AVG 540600.8518518518)
[1, 4, 10, 23, 57, 132, 301, 701, 1654, 3859, 9172, 20680]...: 14055757: ACCEPTED IN 26 TRIES, (AVG 540606.0384615385)
[1, 4, 10, 23, 57, 132, 301, 701, 1654, 3859, 9172, 20697]...: 11349977: ACCEPTED IN 21 TRIES, (AVG 540475.0952380953)
[1, 4, 10, 23, 57, 132, 301, 701, 1654, 3859, 9172, 20701]...: 12432275: ACCEPTED IN 23 TRIES, (AVG 540533.695652174)
[1, 4, 10, 23, 57, 132, 301, 701, 1654, 3859, 9172, 20705]...: 23795375: ACCEPTED IN 44 TRIES, (AVG 540803.9772727273)
[1, 4, 10, 23, 57, 132, 301, 701, 1654, 3859, 9172, 20730]...: 28124852: ACCEPTED IN 52 TRIES, (AVG 540862.5384615385)
[1, 4, 10, 23, 57, 132, 301, 701, 1654, 3859, 9172, 20738]...: 12972424: ACCEPTED IN 24 TRIES, (AVG 540517.6666666666)
[1, 4, 10, 23, 57, 132, 301, 701, 1654, 3859, 9172, 20750]...: 12973474: ACCEPTED IN 24 TRIES, (AVG 540561.4166666666)
[1, 4, 10, 23, 57, 132, 301, 701, 1654, 3859, 9172, 20759]...: 11890887: ACCEPTED IN 22 TRIES, (AVG 540494.8636363636)
[1, 4, 10, 23, 57, 132, 301, 701, 1654, 3859, 9172, 20775]...: 12973306: ACCEPTED IN 24 TRIES, (AVG 540554.4166666666)
[1, 4, 10, 23, 57, 132, 301, 701, 1654, 3859, 9172, 20787]...: 14055695: ACCEPTED IN 26 TRIES, (AVG 540603.6538461539)
[1, 4, 10, 23, 57, 132, 301, 701, 1654, 3859, 9172, 20791]...: 12431048: ACCEPTED IN 23 TRIES, (AVG 540480.3478260869)
[1, 4, 10, 23, 57, 132, 301, 701, 1654, 3859, 9172, 20796]...: 11890337: ACCEPTED IN 22 TRIES, (AVG 540469.8636363636)
[1, 4, 10, 23, 57, 132, 301, 701, 1654, 3859, 9172, 20808]...: 25959366: ACCEPTED IN 48 TRIES, (AVG 540820.125)
[1, 4, 10, 23, 57, 132, 301, 701, 1654, 3859, 9172, 20825]...: 12432327: ACCEPTED IN 23 TRIES, (AVG 540535.9565217391)
[1, 4, 10, 23, 57, 132, 301, 701, 1654, 3859, 9172, 20829]...: 12972531: ACCEPTED IN 24 TRIES, (AVG 540522.125)
[1, 4, 10, 23, 57, 132, 301, 701, 1654, 3859, 9172, 20833]...: 12432259: ACCEPTED IN 23 TRIES, (AVG 540533.0)
[1, 4, 10, 23, 57, 132, 301, 701, 1654, 3859, 9172, 20845]...: 12430342: ACCEPTED IN 23 TRIES, (AVG 540449.6521739131)
[1, 4, 10, 23, 57, 132, 301, 701, 1654, 3859, 9172, 20862]...: 25419173: ACCEPTED IN 47 TRIES, (AVG 540833.4680851063)
[1, 4, 10, 23, 57, 132, 301, 701, 1654, 3859, 9172, 20870]...: 11890327: ACCEPTED IN 22 TRIES, (AVG 540469.4090909091)
[1, 4, 10, 23, 57, 132, 301, 701, 1654, 3859, 9172, 20907]...: 14054871: ACCEPTED IN 26 TRIES, (AVG 540571.9615384615)
[1, 4, 10, 23, 57, 132, 301, 701, 1654, 3859, 9172, 20919]...: 45982407: ACCEPTED IN 85 TRIES, (AVG 540969.4941176471)
[1, 4, 10, 23, 57, 132, 301, 701, 1654, 3859, 9172, 20923]...: 9725941: ACCEPTED IN 18 TRIES, (AVG 540330.0555555555)
[1, 4, 10, 23, 57, 132, 301, 701, 1654, 3859, 9172, 20940]...: 22172312: ACCEPTED IN 41 TRIES, (AVG 540788.0975609756)
[1, 4, 10, 23, 57, 132, 301, 701, 1654, 3859, 9172, 20957]...: 12973004: ACCEPTED IN 24 TRIES, (AVG 540541.8333333334)
[1, 4, 10, 23, 57, 132, 301, 701, 1654, 3859, 9172, 20961]...: 9184420: ACCEPTED IN 17 TRIES, (AVG 540260.0)
[1, 4, 10, 23, 57, 132, 301, 701, 1654, 3859, 9172, 20973]...: 11891065: ACCEPTED IN 22 TRIES, (AVG 540502.9545454546)
[1, 4, 10, 23, 57, 132, 301, 701, 1654, 3859, 9172, 20977]...: 24336317: ACCEPTED IN 45 TRIES, (AVG 540807.0444444445)
[1, 4, 10, 23, 57, 132, 301, 701, 1654, 3859, 9172, 20981]...: 11889930: ACCEPTED IN 22 TRIES, (AVG 540451.3636363636)
[1, 4, 10, 23, 57, 132, 301, 701, 1654, 3859, 9172, 20994]...: 8644310: ACCEPTED IN 16 TRIES, (AVG 540269.375)
[1, 4, 10, 23, 57, 132, 301, 701, 1654, 3859, 9172, 21002]...: 12972408: ACCEPTED IN 24 TRIES, (AVG 540517.0)
[1, 4, 10, 23, 57, 132, 301, 701, 1654, 3859, 9172, 21006]...: 12432349: ACCEPTED IN 23 TRIES, (AVG 540536.9130434783)
[1, 4, 10, 23, 57, 132, 301, 701, 1654, 3859, 9172, 21010]...: 23795471: ACCEPTED IN 44 TRIES, (AVG 540806.1590909091)
[1, 4, 10, 23, 57, 132, 301, 701, 1654, 3859, 9172, 21027]...: 11348216: ACCEPTED IN 21 TRIES, (AVG 540391.2380952381)
[1, 4, 10, 23, 57, 132, 301, 701, 1654, 3859, 9172, 21031]...: 9726025: ACCEPTED IN 18 TRIES, (AVG 540334.7222222222)
[1, 4, 10, 23, 57, 132, 301, 701, 1654, 3859, 9172, 21039]...: 28665272: ACCEPTED IN 53 TRIES, (AVG 540854.1886792453)
[1, 4, 10, 23, 57, 132, 301, 701, 1654, 3859, 9172, 21060]...: 10808674: ACCEPTED IN 20 TRIES, (AVG 540433.7)
[1, 4, 10, 23, 57, 132, 301, 701, 1654, 3859, 9172, 21072]...: 10807025: ACCEPTED IN 20 TRIES, (AVG 540351.25)
[1, 4, 10, 23, 57, 132, 301, 701, 1654, 3859, 9172, 21097]...: 9185328: ACCEPTED IN 17 TRIES, (AVG 540313.4117647059)
[1, 4, 10, 23, 57, 132, 301, 701, 1654, 3859, 9172, 21109]...: 12430405: ACCEPTED IN 23 TRIES, (AVG 540452.3913043478)
[1, 4, 10, 23, 57, 132, 301, 701, 1654, 3859, 9172, 21113]...: 11891082: ACCEPTED IN 22 TRIES, (AVG 540503.7272727273)
[1, 4, 10, 23, 57, 132, 301, 701, 1654, 3859, 9172, 21126]...: 12973168: ACCEPTED IN 24 TRIES, (AVG 540548.6666666666)
[1, 4, 10, 23, 57, 132, 301, 701, 1654, 3859, 9172, 21134]...: 10808514: ACCEPTED IN 20 TRIES, (AVG 540425.7)
[1, 4, 10, 23, 57, 132, 301, 701, 1654, 3859, 9172, 21142]...: 12431264: ACCEPTED IN 23 TRIES, (AVG 540489.7391304348)
[1, 4, 10, 23, 57, 132, 301, 701, 1654, 3859, 9172, 21159]...: 8643942: ACCEPTED IN 16 TRIES, (AVG 540246.375)
[1, 4, 10, 23, 57, 132, 301, 701, 1654, 3859, 9172, 21167]...: 12972308: ACCEPTED IN 24 TRIES, (AVG 540512.8333333334)
[1, 4, 10, 23, 57, 132, 301, 701, 1654, 3859, 9172, 21171]...: 11347778: ACCEPTED IN 21 TRIES, (AVG 540370.380952381)
[1, 4, 10, 23, 57, 132, 301, 701, 1654, 3859, 9172, 21175]...: 47063285: ACCEPTED IN 87 TRIES, (AVG 540957.2988505748)
[1, 4, 10, 23, 57, 132, 301, 701, 1654, 3859, 9172, 21225]...: 12431468: ACCEPTED IN 23 TRIES, (AVG 540498.6086956522)
[1, 4, 10, 23, 57, 132, 301, 701, 1654, 3859, 9172, 21229]...: 11890953: ACCEPTED IN 22 TRIES, (AVG 540497.8636363636)
[1, 4, 10, 23, 57, 132, 301, 701, 1654, 3859, 9172, 21258]...: 8100732: ACCEPTED IN 15 TRIES, (AVG 540048.8)
[1, 4, 10, 23, 57, 132, 301, 701, 1654, 3859, 9172, 21274]...: 11889980: ACCEPTED IN 22 TRIES, (AVG 540453.6363636364)
[1, 4, 10, 23, 57, 132, 301, 701, 1654, 3859, 9172, 21278]...: 10267020: ACCEPTED IN 19 TRIES, (AVG 540369.4736842106)
[1, 4, 10, 23, 57, 132, 301, 701, 1654, 3859, 9172, 21282]...: 12431712: ACCEPTED IN 23 TRIES, (AVG 540509.2173913043)
[1, 4, 10, 23, 57, 132, 301, 701, 1654, 3859, 9172, 21295]...: 11890345: ACCEPTED IN 22 TRIES, (AVG 540470.2272727273)
[1, 4, 10, 23, 57, 132, 301, 701, 1654, 3859, 9172, 21315]...: 12970772: ACCEPTED IN 24 TRIES, (AVG 540448.8333333334)
[1, 4, 10, 23, 57, 132, 301, 701, 1654, 3859, 9172, 21328]...: 12429965: ACCEPTED IN 23 TRIES, (AVG 540433.2608695652)
[1, 4, 10, 23, 57, 132, 301, 701, 1654, 3859, 9172, 21332]...: 12432226: ACCEPTED IN 23 TRIES, (AVG 540531.5652173914)
[1, 4, 10, 23, 57, 132, 301, 701, 1654, 3859, 9172, 21344]...: 12972389: ACCEPTED IN 24 TRIES, (AVG 540516.2083333334)
[1, 4, 10, 23, 57, 132, 301, 701, 1654, 3859, 9172, 21356]...: 24876007: ACCEPTED IN 46 TRIES, (AVG 540782.7608695652)
[1, 4, 10, 23, 57, 132, 301, 701, 1654, 3859, 9172, 21357]...: 28665507: ACCEPTED IN 53 TRIES, (AVG 540858.6226415094)
[1, 4, 10, 23, 57, 132, 301, 701, 1654, 3859, 9172, 21361]...: 37865172: ACCEPTED IN 70 TRIES, (AVG 540931.0285714286)
[1, 4, 10, 23, 57, 132, 301, 701, 1654, 3859, 9172, 21365]...: 11347974: ACCEPTED IN 21 TRIES, (AVG 540379.7142857143)
[1, 4, 10, 23, 57, 132, 301, 701, 1654, 3859, 9172, 21394]...: 32453730: ACCEPTED IN 60 TRIES, (AVG 540895.5)
[1, 4, 10, 23, 57, 132, 301, 701, 1654, 3859, 9172, 21398]...: 12431748: ACCEPTED IN 23 TRIES, (AVG 540510.7826086957)
[1, 4, 10, 23, 57, 132, 301, 701, 1654, 3859, 9172, 21406]...: 28124051: ACCEPTED IN 52 TRIES, (AVG 540847.1346153846)
[1, 4, 10, 23, 57, 132, 301, 701, 1654, 3859, 9172, 21410]...: 32452866: ACCEPTED IN 60 TRIES, (AVG 540881.1)
[1, 4, 10, 23, 57, 132, 301, 701, 1654, 3859, 9172, 21414]...: 12972995: ACCEPTED IN 24 TRIES, (AVG 540541.4583333334)
[1, 4, 10, 23, 57, 132, 301, 701, 1654, 3859, 9172, 21431]...: 12431490: ACCEPTED IN 23 TRIES, (AVG 540499.5652173914)
[1, 4, 10, 23, 57, 132, 301, 701, 1654, 3859, 9172, 21439]...: 10808217: ACCEPTED IN 20 TRIES, (AVG 540410.85)
[1, 4, 10, 23, 57, 132, 301, 701, 1654, 3859, 9172, 21443]...: 45981714: ACCEPTED IN 85 TRIES, (AVG 540961.3411764706)
[1, 4, 10, 23, 57, 132, 301, 701, 1654, 3859, 9172, 21447]...: 37864504: ACCEPTED IN 70 TRIES, (AVG 540921.4857142858)
[1, 4, 10, 23, 57, 132, 301, 701, 1654, 3859, 9172, 21451]...: 11348319: ACCEPTED IN 21 TRIES, (AVG 540396.1428571428)
[1, 4, 10, 23, 57, 132, 301, 701, 1654, 3859, 9172, 21460]...: 29748637: ACCEPTED IN 55 TRIES, (AVG 540884.3090909091)
[1, 4, 10, 23, 57, 132, 301, 701, 1654, 3859, 9172, 21464]...: 24877812: ACCEPTED IN 46 TRIES, (AVG 540822.0)
[1, 4, 10, 23, 57, 132, 301, 701, 1654, 3859, 9172, 21476]...: 9724682: ACCEPTED IN 18 TRIES, (AVG 540260.1111111111)
[1, 4, 10, 23, 57, 132, 301, 701, 1654, 3859, 9172, 21488]...: 12431479: ACCEPTED IN 23 TRIES, (AVG 540499.0869565217)
[1, 4, 10, 23, 57, 132, 301, 701, 1654, 3859, 9172, 21497]...: 7020673: ACCEPTED IN 13 TRIES, (AVG 540051.7692307692)
[1, 4, 10, 23, 57, 132, 301, 701, 1654, 3859, 9172, 21501]...: 12973362: ACCEPTED IN 24 TRIES, (AVG 540556.75)
[1, 4, 10, 23, 57, 132, 301, 701, 1654, 3859, 9172, 21526]...: 12430675: ACCEPTED IN 23 TRIES, (AVG 540464.1304347826)
[1, 4, 10, 23, 57, 132, 301, 701, 1654, 3859, 9172, 21534]...: 12430590: ACCEPTED IN 23 TRIES, (AVG 540460.4347826086)
[1, 4, 10, 23, 57, 132, 301, 701, 1654, 3859, 9172, 21538]...: 58969729: ACCEPTED IN 109 TRIES, (AVG 541006.6880733945)
[1, 4, 10, 23, 57, 132, 301, 701, 1654, 3859, 9172, 21542]...: 13514248: ACCEPTED IN 25 TRIES, (AVG 540569.92)
[1, 4, 10, 23, 57, 132, 301, 701, 1654, 3859, 9172, 21559]...: 13514389: ACCEPTED IN 25 TRIES, (AVG 540575.56)
[1, 4, 10, 23, 57, 132, 301, 701, 1654, 3859, 9172, 21567]...: 28665836: ACCEPTED IN 53 TRIES, (AVG 540864.8301886793)
[1, 4, 10, 23, 57, 132, 301, 701, 1654, 3859, 9172, 21575]...: 29747244: ACCEPTED IN 55 TRIES, (AVG 540858.9818181818)
[1, 4, 10, 23, 57, 132, 301, 701, 1654, 3859, 9172, 21579]...: 11349475: ACCEPTED IN 21 TRIES, (AVG 540451.1904761905)
[1, 4, 10, 23, 57, 132, 301, 701, 1654, 3859, 9172, 21583]...: 11349238: ACCEPTED IN 21 TRIES, (AVG 540439.9047619047)
[1, 4, 10, 23, 57, 132, 301, 701, 1654, 3859, 9172, 21596]...: 12432317: ACCEPTED IN 23 TRIES, (AVG 540535.5217391305)
[1, 4, 10, 23, 57, 132, 301, 701, 1654, 3859, 9172, 21608]...: 23796102: ACCEPTED IN 44 TRIES, (AVG 540820.5)
[1, 4, 10, 23, 57, 132, 301, 701, 1654, 3859, 9172, 21620]...: 8643454: ACCEPTED IN 16 TRIES, (AVG 540215.875)
[1, 4, 10, 23, 57, 132, 301, 701, 1654, 3859, 9172, 21629]...: 11890323: ACCEPTED IN 22 TRIES, (AVG 540469.2272727273)
[1, 4, 10, 23, 57, 132, 301, 701, 1654, 3859, 9172, 21633]...: 12972442: ACCEPTED IN 24 TRIES, (AVG 540518.4166666666)
[1, 4, 10, 23, 57, 132, 301, 701, 1654, 3859, 9172, 21637]...: 12431183: ACCEPTED IN 23 TRIES, (AVG 540486.2173913043)
[1, 4, 10, 23, 57, 132, 301, 701, 1654, 3859, 9172, 21658]...: 10806059: ACCEPTED IN 20 TRIES, (AVG 540302.95)
[1, 4, 10, 23, 57, 132, 301, 701, 1654, 3859, 9172, 21662]...: 9184018: ACCEPTED IN 17 TRIES, (AVG 540236.3529411765)
[1, 4, 10, 23, 57, 132, 301, 701, 1654, 3859, 9172, 21670]...: 28663762: ACCEPTED IN 53 TRIES, (AVG 540825.6981132076)
[1, 4, 10, 23, 57, 132, 301, 701, 1654, 3859, 9172, 21674]...: 14055351: ACCEPTED IN 26 TRIES, (AVG 540590.4230769231)
[1, 4, 10, 23, 57, 132, 301, 701, 1654, 3859, 9172, 21695]...: 23796109: ACCEPTED IN 44 TRIES, (AVG 540820.6590909091)
[1, 4, 10, 23, 57, 132, 301, 701, 1654, 3859, 9172, 21699]...: 9185164: ACCEPTED IN 17 TRIES, (AVG 540303.7647058824)
[1, 4, 10, 23, 57, 132, 301, 701, 1654, 3859, 9172, 21707]...: 12432192: ACCEPTED IN 23 TRIES, (AVG 540530.0869565217)
[1, 4, 10, 23, 57, 132, 301, 701, 1654, 3859, 9172, 21711]...: 12430061: ACCEPTED IN 23 TRIES, (AVG 540437.4347826086)
[1, 4, 10, 23, 57, 132, 301, 701, 1654, 3859, 9172, 21715]...: 12972660: ACCEPTED IN 24 TRIES, (AVG 540527.5)
[1, 4, 10, 23, 57, 132, 301, 701, 1654, 3859, 9172, 21728]...: 7018832: ACCEPTED IN 13 TRIES, (AVG 539910.1538461539)
[1, 4, 10, 23, 57, 132, 301, 701, 1654, 3859, 9172, 21732]...: 6479062: ACCEPTED IN 12 TRIES, (AVG 539921.8333333334)
[1, 4, 10, 23, 57, 132, 301, 701, 1654, 3859, 9172, 21740]...: 7019603: ACCEPTED IN 13 TRIES, (AVG 539969.4615384615)
[1, 4, 10, 23, 57, 132, 301, 701, 1654, 3859, 9172, 21744]...: 9184676: ACCEPTED IN 17 TRIES, (AVG 540275.0588235294)
[1, 4, 10, 23, 57, 132, 301, 701, 1654, 3859, 9172, 21752]...: 12972508: ACCEPTED IN 24 TRIES, (AVG 540521.1666666666)
[1, 4, 10, 23, 57, 132, 301, 701, 1654, 3859, 9172, 21761]...: 10267345: ACCEPTED IN 19 TRIES, (AVG 540386.5789473684)
[1, 4, 10, 23, 57, 132, 301, 701, 1654, 3859, 9172, 21765]...: 28665836: ACCEPTED IN 53 TRIES, (AVG 540864.8301886793)
[1, 4, 10, 23, 57, 132, 301, 701, 1654, 3859, 9172, 21794]...: 36782404: ACCEPTED IN 68 TRIES, (AVG 540917.7058823529)
[1, 4, 10, 23, 57, 132, 301, 701, 1654, 3859, 9172, 21798]...: 12431656: ACCEPTED IN 23 TRIES, (AVG 540506.7826086957)
[1, 4, 10, 23, 57, 132, 301, 701, 1654, 3859, 9172, 21802]...: 10808859: ACCEPTED IN 20 TRIES, (AVG 540442.95)
[1, 4, 10, 23, 57, 132, 301, 701, 1654, 3859, 9172, 21806]...: 12971964: ACCEPTED IN 24 TRIES, (AVG 540498.5)
[1, 4, 10, 23, 57, 132, 301, 701, 1654, 3859, 9172, 21827]...: 12431739: ACCEPTED IN 23 TRIES, (AVG 540510.3913043478)
[1, 4, 10, 23, 57, 132, 301, 701, 1654, 3859, 9172, 21831]...: 12972464: ACCEPTED IN 24 TRIES, (AVG 540519.3333333334)
[1, 4, 10, 23, 57, 132, 301, 701, 1654, 3859, 9172, 21835]...: 12972377: ACCEPTED IN 24 TRIES, (AVG 540515.7083333334)
[1, 4, 10, 23, 57, 132, 301, 701, 1654, 3859, 9172, 21839]...: 14596562: ACCEPTED IN 27 TRIES, (AVG 540613.4074074074)
[1, 4, 10, 23, 57, 132, 301, 701, 1654, 3859, 9172, 21843]...: 12970723: ACCEPTED IN 24 TRIES, (AVG 540446.7916666666)
[1, 4, 10, 23, 57, 132, 301, 701, 1654, 3859, 9172, 21860]...: 8642289: ACCEPTED IN 16 TRIES, (AVG 540143.0625)
[1, 4, 10, 23, 57, 132, 301, 701, 1654, 3859, 9172, 21864]...: 40571209: ACCEPTED IN 75 TRIES, (AVG 540949.4533333334)
[1, 4, 10, 23, 57, 132, 301, 701, 1654, 3859, 9172, 21872]...: 11349778: ACCEPTED IN 21 TRIES, (AVG 540465.619047619)
[1, 4, 10, 23, 57, 132, 301, 701, 1654, 3859, 9172, 21876]...: 4855839: ACCEPTED IN 9 TRIES, (AVG 539537.6666666666)
[1, 4, 10, 23, 57, 132, 301, 701, 1654, 3859, 9172, 21884]...: 8642646: ACCEPTED IN 16 TRIES, (AVG 540165.375)
[1, 4, 10, 23, 57, 132, 301, 701, 1654, 3859, 9172, 21897]...: 11348050: ACCEPTED IN 21 TRIES, (AVG 540383.3333333334)
[1, 4, 10, 23, 57, 132, 301, 701, 1654, 3859, 9172, 21901]...: 11349559: ACCEPTED IN 21 TRIES, (AVG 540455.1904761905)
[1, 4, 10, 23, 57, 132, 301, 701, 1654, 3859, 9172, 21926]...: 18384787: ACCEPTED IN 34 TRIES, (AVG 540729.0294117647)
[1, 4, 10, 23, 57, 132, 301, 701, 1654, 3859, 9172, 21930]...: 10267052: ACCEPTED IN 19 TRIES, (AVG 540371.1578947369)
[1, 4, 10, 23, 57, 132, 301, 701, 1654, 3859, 9172, 21934]...: 5937245: ACCEPTED IN 11 TRIES, (AVG 539749.5454545454)
[1, 4, 10, 23, 57, 132, 301, 701, 1654, 3859, 9172, 21938]...: 11890789: ACCEPTED IN 22 TRIES, (AVG 540490.4090909091)
[1, 4, 10, 23, 57, 132, 301, 701, 1654, 3859, 9172, 21959]...: 11348252: ACCEPTED IN 21 TRIES, (AVG 540392.9523809524)
[1, 4, 10, 23, 57, 132, 301, 701, 1654, 3859, 9172, 21963]...: 8101338: ACCEPTED IN 15 TRIES, (AVG 540089.2)
[1, 4, 10, 23, 57, 132, 301, 701, 1654, 3859, 9172, 21967]...: 12970154: ACCEPTED IN 24 TRIES, (AVG 540423.0833333334)
[1, 4, 10, 23, 57, 132, 301, 701, 1654, 3859, 9172, 21971]...: 11349031: ACCEPTED IN 21 TRIES, (AVG 540430.0476190476)
[1, 4, 10, 23, 57, 132, 301, 701, 1654, 3859, 9172, 21975]...: 12431996: ACCEPTED IN 23 TRIES, (AVG 540521.5652173914)
[1, 4, 10, 23, 57, 132, 301, 701, 1654, 3859, 9172, 21996]...: 11889711: ACCEPTED IN 22 TRIES, (AVG 540441.4090909091)
[1, 4, 10, 23, 57, 132, 301, 701, 1654, 3859, 9172, 22004]...: 11349072: ACCEPTED IN 21 TRIES, (AVG 540432.0)
[1, 4, 10, 23, 57, 132, 301, 701, 1654, 3859, 9172, 22008]...: 12973236: ACCEPTED IN 24 TRIES, (AVG 540551.5)
