[1, 4, 10, 23, 57, 132, 301, 701, 1636, 3627, 8220, 18460]...: 35160004: ACCEPTED IN 65 TRIES, (AVG 540923.1384615385)
[1, 4, 10, 23, 57, 132, 301, 701, 1636, 3627, 8220, 18461]...: 20549284: ACCEPTED IN 38 TRIES, (AVG 540770.6315789474)
[1, 4, 10, 23, 57, 132, 301, 701, 1636, 3627, 8220, 18468]...: 75202386: ACCEPTED IN 139 TRIES, (AVG 541024.3597122302)
[1, 4, 10, 23, 57, 132, 301, 701, 1636, 3627, 8220, 18500]...: 39486775: ACCEPTED IN 73 TRIES, (AVG 540914.7260273972)
[1, 4, 10, 23, 57, 132, 301, 701, 1636, 3627, 8220, 18527]...: 44358937: ACCEPTED IN 82 TRIES, (AVG 540962.6463414634)
[1, 4, 10, 23, 57, 132, 301, 701, 1636, 3627, 8220, 18560]...: 85485164: ACCEPTED IN 158 TRIES, (AVG 541045.3417721519)
[1, 4, 10, 23, 57, 132, 301, 701, 1636, 3627, 8220, 18563]...: 57887236: ACCEPTED IN 107 TRIES, (AVG 541002.2056074766)
[1, 4, 10, 23, 57, 132, 301, 701, 1636, 3627, 8220, 18567]...: 16219694: ACCEPTED IN 30 TRIES, (AVG 540656.4666666667)
[1, 4, 10, 23, 57, 132, 301, 701, 1636, 3627, 8220, 18591]...: 137433687: ACCEPTED IN 254 TRIES, (AVG 541077.5078740157)
[1, 4, 10, 23, 57, 132, 301, 701, 1636, 3627, 8220, 18595]...: 42735063: ACCEPTED IN 79 TRIES, (AVG 540950.164556962)
[1, 4, 10, 23, 57, 132, 301, 701, 1636, 3627, 8220, 18596]...: 60050613: ACCEPTED IN 111 TRIES, (AVG 540996.5135135135)
[1, 4, 10, 23, 57, 132, 301, 701, 1636, 3627, 8220, 18627]...: 73580717: ACCEPTED IN 136 TRIES, (AVG 541034.6838235294)
[1, 4, 10, 23, 57, 132, 301, 701, 1636, 3627, 8220, 18629]...: 93601193: ACCEPTED IN 173 TRIES, (AVG 541047.3583815029)
[1, 4, 10, 23, 57, 132, 301, 701, 1636, 3627, 8220, 18630]...: 40029186: ACCEPTED IN 74 TRIES, (AVG 540934.9459459459)
[1, 4, 10, 23, 57, 132, 301, 701, 1636, 3627, 8220, 18632]...: 28665297: ACCEPTED IN 53 TRIES, (AVG 540854.6603773584)
[1, 4, 10, 23, 57, 132, 301, 701, 1636, 3627, 8220, 18662]...: 95764528: ACCEPTED IN 177 TRIES, (AVG 541042.5310734464)
[1, 4, 10, 23, 57, 132, 301, 701, 1636, 3627, 8220, 18663]...: 25960263: ACCEPTED IN 48 TRIES, (AVG 540838.8125)
[1, 4, 10, 23, 57, 132, 301, 701, 1636, 3627, 8220, 18667]...: 47605887: ACCEPTED IN 88 TRIES, (AVG 540975.9886363636)
[1, 4, 10, 23, 57, 132, 301, 701, 1636, 3627, 8220, 18693]...: 9726353: ACCEPTED IN 18 TRIES, (AVG 540352.9444444445)
[1, 4, 10, 23, 57, 132, 301, 701, 1636, 3627, 8220, 18694]...: 35700912: ACCEPTED IN 66 TRIES, (AVG 540922.9090909091)
[1, 4, 10, 23, 57, 132, 301, 701, 1636, 3627, 8220, 18699]...: 38947532: ACCEPTED IN 72 TRIES, (AVG 540937.9444444445)
[1, 4, 10, 23, 57, 132, 301, 701, 1636, 3627, 8220, 18729]...: 45982721: ACCEPTED IN 85 TRIES, (AVG 540973.1882352941)
[1, 4, 10, 23, 57, 132, 301, 701, 1636, 3627, 8220, 18733]...: 23255011: ACCEPTED IN 43 TRIES, (AVG 540814.2093023256)
[1, 4, 10, 23, 57, 132, 301, 701, 1636, 3627, 8220, 18762]...: 36241521: ACCEPTED IN 67 TRIES, (AVG 540918.223880597)
[1, 4, 10, 23, 57, 132, 301, 701, 1636, 3627, 8220, 18765]...: 128776384: ACCEPTED IN 238 TRIES, (AVG 541077.243697479)
[1, 4, 10, 23, 57, 132, 301, 701, 1636, 3627, 8220, 18766]...: 94682858: ACCEPTED IN 175 TRIES, (AVG 541044.9028571428)
[1, 4, 10, 23, 57, 132, 301, 701, 1636, 3627, 8220, 18769]...: 9725801: ACCEPTED IN 18 TRIES, (AVG 540322.2777777778)
[1, 4, 10, 23, 57, 132, 301, 701, 1636, 3627, 8220, 18793]...: 32993181: ACCEPTED IN 61 TRIES, (AVG 540871.8196721311)
[1, 4, 10, 23, 57, 132, 301, 701, 1636, 3627, 8220, 18794]...: 57345637: ACCEPTED IN 106 TRIES, (AVG 540996.5754716981)
[1, 4, 10, 23, 57, 132, 301, 701, 1636, 3627, 8220, 18801]...: 75202677: ACCEPTED IN 139 TRIES, (AVG 541026.45323741)
[1, 4, 10, 23, 57, 132, 301, 701, 1636, 3627, 8220, 18825]...: 33536397: ACCEPTED IN 62 TRIES, (AVG 540909.6290322581)
[1, 4, 10, 23, 57, 132, 301, 701, 1636, 3627, 8220, 18828]...: 38406480: ACCEPTED IN 71 TRIES, (AVG 540936.338028169)
[1, 4, 10, 23, 57, 132, 301, 701, 1636, 3627, 8220, 18832]...: 98472131: ACCEPTED IN 182 TRIES, (AVG 541055.6648351648)
[1, 4, 10, 23, 57, 132, 301, 701, 1636, 3627, 8220, 18861]...: 35158574: ACCEPTED IN 65 TRIES, (AVG 540901.1384615385)
[1, 4, 10, 23, 57, 132, 301, 701, 1636, 3627, 8220, 18863]...: 95766576: ACCEPTED IN 177 TRIES, (AVG 541054.1016949152)
[1, 4, 10, 23, 57, 132, 301, 701, 1636, 3627, 8220, 18865]...: 23795969: ACCEPTED IN 44 TRIES, (AVG 540817.4772727273)
[1, 4, 10, 23, 57, 132, 301, 701, 1636, 3627, 8220, 18868]...: 12430551: ACCEPTED IN 23 TRIES, (AVG 540458.7391304348)
[1, 4, 10, 23, 57, 132, 301, 701, 1636, 3627, 8220, 18892]...: 17301018: ACCEPTED IN 32 TRIES, (AVG 540656.8125)
[1, 4, 10, 23, 57, 132, 301, 701, 1636, 3627, 8220, 18893]...: 82779280: ACCEPTED IN 153 TRIES, (AVG 541041.0457516339)
[1, 4, 10, 23, 57, 132, 301, 701, 1636, 3627, 8220, 18895]...: 28125117: ACCEPTED IN 52 TRIES, (AVG 540867.6346153846)
[1, 4, 10, 23, 57, 132, 301, 701, 1636, 3627, 8220, 18896]...: 47605534: ACCEPTED IN 88 TRIES, (AVG 540971.9772727273)
[1, 4, 10, 23, 57, 132, 301, 701, 1636, 3627, 8220, 18897]...: 37324330: ACCEPTED IN 69 TRIES, (AVG 540932.3188405797)
[1, 4, 10, 23, 57, 132, 301, 701, 1636, 3627, 8220, 18901]...: 37321060: ACCEPTED IN 69 TRIES, (AVG 540884.9275362319)
[1, 4, 10, 23, 57, 132, 301, 701, 1636, 3627, 8220, 18927]...: 44359186: ACCEPTED IN 82 TRIES, (AVG 540965.6829268293)
[1, 4, 10, 23, 57, 132, 301, 701, 1636, 3627, 8220, 18933]...: 32994196: ACCEPTED IN 61 TRIES, (AVG 540888.4590163934)
[1, 4, 10, 23, 57, 132, 301, 701, 1636, 3627, 8220, 18960]...: 41111366: ACCEPTED IN 76 TRIES, (AVG 540939.0263157894)
[1, 4, 10, 23, 57, 132, 301, 701, 1636, 3627, 8220, 18962]...: 37865415: ACCEPTED IN 70 TRIES, (AVG 540934.5)
[1, 4, 10, 23, 57, 132, 301, 701, 1636, 3627, 8220, 18963]...: 13514523: ACCEPTED IN 25 TRIES, (AVG 540580.92)
[1, 4, 10, 23, 57, 132, 301, 701, 1636, 3627, 8220, 18964]...: 14054088: ACCEPTED IN 26 TRIES, (AVG 540541.8461538461)
[1, 4, 10, 23, 57, 132, 301, 701, 1636, 3627, 8220, 18994]...: 37321836: ACCEPTED IN 69 TRIES, (AVG 540896.1739130435)
[1, 4, 10, 23, 57, 132, 301, 701, 1636, 3627, 8220, 18995]...: 37322577: ACCEPTED IN 69 TRIES, (AVG 540906.9130434783)
[1, 4, 10, 23, 57, 132, 301, 701, 1636, 3627, 8220, 18996]...: 37323659: ACCEPTED IN 69 TRIES, (AVG 540922.5942028986)
[1, 4, 10, 23, 57, 132, 301, 701, 1636, 3627, 8220, 19000]...: 95224700: ACCEPTED IN 176 TRIES, (AVG 541049.4318181818)
[1, 4, 10, 23, 57, 132, 301, 701, 1636, 3627, 8220, 19027]...: 15137455: ACCEPTED IN 28 TRIES, (AVG 540623.3928571428)
[1, 4, 10, 23, 57, 132, 301, 701, 1636, 3627, 8220, 19028]...: 14596592: ACCEPTED IN 27 TRIES, (AVG 540614.5185185185)
[1, 4, 10, 23, 57, 132, 301, 701, 1636, 3627, 8220, 19029]...: 76285296: ACCEPTED IN 141 TRIES, (AVG 541030.4680851063)
[1, 4, 10, 23, 57, 132, 301, 701, 1636, 3627, 8220, 19034]...: 94683103: ACCEPTED IN 175 TRIES, (AVG 541046.3028571429)
[1, 4, 10, 23, 57, 132, 301, 701, 1636, 3627, 8220, 19059]...: 23254723: ACCEPTED IN 43 TRIES, (AVG 540807.5116279069)
[1, 4, 10, 23, 57, 132, 301, 701, 1636, 3627, 8220, 19061]...: 61134488: ACCEPTED IN 113 TRIES, (AVG 541013.1681415929)
[1, 4, 10, 23, 57, 132, 301, 701, 1636, 3627, 8220, 19062]...: 25418955: ACCEPTED IN 47 TRIES, (AVG 540828.8297872341)
[1, 4, 10, 23, 57, 132, 301, 701, 1636, 3627, 8220, 19066]...: 36782556: ACCEPTED IN 68 TRIES, (AVG 540919.9411764706)
[1, 4, 10, 23, 57, 132, 301, 701, 1636, 3627, 8220, 19067]...: 33534500: ACCEPTED IN 62 TRIES, (AVG 540879.0322580645)
[1, 4, 10, 23, 57, 132, 301, 701, 1636, 3627, 8220, 19094]...: 34618152: ACCEPTED IN 64 TRIES, (AVG 540908.625)
[1, 4, 10, 23, 57, 132, 301, 701, 1636, 3627, 8220, 19095]...: 51392050: ACCEPTED IN 95 TRIES, (AVG 540968.947368421)
[1, 4, 10, 23, 57, 132, 301, 701, 1636, 3627, 8220, 19096]...: 44899796: ACCEPTED IN 83 TRIES, (AVG 540961.3975903614)
[1, 4, 10, 23, 57, 132, 301, 701, 1636, 3627, 8220, 19099]...: 18383332: ACCEPTED IN 34 TRIES, (AVG 540686.2352941176)
[1, 4, 10, 23, 57, 132, 301, 701, 1636, 3627, 8220, 19102]...: 22712523: ACCEPTED IN 42 TRIES, (AVG 540774.3571428572)
[1, 4, 10, 23, 57, 132, 301, 701, 1636, 3627, 8220, 19126]...: 12430022: ACCEPTED IN 23 TRIES, (AVG 540435.7391304348)
[1, 4, 10, 23, 57, 132, 301, 701, 1636, 3627, 8220, 19129]...: 28665680: ACCEPTED IN 53 TRIES, (AVG 540861.8867924528)
[1, 4, 10, 23, 57, 132, 301, 701, 1636, 3627, 8220, 19133]...: 11890626: ACCEPTED IN 22 TRIES, (AVG 540483.0)
[1, 4, 10, 23, 57, 132, 301, 701, 1636, 3627, 8220, 19161]...: 25418095: ACCEPTED IN 47 TRIES, (AVG 540810.5319148937)
[1, 4, 10, 23, 57, 132, 301, 701, 1636, 3627, 8220, 19165]...: 34077575: ACCEPTED IN 63 TRIES, (AVG 540913.8888888889)
[1, 4, 10, 23, 57, 132, 301, 701, 1636, 3627, 8220, 19166]...: 21088582: ACCEPTED IN 39 TRIES, (AVG 540732.8717948718)
[1, 4, 10, 23, 57, 132, 301, 701, 1636, 3627, 8220, 19169]...: 36781192: ACCEPTED IN 68 TRIES, (AVG 540899.8823529412)
[1, 4, 10, 23, 57, 132, 301, 701, 1636, 3627, 8220, 19193]...: 45441451: ACCEPTED IN 84 TRIES, (AVG 540969.6547619047)
[1, 4, 10, 23, 57, 132, 301, 701, 1636, 3627, 8220, 19194]...: 12431751: ACCEPTED IN 23 TRIES, (AVG 540510.9130434783)
[1, 4, 10, 23, 57, 132, 301, 701, 1636, 3627, 8220, 19196]...: 35699686: ACCEPTED IN 66 TRIES, (AVG 540904.3333333334)
[1, 4, 10, 23, 57, 132, 301, 701, 1636, 3627, 8220, 19197]...: 35157371: ACCEPTED IN 65 TRIES, (AVG 540882.6307692308)
[1, 4, 10, 23, 57, 132, 301, 701, 1636, 3627, 8220, 19198]...: 12429811: ACCEPTED IN 23 TRIES, (AVG 540426.5652173914)
[1, 4, 10, 23, 57, 132, 301, 701, 1636, 3627, 8220, 19201]...: 23254629: ACCEPTED IN 43 TRIES, (AVG 540805.3255813953)
[1, 4, 10, 23, 57, 132, 301, 701, 1636, 3627, 8220, 19228]...: 52476310: ACCEPTED IN 97 TRIES, (AVG 540992.8865979381)
[1, 4, 10, 23, 57, 132, 301, 701, 1636, 3627, 8220, 19234]...: 21090409: ACCEPTED IN 39 TRIES, (AVG 540779.717948718)
[1, 4, 10, 23, 57, 132, 301, 701, 1636, 3627, 8220, 19261]...: 15137572: ACCEPTED IN 28 TRIES, (AVG 540627.5714285715)
[1, 4, 10, 23, 57, 132, 301, 701, 1636, 3627, 8220, 19263]...: 35159535: ACCEPTED IN 65 TRIES, (AVG 540915.9230769231)
[1, 4, 10, 23, 57, 132, 301, 701, 1636, 3627, 8220, 19264]...: 32995235: ACCEPTED IN 61 TRIES, (AVG 540905.4918032787)
[1, 4, 10, 23, 57, 132, 301, 701, 1636, 3627, 8220, 19265]...: 11890650: ACCEPTED IN 22 TRIES, (AVG 540484.0909090909)
[1, 4, 10, 23, 57, 132, 301, 701, 1636, 3627, 8220, 19268]...: 23794708: ACCEPTED IN 44 TRIES, (AVG 540788.8181818182)
[1, 4, 10, 23, 57, 132, 301, 701, 1636, 3627, 8220, 19293]...: 28124808: ACCEPTED IN 52 TRIES, (AVG 540861.6923076923)
[1, 4, 10, 23, 57, 132, 301, 701, 1636, 3627, 8220, 19295]...: 23253485: ACCEPTED IN 43 TRIES, (AVG 540778.7209302326)
[1, 4, 10, 23, 57, 132, 301, 701, 1636, 3627, 8220, 19296]...: 37323975: ACCEPTED IN 69 TRIES, (AVG 540927.1739130435)
[1, 4, 10, 23, 57, 132, 301, 701, 1636, 3627, 8220, 19297]...: 23252903: ACCEPTED IN 43 TRIES, (AVG 540765.1860465116)
[1, 4, 10, 23, 57, 132, 301, 701, 1636, 3627, 8220, 19298]...: 48145659: ACCEPTED IN 89 TRIES, (AVG 540962.4606741572)
[1, 4, 10, 23, 57, 132, 301, 701, 1636, 3627, 8220, 19301]...: 32995510: ACCEPTED IN 61 TRIES, (AVG 540910.0)
[1, 4, 10, 23, 57, 132, 301, 701, 1636, 3627, 8220, 19328]...: 28124139: ACCEPTED IN 52 TRIES, (AVG 540848.8269230769)
[1, 4, 10, 23, 57, 132, 301, 701, 1636, 3627, 8220, 19329]...: 37324463: ACCEPTED IN 69 TRIES, (AVG 540934.2463768116)
[1, 4, 10, 23, 57, 132, 301, 701, 1636, 3627, 8220, 19330]...: 49769988: ACCEPTED IN 92 TRIES, (AVG 540978.1304347826)
[1, 4, 10, 23, 57, 132, 301, 701, 1636, 3627, 8220, 19333]...: 34075894: ACCEPTED IN 63 TRIES, (AVG 540887.2063492064)
[1, 4, 10, 23, 57, 132, 301, 701, 1636, 3627, 8220, 19360]...: 17842485: ACCEPTED IN 33 TRIES, (AVG 540681.3636363636)
[1, 4, 10, 23, 57, 132, 301, 701, 1636, 3627, 8220, 19362]...: 28123111: ACCEPTED IN 52 TRIES, (AVG 540829.0576923077)
[1, 4, 10, 23, 57, 132, 301, 701, 1636, 3627, 8220, 19363]...: 21089504: ACCEPTED IN 39 TRIES, (AVG 540756.5128205129)
[1, 4, 10, 23, 57, 132, 301, 701, 1636, 3627, 8220, 19364]...: 18381041: ACCEPTED IN 34 TRIES, (AVG 540618.8529411765)
[1, 4, 10, 23, 57, 132, 301, 701, 1636, 3627, 8220, 19367]...: 32994922: ACCEPTED IN 61 TRIES, (AVG 540900.3606557377)
[1, 4, 10, 23, 57, 132, 301, 701, 1636, 3627, 8220, 19394]...: 12972917: ACCEPTED IN 24 TRIES, (AVG 540538.2083333334)
[1, 4, 10, 23, 57, 132, 301, 701, 1636, 3627, 8220, 19396]...: 22713717: ACCEPTED IN 42 TRIES, (AVG 540802.7857142857)
[1, 4, 10, 23, 57, 132, 301, 701, 1636, 3627, 8220, 19400]...: 36241907: ACCEPTED IN 67 TRIES, (AVG 540923.9850746269)
[1, 4, 10, 23, 57, 132, 301, 701, 1636, 3627, 8220, 19403]...: 12431158: ACCEPTED IN 23 TRIES, (AVG 540485.1304347826)
[1, 4, 10, 23, 57, 132, 301, 701, 1636, 3627, 8220, 19427]...: 36241263: ACCEPTED IN 67 TRIES, (AVG 540914.3731343284)
[1, 4, 10, 23, 57, 132, 301, 701, 1636, 3627, 8220, 19430]...: 37321793: ACCEPTED IN 69 TRIES, (AVG 540895.5507246377)
[1, 4, 10, 23, 57, 132, 301, 701, 1636, 3627, 8220, 19434]...: 14055606: ACCEPTED IN 26 TRIES, (AVG 540600.2307692308)
[1, 4, 10, 23, 57, 132, 301, 701, 1636, 3627, 8220, 19462]...: 34076585: ACCEPTED IN 63 TRIES, (AVG 540898.1746031746)
[1, 4, 10, 23, 57, 132, 301, 701, 1636, 3627, 8220, 19466]...: 23254945: ACCEPTED IN 43 TRIES, (AVG 540812.6744186047)
[1, 4, 10, 23, 57, 132, 301, 701, 1636, 3627, 8220, 19467]...: 13513194: ACCEPTED IN 25 TRIES, (AVG 540527.76)
[1, 4, 10, 23, 57, 132, 301, 701, 1636, 3627, 8220, 19470]...: 37324114: ACCEPTED IN 69 TRIES, (AVG 540929.1884057971)
[1, 4, 10, 23, 57, 132, 301, 701, 1636, 3627, 8220, 19494]...: 32993283: ACCEPTED IN 61 TRIES, (AVG 540873.4918032787)
[1, 4, 10, 23, 57, 132, 301, 701, 1636, 3627, 8220, 19495]...: 24878391: ACCEPTED IN 46 TRIES, (AVG 540834.5869565217)
[1, 4, 10, 23, 57, 132, 301, 701, 1636, 3627, 8220, 19496]...: 45440520: ACCEPTED IN 84 TRIES, (AVG 540958.5714285715)
[1, 4, 10, 23, 57, 132, 301, 701, 1636, 3627, 8220, 19497]...: 36242108: ACCEPTED IN 67 TRIES, (AVG 540926.9850746269)
[1, 4, 10, 23, 57, 132, 301, 701, 1636, 3627, 8220, 19498]...: 16219594: ACCEPTED IN 30 TRIES, (AVG 540653.1333333333)
[1, 4, 10, 23, 57, 132, 301, 701, 1636, 3627, 8220, 19499]...: 28664908: ACCEPTED IN 53 TRIES, (AVG 540847.320754717)
[1, 4, 10, 23, 57, 132, 301, 701, 1636, 3627, 8220, 19500]...: 51934368: ACCEPTED IN 96 TRIES, (AVG 540983.0)
[1, 4, 10, 23, 57, 132, 301, 701, 1636, 3627, 8220, 19502]...: 21090452: ACCEPTED IN 39 TRIES, (AVG 540780.8205128205)
[1, 4, 10, 23, 57, 132, 301, 701, 1636, 3627, 8220, 19526]...: 23796194: ACCEPTED IN 44 TRIES, (AVG 540822.5909090909)
[1, 4, 10, 23, 57, 132, 301, 701, 1636, 3627, 8220, 19529]...: 23252972: ACCEPTED IN 43 TRIES, (AVG 540766.7906976744)
[1, 4, 10, 23, 57, 132, 301, 701, 1636, 3627, 8220, 19532]...: 94142236: ACCEPTED IN 174 TRIES, (AVG 541047.3333333334)
[1, 4, 10, 23, 57, 132, 301, 701, 1636, 3627, 8220, 19533]...: 28125117: ACCEPTED IN 52 TRIES, (AVG 540867.6346153846)
[1, 4, 10, 23, 57, 132, 301, 701, 1636, 3627, 8220, 19562]...: 23254063: ACCEPTED IN 43 TRIES, (AVG 540792.1627906977)
[1, 4, 10, 23, 57, 132, 301, 701, 1636, 3627, 8220, 19564]...: 44359038: ACCEPTED IN 82 TRIES, (AVG 540963.8780487805)
[1, 4, 10, 23, 57, 132, 301, 701, 1636, 3627, 8220, 19565]...: 32452728: ACCEPTED IN 60 TRIES, (AVG 540878.8)
[1, 4, 10, 23, 57, 132, 301, 701, 1636, 3627, 8220, 19566]...: 28665940: ACCEPTED IN 53 TRIES, (AVG 540866.7924528302)
[1, 4, 10, 23, 57, 132, 301, 701, 1636, 3627, 8220, 19569]...: 36242094: ACCEPTED IN 67 TRIES, (AVG 540926.776119403)
[1, 4, 10, 23, 57, 132, 301, 701, 1636, 3627, 8220, 19596]...: 41111134: ACCEPTED IN 76 TRIES, (AVG 540935.9736842106)
[1, 4, 10, 23, 57, 132, 301, 701, 1636, 3627, 8220, 19597]...: 10807753: ACCEPTED IN 20 TRIES, (AVG 540387.65)
[1, 4, 10, 23, 57, 132, 301, 701, 1636, 3627, 8220, 19598]...: 29207266: ACCEPTED IN 54 TRIES, (AVG 540875.2962962963)
[1, 4, 10, 23, 57, 132, 301, 701, 1636, 3627, 8220, 19599]...: 13512646: ACCEPTED IN 25 TRIES, (AVG 540505.84)
[1, 4, 10, 23, 57, 132, 301, 701, 1636, 3627, 8220, 19602]...: 22171281: ACCEPTED IN 41 TRIES, (AVG 540762.9512195121)
[1, 4, 10, 23, 57, 132, 301, 701, 1636, 3627, 8220, 19628]...: 22712867: ACCEPTED IN 42 TRIES, (AVG 540782.5476190476)
[1, 4, 10, 23, 57, 132, 301, 701, 1636, 3627, 8220, 19629]...: 22172364: ACCEPTED IN 41 TRIES, (AVG 540789.3658536585)
[1, 4, 10, 23, 57, 132, 301, 701, 1636, 3627, 8220, 19630]...: 38406163: ACCEPTED IN 71 TRIES, (AVG 540931.8732394367)
[1, 4, 10, 23, 57, 132, 301, 701, 1636, 3627, 8220, 19634]...: 75743939: ACCEPTED IN 140 TRIES, (AVG 541028.1357142857)
[1, 4, 10, 23, 57, 132, 301, 701, 1636, 3627, 8220, 19661]...: 15137734: ACCEPTED IN 28 TRIES, (AVG 540633.3571428572)
[1, 4, 10, 23, 57, 132, 301, 701, 1636, 3627, 8220, 19663]...: 36241527: ACCEPTED IN 67 TRIES, (AVG 540918.3134328359)
[1, 4, 10, 23, 57, 132, 301, 701, 1636, 3627, 8220, 19664]...: 33534527: ACCEPTED IN 62 TRIES, (AVG 540879.4677419355)
[1, 4, 10, 23, 57, 132, 301, 701, 1636, 3627, 8220, 19665]...: 27583716: ACCEPTED IN 51 TRIES, (AVG 540857.1764705882)
[1, 4, 10, 23, 57, 132, 301, 701, 1636, 3627, 8220, 19667]...: 94684457: ACCEPTED IN 175 TRIES, (AVG 541054.04)
[1, 4, 10, 23, 57, 132, 301, 701, 1636, 3627, 8220, 19668]...: 36782712: ACCEPTED IN 68 TRIES, (AVG 540922.2352941176)
[1, 4, 10, 23, 57, 132, 301, 701, 1636, 3627, 8220, 19669]...: 21090326: ACCEPTED IN 39 TRIES, (AVG 540777.5897435897)
[1, 4, 10, 23, 57, 132, 301, 701, 1636, 3627, 8220, 19695]...: 37864218: ACCEPTED IN 70 TRIES, (AVG 540917.4)
[1, 4, 10, 23, 57, 132, 301, 701, 1636, 3627, 8220, 19696]...: 22713395: ACCEPTED IN 42 TRIES, (AVG 540795.119047619)
[1, 4, 10, 23, 57, 132, 301, 701, 1636, 3627, 8220, 19697]...: 27584018: ACCEPTED IN 51 TRIES, (AVG 540863.0980392157)
[1, 4, 10, 23, 57, 132, 301, 701, 1636, 3627, 8220, 19701]...: 15136170: ACCEPTED IN 28 TRIES, (AVG 540577.5)
[1, 4, 10, 23, 57, 132, 301, 701, 1636, 3627, 8220, 19704]...: 23253150: ACCEPTED IN 43 TRIES, (AVG 540770.9302325582)
[1, 4, 10, 23, 57, 132, 301, 701, 1636, 3627, 8220, 19728]...: 27583633: ACCEPTED IN 51 TRIES, (AVG 540855.5490196078)
