[1, 4, 10, 23, 57, 132, 301, 701, 1636, 3627, 8367, 18414]...: 101719351: ACCEPTED IN 188 TRIES, (AVG 541060.3776595745)
[1, 4, 10, 23, 57, 132, 301, 701, 1636, 3627, 8367, 18513]...: 24878238: ACCEPTED IN 46 TRIES, (AVG 540831.2608695652)
[1, 4, 10, 23, 57, 132, 301, 701, 1636, 3627, 8367, 18612]...: 15136498: ACCEPTED IN 28 TRIES, (AVG 540589.2142857143)
[1, 4, 10, 23, 57, 132, 301, 701, 1636, 3627, 8367, 18648]...: 9185067: ACCEPTED IN 17 TRIES, (AVG 540298.0588235294)
[1, 4, 10, 23, 57, 132, 301, 701, 1636, 3627, 8367, 18715]...: 22712894: ACCEPTED IN 42 TRIES, (AVG 540783.1904761905)
[1, 4, 10, 23, 57, 132, 301, 701, 1636, 3627, 8367, 18814]...: 8102700: ACCEPTED IN 15 TRIES, (AVG 540180.0)
[1, 4, 10, 23, 57, 132, 301, 701, 1636, 3627, 8367, 18913]...: 25418156: ACCEPTED IN 47 TRIES, (AVG 540811.8297872341)
[1, 4, 10, 23, 57, 132, 301, 701, 1636, 3627, 8367, 18949]...: 5938037: ACCEPTED IN 11 TRIES, (AVG 539821.5454545454)
[1, 4, 10, 23, 57, 132, 301, 701, 1636, 3627, 8367, 19016]...: 15137078: ACCEPTED IN 28 TRIES, (AVG 540609.9285714285)
[1, 4, 10, 23, 57, 132, 301, 701, 1636, 3627, 8367, 19048]...: 10266874: ACCEPTED IN 19 TRIES, (AVG 540361.7894736842)
[1, 4, 10, 23, 57, 132, 301, 701, 1636, 3627, 8367, 19214]...: 12972627: ACCEPTED IN 24 TRIES, (AVG 540526.125)
[1, 4, 10, 23, 57, 132, 301, 701, 1636, 3627, 8367, 19250]...: 6479852: ACCEPTED IN 12 TRIES, (AVG 539987.6666666666)
[1, 4, 10, 23, 57, 132, 301, 701, 1636, 3627, 8367, 19313]...: 4313819: ACCEPTED IN 8 TRIES, (AVG 539227.375)
[1, 4, 10, 23, 57, 132, 301, 701, 1636, 3627, 8367, 19349]...: 8102624: ACCEPTED IN 15 TRIES, (AVG 540174.9333333333)
[1, 4, 10, 23, 57, 132, 301, 701, 1636, 3627, 8367, 19515]...: 9185485: ACCEPTED IN 17 TRIES, (AVG 540322.6470588235)
[1, 4, 10, 23, 57, 132, 301, 701, 1636, 3627, 8367, 19547]...: 4854599: ACCEPTED IN 9 TRIES, (AVG 539399.8888888889)
[1, 4, 10, 23, 57, 132, 301, 701, 1636, 3627, 8367, 19614]...: 12971029: ACCEPTED IN 24 TRIES, (AVG 540459.5416666666)
[1, 4, 10, 23, 57, 132, 301, 701, 1636, 3627, 8367, 19650]...: 5396227: ACCEPTED IN 10 TRIES, (AVG 539622.7)
[1, 4, 10, 23, 57, 132, 301, 701, 1636, 3627, 8367, 19749]...: 7020862: ACCEPTED IN 13 TRIES, (AVG 540066.3076923077)
[1, 4, 10, 23, 57, 132, 301, 701, 1636, 3627, 8367, 19848]...: 9184733: ACCEPTED IN 17 TRIES, (AVG 540278.4117647059)
[1, 4, 10, 23, 57, 132, 301, 701, 1636, 3627, 8367, 19915]...: 7020981: ACCEPTED IN 13 TRIES, (AVG 540075.4615384615)
[1, 4, 10, 23, 57, 132, 301, 701, 1636, 3627, 8367, 19951]...: 14596214: ACCEPTED IN 27 TRIES, (AVG 540600.5185185185)
[1, 4, 10, 23, 57, 132, 301, 701, 1636, 3627, 8367, 19983]...: 13514464: ACCEPTED IN 25 TRIES, (AVG 540578.56)
[1, 4, 10, 23, 57, 132, 301, 701, 1636, 3627, 8367, 20050]...: 6475940: ACCEPTED IN 12 TRIES, (AVG 539661.6666666666)
