[1, 4, 10, 23, 57, 132, 301, 701, 1636, 3620, 8156, 18103]...: 25418915: ACCEPTED IN 47 TRIES, (AVG 540827.9787234042)
[1, 4, 10, 23, 57, 132, 301, 701, 1636, 3620, 8156, 18104]...: 41653217: ACCEPTED IN 77 TRIES, (AVG 540950.8701298701)
[1, 4, 10, 23, 57, 132, 301, 701, 1636, 3620, 8156, 18137]...: 24877487: ACCEPTED IN 46 TRIES, (AVG 540814.9347826086)
[1, 4, 10, 23, 57, 132, 301, 701, 1636, 3620, 8156, 18166]...: 23254837: ACCEPTED IN 43 TRIES, (AVG 540810.1627906977)
[1, 4, 10, 23, 57, 132, 301, 701, 1636, 3620, 8156, 18174]...: 23795322: ACCEPTED IN 44 TRIES, (AVG 540802.7727272727)
[1, 4, 10, 23, 57, 132, 301, 701, 1636, 3620, 8156, 18202]...: 28666038: ACCEPTED IN 53 TRIES, (AVG 540868.641509434)
[1, 4, 10, 23, 57, 132, 301, 701, 1636, 3620, 8156, 18269]...: 23254713: ACCEPTED IN 43 TRIES, (AVG 540807.2790697674)
[1, 4, 10, 23, 57, 132, 301, 701, 1636, 3620, 8156, 18304]...: 75203619: ACCEPTED IN 139 TRIES, (AVG 541033.2302158274)
[1, 4, 10, 23, 57, 132, 301, 701, 1636, 3620, 8156, 18306]...: 20008224: ACCEPTED IN 37 TRIES, (AVG 540762.8108108108)
[1, 4, 10, 23, 57, 132, 301, 701, 1636, 3620, 8156, 18368]...: 29748445: ACCEPTED IN 55 TRIES, (AVG 540880.8181818182)
[1, 4, 10, 23, 57, 132, 301, 701, 1636, 3620, 8156, 18371]...: 154750479: ACCEPTED IN 286 TRIES, (AVG 541085.5909090909)
[1, 4, 10, 23, 57, 132, 301, 701, 1636, 3620, 8156, 18372]...: 29746167: ACCEPTED IN 55 TRIES, (AVG 540839.4)
[1, 4, 10, 23, 57, 132, 301, 701, 1636, 3620, 8156, 18399]...: 16760513: ACCEPTED IN 31 TRIES, (AVG 540661.7096774194)
[1, 4, 10, 23, 57, 132, 301, 701, 1636, 3620, 8156, 18404]...: 24878187: ACCEPTED IN 46 TRIES, (AVG 540830.1521739131)
[1, 4, 10, 23, 57, 132, 301, 701, 1636, 3620, 8156, 18405]...: 13513607: ACCEPTED IN 25 TRIES, (AVG 540544.28)
[1, 4, 10, 23, 57, 132, 301, 701, 1636, 3620, 8156, 18436]...: 26500424: ACCEPTED IN 49 TRIES, (AVG 540824.9795918367)
[1, 4, 10, 23, 57, 132, 301, 701, 1636, 3620, 8156, 18437]...: 53017269: ACCEPTED IN 98 TRIES, (AVG 540992.5408163265)
[1, 4, 10, 23, 57, 132, 301, 701, 1636, 3620, 8156, 18438]...: 75744724: ACCEPTED IN 140 TRIES, (AVG 541033.7428571428)
[1, 4, 10, 23, 57, 132, 301, 701, 1636, 3620, 8156, 18467]...: 21630923: ACCEPTED IN 40 TRIES, (AVG 540773.075)
[1, 4, 10, 23, 57, 132, 301, 701, 1636, 3620, 8156, 18471]...: 28124889: ACCEPTED IN 52 TRIES, (AVG 540863.25)
[1, 4, 10, 23, 57, 132, 301, 701, 1636, 3620, 8156, 18503]...: 13514017: ACCEPTED IN 25 TRIES, (AVG 540560.68)
[1, 4, 10, 23, 57, 132, 301, 701, 1636, 3620, 8156, 18504]...: 33536549: ACCEPTED IN 62 TRIES, (AVG 540912.0806451613)
[1, 4, 10, 23, 57, 132, 301, 701, 1636, 3620, 8156, 18507]...: 8644142: ACCEPTED IN 16 TRIES, (AVG 540258.875)
[1, 4, 10, 23, 57, 132, 301, 701, 1636, 3620, 8156, 18537]...: 29747877: ACCEPTED IN 55 TRIES, (AVG 540870.490909091)
[1, 4, 10, 23, 57, 132, 301, 701, 1636, 3620, 8156, 18568]...: 23796164: ACCEPTED IN 44 TRIES, (AVG 540821.9090909091)
[1, 4, 10, 23, 57, 132, 301, 701, 1636, 3620, 8156, 18569]...: 18384768: ACCEPTED IN 34 TRIES, (AVG 540728.4705882353)
[1, 4, 10, 23, 57, 132, 301, 701, 1636, 3620, 8156, 18570]...: 26501574: ACCEPTED IN 49 TRIES, (AVG 540848.4489795918)
[1, 4, 10, 23, 57, 132, 301, 701, 1636, 3620, 8156, 18574]...: 17843284: ACCEPTED IN 33 TRIES, (AVG 540705.5757575758)
[1, 4, 10, 23, 57, 132, 301, 701, 1636, 3620, 8156, 18603]...: 39487138: ACCEPTED IN 73 TRIES, (AVG 540919.698630137)
[1, 4, 10, 23, 57, 132, 301, 701, 1636, 3620, 8156, 18605]...: 27584016: ACCEPTED IN 51 TRIES, (AVG 540863.0588235294)
[1, 4, 10, 23, 57, 132, 301, 701, 1636, 3620, 8156, 18606]...: 12432272: ACCEPTED IN 23 TRIES, (AVG 540533.5652173914)
[1, 4, 10, 23, 57, 132, 301, 701, 1636, 3620, 8156, 18636]...: 24877252: ACCEPTED IN 46 TRIES, (AVG 540809.8260869565)
[1, 4, 10, 23, 57, 132, 301, 701, 1636, 3620, 8156, 18639]...: 29748495: ACCEPTED IN 55 TRIES, (AVG 540881.7272727273)
[1, 4, 10, 23, 57, 132, 301, 701, 1636, 3620, 8156, 18669]...: 23794387: ACCEPTED IN 44 TRIES, (AVG 540781.5227272727)
[1, 4, 10, 23, 57, 132, 301, 701, 1636, 3620, 8156, 18672]...: 20546938: ACCEPTED IN 38 TRIES, (AVG 540708.8947368421)
[1, 4, 10, 23, 57, 132, 301, 701, 1636, 3620, 8156, 18673]...: 23796111: ACCEPTED IN 44 TRIES, (AVG 540820.7045454546)
[1, 4, 10, 23, 57, 132, 301, 701, 1636, 3620, 8156, 18700]...: 31371625: ACCEPTED IN 58 TRIES, (AVG 540890.0862068966)
[1, 4, 10, 23, 57, 132, 301, 701, 1636, 3620, 8156, 18701]...: 16219149: ACCEPTED IN 30 TRIES, (AVG 540638.3)
[1, 4, 10, 23, 57, 132, 301, 701, 1636, 3620, 8156, 18705]...: 13514598: ACCEPTED IN 25 TRIES, (AVG 540583.92)
[1, 4, 10, 23, 57, 132, 301, 701, 1636, 3620, 8156, 18706]...: 21090040: ACCEPTED IN 39 TRIES, (AVG 540770.2564102564)
[1, 4, 10, 23, 57, 132, 301, 701, 1636, 3620, 8156, 18735]...: 11890000: ACCEPTED IN 22 TRIES, (AVG 540454.5454545454)
[1, 4, 10, 23, 57, 132, 301, 701, 1636, 3620, 8156, 18737]...: 17842122: ACCEPTED IN 33 TRIES, (AVG 540670.3636363636)
[1, 4, 10, 23, 57, 132, 301, 701, 1636, 3620, 8156, 18738]...: 14595708: ACCEPTED IN 27 TRIES, (AVG 540581.7777777778)
[1, 4, 10, 23, 57, 132, 301, 701, 1636, 3620, 8156, 18768]...: 22712760: ACCEPTED IN 42 TRIES, (AVG 540780.0)
[1, 4, 10, 23, 57, 132, 301, 701, 1636, 3620, 8156, 18771]...: 10267498: ACCEPTED IN 19 TRIES, (AVG 540394.6315789474)
[1, 4, 10, 23, 57, 132, 301, 701, 1636, 3620, 8156, 18772]...: 23254939: ACCEPTED IN 43 TRIES, (AVG 540812.5348837209)
[1, 4, 10, 23, 57, 132, 301, 701, 1636, 3620, 8156, 18804]...: 16219677: ACCEPTED IN 30 TRIES, (AVG 540655.9)
[1, 4, 10, 23, 57, 132, 301, 701, 1636, 3620, 8156, 18805]...: 10807987: ACCEPTED IN 20 TRIES, (AVG 540399.35)
[1, 4, 10, 23, 57, 132, 301, 701, 1636, 3620, 8156, 18808]...: 15136830: ACCEPTED IN 28 TRIES, (AVG 540601.0714285715)
[1, 4, 10, 23, 57, 132, 301, 701, 1636, 3620, 8156, 18837]...: 16759223: ACCEPTED IN 31 TRIES, (AVG 540620.0967741936)
[1, 4, 10, 23, 57, 132, 301, 701, 1636, 3620, 8156, 18838]...: 16761342: ACCEPTED IN 31 TRIES, (AVG 540688.4516129033)
[1, 4, 10, 23, 57, 132, 301, 701, 1636, 3620, 8156, 18867]...: 23795931: ACCEPTED IN 44 TRIES, (AVG 540816.6136363636)
[1, 4, 10, 23, 57, 132, 301, 701, 1636, 3620, 8156, 18869]...: 16760227: ACCEPTED IN 31 TRIES, (AVG 540652.4838709678)
[1, 4, 10, 23, 57, 132, 301, 701, 1636, 3620, 8156, 18870]...: 67627213: ACCEPTED IN 125 TRIES, (AVG 541017.704)
[1, 4, 10, 23, 57, 132, 301, 701, 1636, 3620, 8156, 18871]...: 25418679: ACCEPTED IN 47 TRIES, (AVG 540822.9574468085)
[1, 4, 10, 23, 57, 132, 301, 701, 1636, 3620, 8156, 18875]...: 15137606: ACCEPTED IN 28 TRIES, (AVG 540628.7857142857)
[1, 4, 10, 23, 57, 132, 301, 701, 1636, 3620, 8156, 18903]...: 29747328: ACCEPTED IN 55 TRIES, (AVG 540860.509090909)
[1, 4, 10, 23, 57, 132, 301, 701, 1636, 3620, 8156, 18904]...: 14595511: ACCEPTED IN 27 TRIES, (AVG 540574.4814814815)
[1, 4, 10, 23, 57, 132, 301, 701, 1636, 3620, 8156, 18907]...: 23795430: ACCEPTED IN 44 TRIES, (AVG 540805.2272727273)
[1, 4, 10, 23, 57, 132, 301, 701, 1636, 3620, 8156, 18937]...: 18924853: ACCEPTED IN 35 TRIES, (AVG 540710.0857142857)
[1, 4, 10, 23, 57, 132, 301, 701, 1636, 3620, 8156, 18940]...: 9185097: ACCEPTED IN 17 TRIES, (AVG 540299.8235294118)
[1, 4, 10, 23, 57, 132, 301, 701, 1636, 3620, 8156, 18969]...: 7020877: ACCEPTED IN 13 TRIES, (AVG 540067.4615384615)
[1, 4, 10, 23, 57, 132, 301, 701, 1636, 3620, 8156, 18970]...: 20547424: ACCEPTED IN 38 TRIES, (AVG 540721.6842105263)
[1, 4, 10, 23, 57, 132, 301, 701, 1636, 3620, 8156, 18974]...: 18384750: ACCEPTED IN 34 TRIES, (AVG 540727.9411764706)
[1, 4, 10, 23, 57, 132, 301, 701, 1636, 3620, 8156, 19001]...: 20008046: ACCEPTED IN 37 TRIES, (AVG 540758.0)
[1, 4, 10, 23, 57, 132, 301, 701, 1636, 3620, 8156, 19002]...: 23795800: ACCEPTED IN 44 TRIES, (AVG 540813.6363636364)
[1, 4, 10, 23, 57, 132, 301, 701, 1636, 3620, 8156, 19005]...: 4856177: ACCEPTED IN 9 TRIES, (AVG 539575.2222222222)
[1, 4, 10, 23, 57, 132, 301, 701, 1636, 3620, 8156, 19006]...: 9185309: ACCEPTED IN 17 TRIES, (AVG 540312.2941176471)
[1, 4, 10, 23, 57, 132, 301, 701, 1636, 3620, 8156, 19007]...: 22171159: ACCEPTED IN 41 TRIES, (AVG 540759.9756097561)
[1, 4, 10, 23, 57, 132, 301, 701, 1636, 3620, 8156, 19036]...: 21090302: ACCEPTED IN 39 TRIES, (AVG 540776.9743589744)
[1, 4, 10, 23, 57, 132, 301, 701, 1636, 3620, 8156, 19039]...: 16760969: ACCEPTED IN 31 TRIES, (AVG 540676.4193548387)
[1, 4, 10, 23, 57, 132, 301, 701, 1636, 3620, 8156, 19069]...: 17302482: ACCEPTED IN 32 TRIES, (AVG 540702.5625)
[1, 4, 10, 23, 57, 132, 301, 701, 1636, 3620, 8156, 19072]...: 14596513: ACCEPTED IN 27 TRIES, (AVG 540611.5925925926)
[1, 4, 10, 23, 57, 132, 301, 701, 1636, 3620, 8156, 19073]...: 14596690: ACCEPTED IN 27 TRIES, (AVG 540618.1481481482)
[1, 4, 10, 23, 57, 132, 301, 701, 1636, 3620, 8156, 19101]...: 11888597: ACCEPTED IN 22 TRIES, (AVG 540390.7727272727)
[1, 4, 10, 23, 57, 132, 301, 701, 1636, 3620, 8156, 19105]...: 14596758: ACCEPTED IN 27 TRIES, (AVG 540620.6666666666)
[1, 4, 10, 23, 57, 132, 301, 701, 1636, 3620, 8156, 19106]...: 24334598: ACCEPTED IN 45 TRIES, (AVG 540768.8444444444)
[1, 4, 10, 23, 57, 132, 301, 701, 1636, 3620, 8156, 19109]...: 9725654: ACCEPTED IN 18 TRIES, (AVG 540314.1111111111)
[1, 4, 10, 23, 57, 132, 301, 701, 1636, 3620, 8156, 19137]...: 10267117: ACCEPTED IN 19 TRIES, (AVG 540374.5789473684)
[1, 4, 10, 23, 57, 132, 301, 701, 1636, 3620, 8156, 19138]...: 14596605: ACCEPTED IN 27 TRIES, (AVG 540615.0)
[1, 4, 10, 23, 57, 132, 301, 701, 1636, 3620, 8156, 19139]...: 20549018: ACCEPTED IN 38 TRIES, (AVG 540763.6315789474)
[1, 4, 10, 23, 57, 132, 301, 701, 1636, 3620, 8156, 19168]...: 16220298: ACCEPTED IN 30 TRIES, (AVG 540676.6)
[1, 4, 10, 23, 57, 132, 301, 701, 1636, 3620, 8156, 19171]...: 8103153: ACCEPTED IN 15 TRIES, (AVG 540210.2)
[1, 4, 10, 23, 57, 132, 301, 701, 1636, 3620, 8156, 19172]...: 22713863: ACCEPTED IN 42 TRIES, (AVG 540806.2619047619)
[1, 4, 10, 23, 57, 132, 301, 701, 1636, 3620, 8156, 19204]...: 7020452: ACCEPTED IN 13 TRIES, (AVG 540034.7692307692)
[1, 4, 10, 23, 57, 132, 301, 701, 1636, 3620, 8156, 19205]...: 14596621: ACCEPTED IN 27 TRIES, (AVG 540615.5925925926)
[1, 4, 10, 23, 57, 132, 301, 701, 1636, 3620, 8156, 19208]...: 11891098: ACCEPTED IN 22 TRIES, (AVG 540504.4545454546)
[1, 4, 10, 23, 57, 132, 301, 701, 1636, 3620, 8156, 19238]...: 9185113: ACCEPTED IN 17 TRIES, (AVG 540300.7647058824)
[1, 4, 10, 23, 57, 132, 301, 701, 1636, 3620, 8156, 19241]...: 14055597: ACCEPTED IN 26 TRIES, (AVG 540599.8846153846)
[1, 4, 10, 23, 57, 132, 301, 701, 1636, 3620, 8156, 19270]...: 13514039: ACCEPTED IN 25 TRIES, (AVG 540561.56)
[1, 4, 10, 23, 57, 132, 301, 701, 1636, 3620, 8156, 19271]...: 12973475: ACCEPTED IN 24 TRIES, (AVG 540561.4583333334)
[1, 4, 10, 23, 57, 132, 301, 701, 1636, 3620, 8156, 19275]...: 18923700: ACCEPTED IN 35 TRIES, (AVG 540677.1428571428)
[1, 4, 10, 23, 57, 132, 301, 701, 1636, 3620, 8156, 19303]...: 11348324: ACCEPTED IN 21 TRIES, (AVG 540396.380952381)
[1, 4, 10, 23, 57, 132, 301, 701, 1636, 3620, 8156, 19304]...: 22171617: ACCEPTED IN 41 TRIES, (AVG 540771.1463414634)
[1, 4, 10, 23, 57, 132, 301, 701, 1636, 3620, 8156, 19306]...: 17302024: ACCEPTED IN 32 TRIES, (AVG 540688.25)
[1, 4, 10, 23, 57, 132, 301, 701, 1636, 3620, 8156, 19307]...: 8102086: ACCEPTED IN 15 TRIES, (AVG 540139.0666666667)
[1, 4, 10, 23, 57, 132, 301, 701, 1636, 3620, 8156, 19337]...: 12431573: ACCEPTED IN 23 TRIES, (AVG 540503.1739130435)
[1, 4, 10, 23, 57, 132, 301, 701, 1636, 3620, 8156, 19340]...: 14596401: ACCEPTED IN 27 TRIES, (AVG 540607.4444444445)
[1, 4, 10, 23, 57, 132, 301, 701, 1636, 3620, 8156, 19370]...: 4314432: ACCEPTED IN 8 TRIES, (AVG 539304.0)
[1, 4, 10, 23, 57, 132, 301, 701, 1636, 3620, 8156, 19373]...: 10266305: ACCEPTED IN 19 TRIES, (AVG 540331.8421052631)
[1, 4, 10, 23, 57, 132, 301, 701, 1636, 3620, 8156, 19374]...: 10266270: ACCEPTED IN 19 TRIES, (AVG 540330.0)
[1, 4, 10, 23, 57, 132, 301, 701, 1636, 3620, 8156, 19402]...: 11888650: ACCEPTED IN 22 TRIES, (AVG 540393.1818181818)
[1, 4, 10, 23, 57, 132, 301, 701, 1636, 3620, 8156, 19406]...: 20549075: ACCEPTED IN 38 TRIES, (AVG 540765.1315789474)
[1, 4, 10, 23, 57, 132, 301, 701, 1636, 3620, 8156, 19407]...: 10267421: ACCEPTED IN 19 TRIES, (AVG 540390.5789473684)
[1, 4, 10, 23, 57, 132, 301, 701, 1636, 3620, 8156, 19436]...: 14055143: ACCEPTED IN 26 TRIES, (AVG 540582.4230769231)
[1, 4, 10, 23, 57, 132, 301, 701, 1636, 3620, 8156, 19438]...: 14055181: ACCEPTED IN 26 TRIES, (AVG 540583.8846153846)
[1, 4, 10, 23, 57, 132, 301, 701, 1636, 3620, 8156, 19439]...: 11890801: ACCEPTED IN 22 TRIES, (AVG 540490.9545454546)
[1, 4, 10, 23, 57, 132, 301, 701, 1636, 3620, 8156, 19469]...: 20548297: ACCEPTED IN 38 TRIES, (AVG 540744.6578947369)
[1, 4, 10, 23, 57, 132, 301, 701, 1636, 3620, 8156, 19472]...: 13513491: ACCEPTED IN 25 TRIES, (AVG 540539.64)
[1, 4, 10, 23, 57, 132, 301, 701, 1636, 3620, 8156, 19473]...: 11891132: ACCEPTED IN 22 TRIES, (AVG 540506.0)
[1, 4, 10, 23, 57, 132, 301, 701, 1636, 3620, 8156, 19505]...: 16761013: ACCEPTED IN 31 TRIES, (AVG 540677.8387096775)
[1, 4, 10, 23, 57, 132, 301, 701, 1636, 3620, 8156, 19506]...: 24336934: ACCEPTED IN 45 TRIES, (AVG 540820.7555555556)
[1, 4, 10, 23, 57, 132, 301, 701, 1636, 3620, 8156, 19509]...: 12430578: ACCEPTED IN 23 TRIES, (AVG 540459.9130434783)
[1, 4, 10, 23, 57, 132, 301, 701, 1636, 3620, 8156, 19538]...: 15137178: ACCEPTED IN 28 TRIES, (AVG 540613.5)
[1, 4, 10, 23, 57, 132, 301, 701, 1636, 3620, 8156, 19539]...: 18924282: ACCEPTED IN 35 TRIES, (AVG 540693.7714285714)
[1, 4, 10, 23, 57, 132, 301, 701, 1636, 3620, 8156, 19568]...: 12430423: ACCEPTED IN 23 TRIES, (AVG 540453.1739130435)
[1, 4, 10, 23, 57, 132, 301, 701, 1636, 3620, 8156, 19571]...: 6479354: ACCEPTED IN 12 TRIES, (AVG 539946.1666666666)
[1, 4, 10, 23, 57, 132, 301, 701, 1636, 3620, 8156, 19572]...: 15677042: ACCEPTED IN 29 TRIES, (AVG 540587.6551724138)
