[1, 4, 10, 23, 57, 132, 301, 701, 1654, 3891, 8753, 19257]...: 31912696: ACCEPTED IN 59 TRIES, (AVG 540893.1525423729)
[1, 4, 10, 23, 57, 132, 301, 701, 1654, 3891, 8753, 19261]...: 47063092: ACCEPTED IN 87 TRIES, (AVG 540955.0804597702)
[1, 4, 10, 23, 57, 132, 301, 701, 1654, 3891, 8753, 19265]...: 50311197: ACCEPTED IN 93 TRIES, (AVG 540980.6129032258)
[1, 4, 10, 23, 57, 132, 301, 701, 1654, 3891, 8753, 19269]...: 12432327: ACCEPTED IN 23 TRIES, (AVG 540535.9565217391)
[1, 4, 10, 23, 57, 132, 301, 701, 1654, 3891, 8753, 19273]...: 34618632: ACCEPTED IN 64 TRIES, (AVG 540916.125)
[1, 4, 10, 23, 57, 132, 301, 701, 1654, 3891, 8753, 19274]...: 41109279: ACCEPTED IN 76 TRIES, (AVG 540911.5657894737)
[1, 4, 10, 23, 57, 132, 301, 701, 1654, 3891, 8753, 19286]...: 41111619: ACCEPTED IN 76 TRIES, (AVG 540942.3552631579)
[1, 4, 10, 23, 57, 132, 301, 701, 1654, 3891, 8753, 19298]...: 31371641: ACCEPTED IN 58 TRIES, (AVG 540890.3620689656)
[1, 4, 10, 23, 57, 132, 301, 701, 1654, 3891, 8753, 19306]...: 42194241: ACCEPTED IN 78 TRIES, (AVG 540951.8076923077)
[1, 4, 10, 23, 57, 132, 301, 701, 1654, 3891, 8753, 19310]...: 19467013: ACCEPTED IN 36 TRIES, (AVG 540750.3611111111)
[1, 4, 10, 23, 57, 132, 301, 701, 1654, 3891, 8753, 19311]...: 18384015: ACCEPTED IN 34 TRIES, (AVG 540706.3235294118)
[1, 4, 10, 23, 57, 132, 301, 701, 1654, 3891, 8753, 19315]...: 15678898: ACCEPTED IN 29 TRIES, (AVG 540651.6551724138)
[1, 4, 10, 23, 57, 132, 301, 701, 1654, 3891, 8753, 19319]...: 31371888: ACCEPTED IN 58 TRIES, (AVG 540894.6206896552)
[1, 4, 10, 23, 57, 132, 301, 701, 1654, 3891, 8753, 19323]...: 20546870: ACCEPTED IN 38 TRIES, (AVG 540707.1052631579)
[1, 4, 10, 23, 57, 132, 301, 701, 1654, 3891, 8753, 19327]...: 39488681: ACCEPTED IN 73 TRIES, (AVG 540940.8356164383)
[1, 4, 10, 23, 57, 132, 301, 701, 1654, 3891, 8753, 19335]...: 22170949: ACCEPTED IN 41 TRIES, (AVG 540754.8536585366)
[1, 4, 10, 23, 57, 132, 301, 701, 1654, 3891, 8753, 19347]...: 57345574: ACCEPTED IN 106 TRIES, (AVG 540995.9811320754)
[1, 4, 10, 23, 57, 132, 301, 701, 1654, 3891, 8753, 19348]...: 36783079: ACCEPTED IN 68 TRIES, (AVG 540927.6323529412)
[1, 4, 10, 23, 57, 132, 301, 701, 1654, 3891, 8753, 19352]...: 44356967: ACCEPTED IN 82 TRIES, (AVG 540938.6219512195)
[1, 4, 10, 23, 57, 132, 301, 701, 1654, 3891, 8753, 19356]...: 40029441: ACCEPTED IN 74 TRIES, (AVG 540938.3918918918)
[1, 4, 10, 23, 57, 132, 301, 701, 1654, 3891, 8753, 19360]...: 32453828: ACCEPTED IN 60 TRIES, (AVG 540897.1333333333)
[1, 4, 10, 23, 57, 132, 301, 701, 1654, 3891, 8753, 19364]...: 37324567: ACCEPTED IN 69 TRIES, (AVG 540935.7536231884)
[1, 4, 10, 23, 57, 132, 301, 701, 1654, 3891, 8753, 19389]...: 13513488: ACCEPTED IN 25 TRIES, (AVG 540539.52)
[1, 4, 10, 23, 57, 132, 301, 701, 1654, 3891, 8753, 19393]...: 45981589: ACCEPTED IN 85 TRIES, (AVG 540959.8705882353)
[1, 4, 10, 23, 57, 132, 301, 701, 1654, 3891, 8753, 19397]...: 67627229: ACCEPTED IN 125 TRIES, (AVG 541017.832)
[1, 4, 10, 23, 57, 132, 301, 701, 1654, 3891, 8753, 19401]...: 22172534: ACCEPTED IN 41 TRIES, (AVG 540793.512195122)
[1, 4, 10, 23, 57, 132, 301, 701, 1654, 3891, 8753, 19405]...: 88191249: ACCEPTED IN 163 TRIES, (AVG 541050.6073619631)
[1, 4, 10, 23, 57, 132, 301, 701, 1654, 3891, 8753, 19406]...: 32452647: ACCEPTED IN 60 TRIES, (AVG 540877.45)
[1, 4, 10, 23, 57, 132, 301, 701, 1654, 3891, 8753, 19410]...: 4312990: ACCEPTED IN 8 TRIES, (AVG 539123.75)
[1, 4, 10, 23, 57, 132, 301, 701, 1654, 3891, 8753, 19422]...: 36783424: ACCEPTED IN 68 TRIES, (AVG 540932.7058823529)
[1, 4, 10, 23, 57, 132, 301, 701, 1654, 3891, 8753, 19426]...: 24877729: ACCEPTED IN 46 TRIES, (AVG 540820.195652174)
[1, 4, 10, 23, 57, 132, 301, 701, 1654, 3891, 8753, 19430]...: 66545309: ACCEPTED IN 123 TRIES, (AVG 541018.7723577236)
[1, 4, 10, 23, 57, 132, 301, 701, 1654, 3891, 8753, 19434]...: 9725773: ACCEPTED IN 18 TRIES, (AVG 540320.7222222222)
[1, 4, 10, 23, 57, 132, 301, 701, 1654, 3891, 8753, 19438]...: 16218171: ACCEPTED IN 30 TRIES, (AVG 540605.7)
[1, 4, 10, 23, 57, 132, 301, 701, 1654, 3891, 8753, 19443]...: 12973069: ACCEPTED IN 24 TRIES, (AVG 540544.5416666666)
[1, 4, 10, 23, 57, 132, 301, 701, 1654, 3891, 8753, 19447]...: 28666137: ACCEPTED IN 53 TRIES, (AVG 540870.5094339623)
[1, 4, 10, 23, 57, 132, 301, 701, 1654, 3891, 8753, 19451]...: 7560731: ACCEPTED IN 14 TRIES, (AVG 540052.2142857143)
[1, 4, 10, 23, 57, 132, 301, 701, 1654, 3891, 8753, 19459]...: 23796073: ACCEPTED IN 44 TRIES, (AVG 540819.8409090909)
[1, 4, 10, 23, 57, 132, 301, 701, 1654, 3891, 8753, 19467]...: 77908943: ACCEPTED IN 144 TRIES, (AVG 541034.3263888889)
[1, 4, 10, 23, 57, 132, 301, 701, 1654, 3891, 8753, 19480]...: 48688293: ACCEPTED IN 90 TRIES, (AVG 540981.0333333333)
[1, 4, 10, 23, 57, 132, 301, 701, 1654, 3891, 8753, 19484]...: 12973117: ACCEPTED IN 24 TRIES, (AVG 540546.5416666666)
[1, 4, 10, 23, 57, 132, 301, 701, 1654, 3891, 8753, 19488]...: 7560695: ACCEPTED IN 14 TRIES, (AVG 540049.6428571428)
[1, 4, 10, 23, 57, 132, 301, 701, 1654, 3891, 8753, 19492]...: 38947237: ACCEPTED IN 72 TRIES, (AVG 540933.8472222222)
[1, 4, 10, 23, 57, 132, 301, 701, 1654, 3891, 8753, 19496]...: 8102512: ACCEPTED IN 15 TRIES, (AVG 540167.4666666667)
[1, 4, 10, 23, 57, 132, 301, 701, 1654, 3891, 8753, 19517]...: 16758871: ACCEPTED IN 31 TRIES, (AVG 540608.7419354839)
[1, 4, 10, 23, 57, 132, 301, 701, 1654, 3891, 8753, 19521]...: 19466831: ACCEPTED IN 36 TRIES, (AVG 540745.3055555555)
[1, 4, 10, 23, 57, 132, 301, 701, 1654, 3891, 8753, 19525]...: 8644279: ACCEPTED IN 16 TRIES, (AVG 540267.4375)
[1, 4, 10, 23, 57, 132, 301, 701, 1654, 3891, 8753, 19529]...: 9726475: ACCEPTED IN 18 TRIES, (AVG 540359.7222222222)
[1, 4, 10, 23, 57, 132, 301, 701, 1654, 3891, 8753, 19533]...: 41109814: ACCEPTED IN 76 TRIES, (AVG 540918.6052631579)
[1, 4, 10, 23, 57, 132, 301, 701, 1654, 3891, 8753, 19538]...: 38405016: ACCEPTED IN 71 TRIES, (AVG 540915.7183098592)
[1, 4, 10, 23, 57, 132, 301, 701, 1654, 3891, 8753, 19542]...: 20007462: ACCEPTED IN 37 TRIES, (AVG 540742.2162162162)
[1, 4, 10, 23, 57, 132, 301, 701, 1654, 3891, 8753, 19554]...: 20547211: ACCEPTED IN 38 TRIES, (AVG 540716.0789473684)
[1, 4, 10, 23, 57, 132, 301, 701, 1654, 3891, 8753, 19558]...: 20549079: ACCEPTED IN 38 TRIES, (AVG 540765.2368421053)
[1, 4, 10, 23, 57, 132, 301, 701, 1654, 3891, 8753, 19562]...: 19466706: ACCEPTED IN 36 TRIES, (AVG 540741.8333333334)
[1, 4, 10, 23, 57, 132, 301, 701, 1654, 3891, 8753, 19566]...: 24337196: ACCEPTED IN 45 TRIES, (AVG 540826.5777777778)
[1, 4, 10, 23, 57, 132, 301, 701, 1654, 3891, 8753, 19570]...: 21630300: ACCEPTED IN 40 TRIES, (AVG 540757.5)
[1, 4, 10, 23, 57, 132, 301, 701, 1654, 3891, 8753, 19574]...: 42194385: ACCEPTED IN 78 TRIES, (AVG 540953.6538461539)
[1, 4, 10, 23, 57, 132, 301, 701, 1654, 3891, 8753, 19575]...: 20007757: ACCEPTED IN 37 TRIES, (AVG 540750.1891891892)
[1, 4, 10, 23, 57, 132, 301, 701, 1654, 3891, 8753, 19579]...: 28124549: ACCEPTED IN 52 TRIES, (AVG 540856.7115384615)
[1, 4, 10, 23, 57, 132, 301, 701, 1654, 3891, 8753, 19583]...: 30829697: ACCEPTED IN 57 TRIES, (AVG 540871.8771929825)
[1, 4, 10, 23, 57, 132, 301, 701, 1654, 3891, 8753, 19587]...: 14596287: ACCEPTED IN 27 TRIES, (AVG 540603.2222222222)
[1, 4, 10, 23, 57, 132, 301, 701, 1654, 3891, 8753, 19591]...: 42735753: ACCEPTED IN 79 TRIES, (AVG 540958.8987341772)
[1, 4, 10, 23, 57, 132, 301, 701, 1654, 3891, 8753, 19599]...: 20547210: ACCEPTED IN 38 TRIES, (AVG 540716.052631579)
[1, 4, 10, 23, 57, 132, 301, 701, 1654, 3891, 8753, 19611]...: 8643635: ACCEPTED IN 16 TRIES, (AVG 540227.1875)
[1, 4, 10, 23, 57, 132, 301, 701, 1654, 3891, 8753, 19612]...: 8644329: ACCEPTED IN 16 TRIES, (AVG 540270.5625)
[1, 4, 10, 23, 57, 132, 301, 701, 1654, 3891, 8753, 19616]...: 15137930: ACCEPTED IN 28 TRIES, (AVG 540640.3571428572)
[1, 4, 10, 23, 57, 132, 301, 701, 1654, 3891, 8753, 19620]...: 15137955: ACCEPTED IN 28 TRIES, (AVG 540641.25)
[1, 4, 10, 23, 57, 132, 301, 701, 1654, 3891, 8753, 19624]...: 15137589: ACCEPTED IN 28 TRIES, (AVG 540628.1785714285)
[1, 4, 10, 23, 57, 132, 301, 701, 1654, 3891, 8753, 19628]...: 15136460: ACCEPTED IN 28 TRIES, (AVG 540587.8571428572)
[1, 4, 10, 23, 57, 132, 301, 701, 1654, 3891, 8753, 19649]...: 12973133: ACCEPTED IN 24 TRIES, (AVG 540547.2083333334)
[1, 4, 10, 23, 57, 132, 301, 701, 1654, 3891, 8753, 19653]...: 9185121: ACCEPTED IN 17 TRIES, (AVG 540301.2352941176)
[1, 4, 10, 23, 57, 132, 301, 701, 1654, 3891, 8753, 19657]...: 14055327: ACCEPTED IN 26 TRIES, (AVG 540589.5)
[1, 4, 10, 23, 57, 132, 301, 701, 1654, 3891, 8753, 19661]...: 12971913: ACCEPTED IN 24 TRIES, (AVG 540496.375)
[1, 4, 10, 23, 57, 132, 301, 701, 1654, 3891, 8753, 19665]...: 20006830: ACCEPTED IN 37 TRIES, (AVG 540725.1351351351)
[1, 4, 10, 23, 57, 132, 301, 701, 1654, 3891, 8753, 19674]...: 19466994: ACCEPTED IN 36 TRIES, (AVG 540749.8333333334)
[1, 4, 10, 23, 57, 132, 301, 701, 1654, 3891, 8753, 19686]...: 7561132: ACCEPTED IN 14 TRIES, (AVG 540080.8571428572)
[1, 4, 10, 23, 57, 132, 301, 701, 1654, 3891, 8753, 19694]...: 18384703: ACCEPTED IN 34 TRIES, (AVG 540726.5588235294)
[1, 4, 10, 23, 57, 132, 301, 701, 1654, 3891, 8753, 19698]...: 8102612: ACCEPTED IN 15 TRIES, (AVG 540174.1333333333)
[1, 4, 10, 23, 57, 132, 301, 701, 1654, 3891, 8753, 19702]...: 5396537: ACCEPTED IN 10 TRIES, (AVG 539653.7)
[1, 4, 10, 23, 57, 132, 301, 701, 1654, 3891, 8753, 19706]...: 16760832: ACCEPTED IN 31 TRIES, (AVG 540672.0)
[1, 4, 10, 23, 57, 132, 301, 701, 1654, 3891, 8753, 19707]...: 17842234: ACCEPTED IN 33 TRIES, (AVG 540673.7575757576)
[1, 4, 10, 23, 57, 132, 301, 701, 1654, 3891, 8753, 19711]...: 16759938: ACCEPTED IN 31 TRIES, (AVG 540643.1612903225)
[1, 4, 10, 23, 57, 132, 301, 701, 1654, 3891, 8753, 19715]...: 7561842: ACCEPTED IN 14 TRIES, (AVG 540131.5714285715)
[1, 4, 10, 23, 57, 132, 301, 701, 1654, 3891, 8753, 19723]...: 16760874: ACCEPTED IN 31 TRIES, (AVG 540673.3548387097)
[1, 4, 10, 23, 57, 132, 301, 701, 1654, 3891, 8753, 19731]...: 10808626: ACCEPTED IN 20 TRIES, (AVG 540431.3)
[1, 4, 10, 23, 57, 132, 301, 701, 1654, 3891, 8753, 19735]...: 11889789: ACCEPTED IN 22 TRIES, (AVG 540444.9545454546)
[1, 4, 10, 23, 57, 132, 301, 701, 1654, 3891, 8753, 19744]...: 20007802: ACCEPTED IN 37 TRIES, (AVG 540751.4054054054)
[1, 4, 10, 23, 57, 132, 301, 701, 1654, 3891, 8753, 19748]...: 12432288: ACCEPTED IN 23 TRIES, (AVG 540534.2608695652)
[1, 4, 10, 23, 57, 132, 301, 701, 1654, 3891, 8753, 19752]...: 10808232: ACCEPTED IN 20 TRIES, (AVG 540411.6)
[1, 4, 10, 23, 57, 132, 301, 701, 1654, 3891, 8753, 19756]...: 8102170: ACCEPTED IN 15 TRIES, (AVG 540144.6666666666)
[1, 4, 10, 23, 57, 132, 301, 701, 1654, 3891, 8753, 19760]...: 14595092: ACCEPTED IN 27 TRIES, (AVG 540558.9629629629)
[1, 4, 10, 23, 57, 132, 301, 701, 1654, 3891, 8753, 19781]...: 18384713: ACCEPTED IN 34 TRIES, (AVG 540726.8529411765)
[1, 4, 10, 23, 57, 132, 301, 701, 1654, 3891, 8753, 19785]...: 11348606: ACCEPTED IN 21 TRIES, (AVG 540409.8095238095)
[1, 4, 10, 23, 57, 132, 301, 701, 1654, 3891, 8753, 19789]...: 14596021: ACCEPTED IN 27 TRIES, (AVG 540593.3703703703)
[1, 4, 10, 23, 57, 132, 301, 701, 1654, 3891, 8753, 19793]...: 11349866: ACCEPTED IN 21 TRIES, (AVG 540469.8095238095)
[1, 4, 10, 23, 57, 132, 301, 701, 1654, 3891, 8753, 19797]...: 20007183: ACCEPTED IN 37 TRIES, (AVG 540734.6756756756)
[1, 4, 10, 23, 57, 132, 301, 701, 1654, 3891, 8753, 19806]...: 8102328: ACCEPTED IN 15 TRIES, (AVG 540155.2)
[1, 4, 10, 23, 57, 132, 301, 701, 1654, 3891, 8753, 19818]...: 9724929: ACCEPTED IN 18 TRIES, (AVG 540273.8333333334)
[1, 4, 10, 23, 57, 132, 301, 701, 1654, 3891, 8753, 19822]...: 18925167: ACCEPTED IN 35 TRIES, (AVG 540719.0571428571)
[1, 4, 10, 23, 57, 132, 301, 701, 1654, 3891, 8753, 19826]...: 12430706: ACCEPTED IN 23 TRIES, (AVG 540465.4782608695)
[1, 4, 10, 23, 57, 132, 301, 701, 1654, 3891, 8753, 19830]...: 9726424: ACCEPTED IN 18 TRIES, (AVG 540356.8888888889)
[1, 4, 10, 23, 57, 132, 301, 701, 1654, 3891, 8753, 19834]...: 31910262: ACCEPTED IN 59 TRIES, (AVG 540851.8983050848)
[1, 4, 10, 23, 57, 132, 301, 701, 1654, 3891, 8753, 19839]...: 16760293: ACCEPTED IN 31 TRIES, (AVG 540654.6129032258)
[1, 4, 10, 23, 57, 132, 301, 701, 1654, 3891, 8753, 19847]...: 12430608: ACCEPTED IN 23 TRIES, (AVG 540461.2173913043)
[1, 4, 10, 23, 57, 132, 301, 701, 1654, 3891, 8753, 19855]...: 43276580: ACCEPTED IN 80 TRIES, (AVG 540957.25)
[1, 4, 10, 23, 57, 132, 301, 701, 1654, 3891, 8753, 19863]...: 8100933: ACCEPTED IN 15 TRIES, (AVG 540062.2)
[1, 4, 10, 23, 57, 132, 301, 701, 1654, 3891, 8753, 19867]...: 9185428: ACCEPTED IN 17 TRIES, (AVG 540319.2941176471)
[1, 4, 10, 23, 57, 132, 301, 701, 1654, 3891, 8753, 19875]...: 4856032: ACCEPTED IN 9 TRIES, (AVG 539559.1111111111)
[1, 4, 10, 23, 57, 132, 301, 701, 1654, 3891, 8753, 19876]...: 35160015: ACCEPTED IN 65 TRIES, (AVG 540923.3076923077)
[1, 4, 10, 23, 57, 132, 301, 701, 1654, 3891, 8753, 19880]...: 9724816: ACCEPTED IN 18 TRIES, (AVG 540267.5555555555)
[1, 4, 10, 23, 57, 132, 301, 701, 1654, 3891, 8753, 19884]...: 15137393: ACCEPTED IN 28 TRIES, (AVG 540621.1785714285)
[1, 4, 10, 23, 57, 132, 301, 701, 1654, 3891, 8753, 19888]...: 12430539: ACCEPTED IN 23 TRIES, (AVG 540458.2173913043)
[1, 4, 10, 23, 57, 132, 301, 701, 1654, 3891, 8753, 19892]...: 14055590: ACCEPTED IN 26 TRIES, (AVG 540599.6153846154)
[1, 4, 10, 23, 57, 132, 301, 701, 1654, 3891, 8753, 19913]...: 11349129: ACCEPTED IN 21 TRIES, (AVG 540434.7142857143)
[1, 4, 10, 23, 57, 132, 301, 701, 1654, 3891, 8753, 19917]...: 12430554: ACCEPTED IN 23 TRIES, (AVG 540458.8695652174)
[1, 4, 10, 23, 57, 132, 301, 701, 1654, 3891, 8753, 19921]...: 7561705: ACCEPTED IN 14 TRIES, (AVG 540121.7857142857)
[1, 4, 10, 23, 57, 132, 301, 701, 1654, 3891, 8753, 19925]...: 9726069: ACCEPTED IN 18 TRIES, (AVG 540337.1666666666)
[1, 4, 10, 23, 57, 132, 301, 701, 1654, 3891, 8753, 19929]...: 44900149: ACCEPTED IN 83 TRIES, (AVG 540965.6506024096)
[1, 4, 10, 23, 57, 132, 301, 701, 1654, 3891, 8753, 19938]...: 12431160: ACCEPTED IN 23 TRIES, (AVG 540485.2173913043)
[1, 4, 10, 23, 57, 132, 301, 701, 1654, 3891, 8753, 19950]...: 11348852: ACCEPTED IN 21 TRIES, (AVG 540421.5238095238)
[1, 4, 10, 23, 57, 132, 301, 701, 1654, 3891, 8753, 19954]...: 8102199: ACCEPTED IN 15 TRIES, (AVG 540146.6)
[1, 4, 10, 23, 57, 132, 301, 701, 1654, 3891, 8753, 19958]...: 15677672: ACCEPTED IN 29 TRIES, (AVG 540609.3793103448)
[1, 4, 10, 23, 57, 132, 301, 701, 1654, 3891, 8753, 19962]...: 12973401: ACCEPTED IN 24 TRIES, (AVG 540558.375)
[1, 4, 10, 23, 57, 132, 301, 701, 1654, 3891, 8753, 19966]...: 12972682: ACCEPTED IN 24 TRIES, (AVG 540528.4166666666)
[1, 4, 10, 23, 57, 132, 301, 701, 1654, 3891, 8753, 19967]...: 12432163: ACCEPTED IN 23 TRIES, (AVG 540528.8260869565)
[1, 4, 10, 23, 57, 132, 301, 701, 1654, 3891, 8753, 19975]...: 8100886: ACCEPTED IN 15 TRIES, (AVG 540059.0666666667)
[1, 4, 10, 23, 57, 132, 301, 701, 1654, 3891, 8753, 19979]...: 19465574: ACCEPTED IN 36 TRIES, (AVG 540710.3888888889)
[1, 4, 10, 23, 57, 132, 301, 701, 1654, 3891, 8753, 19987]...: 16761357: ACCEPTED IN 31 TRIES, (AVG 540688.9354838709)
[1, 4, 10, 23, 57, 132, 301, 701, 1654, 3891, 8753, 19995]...: 48687871: ACCEPTED IN 90 TRIES, (AVG 540976.3444444444)
[1, 4, 10, 23, 57, 132, 301, 701, 1654, 3891, 8753, 19999]...: 27583700: ACCEPTED IN 51 TRIES, (AVG 540856.8627450981)
[1, 4, 10, 23, 57, 132, 301, 701, 1654, 3891, 8753, 20007]...: 17842530: ACCEPTED IN 33 TRIES, (AVG 540682.7272727273)
[1, 4, 10, 23, 57, 132, 301, 701, 1654, 3891, 8753, 20008]...: 12971726: ACCEPTED IN 24 TRIES, (AVG 540488.5833333334)
[1, 4, 10, 23, 57, 132, 301, 701, 1654, 3891, 8753, 20012]...: 20549216: ACCEPTED IN 38 TRIES, (AVG 540768.8421052631)
[1, 4, 10, 23, 57, 132, 301, 701, 1654, 3891, 8753, 20016]...: 10807475: ACCEPTED IN 20 TRIES, (AVG 540373.75)
[1, 4, 10, 23, 57, 132, 301, 701, 1654, 3891, 8753, 20020]...: 24336946: ACCEPTED IN 45 TRIES, (AVG 540821.0222222222)
[1, 4, 10, 23, 57, 132, 301, 701, 1654, 3891, 8753, 20024]...: 14055204: ACCEPTED IN 26 TRIES, (AVG 540584.7692307692)
[1, 4, 10, 23, 57, 132, 301, 701, 1654, 3891, 8753, 20036]...: 15136058: ACCEPTED IN 28 TRIES, (AVG 540573.5)
[1, 4, 10, 23, 57, 132, 301, 701, 1654, 3891, 8753, 20045]...: 9726353: ACCEPTED IN 18 TRIES, (AVG 540352.9444444445)
[1, 4, 10, 23, 57, 132, 301, 701, 1654, 3891, 8753, 20049]...: 24878109: ACCEPTED IN 46 TRIES, (AVG 540828.4565217391)
[1, 4, 10, 23, 57, 132, 301, 701, 1654, 3891, 8753, 20053]...: 8102094: ACCEPTED IN 15 TRIES, (AVG 540139.6)
[1, 4, 10, 23, 57, 132, 301, 701, 1654, 3891, 8753, 20057]...: 7558778: ACCEPTED IN 14 TRIES, (AVG 539912.7142857143)
[1, 4, 10, 23, 57, 132, 301, 701, 1654, 3891, 8753, 20061]...: 10808556: ACCEPTED IN 20 TRIES, (AVG 540427.8)
[1, 4, 10, 23, 57, 132, 301, 701, 1654, 3891, 8753, 20082]...: 12972468: ACCEPTED IN 24 TRIES, (AVG 540519.5)
[1, 4, 10, 23, 57, 132, 301, 701, 1654, 3891, 8753, 20086]...: 13514153: ACCEPTED IN 25 TRIES, (AVG 540566.12)
[1, 4, 10, 23, 57, 132, 301, 701, 1654, 3891, 8753, 20090]...: 10808458: ACCEPTED IN 20 TRIES, (AVG 540422.9)
[1, 4, 10, 23, 57, 132, 301, 701, 1654, 3891, 8753, 20094]...: 46523765: ACCEPTED IN 86 TRIES, (AVG 540974.0116279069)
[1, 4, 10, 23, 57, 132, 301, 701, 1654, 3891, 8753, 20098]...: 15137209: ACCEPTED IN 28 TRIES, (AVG 540614.6071428572)
[1, 4, 10, 23, 57, 132, 301, 701, 1654, 3891, 8753, 20099]...: 10808380: ACCEPTED IN 20 TRIES, (AVG 540419.0)
[1, 4, 10, 23, 57, 132, 301, 701, 1654, 3891, 8753, 20107]...: 9725976: ACCEPTED IN 18 TRIES, (AVG 540332.0)
[1, 4, 10, 23, 57, 132, 301, 701, 1654, 3891, 8753, 20111]...: 7562117: ACCEPTED IN 14 TRIES, (AVG 540151.2142857143)
[1, 4, 10, 23, 57, 132, 301, 701, 1654, 3891, 8753, 20119]...: 7558586: ACCEPTED IN 14 TRIES, (AVG 539899.0)
[1, 4, 10, 23, 57, 132, 301, 701, 1654, 3891, 8753, 20127]...: 8101597: ACCEPTED IN 15 TRIES, (AVG 540106.4666666667)
[1, 4, 10, 23, 57, 132, 301, 701, 1654, 3891, 8753, 20131]...: 40570700: ACCEPTED IN 75 TRIES, (AVG 540942.6666666666)
[1, 4, 10, 23, 57, 132, 301, 701, 1654, 3891, 8753, 20135]...: 6479793: ACCEPTED IN 12 TRIES, (AVG 539982.75)
[1, 4, 10, 23, 57, 132, 301, 701, 1654, 3891, 8753, 20140]...: 42735314: ACCEPTED IN 79 TRIES, (AVG 540953.3417721519)
[1, 4, 10, 23, 57, 132, 301, 701, 1654, 3891, 8753, 20144]...: 35158192: ACCEPTED IN 65 TRIES, (AVG 540895.2615384615)
[1, 4, 10, 23, 57, 132, 301, 701, 1654, 3891, 8753, 20148]...: 26500107: ACCEPTED IN 49 TRIES, (AVG 540818.5102040817)
[1, 4, 10, 23, 57, 132, 301, 701, 1654, 3891, 8753, 20152]...: 16218836: ACCEPTED IN 30 TRIES, (AVG 540627.8666666667)
[1, 4, 10, 23, 57, 132, 301, 701, 1654, 3891, 8753, 20156]...: 9725113: ACCEPTED IN 18 TRIES, (AVG 540284.0555555555)
[1, 4, 10, 23, 57, 132, 301, 701, 1654, 3891, 8753, 20168]...: 10267265: ACCEPTED IN 19 TRIES, (AVG 540382.3684210526)
[1, 4, 10, 23, 57, 132, 301, 701, 1654, 3891, 8753, 20177]...: 14054720: ACCEPTED IN 26 TRIES, (AVG 540566.1538461539)
[1, 4, 10, 23, 57, 132, 301, 701, 1654, 3891, 8753, 20181]...: 22171708: ACCEPTED IN 41 TRIES, (AVG 540773.3658536585)
[1, 4, 10, 23, 57, 132, 301, 701, 1654, 3891, 8753, 20185]...: 22712799: ACCEPTED IN 42 TRIES, (AVG 540780.9285714285)
[1, 4, 10, 23, 57, 132, 301, 701, 1654, 3891, 8753, 20189]...: 14055347: ACCEPTED IN 26 TRIES, (AVG 540590.2692307692)
[1, 4, 10, 23, 57, 132, 301, 701, 1654, 3891, 8753, 20193]...: 13514235: ACCEPTED IN 25 TRIES, (AVG 540569.4)
[1, 4, 10, 23, 57, 132, 301, 701, 1654, 3891, 8753, 20214]...: 16217221: ACCEPTED IN 30 TRIES, (AVG 540574.0333333333)
[1, 4, 10, 23, 57, 132, 301, 701, 1654, 3891, 8753, 20218]...: 16220003: ACCEPTED IN 30 TRIES, (AVG 540666.7666666667)
[1, 4, 10, 23, 57, 132, 301, 701, 1654, 3891, 8753, 20222]...: 12430927: ACCEPTED IN 23 TRIES, (AVG 540475.0869565217)
[1, 4, 10, 23, 57, 132, 301, 701, 1654, 3891, 8753, 20226]...: 20007497: ACCEPTED IN 37 TRIES, (AVG 540743.1621621621)
[1, 4, 10, 23, 57, 132, 301, 701, 1654, 3891, 8753, 20230]...: 9724262: ACCEPTED IN 18 TRIES, (AVG 540236.7777777778)
[1, 4, 10, 23, 57, 132, 301, 701, 1654, 3891, 8753, 20231]...: 13512395: ACCEPTED IN 25 TRIES, (AVG 540495.8)
[1, 4, 10, 23, 57, 132, 301, 701, 1654, 3891, 8753, 20239]...: 16219453: ACCEPTED IN 30 TRIES, (AVG 540648.4333333333)
[1, 4, 10, 23, 57, 132, 301, 701, 1654, 3891, 8753, 20243]...: 7020399: ACCEPTED IN 13 TRIES, (AVG 540030.6923076923)
[1, 4, 10, 23, 57, 132, 301, 701, 1654, 3891, 8753, 20251]...: 32995170: ACCEPTED IN 61 TRIES, (AVG 540904.4262295082)
[1, 4, 10, 23, 57, 132, 301, 701, 1654, 3891, 8753, 20259]...: 8643509: ACCEPTED IN 16 TRIES, (AVG 540219.3125)
[1, 4, 10, 23, 57, 132, 301, 701, 1654, 3891, 8753, 20263]...: 16761238: ACCEPTED IN 31 TRIES, (AVG 540685.0967741936)
[1, 4, 10, 23, 57, 132, 301, 701, 1654, 3891, 8753, 20267]...: 10266709: ACCEPTED IN 19 TRIES, (AVG 540353.1052631579)
[1, 4, 10, 23, 57, 132, 301, 701, 1654, 3891, 8753, 20268]...: 8101071: ACCEPTED IN 15 TRIES, (AVG 540071.4)
[1, 4, 10, 23, 57, 132, 301, 701, 1654, 3891, 8753, 20272]...: 12972173: ACCEPTED IN 24 TRIES, (AVG 540507.2083333334)
[1, 4, 10, 23, 57, 132, 301, 701, 1654, 3891, 8753, 20276]...: 11350011: ACCEPTED IN 21 TRIES, (AVG 540476.7142857143)
[1, 4, 10, 23, 57, 132, 301, 701, 1654, 3891, 8753, 20280]...: 32451645: ACCEPTED IN 60 TRIES, (AVG 540860.75)
[1, 4, 10, 23, 57, 132, 301, 701, 1654, 3891, 8753, 20284]...: 7561596: ACCEPTED IN 14 TRIES, (AVG 540114.0)
[1, 4, 10, 23, 57, 132, 301, 701, 1654, 3891, 8753, 20288]...: 8102609: ACCEPTED IN 15 TRIES, (AVG 540173.9333333333)
[1, 4, 10, 23, 57, 132, 301, 701, 1654, 3891, 8753, 20300]...: 28665990: ACCEPTED IN 53 TRIES, (AVG 540867.7358490566)
[1, 4, 10, 23, 57, 132, 301, 701, 1654, 3891, 8753, 20309]...: 7560389: ACCEPTED IN 14 TRIES, (AVG 540027.7857142857)
[1, 4, 10, 23, 57, 132, 301, 701, 1654, 3891, 8753, 20313]...: 14055624: ACCEPTED IN 26 TRIES, (AVG 540600.9230769231)
[1, 4, 10, 23, 57, 132, 301, 701, 1654, 3891, 8753, 20317]...: 8102359: ACCEPTED IN 15 TRIES, (AVG 540157.2666666667)
[1, 4, 10, 23, 57, 132, 301, 701, 1654, 3891, 8753, 20321]...: 23795539: ACCEPTED IN 44 TRIES, (AVG 540807.7045454546)
[1, 4, 10, 23, 57, 132, 301, 701, 1654, 3891, 8753, 20325]...: 7560706: ACCEPTED IN 14 TRIES, (AVG 540050.4285714285)
[1, 4, 10, 23, 57, 132, 301, 701, 1654, 3891, 8753, 20346]...: 10808738: ACCEPTED IN 20 TRIES, (AVG 540436.9)
[1, 4, 10, 23, 57, 132, 301, 701, 1654, 3891, 8753, 20350]...: 10267629: ACCEPTED IN 19 TRIES, (AVG 540401.5263157894)
[1, 4, 10, 23, 57, 132, 301, 701, 1654, 3891, 8753, 20354]...: 9185232: ACCEPTED IN 17 TRIES, (AVG 540307.7647058824)
[1, 4, 10, 23, 57, 132, 301, 701, 1654, 3891, 8753, 20358]...: 14054833: ACCEPTED IN 26 TRIES, (AVG 540570.5)
[1, 4, 10, 23, 57, 132, 301, 701, 1654, 3891, 8753, 20362]...: 17842313: ACCEPTED IN 33 TRIES, (AVG 540676.1515151515)
[1, 4, 10, 23, 57, 132, 301, 701, 1654, 3891, 8753, 20363]...: 14054294: ACCEPTED IN 26 TRIES, (AVG 540549.7692307692)
[1, 4, 10, 23, 57, 132, 301, 701, 1654, 3891, 8753, 20375]...: 16760428: ACCEPTED IN 31 TRIES, (AVG 540658.9677419355)
[1, 4, 10, 23, 57, 132, 301, 701, 1654, 3891, 8753, 20383]...: 43274989: ACCEPTED IN 80 TRIES, (AVG 540937.3625)
[1, 4, 10, 23, 57, 132, 301, 701, 1654, 3891, 8753, 20387]...: 7559620: ACCEPTED IN 14 TRIES, (AVG 539972.8571428572)
[1, 4, 10, 23, 57, 132, 301, 701, 1654, 3891, 8753, 20391]...: 11349038: ACCEPTED IN 21 TRIES, (AVG 540430.380952381)
[1, 4, 10, 23, 57, 132, 301, 701, 1654, 3891, 8753, 20395]...: 7561996: ACCEPTED IN 14 TRIES, (AVG 540142.5714285715)
[1, 4, 10, 23, 57, 132, 301, 701, 1654, 3891, 8753, 20399]...: 13513963: ACCEPTED IN 25 TRIES, (AVG 540558.52)
[1, 4, 10, 23, 57, 132, 301, 701, 1654, 3891, 8753, 20400]...: 13513664: ACCEPTED IN 25 TRIES, (AVG 540546.56)
[1, 4, 10, 23, 57, 132, 301, 701, 1654, 3891, 8753, 20404]...: 8643908: ACCEPTED IN 16 TRIES, (AVG 540244.25)
[1, 4, 10, 23, 57, 132, 301, 701, 1654, 3891, 8753, 20408]...: 24336320: ACCEPTED IN 45 TRIES, (AVG 540807.1111111111)
[1, 4, 10, 23, 57, 132, 301, 701, 1654, 3891, 8753, 20412]...: 9726159: ACCEPTED IN 18 TRIES, (AVG 540342.1666666666)
[1, 4, 10, 23, 57, 132, 301, 701, 1654, 3891, 8753, 20416]...: 12430975: ACCEPTED IN 23 TRIES, (AVG 540477.1739130435)
[1, 4, 10, 23, 57, 132, 301, 701, 1654, 3891, 8753, 20420]...: 20007843: ACCEPTED IN 37 TRIES, (AVG 540752.5135135135)
[1, 4, 10, 23, 57, 132, 301, 701, 1654, 3891, 8753, 20421]...: 11349170: ACCEPTED IN 21 TRIES, (AVG 540436.6666666666)
[1, 4, 10, 23, 57, 132, 301, 701, 1654, 3891, 8753, 20432]...: 15677374: ACCEPTED IN 29 TRIES, (AVG 540599.1034482758)
[1, 4, 10, 23, 57, 132, 301, 701, 1654, 3891, 8753, 20436]...: 8102230: ACCEPTED IN 15 TRIES, (AVG 540148.6666666666)
[1, 4, 10, 23, 57, 132, 301, 701, 1654, 3891, 8753, 20441]...: 10808708: ACCEPTED IN 20 TRIES, (AVG 540435.4)
[1, 4, 10, 23, 57, 132, 301, 701, 1654, 3891, 8753, 20445]...: 37322836: ACCEPTED IN 69 TRIES, (AVG 540910.6666666666)
[1, 4, 10, 23, 57, 132, 301, 701, 1654, 3891, 8753, 20449]...: 20548150: ACCEPTED IN 38 TRIES, (AVG 540740.7894736842)
[1, 4, 10, 23, 57, 132, 301, 701, 1654, 3891, 8753, 20450]...: 20006378: ACCEPTED IN 37 TRIES, (AVG 540712.9189189189)
[1, 4, 10, 23, 57, 132, 301, 701, 1654, 3891, 8753, 20453]...: 7559753: ACCEPTED IN 14 TRIES, (AVG 539982.3571428572)
[1, 4, 10, 23, 57, 132, 301, 701, 1654, 3891, 8753, 20457]...: 12972665: ACCEPTED IN 24 TRIES, (AVG 540527.7083333334)
[1, 4, 10, 23, 57, 132, 301, 701, 1654, 3891, 8753, 20478]...: 8102638: ACCEPTED IN 15 TRIES, (AVG 540175.8666666667)
[1, 4, 10, 23, 57, 132, 301, 701, 1654, 3891, 8753, 20482]...: 14054732: ACCEPTED IN 26 TRIES, (AVG 540566.6153846154)
[1, 4, 10, 23, 57, 132, 301, 701, 1654, 3891, 8753, 20486]...: 5937697: ACCEPTED IN 11 TRIES, (AVG 539790.6363636364)
[1, 4, 10, 23, 57, 132, 301, 701, 1654, 3891, 8753, 20490]...: 10808117: ACCEPTED IN 20 TRIES, (AVG 540405.85)
[1, 4, 10, 23, 57, 132, 301, 701, 1654, 3891, 8753, 20494]...: 8101934: ACCEPTED IN 15 TRIES, (AVG 540128.9333333333)
[1, 4, 10, 23, 57, 132, 301, 701, 1654, 3891, 8753, 20495]...: 28665603: ACCEPTED IN 53 TRIES, (AVG 540860.4339622641)
[1, 4, 10, 23, 57, 132, 301, 701, 1654, 3891, 8753, 20507]...: 11348687: ACCEPTED IN 21 TRIES, (AVG 540413.6666666666)
[1, 4, 10, 23, 57, 132, 301, 701, 1654, 3891, 8753, 20515]...: 27581782: ACCEPTED IN 51 TRIES, (AVG 540819.2549019608)
[1, 4, 10, 23, 57, 132, 301, 701, 1654, 3891, 8753, 20519]...: 17842860: ACCEPTED IN 33 TRIES, (AVG 540692.7272727273)
[1, 4, 10, 23, 57, 132, 301, 701, 1654, 3891, 8753, 20523]...: 9723116: ACCEPTED IN 18 TRIES, (AVG 540173.1111111111)
[1, 4, 10, 23, 57, 132, 301, 701, 1654, 3891, 8753, 20527]...: 19466655: ACCEPTED IN 36 TRIES, (AVG 540740.4166666666)
[1, 4, 10, 23, 57, 132, 301, 701, 1654, 3891, 8753, 20531]...: 36242251: ACCEPTED IN 67 TRIES, (AVG 540929.1194029851)
[1, 4, 10, 23, 57, 132, 301, 701, 1654, 3891, 8753, 20532]...: 10808692: ACCEPTED IN 20 TRIES, (AVG 540434.6)
[1, 4, 10, 23, 57, 132, 301, 701, 1654, 3891, 8753, 20536]...: 14055352: ACCEPTED IN 26 TRIES, (AVG 540590.4615384615)
[1, 4, 10, 23, 57, 132, 301, 701, 1654, 3891, 8753, 20540]...: 7561881: ACCEPTED IN 14 TRIES, (AVG 540134.3571428572)
[1, 4, 10, 23, 57, 132, 301, 701, 1654, 3891, 8753, 20544]...: 46522495: ACCEPTED IN 86 TRIES, (AVG 540959.2441860465)
[1, 4, 10, 23, 57, 132, 301, 701, 1654, 3891, 8753, 20548]...: 7561749: ACCEPTED IN 14 TRIES, (AVG 540124.9285714285)
[1, 4, 10, 23, 57, 132, 301, 701, 1654, 3891, 8753, 20552]...: 21630756: ACCEPTED IN 40 TRIES, (AVG 540768.9)
[1, 4, 10, 23, 57, 132, 301, 701, 1654, 3891, 8753, 20564]...: 20007551: ACCEPTED IN 37 TRIES, (AVG 540744.6216216217)
[1, 4, 10, 23, 57, 132, 301, 701, 1654, 3891, 8753, 20568]...: 8101068: ACCEPTED IN 15 TRIES, (AVG 540071.2)
[1, 4, 10, 23, 57, 132, 301, 701, 1654, 3891, 8753, 20569]...: 20547849: ACCEPTED IN 38 TRIES, (AVG 540732.8684210526)
[1, 4, 10, 23, 57, 132, 301, 701, 1654, 3891, 8753, 20573]...: 10808513: ACCEPTED IN 20 TRIES, (AVG 540425.65)
[1, 4, 10, 23, 57, 132, 301, 701, 1654, 3891, 8753, 20577]...: 7561416: ACCEPTED IN 14 TRIES, (AVG 540101.1428571428)
[1, 4, 10, 23, 57, 132, 301, 701, 1654, 3891, 8753, 20581]...: 10808077: ACCEPTED IN 20 TRIES, (AVG 540403.85)
[1, 4, 10, 23, 57, 132, 301, 701, 1654, 3891, 8753, 20582]...: 17842096: ACCEPTED IN 33 TRIES, (AVG 540669.5757575758)
[1, 4, 10, 23, 57, 132, 301, 701, 1654, 3891, 8753, 20585]...: 8101005: ACCEPTED IN 15 TRIES, (AVG 540067.0)
[1, 4, 10, 23, 57, 132, 301, 701, 1654, 3891, 8753, 20610]...: 14055067: ACCEPTED IN 26 TRIES, (AVG 540579.5)
[1, 4, 10, 23, 57, 132, 301, 701, 1654, 3891, 8753, 20614]...: 7560391: ACCEPTED IN 14 TRIES, (AVG 540027.9285714285)
[1, 4, 10, 23, 57, 132, 301, 701, 1654, 3891, 8753, 20618]...: 8103140: ACCEPTED IN 15 TRIES, (AVG 540209.3333333334)
[1, 4, 10, 23, 57, 132, 301, 701, 1654, 3891, 8753, 20622]...: 8098940: ACCEPTED IN 15 TRIES, (AVG 539929.3333333334)
[1, 4, 10, 23, 57, 132, 301, 701, 1654, 3891, 8753, 20626]...: 14054799: ACCEPTED IN 26 TRIES, (AVG 540569.1923076923)
[1, 4, 10, 23, 57, 132, 301, 701, 1654, 3891, 8753, 20627]...: 16219971: ACCEPTED IN 30 TRIES, (AVG 540665.7)
[1, 4, 10, 23, 57, 132, 301, 701, 1654, 3891, 8753, 20639]...: 14596833: ACCEPTED IN 27 TRIES, (AVG 540623.4444444445)
[1, 4, 10, 23, 57, 132, 301, 701, 1654, 3891, 8753, 20647]...: 15136649: ACCEPTED IN 28 TRIES, (AVG 540594.6071428572)
[1, 4, 10, 23, 57, 132, 301, 701, 1654, 3891, 8753, 20651]...: 19464836: ACCEPTED IN 36 TRIES, (AVG 540689.8888888889)
[1, 4, 10, 23, 57, 132, 301, 701, 1654, 3891, 8753, 20655]...: 8102871: ACCEPTED IN 15 TRIES, (AVG 540191.4)
[1, 4, 10, 23, 57, 132, 301, 701, 1654, 3891, 8753, 20659]...: 7020346: ACCEPTED IN 13 TRIES, (AVG 540026.6153846154)
[1, 4, 10, 23, 57, 132, 301, 701, 1654, 3891, 8753, 20663]...: 12431685: ACCEPTED IN 23 TRIES, (AVG 540508.0434782609)
[1, 4, 10, 23, 57, 132, 301, 701, 1654, 3891, 8753, 20664]...: 11348198: ACCEPTED IN 21 TRIES, (AVG 540390.380952381)
[1, 4, 10, 23, 57, 132, 301, 701, 1654, 3891, 8753, 20668]...: 13511641: ACCEPTED IN 25 TRIES, (AVG 540465.64)
[1, 4, 10, 23, 57, 132, 301, 701, 1654, 3891, 8753, 20676]...: 23795379: ACCEPTED IN 44 TRIES, (AVG 540804.0681818182)
[1, 4, 10, 23, 57, 132, 301, 701, 1654, 3891, 8753, 20680]...: 4856246: ACCEPTED IN 9 TRIES, (AVG 539582.8888888889)
[1, 4, 10, 23, 57, 132, 301, 701, 1654, 3891, 8753, 20684]...: 7561098: ACCEPTED IN 14 TRIES, (AVG 540078.4285714285)
[1, 4, 10, 23, 57, 132, 301, 701, 1654, 3891, 8753, 20688]...: 21089851: ACCEPTED IN 39 TRIES, (AVG 540765.4102564103)
[1, 4, 10, 23, 57, 132, 301, 701, 1654, 3891, 8753, 20696]...: 18384710: ACCEPTED IN 34 TRIES, (AVG 540726.7647058824)
[1, 4, 10, 23, 57, 132, 301, 701, 1654, 3891, 8753, 20700]...: 14054880: ACCEPTED IN 26 TRIES, (AVG 540572.3076923077)
[1, 4, 10, 23, 57, 132, 301, 701, 1654, 3891, 8753, 20701]...: 14592919: ACCEPTED IN 27 TRIES, (AVG 540478.4814814815)
[1, 4, 10, 23, 57, 132, 301, 701, 1654, 3891, 8753, 20705]...: 11350032: ACCEPTED IN 21 TRIES, (AVG 540477.7142857143)
[1, 4, 10, 23, 57, 132, 301, 701, 1654, 3891, 8753, 20709]...: 9185134: ACCEPTED IN 17 TRIES, (AVG 540302.0)
[1, 4, 10, 23, 57, 132, 301, 701, 1654, 3891, 8753, 20713]...: 12971864: ACCEPTED IN 24 TRIES, (AVG 540494.3333333334)
[1, 4, 10, 23, 57, 132, 301, 701, 1654, 3891, 8753, 20714]...: 101178343: ACCEPTED IN 187 TRIES, (AVG 541060.6577540106)
[1, 4, 10, 23, 57, 132, 301, 701, 1654, 3891, 8753, 20717]...: 10807476: ACCEPTED IN 20 TRIES, (AVG 540373.8)
[1, 4, 10, 23, 57, 132, 301, 701, 1654, 3891, 8753, 20722]...: 14596263: ACCEPTED IN 27 TRIES, (AVG 540602.3333333334)
[1, 4, 10, 23, 57, 132, 301, 701, 1654, 3891, 8753, 20737]...: 8102169: ACCEPTED IN 15 TRIES, (AVG 540144.6)
[1, 4, 10, 23, 57, 132, 301, 701, 1654, 3891, 8753, 20742]...: 8099712: ACCEPTED IN 15 TRIES, (AVG 539980.8)
[1, 4, 10, 23, 57, 132, 301, 701, 1654, 3891, 8753, 20746]...: 11349943: ACCEPTED IN 21 TRIES, (AVG 540473.4761904762)
[1, 4, 10, 23, 57, 132, 301, 701, 1654, 3891, 8753, 20750]...: 11890922: ACCEPTED IN 22 TRIES, (AVG 540496.4545454546)
[1, 4, 10, 23, 57, 132, 301, 701, 1654, 3891, 8753, 20751]...: 22713573: ACCEPTED IN 42 TRIES, (AVG 540799.3571428572)
[1, 4, 10, 23, 57, 132, 301, 701, 1654, 3891, 8753, 20754]...: 8103021: ACCEPTED IN 15 TRIES, (AVG 540201.4)
[1, 4, 10, 23, 57, 132, 301, 701, 1654, 3891, 8753, 20758]...: 11891142: ACCEPTED IN 22 TRIES, (AVG 540506.4545454546)
[1, 4, 10, 23, 57, 132, 301, 701, 1654, 3891, 8753, 20759]...: 14053959: ACCEPTED IN 26 TRIES, (AVG 540536.8846153846)
[1, 4, 10, 23, 57, 132, 301, 701, 1654, 3891, 8753, 20779]...: 5938705: ACCEPTED IN 11 TRIES, (AVG 539882.2727272727)
[1, 4, 10, 23, 57, 132, 301, 701, 1654, 3891, 8753, 20783]...: 56805130: ACCEPTED IN 105 TRIES, (AVG 541001.2380952381)
[1, 4, 10, 23, 57, 132, 301, 701, 1654, 3891, 8753, 20787]...: 14595901: ACCEPTED IN 27 TRIES, (AVG 540588.925925926)
[1, 4, 10, 23, 57, 132, 301, 701, 1654, 3891, 8753, 20791]...: 9722788: ACCEPTED IN 18 TRIES, (AVG 540154.8888888889)
[1, 4, 10, 23, 57, 132, 301, 701, 1654, 3891, 8753, 20795]...: 35159571: ACCEPTED IN 65 TRIES, (AVG 540916.4769230769)
[1, 4, 10, 23, 57, 132, 301, 701, 1654, 3891, 8753, 20796]...: 17301228: ACCEPTED IN 32 TRIES, (AVG 540663.375)
[1, 4, 10, 23, 57, 132, 301, 701, 1654, 3891, 8753, 20800]...: 36783057: ACCEPTED IN 68 TRIES, (AVG 540927.3088235294)
[1, 4, 10, 23, 57, 132, 301, 701, 1654, 3891, 8753, 20808]...: 13513428: ACCEPTED IN 25 TRIES, (AVG 540537.12)
[1, 4, 10, 23, 57, 132, 301, 701, 1654, 3891, 8753, 20812]...: 10808307: ACCEPTED IN 20 TRIES, (AVG 540415.35)
[1, 4, 10, 23, 57, 132, 301, 701, 1654, 3891, 8753, 20816]...: 20549374: ACCEPTED IN 38 TRIES, (AVG 540773.0)
[1, 4, 10, 23, 57, 132, 301, 701, 1654, 3891, 8753, 20820]...: 12429771: ACCEPTED IN 23 TRIES, (AVG 540424.8260869565)
[1, 4, 10, 23, 57, 132, 301, 701, 1654, 3891, 8753, 20828]...: 14054926: ACCEPTED IN 26 TRIES, (AVG 540574.0769230769)
[1, 4, 10, 23, 57, 132, 301, 701, 1654, 3891, 8753, 20832]...: 28125006: ACCEPTED IN 52 TRIES, (AVG 540865.5)
[1, 4, 10, 23, 57, 132, 301, 701, 1654, 3891, 8753, 20833]...: 14596745: ACCEPTED IN 27 TRIES, (AVG 540620.1851851852)
[1, 4, 10, 23, 57, 132, 301, 701, 1654, 3891, 8753, 20837]...: 14053413: ACCEPTED IN 26 TRIES, (AVG 540515.8846153846)
[1, 4, 10, 23, 57, 132, 301, 701, 1654, 3891, 8753, 20841]...: 10806835: ACCEPTED IN 20 TRIES, (AVG 540341.75)
[1, 4, 10, 23, 57, 132, 301, 701, 1654, 3891, 8753, 20845]...: 15678960: ACCEPTED IN 29 TRIES, (AVG 540653.7931034482)
[1, 4, 10, 23, 57, 132, 301, 701, 1654, 3891, 8753, 20846]...: 8643819: ACCEPTED IN 16 TRIES, (AVG 540238.6875)
[1, 4, 10, 23, 57, 132, 301, 701, 1654, 3891, 8753, 20849]...: 14595061: ACCEPTED IN 27 TRIES, (AVG 540557.8148148148)
[1, 4, 10, 23, 57, 132, 301, 701, 1654, 3891, 8753, 20869]...: 14055647: ACCEPTED IN 26 TRIES, (AVG 540601.8076923077)
[1, 4, 10, 23, 57, 132, 301, 701, 1654, 3891, 8753, 20870]...: 9726395: ACCEPTED IN 18 TRIES, (AVG 540355.2777777778)
[1, 4, 10, 23, 57, 132, 301, 701, 1654, 3891, 8753, 20874]...: 8100186: ACCEPTED IN 15 TRIES, (AVG 540012.4)
[1, 4, 10, 23, 57, 132, 301, 701, 1654, 3891, 8753, 20878]...: 6479359: ACCEPTED IN 12 TRIES, (AVG 539946.5833333334)
[1, 4, 10, 23, 57, 132, 301, 701, 1654, 3891, 8753, 20882]...: 3773497: ACCEPTED IN 7 TRIES, (AVG 539071.0)
[1, 4, 10, 23, 57, 132, 301, 701, 1654, 3891, 8753, 20883]...: 23254237: ACCEPTED IN 43 TRIES, (AVG 540796.2093023256)
[1, 4, 10, 23, 57, 132, 301, 701, 1654, 3891, 8753, 20886]...: 11349529: ACCEPTED IN 21 TRIES, (AVG 540453.7619047619)
[1, 4, 10, 23, 57, 132, 301, 701, 1654, 3891, 8753, 20891]...: 8103215: ACCEPTED IN 15 TRIES, (AVG 540214.3333333334)
[1, 4, 10, 23, 57, 132, 301, 701, 1654, 3891, 8753, 20911]...: 18384378: ACCEPTED IN 34 TRIES, (AVG 540717.0)
[1, 4, 10, 23, 57, 132, 301, 701, 1654, 3891, 8753, 20915]...: 8644297: ACCEPTED IN 16 TRIES, (AVG 540268.5625)
[1, 4, 10, 23, 57, 132, 301, 701, 1654, 3891, 8753, 20919]...: 9725066: ACCEPTED IN 18 TRIES, (AVG 540281.4444444445)
[1, 4, 10, 23, 57, 132, 301, 701, 1654, 3891, 8753, 20923]...: 8102710: ACCEPTED IN 15 TRIES, (AVG 540180.6666666666)
[1, 4, 10, 23, 57, 132, 301, 701, 1654, 3891, 8753, 20927]...: 14596289: ACCEPTED IN 27 TRIES, (AVG 540603.2962962963)
[1, 4, 10, 23, 57, 132, 301, 701, 1654, 3891, 8753, 20928]...: 12971321: ACCEPTED IN 24 TRIES, (AVG 540471.7083333334)
[1, 4, 10, 23, 57, 132, 301, 701, 1654, 3891, 8753, 20932]...: 37323146: ACCEPTED IN 69 TRIES, (AVG 540915.1594202898)
[1, 4, 10, 23, 57, 132, 301, 701, 1654, 3891, 8753, 20940]...: 20007687: ACCEPTED IN 37 TRIES, (AVG 540748.2972972973)
[1, 4, 10, 23, 57, 132, 301, 701, 1654, 3891, 8753, 20944]...: 14596036: ACCEPTED IN 27 TRIES, (AVG 540593.925925926)
[1, 4, 10, 23, 57, 132, 301, 701, 1654, 3891, 8753, 20948]...: 14596127: ACCEPTED IN 27 TRIES, (AVG 540597.2962962963)
[1, 4, 10, 23, 57, 132, 301, 701, 1654, 3891, 8753, 20952]...: 9725816: ACCEPTED IN 18 TRIES, (AVG 540323.1111111111)
[1, 4, 10, 23, 57, 132, 301, 701, 1654, 3891, 8753, 20960]...: 14054750: ACCEPTED IN 26 TRIES, (AVG 540567.3076923077)
[1, 4, 10, 23, 57, 132, 301, 701, 1654, 3891, 8753, 20964]...: 15677615: ACCEPTED IN 29 TRIES, (AVG 540607.4137931034)
[1, 4, 10, 23, 57, 132, 301, 701, 1654, 3891, 8753, 20965]...: 32995222: ACCEPTED IN 61 TRIES, (AVG 540905.2786885246)
[1, 4, 10, 23, 57, 132, 301, 701, 1654, 3891, 8753, 20969]...: 8644356: ACCEPTED IN 16 TRIES, (AVG 540272.25)
[1, 4, 10, 23, 57, 132, 301, 701, 1654, 3891, 8753, 20973]...: 18924892: ACCEPTED IN 35 TRIES, (AVG 540711.2)
[1, 4, 10, 23, 57, 132, 301, 701, 1654, 3891, 8753, 20977]...: 44900290: ACCEPTED IN 83 TRIES, (AVG 540967.3493975904)
[1, 4, 10, 23, 57, 132, 301, 701, 1654, 3891, 8753, 20978]...: 9725143: ACCEPTED IN 18 TRIES, (AVG 540285.7222222222)
[1, 4, 10, 23, 57, 132, 301, 701, 1654, 3891, 8753, 20981]...: 11888620: ACCEPTED IN 22 TRIES, (AVG 540391.8181818182)
[1, 4, 10, 23, 57, 132, 301, 701, 1654, 3891, 8753, 20989]...: 14595243: ACCEPTED IN 27 TRIES, (AVG 540564.5555555555)
[1, 4, 10, 23, 57, 132, 301, 701, 1654, 3891, 8753, 21001]...: 17301290: ACCEPTED IN 32 TRIES, (AVG 540665.3125)
[1, 4, 10, 23, 57, 132, 301, 701, 1654, 3891, 8753, 21002]...: 7559699: ACCEPTED IN 14 TRIES, (AVG 539978.5)
[1, 4, 10, 23, 57, 132, 301, 701, 1654, 3891, 8753, 21006]...: 17842895: ACCEPTED IN 33 TRIES, (AVG 540693.7878787878)
