[1, 4, 10, 23, 57, 132, 301, 701, 1654, 3891, 8877, 19530]...: 23253334: ACCEPTED IN 43 TRIES, (AVG 540775.2093023256)
[1, 4, 10, 23, 57, 132, 301, 701, 1654, 3891, 8877, 19534]...: 23253162: ACCEPTED IN 43 TRIES, (AVG 540771.2093023256)
[1, 4, 10, 23, 57, 132, 301, 701, 1654, 3891, 8877, 19546]...: 22713780: ACCEPTED IN 42 TRIES, (AVG 540804.2857142857)
[1, 4, 10, 23, 57, 132, 301, 701, 1654, 3891, 8877, 19567]...: 25958910: ACCEPTED IN 48 TRIES, (AVG 540810.625)
[1, 4, 10, 23, 57, 132, 301, 701, 1654, 3891, 8877, 19572]...: 27042260: ACCEPTED IN 50 TRIES, (AVG 540845.2)
[1, 4, 10, 23, 57, 132, 301, 701, 1654, 3891, 8877, 19587]...: 41653681: ACCEPTED IN 77 TRIES, (AVG 540956.8961038961)
[1, 4, 10, 23, 57, 132, 301, 701, 1654, 3891, 8877, 19604]...: 24878069: ACCEPTED IN 46 TRIES, (AVG 540827.5869565217)
[1, 4, 10, 23, 57, 132, 301, 701, 1654, 3891, 8877, 19641]...: 27041532: ACCEPTED IN 50 TRIES, (AVG 540830.64)
[1, 4, 10, 23, 57, 132, 301, 701, 1654, 3891, 8877, 19645]...: 34617250: ACCEPTED IN 64 TRIES, (AVG 540894.53125)
[1, 4, 10, 23, 57, 132, 301, 701, 1654, 3891, 8877, 19662]...: 23254768: ACCEPTED IN 43 TRIES, (AVG 540808.5581395349)
[1, 4, 10, 23, 57, 132, 301, 701, 1654, 3891, 8877, 19666]...: 27042988: ACCEPTED IN 50 TRIES, (AVG 540859.76)
[1, 4, 10, 23, 57, 132, 301, 701, 1654, 3891, 8877, 19678]...: 16760674: ACCEPTED IN 31 TRIES, (AVG 540666.9032258064)
[1, 4, 10, 23, 57, 132, 301, 701, 1654, 3891, 8877, 19682]...: 25418934: ACCEPTED IN 47 TRIES, (AVG 540828.3829787234)
[1, 4, 10, 23, 57, 132, 301, 701, 1654, 3891, 8877, 19699]...: 25959970: ACCEPTED IN 48 TRIES, (AVG 540832.7083333334)
[1, 4, 10, 23, 57, 132, 301, 701, 1654, 3891, 8877, 19704]...: 24336208: ACCEPTED IN 45 TRIES, (AVG 540804.6222222223)
[1, 4, 10, 23, 57, 132, 301, 701, 1654, 3891, 8877, 19707]...: 20007763: ACCEPTED IN 37 TRIES, (AVG 540750.3513513514)
[1, 4, 10, 23, 57, 132, 301, 701, 1654, 3891, 8877, 19719]...: 23254400: ACCEPTED IN 43 TRIES, (AVG 540800.0)
[1, 4, 10, 23, 57, 132, 301, 701, 1654, 3891, 8877, 19736]...: 16219537: ACCEPTED IN 30 TRIES, (AVG 540651.2333333333)
[1, 4, 10, 23, 57, 132, 301, 701, 1654, 3891, 8877, 19741]...: 23250594: ACCEPTED IN 43 TRIES, (AVG 540711.4883720931)
[1, 4, 10, 23, 57, 132, 301, 701, 1654, 3891, 8877, 19773]...: 25960539: ACCEPTED IN 48 TRIES, (AVG 540844.5625)
[1, 4, 10, 23, 57, 132, 301, 701, 1654, 3891, 8877, 19777]...: 30288280: ACCEPTED IN 56 TRIES, (AVG 540862.1428571428)
[1, 4, 10, 23, 57, 132, 301, 701, 1654, 3891, 8877, 19798]...: 14054939: ACCEPTED IN 26 TRIES, (AVG 540574.5769230769)
[1, 4, 10, 23, 57, 132, 301, 701, 1654, 3891, 8877, 19810]...: 14596489: ACCEPTED IN 27 TRIES, (AVG 540610.7037037037)
[1, 4, 10, 23, 57, 132, 301, 701, 1654, 3891, 8877, 19814]...: 25418727: ACCEPTED IN 47 TRIES, (AVG 540823.9787234042)
[1, 4, 10, 23, 57, 132, 301, 701, 1654, 3891, 8877, 19831]...: 11349730: ACCEPTED IN 21 TRIES, (AVG 540463.3333333334)
[1, 4, 10, 23, 57, 132, 301, 701, 1654, 3891, 8877, 19836]...: 12431667: ACCEPTED IN 23 TRIES, (AVG 540507.2608695652)
[1, 4, 10, 23, 57, 132, 301, 701, 1654, 3891, 8877, 19839]...: 23254800: ACCEPTED IN 43 TRIES, (AVG 540809.3023255814)
[1, 4, 10, 23, 57, 132, 301, 701, 1654, 3891, 8877, 19851]...: 22711358: ACCEPTED IN 42 TRIES, (AVG 540746.619047619)
[1, 4, 10, 23, 57, 132, 301, 701, 1654, 3891, 8877, 19868]...: 23253050: ACCEPTED IN 43 TRIES, (AVG 540768.6046511628)
[1, 4, 10, 23, 57, 132, 301, 701, 1654, 3891, 8877, 19873]...: 28666218: ACCEPTED IN 53 TRIES, (AVG 540872.037735849)
[1, 4, 10, 23, 57, 132, 301, 701, 1654, 3891, 8877, 19905]...: 9726612: ACCEPTED IN 18 TRIES, (AVG 540367.3333333334)
[1, 4, 10, 23, 57, 132, 301, 701, 1654, 3891, 8877, 19930]...: 27042668: ACCEPTED IN 50 TRIES, (AVG 540853.36)
[1, 4, 10, 23, 57, 132, 301, 701, 1654, 3891, 8877, 19942]...: 23254699: ACCEPTED IN 43 TRIES, (AVG 540806.9534883721)
[1, 4, 10, 23, 57, 132, 301, 701, 1654, 3891, 8877, 19946]...: 30830619: ACCEPTED IN 57 TRIES, (AVG 540888.052631579)
[1, 4, 10, 23, 57, 132, 301, 701, 1654, 3891, 8877, 19963]...: 21630885: ACCEPTED IN 40 TRIES, (AVG 540772.125)
[1, 4, 10, 23, 57, 132, 301, 701, 1654, 3891, 8877, 19968]...: 23796031: ACCEPTED IN 44 TRIES, (AVG 540818.8863636364)
[1, 4, 10, 23, 57, 132, 301, 701, 1654, 3891, 8877, 19971]...: 35157729: ACCEPTED IN 65 TRIES, (AVG 540888.1384615385)
[1, 4, 10, 23, 57, 132, 301, 701, 1654, 3891, 8877, 19983]...: 24335289: ACCEPTED IN 45 TRIES, (AVG 540784.2)
[1, 4, 10, 23, 57, 132, 301, 701, 1654, 3891, 8877, 20000]...: 16760097: ACCEPTED IN 31 TRIES, (AVG 540648.2903225806)
[1, 4, 10, 23, 57, 132, 301, 701, 1654, 3891, 8877, 20005]...: 15137545: ACCEPTED IN 28 TRIES, (AVG 540626.6071428572)
[1, 4, 10, 23, 57, 132, 301, 701, 1654, 3891, 8877, 20037]...: 21089710: ACCEPTED IN 39 TRIES, (AVG 540761.7948717949)
[1, 4, 10, 23, 57, 132, 301, 701, 1654, 3891, 8877, 20042]...: 15679000: ACCEPTED IN 29 TRIES, (AVG 540655.1724137932)
[1, 4, 10, 23, 57, 132, 301, 701, 1654, 3891, 8877, 20062]...: 21631146: ACCEPTED IN 40 TRIES, (AVG 540778.65)
[1, 4, 10, 23, 57, 132, 301, 701, 1654, 3891, 8877, 20074]...: 25419358: ACCEPTED IN 47 TRIES, (AVG 540837.4042553192)
[1, 4, 10, 23, 57, 132, 301, 701, 1654, 3891, 8877, 20078]...: 14596465: ACCEPTED IN 27 TRIES, (AVG 540609.8148148148)
[1, 4, 10, 23, 57, 132, 301, 701, 1654, 3891, 8877, 20091]...: 15135175: ACCEPTED IN 28 TRIES, (AVG 540541.9642857143)
[1, 4, 10, 23, 57, 132, 301, 701, 1654, 3891, 8877, 20103]...: 22171396: ACCEPTED IN 41 TRIES, (AVG 540765.756097561)
[1, 4, 10, 23, 57, 132, 301, 701, 1654, 3891, 8877, 20115]...: 16760829: ACCEPTED IN 31 TRIES, (AVG 540671.9032258064)
[1, 4, 10, 23, 57, 132, 301, 701, 1654, 3891, 8877, 20132]...: 14596352: ACCEPTED IN 27 TRIES, (AVG 540605.6296296297)
[1, 4, 10, 23, 57, 132, 301, 701, 1654, 3891, 8877, 20137]...: 20546990: ACCEPTED IN 38 TRIES, (AVG 540710.2631578947)
[1, 4, 10, 23, 57, 132, 301, 701, 1654, 3891, 8877, 20141]...: 12432191: ACCEPTED IN 23 TRIES, (AVG 540530.0434782609)
[1, 4, 10, 23, 57, 132, 301, 701, 1654, 3891, 8877, 20169]...: 15676732: ACCEPTED IN 29 TRIES, (AVG 540576.9655172414)
[1, 4, 10, 23, 57, 132, 301, 701, 1654, 3891, 8877, 20174]...: 24335771: ACCEPTED IN 45 TRIES, (AVG 540794.911111111)
[1, 4, 10, 23, 57, 132, 301, 701, 1654, 3891, 8877, 20206]...: 23793700: ACCEPTED IN 44 TRIES, (AVG 540765.9090909091)
[1, 4, 10, 23, 57, 132, 301, 701, 1654, 3891, 8877, 20223]...: 15677868: ACCEPTED IN 29 TRIES, (AVG 540616.1379310344)
[1, 4, 10, 23, 57, 132, 301, 701, 1654, 3891, 8877, 20235]...: 14053580: ACCEPTED IN 26 TRIES, (AVG 540522.3076923077)
[1, 4, 10, 23, 57, 132, 301, 701, 1654, 3891, 8877, 20247]...: 27041171: ACCEPTED IN 50 TRIES, (AVG 540823.42)
[1, 4, 10, 23, 57, 132, 301, 701, 1654, 3891, 8877, 20264]...: 15137192: ACCEPTED IN 28 TRIES, (AVG 540614.0)
[1, 4, 10, 23, 57, 132, 301, 701, 1654, 3891, 8877, 20269]...: 12430628: ACCEPTED IN 23 TRIES, (AVG 540462.0869565217)
[1, 4, 10, 23, 57, 132, 301, 701, 1654, 3891, 8877, 20273]...: 23254935: ACCEPTED IN 43 TRIES, (AVG 540812.4418604651)
[1, 4, 10, 23, 57, 132, 301, 701, 1654, 3891, 8877, 20301]...: 17843635: ACCEPTED IN 33 TRIES, (AVG 540716.2121212122)
[1, 4, 10, 23, 57, 132, 301, 701, 1654, 3891, 8877, 20306]...: 23795770: ACCEPTED IN 44 TRIES, (AVG 540812.9545454546)
[1, 4, 10, 23, 57, 132, 301, 701, 1654, 3891, 8877, 20338]...: 18383851: ACCEPTED IN 34 TRIES, (AVG 540701.5)
[1, 4, 10, 23, 57, 132, 301, 701, 1654, 3891, 8877, 20343]...: 11889907: ACCEPTED IN 22 TRIES, (AVG 540450.3181818182)
[1, 4, 10, 23, 57, 132, 301, 701, 1654, 3891, 8877, 20355]...: 28665070: ACCEPTED IN 53 TRIES, (AVG 540850.3773584906)
[1, 4, 10, 23, 57, 132, 301, 701, 1654, 3891, 8877, 20367]...: 24877065: ACCEPTED IN 46 TRIES, (AVG 540805.7608695652)
[1, 4, 10, 23, 57, 132, 301, 701, 1654, 3891, 8877, 20379]...: 10267290: ACCEPTED IN 19 TRIES, (AVG 540383.6842105263)
[1, 4, 10, 23, 57, 132, 301, 701, 1654, 3891, 8877, 20392]...: 7561838: ACCEPTED IN 14 TRIES, (AVG 540131.2857142857)
[1, 4, 10, 23, 57, 132, 301, 701, 1654, 3891, 8877, 20396]...: 18384597: ACCEPTED IN 34 TRIES, (AVG 540723.4411764706)
[1, 4, 10, 23, 57, 132, 301, 701, 1654, 3891, 8877, 20405]...: 18383556: ACCEPTED IN 34 TRIES, (AVG 540692.8235294118)
[1, 4, 10, 23, 57, 132, 301, 701, 1654, 3891, 8877, 20408]...: 18381909: ACCEPTED IN 34 TRIES, (AVG 540644.3823529412)
[1, 4, 10, 23, 57, 132, 301, 701, 1654, 3891, 8877, 20433]...: 20548728: ACCEPTED IN 38 TRIES, (AVG 540756.0)
[1, 4, 10, 23, 57, 132, 301, 701, 1654, 3891, 8877, 20438]...: 23253996: ACCEPTED IN 43 TRIES, (AVG 540790.6046511628)
[1, 4, 10, 23, 57, 132, 301, 701, 1654, 3891, 8877, 20442]...: 15134508: ACCEPTED IN 28 TRIES, (AVG 540518.1428571428)
[1, 4, 10, 23, 57, 132, 301, 701, 1654, 3891, 8877, 20470]...: 15137962: ACCEPTED IN 28 TRIES, (AVG 540641.5)
[1, 4, 10, 23, 57, 132, 301, 701, 1654, 3891, 8877, 20475]...: 16761338: ACCEPTED IN 31 TRIES, (AVG 540688.3225806452)
[1, 4, 10, 23, 57, 132, 301, 701, 1654, 3891, 8877, 20487]...: 12973304: ACCEPTED IN 24 TRIES, (AVG 540554.3333333334)
[1, 4, 10, 23, 57, 132, 301, 701, 1654, 3891, 8877, 20499]...: 10267179: ACCEPTED IN 19 TRIES, (AVG 540377.8421052631)
[1, 4, 10, 23, 57, 132, 301, 701, 1654, 3891, 8877, 20507]...: 23254265: ACCEPTED IN 43 TRIES, (AVG 540796.8604651163)
[1, 4, 10, 23, 57, 132, 301, 701, 1654, 3891, 8877, 20524]...: 15137690: ACCEPTED IN 28 TRIES, (AVG 540631.7857142857)
[1, 4, 10, 23, 57, 132, 301, 701, 1654, 3891, 8877, 20528]...: 16219530: ACCEPTED IN 30 TRIES, (AVG 540651.0)
[1, 4, 10, 23, 57, 132, 301, 701, 1654, 3891, 8877, 20537]...: 22171944: ACCEPTED IN 41 TRIES, (AVG 540779.1219512195)
[1, 4, 10, 23, 57, 132, 301, 701, 1654, 3891, 8877, 20540]...: 17840418: ACCEPTED IN 33 TRIES, (AVG 540618.7272727273)
[1, 4, 10, 23, 57, 132, 301, 701, 1654, 3891, 8877, 20565]...: 23254782: ACCEPTED IN 43 TRIES, (AVG 540808.8837209302)
[1, 4, 10, 23, 57, 132, 301, 701, 1654, 3891, 8877, 20570]...: 12969335: ACCEPTED IN 24 TRIES, (AVG 540388.9583333334)
[1, 4, 10, 23, 57, 132, 301, 701, 1654, 3891, 8877, 20574]...: 55181807: ACCEPTED IN 102 TRIES, (AVG 540998.1078431372)
[1, 4, 10, 23, 57, 132, 301, 701, 1654, 3891, 8877, 20602]...: 15136956: ACCEPTED IN 28 TRIES, (AVG 540605.5714285715)
[1, 4, 10, 23, 57, 132, 301, 701, 1654, 3891, 8877, 20607]...: 15137319: ACCEPTED IN 28 TRIES, (AVG 540618.5357142857)
[1, 4, 10, 23, 57, 132, 301, 701, 1654, 3891, 8877, 20619]...: 12972987: ACCEPTED IN 24 TRIES, (AVG 540541.125)
[1, 4, 10, 23, 57, 132, 301, 701, 1654, 3891, 8877, 20631]...: 20548482: ACCEPTED IN 38 TRIES, (AVG 540749.5263157894)
[1, 4, 10, 23, 57, 132, 301, 701, 1654, 3891, 8877, 20639]...: 21088581: ACCEPTED IN 39 TRIES, (AVG 540732.8461538461)
[1, 4, 10, 23, 57, 132, 301, 701, 1654, 3891, 8877, 20644]...: 15135403: ACCEPTED IN 28 TRIES, (AVG 540550.1071428572)
[1, 4, 10, 23, 57, 132, 301, 701, 1654, 3891, 8877, 20656]...: 22172332: ACCEPTED IN 41 TRIES, (AVG 540788.5853658536)
[1, 4, 10, 23, 57, 132, 301, 701, 1654, 3891, 8877, 20660]...: 11890589: ACCEPTED IN 22 TRIES, (AVG 540481.3181818182)
[1, 4, 10, 23, 57, 132, 301, 701, 1654, 3891, 8877, 20669]...: 9725245: ACCEPTED IN 18 TRIES, (AVG 540291.3888888889)
[1, 4, 10, 23, 57, 132, 301, 701, 1654, 3891, 8877, 20672]...: 25959151: ACCEPTED IN 48 TRIES, (AVG 540815.6458333334)
[1, 4, 10, 23, 57, 132, 301, 701, 1654, 3891, 8877, 20693]...: 10267204: ACCEPTED IN 19 TRIES, (AVG 540379.1578947369)
[1, 4, 10, 23, 57, 132, 301, 701, 1654, 3891, 8877, 20697]...: 24336957: ACCEPTED IN 45 TRIES, (AVG 540821.2666666667)
[1, 4, 10, 23, 57, 132, 301, 701, 1654, 3891, 8877, 20698]...: 20548313: ACCEPTED IN 38 TRIES, (AVG 540745.0789473684)
[1, 4, 10, 23, 57, 132, 301, 701, 1654, 3891, 8877, 20706]...: 23253286: ACCEPTED IN 43 TRIES, (AVG 540774.0930232558)
[1, 4, 10, 23, 57, 132, 301, 701, 1654, 3891, 8877, 20734]...: 20548720: ACCEPTED IN 38 TRIES, (AVG 540755.7894736842)
[1, 4, 10, 23, 57, 132, 301, 701, 1654, 3891, 8877, 20739]...: 21631326: ACCEPTED IN 40 TRIES, (AVG 540783.15)
[1, 4, 10, 23, 57, 132, 301, 701, 1654, 3891, 8877, 20743]...: 12431747: ACCEPTED IN 23 TRIES, (AVG 540510.7391304348)
[1, 4, 10, 23, 57, 132, 301, 701, 1654, 3891, 8877, 20751]...: 17302038: ACCEPTED IN 32 TRIES, (AVG 540688.6875)
[1, 4, 10, 23, 57, 132, 301, 701, 1654, 3891, 8877, 20763]...: 16760597: ACCEPTED IN 31 TRIES, (AVG 540664.4193548387)
[1, 4, 10, 23, 57, 132, 301, 701, 1654, 3891, 8877, 20771]...: 23253040: ACCEPTED IN 43 TRIES, (AVG 540768.3720930233)
[1, 4, 10, 23, 57, 132, 301, 701, 1654, 3891, 8877, 20776]...: 20007286: ACCEPTED IN 37 TRIES, (AVG 540737.4594594594)
[1, 4, 10, 23, 57, 132, 301, 701, 1654, 3891, 8877, 20788]...: 21631542: ACCEPTED IN 40 TRIES, (AVG 540788.55)
[1, 4, 10, 23, 57, 132, 301, 701, 1654, 3891, 8877, 20792]...: 8101198: ACCEPTED IN 15 TRIES, (AVG 540079.8666666667)
[1, 4, 10, 23, 57, 132, 301, 701, 1654, 3891, 8877, 20804]...: 21089242: ACCEPTED IN 39 TRIES, (AVG 540749.7948717949)
[1, 4, 10, 23, 57, 132, 301, 701, 1654, 3891, 8877, 20808]...: 22713121: ACCEPTED IN 42 TRIES, (AVG 540788.5952380953)
[1, 4, 10, 23, 57, 132, 301, 701, 1654, 3891, 8877, 20825]...: 14596282: ACCEPTED IN 27 TRIES, (AVG 540603.0370370371)
[1, 4, 10, 23, 57, 132, 301, 701, 1654, 3891, 8877, 20829]...: 15677604: ACCEPTED IN 29 TRIES, (AVG 540607.0344827586)
[1, 4, 10, 23, 57, 132, 301, 701, 1654, 3891, 8877, 20830]...: 9184985: ACCEPTED IN 17 TRIES, (AVG 540293.2352941176)
[1, 4, 10, 23, 57, 132, 301, 701, 1654, 3891, 8877, 20838]...: 15679022: ACCEPTED IN 29 TRIES, (AVG 540655.9310344828)
[1, 4, 10, 23, 57, 132, 301, 701, 1654, 3891, 8877, 20842]...: 14593855: ACCEPTED IN 27 TRIES, (AVG 540513.1481481482)
[1, 4, 10, 23, 57, 132, 301, 701, 1654, 3891, 8877, 20866]...: 14596787: ACCEPTED IN 27 TRIES, (AVG 540621.7407407408)
[1, 4, 10, 23, 57, 132, 301, 701, 1654, 3891, 8877, 20871]...: 12971608: ACCEPTED IN 24 TRIES, (AVG 540483.6666666666)
[1, 4, 10, 23, 57, 132, 301, 701, 1654, 3891, 8877, 20875]...: 14596587: ACCEPTED IN 27 TRIES, (AVG 540614.3333333334)
[1, 4, 10, 23, 57, 132, 301, 701, 1654, 3891, 8877, 20883]...: 9183149: ACCEPTED IN 17 TRIES, (AVG 540185.2352941176)
[1, 4, 10, 23, 57, 132, 301, 701, 1654, 3891, 8877, 20903]...: 27039871: ACCEPTED IN 50 TRIES, (AVG 540797.42)
[1, 4, 10, 23, 57, 132, 301, 701, 1654, 3891, 8877, 20908]...: 9726288: ACCEPTED IN 18 TRIES, (AVG 540349.3333333334)
[1, 4, 10, 23, 57, 132, 301, 701, 1654, 3891, 8877, 20920]...: 11890578: ACCEPTED IN 22 TRIES, (AVG 540480.8181818182)
[1, 4, 10, 23, 57, 132, 301, 701, 1654, 3891, 8877, 20924]...: 18383809: ACCEPTED IN 34 TRIES, (AVG 540700.2647058824)
[1, 4, 10, 23, 57, 132, 301, 701, 1654, 3891, 8877, 20936]...: 26501815: ACCEPTED IN 49 TRIES, (AVG 540853.3673469388)
[1, 4, 10, 23, 57, 132, 301, 701, 1654, 3891, 8877, 20940]...: 9726189: ACCEPTED IN 18 TRIES, (AVG 540343.8333333334)
[1, 4, 10, 23, 57, 132, 301, 701, 1654, 3891, 8877, 20945]...: 12971157: ACCEPTED IN 24 TRIES, (AVG 540464.875)
[1, 4, 10, 23, 57, 132, 301, 701, 1654, 3891, 8877, 20957]...: 25960185: ACCEPTED IN 48 TRIES, (AVG 540837.1875)
[1, 4, 10, 23, 57, 132, 301, 701, 1654, 3891, 8877, 20962]...: 11349631: ACCEPTED IN 21 TRIES, (AVG 540458.619047619)
[1, 4, 10, 23, 57, 132, 301, 701, 1654, 3891, 8877, 20970]...: 12973375: ACCEPTED IN 24 TRIES, (AVG 540557.2916666666)
[1, 4, 10, 23, 57, 132, 301, 701, 1654, 3891, 8877, 20974]...: 12972706: ACCEPTED IN 24 TRIES, (AVG 540529.4166666666)
[1, 4, 10, 23, 57, 132, 301, 701, 1654, 3891, 8877, 20994]...: 12431827: ACCEPTED IN 23 TRIES, (AVG 540514.2173913043)
[1, 4, 10, 23, 57, 132, 301, 701, 1654, 3891, 8877, 20998]...: 26501231: ACCEPTED IN 49 TRIES, (AVG 540841.4489795918)
[1, 4, 10, 23, 57, 132, 301, 701, 1654, 3891, 8877, 20999]...: 11890787: ACCEPTED IN 22 TRIES, (AVG 540490.3181818182)
[1, 4, 10, 23, 57, 132, 301, 701, 1654, 3891, 8877, 21003]...: 17843138: ACCEPTED IN 33 TRIES, (AVG 540701.1515151515)
[1, 4, 10, 23, 57, 132, 301, 701, 1654, 3891, 8877, 21007]...: 24337019: ACCEPTED IN 45 TRIES, (AVG 540822.6444444444)
[1, 4, 10, 23, 57, 132, 301, 701, 1654, 3891, 8877, 21015]...: 21089191: ACCEPTED IN 39 TRIES, (AVG 540748.4871794871)
[1, 4, 10, 23, 57, 132, 301, 701, 1654, 3891, 8877, 21035]...: 12430651: ACCEPTED IN 23 TRIES, (AVG 540463.0869565217)
[1, 4, 10, 23, 57, 132, 301, 701, 1654, 3891, 8877, 21040]...: 17842398: ACCEPTED IN 33 TRIES, (AVG 540678.7272727273)
[1, 4, 10, 23, 57, 132, 301, 701, 1654, 3891, 8877, 21044]...: 8643877: ACCEPTED IN 16 TRIES, (AVG 540242.3125)
[1, 4, 10, 23, 57, 132, 301, 701, 1654, 3891, 8877, 21052]...: 24335512: ACCEPTED IN 45 TRIES, (AVG 540789.1555555556)
[1, 4, 10, 23, 57, 132, 301, 701, 1654, 3891, 8877, 21056]...: 21628987: ACCEPTED IN 40 TRIES, (AVG 540724.675)
[1, 4, 10, 23, 57, 132, 301, 701, 1654, 3891, 8877, 21068]...: 31371493: ACCEPTED IN 58 TRIES, (AVG 540887.8103448276)
[1, 4, 10, 23, 57, 132, 301, 701, 1654, 3891, 8877, 21072]...: 14055274: ACCEPTED IN 26 TRIES, (AVG 540587.4615384615)
[1, 4, 10, 23, 57, 132, 301, 701, 1654, 3891, 8877, 21077]...: 20549114: ACCEPTED IN 38 TRIES, (AVG 540766.1578947369)
[1, 4, 10, 23, 57, 132, 301, 701, 1654, 3891, 8877, 21089]...: 21090485: ACCEPTED IN 39 TRIES, (AVG 540781.6666666666)
[1, 4, 10, 23, 57, 132, 301, 701, 1654, 3891, 8877, 21094]...: 16219768: ACCEPTED IN 30 TRIES, (AVG 540658.9333333333)
[1, 4, 10, 23, 57, 132, 301, 701, 1654, 3891, 8877, 21106]...: 25959853: ACCEPTED IN 48 TRIES, (AVG 540830.2708333334)
[1, 4, 10, 23, 57, 132, 301, 701, 1654, 3891, 8877, 21109]...: 23795451: ACCEPTED IN 44 TRIES, (AVG 540805.7045454546)
[1, 4, 10, 23, 57, 132, 301, 701, 1654, 3891, 8877, 21130]...: 23793944: ACCEPTED IN 44 TRIES, (AVG 540771.4545454546)
[1, 4, 10, 23, 57, 132, 301, 701, 1654, 3891, 8877, 21131]...: 21089365: ACCEPTED IN 39 TRIES, (AVG 540752.9487179487)
[1, 4, 10, 23, 57, 132, 301, 701, 1654, 3891, 8877, 21135]...: 23795932: ACCEPTED IN 44 TRIES, (AVG 540816.6363636364)
[1, 4, 10, 23, 57, 132, 301, 701, 1654, 3891, 8877, 21139]...: 14055319: ACCEPTED IN 26 TRIES, (AVG 540589.1923076923)
[1, 4, 10, 23, 57, 132, 301, 701, 1654, 3891, 8877, 21143]...: 23253701: ACCEPTED IN 43 TRIES, (AVG 540783.7441860465)
[1, 4, 10, 23, 57, 132, 301, 701, 1654, 3891, 8877, 21147]...: 22712142: ACCEPTED IN 42 TRIES, (AVG 540765.2857142857)
[1, 4, 10, 23, 57, 132, 301, 701, 1654, 3891, 8877, 21167]...: 12971639: ACCEPTED IN 24 TRIES, (AVG 540484.9583333334)
[1, 4, 10, 23, 57, 132, 301, 701, 1654, 3891, 8877, 21172]...: 9726040: ACCEPTED IN 18 TRIES, (AVG 540335.5555555555)
[1, 4, 10, 23, 57, 132, 301, 701, 1654, 3891, 8877, 21176]...: 23252870: ACCEPTED IN 43 TRIES, (AVG 540764.4186046511)
[1, 4, 10, 23, 57, 132, 301, 701, 1654, 3891, 8877, 21184]...: 11890481: ACCEPTED IN 22 TRIES, (AVG 540476.4090909091)
[1, 4, 10, 23, 57, 132, 301, 701, 1654, 3891, 8877, 21188]...: 23252078: ACCEPTED IN 43 TRIES, (AVG 540746.0)
[1, 4, 10, 23, 57, 132, 301, 701, 1654, 3891, 8877, 21200]...: 17301594: ACCEPTED IN 32 TRIES, (AVG 540674.8125)
[1, 4, 10, 23, 57, 132, 301, 701, 1654, 3891, 8877, 21204]...: 23253055: ACCEPTED IN 43 TRIES, (AVG 540768.7209302326)
[1, 4, 10, 23, 57, 132, 301, 701, 1654, 3891, 8877, 21209]...: 23254916: ACCEPTED IN 43 TRIES, (AVG 540812.0)
[1, 4, 10, 23, 57, 132, 301, 701, 1654, 3891, 8877, 21221]...: 25959807: ACCEPTED IN 48 TRIES, (AVG 540829.3125)
[1, 4, 10, 23, 57, 132, 301, 701, 1654, 3891, 8877, 21226]...: 18924892: ACCEPTED IN 35 TRIES, (AVG 540711.2)
[1, 4, 10, 23, 57, 132, 301, 701, 1654, 3891, 8877, 21238]...: 31371945: ACCEPTED IN 58 TRIES, (AVG 540895.6034482758)
[1, 4, 10, 23, 57, 132, 301, 701, 1654, 3891, 8877, 21241]...: 23255032: ACCEPTED IN 43 TRIES, (AVG 540814.6976744186)
[1, 4, 10, 23, 57, 132, 301, 701, 1654, 3891, 8877, 21246]...: 12972865: ACCEPTED IN 24 TRIES, (AVG 540536.0416666666)
[1, 4, 10, 23, 57, 132, 301, 701, 1654, 3891, 8877, 21258]...: 15136936: ACCEPTED IN 28 TRIES, (AVG 540604.8571428572)
[1, 4, 10, 23, 57, 132, 301, 701, 1654, 3891, 8877, 21263]...: 21630811: ACCEPTED IN 40 TRIES, (AVG 540770.275)
[1, 4, 10, 23, 57, 132, 301, 701, 1654, 3891, 8877, 21267]...: 14055666: ACCEPTED IN 26 TRIES, (AVG 540602.5384615385)
[1, 4, 10, 23, 57, 132, 301, 701, 1654, 3891, 8877, 21271]...: 15137976: ACCEPTED IN 28 TRIES, (AVG 540642.0)
[1, 4, 10, 23, 57, 132, 301, 701, 1654, 3891, 8877, 21275]...: 21088511: ACCEPTED IN 39 TRIES, (AVG 540731.0512820513)
[1, 4, 10, 23, 57, 132, 301, 701, 1654, 3891, 8877, 21279]...: 12972918: ACCEPTED IN 24 TRIES, (AVG 540538.25)
[1, 4, 10, 23, 57, 132, 301, 701, 1654, 3891, 8877, 21295]...: 24333640: ACCEPTED IN 45 TRIES, (AVG 540747.5555555555)
[1, 4, 10, 23, 57, 132, 301, 701, 1654, 3891, 8877, 21299]...: 23795523: ACCEPTED IN 44 TRIES, (AVG 540807.3409090909)
[1, 4, 10, 23, 57, 132, 301, 701, 1654, 3891, 8877, 21300]...: 23796020: ACCEPTED IN 44 TRIES, (AVG 540818.6363636364)
[1, 4, 10, 23, 57, 132, 301, 701, 1654, 3891, 8877, 21304]...: 8103085: ACCEPTED IN 15 TRIES, (AVG 540205.6666666666)
