[1, 4, 10, 23, 57, 132, 301, 701, 1654, 3854, 8598, 18950]...: 8644255: ACCEPTED IN 16 TRIES, (AVG 540265.9375)
[1, 4, 10, 23, 57, 132, 301, 701, 1654, 3854, 8598, 19014]...: 34077768: ACCEPTED IN 63 TRIES, (AVG 540916.9523809524)
[1, 4, 10, 23, 57, 132, 301, 701, 1654, 3854, 8598, 19082]...: 18383844: ACCEPTED IN 34 TRIES, (AVG 540701.2941176471)
[1, 4, 10, 23, 57, 132, 301, 701, 1654, 3854, 8598, 19146]...: 49228781: ACCEPTED IN 91 TRIES, (AVG 540975.6153846154)
[1, 4, 10, 23, 57, 132, 301, 701, 1654, 3854, 8598, 19278]...: 12431416: ACCEPTED IN 23 TRIES, (AVG 540496.3478260869)
[1, 4, 10, 23, 57, 132, 301, 701, 1654, 3854, 8598, 19410]...: 17843509: ACCEPTED IN 33 TRIES, (AVG 540712.3939393939)
[1, 4, 10, 23, 57, 132, 301, 701, 1654, 3854, 8598, 19944]...: 7561700: ACCEPTED IN 14 TRIES, (AVG 540121.4285714285)
[1, 4, 10, 23, 57, 132, 301, 701, 1654, 3854, 8598, 20076]...: 9183258: ACCEPTED IN 17 TRIES, (AVG 540191.6470588235)
[1, 4, 10, 23, 57, 132, 301, 701, 1654, 3854, 8598, 20208]...: 16760461: ACCEPTED IN 31 TRIES, (AVG 540660.0322580645)
[1, 4, 10, 23, 57, 132, 301, 701, 1654, 3854, 8598, 20272]...: 23794891: ACCEPTED IN 44 TRIES, (AVG 540792.9772727273)
[1, 4, 10, 23, 57, 132, 301, 701, 1654, 3854, 8598, 20340]...: 5938667: ACCEPTED IN 11 TRIES, (AVG 539878.8181818182)
[1, 4, 10, 23, 57, 132, 301, 701, 1654, 3854, 8598, 20404]...: 20548974: ACCEPTED IN 38 TRIES, (AVG 540762.4736842106)
[1, 4, 10, 23, 57, 132, 301, 701, 1654, 3854, 8598, 20536]...: 12431571: ACCEPTED IN 23 TRIES, (AVG 540503.0869565217)
