[1, 4, 10, 23, 57, 132, 301, 701, 1636, 3626, 8644, 19035]...: 5937875: ACCEPTED IN 11 TRIES, (AVG 539806.8181818182)
[1, 4, 10, 23, 57, 132, 301, 701, 1636, 3626, 8644, 19036]...: 17842793: ACCEPTED IN 33 TRIES, (AVG 540690.696969697)
[1, 4, 10, 23, 57, 132, 301, 701, 1636, 3626, 8644, 19037]...: 21630343: ACCEPTED IN 40 TRIES, (AVG 540758.575)
[1, 4, 10, 23, 57, 132, 301, 701, 1636, 3626, 8644, 19038]...: 9726626: ACCEPTED IN 18 TRIES, (AVG 540368.1111111111)
[1, 4, 10, 23, 57, 132, 301, 701, 1636, 3626, 8644, 19039]...: 14595082: ACCEPTED IN 27 TRIES, (AVG 540558.5925925926)
[1, 4, 10, 23, 57, 132, 301, 701, 1636, 3626, 8644, 19040]...: 10266516: ACCEPTED IN 19 TRIES, (AVG 540342.947368421)
[1, 4, 10, 23, 57, 132, 301, 701, 1636, 3626, 8644, 19041]...: 10807380: ACCEPTED IN 20 TRIES, (AVG 540369.0)
[1, 4, 10, 23, 57, 132, 301, 701, 1636, 3626, 8644, 19042]...: 17842882: ACCEPTED IN 33 TRIES, (AVG 540693.3939393939)
[1, 4, 10, 23, 57, 132, 301, 701, 1636, 3626, 8644, 19043]...: 14054648: ACCEPTED IN 26 TRIES, (AVG 540563.3846153846)
[1, 4, 10, 23, 57, 132, 301, 701, 1636, 3626, 8644, 19044]...: 36242136: ACCEPTED IN 67 TRIES, (AVG 540927.4029850747)
[1, 4, 10, 23, 57, 132, 301, 701, 1636, 3626, 8644, 19045]...: 7560458: ACCEPTED IN 14 TRIES, (AVG 540032.7142857143)
[1, 4, 10, 23, 57, 132, 301, 701, 1636, 3626, 8644, 19069]...: 80072610: ACCEPTED IN 148 TRIES, (AVG 541031.1486486486)
[1, 4, 10, 23, 57, 132, 301, 701, 1636, 3626, 8644, 19070]...: 11349988: ACCEPTED IN 21 TRIES, (AVG 540475.619047619)
[1, 4, 10, 23, 57, 132, 301, 701, 1636, 3626, 8644, 19072]...: 13512793: ACCEPTED IN 25 TRIES, (AVG 540511.72)
[1, 4, 10, 23, 57, 132, 301, 701, 1636, 3626, 8644, 19073]...: 6479334: ACCEPTED IN 12 TRIES, (AVG 539944.5)
[1, 4, 10, 23, 57, 132, 301, 701, 1636, 3626, 8644, 19074]...: 8642940: ACCEPTED IN 16 TRIES, (AVG 540183.75)
[1, 4, 10, 23, 57, 132, 301, 701, 1636, 3626, 8644, 19075]...: 16761315: ACCEPTED IN 31 TRIES, (AVG 540687.5806451613)
[1, 4, 10, 23, 57, 132, 301, 701, 1636, 3626, 8644, 19076]...: 11349246: ACCEPTED IN 21 TRIES, (AVG 540440.2857142857)
[1, 4, 10, 23, 57, 132, 301, 701, 1636, 3626, 8644, 19077]...: 10267740: ACCEPTED IN 19 TRIES, (AVG 540407.3684210526)
[1, 4, 10, 23, 57, 132, 301, 701, 1636, 3626, 8644, 19079]...: 33535525: ACCEPTED IN 62 TRIES, (AVG 540895.5645161291)
[1, 4, 10, 23, 57, 132, 301, 701, 1636, 3626, 8644, 19102]...: 14055124: ACCEPTED IN 26 TRIES, (AVG 540581.6923076923)
[1, 4, 10, 23, 57, 132, 301, 701, 1636, 3626, 8644, 19103]...: 10807219: ACCEPTED IN 20 TRIES, (AVG 540360.95)
[1, 4, 10, 23, 57, 132, 301, 701, 1636, 3626, 8644, 19104]...: 7560359: ACCEPTED IN 14 TRIES, (AVG 540025.6428571428)
[1, 4, 10, 23, 57, 132, 301, 701, 1636, 3626, 8644, 19105]...: 10267161: ACCEPTED IN 19 TRIES, (AVG 540376.8947368421)
[1, 4, 10, 23, 57, 132, 301, 701, 1636, 3626, 8644, 19106]...: 23252584: ACCEPTED IN 43 TRIES, (AVG 540757.7674418605)
[1, 4, 10, 23, 57, 132, 301, 701, 1636, 3626, 8644, 19107]...: 15135866: ACCEPTED IN 28 TRIES, (AVG 540566.6428571428)
[1, 4, 10, 23, 57, 132, 301, 701, 1636, 3626, 8644, 19108]...: 23796024: ACCEPTED IN 44 TRIES, (AVG 540818.7272727273)
[1, 4, 10, 23, 57, 132, 301, 701, 1636, 3626, 8644, 19109]...: 8642522: ACCEPTED IN 16 TRIES, (AVG 540157.625)
[1, 4, 10, 23, 57, 132, 301, 701, 1636, 3626, 8644, 19110]...: 21089460: ACCEPTED IN 39 TRIES, (AVG 540755.3846153846)
[1, 4, 10, 23, 57, 132, 301, 701, 1636, 3626, 8644, 19111]...: 12430964: ACCEPTED IN 23 TRIES, (AVG 540476.695652174)
[1, 4, 10, 23, 57, 132, 301, 701, 1636, 3626, 8644, 19114]...: 20007954: ACCEPTED IN 37 TRIES, (AVG 540755.5135135135)
[1, 4, 10, 23, 57, 132, 301, 701, 1636, 3626, 8644, 19134]...: 8642956: ACCEPTED IN 16 TRIES, (AVG 540184.75)
[1, 4, 10, 23, 57, 132, 301, 701, 1636, 3626, 8644, 19135]...: 12431241: ACCEPTED IN 23 TRIES, (AVG 540488.7391304348)
[1, 4, 10, 23, 57, 132, 301, 701, 1636, 3626, 8644, 19136]...: 15137430: ACCEPTED IN 28 TRIES, (AVG 540622.5)
[1, 4, 10, 23, 57, 132, 301, 701, 1636, 3626, 8644, 19137]...: 13513855: ACCEPTED IN 25 TRIES, (AVG 540554.2)
[1, 4, 10, 23, 57, 132, 301, 701, 1636, 3626, 8644, 19138]...: 13513940: ACCEPTED IN 25 TRIES, (AVG 540557.6)
[1, 4, 10, 23, 57, 132, 301, 701, 1636, 3626, 8644, 19139]...: 13513446: ACCEPTED IN 25 TRIES, (AVG 540537.84)
[1, 4, 10, 23, 57, 132, 301, 701, 1636, 3626, 8644, 19140]...: 7561308: ACCEPTED IN 14 TRIES, (AVG 540093.4285714285)
[1, 4, 10, 23, 57, 132, 301, 701, 1636, 3626, 8644, 19141]...: 11890685: ACCEPTED IN 22 TRIES, (AVG 540485.6818181818)
[1, 4, 10, 23, 57, 132, 301, 701, 1636, 3626, 8644, 19142]...: 17843503: ACCEPTED IN 33 TRIES, (AVG 540712.2121212122)
[1, 4, 10, 23, 57, 132, 301, 701, 1636, 3626, 8644, 19143]...: 14054240: ACCEPTED IN 26 TRIES, (AVG 540547.6923076923)
[1, 4, 10, 23, 57, 132, 301, 701, 1636, 3626, 8644, 19144]...: 7561659: ACCEPTED IN 14 TRIES, (AVG 540118.5)
[1, 4, 10, 23, 57, 132, 301, 701, 1636, 3626, 8644, 19146]...: 15135465: ACCEPTED IN 28 TRIES, (AVG 540552.3214285715)
[1, 4, 10, 23, 57, 132, 301, 701, 1636, 3626, 8644, 19147]...: 28665292: ACCEPTED IN 53 TRIES, (AVG 540854.5660377359)
[1, 4, 10, 23, 57, 132, 301, 701, 1636, 3626, 8644, 19169]...: 9185302: ACCEPTED IN 17 TRIES, (AVG 540311.8823529412)
[1, 4, 10, 23, 57, 132, 301, 701, 1636, 3626, 8644, 19171]...: 10807355: ACCEPTED IN 20 TRIES, (AVG 540367.75)
[1, 4, 10, 23, 57, 132, 301, 701, 1636, 3626, 8644, 19172]...: 20547928: ACCEPTED IN 38 TRIES, (AVG 540734.947368421)
[1, 4, 10, 23, 57, 132, 301, 701, 1636, 3626, 8644, 19173]...: 14596400: ACCEPTED IN 27 TRIES, (AVG 540607.4074074074)
[1, 4, 10, 23, 57, 132, 301, 701, 1636, 3626, 8644, 19174]...: 27042845: ACCEPTED IN 50 TRIES, (AVG 540856.9)
[1, 4, 10, 23, 57, 132, 301, 701, 1636, 3626, 8644, 19175]...: 15135651: ACCEPTED IN 28 TRIES, (AVG 540558.9642857143)
[1, 4, 10, 23, 57, 132, 301, 701, 1636, 3626, 8644, 19176]...: 15137484: ACCEPTED IN 28 TRIES, (AVG 540624.4285714285)
[1, 4, 10, 23, 57, 132, 301, 701, 1636, 3626, 8644, 19177]...: 12431595: ACCEPTED IN 23 TRIES, (AVG 540504.1304347826)
[1, 4, 10, 23, 57, 132, 301, 701, 1636, 3626, 8644, 19178]...: 22713927: ACCEPTED IN 42 TRIES, (AVG 540807.7857142857)
[1, 4, 10, 23, 57, 132, 301, 701, 1636, 3626, 8644, 19201]...: 14055663: ACCEPTED IN 26 TRIES, (AVG 540602.4230769231)
[1, 4, 10, 23, 57, 132, 301, 701, 1636, 3626, 8644, 19202]...: 12431092: ACCEPTED IN 23 TRIES, (AVG 540482.2608695652)
[1, 4, 10, 23, 57, 132, 301, 701, 1636, 3626, 8644, 19204]...: 16218968: ACCEPTED IN 30 TRIES, (AVG 540632.2666666667)
[1, 4, 10, 23, 57, 132, 301, 701, 1636, 3626, 8644, 19205]...: 10265190: ACCEPTED IN 19 TRIES, (AVG 540273.1578947369)
[1, 4, 10, 23, 57, 132, 301, 701, 1636, 3626, 8644, 19206]...: 14055738: ACCEPTED IN 26 TRIES, (AVG 540605.3076923077)
[1, 4, 10, 23, 57, 132, 301, 701, 1636, 3626, 8644, 19207]...: 14596788: ACCEPTED IN 27 TRIES, (AVG 540621.7777777778)
[1, 4, 10, 23, 57, 132, 301, 701, 1636, 3626, 8644, 19208]...: 14595180: ACCEPTED IN 27 TRIES, (AVG 540562.2222222222)
[1, 4, 10, 23, 57, 132, 301, 701, 1636, 3626, 8644, 19209]...: 21631556: ACCEPTED IN 40 TRIES, (AVG 540788.9)
[1, 4, 10, 23, 57, 132, 301, 701, 1636, 3626, 8644, 19210]...: 11349380: ACCEPTED IN 21 TRIES, (AVG 540446.6666666666)
[1, 4, 10, 23, 57, 132, 301, 701, 1636, 3626, 8644, 19211]...: 21087757: ACCEPTED IN 39 TRIES, (AVG 540711.717948718)
[1, 4, 10, 23, 57, 132, 301, 701, 1636, 3626, 8644, 19236]...: 6478447: ACCEPTED IN 12 TRIES, (AVG 539870.5833333334)
[1, 4, 10, 23, 57, 132, 301, 701, 1636, 3626, 8644, 19238]...: 40028219: ACCEPTED IN 74 TRIES, (AVG 540921.8783783783)
[1, 4, 10, 23, 57, 132, 301, 701, 1636, 3626, 8644, 19239]...: 8102501: ACCEPTED IN 15 TRIES, (AVG 540166.7333333333)
[1, 4, 10, 23, 57, 132, 301, 701, 1636, 3626, 8644, 19240]...: 15134323: ACCEPTED IN 28 TRIES, (AVG 540511.5357142857)
[1, 4, 10, 23, 57, 132, 301, 701, 1636, 3626, 8644, 19241]...: 12432134: ACCEPTED IN 23 TRIES, (AVG 540527.5652173914)
[1, 4, 10, 23, 57, 132, 301, 701, 1636, 3626, 8644, 19242]...: 12431516: ACCEPTED IN 23 TRIES, (AVG 540500.695652174)
[1, 4, 10, 23, 57, 132, 301, 701, 1636, 3626, 8644, 19243]...: 15136083: ACCEPTED IN 28 TRIES, (AVG 540574.3928571428)
[1, 4, 10, 23, 57, 132, 301, 701, 1636, 3626, 8644, 19245]...: 8102978: ACCEPTED IN 15 TRIES, (AVG 540198.5333333333)
[1, 4, 10, 23, 57, 132, 301, 701, 1636, 3626, 8644, 19246]...: 14055145: ACCEPTED IN 26 TRIES, (AVG 540582.5)
[1, 4, 10, 23, 57, 132, 301, 701, 1636, 3626, 8644, 19267]...: 9725376: ACCEPTED IN 18 TRIES, (AVG 540298.6666666666)
[1, 4, 10, 23, 57, 132, 301, 701, 1636, 3626, 8644, 19268]...: 10807270: ACCEPTED IN 20 TRIES, (AVG 540363.5)
[1, 4, 10, 23, 57, 132, 301, 701, 1636, 3626, 8644, 19270]...: 24336507: ACCEPTED IN 45 TRIES, (AVG 540811.2666666667)
[1, 4, 10, 23, 57, 132, 301, 701, 1636, 3626, 8644, 19271]...: 8643223: ACCEPTED IN 16 TRIES, (AVG 540201.4375)
[1, 4, 10, 23, 57, 132, 301, 701, 1636, 3626, 8644, 19272]...: 7018820: ACCEPTED IN 13 TRIES, (AVG 539909.2307692308)
[1, 4, 10, 23, 57, 132, 301, 701, 1636, 3626, 8644, 19273]...: 10807480: ACCEPTED IN 20 TRIES, (AVG 540374.0)
[1, 4, 10, 23, 57, 132, 301, 701, 1636, 3626, 8644, 19274]...: 10807920: ACCEPTED IN 20 TRIES, (AVG 540396.0)
[1, 4, 10, 23, 57, 132, 301, 701, 1636, 3626, 8644, 19275]...: 11890727: ACCEPTED IN 22 TRIES, (AVG 540487.5909090909)
[1, 4, 10, 23, 57, 132, 301, 701, 1636, 3626, 8644, 19276]...: 13512985: ACCEPTED IN 25 TRIES, (AVG 540519.4)
[1, 4, 10, 23, 57, 132, 301, 701, 1636, 3626, 8644, 19277]...: 13514154: ACCEPTED IN 25 TRIES, (AVG 540566.16)
[1, 4, 10, 23, 57, 132, 301, 701, 1636, 3626, 8644, 19279]...: 13514233: ACCEPTED IN 25 TRIES, (AVG 540569.32)
[1, 4, 10, 23, 57, 132, 301, 701, 1636, 3626, 8644, 19300]...: 21629941: ACCEPTED IN 40 TRIES, (AVG 540748.525)
[1, 4, 10, 23, 57, 132, 301, 701, 1636, 3626, 8644, 19303]...: 16219507: ACCEPTED IN 30 TRIES, (AVG 540650.2333333333)
[1, 4, 10, 23, 57, 132, 301, 701, 1636, 3626, 8644, 19304]...: 13514027: ACCEPTED IN 25 TRIES, (AVG 540561.08)
[1, 4, 10, 23, 57, 132, 301, 701, 1636, 3626, 8644, 19305]...: 30288869: ACCEPTED IN 56 TRIES, (AVG 540872.6607142857)
[1, 4, 10, 23, 57, 132, 301, 701, 1636, 3626, 8644, 19306]...: 14595369: ACCEPTED IN 27 TRIES, (AVG 540569.2222222222)
[1, 4, 10, 23, 57, 132, 301, 701, 1636, 3626, 8644, 19307]...: 18924984: ACCEPTED IN 35 TRIES, (AVG 540713.8285714285)
[1, 4, 10, 23, 57, 132, 301, 701, 1636, 3626, 8644, 19308]...: 10807258: ACCEPTED IN 20 TRIES, (AVG 540362.9)
[1, 4, 10, 23, 57, 132, 301, 701, 1636, 3626, 8644, 19309]...: 7019027: ACCEPTED IN 13 TRIES, (AVG 539925.1538461539)
[1, 4, 10, 23, 57, 132, 301, 701, 1636, 3626, 8644, 19310]...: 14596274: ACCEPTED IN 27 TRIES, (AVG 540602.7407407408)
[1, 4, 10, 23, 57, 132, 301, 701, 1636, 3626, 8644, 19313]...: 13514148: ACCEPTED IN 25 TRIES, (AVG 540565.92)
[1, 4, 10, 23, 57, 132, 301, 701, 1636, 3626, 8644, 19336]...: 10808611: ACCEPTED IN 20 TRIES, (AVG 540430.55)
[1, 4, 10, 23, 57, 132, 301, 701, 1636, 3626, 8644, 19337]...: 15137537: ACCEPTED IN 28 TRIES, (AVG 540626.3214285715)
[1, 4, 10, 23, 57, 132, 301, 701, 1636, 3626, 8644, 19338]...: 7019810: ACCEPTED IN 13 TRIES, (AVG 539985.3846153846)
[1, 4, 10, 23, 57, 132, 301, 701, 1636, 3626, 8644, 19339]...: 10267460: ACCEPTED IN 19 TRIES, (AVG 540392.6315789474)
[1, 4, 10, 23, 57, 132, 301, 701, 1636, 3626, 8644, 19340]...: 43276282: ACCEPTED IN 80 TRIES, (AVG 540953.525)
[1, 4, 10, 23, 57, 132, 301, 701, 1636, 3626, 8644, 19341]...: 14055211: ACCEPTED IN 26 TRIES, (AVG 540585.0384615385)
[1, 4, 10, 23, 57, 132, 301, 701, 1636, 3626, 8644, 19342]...: 15134040: ACCEPTED IN 28 TRIES, (AVG 540501.4285714285)
[1, 4, 10, 23, 57, 132, 301, 701, 1636, 3626, 8644, 19343]...: 10267441: ACCEPTED IN 19 TRIES, (AVG 540391.6315789474)
[1, 4, 10, 23, 57, 132, 301, 701, 1636, 3626, 8644, 19344]...: 21090220: ACCEPTED IN 39 TRIES, (AVG 540774.8717948718)
[1, 4, 10, 23, 57, 132, 301, 701, 1636, 3626, 8644, 19345]...: 15137598: ACCEPTED IN 28 TRIES, (AVG 540628.5)
[1, 4, 10, 23, 57, 132, 301, 701, 1636, 3626, 8644, 19370]...: 10267463: ACCEPTED IN 19 TRIES, (AVG 540392.7894736842)
[1, 4, 10, 23, 57, 132, 301, 701, 1636, 3626, 8644, 19371]...: 14055567: ACCEPTED IN 26 TRIES, (AVG 540598.7307692308)
[1, 4, 10, 23, 57, 132, 301, 701, 1636, 3626, 8644, 19372]...: 10266608: ACCEPTED IN 19 TRIES, (AVG 540347.7894736842)
[1, 4, 10, 23, 57, 132, 301, 701, 1636, 3626, 8644, 19373]...: 10265496: ACCEPTED IN 19 TRIES, (AVG 540289.2631578947)
[1, 4, 10, 23, 57, 132, 301, 701, 1636, 3626, 8644, 19374]...: 7560542: ACCEPTED IN 14 TRIES, (AVG 540038.7142857143)
[1, 4, 10, 23, 57, 132, 301, 701, 1636, 3626, 8644, 19375]...: 8644057: ACCEPTED IN 16 TRIES, (AVG 540253.5625)
[1, 4, 10, 23, 57, 132, 301, 701, 1636, 3626, 8644, 19376]...: 11890749: ACCEPTED IN 22 TRIES, (AVG 540488.5909090909)
[1, 4, 10, 23, 57, 132, 301, 701, 1636, 3626, 8644, 19377]...: 7018866: ACCEPTED IN 13 TRIES, (AVG 539912.7692307692)
[1, 4, 10, 23, 57, 132, 301, 701, 1636, 3626, 8644, 19378]...: 12973468: ACCEPTED IN 24 TRIES, (AVG 540561.1666666666)
[1, 4, 10, 23, 57, 132, 301, 701, 1636, 3626, 8644, 19380]...: 10807297: ACCEPTED IN 20 TRIES, (AVG 540364.85)
[1, 4, 10, 23, 57, 132, 301, 701, 1636, 3626, 8644, 19399]...: 16218169: ACCEPTED IN 30 TRIES, (AVG 540605.6333333333)
[1, 4, 10, 23, 57, 132, 301, 701, 1636, 3626, 8644, 19402]...: 17301701: ACCEPTED IN 32 TRIES, (AVG 540678.15625)
[1, 4, 10, 23, 57, 132, 301, 701, 1636, 3626, 8644, 19403]...: 10266790: ACCEPTED IN 19 TRIES, (AVG 540357.3684210526)
[1, 4, 10, 23, 57, 132, 301, 701, 1636, 3626, 8644, 19404]...: 14596401: ACCEPTED IN 27 TRIES, (AVG 540607.4444444445)
[1, 4, 10, 23, 57, 132, 301, 701, 1636, 3626, 8644, 19405]...: 7020062: ACCEPTED IN 13 TRIES, (AVG 540004.7692307692)
[1, 4, 10, 23, 57, 132, 301, 701, 1636, 3626, 8644, 19406]...: 12429318: ACCEPTED IN 23 TRIES, (AVG 540405.1304347826)
[1, 4, 10, 23, 57, 132, 301, 701, 1636, 3626, 8644, 19407]...: 10267175: ACCEPTED IN 19 TRIES, (AVG 540377.6315789474)
[1, 4, 10, 23, 57, 132, 301, 701, 1636, 3626, 8644, 19408]...: 14055126: ACCEPTED IN 26 TRIES, (AVG 540581.7692307692)
[1, 4, 10, 23, 57, 132, 301, 701, 1636, 3626, 8644, 19409]...: 10266279: ACCEPTED IN 19 TRIES, (AVG 540330.4736842106)
[1, 4, 10, 23, 57, 132, 301, 701, 1636, 3626, 8644, 19410]...: 13514133: ACCEPTED IN 25 TRIES, (AVG 540565.32)
[1, 4, 10, 23, 57, 132, 301, 701, 1636, 3626, 8644, 19411]...: 14594453: ACCEPTED IN 27 TRIES, (AVG 540535.2962962963)
[1, 4, 10, 23, 57, 132, 301, 701, 1636, 3626, 8644, 19412]...: 8644017: ACCEPTED IN 16 TRIES, (AVG 540251.0625)
[1, 4, 10, 23, 57, 132, 301, 701, 1636, 3626, 8644, 19415]...: 15678778: ACCEPTED IN 29 TRIES, (AVG 540647.5172413794)
[1, 4, 10, 23, 57, 132, 301, 701, 1636, 3626, 8644, 19435]...: 10265722: ACCEPTED IN 19 TRIES, (AVG 540301.1578947369)
[1, 4, 10, 23, 57, 132, 301, 701, 1636, 3626, 8644, 19436]...: 10267790: ACCEPTED IN 19 TRIES, (AVG 540410.0)
[1, 4, 10, 23, 57, 132, 301, 701, 1636, 3626, 8644, 19437]...: 16761040: ACCEPTED IN 31 TRIES, (AVG 540678.7096774194)
[1, 4, 10, 23, 57, 132, 301, 701, 1636, 3626, 8644, 19438]...: 11889847: ACCEPTED IN 22 TRIES, (AVG 540447.5909090909)
[1, 4, 10, 23, 57, 132, 301, 701, 1636, 3626, 8644, 19439]...: 10267781: ACCEPTED IN 19 TRIES, (AVG 540409.5263157894)
[1, 4, 10, 23, 57, 132, 301, 701, 1636, 3626, 8644, 19440]...: 11349374: ACCEPTED IN 21 TRIES, (AVG 540446.380952381)
[1, 4, 10, 23, 57, 132, 301, 701, 1636, 3626, 8644, 19441]...: 13512280: ACCEPTED IN 25 TRIES, (AVG 540491.2)
[1, 4, 10, 23, 57, 132, 301, 701, 1636, 3626, 8644, 19442]...: 12972903: ACCEPTED IN 24 TRIES, (AVG 540537.625)
[1, 4, 10, 23, 57, 132, 301, 701, 1636, 3626, 8644, 19443]...: 24876211: ACCEPTED IN 46 TRIES, (AVG 540787.195652174)
[1, 4, 10, 23, 57, 132, 301, 701, 1636, 3626, 8644, 19444]...: 17843492: ACCEPTED IN 33 TRIES, (AVG 540711.8787878788)
[1, 4, 10, 23, 57, 132, 301, 701, 1636, 3626, 8644, 19445]...: 8642209: ACCEPTED IN 16 TRIES, (AVG 540138.0625)
[1, 4, 10, 23, 57, 132, 301, 701, 1636, 3626, 8644, 19469]...: 10807924: ACCEPTED IN 20 TRIES, (AVG 540396.2)
[1, 4, 10, 23, 57, 132, 301, 701, 1636, 3626, 8644, 19470]...: 15137263: ACCEPTED IN 28 TRIES, (AVG 540616.5357142857)
[1, 4, 10, 23, 57, 132, 301, 701, 1636, 3626, 8644, 19472]...: 11349038: ACCEPTED IN 21 TRIES, (AVG 540430.380952381)
[1, 4, 10, 23, 57, 132, 301, 701, 1636, 3626, 8644, 19473]...: 13513286: ACCEPTED IN 25 TRIES, (AVG 540531.44)
[1, 4, 10, 23, 57, 132, 301, 701, 1636, 3626, 8644, 19474]...: 15677631: ACCEPTED IN 29 TRIES, (AVG 540607.9655172414)
[1, 4, 10, 23, 57, 132, 301, 701, 1636, 3626, 8644, 19475]...: 14054737: ACCEPTED IN 26 TRIES, (AVG 540566.8076923077)
[1, 4, 10, 23, 57, 132, 301, 701, 1636, 3626, 8644, 19476]...: 7560803: ACCEPTED IN 14 TRIES, (AVG 540057.3571428572)
[1, 4, 10, 23, 57, 132, 301, 701, 1636, 3626, 8644, 19477]...: 7561792: ACCEPTED IN 14 TRIES, (AVG 540128.0)
[1, 4, 10, 23, 57, 132, 301, 701, 1636, 3626, 8644, 19479]...: 15134466: ACCEPTED IN 28 TRIES, (AVG 540516.6428571428)
[1, 4, 10, 23, 57, 132, 301, 701, 1636, 3626, 8644, 19502]...: 17301641: ACCEPTED IN 32 TRIES, (AVG 540676.28125)
[1, 4, 10, 23, 57, 132, 301, 701, 1636, 3626, 8644, 19503]...: 18925790: ACCEPTED IN 35 TRIES, (AVG 540736.8571428572)
[1, 4, 10, 23, 57, 132, 301, 701, 1636, 3626, 8644, 19504]...: 14055015: ACCEPTED IN 26 TRIES, (AVG 540577.5)
[1, 4, 10, 23, 57, 132, 301, 701, 1636, 3626, 8644, 19505]...: 15678800: ACCEPTED IN 29 TRIES, (AVG 540648.275862069)
[1, 4, 10, 23, 57, 132, 301, 701, 1636, 3626, 8644, 19506]...: 12431437: ACCEPTED IN 23 TRIES, (AVG 540497.2608695652)
[1, 4, 10, 23, 57, 132, 301, 701, 1636, 3626, 8644, 19507]...: 9184423: ACCEPTED IN 17 TRIES, (AVG 540260.1764705882)
[1, 4, 10, 23, 57, 132, 301, 701, 1636, 3626, 8644, 19508]...: 10266009: ACCEPTED IN 19 TRIES, (AVG 540316.2631578947)
[1, 4, 10, 23, 57, 132, 301, 701, 1636, 3626, 8644, 19509]...: 22713307: ACCEPTED IN 42 TRIES, (AVG 540793.0238095238)
[1, 4, 10, 23, 57, 132, 301, 701, 1636, 3626, 8644, 19510]...: 7561740: ACCEPTED IN 14 TRIES, (AVG 540124.2857142857)
[1, 4, 10, 23, 57, 132, 301, 701, 1636, 3626, 8644, 19511]...: 14595376: ACCEPTED IN 27 TRIES, (AVG 540569.4814814815)
[1, 4, 10, 23, 57, 132, 301, 701, 1636, 3626, 8644, 19512]...: 22713906: ACCEPTED IN 42 TRIES, (AVG 540807.2857142857)
[1, 4, 10, 23, 57, 132, 301, 701, 1636, 3626, 8644, 19534]...: 10807425: ACCEPTED IN 20 TRIES, (AVG 540371.25)
[1, 4, 10, 23, 57, 132, 301, 701, 1636, 3626, 8644, 19537]...: 5938592: ACCEPTED IN 11 TRIES, (AVG 539872.0)
[1, 4, 10, 23, 57, 132, 301, 701, 1636, 3626, 8644, 19539]...: 9726588: ACCEPTED IN 18 TRIES, (AVG 540366.0)
[1, 4, 10, 23, 57, 132, 301, 701, 1636, 3626, 8644, 19540]...: 7020452: ACCEPTED IN 13 TRIES, (AVG 540034.7692307692)
[1, 4, 10, 23, 57, 132, 301, 701, 1636, 3626, 8644, 19541]...: 7020196: ACCEPTED IN 13 TRIES, (AVG 540015.0769230769)
[1, 4, 10, 23, 57, 132, 301, 701, 1636, 3626, 8644, 19542]...: 11890187: ACCEPTED IN 22 TRIES, (AVG 540463.0454545454)
[1, 4, 10, 23, 57, 132, 301, 701, 1636, 3626, 8644, 19543]...: 10806978: ACCEPTED IN 20 TRIES, (AVG 540348.9)
[1, 4, 10, 23, 57, 132, 301, 701, 1636, 3626, 8644, 19544]...: 6477469: ACCEPTED IN 12 TRIES, (AVG 539789.0833333334)
[1, 4, 10, 23, 57, 132, 301, 701, 1636, 3626, 8644, 19546]...: 10808745: ACCEPTED IN 20 TRIES, (AVG 540437.25)
[1, 4, 10, 23, 57, 132, 301, 701, 1636, 3626, 8644, 19547]...: 16760356: ACCEPTED IN 31 TRIES, (AVG 540656.6451612903)
[1, 4, 10, 23, 57, 132, 301, 701, 1636, 3626, 8644, 19568]...: 9726425: ACCEPTED IN 18 TRIES, (AVG 540356.9444444445)
[1, 4, 10, 23, 57, 132, 301, 701, 1636, 3626, 8644, 19569]...: 27042744: ACCEPTED IN 50 TRIES, (AVG 540854.88)
[1, 4, 10, 23, 57, 132, 301, 701, 1636, 3626, 8644, 19571]...: 11348682: ACCEPTED IN 21 TRIES, (AVG 540413.4285714285)
[1, 4, 10, 23, 57, 132, 301, 701, 1636, 3626, 8644, 19572]...: 14055612: ACCEPTED IN 26 TRIES, (AVG 540600.4615384615)
[1, 4, 10, 23, 57, 132, 301, 701, 1636, 3626, 8644, 19573]...: 8643839: ACCEPTED IN 16 TRIES, (AVG 540239.9375)
[1, 4, 10, 23, 57, 132, 301, 701, 1636, 3626, 8644, 19574]...: 11349056: ACCEPTED IN 21 TRIES, (AVG 540431.2380952381)
[1, 4, 10, 23, 57, 132, 301, 701, 1636, 3626, 8644, 19575]...: 10808739: ACCEPTED IN 20 TRIES, (AVG 540436.95)
[1, 4, 10, 23, 57, 132, 301, 701, 1636, 3626, 8644, 19576]...: 5937130: ACCEPTED IN 11 TRIES, (AVG 539739.0909090909)
[1, 4, 10, 23, 57, 132, 301, 701, 1636, 3626, 8644, 19577]...: 9725678: ACCEPTED IN 18 TRIES, (AVG 540315.4444444445)
[1, 4, 10, 23, 57, 132, 301, 701, 1636, 3626, 8644, 19578]...: 28123507: ACCEPTED IN 52 TRIES, (AVG 540836.6730769231)
[1, 4, 10, 23, 57, 132, 301, 701, 1636, 3626, 8644, 19601]...: 11349329: ACCEPTED IN 21 TRIES, (AVG 540444.2380952381)
[1, 4, 10, 23, 57, 132, 301, 701, 1636, 3626, 8644, 19602]...: 8102721: ACCEPTED IN 15 TRIES, (AVG 540181.4)
[1, 4, 10, 23, 57, 132, 301, 701, 1636, 3626, 8644, 19604]...: 12431740: ACCEPTED IN 23 TRIES, (AVG 540510.4347826086)
[1, 4, 10, 23, 57, 132, 301, 701, 1636, 3626, 8644, 19605]...: 7020413: ACCEPTED IN 13 TRIES, (AVG 540031.7692307692)
[1, 4, 10, 23, 57, 132, 301, 701, 1636, 3626, 8644, 19606]...: 9725381: ACCEPTED IN 18 TRIES, (AVG 540298.9444444445)
[1, 4, 10, 23, 57, 132, 301, 701, 1636, 3626, 8644, 19607]...: 14055131: ACCEPTED IN 26 TRIES, (AVG 540581.9615384615)
[1, 4, 10, 23, 57, 132, 301, 701, 1636, 3626, 8644, 19608]...: 7020574: ACCEPTED IN 13 TRIES, (AVG 540044.1538461539)
[1, 4, 10, 23, 57, 132, 301, 701, 1636, 3626, 8644, 19609]...: 10267334: ACCEPTED IN 19 TRIES, (AVG 540386.0)
[1, 4, 10, 23, 57, 132, 301, 701, 1636, 3626, 8644, 19610]...: 15137649: ACCEPTED IN 28 TRIES, (AVG 540630.3214285715)
[1, 4, 10, 23, 57, 132, 301, 701, 1636, 3626, 8644, 19611]...: 10808025: ACCEPTED IN 20 TRIES, (AVG 540401.25)
[1, 4, 10, 23, 57, 132, 301, 701, 1636, 3626, 8644, 19614]...: 7559039: ACCEPTED IN 14 TRIES, (AVG 539931.3571428572)
[1, 4, 10, 23, 57, 132, 301, 701, 1636, 3626, 8644, 19636]...: 7560031: ACCEPTED IN 14 TRIES, (AVG 540002.2142857143)
[1, 4, 10, 23, 57, 132, 301, 701, 1636, 3626, 8644, 19637]...: 9185295: ACCEPTED IN 17 TRIES, (AVG 540311.4705882353)
[1, 4, 10, 23, 57, 132, 301, 701, 1636, 3626, 8644, 19638]...: 10267036: ACCEPTED IN 19 TRIES, (AVG 540370.3157894737)
[1, 4, 10, 23, 57, 132, 301, 701, 1636, 3626, 8644, 19639]...: 11889835: ACCEPTED IN 22 TRIES, (AVG 540447.0454545454)
[1, 4, 10, 23, 57, 132, 301, 701, 1636, 3626, 8644, 19640]...: 14055166: ACCEPTED IN 26 TRIES, (AVG 540583.3076923077)
[1, 4, 10, 23, 57, 132, 301, 701, 1636, 3626, 8644, 19641]...: 15135693: ACCEPTED IN 28 TRIES, (AVG 540560.4642857143)
[1, 4, 10, 23, 57, 132, 301, 701, 1636, 3626, 8644, 19642]...: 15136073: ACCEPTED IN 28 TRIES, (AVG 540574.0357142857)
[1, 4, 10, 23, 57, 132, 301, 701, 1636, 3626, 8644, 19643]...: 8644274: ACCEPTED IN 16 TRIES, (AVG 540267.125)
[1, 4, 10, 23, 57, 132, 301, 701, 1636, 3626, 8644, 19644]...: 15137122: ACCEPTED IN 28 TRIES, (AVG 540611.5)
[1, 4, 10, 23, 57, 132, 301, 701, 1636, 3626, 8644, 19645]...: 10267791: ACCEPTED IN 19 TRIES, (AVG 540410.052631579)
[1, 4, 10, 23, 57, 132, 301, 701, 1636, 3626, 8644, 19646]...: 10808263: ACCEPTED IN 20 TRIES, (AVG 540413.15)
[1, 4, 10, 23, 57, 132, 301, 701, 1636, 3626, 8644, 19671]...: 10267319: ACCEPTED IN 19 TRIES, (AVG 540385.2105263158)
[1, 4, 10, 23, 57, 132, 301, 701, 1636, 3626, 8644, 19672]...: 9726119: ACCEPTED IN 18 TRIES, (AVG 540339.9444444445)
[1, 4, 10, 23, 57, 132, 301, 701, 1636, 3626, 8644, 19673]...: 10266570: ACCEPTED IN 19 TRIES, (AVG 540345.7894736842)
[1, 4, 10, 23, 57, 132, 301, 701, 1636, 3626, 8644, 19674]...: 10267709: ACCEPTED IN 19 TRIES, (AVG 540405.7368421053)
[1, 4, 10, 23, 57, 132, 301, 701, 1636, 3626, 8644, 19675]...: 8102698: ACCEPTED IN 15 TRIES, (AVG 540179.8666666667)
[1, 4, 10, 23, 57, 132, 301, 701, 1636, 3626, 8644, 19676]...: 12972807: ACCEPTED IN 24 TRIES, (AVG 540533.625)
[1, 4, 10, 23, 57, 132, 301, 701, 1636, 3626, 8644, 19677]...: 10266328: ACCEPTED IN 19 TRIES, (AVG 540333.052631579)
[1, 4, 10, 23, 57, 132, 301, 701, 1636, 3626, 8644, 19678]...: 21631440: ACCEPTED IN 40 TRIES, (AVG 540786.0)
[1, 4, 10, 23, 57, 132, 301, 701, 1636, 3626, 8644, 19679]...: 7560590: ACCEPTED IN 14 TRIES, (AVG 540042.1428571428)
[1, 4, 10, 23, 57, 132, 301, 701, 1636, 3626, 8644, 19700]...: 15137618: ACCEPTED IN 28 TRIES, (AVG 540629.2142857143)
[1, 4, 10, 23, 57, 132, 301, 701, 1636, 3626, 8644, 19703]...: 15134917: ACCEPTED IN 28 TRIES, (AVG 540532.75)
[1, 4, 10, 23, 57, 132, 301, 701, 1636, 3626, 8644, 19704]...: 14054157: ACCEPTED IN 26 TRIES, (AVG 540544.5)
[1, 4, 10, 23, 57, 132, 301, 701, 1636, 3626, 8644, 19705]...: 14054635: ACCEPTED IN 26 TRIES, (AVG 540562.8846153846)
[1, 4, 10, 23, 57, 132, 301, 701, 1636, 3626, 8644, 19706]...: 15135507: ACCEPTED IN 28 TRIES, (AVG 540553.8214285715)
[1, 4, 10, 23, 57, 132, 301, 701, 1636, 3626, 8644, 19707]...: 9184012: ACCEPTED IN 17 TRIES, (AVG 540236.0)
[1, 4, 10, 23, 57, 132, 301, 701, 1636, 3626, 8644, 19708]...: 24335788: ACCEPTED IN 45 TRIES, (AVG 540795.2888888889)
[1, 4, 10, 23, 57, 132, 301, 701, 1636, 3626, 8644, 19709]...: 11349541: ACCEPTED IN 21 TRIES, (AVG 540454.3333333334)
[1, 4, 10, 23, 57, 132, 301, 701, 1636, 3626, 8644, 19710]...: 23253391: ACCEPTED IN 43 TRIES, (AVG 540776.5348837209)
[1, 4, 10, 23, 57, 132, 301, 701, 1636, 3626, 8644, 19713]...: 12971848: ACCEPTED IN 24 TRIES, (AVG 540493.6666666666)
[1, 4, 10, 23, 57, 132, 301, 701, 1636, 3626, 8644, 19716]...: 10266187: ACCEPTED IN 19 TRIES, (AVG 540325.6315789474)
[1, 4, 10, 23, 57, 132, 301, 701, 1636, 3626, 8644, 19736]...: 10808616: ACCEPTED IN 20 TRIES, (AVG 540430.8)
[1, 4, 10, 23, 57, 132, 301, 701, 1636, 3626, 8644, 19737]...: 17843239: ACCEPTED IN 33 TRIES, (AVG 540704.2121212122)
[1, 4, 10, 23, 57, 132, 301, 701, 1636, 3626, 8644, 19738]...: 15137441: ACCEPTED IN 28 TRIES, (AVG 540622.8928571428)
[1, 4, 10, 23, 57, 132, 301, 701, 1636, 3626, 8644, 19739]...: 7561131: ACCEPTED IN 14 TRIES, (AVG 540080.7857142857)
[1, 4, 10, 23, 57, 132, 301, 701, 1636, 3626, 8644, 19740]...: 15138000: ACCEPTED IN 28 TRIES, (AVG 540642.8571428572)
[1, 4, 10, 23, 57, 132, 301, 701, 1636, 3626, 8644, 19741]...: 9724742: ACCEPTED IN 18 TRIES, (AVG 540263.4444444445)
[1, 4, 10, 23, 57, 132, 301, 701, 1636, 3626, 8644, 19742]...: 13513980: ACCEPTED IN 25 TRIES, (AVG 540559.2)
[1, 4, 10, 23, 57, 132, 301, 701, 1636, 3626, 8644, 19743]...: 9726540: ACCEPTED IN 18 TRIES, (AVG 540363.3333333334)
[1, 4, 10, 23, 57, 132, 301, 701, 1636, 3626, 8644, 19744]...: 7562026: ACCEPTED IN 14 TRIES, (AVG 540144.7142857143)
[1, 4, 10, 23, 57, 132, 301, 701, 1636, 3626, 8644, 19745]...: 12431875: ACCEPTED IN 23 TRIES, (AVG 540516.304347826)
[1, 4, 10, 23, 57, 132, 301, 701, 1636, 3626, 8644, 19746]...: 14596224: ACCEPTED IN 27 TRIES, (AVG 540600.8888888889)
[1, 4, 10, 23, 57, 132, 301, 701, 1636, 3626, 8644, 19768]...: 11347168: ACCEPTED IN 21 TRIES, (AVG 540341.3333333334)
[1, 4, 10, 23, 57, 132, 301, 701, 1636, 3626, 8644, 19770]...: 7560925: ACCEPTED IN 14 TRIES, (AVG 540066.0714285715)
[1, 4, 10, 23, 57, 132, 301, 701, 1636, 3626, 8644, 19771]...: 7561781: ACCEPTED IN 14 TRIES, (AVG 540127.2142857143)
[1, 4, 10, 23, 57, 132, 301, 701, 1636, 3626, 8644, 19773]...: 14594273: ACCEPTED IN 27 TRIES, (AVG 540528.6296296297)
[1, 4, 10, 23, 57, 132, 301, 701, 1636, 3626, 8644, 19774]...: 11891211: ACCEPTED IN 22 TRIES, (AVG 540509.5909090909)
[1, 4, 10, 23, 57, 132, 301, 701, 1636, 3626, 8644, 19775]...: 10808479: ACCEPTED IN 20 TRIES, (AVG 540423.95)
[1, 4, 10, 23, 57, 132, 301, 701, 1636, 3626, 8644, 19776]...: 14593850: ACCEPTED IN 27 TRIES, (AVG 540512.9629629629)
[1, 4, 10, 23, 57, 132, 301, 701, 1636, 3626, 8644, 19777]...: 13513326: ACCEPTED IN 25 TRIES, (AVG 540533.04)
[1, 4, 10, 23, 57, 132, 301, 701, 1636, 3626, 8644, 19778]...: 9726522: ACCEPTED IN 18 TRIES, (AVG 540362.3333333334)
[1, 4, 10, 23, 57, 132, 301, 701, 1636, 3626, 8644, 19780]...: 11349951: ACCEPTED IN 21 TRIES, (AVG 540473.8571428572)
[1, 4, 10, 23, 57, 132, 301, 701, 1636, 3626, 8644, 19803]...: 6478416: ACCEPTED IN 12 TRIES, (AVG 539868.0)
[1, 4, 10, 23, 57, 132, 301, 701, 1636, 3626, 8644, 19804]...: 7020505: ACCEPTED IN 13 TRIES, (AVG 540038.8461538461)
[1, 4, 10, 23, 57, 132, 301, 701, 1636, 3626, 8644, 19805]...: 6479001: ACCEPTED IN 12 TRIES, (AVG 539916.75)
[1, 4, 10, 23, 57, 132, 301, 701, 1636, 3626, 8644, 19806]...: 7560779: ACCEPTED IN 14 TRIES, (AVG 540055.6428571428)
[1, 4, 10, 23, 57, 132, 301, 701, 1636, 3626, 8644, 19807]...: 7558461: ACCEPTED IN 14 TRIES, (AVG 539890.0714285715)
[1, 4, 10, 23, 57, 132, 301, 701, 1636, 3626, 8644, 19808]...: 10265216: ACCEPTED IN 19 TRIES, (AVG 540274.5263157894)
[1, 4, 10, 23, 57, 132, 301, 701, 1636, 3626, 8644, 19809]...: 14596075: ACCEPTED IN 27 TRIES, (AVG 540595.3703703703)
[1, 4, 10, 23, 57, 132, 301, 701, 1636, 3626, 8644, 19810]...: 11890905: ACCEPTED IN 22 TRIES, (AVG 540495.6818181818)
[1, 4, 10, 23, 57, 132, 301, 701, 1636, 3626, 8644, 19811]...: 8643926: ACCEPTED IN 16 TRIES, (AVG 540245.375)
[1, 4, 10, 23, 57, 132, 301, 701, 1636, 3626, 8644, 19812]...: 14055315: ACCEPTED IN 26 TRIES, (AVG 540589.0384615385)
[1, 4, 10, 23, 57, 132, 301, 701, 1636, 3626, 8644, 19835]...: 9726060: ACCEPTED IN 18 TRIES, (AVG 540336.6666666666)
[1, 4, 10, 23, 57, 132, 301, 701, 1636, 3626, 8644, 19836]...: 14595500: ACCEPTED IN 27 TRIES, (AVG 540574.074074074)
[1, 4, 10, 23, 57, 132, 301, 701, 1636, 3626, 8644, 19837]...: 12972589: ACCEPTED IN 24 TRIES, (AVG 540524.5416666666)
[1, 4, 10, 23, 57, 132, 301, 701, 1636, 3626, 8644, 19838]...: 4855614: ACCEPTED IN 9 TRIES, (AVG 539512.6666666666)
[1, 4, 10, 23, 57, 132, 301, 701, 1636, 3626, 8644, 19839]...: 4855867: ACCEPTED IN 9 TRIES, (AVG 539540.7777777778)
[1, 4, 10, 23, 57, 132, 301, 701, 1636, 3626, 8644, 19840]...: 11349762: ACCEPTED IN 21 TRIES, (AVG 540464.8571428572)
[1, 4, 10, 23, 57, 132, 301, 701, 1636, 3626, 8644, 19841]...: 8103170: ACCEPTED IN 15 TRIES, (AVG 540211.3333333334)
[1, 4, 10, 23, 57, 132, 301, 701, 1636, 3626, 8644, 19842]...: 13513239: ACCEPTED IN 25 TRIES, (AVG 540529.56)
[1, 4, 10, 23, 57, 132, 301, 701, 1636, 3626, 8644, 19843]...: 7019852: ACCEPTED IN 13 TRIES, (AVG 539988.6153846154)
[1, 4, 10, 23, 57, 132, 301, 701, 1636, 3626, 8644, 19844]...: 5937925: ACCEPTED IN 11 TRIES, (AVG 539811.3636363636)
[1, 4, 10, 23, 57, 132, 301, 701, 1636, 3626, 8644, 19845]...: 7020531: ACCEPTED IN 13 TRIES, (AVG 540040.8461538461)
[1, 4, 10, 23, 57, 132, 301, 701, 1636, 3626, 8644, 19847]...: 10806634: ACCEPTED IN 20 TRIES, (AVG 540331.7)
[1, 4, 10, 23, 57, 132, 301, 701, 1636, 3626, 8644, 19848]...: 6479378: ACCEPTED IN 12 TRIES, (AVG 539948.1666666666)
[1, 4, 10, 23, 57, 132, 301, 701, 1636, 3626, 8644, 19869]...: 12971785: ACCEPTED IN 24 TRIES, (AVG 540491.0416666666)
[1, 4, 10, 23, 57, 132, 301, 701, 1636, 3626, 8644, 19870]...: 10267575: ACCEPTED IN 19 TRIES, (AVG 540398.6842105263)
[1, 4, 10, 23, 57, 132, 301, 701, 1636, 3626, 8644, 19872]...: 11890881: ACCEPTED IN 22 TRIES, (AVG 540494.5909090909)
[1, 4, 10, 23, 57, 132, 301, 701, 1636, 3626, 8644, 19873]...: 6479428: ACCEPTED IN 12 TRIES, (AVG 539952.3333333334)
[1, 4, 10, 23, 57, 132, 301, 701, 1636, 3626, 8644, 19874]...: 14595863: ACCEPTED IN 27 TRIES, (AVG 540587.5185185185)
[1, 4, 10, 23, 57, 132, 301, 701, 1636, 3626, 8644, 19875]...: 12430414: ACCEPTED IN 23 TRIES, (AVG 540452.7826086957)
[1, 4, 10, 23, 57, 132, 301, 701, 1636, 3626, 8644, 19876]...: 15137896: ACCEPTED IN 28 TRIES, (AVG 540639.1428571428)
[1, 4, 10, 23, 57, 132, 301, 701, 1636, 3626, 8644, 19877]...: 7020030: ACCEPTED IN 13 TRIES, (AVG 540002.3076923077)
[1, 4, 10, 23, 57, 132, 301, 701, 1636, 3626, 8644, 19878]...: 14055294: ACCEPTED IN 26 TRIES, (AVG 540588.2307692308)
[1, 4, 10, 23, 57, 132, 301, 701, 1636, 3626, 8644, 19879]...: 9725596: ACCEPTED IN 18 TRIES, (AVG 540310.8888888889)
[1, 4, 10, 23, 57, 132, 301, 701, 1636, 3626, 8644, 19902]...: 8642661: ACCEPTED IN 16 TRIES, (AVG 540166.3125)
[1, 4, 10, 23, 57, 132, 301, 701, 1636, 3626, 8644, 19903]...: 7019105: ACCEPTED IN 13 TRIES, (AVG 539931.1538461539)
[1, 4, 10, 23, 57, 132, 301, 701, 1636, 3626, 8644, 19905]...: 7020034: ACCEPTED IN 13 TRIES, (AVG 540002.6153846154)
[1, 4, 10, 23, 57, 132, 301, 701, 1636, 3626, 8644, 19906]...: 10265537: ACCEPTED IN 19 TRIES, (AVG 540291.4210526316)
[1, 4, 10, 23, 57, 132, 301, 701, 1636, 3626, 8644, 19907]...: 8644347: ACCEPTED IN 16 TRIES, (AVG 540271.6875)
[1, 4, 10, 23, 57, 132, 301, 701, 1636, 3626, 8644, 19908]...: 9726087: ACCEPTED IN 18 TRIES, (AVG 540338.1666666666)
[1, 4, 10, 23, 57, 132, 301, 701, 1636, 3626, 8644, 19909]...: 15677781: ACCEPTED IN 29 TRIES, (AVG 540613.1379310344)
[1, 4, 10, 23, 57, 132, 301, 701, 1636, 3626, 8644, 19910]...: 10267471: ACCEPTED IN 19 TRIES, (AVG 540393.2105263158)
[1, 4, 10, 23, 57, 132, 301, 701, 1636, 3626, 8644, 19911]...: 13513997: ACCEPTED IN 25 TRIES, (AVG 540559.88)
[1, 4, 10, 23, 57, 132, 301, 701, 1636, 3626, 8644, 19912]...: 10806962: ACCEPTED IN 20 TRIES, (AVG 540348.1)
[1, 4, 10, 23, 57, 132, 301, 701, 1636, 3626, 8644, 19937]...: 8643746: ACCEPTED IN 16 TRIES, (AVG 540234.125)
[1, 4, 10, 23, 57, 132, 301, 701, 1636, 3626, 8644, 19938]...: 11889737: ACCEPTED IN 22 TRIES, (AVG 540442.5909090909)
[1, 4, 10, 23, 57, 132, 301, 701, 1636, 3626, 8644, 19939]...: 10264599: ACCEPTED IN 19 TRIES, (AVG 540242.052631579)
[1, 4, 10, 23, 57, 132, 301, 701, 1636, 3626, 8644, 19940]...: 7562067: ACCEPTED IN 14 TRIES, (AVG 540147.6428571428)
[1, 4, 10, 23, 57, 132, 301, 701, 1636, 3626, 8644, 19941]...: 15137082: ACCEPTED IN 28 TRIES, (AVG 540610.0714285715)
[1, 4, 10, 23, 57, 132, 301, 701, 1636, 3626, 8644, 19942]...: 15137201: ACCEPTED IN 28 TRIES, (AVG 540614.3214285715)
[1, 4, 10, 23, 57, 132, 301, 701, 1636, 3626, 8644, 19943]...: 9726283: ACCEPTED IN 18 TRIES, (AVG 540349.0555555555)
[1, 4, 10, 23, 57, 132, 301, 701, 1636, 3626, 8644, 19944]...: 8643878: ACCEPTED IN 16 TRIES, (AVG 540242.375)
[1, 4, 10, 23, 57, 132, 301, 701, 1636, 3626, 8644, 19947]...: 9185358: ACCEPTED IN 17 TRIES, (AVG 540315.1764705882)
[1, 4, 10, 23, 57, 132, 301, 701, 1636, 3626, 8644, 19969]...: 10266686: ACCEPTED IN 19 TRIES, (AVG 540351.8947368421)
[1, 4, 10, 23, 57, 132, 301, 701, 1636, 3626, 8644, 19971]...: 12430992: ACCEPTED IN 23 TRIES, (AVG 540477.9130434783)
[1, 4, 10, 23, 57, 132, 301, 701, 1636, 3626, 8644, 19972]...: 14596432: ACCEPTED IN 27 TRIES, (AVG 540608.5925925926)
[1, 4, 10, 23, 57, 132, 301, 701, 1636, 3626, 8644, 19973]...: 10807607: ACCEPTED IN 20 TRIES, (AVG 540380.35)
[1, 4, 10, 23, 57, 132, 301, 701, 1636, 3626, 8644, 19974]...: 18925612: ACCEPTED IN 35 TRIES, (AVG 540731.7714285714)
[1, 4, 10, 23, 57, 132, 301, 701, 1636, 3626, 8644, 19975]...: 7019425: ACCEPTED IN 13 TRIES, (AVG 539955.7692307692)
[1, 4, 10, 23, 57, 132, 301, 701, 1636, 3626, 8644, 19976]...: 9724385: ACCEPTED IN 18 TRIES, (AVG 540243.6111111111)
[1, 4, 10, 23, 57, 132, 301, 701, 1636, 3626, 8644, 19977]...: 9185444: ACCEPTED IN 17 TRIES, (AVG 540320.2352941176)
[1, 4, 10, 23, 57, 132, 301, 701, 1636, 3626, 8644, 19978]...: 15137377: ACCEPTED IN 28 TRIES, (AVG 540620.6071428572)
[1, 4, 10, 23, 57, 132, 301, 701, 1636, 3626, 8644, 19979]...: 15137798: ACCEPTED IN 28 TRIES, (AVG 540635.6428571428)
[1, 4, 10, 23, 57, 132, 301, 701, 1636, 3626, 8644, 19980]...: 11347280: ACCEPTED IN 21 TRIES, (AVG 540346.6666666666)
[1, 4, 10, 23, 57, 132, 301, 701, 1636, 3626, 8644, 20001]...: 10264699: ACCEPTED IN 19 TRIES, (AVG 540247.3157894737)
[1, 4, 10, 23, 57, 132, 301, 701, 1636, 3626, 8644, 20004]...: 9184801: ACCEPTED IN 17 TRIES, (AVG 540282.4117647059)
[1, 4, 10, 23, 57, 132, 301, 701, 1636, 3626, 8644, 20005]...: 10808807: ACCEPTED IN 20 TRIES, (AVG 540440.35)
[1, 4, 10, 23, 57, 132, 301, 701, 1636, 3626, 8644, 20006]...: 7019868: ACCEPTED IN 13 TRIES, (AVG 539989.8461538461)
[1, 4, 10, 23, 57, 132, 301, 701, 1636, 3626, 8644, 20007]...: 14054085: ACCEPTED IN 26 TRIES, (AVG 540541.7307692308)
[1, 4, 10, 23, 57, 132, 301, 701, 1636, 3626, 8644, 20008]...: 7561883: ACCEPTED IN 14 TRIES, (AVG 540134.5)
[1, 4, 10, 23, 57, 132, 301, 701, 1636, 3626, 8644, 20009]...: 11348428: ACCEPTED IN 21 TRIES, (AVG 540401.3333333334)
[1, 4, 10, 23, 57, 132, 301, 701, 1636, 3626, 8644, 20010]...: 8644077: ACCEPTED IN 16 TRIES, (AVG 540254.8125)
[1, 4, 10, 23, 57, 132, 301, 701, 1636, 3626, 8644, 20011]...: 11890995: ACCEPTED IN 22 TRIES, (AVG 540499.7727272727)
[1, 4, 10, 23, 57, 132, 301, 701, 1636, 3626, 8644, 20014]...: 10267709: ACCEPTED IN 19 TRIES, (AVG 540405.7368421053)
[1, 4, 10, 23, 57, 132, 301, 701, 1636, 3626, 8644, 20037]...: 7560927: ACCEPTED IN 14 TRIES, (AVG 540066.2142857143)
[1, 4, 10, 23, 57, 132, 301, 701, 1636, 3626, 8644, 20038]...: 8643395: ACCEPTED IN 16 TRIES, (AVG 540212.1875)
[1, 4, 10, 23, 57, 132, 301, 701, 1636, 3626, 8644, 20039]...: 8643898: ACCEPTED IN 16 TRIES, (AVG 540243.625)
[1, 4, 10, 23, 57, 132, 301, 701, 1636, 3626, 8644, 20040]...: 7560227: ACCEPTED IN 14 TRIES, (AVG 540016.2142857143)
[1, 4, 10, 23, 57, 132, 301, 701, 1636, 3626, 8644, 20041]...: 14054983: ACCEPTED IN 26 TRIES, (AVG 540576.2692307692)
[1, 4, 10, 23, 57, 132, 301, 701, 1636, 3626, 8644, 20042]...: 7561958: ACCEPTED IN 14 TRIES, (AVG 540139.8571428572)
[1, 4, 10, 23, 57, 132, 301, 701, 1636, 3626, 8644, 20043]...: 8643892: ACCEPTED IN 16 TRIES, (AVG 540243.25)
[1, 4, 10, 23, 57, 132, 301, 701, 1636, 3626, 8644, 20044]...: 12432176: ACCEPTED IN 23 TRIES, (AVG 540529.3913043478)
[1, 4, 10, 23, 57, 132, 301, 701, 1636, 3626, 8644, 20045]...: 7560291: ACCEPTED IN 14 TRIES, (AVG 540020.7857142857)
[1, 4, 10, 23, 57, 132, 301, 701, 1636, 3626, 8644, 20046]...: 11349806: ACCEPTED IN 21 TRIES, (AVG 540466.9523809524)
[1, 4, 10, 23, 57, 132, 301, 701, 1636, 3626, 8644, 20069]...: 7561820: ACCEPTED IN 14 TRIES, (AVG 540130.0)
[1, 4, 10, 23, 57, 132, 301, 701, 1636, 3626, 8644, 20070]...: 15135453: ACCEPTED IN 28 TRIES, (AVG 540551.8928571428)
[1, 4, 10, 23, 57, 132, 301, 701, 1636, 3626, 8644, 20071]...: 12432261: ACCEPTED IN 23 TRIES, (AVG 540533.0869565217)
[1, 4, 10, 23, 57, 132, 301, 701, 1636, 3626, 8644, 20072]...: 5938334: ACCEPTED IN 11 TRIES, (AVG 539848.5454545454)
[1, 4, 10, 23, 57, 132, 301, 701, 1636, 3626, 8644, 20073]...: 6478810: ACCEPTED IN 12 TRIES, (AVG 539900.8333333334)
[1, 4, 10, 23, 57, 132, 301, 701, 1636, 3626, 8644, 20074]...: 8642982: ACCEPTED IN 16 TRIES, (AVG 540186.375)
[1, 4, 10, 23, 57, 132, 301, 701, 1636, 3626, 8644, 20075]...: 7558099: ACCEPTED IN 14 TRIES, (AVG 539864.2142857143)
[1, 4, 10, 23, 57, 132, 301, 701, 1636, 3626, 8644, 20076]...: 11349813: ACCEPTED IN 21 TRIES, (AVG 540467.2857142857)
[1, 4, 10, 23, 57, 132, 301, 701, 1636, 3626, 8644, 20077]...: 13514257: ACCEPTED IN 25 TRIES, (AVG 540570.28)
[1, 4, 10, 23, 57, 132, 301, 701, 1636, 3626, 8644, 20078]...: 7017409: ACCEPTED IN 13 TRIES, (AVG 539800.6923076923)
[1, 4, 10, 23, 57, 132, 301, 701, 1636, 3626, 8644, 20079]...: 7018355: ACCEPTED IN 13 TRIES, (AVG 539873.4615384615)
[1, 4, 10, 23, 57, 132, 301, 701, 1636, 3626, 8644, 20081]...: 9182586: ACCEPTED IN 17 TRIES, (AVG 540152.1176470588)
[1, 4, 10, 23, 57, 132, 301, 701, 1636, 3626, 8644, 20101]...: 11348815: ACCEPTED IN 21 TRIES, (AVG 540419.7619047619)
[1, 4, 10, 23, 57, 132, 301, 701, 1636, 3626, 8644, 20103]...: 7561125: ACCEPTED IN 14 TRIES, (AVG 540080.3571428572)
[1, 4, 10, 23, 57, 132, 301, 701, 1636, 3626, 8644, 20104]...: 5937624: ACCEPTED IN 11 TRIES, (AVG 539784.0)
[1, 4, 10, 23, 57, 132, 301, 701, 1636, 3626, 8644, 20105]...: 8643492: ACCEPTED IN 16 TRIES, (AVG 540218.25)
[1, 4, 10, 23, 57, 132, 301, 701, 1636, 3626, 8644, 20106]...: 10267665: ACCEPTED IN 19 TRIES, (AVG 540403.4210526316)
[1, 4, 10, 23, 57, 132, 301, 701, 1636, 3626, 8644, 20107]...: 10267122: ACCEPTED IN 19 TRIES, (AVG 540374.8421052631)
[1, 4, 10, 23, 57, 132, 301, 701, 1636, 3626, 8644, 20108]...: 15136944: ACCEPTED IN 28 TRIES, (AVG 540605.1428571428)
[1, 4, 10, 23, 57, 132, 301, 701, 1636, 3626, 8644, 20109]...: 12970512: ACCEPTED IN 24 TRIES, (AVG 540438.0)
[1, 4, 10, 23, 57, 132, 301, 701, 1636, 3626, 8644, 20110]...: 11348791: ACCEPTED IN 21 TRIES, (AVG 540418.619047619)
[1, 4, 10, 23, 57, 132, 301, 701, 1636, 3626, 8644, 20111]...: 10266974: ACCEPTED IN 19 TRIES, (AVG 540367.052631579)
[1, 4, 10, 23, 57, 132, 301, 701, 1636, 3626, 8644, 20112]...: 10267231: ACCEPTED IN 19 TRIES, (AVG 540380.5789473684)
[1, 4, 10, 23, 57, 132, 301, 701, 1636, 3626, 8644, 20113]...: 14055443: ACCEPTED IN 26 TRIES, (AVG 540593.9615384615)
[1, 4, 10, 23, 57, 132, 301, 701, 1636, 3626, 8644, 20136]...: 11349612: ACCEPTED IN 21 TRIES, (AVG 540457.7142857143)
[1, 4, 10, 23, 57, 132, 301, 701, 1636, 3626, 8644, 20137]...: 9725360: ACCEPTED IN 18 TRIES, (AVG 540297.7777777778)
[1, 4, 10, 23, 57, 132, 301, 701, 1636, 3626, 8644, 20138]...: 10266243: ACCEPTED IN 19 TRIES, (AVG 540328.5789473684)
[1, 4, 10, 23, 57, 132, 301, 701, 1636, 3626, 8644, 20139]...: 11349817: ACCEPTED IN 21 TRIES, (AVG 540467.4761904762)
[1, 4, 10, 23, 57, 132, 301, 701, 1636, 3626, 8644, 20140]...: 10808144: ACCEPTED IN 20 TRIES, (AVG 540407.2)
[1, 4, 10, 23, 57, 132, 301, 701, 1636, 3626, 8644, 20141]...: 8642611: ACCEPTED IN 16 TRIES, (AVG 540163.1875)
[1, 4, 10, 23, 57, 132, 301, 701, 1636, 3626, 8644, 20142]...: 7020670: ACCEPTED IN 13 TRIES, (AVG 540051.5384615385)
[1, 4, 10, 23, 57, 132, 301, 701, 1636, 3626, 8644, 20143]...: 8643625: ACCEPTED IN 16 TRIES, (AVG 540226.5625)
[1, 4, 10, 23, 57, 132, 301, 701, 1636, 3626, 8644, 20144]...: 7561767: ACCEPTED IN 14 TRIES, (AVG 540126.2142857143)
[1, 4, 10, 23, 57, 132, 301, 701, 1636, 3626, 8644, 20145]...: 5937540: ACCEPTED IN 11 TRIES, (AVG 539776.3636363636)
[1, 4, 10, 23, 57, 132, 301, 701, 1636, 3626, 8644, 20146]...: 8102889: ACCEPTED IN 15 TRIES, (AVG 540192.6)
[1, 4, 10, 23, 57, 132, 301, 701, 1636, 3626, 8644, 20170]...: 9725985: ACCEPTED IN 18 TRIES, (AVG 540332.5)
[1, 4, 10, 23, 57, 132, 301, 701, 1636, 3626, 8644, 20171]...: 7019153: ACCEPTED IN 13 TRIES, (AVG 539934.8461538461)
[1, 4, 10, 23, 57, 132, 301, 701, 1636, 3626, 8644, 20173]...: 8642421: ACCEPTED IN 16 TRIES, (AVG 540151.3125)
[1, 4, 10, 23, 57, 132, 301, 701, 1636, 3626, 8644, 20174]...: 10808136: ACCEPTED IN 20 TRIES, (AVG 540406.8)
[1, 4, 10, 23, 57, 132, 301, 701, 1636, 3626, 8644, 20175]...: 12973457: ACCEPTED IN 24 TRIES, (AVG 540560.7083333334)
[1, 4, 10, 23, 57, 132, 301, 701, 1636, 3626, 8644, 20176]...: 10266680: ACCEPTED IN 19 TRIES, (AVG 540351.5789473684)
[1, 4, 10, 23, 57, 132, 301, 701, 1636, 3626, 8644, 20177]...: 7560673: ACCEPTED IN 14 TRIES, (AVG 540048.0714285715)
[1, 4, 10, 23, 57, 132, 301, 701, 1636, 3626, 8644, 20178]...: 9184593: ACCEPTED IN 17 TRIES, (AVG 540270.1764705882)
[1, 4, 10, 23, 57, 132, 301, 701, 1636, 3626, 8644, 20180]...: 10266430: ACCEPTED IN 19 TRIES, (AVG 540338.4210526316)
[1, 4, 10, 23, 57, 132, 301, 701, 1636, 3626, 8644, 20202]...: 7019683: ACCEPTED IN 13 TRIES, (AVG 539975.6153846154)
[1, 4, 10, 23, 57, 132, 301, 701, 1636, 3626, 8644, 20203]...: 10266568: ACCEPTED IN 19 TRIES, (AVG 540345.6842105263)
[1, 4, 10, 23, 57, 132, 301, 701, 1636, 3626, 8644, 20204]...: 8642340: ACCEPTED IN 16 TRIES, (AVG 540146.25)
[1, 4, 10, 23, 57, 132, 301, 701, 1636, 3626, 8644, 20205]...: 7020807: ACCEPTED IN 13 TRIES, (AVG 540062.0769230769)
[1, 4, 10, 23, 57, 132, 301, 701, 1636, 3626, 8644, 20206]...: 10806566: ACCEPTED IN 20 TRIES, (AVG 540328.3)
[1, 4, 10, 23, 57, 132, 301, 701, 1636, 3626, 8644, 20207]...: 7020983: ACCEPTED IN 13 TRIES, (AVG 540075.6153846154)
[1, 4, 10, 23, 57, 132, 301, 701, 1636, 3626, 8644, 20208]...: 10266075: ACCEPTED IN 19 TRIES, (AVG 540319.7368421053)
[1, 4, 10, 23, 57, 132, 301, 701, 1636, 3626, 8644, 20209]...: 7560820: ACCEPTED IN 14 TRIES, (AVG 540058.5714285715)
[1, 4, 10, 23, 57, 132, 301, 701, 1636, 3626, 8644, 20210]...: 11349213: ACCEPTED IN 21 TRIES, (AVG 540438.7142857143)
[1, 4, 10, 23, 57, 132, 301, 701, 1636, 3626, 8644, 20211]...: 7560418: ACCEPTED IN 14 TRIES, (AVG 540029.8571428572)
[1, 4, 10, 23, 57, 132, 301, 701, 1636, 3626, 8644, 20212]...: 10808512: ACCEPTED IN 20 TRIES, (AVG 540425.6)
[1, 4, 10, 23, 57, 132, 301, 701, 1636, 3626, 8644, 20213]...: 12431045: ACCEPTED IN 23 TRIES, (AVG 540480.2173913043)
[1, 4, 10, 23, 57, 132, 301, 701, 1636, 3626, 8644, 20235]...: 9724686: ACCEPTED IN 18 TRIES, (AVG 540260.3333333334)
[1, 4, 10, 23, 57, 132, 301, 701, 1636, 3626, 8644, 20238]...: 7561260: ACCEPTED IN 14 TRIES, (AVG 540090.0)
[1, 4, 10, 23, 57, 132, 301, 701, 1636, 3626, 8644, 20239]...: 8643762: ACCEPTED IN 16 TRIES, (AVG 540235.125)
[1, 4, 10, 23, 57, 132, 301, 701, 1636, 3626, 8644, 20240]...: 16218550: ACCEPTED IN 30 TRIES, (AVG 540618.3333333334)
[1, 4, 10, 23, 57, 132, 301, 701, 1636, 3626, 8644, 20241]...: 7020823: ACCEPTED IN 13 TRIES, (AVG 540063.3076923077)
[1, 4, 10, 23, 57, 132, 301, 701, 1636, 3626, 8644, 20242]...: 7020208: ACCEPTED IN 13 TRIES, (AVG 540016.0)
[1, 4, 10, 23, 57, 132, 301, 701, 1636, 3626, 8644, 20243]...: 9184932: ACCEPTED IN 17 TRIES, (AVG 540290.1176470588)
[1, 4, 10, 23, 57, 132, 301, 701, 1636, 3626, 8644, 20244]...: 10806586: ACCEPTED IN 20 TRIES, (AVG 540329.3)
[1, 4, 10, 23, 57, 132, 301, 701, 1636, 3626, 8644, 20245]...: 6478123: ACCEPTED IN 12 TRIES, (AVG 539843.5833333334)
[1, 4, 10, 23, 57, 132, 301, 701, 1636, 3626, 8644, 20248]...: 7560785: ACCEPTED IN 14 TRIES, (AVG 540056.0714285715)
[1, 4, 10, 23, 57, 132, 301, 701, 1636, 3626, 8644, 20270]...: 5938480: ACCEPTED IN 11 TRIES, (AVG 539861.8181818182)
[1, 4, 10, 23, 57, 132, 301, 701, 1636, 3626, 8644, 20272]...: 9724922: ACCEPTED IN 18 TRIES, (AVG 540273.4444444445)
[1, 4, 10, 23, 57, 132, 301, 701, 1636, 3626, 8644, 20273]...: 11350073: ACCEPTED IN 21 TRIES, (AVG 540479.6666666666)
[1, 4, 10, 23, 57, 132, 301, 701, 1636, 3626, 8644, 20274]...: 6477826: ACCEPTED IN 12 TRIES, (AVG 539818.8333333334)
[1, 4, 10, 23, 57, 132, 301, 701, 1636, 3626, 8644, 20275]...: 15134831: ACCEPTED IN 28 TRIES, (AVG 540529.6785714285)
[1, 4, 10, 23, 57, 132, 301, 701, 1636, 3626, 8644, 20276]...: 10267292: ACCEPTED IN 19 TRIES, (AVG 540383.7894736842)
[1, 4, 10, 23, 57, 132, 301, 701, 1636, 3626, 8644, 20277]...: 6479341: ACCEPTED IN 12 TRIES, (AVG 539945.0833333334)
[1, 4, 10, 23, 57, 132, 301, 701, 1636, 3626, 8644, 20278]...: 8640782: ACCEPTED IN 16 TRIES, (AVG 540048.875)
[1, 4, 10, 23, 57, 132, 301, 701, 1636, 3626, 8644, 20279]...: 8642669: ACCEPTED IN 16 TRIES, (AVG 540166.8125)
[1, 4, 10, 23, 57, 132, 301, 701, 1636, 3626, 8644, 20302]...: 10807880: ACCEPTED IN 20 TRIES, (AVG 540394.0)
[1, 4, 10, 23, 57, 132, 301, 701, 1636, 3626, 8644, 20303]...: 6478898: ACCEPTED IN 12 TRIES, (AVG 539908.1666666666)
[1, 4, 10, 23, 57, 132, 301, 701, 1636, 3626, 8644, 20305]...: 5397523: ACCEPTED IN 10 TRIES, (AVG 539752.3)
[1, 4, 10, 23, 57, 132, 301, 701, 1636, 3626, 8644, 20306]...: 8641660: ACCEPTED IN 16 TRIES, (AVG 540103.75)
[1, 4, 10, 23, 57, 132, 301, 701, 1636, 3626, 8644, 20307]...: 10808825: ACCEPTED IN 20 TRIES, (AVG 540441.25)
[1, 4, 10, 23, 57, 132, 301, 701, 1636, 3626, 8644, 20308]...: 9725907: ACCEPTED IN 18 TRIES, (AVG 540328.1666666666)
[1, 4, 10, 23, 57, 132, 301, 701, 1636, 3626, 8644, 20309]...: 6479064: ACCEPTED IN 12 TRIES, (AVG 539922.0)
[1, 4, 10, 23, 57, 132, 301, 701, 1636, 3626, 8644, 20310]...: 6479127: ACCEPTED IN 12 TRIES, (AVG 539927.25)
[1, 4, 10, 23, 57, 132, 301, 701, 1636, 3626, 8644, 20311]...: 9185234: ACCEPTED IN 17 TRIES, (AVG 540307.8823529412)
[1, 4, 10, 23, 57, 132, 301, 701, 1636, 3626, 8644, 20312]...: 11349080: ACCEPTED IN 21 TRIES, (AVG 540432.380952381)
[1, 4, 10, 23, 57, 132, 301, 701, 1636, 3626, 8644, 20315]...: 7560506: ACCEPTED IN 14 TRIES, (AVG 540036.1428571428)
[1, 4, 10, 23, 57, 132, 301, 701, 1636, 3626, 8644, 20334]...: 7561393: ACCEPTED IN 14 TRIES, (AVG 540099.5)
[1, 4, 10, 23, 57, 132, 301, 701, 1636, 3626, 8644, 20337]...: 7561681: ACCEPTED IN 14 TRIES, (AVG 540120.0714285715)
[1, 4, 10, 23, 57, 132, 301, 701, 1636, 3626, 8644, 20338]...: 8640054: ACCEPTED IN 16 TRIES, (AVG 540003.375)
[1, 4, 10, 23, 57, 132, 301, 701, 1636, 3626, 8644, 20339]...: 9725295: ACCEPTED IN 18 TRIES, (AVG 540294.1666666666)
[1, 4, 10, 23, 57, 132, 301, 701, 1636, 3626, 8644, 20340]...: 8641770: ACCEPTED IN 16 TRIES, (AVG 540110.625)
[1, 4, 10, 23, 57, 132, 301, 701, 1636, 3626, 8644, 20341]...: 14054620: ACCEPTED IN 26 TRIES, (AVG 540562.3076923077)
[1, 4, 10, 23, 57, 132, 301, 701, 1636, 3626, 8644, 20342]...: 6479555: ACCEPTED IN 12 TRIES, (AVG 539962.9166666666)
[1, 4, 10, 23, 57, 132, 301, 701, 1636, 3626, 8644, 20343]...: 5396356: ACCEPTED IN 10 TRIES, (AVG 539635.6)
[1, 4, 10, 23, 57, 132, 301, 701, 1636, 3626, 8644, 20344]...: 5396667: ACCEPTED IN 10 TRIES, (AVG 539666.7)
[1, 4, 10, 23, 57, 132, 301, 701, 1636, 3626, 8644, 20345]...: 6477729: ACCEPTED IN 12 TRIES, (AVG 539810.75)
[1, 4, 10, 23, 57, 132, 301, 701, 1636, 3626, 8644, 20346]...: 8103063: ACCEPTED IN 15 TRIES, (AVG 540204.2)
[1, 4, 10, 23, 57, 132, 301, 701, 1636, 3626, 8644, 20347]...: 8644192: ACCEPTED IN 16 TRIES, (AVG 540262.0)
[1, 4, 10, 23, 57, 132, 301, 701, 1636, 3626, 8644, 20370]...: 9185368: ACCEPTED IN 17 TRIES, (AVG 540315.7647058824)
[1, 4, 10, 23, 57, 132, 301, 701, 1636, 3626, 8644, 20371]...: 8103158: ACCEPTED IN 15 TRIES, (AVG 540210.5333333333)
[1, 4, 10, 23, 57, 132, 301, 701, 1636, 3626, 8644, 20372]...: 10267375: ACCEPTED IN 19 TRIES, (AVG 540388.1578947369)
[1, 4, 10, 23, 57, 132, 301, 701, 1636, 3626, 8644, 20373]...: 10266450: ACCEPTED IN 19 TRIES, (AVG 540339.4736842106)
[1, 4, 10, 23, 57, 132, 301, 701, 1636, 3626, 8644, 20374]...: 7019371: ACCEPTED IN 13 TRIES, (AVG 539951.6153846154)
[1, 4, 10, 23, 57, 132, 301, 701, 1636, 3626, 8644, 20375]...: 7560752: ACCEPTED IN 14 TRIES, (AVG 540053.7142857143)
[1, 4, 10, 23, 57, 132, 301, 701, 1636, 3626, 8644, 20376]...: 5396796: ACCEPTED IN 10 TRIES, (AVG 539679.6)
[1, 4, 10, 23, 57, 132, 301, 701, 1636, 3626, 8644, 20377]...: 7560957: ACCEPTED IN 14 TRIES, (AVG 540068.3571428572)
[1, 4, 10, 23, 57, 132, 301, 701, 1636, 3626, 8644, 20378]...: 7560735: ACCEPTED IN 14 TRIES, (AVG 540052.5)
[1, 4, 10, 23, 57, 132, 301, 701, 1636, 3626, 8644, 20379]...: 10808308: ACCEPTED IN 20 TRIES, (AVG 540415.4)
[1, 4, 10, 23, 57, 132, 301, 701, 1636, 3626, 8644, 20380]...: 5397117: ACCEPTED IN 10 TRIES, (AVG 539711.7)
[1, 4, 10, 23, 57, 132, 301, 701, 1636, 3626, 8644, 20402]...: 8641947: ACCEPTED IN 16 TRIES, (AVG 540121.6875)
[1, 4, 10, 23, 57, 132, 301, 701, 1636, 3626, 8644, 20404]...: 14052857: ACCEPTED IN 26 TRIES, (AVG 540494.5)
[1, 4, 10, 23, 57, 132, 301, 701, 1636, 3626, 8644, 20405]...: 7561216: ACCEPTED IN 14 TRIES, (AVG 540086.8571428572)
[1, 4, 10, 23, 57, 132, 301, 701, 1636, 3626, 8644, 20406]...: 9726188: ACCEPTED IN 18 TRIES, (AVG 540343.7777777778)
[1, 4, 10, 23, 57, 132, 301, 701, 1636, 3626, 8644, 20407]...: 8642233: ACCEPTED IN 16 TRIES, (AVG 540139.5625)
[1, 4, 10, 23, 57, 132, 301, 701, 1636, 3626, 8644, 20408]...: 8643980: ACCEPTED IN 16 TRIES, (AVG 540248.75)
[1, 4, 10, 23, 57, 132, 301, 701, 1636, 3626, 8644, 20409]...: 8642664: ACCEPTED IN 16 TRIES, (AVG 540166.5)
[1, 4, 10, 23, 57, 132, 301, 701, 1636, 3626, 8644, 20410]...: 10808015: ACCEPTED IN 20 TRIES, (AVG 540400.75)
[1, 4, 10, 23, 57, 132, 301, 701, 1636, 3626, 8644, 20411]...: 7560660: ACCEPTED IN 14 TRIES, (AVG 540047.1428571428)
[1, 4, 10, 23, 57, 132, 301, 701, 1636, 3626, 8644, 20414]...: 7560073: ACCEPTED IN 14 TRIES, (AVG 540005.2142857143)
[1, 4, 10, 23, 57, 132, 301, 701, 1636, 3626, 8644, 20437]...: 7019439: ACCEPTED IN 13 TRIES, (AVG 539956.8461538461)
[1, 4, 10, 23, 57, 132, 301, 701, 1636, 3626, 8644, 20438]...: 8641511: ACCEPTED IN 16 TRIES, (AVG 540094.4375)
[1, 4, 10, 23, 57, 132, 301, 701, 1636, 3626, 8644, 20439]...: 4856321: ACCEPTED IN 9 TRIES, (AVG 539591.2222222222)
[1, 4, 10, 23, 57, 132, 301, 701, 1636, 3626, 8644, 20440]...: 9185282: ACCEPTED IN 17 TRIES, (AVG 540310.7058823529)
[1, 4, 10, 23, 57, 132, 301, 701, 1636, 3626, 8644, 20441]...: 8101110: ACCEPTED IN 15 TRIES, (AVG 540074.0)
[1, 4, 10, 23, 57, 132, 301, 701, 1636, 3626, 8644, 20442]...: 7558004: ACCEPTED IN 14 TRIES, (AVG 539857.4285714285)
[1, 4, 10, 23, 57, 132, 301, 701, 1636, 3626, 8644, 20443]...: 7559463: ACCEPTED IN 14 TRIES, (AVG 539961.6428571428)
[1, 4, 10, 23, 57, 132, 301, 701, 1636, 3626, 8644, 20444]...: 7561265: ACCEPTED IN 14 TRIES, (AVG 540090.3571428572)
[1, 4, 10, 23, 57, 132, 301, 701, 1636, 3626, 8644, 20445]...: 7562075: ACCEPTED IN 14 TRIES, (AVG 540148.2142857143)
[1, 4, 10, 23, 57, 132, 301, 701, 1636, 3626, 8644, 20446]...: 8643025: ACCEPTED IN 16 TRIES, (AVG 540189.0625)
[1, 4, 10, 23, 57, 132, 301, 701, 1636, 3626, 8644, 20447]...: 10807223: ACCEPTED IN 20 TRIES, (AVG 540361.15)
[1, 4, 10, 23, 57, 132, 301, 701, 1636, 3626, 8644, 20469]...: 7561333: ACCEPTED IN 14 TRIES, (AVG 540095.2142857143)
[1, 4, 10, 23, 57, 132, 301, 701, 1636, 3626, 8644, 20471]...: 8643596: ACCEPTED IN 16 TRIES, (AVG 540224.75)
[1, 4, 10, 23, 57, 132, 301, 701, 1636, 3626, 8644, 20472]...: 9725391: ACCEPTED IN 18 TRIES, (AVG 540299.5)
[1, 4, 10, 23, 57, 132, 301, 701, 1636, 3626, 8644, 20474]...: 10267059: ACCEPTED IN 19 TRIES, (AVG 540371.5263157894)
[1, 4, 10, 23, 57, 132, 301, 701, 1636, 3626, 8644, 20475]...: 7020822: ACCEPTED IN 13 TRIES, (AVG 540063.2307692308)
[1, 4, 10, 23, 57, 132, 301, 701, 1636, 3626, 8644, 20476]...: 9724518: ACCEPTED IN 18 TRIES, (AVG 540251.0)
[1, 4, 10, 23, 57, 132, 301, 701, 1636, 3626, 8644, 20477]...: 10808490: ACCEPTED IN 20 TRIES, (AVG 540424.5)
[1, 4, 10, 23, 57, 132, 301, 701, 1636, 3626, 8644, 20478]...: 10266428: ACCEPTED IN 19 TRIES, (AVG 540338.3157894737)
[1, 4, 10, 23, 57, 132, 301, 701, 1636, 3626, 8644, 20479]...: 9726336: ACCEPTED IN 18 TRIES, (AVG 540352.0)
[1, 4, 10, 23, 57, 132, 301, 701, 1636, 3626, 8644, 20481]...: 15134288: ACCEPTED IN 28 TRIES, (AVG 540510.2857142857)
[1, 4, 10, 23, 57, 132, 301, 701, 1636, 3626, 8644, 20503]...: 8643002: ACCEPTED IN 16 TRIES, (AVG 540187.625)
[1, 4, 10, 23, 57, 132, 301, 701, 1636, 3626, 8644, 20504]...: 9184617: ACCEPTED IN 17 TRIES, (AVG 540271.5882352941)
[1, 4, 10, 23, 57, 132, 301, 701, 1636, 3626, 8644, 20505]...: 12972450: ACCEPTED IN 24 TRIES, (AVG 540518.75)
[1, 4, 10, 23, 57, 132, 301, 701, 1636, 3626, 8644, 20506]...: 8643150: ACCEPTED IN 16 TRIES, (AVG 540196.875)
[1, 4, 10, 23, 57, 132, 301, 701, 1636, 3626, 8644, 20507]...: 5937305: ACCEPTED IN 11 TRIES, (AVG 539755.0)
[1, 4, 10, 23, 57, 132, 301, 701, 1636, 3626, 8644, 20508]...: 5397506: ACCEPTED IN 10 TRIES, (AVG 539750.6)
[1, 4, 10, 23, 57, 132, 301, 701, 1636, 3626, 8644, 20509]...: 7020675: ACCEPTED IN 13 TRIES, (AVG 540051.9230769231)
[1, 4, 10, 23, 57, 132, 301, 701, 1636, 3626, 8644, 20510]...: 6478024: ACCEPTED IN 12 TRIES, (AVG 539835.3333333334)
[1, 4, 10, 23, 57, 132, 301, 701, 1636, 3626, 8644, 20511]...: 6478021: ACCEPTED IN 12 TRIES, (AVG 539835.0833333334)
[1, 4, 10, 23, 57, 132, 301, 701, 1636, 3626, 8644, 20512]...: 11346998: ACCEPTED IN 21 TRIES, (AVG 540333.2380952381)
[1, 4, 10, 23, 57, 132, 301, 701, 1636, 3626, 8644, 20513]...: 8643342: ACCEPTED IN 16 TRIES, (AVG 540208.875)
[1, 4, 10, 23, 57, 132, 301, 701, 1636, 3626, 8644, 20536]...: 9726510: ACCEPTED IN 18 TRIES, (AVG 540361.6666666666)
[1, 4, 10, 23, 57, 132, 301, 701, 1636, 3626, 8644, 20537]...: 11349799: ACCEPTED IN 21 TRIES, (AVG 540466.619047619)
[1, 4, 10, 23, 57, 132, 301, 701, 1636, 3626, 8644, 20538]...: 7560895: ACCEPTED IN 14 TRIES, (AVG 540063.9285714285)
[1, 4, 10, 23, 57, 132, 301, 701, 1636, 3626, 8644, 20539]...: 10266528: ACCEPTED IN 19 TRIES, (AVG 540343.5789473684)
[1, 4, 10, 23, 57, 132, 301, 701, 1636, 3626, 8644, 20540]...: 7019646: ACCEPTED IN 13 TRIES, (AVG 539972.7692307692)
[1, 4, 10, 23, 57, 132, 301, 701, 1636, 3626, 8644, 20541]...: 8642085: ACCEPTED IN 16 TRIES, (AVG 540130.3125)
[1, 4, 10, 23, 57, 132, 301, 701, 1636, 3626, 8644, 20542]...: 8644086: ACCEPTED IN 16 TRIES, (AVG 540255.375)
[1, 4, 10, 23, 57, 132, 301, 701, 1636, 3626, 8644, 20543]...: 7018204: ACCEPTED IN 13 TRIES, (AVG 539861.8461538461)
[1, 4, 10, 23, 57, 132, 301, 701, 1636, 3626, 8644, 20544]...: 8102496: ACCEPTED IN 15 TRIES, (AVG 540166.4)
[1, 4, 10, 23, 57, 132, 301, 701, 1636, 3626, 8644, 20545]...: 7560695: ACCEPTED IN 14 TRIES, (AVG 540049.6428571428)
[1, 4, 10, 23, 57, 132, 301, 701, 1636, 3626, 8644, 20546]...: 7561923: ACCEPTED IN 14 TRIES, (AVG 540137.3571428572)
[1, 4, 10, 23, 57, 132, 301, 701, 1636, 3626, 8644, 20549]...: 9184529: ACCEPTED IN 17 TRIES, (AVG 540266.4117647059)
[1, 4, 10, 23, 57, 132, 301, 701, 1636, 3626, 8644, 20571]...: 7561454: ACCEPTED IN 14 TRIES, (AVG 540103.8571428572)
[1, 4, 10, 23, 57, 132, 301, 701, 1636, 3626, 8644, 20573]...: 8642986: ACCEPTED IN 16 TRIES, (AVG 540186.625)
[1, 4, 10, 23, 57, 132, 301, 701, 1636, 3626, 8644, 20574]...: 6478557: ACCEPTED IN 12 TRIES, (AVG 539879.75)
[1, 4, 10, 23, 57, 132, 301, 701, 1636, 3626, 8644, 20575]...: 7561227: ACCEPTED IN 14 TRIES, (AVG 540087.6428571428)
[1, 4, 10, 23, 57, 132, 301, 701, 1636, 3626, 8644, 20576]...: 7560940: ACCEPTED IN 14 TRIES, (AVG 540067.1428571428)
[1, 4, 10, 23, 57, 132, 301, 701, 1636, 3626, 8644, 20577]...: 7020781: ACCEPTED IN 13 TRIES, (AVG 540060.0769230769)
[1, 4, 10, 23, 57, 132, 301, 701, 1636, 3626, 8644, 20578]...: 4315309: ACCEPTED IN 8 TRIES, (AVG 539413.625)
[1, 4, 10, 23, 57, 132, 301, 701, 1636, 3626, 8644, 20579]...: 8103258: ACCEPTED IN 15 TRIES, (AVG 540217.2)
[1, 4, 10, 23, 57, 132, 301, 701, 1636, 3626, 8644, 20580]...: 10267150: ACCEPTED IN 19 TRIES, (AVG 540376.3157894737)
[1, 4, 10, 23, 57, 132, 301, 701, 1636, 3626, 8644, 20603]...: 9726366: ACCEPTED IN 18 TRIES, (AVG 540353.6666666666)
[1, 4, 10, 23, 57, 132, 301, 701, 1636, 3626, 8644, 20604]...: 7561797: ACCEPTED IN 14 TRIES, (AVG 540128.3571428572)
[1, 4, 10, 23, 57, 132, 301, 701, 1636, 3626, 8644, 20606]...: 7560140: ACCEPTED IN 14 TRIES, (AVG 540010.0)
[1, 4, 10, 23, 57, 132, 301, 701, 1636, 3626, 8644, 20607]...: 10267255: ACCEPTED IN 19 TRIES, (AVG 540381.8421052631)
[1, 4, 10, 23, 57, 132, 301, 701, 1636, 3626, 8644, 20608]...: 3772952: ACCEPTED IN 7 TRIES, (AVG 538993.1428571428)
[1, 4, 10, 23, 57, 132, 301, 701, 1636, 3626, 8644, 20609]...: 6479789: ACCEPTED IN 12 TRIES, (AVG 539982.4166666666)
[1, 4, 10, 23, 57, 132, 301, 701, 1636, 3626, 8644, 20610]...: 10267507: ACCEPTED IN 19 TRIES, (AVG 540395.1052631579)
[1, 4, 10, 23, 57, 132, 301, 701, 1636, 3626, 8644, 20611]...: 7020471: ACCEPTED IN 13 TRIES, (AVG 540036.2307692308)
[1, 4, 10, 23, 57, 132, 301, 701, 1636, 3626, 8644, 20612]...: 7019545: ACCEPTED IN 13 TRIES, (AVG 539965.0)
[1, 4, 10, 23, 57, 132, 301, 701, 1636, 3626, 8644, 20613]...: 10266004: ACCEPTED IN 19 TRIES, (AVG 540316.0)
[1, 4, 10, 23, 57, 132, 301, 701, 1636, 3626, 8644, 20635]...: 8642627: ACCEPTED IN 16 TRIES, (AVG 540164.1875)
[1, 4, 10, 23, 57, 132, 301, 701, 1636, 3626, 8644, 20638]...: 8643704: ACCEPTED IN 16 TRIES, (AVG 540231.5)
[1, 4, 10, 23, 57, 132, 301, 701, 1636, 3626, 8644, 20639]...: 7558695: ACCEPTED IN 14 TRIES, (AVG 539906.7857142857)
[1, 4, 10, 23, 57, 132, 301, 701, 1636, 3626, 8644, 20640]...: 10265958: ACCEPTED IN 19 TRIES, (AVG 540313.5789473684)
[1, 4, 10, 23, 57, 132, 301, 701, 1636, 3626, 8644, 20641]...: 9726375: ACCEPTED IN 18 TRIES, (AVG 540354.1666666666)
[1, 4, 10, 23, 57, 132, 301, 701, 1636, 3626, 8644, 20642]...: 6479505: ACCEPTED IN 12 TRIES, (AVG 539958.75)
[1, 4, 10, 23, 57, 132, 301, 701, 1636, 3626, 8644, 20643]...: 5937239: ACCEPTED IN 11 TRIES, (AVG 539749.0)
[1, 4, 10, 23, 57, 132, 301, 701, 1636, 3626, 8644, 20644]...: 17302183: ACCEPTED IN 32 TRIES, (AVG 540693.21875)
[1, 4, 10, 23, 57, 132, 301, 701, 1636, 3626, 8644, 20645]...: 6479034: ACCEPTED IN 12 TRIES, (AVG 539919.5)
[1, 4, 10, 23, 57, 132, 301, 701, 1636, 3626, 8644, 20648]...: 10808766: ACCEPTED IN 20 TRIES, (AVG 540438.3)
[1, 4, 10, 23, 57, 132, 301, 701, 1636, 3626, 8644, 20670]...: 13513447: ACCEPTED IN 25 TRIES, (AVG 540537.88)
[1, 4, 10, 23, 57, 132, 301, 701, 1636, 3626, 8644, 20671]...: 4856334: ACCEPTED IN 9 TRIES, (AVG 539592.6666666666)
[1, 4, 10, 23, 57, 132, 301, 701, 1636, 3626, 8644, 20672]...: 8643656: ACCEPTED IN 16 TRIES, (AVG 540228.5)
[1, 4, 10, 23, 57, 132, 301, 701, 1636, 3626, 8644, 20673]...: 9725291: ACCEPTED IN 18 TRIES, (AVG 540293.9444444445)
[1, 4, 10, 23, 57, 132, 301, 701, 1636, 3626, 8644, 20674]...: 7020461: ACCEPTED IN 13 TRIES, (AVG 540035.4615384615)
[1, 4, 10, 23, 57, 132, 301, 701, 1636, 3626, 8644, 20675]...: 14053803: ACCEPTED IN 26 TRIES, (AVG 540530.8846153846)
[1, 4, 10, 23, 57, 132, 301, 701, 1636, 3626, 8644, 20676]...: 7562056: ACCEPTED IN 14 TRIES, (AVG 540146.8571428572)
[1, 4, 10, 23, 57, 132, 301, 701, 1636, 3626, 8644, 20677]...: 6478662: ACCEPTED IN 12 TRIES, (AVG 539888.5)
[1, 4, 10, 23, 57, 132, 301, 701, 1636, 3626, 8644, 20678]...: 7018073: ACCEPTED IN 13 TRIES, (AVG 539851.7692307692)
[1, 4, 10, 23, 57, 132, 301, 701, 1636, 3626, 8644, 20679]...: 6479270: ACCEPTED IN 12 TRIES, (AVG 539939.1666666666)
[1, 4, 10, 23, 57, 132, 301, 701, 1636, 3626, 8644, 20680]...: 10808475: ACCEPTED IN 20 TRIES, (AVG 540423.75)
[1, 4, 10, 23, 57, 132, 301, 701, 1636, 3626, 8644, 20681]...: 11349638: ACCEPTED IN 21 TRIES, (AVG 540458.9523809524)
[1, 4, 10, 23, 57, 132, 301, 701, 1636, 3626, 8644, 20703]...: 5938595: ACCEPTED IN 11 TRIES, (AVG 539872.2727272727)
[1, 4, 10, 23, 57, 132, 301, 701, 1636, 3626, 8644, 20705]...: 7018867: ACCEPTED IN 13 TRIES, (AVG 539912.8461538461)
[1, 4, 10, 23, 57, 132, 301, 701, 1636, 3626, 8644, 20706]...: 10267758: ACCEPTED IN 19 TRIES, (AVG 540408.3157894737)
[1, 4, 10, 23, 57, 132, 301, 701, 1636, 3626, 8644, 20707]...: 7019474: ACCEPTED IN 13 TRIES, (AVG 539959.5384615385)
[1, 4, 10, 23, 57, 132, 301, 701, 1636, 3626, 8644, 20708]...: 18925131: ACCEPTED IN 35 TRIES, (AVG 540718.0285714286)
[1, 4, 10, 23, 57, 132, 301, 701, 1636, 3626, 8644, 20709]...: 7558258: ACCEPTED IN 14 TRIES, (AVG 539875.5714285715)
[1, 4, 10, 23, 57, 132, 301, 701, 1636, 3626, 8644, 20710]...: 14595181: ACCEPTED IN 27 TRIES, (AVG 540562.2592592592)
[1, 4, 10, 23, 57, 132, 301, 701, 1636, 3626, 8644, 20711]...: 5397489: ACCEPTED IN 10 TRIES, (AVG 539748.9)
[1, 4, 10, 23, 57, 132, 301, 701, 1636, 3626, 8644, 20712]...: 7561419: ACCEPTED IN 14 TRIES, (AVG 540101.3571428572)
[1, 4, 10, 23, 57, 132, 301, 701, 1636, 3626, 8644, 20715]...: 7559725: ACCEPTED IN 14 TRIES, (AVG 539980.3571428572)
[1, 4, 10, 23, 57, 132, 301, 701, 1636, 3626, 8644, 20738]...: 9726255: ACCEPTED IN 18 TRIES, (AVG 540347.5)
[1, 4, 10, 23, 57, 132, 301, 701, 1636, 3626, 8644, 20739]...: 9185480: ACCEPTED IN 17 TRIES, (AVG 540322.3529411765)
[1, 4, 10, 23, 57, 132, 301, 701, 1636, 3626, 8644, 20740]...: 9725213: ACCEPTED IN 18 TRIES, (AVG 540289.6111111111)
[1, 4, 10, 23, 57, 132, 301, 701, 1636, 3626, 8644, 20741]...: 6478928: ACCEPTED IN 12 TRIES, (AVG 539910.6666666666)
[1, 4, 10, 23, 57, 132, 301, 701, 1636, 3626, 8644, 20742]...: 8643191: ACCEPTED IN 16 TRIES, (AVG 540199.4375)
[1, 4, 10, 23, 57, 132, 301, 701, 1636, 3626, 8644, 20743]...: 9724548: ACCEPTED IN 18 TRIES, (AVG 540252.6666666666)
[1, 4, 10, 23, 57, 132, 301, 701, 1636, 3626, 8644, 20744]...: 7560745: ACCEPTED IN 14 TRIES, (AVG 540053.2142857143)
[1, 4, 10, 23, 57, 132, 301, 701, 1636, 3626, 8644, 20745]...: 8644126: ACCEPTED IN 16 TRIES, (AVG 540257.875)
