[1, 4, 10, 23, 57, 132, 301, 701, 1654, 3863, 8655, 19041]...: 11349823: ACCEPTED IN 21 TRIES, (AVG 540467.7619047619)
[1, 4, 10, 23, 57, 132, 301, 701, 1654, 3863, 8655, 19111]...: 14594452: ACCEPTED IN 27 TRIES, (AVG 540535.2592592592)
[1, 4, 10, 23, 57, 132, 301, 701, 1654, 3863, 8655, 19128]...: 5396615: ACCEPTED IN 10 TRIES, (AVG 539661.5)
[1, 4, 10, 23, 57, 132, 301, 701, 1654, 3863, 8655, 19140]...: 36783385: ACCEPTED IN 68 TRIES, (AVG 540932.1323529412)
[1, 4, 10, 23, 57, 132, 301, 701, 1654, 3863, 8655, 19148]...: 23794413: ACCEPTED IN 44 TRIES, (AVG 540782.1136363636)
[1, 4, 10, 23, 57, 132, 301, 701, 1654, 3863, 8655, 19165]...: 10266850: ACCEPTED IN 19 TRIES, (AVG 540360.5263157894)
[1, 4, 10, 23, 57, 132, 301, 701, 1654, 3863, 8655, 19173]...: 17843051: ACCEPTED IN 33 TRIES, (AVG 540698.5151515151)
[1, 4, 10, 23, 57, 132, 301, 701, 1654, 3863, 8655, 19202]...: 7018253: ACCEPTED IN 13 TRIES, (AVG 539865.6153846154)
[1, 4, 10, 23, 57, 132, 301, 701, 1654, 3863, 8655, 19260]...: 21089896: ACCEPTED IN 39 TRIES, (AVG 540766.5641025641)
[1, 4, 10, 23, 57, 132, 301, 701, 1654, 3863, 8655, 19272]...: 25958715: ACCEPTED IN 48 TRIES, (AVG 540806.5625)
[1, 4, 10, 23, 57, 132, 301, 701, 1654, 3863, 8655, 19280]...: 6479131: ACCEPTED IN 12 TRIES, (AVG 539927.5833333334)
[1, 4, 10, 23, 57, 132, 301, 701, 1654, 3863, 8655, 19297]...: 8643249: ACCEPTED IN 16 TRIES, (AVG 540203.0625)
[1, 4, 10, 23, 57, 132, 301, 701, 1654, 3863, 8655, 19317]...: 8102909: ACCEPTED IN 15 TRIES, (AVG 540193.9333333333)
[1, 4, 10, 23, 57, 132, 301, 701, 1654, 3863, 8655, 19334]...: 12972778: ACCEPTED IN 24 TRIES, (AVG 540532.4166666666)
[1, 4, 10, 23, 57, 132, 301, 701, 1654, 3863, 8655, 19392]...: 6478504: ACCEPTED IN 12 TRIES, (AVG 539875.3333333334)
[1, 4, 10, 23, 57, 132, 301, 701, 1654, 3863, 8655, 19412]...: 8643473: ACCEPTED IN 16 TRIES, (AVG 540217.0625)
[1, 4, 10, 23, 57, 132, 301, 701, 1654, 3863, 8655, 19429]...: 6476049: ACCEPTED IN 12 TRIES, (AVG 539670.75)
[1, 4, 10, 23, 57, 132, 301, 701, 1654, 3863, 8655, 19441]...: 14595848: ACCEPTED IN 27 TRIES, (AVG 540586.9629629629)
[1, 4, 10, 23, 57, 132, 301, 701, 1654, 3863, 8655, 19449]...: 8642713: ACCEPTED IN 16 TRIES, (AVG 540169.5625)
[1, 4, 10, 23, 57, 132, 301, 701, 1654, 3863, 8655, 19466]...: 11349465: ACCEPTED IN 21 TRIES, (AVG 540450.7142857143)
[1, 4, 10, 23, 57, 132, 301, 701, 1654, 3863, 8655, 19503]...: 7020070: ACCEPTED IN 13 TRIES, (AVG 540005.3846153846)
[1, 4, 10, 23, 57, 132, 301, 701, 1654, 3863, 8655, 19524]...: 6478913: ACCEPTED IN 12 TRIES, (AVG 539909.4166666666)
[1, 4, 10, 23, 57, 132, 301, 701, 1654, 3863, 8655, 19561]...: 9724759: ACCEPTED IN 18 TRIES, (AVG 540264.3888888889)
[1, 4, 10, 23, 57, 132, 301, 701, 1654, 3863, 8655, 19573]...: 5938654: ACCEPTED IN 11 TRIES, (AVG 539877.6363636364)
[1, 4, 10, 23, 57, 132, 301, 701, 1654, 3863, 8655, 19581]...: 7020742: ACCEPTED IN 13 TRIES, (AVG 540057.0769230769)
[1, 4, 10, 23, 57, 132, 301, 701, 1654, 3863, 8655, 19598]...: 8103154: ACCEPTED IN 15 TRIES, (AVG 540210.2666666667)
[1, 4, 10, 23, 57, 132, 301, 701, 1654, 3863, 8655, 19635]...: 8102759: ACCEPTED IN 15 TRIES, (AVG 540183.9333333333)
[1, 4, 10, 23, 57, 132, 301, 701, 1654, 3863, 8655, 19693]...: 14054250: ACCEPTED IN 26 TRIES, (AVG 540548.0769230769)
[1, 4, 10, 23, 57, 132, 301, 701, 1654, 3863, 8655, 19713]...: 11348994: ACCEPTED IN 21 TRIES, (AVG 540428.2857142857)
[1, 4, 10, 23, 57, 132, 301, 701, 1654, 3863, 8655, 19730]...: 4313448: ACCEPTED IN 8 TRIES, (AVG 539181.0)
[1, 4, 10, 23, 57, 132, 301, 701, 1654, 3863, 8655, 19742]...: 4856350: ACCEPTED IN 9 TRIES, (AVG 539594.4444444445)
[1, 4, 10, 23, 57, 132, 301, 701, 1654, 3863, 8655, 19767]...: 8102621: ACCEPTED IN 15 TRIES, (AVG 540174.7333333333)
[1, 4, 10, 23, 57, 132, 301, 701, 1654, 3863, 8655, 19804]...: 6479339: ACCEPTED IN 12 TRIES, (AVG 539944.9166666666)
[1, 4, 10, 23, 57, 132, 301, 701, 1654, 3863, 8655, 19825]...: 4856352: ACCEPTED IN 9 TRIES, (AVG 539594.6666666666)
[1, 4, 10, 23, 57, 132, 301, 701, 1654, 3863, 8655, 19841]...: 5937156: ACCEPTED IN 11 TRIES, (AVG 539741.4545454546)
[1, 4, 10, 23, 57, 132, 301, 701, 1654, 3863, 8655, 19862]...: 7020336: ACCEPTED IN 13 TRIES, (AVG 540025.8461538461)
[1, 4, 10, 23, 57, 132, 301, 701, 1654, 3863, 8655, 19874]...: 7020266: ACCEPTED IN 13 TRIES, (AVG 540020.4615384615)
[1, 4, 10, 23, 57, 132, 301, 701, 1654, 3863, 8655, 19899]...: 5937635: ACCEPTED IN 11 TRIES, (AVG 539785.0)
[1, 4, 10, 23, 57, 132, 301, 701, 1654, 3863, 8655, 19936]...: 8102563: ACCEPTED IN 15 TRIES, (AVG 540170.8666666667)
[1, 4, 10, 23, 57, 132, 301, 701, 1654, 3863, 8655, 19973]...: 8642462: ACCEPTED IN 16 TRIES, (AVG 540153.875)
[1, 4, 10, 23, 57, 132, 301, 701, 1654, 3863, 8655, 19994]...: 5936718: ACCEPTED IN 11 TRIES, (AVG 539701.6363636364)
[1, 4, 10, 23, 57, 132, 301, 701, 1654, 3863, 8655, 20031]...: 4853931: ACCEPTED IN 9 TRIES, (AVG 539325.6666666666)
[1, 4, 10, 23, 57, 132, 301, 701, 1654, 3863, 8655, 20068]...: 2149997: ACCEPTED IN 4 TRIES, (AVG 537499.25)
[1, 4, 10, 23, 57, 132, 301, 701, 1654, 3863, 8655, 20093]...: 3773652: ACCEPTED IN 7 TRIES, (AVG 539093.1428571428)
[1, 4, 10, 23, 57, 132, 301, 701, 1654, 3863, 8655, 20105]...: 5938076: ACCEPTED IN 11 TRIES, (AVG 539825.0909090909)
[1, 4, 10, 23, 57, 132, 301, 701, 1654, 3863, 8655, 20126]...: 7019045: ACCEPTED IN 13 TRIES, (AVG 539926.5384615385)
[1, 4, 10, 23, 57, 132, 301, 701, 1654, 3863, 8655, 20142]...: 3771893: ACCEPTED IN 7 TRIES, (AVG 538841.8571428572)
[1, 4, 10, 23, 57, 132, 301, 701, 1654, 3863, 8655, 20163]...: 9184865: ACCEPTED IN 17 TRIES, (AVG 540286.1764705882)
[1, 4, 10, 23, 57, 132, 301, 701, 1654, 3863, 8655, 20200]...: 9185268: ACCEPTED IN 17 TRIES, (AVG 540309.8823529412)
[1, 4, 10, 23, 57, 132, 301, 701, 1654, 3863, 8655, 20225]...: 3772635: ACCEPTED IN 7 TRIES, (AVG 538947.8571428572)
[1, 4, 10, 23, 57, 132, 301, 701, 1654, 3863, 8655, 20237]...: 9725935: ACCEPTED IN 18 TRIES, (AVG 540329.7222222222)
[1, 4, 10, 23, 57, 132, 301, 701, 1654, 3863, 8655, 20254]...: 6477375: ACCEPTED IN 12 TRIES, (AVG 539781.25)
[1, 4, 10, 23, 57, 132, 301, 701, 1654, 3863, 8655, 20274]...: 3773152: ACCEPTED IN 7 TRIES, (AVG 539021.7142857143)
[1, 4, 10, 23, 57, 132, 301, 701, 1654, 3863, 8655, 20332]...: 4855123: ACCEPTED IN 9 TRIES, (AVG 539458.1111111111)
[1, 4, 10, 23, 57, 132, 301, 701, 1654, 3863, 8655, 20369]...: 9185359: ACCEPTED IN 17 TRIES, (AVG 540315.2352941176)
[1, 4, 10, 23, 57, 132, 301, 701, 1654, 3863, 8655, 20386]...: 12430347: ACCEPTED IN 23 TRIES, (AVG 540449.8695652174)
[1, 4, 10, 23, 57, 132, 301, 701, 1654, 3863, 8655, 20394]...: 7020725: ACCEPTED IN 13 TRIES, (AVG 540055.7692307692)
[1, 4, 10, 23, 57, 132, 301, 701, 1654, 3863, 8655, 20406]...: 8100989: ACCEPTED IN 15 TRIES, (AVG 540065.9333333333)
[1, 4, 10, 23, 57, 132, 301, 701, 1654, 3863, 8655, 20443]...: 4313788: ACCEPTED IN 8 TRIES, (AVG 539223.5)
[1, 4, 10, 23, 57, 132, 301, 701, 1654, 3863, 8655, 20464]...: 5395616: ACCEPTED IN 10 TRIES, (AVG 539561.6)
[1, 4, 10, 23, 57, 132, 301, 701, 1654, 3863, 8655, 20501]...: 7020683: ACCEPTED IN 13 TRIES, (AVG 540052.5384615385)
[1, 4, 10, 23, 57, 132, 301, 701, 1654, 3863, 8655, 20518]...: 7019065: ACCEPTED IN 13 TRIES, (AVG 539928.0769230769)
[1, 4, 10, 23, 57, 132, 301, 701, 1654, 3863, 8655, 20526]...: 3774129: ACCEPTED IN 7 TRIES, (AVG 539161.2857142857)
[1, 4, 10, 23, 57, 132, 301, 701, 1654, 3863, 8655, 20538]...: 7020491: ACCEPTED IN 13 TRIES, (AVG 540037.7692307692)
[1, 4, 10, 23, 57, 132, 301, 701, 1654, 3863, 8655, 20555]...: 7020400: ACCEPTED IN 13 TRIES, (AVG 540030.7692307692)
[1, 4, 10, 23, 57, 132, 301, 701, 1654, 3863, 8655, 20575]...: 7561190: ACCEPTED IN 14 TRIES, (AVG 540085.0)
[1, 4, 10, 23, 57, 132, 301, 701, 1654, 3863, 8655, 20633]...: 3772735: ACCEPTED IN 7 TRIES, (AVG 538962.1428571428)
[1, 4, 10, 23, 57, 132, 301, 701, 1654, 3863, 8655, 20650]...: 7019025: ACCEPTED IN 13 TRIES, (AVG 539925.0)
[1, 4, 10, 23, 57, 132, 301, 701, 1654, 3863, 8655, 20670]...: 4856281: ACCEPTED IN 9 TRIES, (AVG 539586.7777777778)
[1, 4, 10, 23, 57, 132, 301, 701, 1654, 3863, 8655, 20687]...: 7561706: ACCEPTED IN 14 TRIES, (AVG 540121.8571428572)
[1, 4, 10, 23, 57, 132, 301, 701, 1654, 3863, 8655, 20695]...: 8642620: ACCEPTED IN 16 TRIES, (AVG 540163.75)
[1, 4, 10, 23, 57, 132, 301, 701, 1654, 3863, 8655, 20707]...: 5397110: ACCEPTED IN 10 TRIES, (AVG 539711.0)
[1, 4, 10, 23, 57, 132, 301, 701, 1654, 3863, 8655, 20765]...: 5397468: ACCEPTED IN 10 TRIES, (AVG 539746.8)
