[1, 4, 10, 23, 57, 132, 301, 701, 1654, 3863, 8961, 19726]...: 9184708: ACCEPTED IN 17 TRIES, (AVG 540276.9411764706)
[1, 4, 10, 23, 57, 132, 301, 701, 1654, 3863, 8961, 19825]...: 12973145: ACCEPTED IN 24 TRIES, (AVG 540547.7083333334)
[1, 4, 10, 23, 57, 132, 301, 701, 1654, 3863, 8961, 20023]...: 16761101: ACCEPTED IN 31 TRIES, (AVG 540680.6774193548)
[1, 4, 10, 23, 57, 132, 301, 701, 1654, 3863, 8961, 20027]...: 12973238: ACCEPTED IN 24 TRIES, (AVG 540551.5833333334)
[1, 4, 10, 23, 57, 132, 301, 701, 1654, 3863, 8961, 20126]...: 10266180: ACCEPTED IN 19 TRIES, (AVG 540325.2631578947)
[1, 4, 10, 23, 57, 132, 301, 701, 1654, 3863, 8961, 20324]...: 5937814: ACCEPTED IN 11 TRIES, (AVG 539801.2727272727)
[1, 4, 10, 23, 57, 132, 301, 701, 1654, 3863, 8961, 20328]...: 10807883: ACCEPTED IN 20 TRIES, (AVG 540394.15)
[1, 4, 10, 23, 57, 132, 301, 701, 1654, 3863, 8961, 20427]...: 7020226: ACCEPTED IN 13 TRIES, (AVG 540017.3846153846)
[1, 4, 10, 23, 57, 132, 301, 701, 1654, 3863, 8961, 20460]...: 7562024: ACCEPTED IN 14 TRIES, (AVG 540144.5714285715)
[1, 4, 10, 23, 57, 132, 301, 701, 1654, 3863, 8961, 20592]...: 11890700: ACCEPTED IN 22 TRIES, (AVG 540486.3636363636)
[1, 4, 10, 23, 57, 132, 301, 701, 1654, 3863, 8961, 20629]...: 9726200: ACCEPTED IN 18 TRIES, (AVG 540344.4444444445)
[1, 4, 10, 23, 57, 132, 301, 701, 1654, 3863, 8961, 20724]...: 9724913: ACCEPTED IN 18 TRIES, (AVG 540272.9444444445)
[1, 4, 10, 23, 57, 132, 301, 701, 1654, 3863, 8961, 20728]...: 12429945: ACCEPTED IN 23 TRIES, (AVG 540432.3913043478)
[1, 4, 10, 23, 57, 132, 301, 701, 1654, 3863, 8961, 20761]...: 12430372: ACCEPTED IN 23 TRIES, (AVG 540450.9565217391)
[1, 4, 10, 23, 57, 132, 301, 701, 1654, 3863, 8961, 20893]...: 12431639: ACCEPTED IN 23 TRIES, (AVG 540506.0434782609)
[1, 4, 10, 23, 57, 132, 301, 701, 1654, 3863, 8961, 21025]...: 3232476: ACCEPTED IN 6 TRIES, (AVG 538746.0)
[1, 4, 10, 23, 57, 132, 301, 701, 1654, 3863, 8961, 21029]...: 8101654: ACCEPTED IN 15 TRIES, (AVG 540110.2666666667)
[1, 4, 10, 23, 57, 132, 301, 701, 1654, 3863, 8961, 21161]...: 20549386: ACCEPTED IN 38 TRIES, (AVG 540773.3157894737)
[1, 4, 10, 23, 57, 132, 301, 701, 1654, 3863, 8961, 21293]...: 5396496: ACCEPTED IN 10 TRIES, (AVG 539649.6)
[1, 4, 10, 23, 57, 132, 301, 701, 1654, 3863, 8961, 21330]...: 9724692: ACCEPTED IN 18 TRIES, (AVG 540260.6666666666)
[1, 4, 10, 23, 57, 132, 301, 701, 1654, 3863, 8961, 21462]...: 7020182: ACCEPTED IN 13 TRIES, (AVG 540014.0)
