[1, 4, 10, 23, 57, 132, 301, 701, 1654, 3863, 8883, 19558]...: 121741410: ACCEPTED IN 225 TRIES, (AVG 541072.9333333333)
[1, 4, 10, 23, 57, 132, 301, 701, 1654, 3863, 8883, 19570]...: 131479528: ACCEPTED IN 243 TRIES, (AVG 541068.0164609053)
[1, 4, 10, 23, 57, 132, 301, 701, 1654, 3863, 8883, 19574]...: 50311315: ACCEPTED IN 93 TRIES, (AVG 540981.8817204301)
[1, 4, 10, 23, 57, 132, 301, 701, 1654, 3863, 8883, 19595]...: 14595723: ACCEPTED IN 27 TRIES, (AVG 540582.3333333334)
[1, 4, 10, 23, 57, 132, 301, 701, 1654, 3863, 8883, 19599]...: 18383809: ACCEPTED IN 34 TRIES, (AVG 540700.2647058824)
[1, 4, 10, 23, 57, 132, 301, 701, 1654, 3863, 8883, 19603]...: 41111674: ACCEPTED IN 76 TRIES, (AVG 540943.0789473684)
[1, 4, 10, 23, 57, 132, 301, 701, 1654, 3863, 8883, 19607]...: 36782558: ACCEPTED IN 68 TRIES, (AVG 540919.9705882353)
[1, 4, 10, 23, 57, 132, 301, 701, 1654, 3863, 8883, 19611]...: 9183509: ACCEPTED IN 17 TRIES, (AVG 540206.4117647059)
[1, 4, 10, 23, 57, 132, 301, 701, 1654, 3863, 8883, 19628]...: 100636368: ACCEPTED IN 186 TRIES, (AVG 541055.7419354839)
[1, 4, 10, 23, 57, 132, 301, 701, 1654, 3863, 8883, 19632]...: 27583256: ACCEPTED IN 51 TRIES, (AVG 540848.1568627451)
[1, 4, 10, 23, 57, 132, 301, 701, 1654, 3863, 8883, 19640]...: 77366590: ACCEPTED IN 143 TRIES, (AVG 541025.1048951049)
[1, 4, 10, 23, 57, 132, 301, 701, 1654, 3863, 8883, 19644]...: 19466826: ACCEPTED IN 36 TRIES, (AVG 540745.1666666666)
[1, 4, 10, 23, 57, 132, 301, 701, 1654, 3863, 8883, 19657]...: 10808692: ACCEPTED IN 20 TRIES, (AVG 540434.6)
[1, 4, 10, 23, 57, 132, 301, 701, 1654, 3863, 8883, 19661]...: 15135715: ACCEPTED IN 28 TRIES, (AVG 540561.25)
[1, 4, 10, 23, 57, 132, 301, 701, 1654, 3863, 8883, 19669]...: 11348106: ACCEPTED IN 21 TRIES, (AVG 540386.0)
[1, 4, 10, 23, 57, 132, 301, 701, 1654, 3863, 8883, 19690]...: 66004073: ACCEPTED IN 122 TRIES, (AVG 541016.9918032787)
[1, 4, 10, 23, 57, 132, 301, 701, 1654, 3863, 8883, 19694]...: 20546969: ACCEPTED IN 38 TRIES, (AVG 540709.7105263158)
[1, 4, 10, 23, 57, 132, 301, 701, 1654, 3863, 8883, 19698]...: 8642777: ACCEPTED IN 16 TRIES, (AVG 540173.5625)
[1, 4, 10, 23, 57, 132, 301, 701, 1654, 3863, 8883, 19702]...: 8643779: ACCEPTED IN 16 TRIES, (AVG 540236.1875)
[1, 4, 10, 23, 57, 132, 301, 701, 1654, 3863, 8883, 19706]...: 35700097: ACCEPTED IN 66 TRIES, (AVG 540910.5606060605)
[1, 4, 10, 23, 57, 132, 301, 701, 1654, 3863, 8883, 19727]...: 9183469: ACCEPTED IN 17 TRIES, (AVG 540204.0588235294)
[1, 4, 10, 23, 57, 132, 301, 701, 1654, 3863, 8883, 19731]...: 59511076: ACCEPTED IN 110 TRIES, (AVG 541009.7818181819)
[1, 4, 10, 23, 57, 132, 301, 701, 1654, 3863, 8883, 19735]...: 20548962: ACCEPTED IN 38 TRIES, (AVG 540762.1578947369)
[1, 4, 10, 23, 57, 132, 301, 701, 1654, 3863, 8883, 19739]...: 7019598: ACCEPTED IN 13 TRIES, (AVG 539969.0769230769)
[1, 4, 10, 23, 57, 132, 301, 701, 1654, 3863, 8883, 19743]...: 19465849: ACCEPTED IN 36 TRIES, (AVG 540718.0277777778)
[1, 4, 10, 23, 57, 132, 301, 701, 1654, 3863, 8883, 19760]...: 15136858: ACCEPTED IN 28 TRIES, (AVG 540602.0714285715)
[1, 4, 10, 23, 57, 132, 301, 701, 1654, 3863, 8883, 19764]...: 20547477: ACCEPTED IN 38 TRIES, (AVG 540723.0789473684)
[1, 4, 10, 23, 57, 132, 301, 701, 1654, 3863, 8883, 19772]...: 51392936: ACCEPTED IN 95 TRIES, (AVG 540978.2736842105)
[1, 4, 10, 23, 57, 132, 301, 701, 1654, 3863, 8883, 19776]...: 8644369: ACCEPTED IN 16 TRIES, (AVG 540273.0625)
[1, 4, 10, 23, 57, 132, 301, 701, 1654, 3863, 8883, 19789]...: 8643987: ACCEPTED IN 16 TRIES, (AVG 540249.1875)
[1, 4, 10, 23, 57, 132, 301, 701, 1654, 3863, 8883, 19793]...: 20548426: ACCEPTED IN 38 TRIES, (AVG 540748.052631579)
[1, 4, 10, 23, 57, 132, 301, 701, 1654, 3863, 8883, 19797]...: 9183123: ACCEPTED IN 17 TRIES, (AVG 540183.7058823529)
[1, 4, 10, 23, 57, 132, 301, 701, 1654, 3863, 8883, 19801]...: 6479677: ACCEPTED IN 12 TRIES, (AVG 539973.0833333334)
[1, 4, 10, 23, 57, 132, 301, 701, 1654, 3863, 8883, 19826]...: 20547612: ACCEPTED IN 38 TRIES, (AVG 540726.6315789474)
[1, 4, 10, 23, 57, 132, 301, 701, 1654, 3863, 8883, 19830]...: 38406183: ACCEPTED IN 71 TRIES, (AVG 540932.1549295775)
[1, 4, 10, 23, 57, 132, 301, 701, 1654, 3863, 8883, 19834]...: 4856172: ACCEPTED IN 9 TRIES, (AVG 539574.6666666666)
[1, 4, 10, 23, 57, 132, 301, 701, 1654, 3863, 8883, 19838]...: 3231658: ACCEPTED IN 6 TRIES, (AVG 538609.6666666666)
[1, 4, 10, 23, 57, 132, 301, 701, 1654, 3863, 8883, 19859]...: 19466094: ACCEPTED IN 36 TRIES, (AVG 540724.8333333334)
[1, 4, 10, 23, 57, 132, 301, 701, 1654, 3863, 8883, 19863]...: 9725859: ACCEPTED IN 18 TRIES, (AVG 540325.5)
[1, 4, 10, 23, 57, 132, 301, 701, 1654, 3863, 8883, 19867]...: 7020605: ACCEPTED IN 13 TRIES, (AVG 540046.5384615385)
[1, 4, 10, 23, 57, 132, 301, 701, 1654, 3863, 8883, 19871]...: 3232649: ACCEPTED IN 6 TRIES, (AVG 538774.8333333334)
[1, 4, 10, 23, 57, 132, 301, 701, 1654, 3863, 8883, 19875]...: 16217600: ACCEPTED IN 30 TRIES, (AVG 540586.6666666666)
[1, 4, 10, 23, 57, 132, 301, 701, 1654, 3863, 8883, 19892]...: 20549229: ACCEPTED IN 38 TRIES, (AVG 540769.1842105263)
[1, 4, 10, 23, 57, 132, 301, 701, 1654, 3863, 8883, 19896]...: 6479699: ACCEPTED IN 12 TRIES, (AVG 539974.9166666666)
[1, 4, 10, 23, 57, 132, 301, 701, 1654, 3863, 8883, 19904]...: 23794487: ACCEPTED IN 44 TRIES, (AVG 540783.7954545454)
[1, 4, 10, 23, 57, 132, 301, 701, 1654, 3863, 8883, 19908]...: 7020398: ACCEPTED IN 13 TRIES, (AVG 540030.6153846154)
[1, 4, 10, 23, 57, 132, 301, 701, 1654, 3863, 8883, 19912]...: 9183541: ACCEPTED IN 17 TRIES, (AVG 540208.2941176471)
[1, 4, 10, 23, 57, 132, 301, 701, 1654, 3863, 8883, 19929]...: 36782818: ACCEPTED IN 68 TRIES, (AVG 540923.7941176471)
[1, 4, 10, 23, 57, 132, 301, 701, 1654, 3863, 8883, 19933]...: 32995065: ACCEPTED IN 61 TRIES, (AVG 540902.7049180327)
[1, 4, 10, 23, 57, 132, 301, 701, 1654, 3863, 8883, 19945]...: 3773784: ACCEPTED IN 7 TRIES, (AVG 539112.0)
[1, 4, 10, 23, 57, 132, 301, 701, 1654, 3863, 8883, 19958]...: 33535023: ACCEPTED IN 62 TRIES, (AVG 540887.4677419355)
[1, 4, 10, 23, 57, 132, 301, 701, 1654, 3863, 8883, 19962]...: 49770636: ACCEPTED IN 92 TRIES, (AVG 540985.1739130435)
[1, 4, 10, 23, 57, 132, 301, 701, 1654, 3863, 8883, 19966]...: 20006716: ACCEPTED IN 37 TRIES, (AVG 540722.0540540541)
[1, 4, 10, 23, 57, 132, 301, 701, 1654, 3863, 8883, 19970]...: 27582947: ACCEPTED IN 51 TRIES, (AVG 540842.0980392157)
[1, 4, 10, 23, 57, 132, 301, 701, 1654, 3863, 8883, 19991]...: 24878310: ACCEPTED IN 46 TRIES, (AVG 540832.8260869565)
[1, 4, 10, 23, 57, 132, 301, 701, 1654, 3863, 8883, 19995]...: 8643910: ACCEPTED IN 16 TRIES, (AVG 540244.375)
[1, 4, 10, 23, 57, 132, 301, 701, 1654, 3863, 8883, 19999]...: 8642432: ACCEPTED IN 16 TRIES, (AVG 540152.0)
[1, 4, 10, 23, 57, 132, 301, 701, 1654, 3863, 8883, 20003]...: 6478290: ACCEPTED IN 12 TRIES, (AVG 539857.5)
[1, 4, 10, 23, 57, 132, 301, 701, 1654, 3863, 8883, 20007]...: 16218737: ACCEPTED IN 30 TRIES, (AVG 540624.5666666667)
[1, 4, 10, 23, 57, 132, 301, 701, 1654, 3863, 8883, 20028]...: 53557715: ACCEPTED IN 99 TRIES, (AVG 540987.0202020202)
[1, 4, 10, 23, 57, 132, 301, 701, 1654, 3863, 8883, 20036]...: 15135726: ACCEPTED IN 28 TRIES, (AVG 540561.6428571428)
[1, 4, 10, 23, 57, 132, 301, 701, 1654, 3863, 8883, 20040]...: 6478094: ACCEPTED IN 12 TRIES, (AVG 539841.1666666666)
[1, 4, 10, 23, 57, 132, 301, 701, 1654, 3863, 8883, 20044]...: 8643275: ACCEPTED IN 16 TRIES, (AVG 540204.6875)
[1, 4, 10, 23, 57, 132, 301, 701, 1654, 3863, 8883, 20061]...: 9184286: ACCEPTED IN 17 TRIES, (AVG 540252.1176470588)
[1, 4, 10, 23, 57, 132, 301, 701, 1654, 3863, 8883, 20065]...: 56263249: ACCEPTED IN 104 TRIES, (AVG 540992.7788461539)
[1, 4, 10, 23, 57, 132, 301, 701, 1654, 3863, 8883, 20077]...: 20546941: ACCEPTED IN 38 TRIES, (AVG 540708.9736842106)
[1, 4, 10, 23, 57, 132, 301, 701, 1654, 3863, 8883, 20090]...: 15136893: ACCEPTED IN 28 TRIES, (AVG 540603.3214285715)
[1, 4, 10, 23, 57, 132, 301, 701, 1654, 3863, 8883, 20094]...: 14596467: ACCEPTED IN 27 TRIES, (AVG 540609.8888888889)
[1, 4, 10, 23, 57, 132, 301, 701, 1654, 3863, 8883, 20098]...: 45440248: ACCEPTED IN 84 TRIES, (AVG 540955.3333333334)
[1, 4, 10, 23, 57, 132, 301, 701, 1654, 3863, 8883, 20102]...: 15678277: ACCEPTED IN 29 TRIES, (AVG 540630.2413793104)
[1, 4, 10, 23, 57, 132, 301, 701, 1654, 3863, 8883, 20127]...: 19465008: ACCEPTED IN 36 TRIES, (AVG 540694.6666666666)
[1, 4, 10, 23, 57, 132, 301, 701, 1654, 3863, 8883, 20131]...: 9726415: ACCEPTED IN 18 TRIES, (AVG 540356.3888888889)
[1, 4, 10, 23, 57, 132, 301, 701, 1654, 3863, 8883, 20135]...: 44899827: ACCEPTED IN 83 TRIES, (AVG 540961.7710843374)
[1, 4, 10, 23, 57, 132, 301, 701, 1654, 3863, 8883, 20139]...: 53017284: ACCEPTED IN 98 TRIES, (AVG 540992.693877551)
[1, 4, 10, 23, 57, 132, 301, 701, 1654, 3863, 8883, 20160]...: 9726403: ACCEPTED IN 18 TRIES, (AVG 540355.7222222222)
[1, 4, 10, 23, 57, 132, 301, 701, 1654, 3863, 8883, 20164]...: 4855094: ACCEPTED IN 9 TRIES, (AVG 539454.8888888889)
[1, 4, 10, 23, 57, 132, 301, 701, 1654, 3863, 8883, 20168]...: 8644367: ACCEPTED IN 16 TRIES, (AVG 540272.9375)
[1, 4, 10, 23, 57, 132, 301, 701, 1654, 3863, 8883, 20172]...: 20549149: ACCEPTED IN 38 TRIES, (AVG 540767.0789473684)
[1, 4, 10, 23, 57, 132, 301, 701, 1654, 3863, 8883, 20176]...: 19466992: ACCEPTED IN 36 TRIES, (AVG 540749.7777777778)
[1, 4, 10, 23, 57, 132, 301, 701, 1654, 3863, 8883, 20193]...: 7020150: ACCEPTED IN 13 TRIES, (AVG 540011.5384615385)
[1, 4, 10, 23, 57, 132, 301, 701, 1654, 3863, 8883, 20197]...: 10265225: ACCEPTED IN 19 TRIES, (AVG 540275.0)
[1, 4, 10, 23, 57, 132, 301, 701, 1654, 3863, 8883, 20209]...: 10266714: ACCEPTED IN 19 TRIES, (AVG 540353.3684210526)
[1, 4, 10, 23, 57, 132, 301, 701, 1654, 3863, 8883, 20213]...: 8642307: ACCEPTED IN 16 TRIES, (AVG 540144.1875)
[1, 4, 10, 23, 57, 132, 301, 701, 1654, 3863, 8883, 20226]...: 17842759: ACCEPTED IN 33 TRIES, (AVG 540689.6666666666)
[1, 4, 10, 23, 57, 132, 301, 701, 1654, 3863, 8883, 20230]...: 15678781: ACCEPTED IN 29 TRIES, (AVG 540647.6206896552)
[1, 4, 10, 23, 57, 132, 301, 701, 1654, 3863, 8883, 20234]...: 8643069: ACCEPTED IN 16 TRIES, (AVG 540191.8125)
[1, 4, 10, 23, 57, 132, 301, 701, 1654, 3863, 8883, 20259]...: 18384043: ACCEPTED IN 34 TRIES, (AVG 540707.1470588235)
[1, 4, 10, 23, 57, 132, 301, 701, 1654, 3863, 8883, 20263]...: 11349036: ACCEPTED IN 21 TRIES, (AVG 540430.2857142857)
[1, 4, 10, 23, 57, 132, 301, 701, 1654, 3863, 8883, 20271]...: 8642560: ACCEPTED IN 16 TRIES, (AVG 540160.0)
[1, 4, 10, 23, 57, 132, 301, 701, 1654, 3863, 8883, 20292]...: 19465720: ACCEPTED IN 36 TRIES, (AVG 540714.4444444445)
[1, 4, 10, 23, 57, 132, 301, 701, 1654, 3863, 8883, 20296]...: 7019700: ACCEPTED IN 13 TRIES, (AVG 539976.9230769231)
[1, 4, 10, 23, 57, 132, 301, 701, 1654, 3863, 8883, 20300]...: 4314733: ACCEPTED IN 8 TRIES, (AVG 539341.625)
[1, 4, 10, 23, 57, 132, 301, 701, 1654, 3863, 8883, 20304]...: 6479363: ACCEPTED IN 12 TRIES, (AVG 539946.9166666666)
[1, 4, 10, 23, 57, 132, 301, 701, 1654, 3863, 8883, 20308]...: 17843504: ACCEPTED IN 33 TRIES, (AVG 540712.2424242424)
[1, 4, 10, 23, 57, 132, 301, 701, 1654, 3863, 8883, 20329]...: 20548205: ACCEPTED IN 38 TRIES, (AVG 540742.2368421053)
[1, 4, 10, 23, 57, 132, 301, 701, 1654, 3863, 8883, 20341]...: 6478622: ACCEPTED IN 12 TRIES, (AVG 539885.1666666666)
[1, 4, 10, 23, 57, 132, 301, 701, 1654, 3863, 8883, 20345]...: 9185087: ACCEPTED IN 17 TRIES, (AVG 540299.2352941176)
[1, 4, 10, 23, 57, 132, 301, 701, 1654, 3863, 8883, 20358]...: 8643430: ACCEPTED IN 16 TRIES, (AVG 540214.375)
[1, 4, 10, 23, 57, 132, 301, 701, 1654, 3863, 8883, 20362]...: 6477942: ACCEPTED IN 12 TRIES, (AVG 539828.5)
[1, 4, 10, 23, 57, 132, 301, 701, 1654, 3863, 8883, 20391]...: 17301934: ACCEPTED IN 32 TRIES, (AVG 540685.4375)
[1, 4, 10, 23, 57, 132, 301, 701, 1654, 3863, 8883, 20395]...: 27041368: ACCEPTED IN 50 TRIES, (AVG 540827.36)
[1, 4, 10, 23, 57, 132, 301, 701, 1654, 3863, 8883, 20399]...: 17843092: ACCEPTED IN 33 TRIES, (AVG 540699.7575757576)
[1, 4, 10, 23, 57, 132, 301, 701, 1654, 3863, 8883, 20403]...: 8640821: ACCEPTED IN 16 TRIES, (AVG 540051.3125)
[1, 4, 10, 23, 57, 132, 301, 701, 1654, 3863, 8883, 20428]...: 6479484: ACCEPTED IN 12 TRIES, (AVG 539957.0)
[1, 4, 10, 23, 57, 132, 301, 701, 1654, 3863, 8883, 20432]...: 9183444: ACCEPTED IN 17 TRIES, (AVG 540202.5882352941)
[1, 4, 10, 23, 57, 132, 301, 701, 1654, 3863, 8883, 20436]...: 8643849: ACCEPTED IN 16 TRIES, (AVG 540240.5625)
[1, 4, 10, 23, 57, 132, 301, 701, 1654, 3863, 8883, 20440]...: 7018925: ACCEPTED IN 13 TRIES, (AVG 539917.3076923077)
[1, 4, 10, 23, 57, 132, 301, 701, 1654, 3863, 8883, 20461]...: 36240933: ACCEPTED IN 67 TRIES, (AVG 540909.4477611941)
[1, 4, 10, 23, 57, 132, 301, 701, 1654, 3863, 8883, 20465]...: 15137127: ACCEPTED IN 28 TRIES, (AVG 540611.6785714285)
[1, 4, 10, 23, 57, 132, 301, 701, 1654, 3863, 8883, 20473]...: 20548574: ACCEPTED IN 38 TRIES, (AVG 540751.947368421)
[1, 4, 10, 23, 57, 132, 301, 701, 1654, 3863, 8883, 20477]...: 9184219: ACCEPTED IN 17 TRIES, (AVG 540248.1764705882)
[1, 4, 10, 23, 57, 132, 301, 701, 1654, 3863, 8883, 20490]...: 8643820: ACCEPTED IN 16 TRIES, (AVG 540238.75)
[1, 4, 10, 23, 57, 132, 301, 701, 1654, 3863, 8883, 20494]...: 3774080: ACCEPTED IN 7 TRIES, (AVG 539154.2857142857)
[1, 4, 10, 23, 57, 132, 301, 701, 1654, 3863, 8883, 20514]...: 11890949: ACCEPTED IN 22 TRIES, (AVG 540497.6818181818)
[1, 4, 10, 23, 57, 132, 301, 701, 1654, 3863, 8883, 20527]...: 9182741: ACCEPTED IN 17 TRIES, (AVG 540161.2352941176)
[1, 4, 10, 23, 57, 132, 301, 701, 1654, 3863, 8883, 20531]...: 10266628: ACCEPTED IN 19 TRIES, (AVG 540348.8421052631)
[1, 4, 10, 23, 57, 132, 301, 701, 1654, 3863, 8883, 20535]...: 3232811: ACCEPTED IN 6 TRIES, (AVG 538801.8333333334)
[1, 4, 10, 23, 57, 132, 301, 701, 1654, 3863, 8883, 20560]...: 7020793: ACCEPTED IN 13 TRIES, (AVG 540061.0)
[1, 4, 10, 23, 57, 132, 301, 701, 1654, 3863, 8883, 20564]...: 7020329: ACCEPTED IN 13 TRIES, (AVG 540025.3076923077)
[1, 4, 10, 23, 57, 132, 301, 701, 1654, 3863, 8883, 20568]...: 9184627: ACCEPTED IN 17 TRIES, (AVG 540272.1764705882)
[1, 4, 10, 23, 57, 132, 301, 701, 1654, 3863, 8883, 20572]...: 9184478: ACCEPTED IN 17 TRIES, (AVG 540263.4117647059)
[1, 4, 10, 23, 57, 132, 301, 701, 1654, 3863, 8883, 20593]...: 7562061: ACCEPTED IN 14 TRIES, (AVG 540147.2142857143)
[1, 4, 10, 23, 57, 132, 301, 701, 1654, 3863, 8883, 20597]...: 6476670: ACCEPTED IN 12 TRIES, (AVG 539722.5)
[1, 4, 10, 23, 57, 132, 301, 701, 1654, 3863, 8883, 20605]...: 5938592: ACCEPTED IN 11 TRIES, (AVG 539872.0)
[1, 4, 10, 23, 57, 132, 301, 701, 1654, 3863, 8883, 20609]...: 20548127: ACCEPTED IN 38 TRIES, (AVG 540740.1842105263)
[1, 4, 10, 23, 57, 132, 301, 701, 1654, 3863, 8883, 20646]...: 14595699: ACCEPTED IN 27 TRIES, (AVG 540581.4444444445)
[1, 4, 10, 23, 57, 132, 301, 701, 1654, 3863, 8883, 20659]...: 14596147: ACCEPTED IN 27 TRIES, (AVG 540598.0370370371)
[1, 4, 10, 23, 57, 132, 301, 701, 1654, 3863, 8883, 20663]...: 4856436: ACCEPTED IN 9 TRIES, (AVG 539604.0)
[1, 4, 10, 23, 57, 132, 301, 701, 1654, 3863, 8883, 20692]...: 6477728: ACCEPTED IN 12 TRIES, (AVG 539810.6666666666)
[1, 4, 10, 23, 57, 132, 301, 701, 1654, 3863, 8883, 20696]...: 3773467: ACCEPTED IN 7 TRIES, (AVG 539066.7142857143)
[1, 4, 10, 23, 57, 132, 301, 701, 1654, 3863, 8883, 20700]...: 9184919: ACCEPTED IN 17 TRIES, (AVG 540289.3529411765)
[1, 4, 10, 23, 57, 132, 301, 701, 1654, 3863, 8883, 20704]...: 6479728: ACCEPTED IN 12 TRIES, (AVG 539977.3333333334)
[1, 4, 10, 23, 57, 132, 301, 701, 1654, 3863, 8883, 20729]...: 8644083: ACCEPTED IN 16 TRIES, (AVG 540255.1875)
[1, 4, 10, 23, 57, 132, 301, 701, 1654, 3863, 8883, 20737]...: 8643732: ACCEPTED IN 16 TRIES, (AVG 540233.25)
[1, 4, 10, 23, 57, 132, 301, 701, 1654, 3863, 8883, 20741]...: 13514378: ACCEPTED IN 25 TRIES, (AVG 540575.12)
[1, 4, 10, 23, 57, 132, 301, 701, 1654, 3863, 8883, 20766]...: 7020241: ACCEPTED IN 13 TRIES, (AVG 540018.5384615385)
[1, 4, 10, 23, 57, 132, 301, 701, 1654, 3863, 8883, 20778]...: 4314809: ACCEPTED IN 8 TRIES, (AVG 539351.125)
[1, 4, 10, 23, 57, 132, 301, 701, 1654, 3863, 8883, 20791]...: 4855174: ACCEPTED IN 9 TRIES, (AVG 539463.7777777778)
[1, 4, 10, 23, 57, 132, 301, 701, 1654, 3863, 8883, 20795]...: 19466616: ACCEPTED IN 36 TRIES, (AVG 540739.3333333334)
[1, 4, 10, 23, 57, 132, 301, 701, 1654, 3863, 8883, 20828]...: 7018537: ACCEPTED IN 13 TRIES, (AVG 539887.4615384615)
[1, 4, 10, 23, 57, 132, 301, 701, 1654, 3863, 8883, 20832]...: 6479366: ACCEPTED IN 12 TRIES, (AVG 539947.1666666666)
[1, 4, 10, 23, 57, 132, 301, 701, 1654, 3863, 8883, 20836]...: 18924654: ACCEPTED IN 35 TRIES, (AVG 540704.4)
[1, 4, 10, 23, 57, 132, 301, 701, 1654, 3863, 8883, 20861]...: 10265811: ACCEPTED IN 19 TRIES, (AVG 540305.8421052631)
[1, 4, 10, 23, 57, 132, 301, 701, 1654, 3863, 8883, 20865]...: 9725802: ACCEPTED IN 18 TRIES, (AVG 540322.3333333334)
[1, 4, 10, 23, 57, 132, 301, 701, 1654, 3863, 8883, 20869]...: 6479694: ACCEPTED IN 12 TRIES, (AVG 539974.5)
[1, 4, 10, 23, 57, 132, 301, 701, 1654, 3863, 8883, 20873]...: 11891019: ACCEPTED IN 22 TRIES, (AVG 540500.8636363636)
[1, 4, 10, 23, 57, 132, 301, 701, 1654, 3863, 8883, 20898]...: 8642370: ACCEPTED IN 16 TRIES, (AVG 540148.125)
[1, 4, 10, 23, 57, 132, 301, 701, 1654, 3863, 8883, 20910]...: 11348896: ACCEPTED IN 21 TRIES, (AVG 540423.619047619)
[1, 4, 10, 23, 57, 132, 301, 701, 1654, 3863, 8883, 20927]...: 3774169: ACCEPTED IN 7 TRIES, (AVG 539167.0)
[1, 4, 10, 23, 57, 132, 301, 701, 1654, 3863, 8883, 20960]...: 6479480: ACCEPTED IN 12 TRIES, (AVG 539956.6666666666)
[1, 4, 10, 23, 57, 132, 301, 701, 1654, 3863, 8883, 20964]...: 4854169: ACCEPTED IN 9 TRIES, (AVG 539352.1111111111)
[1, 4, 10, 23, 57, 132, 301, 701, 1654, 3863, 8883, 20993]...: 6479122: ACCEPTED IN 12 TRIES, (AVG 539926.8333333334)
[1, 4, 10, 23, 57, 132, 301, 701, 1654, 3863, 8883, 20997]...: 16219556: ACCEPTED IN 30 TRIES, (AVG 540651.8666666667)
[1, 4, 10, 23, 57, 132, 301, 701, 1654, 3863, 8883, 21001]...: 8644249: ACCEPTED IN 16 TRIES, (AVG 540265.5625)
[1, 4, 10, 23, 57, 132, 301, 701, 1654, 3863, 8883, 21005]...: 8642254: ACCEPTED IN 16 TRIES, (AVG 540140.875)
[1, 4, 10, 23, 57, 132, 301, 701, 1654, 3863, 8883, 21030]...: 11348423: ACCEPTED IN 21 TRIES, (AVG 540401.0952380953)
[1, 4, 10, 23, 57, 132, 301, 701, 1654, 3863, 8883, 21042]...: 6479090: ACCEPTED IN 12 TRIES, (AVG 539924.1666666666)
[1, 4, 10, 23, 57, 132, 301, 701, 1654, 3863, 8883, 21059]...: 4313580: ACCEPTED IN 8 TRIES, (AVG 539197.5)
[1, 4, 10, 23, 57, 132, 301, 701, 1654, 3863, 8883, 21092]...: 5396876: ACCEPTED IN 10 TRIES, (AVG 539687.6)
[1, 4, 10, 23, 57, 132, 301, 701, 1654, 3863, 8883, 21096]...: 4856259: ACCEPTED IN 9 TRIES, (AVG 539584.3333333334)
[1, 4, 10, 23, 57, 132, 301, 701, 1654, 3863, 8883, 21129]...: 9182689: ACCEPTED IN 17 TRIES, (AVG 540158.1764705882)
[1, 4, 10, 23, 57, 132, 301, 701, 1654, 3863, 8883, 21133]...: 39488545: ACCEPTED IN 73 TRIES, (AVG 540938.9726027397)
[1, 4, 10, 23, 57, 132, 301, 701, 1654, 3863, 8883, 21137]...: 8641252: ACCEPTED IN 16 TRIES, (AVG 540078.25)
[1, 4, 10, 23, 57, 132, 301, 701, 1654, 3863, 8883, 21162]...: 3773384: ACCEPTED IN 7 TRIES, (AVG 539054.8571428572)
[1, 4, 10, 23, 57, 132, 301, 701, 1654, 3863, 8883, 21166]...: 9726063: ACCEPTED IN 18 TRIES, (AVG 540336.8333333334)
[1, 4, 10, 23, 57, 132, 301, 701, 1654, 3863, 8883, 21174]...: 10266079: ACCEPTED IN 19 TRIES, (AVG 540319.947368421)
[1, 4, 10, 23, 57, 132, 301, 701, 1654, 3863, 8883, 21191]...: 7020045: ACCEPTED IN 13 TRIES, (AVG 540003.4615384615)
[1, 4, 10, 23, 57, 132, 301, 701, 1654, 3863, 8883, 21228]...: 9185214: ACCEPTED IN 17 TRIES, (AVG 540306.7058823529)
[1, 4, 10, 23, 57, 132, 301, 701, 1654, 3863, 8883, 21261]...: 7020390: ACCEPTED IN 13 TRIES, (AVG 540030.0)
[1, 4, 10, 23, 57, 132, 301, 701, 1654, 3863, 8883, 21265]...: 10264318: ACCEPTED IN 19 TRIES, (AVG 540227.2631578947)
[1, 4, 10, 23, 57, 132, 301, 701, 1654, 3863, 8883, 21294]...: 4855541: ACCEPTED IN 9 TRIES, (AVG 539504.5555555555)
[1, 4, 10, 23, 57, 132, 301, 701, 1654, 3863, 8883, 21298]...: 9184391: ACCEPTED IN 17 TRIES, (AVG 540258.2941176471)
[1, 4, 10, 23, 57, 132, 301, 701, 1654, 3863, 8883, 21306]...: 7019071: ACCEPTED IN 13 TRIES, (AVG 539928.5384615385)
