[1, 4, 10, 23, 57, 132, 301, 701, 1654, 3863, 8514, 18734]...: 21089784: ACCEPTED IN 39 TRIES, (AVG 540763.6923076923)
[1, 4, 10, 23, 57, 132, 301, 701, 1654, 3863, 8514, 18775]...: 38406215: ACCEPTED IN 71 TRIES, (AVG 540932.6056338028)
[1, 4, 10, 23, 57, 132, 301, 701, 1654, 3863, 8514, 18808]...: 88731628: ACCEPTED IN 164 TRIES, (AVG 541046.512195122)
[1, 4, 10, 23, 57, 132, 301, 701, 1654, 3863, 8514, 18816]...: 29748474: ACCEPTED IN 55 TRIES, (AVG 540881.3454545455)
[1, 4, 10, 23, 57, 132, 301, 701, 1654, 3863, 8514, 18849]...: 27041870: ACCEPTED IN 50 TRIES, (AVG 540837.4)
[1, 4, 10, 23, 57, 132, 301, 701, 1654, 3863, 8514, 18853]...: 16219428: ACCEPTED IN 30 TRIES, (AVG 540647.6)
[1, 4, 10, 23, 57, 132, 301, 701, 1654, 3863, 8514, 18857]...: 32453457: ACCEPTED IN 60 TRIES, (AVG 540890.95)
[1, 4, 10, 23, 57, 132, 301, 701, 1654, 3863, 8514, 18866]...: 32994642: ACCEPTED IN 61 TRIES, (AVG 540895.7704918033)
[1, 4, 10, 23, 57, 132, 301, 701, 1654, 3863, 8514, 18894]...: 44359353: ACCEPTED IN 82 TRIES, (AVG 540967.7195121951)
[1, 4, 10, 23, 57, 132, 301, 701, 1654, 3863, 8514, 18903]...: 15678852: ACCEPTED IN 29 TRIES, (AVG 540650.0689655172)
[1, 4, 10, 23, 57, 132, 301, 701, 1654, 3863, 8514, 18907]...: 6479323: ACCEPTED IN 12 TRIES, (AVG 539943.5833333334)
[1, 4, 10, 23, 57, 132, 301, 701, 1654, 3863, 8514, 18940]...: 53557965: ACCEPTED IN 99 TRIES, (AVG 540989.5454545454)
[1, 4, 10, 23, 57, 132, 301, 701, 1654, 3863, 8514, 18944]...: 28124924: ACCEPTED IN 52 TRIES, (AVG 540863.9230769231)
[1, 4, 10, 23, 57, 132, 301, 701, 1654, 3863, 8514, 18948]...: 11349701: ACCEPTED IN 21 TRIES, (AVG 540461.9523809524)
[1, 4, 10, 23, 57, 132, 301, 701, 1654, 3863, 8514, 18977]...: 30288678: ACCEPTED IN 56 TRIES, (AVG 540869.25)
[1, 4, 10, 23, 57, 132, 301, 701, 1654, 3863, 8514, 18978]...: 23795744: ACCEPTED IN 44 TRIES, (AVG 540812.3636363636)
[1, 4, 10, 23, 57, 132, 301, 701, 1654, 3863, 8514, 18981]...: 20008161: ACCEPTED IN 37 TRIES, (AVG 540761.1081081082)
[1, 4, 10, 23, 57, 132, 301, 701, 1654, 3863, 8514, 18989]...: 40570653: ACCEPTED IN 75 TRIES, (AVG 540942.04)
[1, 4, 10, 23, 57, 132, 301, 701, 1654, 3863, 8514, 18998]...: 68710286: ACCEPTED IN 127 TRIES, (AVG 541025.874015748)
[1, 4, 10, 23, 57, 132, 301, 701, 1654, 3863, 8514, 19018]...: 27042699: ACCEPTED IN 50 TRIES, (AVG 540853.98)
[1, 4, 10, 23, 57, 132, 301, 701, 1654, 3863, 8514, 19026]...: 72497890: ACCEPTED IN 134 TRIES, (AVG 541029.0298507463)
[1, 4, 10, 23, 57, 132, 301, 701, 1654, 3863, 8514, 19035]...: 20546754: ACCEPTED IN 38 TRIES, (AVG 540704.052631579)
[1, 4, 10, 23, 57, 132, 301, 701, 1654, 3863, 8514, 19039]...: 51393973: ACCEPTED IN 95 TRIES, (AVG 540989.1894736842)
[1, 4, 10, 23, 57, 132, 301, 701, 1654, 3863, 8514, 19072]...: 9185303: ACCEPTED IN 17 TRIES, (AVG 540311.9411764706)
[1, 4, 10, 23, 57, 132, 301, 701, 1654, 3863, 8514, 19076]...: 27042889: ACCEPTED IN 50 TRIES, (AVG 540857.78)
[1, 4, 10, 23, 57, 132, 301, 701, 1654, 3863, 8514, 19080]...: 15678497: ACCEPTED IN 29 TRIES, (AVG 540637.8275862068)
[1, 4, 10, 23, 57, 132, 301, 701, 1654, 3863, 8514, 19109]...: 7019225: ACCEPTED IN 13 TRIES, (AVG 539940.3846153846)
[1, 4, 10, 23, 57, 132, 301, 701, 1654, 3863, 8514, 19110]...: 31912557: ACCEPTED IN 59 TRIES, (AVG 540890.7966101695)
[1, 4, 10, 23, 57, 132, 301, 701, 1654, 3863, 8514, 19113]...: 29206427: ACCEPTED IN 54 TRIES, (AVG 540859.7592592592)
[1, 4, 10, 23, 57, 132, 301, 701, 1654, 3863, 8514, 19117]...: 7019853: ACCEPTED IN 13 TRIES, (AVG 539988.6923076923)
[1, 4, 10, 23, 57, 132, 301, 701, 1654, 3863, 8514, 19150]...: 77907896: ACCEPTED IN 144 TRIES, (AVG 541027.0555555555)
[1, 4, 10, 23, 57, 132, 301, 701, 1654, 3863, 8514, 19158]...: 12972215: ACCEPTED IN 24 TRIES, (AVG 540508.9583333334)
[1, 4, 10, 23, 57, 132, 301, 701, 1654, 3863, 8514, 19167]...: 27042876: ACCEPTED IN 50 TRIES, (AVG 540857.52)
[1, 4, 10, 23, 57, 132, 301, 701, 1654, 3863, 8514, 19171]...: 31913204: ACCEPTED IN 59 TRIES, (AVG 540901.7627118644)
[1, 4, 10, 23, 57, 132, 301, 701, 1654, 3863, 8514, 19204]...: 17301730: ACCEPTED IN 32 TRIES, (AVG 540679.0625)
[1, 4, 10, 23, 57, 132, 301, 701, 1654, 3863, 8514, 19208]...: 9182845: ACCEPTED IN 17 TRIES, (AVG 540167.3529411765)
[1, 4, 10, 23, 57, 132, 301, 701, 1654, 3863, 8514, 19212]...: 11890012: ACCEPTED IN 22 TRIES, (AVG 540455.0909090909)
[1, 4, 10, 23, 57, 132, 301, 701, 1654, 3863, 8514, 19241]...: 8101706: ACCEPTED IN 15 TRIES, (AVG 540113.7333333333)
[1, 4, 10, 23, 57, 132, 301, 701, 1654, 3863, 8514, 19242]...: 9726051: ACCEPTED IN 18 TRIES, (AVG 540336.1666666666)
[1, 4, 10, 23, 57, 132, 301, 701, 1654, 3863, 8514, 19245]...: 15677113: ACCEPTED IN 29 TRIES, (AVG 540590.1034482758)
[1, 4, 10, 23, 57, 132, 301, 701, 1654, 3863, 8514, 19249]...: 20007939: ACCEPTED IN 37 TRIES, (AVG 540755.1081081082)
[1, 4, 10, 23, 57, 132, 301, 701, 1654, 3863, 8514, 19278]...: 12973140: ACCEPTED IN 24 TRIES, (AVG 540547.5)
[1, 4, 10, 23, 57, 132, 301, 701, 1654, 3863, 8514, 19279]...: 35159755: ACCEPTED IN 65 TRIES, (AVG 540919.3076923077)
[1, 4, 10, 23, 57, 132, 301, 701, 1654, 3863, 8514, 19282]...: 7020052: ACCEPTED IN 13 TRIES, (AVG 540004.0)
[1, 4, 10, 23, 57, 132, 301, 701, 1654, 3863, 8514, 19290]...: 8102389: ACCEPTED IN 15 TRIES, (AVG 540159.2666666667)
[1, 4, 10, 23, 57, 132, 301, 701, 1654, 3863, 8514, 19299]...: 7019271: ACCEPTED IN 13 TRIES, (AVG 539943.9230769231)
[1, 4, 10, 23, 57, 132, 301, 701, 1654, 3863, 8514, 19303]...: 13514112: ACCEPTED IN 25 TRIES, (AVG 540564.48)
[1, 4, 10, 23, 57, 132, 301, 701, 1654, 3863, 8514, 19319]...: 11888796: ACCEPTED IN 22 TRIES, (AVG 540399.8181818182)
[1, 4, 10, 23, 57, 132, 301, 701, 1654, 3863, 8514, 19336]...: 15137873: ACCEPTED IN 28 TRIES, (AVG 540638.3214285715)
[1, 4, 10, 23, 57, 132, 301, 701, 1654, 3863, 8514, 19340]...: 10808299: ACCEPTED IN 20 TRIES, (AVG 540414.95)
[1, 4, 10, 23, 57, 132, 301, 701, 1654, 3863, 8514, 19344]...: 7018071: ACCEPTED IN 13 TRIES, (AVG 539851.6153846154)
[1, 4, 10, 23, 57, 132, 301, 701, 1654, 3863, 8514, 19373]...: 24877779: ACCEPTED IN 46 TRIES, (AVG 540821.2826086957)
[1, 4, 10, 23, 57, 132, 301, 701, 1654, 3863, 8514, 19377]...: 7020972: ACCEPTED IN 13 TRIES, (AVG 540074.7692307692)
[1, 4, 10, 23, 57, 132, 301, 701, 1654, 3863, 8514, 19381]...: 19466764: ACCEPTED IN 36 TRIES, (AVG 540743.4444444445)
[1, 4, 10, 23, 57, 132, 301, 701, 1654, 3863, 8514, 19410]...: 6478993: ACCEPTED IN 12 TRIES, (AVG 539916.0833333334)
[1, 4, 10, 23, 57, 132, 301, 701, 1654, 3863, 8514, 19411]...: 19466470: ACCEPTED IN 36 TRIES, (AVG 540735.2777777778)
[1, 4, 10, 23, 57, 132, 301, 701, 1654, 3863, 8514, 19414]...: 28666021: ACCEPTED IN 53 TRIES, (AVG 540868.320754717)
[1, 4, 10, 23, 57, 132, 301, 701, 1654, 3863, 8514, 19418]...: 11890332: ACCEPTED IN 22 TRIES, (AVG 540469.6363636364)
[1, 4, 10, 23, 57, 132, 301, 701, 1654, 3863, 8514, 19435]...: 11349551: ACCEPTED IN 21 TRIES, (AVG 540454.8095238095)
[1, 4, 10, 23, 57, 132, 301, 701, 1654, 3863, 8514, 19451]...: 7020508: ACCEPTED IN 13 TRIES, (AVG 540039.0769230769)
[1, 4, 10, 23, 57, 132, 301, 701, 1654, 3863, 8514, 19468]...: 11890187: ACCEPTED IN 22 TRIES, (AVG 540463.0454545454)
[1, 4, 10, 23, 57, 132, 301, 701, 1654, 3863, 8514, 19472]...: 5938103: ACCEPTED IN 11 TRIES, (AVG 539827.5454545454)
[1, 4, 10, 23, 57, 132, 301, 701, 1654, 3863, 8514, 19476]...: 15136462: ACCEPTED IN 28 TRIES, (AVG 540587.9285714285)
[1, 4, 10, 23, 57, 132, 301, 701, 1654, 3863, 8514, 19505]...: 19466851: ACCEPTED IN 36 TRIES, (AVG 540745.8611111111)
[1, 4, 10, 23, 57, 132, 301, 701, 1654, 3863, 8514, 19509]...: 23254679: ACCEPTED IN 43 TRIES, (AVG 540806.4883720931)
[1, 4, 10, 23, 57, 132, 301, 701, 1654, 3863, 8514, 19513]...: 17841208: ACCEPTED IN 33 TRIES, (AVG 540642.6666666666)
[1, 4, 10, 23, 57, 132, 301, 701, 1654, 3863, 8514, 19542]...: 7019893: ACCEPTED IN 13 TRIES, (AVG 539991.7692307692)
[1, 4, 10, 23, 57, 132, 301, 701, 1654, 3863, 8514, 19543]...: 28664000: ACCEPTED IN 53 TRIES, (AVG 540830.1886792453)
[1, 4, 10, 23, 57, 132, 301, 701, 1654, 3863, 8514, 19546]...: 8644151: ACCEPTED IN 16 TRIES, (AVG 540259.4375)
[1, 4, 10, 23, 57, 132, 301, 701, 1654, 3863, 8514, 19550]...: 24878163: ACCEPTED IN 46 TRIES, (AVG 540829.6304347826)
[1, 4, 10, 23, 57, 132, 301, 701, 1654, 3863, 8514, 19567]...: 31911849: ACCEPTED IN 59 TRIES, (AVG 540878.7966101695)
[1, 4, 10, 23, 57, 132, 301, 701, 1654, 3863, 8514, 19580]...: 3232814: ACCEPTED IN 6 TRIES, (AVG 538802.3333333334)
[1, 4, 10, 23, 57, 132, 301, 701, 1654, 3863, 8514, 19583]...: 6479382: ACCEPTED IN 12 TRIES, (AVG 539948.5)
[1, 4, 10, 23, 57, 132, 301, 701, 1654, 3863, 8514, 19600]...: 10267667: ACCEPTED IN 19 TRIES, (AVG 540403.5263157894)
[1, 4, 10, 23, 57, 132, 301, 701, 1654, 3863, 8514, 19604]...: 13513394: ACCEPTED IN 25 TRIES, (AVG 540535.76)
[1, 4, 10, 23, 57, 132, 301, 701, 1654, 3863, 8514, 19608]...: 18384757: ACCEPTED IN 34 TRIES, (AVG 540728.1470588235)
[1, 4, 10, 23, 57, 132, 301, 701, 1654, 3863, 8514, 19637]...: 7020894: ACCEPTED IN 13 TRIES, (AVG 540068.7692307692)
[1, 4, 10, 23, 57, 132, 301, 701, 1654, 3863, 8514, 19641]...: 25959286: ACCEPTED IN 48 TRIES, (AVG 540818.4583333334)
[1, 4, 10, 23, 57, 132, 301, 701, 1654, 3863, 8514, 19645]...: 20007560: ACCEPTED IN 37 TRIES, (AVG 540744.8648648649)
[1, 4, 10, 23, 57, 132, 301, 701, 1654, 3863, 8514, 19674]...: 6479853: ACCEPTED IN 12 TRIES, (AVG 539987.75)
[1, 4, 10, 23, 57, 132, 301, 701, 1654, 3863, 8514, 19678]...: 7019499: ACCEPTED IN 13 TRIES, (AVG 539961.4615384615)
[1, 4, 10, 23, 57, 132, 301, 701, 1654, 3863, 8514, 19679]...: 29748483: ACCEPTED IN 55 TRIES, (AVG 540881.509090909)
[1, 4, 10, 23, 57, 132, 301, 701, 1654, 3863, 8514, 19682]...: 6477769: ACCEPTED IN 12 TRIES, (AVG 539814.0833333334)
[1, 4, 10, 23, 57, 132, 301, 701, 1654, 3863, 8514, 19699]...: 5937894: ACCEPTED IN 11 TRIES, (AVG 539808.5454545454)
[1, 4, 10, 23, 57, 132, 301, 701, 1654, 3863, 8514, 19712]...: 24337044: ACCEPTED IN 45 TRIES, (AVG 540823.2)
[1, 4, 10, 23, 57, 132, 301, 701, 1654, 3863, 8514, 19715]...: 23253566: ACCEPTED IN 43 TRIES, (AVG 540780.6046511628)
[1, 4, 10, 23, 57, 132, 301, 701, 1654, 3863, 8514, 19719]...: 19466341: ACCEPTED IN 36 TRIES, (AVG 540731.6944444445)
[1, 4, 10, 23, 57, 132, 301, 701, 1654, 3863, 8514, 19728]...: 7020212: ACCEPTED IN 13 TRIES, (AVG 540016.3076923077)
[1, 4, 10, 23, 57, 132, 301, 701, 1654, 3863, 8514, 19736]...: 7020260: ACCEPTED IN 13 TRIES, (AVG 540020.0)
[1, 4, 10, 23, 57, 132, 301, 701, 1654, 3863, 8514, 19740]...: 12432281: ACCEPTED IN 23 TRIES, (AVG 540533.9565217391)
[1, 4, 10, 23, 57, 132, 301, 701, 1654, 3863, 8514, 19769]...: 17301828: ACCEPTED IN 32 TRIES, (AVG 540682.125)
[1, 4, 10, 23, 57, 132, 301, 701, 1654, 3863, 8514, 19773]...: 15678470: ACCEPTED IN 29 TRIES, (AVG 540636.8965517242)
[1, 4, 10, 23, 57, 132, 301, 701, 1654, 3863, 8514, 19777]...: 7020135: ACCEPTED IN 13 TRIES, (AVG 540010.3846153846)
[1, 4, 10, 23, 57, 132, 301, 701, 1654, 3863, 8514, 19806]...: 11890266: ACCEPTED IN 22 TRIES, (AVG 540466.6363636364)
[1, 4, 10, 23, 57, 132, 301, 701, 1654, 3863, 8514, 19810]...: 18924097: ACCEPTED IN 35 TRIES, (AVG 540688.4857142858)
[1, 4, 10, 23, 57, 132, 301, 701, 1654, 3863, 8514, 19811]...: 23254600: ACCEPTED IN 43 TRIES, (AVG 540804.6511627907)
[1, 4, 10, 23, 57, 132, 301, 701, 1654, 3863, 8514, 19814]...: 7020732: ACCEPTED IN 13 TRIES, (AVG 540056.3076923077)
[1, 4, 10, 23, 57, 132, 301, 701, 1654, 3863, 8514, 19844]...: 4314786: ACCEPTED IN 8 TRIES, (AVG 539348.25)
[1, 4, 10, 23, 57, 132, 301, 701, 1654, 3863, 8514, 19847]...: 7560651: ACCEPTED IN 14 TRIES, (AVG 540046.5)
[1, 4, 10, 23, 57, 132, 301, 701, 1654, 3863, 8514, 19851]...: 21631646: ACCEPTED IN 40 TRIES, (AVG 540791.15)
[1, 4, 10, 23, 57, 132, 301, 701, 1654, 3863, 8514, 19860]...: 9726162: ACCEPTED IN 18 TRIES, (AVG 540342.3333333334)
[1, 4, 10, 23, 57, 132, 301, 701, 1654, 3863, 8514, 19868]...: 11348808: ACCEPTED IN 21 TRIES, (AVG 540419.4285714285)
[1, 4, 10, 23, 57, 132, 301, 701, 1654, 3863, 8514, 19881]...: 15678681: ACCEPTED IN 29 TRIES, (AVG 540644.1724137932)
[1, 4, 10, 23, 57, 132, 301, 701, 1654, 3863, 8514, 19901]...: 11886682: ACCEPTED IN 22 TRIES, (AVG 540303.7272727273)
[1, 4, 10, 23, 57, 132, 301, 701, 1654, 3863, 8514, 19905]...: 16220281: ACCEPTED IN 30 TRIES, (AVG 540676.0333333333)
[1, 4, 10, 23, 57, 132, 301, 701, 1654, 3863, 8514, 19909]...: 10808723: ACCEPTED IN 20 TRIES, (AVG 540436.15)
[1, 4, 10, 23, 57, 132, 301, 701, 1654, 3863, 8514, 19938]...: 7562065: ACCEPTED IN 14 TRIES, (AVG 540147.5)
[1, 4, 10, 23, 57, 132, 301, 701, 1654, 3863, 8514, 19942]...: 8101152: ACCEPTED IN 15 TRIES, (AVG 540076.8)
[1, 4, 10, 23, 57, 132, 301, 701, 1654, 3863, 8514, 19943]...: 8643417: ACCEPTED IN 16 TRIES, (AVG 540213.5625)
[1, 4, 10, 23, 57, 132, 301, 701, 1654, 3863, 8514, 19946]...: 15137849: ACCEPTED IN 28 TRIES, (AVG 540637.4642857143)
[1, 4, 10, 23, 57, 132, 301, 701, 1654, 3863, 8514, 19972]...: 8102313: ACCEPTED IN 15 TRIES, (AVG 540154.2)
[1, 4, 10, 23, 57, 132, 301, 701, 1654, 3863, 8514, 19979]...: 4314973: ACCEPTED IN 8 TRIES, (AVG 539371.625)
[1, 4, 10, 23, 57, 132, 301, 701, 1654, 3863, 8514, 19980]...: 9726397: ACCEPTED IN 18 TRIES, (AVG 540355.3888888889)
[1, 4, 10, 23, 57, 132, 301, 701, 1654, 3863, 8514, 19983]...: 6478390: ACCEPTED IN 12 TRIES, (AVG 539865.8333333334)
[1, 4, 10, 23, 57, 132, 301, 701, 1654, 3863, 8514, 19992]...: 5935170: ACCEPTED IN 11 TRIES, (AVG 539560.9090909091)
[1, 4, 10, 23, 57, 132, 301, 701, 1654, 3863, 8514, 20000]...: 11890902: ACCEPTED IN 22 TRIES, (AVG 540495.5454545454)
[1, 4, 10, 23, 57, 132, 301, 701, 1654, 3863, 8514, 20013]...: 7018053: ACCEPTED IN 13 TRIES, (AVG 539850.2307692308)
[1, 4, 10, 23, 57, 132, 301, 701, 1654, 3863, 8514, 20020]...: 11890791: ACCEPTED IN 22 TRIES, (AVG 540490.5)
[1, 4, 10, 23, 57, 132, 301, 701, 1654, 3863, 8514, 20029]...: 5397133: ACCEPTED IN 10 TRIES, (AVG 539713.3)
[1, 4, 10, 23, 57, 132, 301, 701, 1654, 3863, 8514, 20033]...: 4314699: ACCEPTED IN 8 TRIES, (AVG 539337.375)
[1, 4, 10, 23, 57, 132, 301, 701, 1654, 3863, 8514, 20037]...: 15677115: ACCEPTED IN 29 TRIES, (AVG 540590.1724137932)
[1, 4, 10, 23, 57, 132, 301, 701, 1654, 3863, 8514, 20041]...: 21089634: ACCEPTED IN 39 TRIES, (AVG 540759.8461538461)
[1, 4, 10, 23, 57, 132, 301, 701, 1654, 3863, 8514, 20070]...: 7020554: ACCEPTED IN 13 TRIES, (AVG 540042.6153846154)
[1, 4, 10, 23, 57, 132, 301, 701, 1654, 3863, 8514, 20074]...: 4313477: ACCEPTED IN 8 TRIES, (AVG 539184.625)
[1, 4, 10, 23, 57, 132, 301, 701, 1654, 3863, 8514, 20078]...: 6479615: ACCEPTED IN 12 TRIES, (AVG 539967.9166666666)
[1, 4, 10, 23, 57, 132, 301, 701, 1654, 3863, 8514, 20104]...: 10807505: ACCEPTED IN 20 TRIES, (AVG 540375.25)
[1, 4, 10, 23, 57, 132, 301, 701, 1654, 3863, 8514, 20111]...: 7562122: ACCEPTED IN 14 TRIES, (AVG 540151.5714285715)
[1, 4, 10, 23, 57, 132, 301, 701, 1654, 3863, 8514, 20112]...: 24336732: ACCEPTED IN 45 TRIES, (AVG 540816.2666666667)
[1, 4, 10, 23, 57, 132, 301, 701, 1654, 3863, 8514, 20115]...: 11890644: ACCEPTED IN 22 TRIES, (AVG 540483.8181818182)
[1, 4, 10, 23, 57, 132, 301, 701, 1654, 3863, 8514, 20124]...: 7020438: ACCEPTED IN 13 TRIES, (AVG 540033.6923076923)
[1, 4, 10, 23, 57, 132, 301, 701, 1654, 3863, 8514, 20145]...: 25959802: ACCEPTED IN 48 TRIES, (AVG 540829.2083333334)
[1, 4, 10, 23, 57, 132, 301, 701, 1654, 3863, 8514, 20152]...: 18923163: ACCEPTED IN 35 TRIES, (AVG 540661.8)
[1, 4, 10, 23, 57, 132, 301, 701, 1654, 3863, 8514, 20161]...: 6477744: ACCEPTED IN 12 TRIES, (AVG 539812.0)
[1, 4, 10, 23, 57, 132, 301, 701, 1654, 3863, 8514, 20165]...: 4856067: ACCEPTED IN 9 TRIES, (AVG 539563.0)
[1, 4, 10, 23, 57, 132, 301, 701, 1654, 3863, 8514, 20169]...: 17302167: ACCEPTED IN 32 TRIES, (AVG 540692.71875)
[1, 4, 10, 23, 57, 132, 301, 701, 1654, 3863, 8514, 20182]...: 7020933: ACCEPTED IN 13 TRIES, (AVG 540071.7692307692)
[1, 4, 10, 23, 57, 132, 301, 701, 1654, 3863, 8514, 20202]...: 7020971: ACCEPTED IN 13 TRIES, (AVG 540074.6923076923)
[1, 4, 10, 23, 57, 132, 301, 701, 1654, 3863, 8514, 20206]...: 17840983: ACCEPTED IN 33 TRIES, (AVG 540635.8484848485)
[1, 4, 10, 23, 57, 132, 301, 701, 1654, 3863, 8514, 20210]...: 7019497: ACCEPTED IN 13 TRIES, (AVG 539961.3076923077)
[1, 4, 10, 23, 57, 132, 301, 701, 1654, 3863, 8514, 20236]...: 15679160: ACCEPTED IN 29 TRIES, (AVG 540660.6896551724)
[1, 4, 10, 23, 57, 132, 301, 701, 1654, 3863, 8514, 20243]...: 5397001: ACCEPTED IN 10 TRIES, (AVG 539700.1)
[1, 4, 10, 23, 57, 132, 301, 701, 1654, 3863, 8514, 20244]...: 6479096: ACCEPTED IN 12 TRIES, (AVG 539924.6666666666)
[1, 4, 10, 23, 57, 132, 301, 701, 1654, 3863, 8514, 20247]...: 20547015: ACCEPTED IN 38 TRIES, (AVG 540710.9210526316)
[1, 4, 10, 23, 57, 132, 301, 701, 1654, 3863, 8514, 20256]...: 6479393: ACCEPTED IN 12 TRIES, (AVG 539949.4166666666)
[1, 4, 10, 23, 57, 132, 301, 701, 1654, 3863, 8514, 20273]...: 9725865: ACCEPTED IN 18 TRIES, (AVG 540325.8333333334)
[1, 4, 10, 23, 57, 132, 301, 701, 1654, 3863, 8514, 20277]...: 5938353: ACCEPTED IN 11 TRIES, (AVG 539850.2727272727)
[1, 4, 10, 23, 57, 132, 301, 701, 1654, 3863, 8514, 20281]...: 4312083: ACCEPTED IN 8 TRIES, (AVG 539010.375)
[1, 4, 10, 23, 57, 132, 301, 701, 1654, 3863, 8514, 20284]...: 20007295: ACCEPTED IN 37 TRIES, (AVG 540737.7027027027)
[1, 4, 10, 23, 57, 132, 301, 701, 1654, 3863, 8514, 20293]...: 6478862: ACCEPTED IN 12 TRIES, (AVG 539905.1666666666)
[1, 4, 10, 23, 57, 132, 301, 701, 1654, 3863, 8514, 20297]...: 17840741: ACCEPTED IN 33 TRIES, (AVG 540628.5151515151)
[1, 4, 10, 23, 57, 132, 301, 701, 1654, 3863, 8514, 20301]...: 16219942: ACCEPTED IN 30 TRIES, (AVG 540664.7333333333)
[1, 4, 10, 23, 57, 132, 301, 701, 1654, 3863, 8514, 20314]...: 7017434: ACCEPTED IN 13 TRIES, (AVG 539802.6153846154)
[1, 4, 10, 23, 57, 132, 301, 701, 1654, 3863, 8514, 20330]...: 15677620: ACCEPTED IN 29 TRIES, (AVG 540607.5862068966)
[1, 4, 10, 23, 57, 132, 301, 701, 1654, 3863, 8514, 20334]...: 16220175: ACCEPTED IN 30 TRIES, (AVG 540672.5)
[1, 4, 10, 23, 57, 132, 301, 701, 1654, 3863, 8514, 20338]...: 12972332: ACCEPTED IN 24 TRIES, (AVG 540513.8333333334)
[1, 4, 10, 23, 57, 132, 301, 701, 1654, 3863, 8514, 20342]...: 23254744: ACCEPTED IN 43 TRIES, (AVG 540808.0)
[1, 4, 10, 23, 57, 132, 301, 701, 1654, 3863, 8514, 20368]...: 4312377: ACCEPTED IN 8 TRIES, (AVG 539047.125)
[1, 4, 10, 23, 57, 132, 301, 701, 1654, 3863, 8514, 20371]...: 12431807: ACCEPTED IN 23 TRIES, (AVG 540513.3478260869)
[1, 4, 10, 23, 57, 132, 301, 701, 1654, 3863, 8514, 20375]...: 7018635: ACCEPTED IN 13 TRIES, (AVG 539895.0)
[1, 4, 10, 23, 57, 132, 301, 701, 1654, 3863, 8514, 20379]...: 7020046: ACCEPTED IN 13 TRIES, (AVG 540003.5384615385)
[1, 4, 10, 23, 57, 132, 301, 701, 1654, 3863, 8514, 20388]...: 17843103: ACCEPTED IN 33 TRIES, (AVG 540700.0909090909)
[1, 4, 10, 23, 57, 132, 301, 701, 1654, 3863, 8514, 20405]...: 17841211: ACCEPTED IN 33 TRIES, (AVG 540642.7575757576)
[1, 4, 10, 23, 57, 132, 301, 701, 1654, 3863, 8514, 20409]...: 8103127: ACCEPTED IN 15 TRIES, (AVG 540208.4666666667)
[1, 4, 10, 23, 57, 132, 301, 701, 1654, 3863, 8514, 20413]...: 7561592: ACCEPTED IN 14 TRIES, (AVG 540113.7142857143)
[1, 4, 10, 23, 57, 132, 301, 701, 1654, 3863, 8514, 20416]...: 25419492: ACCEPTED IN 47 TRIES, (AVG 540840.2553191489)
[1, 4, 10, 23, 57, 132, 301, 701, 1654, 3863, 8514, 20425]...: 8102623: ACCEPTED IN 15 TRIES, (AVG 540174.8666666667)
[1, 4, 10, 23, 57, 132, 301, 701, 1654, 3863, 8514, 20429]...: 6477484: ACCEPTED IN 12 TRIES, (AVG 539790.3333333334)
