[1, 4, 10, 23, 57, 132, 301, 701, 1654, 3863, 9254, 20370]...: 4315143: ACCEPTED IN 8 TRIES, (AVG 539392.875)
[1, 4, 10, 23, 57, 132, 301, 701, 1654, 3863, 9254, 20374]...: 11890857: ACCEPTED IN 22 TRIES, (AVG 540493.5)
[1, 4, 10, 23, 57, 132, 301, 701, 1654, 3863, 9254, 20382]...: 4856162: ACCEPTED IN 9 TRIES, (AVG 539573.5555555555)
[1, 4, 10, 23, 57, 132, 301, 701, 1654, 3863, 9254, 20403]...: 4855567: ACCEPTED IN 9 TRIES, (AVG 539507.4444444445)
[1, 4, 10, 23, 57, 132, 301, 701, 1654, 3863, 9254, 20407]...: 7560889: ACCEPTED IN 14 TRIES, (AVG 540063.5)
[1, 4, 10, 23, 57, 132, 301, 701, 1654, 3863, 9254, 20411]...: 9184003: ACCEPTED IN 17 TRIES, (AVG 540235.4705882353)
[1, 4, 10, 23, 57, 132, 301, 701, 1654, 3863, 9254, 20440]...: 8102511: ACCEPTED IN 15 TRIES, (AVG 540167.4)
[1, 4, 10, 23, 57, 132, 301, 701, 1654, 3863, 9254, 20444]...: 4856278: ACCEPTED IN 9 TRIES, (AVG 539586.4444444445)
[1, 4, 10, 23, 57, 132, 301, 701, 1654, 3863, 9254, 20448]...: 7020806: ACCEPTED IN 13 TRIES, (AVG 540062.0)
[1, 4, 10, 23, 57, 132, 301, 701, 1654, 3863, 9254, 20473]...: 18924067: ACCEPTED IN 35 TRIES, (AVG 540687.6285714286)
[1, 4, 10, 23, 57, 132, 301, 701, 1654, 3863, 9254, 20477]...: 11890297: ACCEPTED IN 22 TRIES, (AVG 540468.0454545454)
[1, 4, 10, 23, 57, 132, 301, 701, 1654, 3863, 9254, 20481]...: 6479476: ACCEPTED IN 12 TRIES, (AVG 539956.3333333334)
[1, 4, 10, 23, 57, 132, 301, 701, 1654, 3863, 9254, 20502]...: 6479130: ACCEPTED IN 12 TRIES, (AVG 539927.5)
[1, 4, 10, 23, 57, 132, 301, 701, 1654, 3863, 9254, 20506]...: 3773696: ACCEPTED IN 7 TRIES, (AVG 539099.4285714285)
[1, 4, 10, 23, 57, 132, 301, 701, 1654, 3863, 9254, 20514]...: 13512914: ACCEPTED IN 25 TRIES, (AVG 540516.56)
[1, 4, 10, 23, 57, 132, 301, 701, 1654, 3863, 9254, 20518]...: 5935540: ACCEPTED IN 11 TRIES, (AVG 539594.5454545454)
[1, 4, 10, 23, 57, 132, 301, 701, 1654, 3863, 9254, 20539]...: 12973419: ACCEPTED IN 24 TRIES, (AVG 540559.125)
[1, 4, 10, 23, 57, 132, 301, 701, 1654, 3863, 9254, 20543]...: 9183695: ACCEPTED IN 17 TRIES, (AVG 540217.3529411765)
[1, 4, 10, 23, 57, 132, 301, 701, 1654, 3863, 9254, 20572]...: 14055331: ACCEPTED IN 26 TRIES, (AVG 540589.6538461539)
[1, 4, 10, 23, 57, 132, 301, 701, 1654, 3863, 9254, 20576]...: 15678781: ACCEPTED IN 29 TRIES, (AVG 540647.6206896552)
[1, 4, 10, 23, 57, 132, 301, 701, 1654, 3863, 9254, 20580]...: 3773220: ACCEPTED IN 7 TRIES, (AVG 539031.4285714285)
[1, 4, 10, 23, 57, 132, 301, 701, 1654, 3863, 9254, 20605]...: 7018449: ACCEPTED IN 13 TRIES, (AVG 539880.6923076923)
[1, 4, 10, 23, 57, 132, 301, 701, 1654, 3863, 9254, 20609]...: 5936077: ACCEPTED IN 11 TRIES, (AVG 539643.3636363636)
[1, 4, 10, 23, 57, 132, 301, 701, 1654, 3863, 9254, 20613]...: 14593670: ACCEPTED IN 27 TRIES, (AVG 540506.2962962963)
[1, 4, 10, 23, 57, 132, 301, 701, 1654, 3863, 9254, 20617]...: 7561322: ACCEPTED IN 14 TRIES, (AVG 540094.4285714285)
[1, 4, 10, 23, 57, 132, 301, 701, 1654, 3863, 9254, 20638]...: 9184848: ACCEPTED IN 17 TRIES, (AVG 540285.1764705882)
[1, 4, 10, 23, 57, 132, 301, 701, 1654, 3863, 9254, 20646]...: 12972483: ACCEPTED IN 24 TRIES, (AVG 540520.125)
[1, 4, 10, 23, 57, 132, 301, 701, 1654, 3863, 9254, 20650]...: 7561622: ACCEPTED IN 14 TRIES, (AVG 540115.8571428572)
[1, 4, 10, 23, 57, 132, 301, 701, 1654, 3863, 9254, 20671]...: 7561569: ACCEPTED IN 14 TRIES, (AVG 540112.0714285715)
[1, 4, 10, 23, 57, 132, 301, 701, 1654, 3863, 9254, 20675]...: 7018156: ACCEPTED IN 13 TRIES, (AVG 539858.1538461539)
[1, 4, 10, 23, 57, 132, 301, 701, 1654, 3863, 9254, 20704]...: 7020690: ACCEPTED IN 13 TRIES, (AVG 540053.0769230769)
[1, 4, 10, 23, 57, 132, 301, 701, 1654, 3863, 9254, 20708]...: 15135126: ACCEPTED IN 28 TRIES, (AVG 540540.2142857143)
[1, 4, 10, 23, 57, 132, 301, 701, 1654, 3863, 9254, 20712]...: 8102146: ACCEPTED IN 15 TRIES, (AVG 540143.0666666667)
[1, 4, 10, 23, 57, 132, 301, 701, 1654, 3863, 9254, 20741]...: 14596392: ACCEPTED IN 27 TRIES, (AVG 540607.1111111111)
[1, 4, 10, 23, 57, 132, 301, 701, 1654, 3863, 9254, 20745]...: 11890065: ACCEPTED IN 22 TRIES, (AVG 540457.5)
[1, 4, 10, 23, 57, 132, 301, 701, 1654, 3863, 9254, 20749]...: 14055596: ACCEPTED IN 26 TRIES, (AVG 540599.8461538461)
[1, 4, 10, 23, 57, 132, 301, 701, 1654, 3863, 9254, 20770]...: 4314529: ACCEPTED IN 8 TRIES, (AVG 539316.125)
[1, 4, 10, 23, 57, 132, 301, 701, 1654, 3863, 9254, 20778]...: 9184280: ACCEPTED IN 17 TRIES, (AVG 540251.7647058824)
[1, 4, 10, 23, 57, 132, 301, 701, 1654, 3863, 9254, 20782]...: 4314652: ACCEPTED IN 8 TRIES, (AVG 539331.5)
[1, 4, 10, 23, 57, 132, 301, 701, 1654, 3863, 9254, 20803]...: 14055588: ACCEPTED IN 26 TRIES, (AVG 540599.5384615385)
[1, 4, 10, 23, 57, 132, 301, 701, 1654, 3863, 9254, 20807]...: 11890001: ACCEPTED IN 22 TRIES, (AVG 540454.5909090909)
[1, 4, 10, 23, 57, 132, 301, 701, 1654, 3863, 9254, 20819]...: 3232388: ACCEPTED IN 6 TRIES, (AVG 538731.3333333334)
[1, 4, 10, 23, 57, 132, 301, 701, 1654, 3863, 9254, 20840]...: 8103174: ACCEPTED IN 15 TRIES, (AVG 540211.6)
[1, 4, 10, 23, 57, 132, 301, 701, 1654, 3863, 9254, 20844]...: 3773839: ACCEPTED IN 7 TRIES, (AVG 539119.8571428572)
[1, 4, 10, 23, 57, 132, 301, 701, 1654, 3863, 9254, 20873]...: 4853184: ACCEPTED IN 9 TRIES, (AVG 539242.6666666666)
[1, 4, 10, 23, 57, 132, 301, 701, 1654, 3863, 9254, 20877]...: 9185336: ACCEPTED IN 17 TRIES, (AVG 540313.8823529412)
[1, 4, 10, 23, 57, 132, 301, 701, 1654, 3863, 9254, 20881]...: 7019672: ACCEPTED IN 13 TRIES, (AVG 539974.7692307692)
[1, 4, 10, 23, 57, 132, 301, 701, 1654, 3863, 9254, 20902]...: 5938068: ACCEPTED IN 11 TRIES, (AVG 539824.3636363636)
[1, 4, 10, 23, 57, 132, 301, 701, 1654, 3863, 9254, 20906]...: 10267131: ACCEPTED IN 19 TRIES, (AVG 540375.3157894737)
[1, 4, 10, 23, 57, 132, 301, 701, 1654, 3863, 9254, 20910]...: 4314340: ACCEPTED IN 8 TRIES, (AVG 539292.5)
[1, 4, 10, 23, 57, 132, 301, 701, 1654, 3863, 9254, 20914]...: 15137288: ACCEPTED IN 28 TRIES, (AVG 540617.4285714285)
[1, 4, 10, 23, 57, 132, 301, 701, 1654, 3863, 9254, 20918]...: 10264797: ACCEPTED IN 19 TRIES, (AVG 540252.4736842106)
[1, 4, 10, 23, 57, 132, 301, 701, 1654, 3863, 9254, 20939]...: 11350005: ACCEPTED IN 21 TRIES, (AVG 540476.4285714285)
[1, 4, 10, 23, 57, 132, 301, 701, 1654, 3863, 9254, 20951]...: 6477740: ACCEPTED IN 12 TRIES, (AVG 539811.6666666666)
[1, 4, 10, 23, 57, 132, 301, 701, 1654, 3863, 9254, 20972]...: 7561950: ACCEPTED IN 14 TRIES, (AVG 540139.2857142857)
[1, 4, 10, 23, 57, 132, 301, 701, 1654, 3863, 9254, 20976]...: 5936634: ACCEPTED IN 11 TRIES, (AVG 539694.0)
[1, 4, 10, 23, 57, 132, 301, 701, 1654, 3863, 9254, 21005]...: 15137403: ACCEPTED IN 28 TRIES, (AVG 540621.5357142857)
[1, 4, 10, 23, 57, 132, 301, 701, 1654, 3863, 9254, 21009]...: 3772369: ACCEPTED IN 7 TRIES, (AVG 538909.8571428572)
[1, 4, 10, 23, 57, 132, 301, 701, 1654, 3863, 9254, 21013]...: 7019979: ACCEPTED IN 13 TRIES, (AVG 539998.3846153846)
[1, 4, 10, 23, 57, 132, 301, 701, 1654, 3863, 9254, 21042]...: 5936302: ACCEPTED IN 11 TRIES, (AVG 539663.8181818182)
[1, 4, 10, 23, 57, 132, 301, 701, 1654, 3863, 9254, 21046]...: 7020239: ACCEPTED IN 13 TRIES, (AVG 540018.3846153846)
[1, 4, 10, 23, 57, 132, 301, 701, 1654, 3863, 9254, 21050]...: 14055147: ACCEPTED IN 26 TRIES, (AVG 540582.5769230769)
[1, 4, 10, 23, 57, 132, 301, 701, 1654, 3863, 9254, 21071]...: 6479718: ACCEPTED IN 12 TRIES, (AVG 539976.5)
[1, 4, 10, 23, 57, 132, 301, 701, 1654, 3863, 9254, 21083]...: 7560725: ACCEPTED IN 14 TRIES, (AVG 540051.7857142857)
[1, 4, 10, 23, 57, 132, 301, 701, 1654, 3863, 9254, 21104]...: 5936872: ACCEPTED IN 11 TRIES, (AVG 539715.6363636364)
[1, 4, 10, 23, 57, 132, 301, 701, 1654, 3863, 9254, 21141]...: 9725628: ACCEPTED IN 18 TRIES, (AVG 540312.6666666666)
[1, 4, 10, 23, 57, 132, 301, 701, 1654, 3863, 9254, 21145]...: 4314542: ACCEPTED IN 8 TRIES, (AVG 539317.75)
[1, 4, 10, 23, 57, 132, 301, 701, 1654, 3863, 9254, 21174]...: 7561315: ACCEPTED IN 14 TRIES, (AVG 540093.9285714285)
[1, 4, 10, 23, 57, 132, 301, 701, 1654, 3863, 9254, 21178]...: 8102107: ACCEPTED IN 15 TRIES, (AVG 540140.4666666667)
[1, 4, 10, 23, 57, 132, 301, 701, 1654, 3863, 9254, 21182]...: 3773845: ACCEPTED IN 7 TRIES, (AVG 539120.7142857143)
[1, 4, 10, 23, 57, 132, 301, 701, 1654, 3863, 9254, 21203]...: 9724218: ACCEPTED IN 18 TRIES, (AVG 540234.3333333334)
[1, 4, 10, 23, 57, 132, 301, 701, 1654, 3863, 9254, 21207]...: 7020529: ACCEPTED IN 13 TRIES, (AVG 540040.6923076923)
[1, 4, 10, 23, 57, 132, 301, 701, 1654, 3863, 9254, 21215]...: 7020028: ACCEPTED IN 13 TRIES, (AVG 540002.1538461539)
[1, 4, 10, 23, 57, 132, 301, 701, 1654, 3863, 9254, 21219]...: 7020904: ACCEPTED IN 13 TRIES, (AVG 540069.5384615385)
[1, 4, 10, 23, 57, 132, 301, 701, 1654, 3863, 9254, 21273]...: 7020014: ACCEPTED IN 13 TRIES, (AVG 540001.0769230769)
[1, 4, 10, 23, 57, 132, 301, 701, 1654, 3863, 9254, 21277]...: 7019225: ACCEPTED IN 13 TRIES, (AVG 539940.3846153846)
[1, 4, 10, 23, 57, 132, 301, 701, 1654, 3863, 9254, 21306]...: 4854191: ACCEPTED IN 9 TRIES, (AVG 539354.5555555555)
[1, 4, 10, 23, 57, 132, 301, 701, 1654, 3863, 9254, 21310]...: 7561925: ACCEPTED IN 14 TRIES, (AVG 540137.5)
[1, 4, 10, 23, 57, 132, 301, 701, 1654, 3863, 9254, 21314]...: 8101825: ACCEPTED IN 15 TRIES, (AVG 540121.6666666666)
[1, 4, 10, 23, 57, 132, 301, 701, 1654, 3863, 9254, 21339]...: 11349940: ACCEPTED IN 21 TRIES, (AVG 540473.3333333334)
[1, 4, 10, 23, 57, 132, 301, 701, 1654, 3863, 9254, 21347]...: 4854923: ACCEPTED IN 9 TRIES, (AVG 539435.8888888889)
[1, 4, 10, 23, 57, 132, 301, 701, 1654, 3863, 9254, 21351]...: 9184459: ACCEPTED IN 17 TRIES, (AVG 540262.2941176471)
[1, 4, 10, 23, 57, 132, 301, 701, 1654, 3863, 9254, 21405]...: 7020385: ACCEPTED IN 13 TRIES, (AVG 540029.6153846154)
[1, 4, 10, 23, 57, 132, 301, 701, 1654, 3863, 9254, 21442]...: 8102815: ACCEPTED IN 15 TRIES, (AVG 540187.6666666666)
[1, 4, 10, 23, 57, 132, 301, 701, 1654, 3863, 9254, 21446]...: 4855447: ACCEPTED IN 9 TRIES, (AVG 539494.1111111111)
[1, 4, 10, 23, 57, 132, 301, 701, 1654, 3863, 9254, 21471]...: 8644044: ACCEPTED IN 16 TRIES, (AVG 540252.75)
[1, 4, 10, 23, 57, 132, 301, 701, 1654, 3863, 9254, 21479]...: 5936090: ACCEPTED IN 11 TRIES, (AVG 539644.5454545454)
[1, 4, 10, 23, 57, 132, 301, 701, 1654, 3863, 9254, 21483]...: 3773786: ACCEPTED IN 7 TRIES, (AVG 539112.2857142857)
[1, 4, 10, 23, 57, 132, 301, 701, 1654, 3863, 9254, 21508]...: 7019180: ACCEPTED IN 13 TRIES, (AVG 539936.9230769231)
[1, 4, 10, 23, 57, 132, 301, 701, 1654, 3863, 9254, 21520]...: 4855901: ACCEPTED IN 9 TRIES, (AVG 539544.5555555555)
[1, 4, 10, 23, 57, 132, 301, 701, 1654, 3863, 9254, 21574]...: 9185400: ACCEPTED IN 17 TRIES, (AVG 540317.6470588235)
[1, 4, 10, 23, 57, 132, 301, 701, 1654, 3863, 9254, 21578]...: 4855365: ACCEPTED IN 9 TRIES, (AVG 539485.0)
[1, 4, 10, 23, 57, 132, 301, 701, 1654, 3863, 9254, 21603]...: 9184595: ACCEPTED IN 17 TRIES, (AVG 540270.2941176471)
[1, 4, 10, 23, 57, 132, 301, 701, 1654, 3863, 9254, 21607]...: 6479637: ACCEPTED IN 12 TRIES, (AVG 539969.75)
[1, 4, 10, 23, 57, 132, 301, 701, 1654, 3863, 9254, 21611]...: 5938044: ACCEPTED IN 11 TRIES, (AVG 539822.1818181818)
[1, 4, 10, 23, 57, 132, 301, 701, 1654, 3863, 9254, 21615]...: 9184389: ACCEPTED IN 17 TRIES, (AVG 540258.1764705882)
[1, 4, 10, 23, 57, 132, 301, 701, 1654, 3863, 9254, 21640]...: 3772427: ACCEPTED IN 7 TRIES, (AVG 538918.1428571428)
[1, 4, 10, 23, 57, 132, 301, 701, 1654, 3863, 9254, 21652]...: 4314546: ACCEPTED IN 8 TRIES, (AVG 539318.25)
[1, 4, 10, 23, 57, 132, 301, 701, 1654, 3863, 9254, 21706]...: 7020735: ACCEPTED IN 13 TRIES, (AVG 540056.5384615385)
[1, 4, 10, 23, 57, 132, 301, 701, 1654, 3863, 9254, 21743]...: 8101495: ACCEPTED IN 15 TRIES, (AVG 540099.6666666666)
[1, 4, 10, 23, 57, 132, 301, 701, 1654, 3863, 9254, 21747]...: 7019156: ACCEPTED IN 13 TRIES, (AVG 539935.0769230769)
[1, 4, 10, 23, 57, 132, 301, 701, 1654, 3863, 9254, 21772]...: 4856247: ACCEPTED IN 9 TRIES, (AVG 539583.0)
[1, 4, 10, 23, 57, 132, 301, 701, 1654, 3863, 9254, 21784]...: 11347733: ACCEPTED IN 21 TRIES, (AVG 540368.2380952381)
[1, 4, 10, 23, 57, 132, 301, 701, 1654, 3863, 9254, 21875]...: 4852987: ACCEPTED IN 9 TRIES, (AVG 539220.7777777778)
[1, 4, 10, 23, 57, 132, 301, 701, 1654, 3863, 9254, 21879]...: 7020254: ACCEPTED IN 13 TRIES, (AVG 540019.5384615385)
[1, 4, 10, 23, 57, 132, 301, 701, 1654, 3863, 9254, 21904]...: 5936479: ACCEPTED IN 11 TRIES, (AVG 539679.9090909091)
[1, 4, 10, 23, 57, 132, 301, 701, 1654, 3863, 9254, 21908]...: 5937406: ACCEPTED IN 11 TRIES, (AVG 539764.1818181818)
[1, 4, 10, 23, 57, 132, 301, 701, 1654, 3863, 9254, 21916]...: 7019862: ACCEPTED IN 13 TRIES, (AVG 539989.3846153846)
[1, 4, 10, 23, 57, 132, 301, 701, 1654, 3863, 9254, 22007]...: 7561674: ACCEPTED IN 14 TRIES, (AVG 540119.5714285715)
[1, 4, 10, 23, 57, 132, 301, 701, 1654, 3863, 9254, 22040]...: 3771104: ACCEPTED IN 7 TRIES, (AVG 538729.1428571428)
[1, 4, 10, 23, 57, 132, 301, 701, 1654, 3863, 9254, 22048]...: 3773205: ACCEPTED IN 7 TRIES, (AVG 539029.2857142857)
[1, 4, 10, 23, 57, 132, 301, 701, 1654, 3863, 9254, 22172]...: 7019870: ACCEPTED IN 13 TRIES, (AVG 539990.0)
[1, 4, 10, 23, 57, 132, 301, 701, 1654, 3863, 9254, 22180]...: 7020558: ACCEPTED IN 13 TRIES, (AVG 540042.9230769231)
[1, 4, 10, 23, 57, 132, 301, 701, 1654, 3863, 9254, 22209]...: 4314835: ACCEPTED IN 8 TRIES, (AVG 539354.375)
