[1, 4, 10, 23, 57, 132, 301, 701, 1654, 3875, 8877, 19530]...: 12971051: ACCEPTED IN 24 TRIES, (AVG 540460.4583333334)
[1, 4, 10, 23, 57, 132, 301, 701, 1654, 3875, 8877, 19534]...: 12972974: ACCEPTED IN 24 TRIES, (AVG 540540.5833333334)
[1, 4, 10, 23, 57, 132, 301, 701, 1654, 3875, 8877, 19546]...: 17843188: ACCEPTED IN 33 TRIES, (AVG 540702.6666666666)
[1, 4, 10, 23, 57, 132, 301, 701, 1654, 3875, 8877, 19550]...: 22170960: ACCEPTED IN 41 TRIES, (AVG 540755.1219512195)
[1, 4, 10, 23, 57, 132, 301, 701, 1654, 3875, 8877, 19567]...: 18384378: ACCEPTED IN 34 TRIES, (AVG 540717.0)
[1, 4, 10, 23, 57, 132, 301, 701, 1654, 3875, 8877, 19572]...: 14054752: ACCEPTED IN 26 TRIES, (AVG 540567.3846153846)
[1, 4, 10, 23, 57, 132, 301, 701, 1654, 3875, 8877, 19587]...: 8103181: ACCEPTED IN 15 TRIES, (AVG 540212.0666666667)
[1, 4, 10, 23, 57, 132, 301, 701, 1654, 3875, 8877, 19604]...: 16218937: ACCEPTED IN 30 TRIES, (AVG 540631.2333333333)
[1, 4, 10, 23, 57, 132, 301, 701, 1654, 3875, 8877, 19641]...: 14596227: ACCEPTED IN 27 TRIES, (AVG 540601.0)
[1, 4, 10, 23, 57, 132, 301, 701, 1654, 3875, 8877, 19645]...: 8644109: ACCEPTED IN 16 TRIES, (AVG 540256.8125)
[1, 4, 10, 23, 57, 132, 301, 701, 1654, 3875, 8877, 19662]...: 11348623: ACCEPTED IN 21 TRIES, (AVG 540410.619047619)
[1, 4, 10, 23, 57, 132, 301, 701, 1654, 3875, 8877, 19666]...: 12972769: ACCEPTED IN 24 TRIES, (AVG 540532.0416666666)
[1, 4, 10, 23, 57, 132, 301, 701, 1654, 3875, 8877, 19678]...: 16218258: ACCEPTED IN 30 TRIES, (AVG 540608.6)
[1, 4, 10, 23, 57, 132, 301, 701, 1654, 3875, 8877, 19682]...: 7561694: ACCEPTED IN 14 TRIES, (AVG 540121.0)
[1, 4, 10, 23, 57, 132, 301, 701, 1654, 3875, 8877, 19699]...: 9185427: ACCEPTED IN 17 TRIES, (AVG 540319.2352941176)
[1, 4, 10, 23, 57, 132, 301, 701, 1654, 3875, 8877, 19704]...: 16219916: ACCEPTED IN 30 TRIES, (AVG 540663.8666666667)
[1, 4, 10, 23, 57, 132, 301, 701, 1654, 3875, 8877, 19707]...: 10808620: ACCEPTED IN 20 TRIES, (AVG 540431.0)
[1, 4, 10, 23, 57, 132, 301, 701, 1654, 3875, 8877, 19719]...: 10266803: ACCEPTED IN 19 TRIES, (AVG 540358.052631579)
[1, 4, 10, 23, 57, 132, 301, 701, 1654, 3875, 8877, 19736]...: 9726177: ACCEPTED IN 18 TRIES, (AVG 540343.1666666666)
[1, 4, 10, 23, 57, 132, 301, 701, 1654, 3875, 8877, 19741]...: 11347813: ACCEPTED IN 21 TRIES, (AVG 540372.0476190476)
[1, 4, 10, 23, 57, 132, 301, 701, 1654, 3875, 8877, 19773]...: 10265773: ACCEPTED IN 19 TRIES, (AVG 540303.8421052631)
[1, 4, 10, 23, 57, 132, 301, 701, 1654, 3875, 8877, 19777]...: 10266668: ACCEPTED IN 19 TRIES, (AVG 540350.947368421)
[1, 4, 10, 23, 57, 132, 301, 701, 1654, 3875, 8877, 19798]...: 14055351: ACCEPTED IN 26 TRIES, (AVG 540590.4230769231)
[1, 4, 10, 23, 57, 132, 301, 701, 1654, 3875, 8877, 19810]...: 8102520: ACCEPTED IN 15 TRIES, (AVG 540168.0)
[1, 4, 10, 23, 57, 132, 301, 701, 1654, 3875, 8877, 19814]...: 15137562: ACCEPTED IN 28 TRIES, (AVG 540627.2142857143)
[1, 4, 10, 23, 57, 132, 301, 701, 1654, 3875, 8877, 19831]...: 16760508: ACCEPTED IN 31 TRIES, (AVG 540661.5483870967)
[1, 4, 10, 23, 57, 132, 301, 701, 1654, 3875, 8877, 19836]...: 14053125: ACCEPTED IN 26 TRIES, (AVG 540504.8076923077)
[1, 4, 10, 23, 57, 132, 301, 701, 1654, 3875, 8877, 19839]...: 9183872: ACCEPTED IN 17 TRIES, (AVG 540227.7647058824)
[1, 4, 10, 23, 57, 132, 301, 701, 1654, 3875, 8877, 19851]...: 12429005: ACCEPTED IN 23 TRIES, (AVG 540391.5217391305)
[1, 4, 10, 23, 57, 132, 301, 701, 1654, 3875, 8877, 19868]...: 11890952: ACCEPTED IN 22 TRIES, (AVG 540497.8181818182)
[1, 4, 10, 23, 57, 132, 301, 701, 1654, 3875, 8877, 19873]...: 10806524: ACCEPTED IN 20 TRIES, (AVG 540326.2)
[1, 4, 10, 23, 57, 132, 301, 701, 1654, 3875, 8877, 19905]...: 11347623: ACCEPTED IN 21 TRIES, (AVG 540363.0)
[1, 4, 10, 23, 57, 132, 301, 701, 1654, 3875, 8877, 19930]...: 11888809: ACCEPTED IN 22 TRIES, (AVG 540400.4090909091)
[1, 4, 10, 23, 57, 132, 301, 701, 1654, 3875, 8877, 19942]...: 12973082: ACCEPTED IN 24 TRIES, (AVG 540545.0833333334)
[1, 4, 10, 23, 57, 132, 301, 701, 1654, 3875, 8877, 19946]...: 9725878: ACCEPTED IN 18 TRIES, (AVG 540326.5555555555)
[1, 4, 10, 23, 57, 132, 301, 701, 1654, 3875, 8877, 19963]...: 14054488: ACCEPTED IN 26 TRIES, (AVG 540557.2307692308)
[1, 4, 10, 23, 57, 132, 301, 701, 1654, 3875, 8877, 19968]...: 14595137: ACCEPTED IN 27 TRIES, (AVG 540560.6296296297)
[1, 4, 10, 23, 57, 132, 301, 701, 1654, 3875, 8877, 19971]...: 10267381: ACCEPTED IN 19 TRIES, (AVG 540388.4736842106)
[1, 4, 10, 23, 57, 132, 301, 701, 1654, 3875, 8877, 19983]...: 11888424: ACCEPTED IN 22 TRIES, (AVG 540382.9090909091)
[1, 4, 10, 23, 57, 132, 301, 701, 1654, 3875, 8877, 20000]...: 17301715: ACCEPTED IN 32 TRIES, (AVG 540678.59375)
[1, 4, 10, 23, 57, 132, 301, 701, 1654, 3875, 8877, 20005]...: 21631297: ACCEPTED IN 40 TRIES, (AVG 540782.425)
[1, 4, 10, 23, 57, 132, 301, 701, 1654, 3875, 8877, 20037]...: 24877513: ACCEPTED IN 46 TRIES, (AVG 540815.5)
[1, 4, 10, 23, 57, 132, 301, 701, 1654, 3875, 8877, 20042]...: 11889208: ACCEPTED IN 22 TRIES, (AVG 540418.5454545454)
[1, 4, 10, 23, 57, 132, 301, 701, 1654, 3875, 8877, 20062]...: 11885609: ACCEPTED IN 22 TRIES, (AVG 540254.9545454546)
[1, 4, 10, 23, 57, 132, 301, 701, 1654, 3875, 8877, 20074]...: 12432150: ACCEPTED IN 23 TRIES, (AVG 540528.2608695652)
[1, 4, 10, 23, 57, 132, 301, 701, 1654, 3875, 8877, 20078]...: 11890303: ACCEPTED IN 22 TRIES, (AVG 540468.3181818182)
[1, 4, 10, 23, 57, 132, 301, 701, 1654, 3875, 8877, 20091]...: 5935617: ACCEPTED IN 11 TRIES, (AVG 539601.5454545454)
[1, 4, 10, 23, 57, 132, 301, 701, 1654, 3875, 8877, 20103]...: 14595721: ACCEPTED IN 27 TRIES, (AVG 540582.2592592592)
[1, 4, 10, 23, 57, 132, 301, 701, 1654, 3875, 8877, 20115]...: 14054666: ACCEPTED IN 26 TRIES, (AVG 540564.0769230769)
[1, 4, 10, 23, 57, 132, 301, 701, 1654, 3875, 8877, 20132]...: 14596313: ACCEPTED IN 27 TRIES, (AVG 540604.1851851852)
[1, 4, 10, 23, 57, 132, 301, 701, 1654, 3875, 8877, 20137]...: 16219515: ACCEPTED IN 30 TRIES, (AVG 540650.5)
[1, 4, 10, 23, 57, 132, 301, 701, 1654, 3875, 8877, 20141]...: 23254590: ACCEPTED IN 43 TRIES, (AVG 540804.4186046511)
[1, 4, 10, 23, 57, 132, 301, 701, 1654, 3875, 8877, 20169]...: 12972858: ACCEPTED IN 24 TRIES, (AVG 540535.75)
[1, 4, 10, 23, 57, 132, 301, 701, 1654, 3875, 8877, 20174]...: 9723912: ACCEPTED IN 18 TRIES, (AVG 540217.3333333334)
[1, 4, 10, 23, 57, 132, 301, 701, 1654, 3875, 8877, 20206]...: 12973244: ACCEPTED IN 24 TRIES, (AVG 540551.8333333334)
[1, 4, 10, 23, 57, 132, 301, 701, 1654, 3875, 8877, 20223]...: 10265145: ACCEPTED IN 19 TRIES, (AVG 540270.7894736842)
[1, 4, 10, 23, 57, 132, 301, 701, 1654, 3875, 8877, 20235]...: 11890645: ACCEPTED IN 22 TRIES, (AVG 540483.8636363636)
[1, 4, 10, 23, 57, 132, 301, 701, 1654, 3875, 8877, 20247]...: 11349855: ACCEPTED IN 21 TRIES, (AVG 540469.2857142857)
[1, 4, 10, 23, 57, 132, 301, 701, 1654, 3875, 8877, 20264]...: 8102955: ACCEPTED IN 15 TRIES, (AVG 540197.0)
[1, 4, 10, 23, 57, 132, 301, 701, 1654, 3875, 8877, 20269]...: 8103244: ACCEPTED IN 15 TRIES, (AVG 540216.2666666667)
[1, 4, 10, 23, 57, 132, 301, 701, 1654, 3875, 8877, 20273]...: 6478617: ACCEPTED IN 12 TRIES, (AVG 539884.75)
[1, 4, 10, 23, 57, 132, 301, 701, 1654, 3875, 8877, 20301]...: 8642209: ACCEPTED IN 16 TRIES, (AVG 540138.0625)
[1, 4, 10, 23, 57, 132, 301, 701, 1654, 3875, 8877, 20306]...: 15136570: ACCEPTED IN 28 TRIES, (AVG 540591.7857142857)
[1, 4, 10, 23, 57, 132, 301, 701, 1654, 3875, 8877, 20338]...: 9724916: ACCEPTED IN 18 TRIES, (AVG 540273.1111111111)
[1, 4, 10, 23, 57, 132, 301, 701, 1654, 3875, 8877, 20343]...: 5936482: ACCEPTED IN 11 TRIES, (AVG 539680.1818181818)
[1, 4, 10, 23, 57, 132, 301, 701, 1654, 3875, 8877, 20355]...: 11349851: ACCEPTED IN 21 TRIES, (AVG 540469.0952380953)
[1, 4, 10, 23, 57, 132, 301, 701, 1654, 3875, 8877, 20367]...: 16219502: ACCEPTED IN 30 TRIES, (AVG 540650.0666666667)
[1, 4, 10, 23, 57, 132, 301, 701, 1654, 3875, 8877, 20379]...: 11348898: ACCEPTED IN 21 TRIES, (AVG 540423.7142857143)
[1, 4, 10, 23, 57, 132, 301, 701, 1654, 3875, 8877, 20392]...: 7020338: ACCEPTED IN 13 TRIES, (AVG 540026.0)
[1, 4, 10, 23, 57, 132, 301, 701, 1654, 3875, 8877, 20396]...: 8100857: ACCEPTED IN 15 TRIES, (AVG 540057.1333333333)
[1, 4, 10, 23, 57, 132, 301, 701, 1654, 3875, 8877, 20405]...: 15137637: ACCEPTED IN 28 TRIES, (AVG 540629.8928571428)
[1, 4, 10, 23, 57, 132, 301, 701, 1654, 3875, 8877, 20408]...: 9724371: ACCEPTED IN 18 TRIES, (AVG 540242.8333333334)
[1, 4, 10, 23, 57, 132, 301, 701, 1654, 3875, 8877, 20433]...: 9184393: ACCEPTED IN 17 TRIES, (AVG 540258.4117647059)
[1, 4, 10, 23, 57, 132, 301, 701, 1654, 3875, 8877, 20438]...: 13514185: ACCEPTED IN 25 TRIES, (AVG 540567.4)
[1, 4, 10, 23, 57, 132, 301, 701, 1654, 3875, 8877, 20442]...: 7561831: ACCEPTED IN 14 TRIES, (AVG 540130.7857142857)
[1, 4, 10, 23, 57, 132, 301, 701, 1654, 3875, 8877, 20470]...: 3233030: ACCEPTED IN 6 TRIES, (AVG 538838.3333333334)
[1, 4, 10, 23, 57, 132, 301, 701, 1654, 3875, 8877, 20475]...: 4855667: ACCEPTED IN 9 TRIES, (AVG 539518.5555555555)
[1, 4, 10, 23, 57, 132, 301, 701, 1654, 3875, 8877, 20487]...: 11348386: ACCEPTED IN 21 TRIES, (AVG 540399.3333333334)
[1, 4, 10, 23, 57, 132, 301, 701, 1654, 3875, 8877, 20499]...: 11890490: ACCEPTED IN 22 TRIES, (AVG 540476.8181818182)
[1, 4, 10, 23, 57, 132, 301, 701, 1654, 3875, 8877, 20507]...: 14596572: ACCEPTED IN 27 TRIES, (AVG 540613.7777777778)
[1, 4, 10, 23, 57, 132, 301, 701, 1654, 3875, 8877, 20524]...: 7019348: ACCEPTED IN 13 TRIES, (AVG 539949.8461538461)
[1, 4, 10, 23, 57, 132, 301, 701, 1654, 3875, 8877, 20528]...: 6479587: ACCEPTED IN 12 TRIES, (AVG 539965.5833333334)
[1, 4, 10, 23, 57, 132, 301, 701, 1654, 3875, 8877, 20537]...: 11888376: ACCEPTED IN 22 TRIES, (AVG 540380.7272727273)
[1, 4, 10, 23, 57, 132, 301, 701, 1654, 3875, 8877, 20540]...: 9725093: ACCEPTED IN 18 TRIES, (AVG 540282.9444444445)
[1, 4, 10, 23, 57, 132, 301, 701, 1654, 3875, 8877, 20565]...: 10807748: ACCEPTED IN 20 TRIES, (AVG 540387.4)
[1, 4, 10, 23, 57, 132, 301, 701, 1654, 3875, 8877, 20570]...: 13514068: ACCEPTED IN 25 TRIES, (AVG 540562.72)
[1, 4, 10, 23, 57, 132, 301, 701, 1654, 3875, 8877, 20574]...: 14595302: ACCEPTED IN 27 TRIES, (AVG 540566.7407407408)
[1, 4, 10, 23, 57, 132, 301, 701, 1654, 3875, 8877, 20602]...: 11890436: ACCEPTED IN 22 TRIES, (AVG 540474.3636363636)
[1, 4, 10, 23, 57, 132, 301, 701, 1654, 3875, 8877, 20607]...: 11887610: ACCEPTED IN 22 TRIES, (AVG 540345.9090909091)
[1, 4, 10, 23, 57, 132, 301, 701, 1654, 3875, 8877, 20619]...: 5396042: ACCEPTED IN 10 TRIES, (AVG 539604.2)
[1, 4, 10, 23, 57, 132, 301, 701, 1654, 3875, 8877, 20631]...: 9723876: ACCEPTED IN 18 TRIES, (AVG 540215.3333333334)
[1, 4, 10, 23, 57, 132, 301, 701, 1654, 3875, 8877, 20639]...: 11890592: ACCEPTED IN 22 TRIES, (AVG 540481.4545454546)
[1, 4, 10, 23, 57, 132, 301, 701, 1654, 3875, 8877, 20644]...: 11349702: ACCEPTED IN 21 TRIES, (AVG 540462.0)
[1, 4, 10, 23, 57, 132, 301, 701, 1654, 3875, 8877, 20656]...: 9185102: ACCEPTED IN 17 TRIES, (AVG 540300.1176470588)
[1, 4, 10, 23, 57, 132, 301, 701, 1654, 3875, 8877, 20660]...: 15135495: ACCEPTED IN 28 TRIES, (AVG 540553.3928571428)
[1, 4, 10, 23, 57, 132, 301, 701, 1654, 3875, 8877, 20669]...: 10267270: ACCEPTED IN 19 TRIES, (AVG 540382.6315789474)
[1, 4, 10, 23, 57, 132, 301, 701, 1654, 3875, 8877, 20672]...: 10266827: ACCEPTED IN 19 TRIES, (AVG 540359.3157894737)
[1, 4, 10, 23, 57, 132, 301, 701, 1654, 3875, 8877, 20693]...: 11348744: ACCEPTED IN 21 TRIES, (AVG 540416.380952381)
[1, 4, 10, 23, 57, 132, 301, 701, 1654, 3875, 8877, 20697]...: 4853665: ACCEPTED IN 9 TRIES, (AVG 539296.1111111111)
[1, 4, 10, 23, 57, 132, 301, 701, 1654, 3875, 8877, 20698]...: 14053449: ACCEPTED IN 26 TRIES, (AVG 540517.2692307692)
[1, 4, 10, 23, 57, 132, 301, 701, 1654, 3875, 8877, 20706]...: 9725670: ACCEPTED IN 18 TRIES, (AVG 540315.0)
[1, 4, 10, 23, 57, 132, 301, 701, 1654, 3875, 8877, 20734]...: 11888536: ACCEPTED IN 22 TRIES, (AVG 540388.0)
[1, 4, 10, 23, 57, 132, 301, 701, 1654, 3875, 8877, 20739]...: 9724983: ACCEPTED IN 18 TRIES, (AVG 540276.8333333334)
[1, 4, 10, 23, 57, 132, 301, 701, 1654, 3875, 8877, 20743]...: 10808890: ACCEPTED IN 20 TRIES, (AVG 540444.5)
[1, 4, 10, 23, 57, 132, 301, 701, 1654, 3875, 8877, 20751]...: 10267641: ACCEPTED IN 19 TRIES, (AVG 540402.1578947369)
[1, 4, 10, 23, 57, 132, 301, 701, 1654, 3875, 8877, 20763]...: 12973100: ACCEPTED IN 24 TRIES, (AVG 540545.8333333334)
[1, 4, 10, 23, 57, 132, 301, 701, 1654, 3875, 8877, 20771]...: 14595757: ACCEPTED IN 27 TRIES, (AVG 540583.5925925926)
[1, 4, 10, 23, 57, 132, 301, 701, 1654, 3875, 8877, 20776]...: 3773295: ACCEPTED IN 7 TRIES, (AVG 539042.1428571428)
[1, 4, 10, 23, 57, 132, 301, 701, 1654, 3875, 8877, 20788]...: 11349280: ACCEPTED IN 21 TRIES, (AVG 540441.9047619047)
[1, 4, 10, 23, 57, 132, 301, 701, 1654, 3875, 8877, 20792]...: 4856412: ACCEPTED IN 9 TRIES, (AVG 539601.3333333334)
[1, 4, 10, 23, 57, 132, 301, 701, 1654, 3875, 8877, 20804]...: 14594798: ACCEPTED IN 27 TRIES, (AVG 540548.074074074)
[1, 4, 10, 23, 57, 132, 301, 701, 1654, 3875, 8877, 20808]...: 5938149: ACCEPTED IN 11 TRIES, (AVG 539831.7272727273)
[1, 4, 10, 23, 57, 132, 301, 701, 1654, 3875, 8877, 20825]...: 8642350: ACCEPTED IN 16 TRIES, (AVG 540146.875)
[1, 4, 10, 23, 57, 132, 301, 701, 1654, 3875, 8877, 20829]...: 9726214: ACCEPTED IN 18 TRIES, (AVG 540345.2222222222)
[1, 4, 10, 23, 57, 132, 301, 701, 1654, 3875, 8877, 20830]...: 6479064: ACCEPTED IN 12 TRIES, (AVG 539922.0)
[1, 4, 10, 23, 57, 132, 301, 701, 1654, 3875, 8877, 20838]...: 4856006: ACCEPTED IN 9 TRIES, (AVG 539556.2222222222)
[1, 4, 10, 23, 57, 132, 301, 701, 1654, 3875, 8877, 20842]...: 8643358: ACCEPTED IN 16 TRIES, (AVG 540209.875)
[1, 4, 10, 23, 57, 132, 301, 701, 1654, 3875, 8877, 20866]...: 15136891: ACCEPTED IN 28 TRIES, (AVG 540603.25)
[1, 4, 10, 23, 57, 132, 301, 701, 1654, 3875, 8877, 20871]...: 9724408: ACCEPTED IN 18 TRIES, (AVG 540244.8888888889)
[1, 4, 10, 23, 57, 132, 301, 701, 1654, 3875, 8877, 20875]...: 9725172: ACCEPTED IN 18 TRIES, (AVG 540287.3333333334)
[1, 4, 10, 23, 57, 132, 301, 701, 1654, 3875, 8877, 20883]...: 11891000: ACCEPTED IN 22 TRIES, (AVG 540500.0)
[1, 4, 10, 23, 57, 132, 301, 701, 1654, 3875, 8877, 20903]...: 8644298: ACCEPTED IN 16 TRIES, (AVG 540268.625)
[1, 4, 10, 23, 57, 132, 301, 701, 1654, 3875, 8877, 20908]...: 9726091: ACCEPTED IN 18 TRIES, (AVG 540338.3888888889)
[1, 4, 10, 23, 57, 132, 301, 701, 1654, 3875, 8877, 20920]...: 10266714: ACCEPTED IN 19 TRIES, (AVG 540353.3684210526)
[1, 4, 10, 23, 57, 132, 301, 701, 1654, 3875, 8877, 20924]...: 9726470: ACCEPTED IN 18 TRIES, (AVG 540359.4444444445)
[1, 4, 10, 23, 57, 132, 301, 701, 1654, 3875, 8877, 20936]...: 10267375: ACCEPTED IN 19 TRIES, (AVG 540388.1578947369)
[1, 4, 10, 23, 57, 132, 301, 701, 1654, 3875, 8877, 20940]...: 11888356: ACCEPTED IN 22 TRIES, (AVG 540379.8181818182)
[1, 4, 10, 23, 57, 132, 301, 701, 1654, 3875, 8877, 20945]...: 14596387: ACCEPTED IN 27 TRIES, (AVG 540606.925925926)
[1, 4, 10, 23, 57, 132, 301, 701, 1654, 3875, 8877, 20957]...: 10808657: ACCEPTED IN 20 TRIES, (AVG 540432.85)
[1, 4, 10, 23, 57, 132, 301, 701, 1654, 3875, 8877, 20962]...: 11889531: ACCEPTED IN 22 TRIES, (AVG 540433.2272727273)
[1, 4, 10, 23, 57, 132, 301, 701, 1654, 3875, 8877, 20970]...: 4854541: ACCEPTED IN 9 TRIES, (AVG 539393.4444444445)
[1, 4, 10, 23, 57, 132, 301, 701, 1654, 3875, 8877, 20974]...: 11890841: ACCEPTED IN 22 TRIES, (AVG 540492.7727272727)
[1, 4, 10, 23, 57, 132, 301, 701, 1654, 3875, 8877, 20994]...: 9726121: ACCEPTED IN 18 TRIES, (AVG 540340.0555555555)
[1, 4, 10, 23, 57, 132, 301, 701, 1654, 3875, 8877, 20998]...: 15137969: ACCEPTED IN 28 TRIES, (AVG 540641.75)
[1, 4, 10, 23, 57, 132, 301, 701, 1654, 3875, 8877, 20999]...: 3773524: ACCEPTED IN 7 TRIES, (AVG 539074.8571428572)
[1, 4, 10, 23, 57, 132, 301, 701, 1654, 3875, 8877, 21003]...: 11889475: ACCEPTED IN 22 TRIES, (AVG 540430.6818181818)
[1, 4, 10, 23, 57, 132, 301, 701, 1654, 3875, 8877, 21007]...: 15136015: ACCEPTED IN 28 TRIES, (AVG 540571.9642857143)
[1, 4, 10, 23, 57, 132, 301, 701, 1654, 3875, 8877, 21015]...: 11888994: ACCEPTED IN 22 TRIES, (AVG 540408.8181818182)
[1, 4, 10, 23, 57, 132, 301, 701, 1654, 3875, 8877, 21035]...: 13514290: ACCEPTED IN 25 TRIES, (AVG 540571.6)
[1, 4, 10, 23, 57, 132, 301, 701, 1654, 3875, 8877, 21040]...: 8102879: ACCEPTED IN 15 TRIES, (AVG 540191.9333333333)
[1, 4, 10, 23, 57, 132, 301, 701, 1654, 3875, 8877, 21044]...: 5397497: ACCEPTED IN 10 TRIES, (AVG 539749.7)
[1, 4, 10, 23, 57, 132, 301, 701, 1654, 3875, 8877, 21052]...: 9726579: ACCEPTED IN 18 TRIES, (AVG 540365.5)
[1, 4, 10, 23, 57, 132, 301, 701, 1654, 3875, 8877, 21056]...: 11889303: ACCEPTED IN 22 TRIES, (AVG 540422.8636363636)
[1, 4, 10, 23, 57, 132, 301, 701, 1654, 3875, 8877, 21068]...: 15136035: ACCEPTED IN 28 TRIES, (AVG 540572.6785714285)
[1, 4, 10, 23, 57, 132, 301, 701, 1654, 3875, 8877, 21072]...: 11888864: ACCEPTED IN 22 TRIES, (AVG 540402.9090909091)
[1, 4, 10, 23, 57, 132, 301, 701, 1654, 3875, 8877, 21077]...: 11890880: ACCEPTED IN 22 TRIES, (AVG 540494.5454545454)
[1, 4, 10, 23, 57, 132, 301, 701, 1654, 3875, 8877, 21089]...: 12430542: ACCEPTED IN 23 TRIES, (AVG 540458.3478260869)
[1, 4, 10, 23, 57, 132, 301, 701, 1654, 3875, 8877, 21094]...: 10266616: ACCEPTED IN 19 TRIES, (AVG 540348.2105263158)
[1, 4, 10, 23, 57, 132, 301, 701, 1654, 3875, 8877, 21106]...: 5397533: ACCEPTED IN 10 TRIES, (AVG 539753.3)
[1, 4, 10, 23, 57, 132, 301, 701, 1654, 3875, 8877, 21109]...: 5938669: ACCEPTED IN 11 TRIES, (AVG 539879.0)
[1, 4, 10, 23, 57, 132, 301, 701, 1654, 3875, 8877, 21126]...: 9724561: ACCEPTED IN 18 TRIES, (AVG 540253.3888888889)
[1, 4, 10, 23, 57, 132, 301, 701, 1654, 3875, 8877, 21130]...: 11890824: ACCEPTED IN 22 TRIES, (AVG 540492.0)
[1, 4, 10, 23, 57, 132, 301, 701, 1654, 3875, 8877, 21131]...: 9725770: ACCEPTED IN 18 TRIES, (AVG 540320.5555555555)
[1, 4, 10, 23, 57, 132, 301, 701, 1654, 3875, 8877, 21135]...: 4855860: ACCEPTED IN 9 TRIES, (AVG 539540.0)
[1, 4, 10, 23, 57, 132, 301, 701, 1654, 3875, 8877, 21139]...: 11889277: ACCEPTED IN 22 TRIES, (AVG 540421.6818181818)
[1, 4, 10, 23, 57, 132, 301, 701, 1654, 3875, 8877, 21143]...: 7560803: ACCEPTED IN 14 TRIES, (AVG 540057.3571428572)
[1, 4, 10, 23, 57, 132, 301, 701, 1654, 3875, 8877, 21147]...: 9184725: ACCEPTED IN 17 TRIES, (AVG 540277.9411764706)
[1, 4, 10, 23, 57, 132, 301, 701, 1654, 3875, 8877, 21167]...: 11890979: ACCEPTED IN 22 TRIES, (AVG 540499.0454545454)
[1, 4, 10, 23, 57, 132, 301, 701, 1654, 3875, 8877, 21172]...: 15678886: ACCEPTED IN 29 TRIES, (AVG 540651.2413793104)
[1, 4, 10, 23, 57, 132, 301, 701, 1654, 3875, 8877, 21176]...: 14596320: ACCEPTED IN 27 TRIES, (AVG 540604.4444444445)
[1, 4, 10, 23, 57, 132, 301, 701, 1654, 3875, 8877, 21184]...: 8644371: ACCEPTED IN 16 TRIES, (AVG 540273.1875)
[1, 4, 10, 23, 57, 132, 301, 701, 1654, 3875, 8877, 21188]...: 10807787: ACCEPTED IN 20 TRIES, (AVG 540389.35)
[1, 4, 10, 23, 57, 132, 301, 701, 1654, 3875, 8877, 21200]...: 11887643: ACCEPTED IN 22 TRIES, (AVG 540347.4090909091)
[1, 4, 10, 23, 57, 132, 301, 701, 1654, 3875, 8877, 21204]...: 5397206: ACCEPTED IN 10 TRIES, (AVG 539720.6)
[1, 4, 10, 23, 57, 132, 301, 701, 1654, 3875, 8877, 21209]...: 11890777: ACCEPTED IN 22 TRIES, (AVG 540489.8636363636)
[1, 4, 10, 23, 57, 132, 301, 701, 1654, 3875, 8877, 21221]...: 9723682: ACCEPTED IN 18 TRIES, (AVG 540204.5555555555)
[1, 4, 10, 23, 57, 132, 301, 701, 1654, 3875, 8877, 21226]...: 11885879: ACCEPTED IN 22 TRIES, (AVG 540267.2272727273)
[1, 4, 10, 23, 57, 132, 301, 701, 1654, 3875, 8877, 21238]...: 9184614: ACCEPTED IN 17 TRIES, (AVG 540271.4117647059)
[1, 4, 10, 23, 57, 132, 301, 701, 1654, 3875, 8877, 21241]...: 5937342: ACCEPTED IN 11 TRIES, (AVG 539758.3636363636)
[1, 4, 10, 23, 57, 132, 301, 701, 1654, 3875, 8877, 21246]...: 8643704: ACCEPTED IN 16 TRIES, (AVG 540231.5)
[1, 4, 10, 23, 57, 132, 301, 701, 1654, 3875, 8877, 21258]...: 8644366: ACCEPTED IN 16 TRIES, (AVG 540272.875)
[1, 4, 10, 23, 57, 132, 301, 701, 1654, 3875, 8877, 21263]...: 9724025: ACCEPTED IN 18 TRIES, (AVG 540223.6111111111)
[1, 4, 10, 23, 57, 132, 301, 701, 1654, 3875, 8877, 21267]...: 11887670: ACCEPTED IN 22 TRIES, (AVG 540348.6363636364)
[1, 4, 10, 23, 57, 132, 301, 701, 1654, 3875, 8877, 21271]...: 13513007: ACCEPTED IN 25 TRIES, (AVG 540520.28)
[1, 4, 10, 23, 57, 132, 301, 701, 1654, 3875, 8877, 21275]...: 11348759: ACCEPTED IN 21 TRIES, (AVG 540417.0952380953)
[1, 4, 10, 23, 57, 132, 301, 701, 1654, 3875, 8877, 21279]...: 9726352: ACCEPTED IN 18 TRIES, (AVG 540352.8888888889)
[1, 4, 10, 23, 57, 132, 301, 701, 1654, 3875, 8877, 21295]...: 11889647: ACCEPTED IN 22 TRIES, (AVG 540438.5)
[1, 4, 10, 23, 57, 132, 301, 701, 1654, 3875, 8877, 21299]...: 9725130: ACCEPTED IN 18 TRIES, (AVG 540285.0)
[1, 4, 10, 23, 57, 132, 301, 701, 1654, 3875, 8877, 21300]...: 16219338: ACCEPTED IN 30 TRIES, (AVG 540644.6)
[1, 4, 10, 23, 57, 132, 301, 701, 1654, 3875, 8877, 21304]...: 7561607: ACCEPTED IN 14 TRIES, (AVG 540114.7857142857)
