[1, 4, 10, 23, 57, 132, 301, 701, 1654, 3875, 8643, 19017]...: 11890757: ACCEPTED IN 22 TRIES, (AVG 540488.9545454546)
[1, 4, 10, 23, 57, 132, 301, 701, 1654, 3875, 8643, 19104]...: 15137790: ACCEPTED IN 28 TRIES, (AVG 540635.3571428572)
[1, 4, 10, 23, 57, 132, 301, 701, 1654, 3875, 8643, 19149]...: 30288017: ACCEPTED IN 56 TRIES, (AVG 540857.4464285715)
[1, 4, 10, 23, 57, 132, 301, 701, 1654, 3875, 8643, 19236]...: 17842473: ACCEPTED IN 33 TRIES, (AVG 540681.0)
[1, 4, 10, 23, 57, 132, 301, 701, 1654, 3875, 8643, 19368]...: 27582465: ACCEPTED IN 51 TRIES, (AVG 540832.6470588235)
[1, 4, 10, 23, 57, 132, 301, 701, 1654, 3875, 8643, 19405]...: 5397347: ACCEPTED IN 10 TRIES, (AVG 539734.7)
[1, 4, 10, 23, 57, 132, 301, 701, 1654, 3875, 8643, 19500]...: 23794867: ACCEPTED IN 44 TRIES, (AVG 540792.4318181818)
[1, 4, 10, 23, 57, 132, 301, 701, 1654, 3875, 8643, 19537]...: 9725795: ACCEPTED IN 18 TRIES, (AVG 540321.9444444445)
[1, 4, 10, 23, 57, 132, 301, 701, 1654, 3875, 8643, 19669]...: 14596853: ACCEPTED IN 27 TRIES, (AVG 540624.1851851852)
[1, 4, 10, 23, 57, 132, 301, 701, 1654, 3875, 8643, 19706]...: 14595369: ACCEPTED IN 27 TRIES, (AVG 540569.2222222222)
[1, 4, 10, 23, 57, 132, 301, 701, 1654, 3875, 8643, 19801]...: 8101859: ACCEPTED IN 15 TRIES, (AVG 540123.9333333333)
[1, 4, 10, 23, 57, 132, 301, 701, 1654, 3875, 8643, 19805]...: 9183833: ACCEPTED IN 17 TRIES, (AVG 540225.4705882353)
[1, 4, 10, 23, 57, 132, 301, 701, 1654, 3875, 8643, 19838]...: 9726592: ACCEPTED IN 18 TRIES, (AVG 540366.2222222222)
[1, 4, 10, 23, 57, 132, 301, 701, 1654, 3875, 8643, 19937]...: 11349929: ACCEPTED IN 21 TRIES, (AVG 540472.8095238095)
[1, 4, 10, 23, 57, 132, 301, 701, 1654, 3875, 8643, 19970]...: 9184046: ACCEPTED IN 17 TRIES, (AVG 540238.0)
[1, 4, 10, 23, 57, 132, 301, 701, 1654, 3875, 8643, 20069]...: 15136563: ACCEPTED IN 28 TRIES, (AVG 540591.5357142857)
[1, 4, 10, 23, 57, 132, 301, 701, 1654, 3875, 8643, 20102]...: 14595827: ACCEPTED IN 27 TRIES, (AVG 540586.1851851852)
[1, 4, 10, 23, 57, 132, 301, 701, 1654, 3875, 8643, 20106]...: 10267054: ACCEPTED IN 19 TRIES, (AVG 540371.2631578947)
[1, 4, 10, 23, 57, 132, 301, 701, 1654, 3875, 8643, 20201]...: 9184482: ACCEPTED IN 17 TRIES, (AVG 540263.6470588235)
[1, 4, 10, 23, 57, 132, 301, 701, 1654, 3875, 8643, 20238]...: 10806408: ACCEPTED IN 20 TRIES, (AVG 540320.4)
[1, 4, 10, 23, 57, 132, 301, 701, 1654, 3875, 8643, 20370]...: 7561980: ACCEPTED IN 14 TRIES, (AVG 540141.4285714285)
[1, 4, 10, 23, 57, 132, 301, 701, 1654, 3875, 8643, 20407]...: 9724783: ACCEPTED IN 18 TRIES, (AVG 540265.7222222222)
[1, 4, 10, 23, 57, 132, 301, 701, 1654, 3875, 8643, 20502]...: 12429146: ACCEPTED IN 23 TRIES, (AVG 540397.6521739131)
[1, 4, 10, 23, 57, 132, 301, 701, 1654, 3875, 8643, 20539]...: 9185350: ACCEPTED IN 17 TRIES, (AVG 540314.7058823529)
[1, 4, 10, 23, 57, 132, 301, 701, 1654, 3875, 8643, 20671]...: 12432142: ACCEPTED IN 23 TRIES, (AVG 540527.9130434783)
