[1, 4, 10, 23, 57, 132, 301, 701, 1636, 3888, 9177, 20200]...: 4856313: ACCEPTED IN 9 TRIES, (AVG 539590.3333333334)
[1, 4, 10, 23, 57, 132, 301, 701, 1636, 3888, 9177, 20201]...: 9726108: ACCEPTED IN 18 TRIES, (AVG 540339.3333333334)
[1, 4, 10, 23, 57, 132, 301, 701, 1636, 3888, 9177, 20204]...: 14055439: ACCEPTED IN 26 TRIES, (AVG 540593.8076923077)
[1, 4, 10, 23, 57, 132, 301, 701, 1636, 3888, 9177, 20205]...: 5937659: ACCEPTED IN 11 TRIES, (AVG 539787.1818181818)
[1, 4, 10, 23, 57, 132, 301, 701, 1636, 3888, 9177, 20206]...: 16761305: ACCEPTED IN 31 TRIES, (AVG 540687.2580645161)
[1, 4, 10, 23, 57, 132, 301, 701, 1636, 3888, 9177, 20207]...: 11888494: ACCEPTED IN 22 TRIES, (AVG 540386.0909090909)
[1, 4, 10, 23, 57, 132, 301, 701, 1636, 3888, 9177, 20208]...: 13512940: ACCEPTED IN 25 TRIES, (AVG 540517.6)
[1, 4, 10, 23, 57, 132, 301, 701, 1636, 3888, 9177, 20211]...: 11348097: ACCEPTED IN 21 TRIES, (AVG 540385.5714285715)
[1, 4, 10, 23, 57, 132, 301, 701, 1636, 3888, 9177, 20232]...: 5936694: ACCEPTED IN 11 TRIES, (AVG 539699.4545454546)
[1, 4, 10, 23, 57, 132, 301, 701, 1636, 3888, 9177, 20234]...: 5938322: ACCEPTED IN 11 TRIES, (AVG 539847.4545454546)
[1, 4, 10, 23, 57, 132, 301, 701, 1636, 3888, 9177, 20236]...: 8643720: ACCEPTED IN 16 TRIES, (AVG 540232.5)
[1, 4, 10, 23, 57, 132, 301, 701, 1636, 3888, 9177, 20237]...: 11890330: ACCEPTED IN 22 TRIES, (AVG 540469.5454545454)
[1, 4, 10, 23, 57, 132, 301, 701, 1636, 3888, 9177, 20238]...: 9185017: ACCEPTED IN 17 TRIES, (AVG 540295.1176470588)
[1, 4, 10, 23, 57, 132, 301, 701, 1636, 3888, 9177, 20239]...: 7558242: ACCEPTED IN 14 TRIES, (AVG 539874.4285714285)
[1, 4, 10, 23, 57, 132, 301, 701, 1636, 3888, 9177, 20240]...: 15135817: ACCEPTED IN 28 TRIES, (AVG 540564.8928571428)
[1, 4, 10, 23, 57, 132, 301, 701, 1636, 3888, 9177, 20241]...: 9725841: ACCEPTED IN 18 TRIES, (AVG 540324.5)
[1, 4, 10, 23, 57, 132, 301, 701, 1636, 3888, 9177, 20242]...: 11889446: ACCEPTED IN 22 TRIES, (AVG 540429.3636363636)
[1, 4, 10, 23, 57, 132, 301, 701, 1636, 3888, 9177, 20243]...: 11887792: ACCEPTED IN 22 TRIES, (AVG 540354.1818181818)
[1, 4, 10, 23, 57, 132, 301, 701, 1636, 3888, 9177, 20267]...: 8103246: ACCEPTED IN 15 TRIES, (AVG 540216.4)
[1, 4, 10, 23, 57, 132, 301, 701, 1636, 3888, 9177, 20269]...: 11349874: ACCEPTED IN 21 TRIES, (AVG 540470.1904761905)
[1, 4, 10, 23, 57, 132, 301, 701, 1636, 3888, 9177, 20270]...: 8644113: ACCEPTED IN 16 TRIES, (AVG 540257.0625)
[1, 4, 10, 23, 57, 132, 301, 701, 1636, 3888, 9177, 20271]...: 10267367: ACCEPTED IN 19 TRIES, (AVG 540387.7368421053)
[1, 4, 10, 23, 57, 132, 301, 701, 1636, 3888, 9177, 20272]...: 11888280: ACCEPTED IN 22 TRIES, (AVG 540376.3636363636)
[1, 4, 10, 23, 57, 132, 301, 701, 1636, 3888, 9177, 20273]...: 8643468: ACCEPTED IN 16 TRIES, (AVG 540216.75)
[1, 4, 10, 23, 57, 132, 301, 701, 1636, 3888, 9177, 20274]...: 9185052: ACCEPTED IN 17 TRIES, (AVG 540297.1764705882)
[1, 4, 10, 23, 57, 132, 301, 701, 1636, 3888, 9177, 20275]...: 5395130: ACCEPTED IN 10 TRIES, (AVG 539513.0)
[1, 4, 10, 23, 57, 132, 301, 701, 1636, 3888, 9177, 20276]...: 13514236: ACCEPTED IN 25 TRIES, (AVG 540569.44)
[1, 4, 10, 23, 57, 132, 301, 701, 1636, 3888, 9177, 20278]...: 8103008: ACCEPTED IN 15 TRIES, (AVG 540200.5333333333)
[1, 4, 10, 23, 57, 132, 301, 701, 1636, 3888, 9177, 20280]...: 8102350: ACCEPTED IN 15 TRIES, (AVG 540156.6666666666)
[1, 4, 10, 23, 57, 132, 301, 701, 1636, 3888, 9177, 20299]...: 7561531: ACCEPTED IN 14 TRIES, (AVG 540109.3571428572)
[1, 4, 10, 23, 57, 132, 301, 701, 1636, 3888, 9177, 20302]...: 8644100: ACCEPTED IN 16 TRIES, (AVG 540256.25)
[1, 4, 10, 23, 57, 132, 301, 701, 1636, 3888, 9177, 20303]...: 5938045: ACCEPTED IN 11 TRIES, (AVG 539822.2727272727)
[1, 4, 10, 23, 57, 132, 301, 701, 1636, 3888, 9177, 20304]...: 10808532: ACCEPTED IN 20 TRIES, (AVG 540426.6)
[1, 4, 10, 23, 57, 132, 301, 701, 1636, 3888, 9177, 20306]...: 9725056: ACCEPTED IN 18 TRIES, (AVG 540280.8888888889)
[1, 4, 10, 23, 57, 132, 301, 701, 1636, 3888, 9177, 20307]...: 8102527: ACCEPTED IN 15 TRIES, (AVG 540168.4666666667)
[1, 4, 10, 23, 57, 132, 301, 701, 1636, 3888, 9177, 20308]...: 11890703: ACCEPTED IN 22 TRIES, (AVG 540486.5)
[1, 4, 10, 23, 57, 132, 301, 701, 1636, 3888, 9177, 20309]...: 7560731: ACCEPTED IN 14 TRIES, (AVG 540052.2142857143)
[1, 4, 10, 23, 57, 132, 301, 701, 1636, 3888, 9177, 20310]...: 9184509: ACCEPTED IN 17 TRIES, (AVG 540265.2352941176)
[1, 4, 10, 23, 57, 132, 301, 701, 1636, 3888, 9177, 20333]...: 7017335: ACCEPTED IN 13 TRIES, (AVG 539795.0)
[1, 4, 10, 23, 57, 132, 301, 701, 1636, 3888, 9177, 20336]...: 4854655: ACCEPTED IN 9 TRIES, (AVG 539406.1111111111)
[1, 4, 10, 23, 57, 132, 301, 701, 1636, 3888, 9177, 20337]...: 4855341: ACCEPTED IN 9 TRIES, (AVG 539482.3333333334)
[1, 4, 10, 23, 57, 132, 301, 701, 1636, 3888, 9177, 20338]...: 8101986: ACCEPTED IN 15 TRIES, (AVG 540132.4)
[1, 4, 10, 23, 57, 132, 301, 701, 1636, 3888, 9177, 20339]...: 4854381: ACCEPTED IN 9 TRIES, (AVG 539375.6666666666)
[1, 4, 10, 23, 57, 132, 301, 701, 1636, 3888, 9177, 20340]...: 11890859: ACCEPTED IN 22 TRIES, (AVG 540493.5909090909)
[1, 4, 10, 23, 57, 132, 301, 701, 1636, 3888, 9177, 20341]...: 10267751: ACCEPTED IN 19 TRIES, (AVG 540407.947368421)
[1, 4, 10, 23, 57, 132, 301, 701, 1636, 3888, 9177, 20342]...: 9725311: ACCEPTED IN 18 TRIES, (AVG 540295.0555555555)
[1, 4, 10, 23, 57, 132, 301, 701, 1636, 3888, 9177, 20343]...: 10267032: ACCEPTED IN 19 TRIES, (AVG 540370.1052631579)
[1, 4, 10, 23, 57, 132, 301, 701, 1636, 3888, 9177, 20366]...: 10265546: ACCEPTED IN 19 TRIES, (AVG 540291.8947368421)
[1, 4, 10, 23, 57, 132, 301, 701, 1636, 3888, 9177, 20369]...: 3773955: ACCEPTED IN 7 TRIES, (AVG 539136.4285714285)
[1, 4, 10, 23, 57, 132, 301, 701, 1636, 3888, 9177, 20370]...: 3772683: ACCEPTED IN 7 TRIES, (AVG 538954.7142857143)
[1, 4, 10, 23, 57, 132, 301, 701, 1636, 3888, 9177, 20371]...: 10267558: ACCEPTED IN 19 TRIES, (AVG 540397.7894736842)
[1, 4, 10, 23, 57, 132, 301, 701, 1636, 3888, 9177, 20372]...: 11349534: ACCEPTED IN 21 TRIES, (AVG 540454.0)
[1, 4, 10, 23, 57, 132, 301, 701, 1636, 3888, 9177, 20373]...: 7558103: ACCEPTED IN 14 TRIES, (AVG 539864.5)
[1, 4, 10, 23, 57, 132, 301, 701, 1636, 3888, 9177, 20374]...: 10267252: ACCEPTED IN 19 TRIES, (AVG 540381.6842105263)
[1, 4, 10, 23, 57, 132, 301, 701, 1636, 3888, 9177, 20375]...: 9726527: ACCEPTED IN 18 TRIES, (AVG 540362.6111111111)
[1, 4, 10, 23, 57, 132, 301, 701, 1636, 3888, 9177, 20377]...: 7560732: ACCEPTED IN 14 TRIES, (AVG 540052.2857142857)
[1, 4, 10, 23, 57, 132, 301, 701, 1636, 3888, 9177, 20401]...: 11890288: ACCEPTED IN 22 TRIES, (AVG 540467.6363636364)
[1, 4, 10, 23, 57, 132, 301, 701, 1636, 3888, 9177, 20402]...: 4854305: ACCEPTED IN 9 TRIES, (AVG 539367.2222222222)
[1, 4, 10, 23, 57, 132, 301, 701, 1636, 3888, 9177, 20403]...: 15137574: ACCEPTED IN 28 TRIES, (AVG 540627.6428571428)
[1, 4, 10, 23, 57, 132, 301, 701, 1636, 3888, 9177, 20405]...: 10808509: ACCEPTED IN 20 TRIES, (AVG 540425.45)
[1, 4, 10, 23, 57, 132, 301, 701, 1636, 3888, 9177, 20406]...: 5938374: ACCEPTED IN 11 TRIES, (AVG 539852.1818181818)
[1, 4, 10, 23, 57, 132, 301, 701, 1636, 3888, 9177, 20407]...: 7562122: ACCEPTED IN 14 TRIES, (AVG 540151.5714285715)
[1, 4, 10, 23, 57, 132, 301, 701, 1636, 3888, 9177, 20408]...: 12973125: ACCEPTED IN 24 TRIES, (AVG 540546.875)
[1, 4, 10, 23, 57, 132, 301, 701, 1636, 3888, 9177, 20409]...: 9184394: ACCEPTED IN 17 TRIES, (AVG 540258.4705882353)
[1, 4, 10, 23, 57, 132, 301, 701, 1636, 3888, 9177, 20410]...: 9725277: ACCEPTED IN 18 TRIES, (AVG 540293.1666666666)
[1, 4, 10, 23, 57, 132, 301, 701, 1636, 3888, 9177, 20412]...: 10808697: ACCEPTED IN 20 TRIES, (AVG 540434.85)
[1, 4, 10, 23, 57, 132, 301, 701, 1636, 3888, 9177, 20434]...: 4315196: ACCEPTED IN 8 TRIES, (AVG 539399.5)
[1, 4, 10, 23, 57, 132, 301, 701, 1636, 3888, 9177, 20435]...: 8644038: ACCEPTED IN 16 TRIES, (AVG 540252.375)
[1, 4, 10, 23, 57, 132, 301, 701, 1636, 3888, 9177, 20436]...: 5395678: ACCEPTED IN 10 TRIES, (AVG 539567.8)
[1, 4, 10, 23, 57, 132, 301, 701, 1636, 3888, 9177, 20438]...: 4856217: ACCEPTED IN 9 TRIES, (AVG 539579.6666666666)
[1, 4, 10, 23, 57, 132, 301, 701, 1636, 3888, 9177, 20439]...: 6478895: ACCEPTED IN 12 TRIES, (AVG 539907.9166666666)
[1, 4, 10, 23, 57, 132, 301, 701, 1636, 3888, 9177, 20440]...: 11890275: ACCEPTED IN 22 TRIES, (AVG 540467.0454545454)
[1, 4, 10, 23, 57, 132, 301, 701, 1636, 3888, 9177, 20441]...: 8641702: ACCEPTED IN 16 TRIES, (AVG 540106.375)
[1, 4, 10, 23, 57, 132, 301, 701, 1636, 3888, 9177, 20442]...: 7559972: ACCEPTED IN 14 TRIES, (AVG 539998.0)
[1, 4, 10, 23, 57, 132, 301, 701, 1636, 3888, 9177, 20444]...: 9724953: ACCEPTED IN 18 TRIES, (AVG 540275.1666666666)
[1, 4, 10, 23, 57, 132, 301, 701, 1636, 3888, 9177, 20445]...: 4856418: ACCEPTED IN 9 TRIES, (AVG 539602.0)
[1, 4, 10, 23, 57, 132, 301, 701, 1636, 3888, 9177, 20449]...: 8102933: ACCEPTED IN 15 TRIES, (AVG 540195.5333333333)
[1, 4, 10, 23, 57, 132, 301, 701, 1636, 3888, 9177, 20465]...: 5937032: ACCEPTED IN 11 TRIES, (AVG 539730.1818181818)
[1, 4, 10, 23, 57, 132, 301, 701, 1636, 3888, 9177, 20468]...: 4314548: ACCEPTED IN 8 TRIES, (AVG 539318.5)
[1, 4, 10, 23, 57, 132, 301, 701, 1636, 3888, 9177, 20469]...: 2691470: ACCEPTED IN 5 TRIES, (AVG 538294.0)
[1, 4, 10, 23, 57, 132, 301, 701, 1636, 3888, 9177, 20470]...: 10265300: ACCEPTED IN 19 TRIES, (AVG 540278.947368421)
[1, 4, 10, 23, 57, 132, 301, 701, 1636, 3888, 9177, 20471]...: 10265093: ACCEPTED IN 19 TRIES, (AVG 540268.052631579)
[1, 4, 10, 23, 57, 132, 301, 701, 1636, 3888, 9177, 20472]...: 10266821: ACCEPTED IN 19 TRIES, (AVG 540359.0)
[1, 4, 10, 23, 57, 132, 301, 701, 1636, 3888, 9177, 20473]...: 8644031: ACCEPTED IN 16 TRIES, (AVG 540251.9375)
[1, 4, 10, 23, 57, 132, 301, 701, 1636, 3888, 9177, 20474]...: 7020739: ACCEPTED IN 13 TRIES, (AVG 540056.8461538461)
[1, 4, 10, 23, 57, 132, 301, 701, 1636, 3888, 9177, 20475]...: 8643975: ACCEPTED IN 16 TRIES, (AVG 540248.4375)
[1, 4, 10, 23, 57, 132, 301, 701, 1636, 3888, 9177, 20476]...: 8644055: ACCEPTED IN 16 TRIES, (AVG 540253.4375)
[1, 4, 10, 23, 57, 132, 301, 701, 1636, 3888, 9177, 20501]...: 7019248: ACCEPTED IN 13 TRIES, (AVG 539942.1538461539)
[1, 4, 10, 23, 57, 132, 301, 701, 1636, 3888, 9177, 20502]...: 9726194: ACCEPTED IN 18 TRIES, (AVG 540344.1111111111)
[1, 4, 10, 23, 57, 132, 301, 701, 1636, 3888, 9177, 20504]...: 11890110: ACCEPTED IN 22 TRIES, (AVG 540459.5454545454)
[1, 4, 10, 23, 57, 132, 301, 701, 1636, 3888, 9177, 20505]...: 4855926: ACCEPTED IN 9 TRIES, (AVG 539547.3333333334)
[1, 4, 10, 23, 57, 132, 301, 701, 1636, 3888, 9177, 20506]...: 10264962: ACCEPTED IN 19 TRIES, (AVG 540261.1578947369)
[1, 4, 10, 23, 57, 132, 301, 701, 1636, 3888, 9177, 20507]...: 10267365: ACCEPTED IN 19 TRIES, (AVG 540387.6315789474)
[1, 4, 10, 23, 57, 132, 301, 701, 1636, 3888, 9177, 20508]...: 10265250: ACCEPTED IN 19 TRIES, (AVG 540276.3157894737)
[1, 4, 10, 23, 57, 132, 301, 701, 1636, 3888, 9177, 20509]...: 9724422: ACCEPTED IN 18 TRIES, (AVG 540245.6666666666)
[1, 4, 10, 23, 57, 132, 301, 701, 1636, 3888, 9177, 20512]...: 7019020: ACCEPTED IN 13 TRIES, (AVG 539924.6153846154)
[1, 4, 10, 23, 57, 132, 301, 701, 1636, 3888, 9177, 20533]...: 7561982: ACCEPTED IN 14 TRIES, (AVG 540141.5714285715)
[1, 4, 10, 23, 57, 132, 301, 701, 1636, 3888, 9177, 20535]...: 7559306: ACCEPTED IN 14 TRIES, (AVG 539950.4285714285)
[1, 4, 10, 23, 57, 132, 301, 701, 1636, 3888, 9177, 20537]...: 8103057: ACCEPTED IN 15 TRIES, (AVG 540203.8)
[1, 4, 10, 23, 57, 132, 301, 701, 1636, 3888, 9177, 20538]...: 9726594: ACCEPTED IN 18 TRIES, (AVG 540366.3333333334)
[1, 4, 10, 23, 57, 132, 301, 701, 1636, 3888, 9177, 20539]...: 3773882: ACCEPTED IN 7 TRIES, (AVG 539126.0)
[1, 4, 10, 23, 57, 132, 301, 701, 1636, 3888, 9177, 20540]...: 10265799: ACCEPTED IN 19 TRIES, (AVG 540305.2105263158)
[1, 4, 10, 23, 57, 132, 301, 701, 1636, 3888, 9177, 20541]...: 20006682: ACCEPTED IN 37 TRIES, (AVG 540721.1351351351)
[1, 4, 10, 23, 57, 132, 301, 701, 1636, 3888, 9177, 20542]...: 10265438: ACCEPTED IN 19 TRIES, (AVG 540286.2105263158)
[1, 4, 10, 23, 57, 132, 301, 701, 1636, 3888, 9177, 20543]...: 8643305: ACCEPTED IN 16 TRIES, (AVG 540206.5625)
[1, 4, 10, 23, 57, 132, 301, 701, 1636, 3888, 9177, 20544]...: 9726599: ACCEPTED IN 18 TRIES, (AVG 540366.6111111111)
[1, 4, 10, 23, 57, 132, 301, 701, 1636, 3888, 9177, 20567]...: 7558876: ACCEPTED IN 14 TRIES, (AVG 539919.7142857143)
[1, 4, 10, 23, 57, 132, 301, 701, 1636, 3888, 9177, 20568]...: 9724603: ACCEPTED IN 18 TRIES, (AVG 540255.7222222222)
[1, 4, 10, 23, 57, 132, 301, 701, 1636, 3888, 9177, 20570]...: 10266271: ACCEPTED IN 19 TRIES, (AVG 540330.052631579)
[1, 4, 10, 23, 57, 132, 301, 701, 1636, 3888, 9177, 20571]...: 9726242: ACCEPTED IN 18 TRIES, (AVG 540346.7777777778)
[1, 4, 10, 23, 57, 132, 301, 701, 1636, 3888, 9177, 20572]...: 6479535: ACCEPTED IN 12 TRIES, (AVG 539961.25)
[1, 4, 10, 23, 57, 132, 301, 701, 1636, 3888, 9177, 20573]...: 8102596: ACCEPTED IN 15 TRIES, (AVG 540173.0666666667)
[1, 4, 10, 23, 57, 132, 301, 701, 1636, 3888, 9177, 20574]...: 3231648: ACCEPTED IN 6 TRIES, (AVG 538608.0)
[1, 4, 10, 23, 57, 132, 301, 701, 1636, 3888, 9177, 20575]...: 9184668: ACCEPTED IN 17 TRIES, (AVG 540274.5882352941)
[1, 4, 10, 23, 57, 132, 301, 701, 1636, 3888, 9177, 20576]...: 13512602: ACCEPTED IN 25 TRIES, (AVG 540504.08)
[1, 4, 10, 23, 57, 132, 301, 701, 1636, 3888, 9177, 20577]...: 6479713: ACCEPTED IN 12 TRIES, (AVG 539976.0833333334)
[1, 4, 10, 23, 57, 132, 301, 701, 1636, 3888, 9177, 20581]...: 9726327: ACCEPTED IN 18 TRIES, (AVG 540351.5)
[1, 4, 10, 23, 57, 132, 301, 701, 1636, 3888, 9177, 20600]...: 8643454: ACCEPTED IN 16 TRIES, (AVG 540215.875)
[1, 4, 10, 23, 57, 132, 301, 701, 1636, 3888, 9177, 20603]...: 7559659: ACCEPTED IN 14 TRIES, (AVG 539975.6428571428)
[1, 4, 10, 23, 57, 132, 301, 701, 1636, 3888, 9177, 20604]...: 5394659: ACCEPTED IN 10 TRIES, (AVG 539465.9)
[1, 4, 10, 23, 57, 132, 301, 701, 1636, 3888, 9177, 20605]...: 8643178: ACCEPTED IN 16 TRIES, (AVG 540198.625)
[1, 4, 10, 23, 57, 132, 301, 701, 1636, 3888, 9177, 20606]...: 64380846: ACCEPTED IN 119 TRIES, (AVG 541015.512605042)
[1, 4, 10, 23, 57, 132, 301, 701, 1636, 3888, 9177, 20607]...: 7020926: ACCEPTED IN 13 TRIES, (AVG 540071.2307692308)
[1, 4, 10, 23, 57, 132, 301, 701, 1636, 3888, 9177, 20608]...: 11889460: ACCEPTED IN 22 TRIES, (AVG 540430.0)
[1, 4, 10, 23, 57, 132, 301, 701, 1636, 3888, 9177, 20611]...: 9184977: ACCEPTED IN 17 TRIES, (AVG 540292.7647058824)
[1, 4, 10, 23, 57, 132, 301, 701, 1636, 3888, 9177, 20634]...: 4856167: ACCEPTED IN 9 TRIES, (AVG 539574.1111111111)
[1, 4, 10, 23, 57, 132, 301, 701, 1636, 3888, 9177, 20636]...: 9185101: ACCEPTED IN 17 TRIES, (AVG 540300.0588235294)
[1, 4, 10, 23, 57, 132, 301, 701, 1636, 3888, 9177, 20637]...: 6479834: ACCEPTED IN 12 TRIES, (AVG 539986.1666666666)
[1, 4, 10, 23, 57, 132, 301, 701, 1636, 3888, 9177, 20638]...: 7561362: ACCEPTED IN 14 TRIES, (AVG 540097.2857142857)
[1, 4, 10, 23, 57, 132, 301, 701, 1636, 3888, 9177, 20639]...: 8103173: ACCEPTED IN 15 TRIES, (AVG 540211.5333333333)
[1, 4, 10, 23, 57, 132, 301, 701, 1636, 3888, 9177, 20640]...: 11890225: ACCEPTED IN 22 TRIES, (AVG 540464.7727272727)
[1, 4, 10, 23, 57, 132, 301, 701, 1636, 3888, 9177, 20641]...: 7561739: ACCEPTED IN 14 TRIES, (AVG 540124.2142857143)
[1, 4, 10, 23, 57, 132, 301, 701, 1636, 3888, 9177, 20642]...: 10267504: ACCEPTED IN 19 TRIES, (AVG 540394.947368421)
[1, 4, 10, 23, 57, 132, 301, 701, 1636, 3888, 9177, 20643]...: 10265905: ACCEPTED IN 19 TRIES, (AVG 540310.7894736842)
[1, 4, 10, 23, 57, 132, 301, 701, 1636, 3888, 9177, 20644]...: 7560417: ACCEPTED IN 14 TRIES, (AVG 540029.7857142857)
[1, 4, 10, 23, 57, 132, 301, 701, 1636, 3888, 9177, 20667]...: 4855136: ACCEPTED IN 9 TRIES, (AVG 539459.5555555555)
[1, 4, 10, 23, 57, 132, 301, 701, 1636, 3888, 9177, 20669]...: 13512536: ACCEPTED IN 25 TRIES, (AVG 540501.44)
[1, 4, 10, 23, 57, 132, 301, 701, 1636, 3888, 9177, 20670]...: 11887609: ACCEPTED IN 22 TRIES, (AVG 540345.8636363636)
[1, 4, 10, 23, 57, 132, 301, 701, 1636, 3888, 9177, 20671]...: 11889691: ACCEPTED IN 22 TRIES, (AVG 540440.5)
[1, 4, 10, 23, 57, 132, 301, 701, 1636, 3888, 9177, 20672]...: 7020248: ACCEPTED IN 13 TRIES, (AVG 540019.0769230769)
[1, 4, 10, 23, 57, 132, 301, 701, 1636, 3888, 9177, 20673]...: 8643369: ACCEPTED IN 16 TRIES, (AVG 540210.5625)
[1, 4, 10, 23, 57, 132, 301, 701, 1636, 3888, 9177, 20674]...: 7019940: ACCEPTED IN 13 TRIES, (AVG 539995.3846153846)
[1, 4, 10, 23, 57, 132, 301, 701, 1636, 3888, 9177, 20675]...: 5394681: ACCEPTED IN 10 TRIES, (AVG 539468.1)
[1, 4, 10, 23, 57, 132, 301, 701, 1636, 3888, 9177, 20676]...: 9725545: ACCEPTED IN 18 TRIES, (AVG 540308.0555555555)
[1, 4, 10, 23, 57, 132, 301, 701, 1636, 3888, 9177, 20678]...: 4314913: ACCEPTED IN 8 TRIES, (AVG 539364.125)
[1, 4, 10, 23, 57, 132, 301, 701, 1636, 3888, 9177, 20699]...: 8644238: ACCEPTED IN 16 TRIES, (AVG 540264.875)
[1, 4, 10, 23, 57, 132, 301, 701, 1636, 3888, 9177, 20702]...: 7562022: ACCEPTED IN 14 TRIES, (AVG 540144.4285714285)
[1, 4, 10, 23, 57, 132, 301, 701, 1636, 3888, 9177, 20703]...: 8643556: ACCEPTED IN 16 TRIES, (AVG 540222.25)
[1, 4, 10, 23, 57, 132, 301, 701, 1636, 3888, 9177, 20704]...: 10267366: ACCEPTED IN 19 TRIES, (AVG 540387.6842105263)
[1, 4, 10, 23, 57, 132, 301, 701, 1636, 3888, 9177, 20706]...: 11350019: ACCEPTED IN 21 TRIES, (AVG 540477.0952380953)
[1, 4, 10, 23, 57, 132, 301, 701, 1636, 3888, 9177, 20707]...: 10265497: ACCEPTED IN 19 TRIES, (AVG 540289.3157894737)
[1, 4, 10, 23, 57, 132, 301, 701, 1636, 3888, 9177, 20708]...: 7019228: ACCEPTED IN 13 TRIES, (AVG 539940.6153846154)
[1, 4, 10, 23, 57, 132, 301, 701, 1636, 3888, 9177, 20709]...: 11890125: ACCEPTED IN 22 TRIES, (AVG 540460.2272727273)
[1, 4, 10, 23, 57, 132, 301, 701, 1636, 3888, 9177, 20710]...: 10264181: ACCEPTED IN 19 TRIES, (AVG 540220.052631579)
[1, 4, 10, 23, 57, 132, 301, 701, 1636, 3888, 9177, 20713]...: 5937590: ACCEPTED IN 11 TRIES, (AVG 539780.9090909091)
[1, 4, 10, 23, 57, 132, 301, 701, 1636, 3888, 9177, 20735]...: 8643409: ACCEPTED IN 16 TRIES, (AVG 540213.0625)
[1, 4, 10, 23, 57, 132, 301, 701, 1636, 3888, 9177, 20736]...: 10265843: ACCEPTED IN 19 TRIES, (AVG 540307.5263157894)
[1, 4, 10, 23, 57, 132, 301, 701, 1636, 3888, 9177, 20737]...: 9184538: ACCEPTED IN 17 TRIES, (AVG 540266.9411764706)
[1, 4, 10, 23, 57, 132, 301, 701, 1636, 3888, 9177, 20738]...: 9723775: ACCEPTED IN 18 TRIES, (AVG 540209.7222222222)
[1, 4, 10, 23, 57, 132, 301, 701, 1636, 3888, 9177, 20739]...: 7559316: ACCEPTED IN 14 TRIES, (AVG 539951.1428571428)
[1, 4, 10, 23, 57, 132, 301, 701, 1636, 3888, 9177, 20740]...: 7561415: ACCEPTED IN 14 TRIES, (AVG 540101.0714285715)
[1, 4, 10, 23, 57, 132, 301, 701, 1636, 3888, 9177, 20741]...: 5396987: ACCEPTED IN 10 TRIES, (AVG 539698.7)
[1, 4, 10, 23, 57, 132, 301, 701, 1636, 3888, 9177, 20742]...: 9726295: ACCEPTED IN 18 TRIES, (AVG 540349.7222222222)
[1, 4, 10, 23, 57, 132, 301, 701, 1636, 3888, 9177, 20743]...: 10266248: ACCEPTED IN 19 TRIES, (AVG 540328.8421052631)
[1, 4, 10, 23, 57, 132, 301, 701, 1636, 3888, 9177, 20745]...: 10267804: ACCEPTED IN 19 TRIES, (AVG 540410.7368421053)
[1, 4, 10, 23, 57, 132, 301, 701, 1636, 3888, 9177, 20746]...: 7560167: ACCEPTED IN 14 TRIES, (AVG 540011.9285714285)
[1, 4, 10, 23, 57, 132, 301, 701, 1636, 3888, 9177, 20766]...: 4856290: ACCEPTED IN 9 TRIES, (AVG 539587.7777777778)
[1, 4, 10, 23, 57, 132, 301, 701, 1636, 3888, 9177, 20769]...: 4312928: ACCEPTED IN 8 TRIES, (AVG 539116.0)
[1, 4, 10, 23, 57, 132, 301, 701, 1636, 3888, 9177, 20770]...: 4315289: ACCEPTED IN 8 TRIES, (AVG 539411.125)
[1, 4, 10, 23, 57, 132, 301, 701, 1636, 3888, 9177, 20771]...: 11348787: ACCEPTED IN 21 TRIES, (AVG 540418.4285714285)
[1, 4, 10, 23, 57, 132, 301, 701, 1636, 3888, 9177, 20772]...: 10266373: ACCEPTED IN 19 TRIES, (AVG 540335.4210526316)
[1, 4, 10, 23, 57, 132, 301, 701, 1636, 3888, 9177, 20773]...: 3232355: ACCEPTED IN 6 TRIES, (AVG 538725.8333333334)
[1, 4, 10, 23, 57, 132, 301, 701, 1636, 3888, 9177, 20774]...: 8644225: ACCEPTED IN 16 TRIES, (AVG 540264.0625)
[1, 4, 10, 23, 57, 132, 301, 701, 1636, 3888, 9177, 20775]...: 11888269: ACCEPTED IN 22 TRIES, (AVG 540375.8636363636)
[1, 4, 10, 23, 57, 132, 301, 701, 1636, 3888, 9177, 20776]...: 10267723: ACCEPTED IN 19 TRIES, (AVG 540406.4736842106)
[1, 4, 10, 23, 57, 132, 301, 701, 1636, 3888, 9177, 20777]...: 13514139: ACCEPTED IN 25 TRIES, (AVG 540565.56)
[1, 4, 10, 23, 57, 132, 301, 701, 1636, 3888, 9177, 20801]...: 8644143: ACCEPTED IN 16 TRIES, (AVG 540258.9375)
[1, 4, 10, 23, 57, 132, 301, 701, 1636, 3888, 9177, 20802]...: 3232289: ACCEPTED IN 6 TRIES, (AVG 538714.8333333334)
[1, 4, 10, 23, 57, 132, 301, 701, 1636, 3888, 9177, 20803]...: 4314417: ACCEPTED IN 8 TRIES, (AVG 539302.125)
[1, 4, 10, 23, 57, 132, 301, 701, 1636, 3888, 9177, 20805]...: 5938294: ACCEPTED IN 11 TRIES, (AVG 539844.9090909091)
[1, 4, 10, 23, 57, 132, 301, 701, 1636, 3888, 9177, 20806]...: 10266776: ACCEPTED IN 19 TRIES, (AVG 540356.6315789474)
[1, 4, 10, 23, 57, 132, 301, 701, 1636, 3888, 9177, 20807]...: 5395886: ACCEPTED IN 10 TRIES, (AVG 539588.6)
[1, 4, 10, 23, 57, 132, 301, 701, 1636, 3888, 9177, 20808]...: 15136340: ACCEPTED IN 28 TRIES, (AVG 540583.5714285715)
[1, 4, 10, 23, 57, 132, 301, 701, 1636, 3888, 9177, 20809]...: 9724558: ACCEPTED IN 18 TRIES, (AVG 540253.2222222222)
[1, 4, 10, 23, 57, 132, 301, 701, 1636, 3888, 9177, 20810]...: 7020899: ACCEPTED IN 13 TRIES, (AVG 540069.1538461539)
[1, 4, 10, 23, 57, 132, 301, 701, 1636, 3888, 9177, 20834]...: 8102579: ACCEPTED IN 15 TRIES, (AVG 540171.9333333333)
[1, 4, 10, 23, 57, 132, 301, 701, 1636, 3888, 9177, 20836]...: 7560429: ACCEPTED IN 14 TRIES, (AVG 540030.6428571428)
[1, 4, 10, 23, 57, 132, 301, 701, 1636, 3888, 9177, 20838]...: 3232756: ACCEPTED IN 6 TRIES, (AVG 538792.6666666666)
[1, 4, 10, 23, 57, 132, 301, 701, 1636, 3888, 9177, 20839]...: 11348771: ACCEPTED IN 21 TRIES, (AVG 540417.6666666666)
[1, 4, 10, 23, 57, 132, 301, 701, 1636, 3888, 9177, 20840]...: 7561554: ACCEPTED IN 14 TRIES, (AVG 540111.0)
[1, 4, 10, 23, 57, 132, 301, 701, 1636, 3888, 9177, 20841]...: 11890213: ACCEPTED IN 22 TRIES, (AVG 540464.2272727273)
[1, 4, 10, 23, 57, 132, 301, 701, 1636, 3888, 9177, 20842]...: 3773368: ACCEPTED IN 7 TRIES, (AVG 539052.5714285715)
[1, 4, 10, 23, 57, 132, 301, 701, 1636, 3888, 9177, 20844]...: 11349887: ACCEPTED IN 21 TRIES, (AVG 540470.8095238095)
[1, 4, 10, 23, 57, 132, 301, 701, 1636, 3888, 9177, 20845]...: 7560593: ACCEPTED IN 14 TRIES, (AVG 540042.3571428572)
[1, 4, 10, 23, 57, 132, 301, 701, 1636, 3888, 9177, 20868]...: 10265691: ACCEPTED IN 19 TRIES, (AVG 540299.5263157894)
[1, 4, 10, 23, 57, 132, 301, 701, 1636, 3888, 9177, 20869]...: 8643585: ACCEPTED IN 16 TRIES, (AVG 540224.0625)
[1, 4, 10, 23, 57, 132, 301, 701, 1636, 3888, 9177, 20870]...: 9184829: ACCEPTED IN 17 TRIES, (AVG 540284.0588235294)
[1, 4, 10, 23, 57, 132, 301, 701, 1636, 3888, 9177, 20871]...: 5938710: ACCEPTED IN 11 TRIES, (AVG 539882.7272727273)
[1, 4, 10, 23, 57, 132, 301, 701, 1636, 3888, 9177, 20872]...: 3773961: ACCEPTED IN 7 TRIES, (AVG 539137.2857142857)
[1, 4, 10, 23, 57, 132, 301, 701, 1636, 3888, 9177, 20873]...: 7018947: ACCEPTED IN 13 TRIES, (AVG 539919.0)
[1, 4, 10, 23, 57, 132, 301, 701, 1636, 3888, 9177, 20874]...: 10266058: ACCEPTED IN 19 TRIES, (AVG 540318.8421052631)
[1, 4, 10, 23, 57, 132, 301, 701, 1636, 3888, 9177, 20875]...: 11349077: ACCEPTED IN 21 TRIES, (AVG 540432.2380952381)
[1, 4, 10, 23, 57, 132, 301, 701, 1636, 3888, 9177, 20876]...: 7562106: ACCEPTED IN 14 TRIES, (AVG 540150.4285714285)
[1, 4, 10, 23, 57, 132, 301, 701, 1636, 3888, 9177, 20877]...: 8643135: ACCEPTED IN 16 TRIES, (AVG 540195.9375)
[1, 4, 10, 23, 57, 132, 301, 701, 1636, 3888, 9177, 20878]...: 15137844: ACCEPTED IN 28 TRIES, (AVG 540637.2857142857)
[1, 4, 10, 23, 57, 132, 301, 701, 1636, 3888, 9177, 20901]...: 9723817: ACCEPTED IN 18 TRIES, (AVG 540212.0555555555)
[1, 4, 10, 23, 57, 132, 301, 701, 1636, 3888, 9177, 20902]...: 26499620: ACCEPTED IN 49 TRIES, (AVG 540808.5714285715)
[1, 4, 10, 23, 57, 132, 301, 701, 1636, 3888, 9177, 20903]...: 11887501: ACCEPTED IN 22 TRIES, (AVG 540340.9545454546)
[1, 4, 10, 23, 57, 132, 301, 701, 1636, 3888, 9177, 20904]...: 5396843: ACCEPTED IN 10 TRIES, (AVG 539684.3)
[1, 4, 10, 23, 57, 132, 301, 701, 1636, 3888, 9177, 20905]...: 6479814: ACCEPTED IN 12 TRIES, (AVG 539984.5)
[1, 4, 10, 23, 57, 132, 301, 701, 1636, 3888, 9177, 20906]...: 13514363: ACCEPTED IN 25 TRIES, (AVG 540574.52)
[1, 4, 10, 23, 57, 132, 301, 701, 1636, 3888, 9177, 20907]...: 10267527: ACCEPTED IN 19 TRIES, (AVG 540396.1578947369)
[1, 4, 10, 23, 57, 132, 301, 701, 1636, 3888, 9177, 20908]...: 9185322: ACCEPTED IN 17 TRIES, (AVG 540313.0588235294)
[1, 4, 10, 23, 57, 132, 301, 701, 1636, 3888, 9177, 20909]...: 7560054: ACCEPTED IN 14 TRIES, (AVG 540003.8571428572)
[1, 4, 10, 23, 57, 132, 301, 701, 1636, 3888, 9177, 20912]...: 9185122: ACCEPTED IN 17 TRIES, (AVG 540301.2941176471)
[1, 4, 10, 23, 57, 132, 301, 701, 1636, 3888, 9177, 20933]...: 7561854: ACCEPTED IN 14 TRIES, (AVG 540132.4285714285)
[1, 4, 10, 23, 57, 132, 301, 701, 1636, 3888, 9177, 20935]...: 7018985: ACCEPTED IN 13 TRIES, (AVG 539921.9230769231)
[1, 4, 10, 23, 57, 132, 301, 701, 1636, 3888, 9177, 20937]...: 10267793: ACCEPTED IN 19 TRIES, (AVG 540410.1578947369)
[1, 4, 10, 23, 57, 132, 301, 701, 1636, 3888, 9177, 20938]...: 9726629: ACCEPTED IN 18 TRIES, (AVG 540368.2777777778)
[1, 4, 10, 23, 57, 132, 301, 701, 1636, 3888, 9177, 20939]...: 7561106: ACCEPTED IN 14 TRIES, (AVG 540079.0)
[1, 4, 10, 23, 57, 132, 301, 701, 1636, 3888, 9177, 20940]...: 10264287: ACCEPTED IN 19 TRIES, (AVG 540225.6315789474)
[1, 4, 10, 23, 57, 132, 301, 701, 1636, 3888, 9177, 20941]...: 11887934: ACCEPTED IN 22 TRIES, (AVG 540360.6363636364)
[1, 4, 10, 23, 57, 132, 301, 701, 1636, 3888, 9177, 20942]...: 10266187: ACCEPTED IN 19 TRIES, (AVG 540325.6315789474)
[1, 4, 10, 23, 57, 132, 301, 701, 1636, 3888, 9177, 20943]...: 7560005: ACCEPTED IN 14 TRIES, (AVG 540000.3571428572)
[1, 4, 10, 23, 57, 132, 301, 701, 1636, 3888, 9177, 20944]...: 9726212: ACCEPTED IN 18 TRIES, (AVG 540345.1111111111)
[1, 4, 10, 23, 57, 132, 301, 701, 1636, 3888, 9177, 20968]...: 8643496: ACCEPTED IN 16 TRIES, (AVG 540218.5)
[1, 4, 10, 23, 57, 132, 301, 701, 1636, 3888, 9177, 20970]...: 5397300: ACCEPTED IN 10 TRIES, (AVG 539730.0)
[1, 4, 10, 23, 57, 132, 301, 701, 1636, 3888, 9177, 20971]...: 7561318: ACCEPTED IN 14 TRIES, (AVG 540094.1428571428)
[1, 4, 10, 23, 57, 132, 301, 701, 1636, 3888, 9177, 20972]...: 10266298: ACCEPTED IN 19 TRIES, (AVG 540331.4736842106)
[1, 4, 10, 23, 57, 132, 301, 701, 1636, 3888, 9177, 20973]...: 11890698: ACCEPTED IN 22 TRIES, (AVG 540486.2727272727)
[1, 4, 10, 23, 57, 132, 301, 701, 1636, 3888, 9177, 20974]...: 7560861: ACCEPTED IN 14 TRIES, (AVG 540061.5)
[1, 4, 10, 23, 57, 132, 301, 701, 1636, 3888, 9177, 20975]...: 8100273: ACCEPTED IN 15 TRIES, (AVG 540018.2)
[1, 4, 10, 23, 57, 132, 301, 701, 1636, 3888, 9177, 20976]...: 8643520: ACCEPTED IN 16 TRIES, (AVG 540220.0)
[1, 4, 10, 23, 57, 132, 301, 701, 1636, 3888, 9177, 20977]...: 9725031: ACCEPTED IN 18 TRIES, (AVG 540279.5)
[1, 4, 10, 23, 57, 132, 301, 701, 1636, 3888, 9177, 20979]...: 9726080: ACCEPTED IN 18 TRIES, (AVG 540337.7777777778)
[1, 4, 10, 23, 57, 132, 301, 701, 1636, 3888, 9177, 21000]...: 5396906: ACCEPTED IN 10 TRIES, (AVG 539690.6)
[1, 4, 10, 23, 57, 132, 301, 701, 1636, 3888, 9177, 21003]...: 7561503: ACCEPTED IN 14 TRIES, (AVG 540107.3571428572)
[1, 4, 10, 23, 57, 132, 301, 701, 1636, 3888, 9177, 21004]...: 8643742: ACCEPTED IN 16 TRIES, (AVG 540233.875)
[1, 4, 10, 23, 57, 132, 301, 701, 1636, 3888, 9177, 21005]...: 4855726: ACCEPTED IN 9 TRIES, (AVG 539525.1111111111)
[1, 4, 10, 23, 57, 132, 301, 701, 1636, 3888, 9177, 21007]...: 10266692: ACCEPTED IN 19 TRIES, (AVG 540352.2105263158)
[1, 4, 10, 23, 57, 132, 301, 701, 1636, 3888, 9177, 21008]...: 10267231: ACCEPTED IN 19 TRIES, (AVG 540380.5789473684)
[1, 4, 10, 23, 57, 132, 301, 701, 1636, 3888, 9177, 21009]...: 10265564: ACCEPTED IN 19 TRIES, (AVG 540292.8421052631)
[1, 4, 10, 23, 57, 132, 301, 701, 1636, 3888, 9177, 21010]...: 9724723: ACCEPTED IN 18 TRIES, (AVG 540262.3888888889)
[1, 4, 10, 23, 57, 132, 301, 701, 1636, 3888, 9177, 21011]...: 11349676: ACCEPTED IN 21 TRIES, (AVG 540460.7619047619)
[1, 4, 10, 23, 57, 132, 301, 701, 1636, 3888, 9177, 21035]...: 7019748: ACCEPTED IN 13 TRIES, (AVG 539980.6153846154)
[1, 4, 10, 23, 57, 132, 301, 701, 1636, 3888, 9177, 21036]...: 5397163: ACCEPTED IN 10 TRIES, (AVG 539716.3)
[1, 4, 10, 23, 57, 132, 301, 701, 1636, 3888, 9177, 21037]...: 4855583: ACCEPTED IN 9 TRIES, (AVG 539509.2222222222)
[1, 4, 10, 23, 57, 132, 301, 701, 1636, 3888, 9177, 21038]...: 10263518: ACCEPTED IN 19 TRIES, (AVG 540185.1578947369)
[1, 4, 10, 23, 57, 132, 301, 701, 1636, 3888, 9177, 21039]...: 7561627: ACCEPTED IN 14 TRIES, (AVG 540116.2142857143)
[1, 4, 10, 23, 57, 132, 301, 701, 1636, 3888, 9177, 21040]...: 4854556: ACCEPTED IN 9 TRIES, (AVG 539395.1111111111)
[1, 4, 10, 23, 57, 132, 301, 701, 1636, 3888, 9177, 21041]...: 10265068: ACCEPTED IN 19 TRIES, (AVG 540266.7368421053)
[1, 4, 10, 23, 57, 132, 301, 701, 1636, 3888, 9177, 21042]...: 8102796: ACCEPTED IN 15 TRIES, (AVG 540186.4)
[1, 4, 10, 23, 57, 132, 301, 701, 1636, 3888, 9177, 21043]...: 5938475: ACCEPTED IN 11 TRIES, (AVG 539861.3636363636)
[1, 4, 10, 23, 57, 132, 301, 701, 1636, 3888, 9177, 21044]...: 6477721: ACCEPTED IN 12 TRIES, (AVG 539810.0833333334)
[1, 4, 10, 23, 57, 132, 301, 701, 1636, 3888, 9177, 21067]...: 10267047: ACCEPTED IN 19 TRIES, (AVG 540370.8947368421)
[1, 4, 10, 23, 57, 132, 301, 701, 1636, 3888, 9177, 21070]...: 3773509: ACCEPTED IN 7 TRIES, (AVG 539072.7142857143)
[1, 4, 10, 23, 57, 132, 301, 701, 1636, 3888, 9177, 21071]...: 10265009: ACCEPTED IN 19 TRIES, (AVG 540263.6315789474)
[1, 4, 10, 23, 57, 132, 301, 701, 1636, 3888, 9177, 21072]...: 11347708: ACCEPTED IN 21 TRIES, (AVG 540367.0476190476)
[1, 4, 10, 23, 57, 132, 301, 701, 1636, 3888, 9177, 21073]...: 9185066: ACCEPTED IN 17 TRIES, (AVG 540298.0)
[1, 4, 10, 23, 57, 132, 301, 701, 1636, 3888, 9177, 21074]...: 4855932: ACCEPTED IN 9 TRIES, (AVG 539548.0)
[1, 4, 10, 23, 57, 132, 301, 701, 1636, 3888, 9177, 21075]...: 5397274: ACCEPTED IN 10 TRIES, (AVG 539727.4)
[1, 4, 10, 23, 57, 132, 301, 701, 1636, 3888, 9177, 21076]...: 7018705: ACCEPTED IN 13 TRIES, (AVG 539900.3846153846)
[1, 4, 10, 23, 57, 132, 301, 701, 1636, 3888, 9177, 21078]...: 15136697: ACCEPTED IN 28 TRIES, (AVG 540596.3214285715)
[1, 4, 10, 23, 57, 132, 301, 701, 1636, 3888, 9177, 21102]...: 7559111: ACCEPTED IN 14 TRIES, (AVG 539936.5)
[1, 4, 10, 23, 57, 132, 301, 701, 1636, 3888, 9177, 21103]...: 10265449: ACCEPTED IN 19 TRIES, (AVG 540286.7894736842)
[1, 4, 10, 23, 57, 132, 301, 701, 1636, 3888, 9177, 21104]...: 10266432: ACCEPTED IN 19 TRIES, (AVG 540338.5263157894)
[1, 4, 10, 23, 57, 132, 301, 701, 1636, 3888, 9177, 21106]...: 8101647: ACCEPTED IN 15 TRIES, (AVG 540109.8)
[1, 4, 10, 23, 57, 132, 301, 701, 1636, 3888, 9177, 21107]...: 8102315: ACCEPTED IN 15 TRIES, (AVG 540154.3333333334)
[1, 4, 10, 23, 57, 132, 301, 701, 1636, 3888, 9177, 21108]...: 4313459: ACCEPTED IN 8 TRIES, (AVG 539182.375)
[1, 4, 10, 23, 57, 132, 301, 701, 1636, 3888, 9177, 21109]...: 7019058: ACCEPTED IN 13 TRIES, (AVG 539927.5384615385)
[1, 4, 10, 23, 57, 132, 301, 701, 1636, 3888, 9177, 21110]...: 11890291: ACCEPTED IN 22 TRIES, (AVG 540467.7727272727)
[1, 4, 10, 23, 57, 132, 301, 701, 1636, 3888, 9177, 21111]...: 10264935: ACCEPTED IN 19 TRIES, (AVG 540259.7368421053)
[1, 4, 10, 23, 57, 132, 301, 701, 1636, 3888, 9177, 21135]...: 9184489: ACCEPTED IN 17 TRIES, (AVG 540264.0588235294)
[1, 4, 10, 23, 57, 132, 301, 701, 1636, 3888, 9177, 21136]...: 6479371: ACCEPTED IN 12 TRIES, (AVG 539947.5833333334)
[1, 4, 10, 23, 57, 132, 301, 701, 1636, 3888, 9177, 21137]...: 7020452: ACCEPTED IN 13 TRIES, (AVG 540034.7692307692)
[1, 4, 10, 23, 57, 132, 301, 701, 1636, 3888, 9177, 21139]...: 11890394: ACCEPTED IN 22 TRIES, (AVG 540472.4545454546)
[1, 4, 10, 23, 57, 132, 301, 701, 1636, 3888, 9177, 21140]...: 3232769: ACCEPTED IN 6 TRIES, (AVG 538794.8333333334)
[1, 4, 10, 23, 57, 132, 301, 701, 1636, 3888, 9177, 21141]...: 7559683: ACCEPTED IN 14 TRIES, (AVG 539977.3571428572)
[1, 4, 10, 23, 57, 132, 301, 701, 1636, 3888, 9177, 21142]...: 4315242: ACCEPTED IN 8 TRIES, (AVG 539405.25)
[1, 4, 10, 23, 57, 132, 301, 701, 1636, 3888, 9177, 21143]...: 7561501: ACCEPTED IN 14 TRIES, (AVG 540107.2142857143)
[1, 4, 10, 23, 57, 132, 301, 701, 1636, 3888, 9177, 21145]...: 10264069: ACCEPTED IN 19 TRIES, (AVG 540214.1578947369)
[1, 4, 10, 23, 57, 132, 301, 701, 1636, 3888, 9177, 21146]...: 8102558: ACCEPTED IN 15 TRIES, (AVG 540170.5333333333)
[1, 4, 10, 23, 57, 132, 301, 701, 1636, 3888, 9177, 21167]...: 9184642: ACCEPTED IN 17 TRIES, (AVG 540273.0588235294)
[1, 4, 10, 23, 57, 132, 301, 701, 1636, 3888, 9177, 21169]...: 9725510: ACCEPTED IN 18 TRIES, (AVG 540306.1111111111)
[1, 4, 10, 23, 57, 132, 301, 701, 1636, 3888, 9177, 21170]...: 4854055: ACCEPTED IN 9 TRIES, (AVG 539339.4444444445)
[1, 4, 10, 23, 57, 132, 301, 701, 1636, 3888, 9177, 21171]...: 3772777: ACCEPTED IN 7 TRIES, (AVG 538968.1428571428)
[1, 4, 10, 23, 57, 132, 301, 701, 1636, 3888, 9177, 21172]...: 5397400: ACCEPTED IN 10 TRIES, (AVG 539740.0)
[1, 4, 10, 23, 57, 132, 301, 701, 1636, 3888, 9177, 21173]...: 3232748: ACCEPTED IN 6 TRIES, (AVG 538791.3333333334)
[1, 4, 10, 23, 57, 132, 301, 701, 1636, 3888, 9177, 21174]...: 4855683: ACCEPTED IN 9 TRIES, (AVG 539520.3333333334)
[1, 4, 10, 23, 57, 132, 301, 701, 1636, 3888, 9177, 21175]...: 10807896: ACCEPTED IN 20 TRIES, (AVG 540394.8)
[1, 4, 10, 23, 57, 132, 301, 701, 1636, 3888, 9177, 21176]...: 11349683: ACCEPTED IN 21 TRIES, (AVG 540461.0952380953)
[1, 4, 10, 23, 57, 132, 301, 701, 1636, 3888, 9177, 21177]...: 8101922: ACCEPTED IN 15 TRIES, (AVG 540128.1333333333)
[1, 4, 10, 23, 57, 132, 301, 701, 1636, 3888, 9177, 21202]...: 10264782: ACCEPTED IN 19 TRIES, (AVG 540251.6842105263)
[1, 4, 10, 23, 57, 132, 301, 701, 1636, 3888, 9177, 21203]...: 10266420: ACCEPTED IN 19 TRIES, (AVG 540337.8947368421)
[1, 4, 10, 23, 57, 132, 301, 701, 1636, 3888, 9177, 21204]...: 7561820: ACCEPTED IN 14 TRIES, (AVG 540130.0)
[1, 4, 10, 23, 57, 132, 301, 701, 1636, 3888, 9177, 21205]...: 10265593: ACCEPTED IN 19 TRIES, (AVG 540294.3684210526)
[1, 4, 10, 23, 57, 132, 301, 701, 1636, 3888, 9177, 21206]...: 4856389: ACCEPTED IN 9 TRIES, (AVG 539598.7777777778)
[1, 4, 10, 23, 57, 132, 301, 701, 1636, 3888, 9177, 21207]...: 4856167: ACCEPTED IN 9 TRIES, (AVG 539574.1111111111)
[1, 4, 10, 23, 57, 132, 301, 701, 1636, 3888, 9177, 21208]...: 3773006: ACCEPTED IN 7 TRIES, (AVG 539000.8571428572)
[1, 4, 10, 23, 57, 132, 301, 701, 1636, 3888, 9177, 21209]...: 10266152: ACCEPTED IN 19 TRIES, (AVG 540323.7894736842)
[1, 4, 10, 23, 57, 132, 301, 701, 1636, 3888, 9177, 21210]...: 9185293: ACCEPTED IN 17 TRIES, (AVG 540311.3529411765)
[1, 4, 10, 23, 57, 132, 301, 701, 1636, 3888, 9177, 21213]...: 4855934: ACCEPTED IN 9 TRIES, (AVG 539548.2222222222)
[1, 4, 10, 23, 57, 132, 301, 701, 1636, 3888, 9177, 21234]...: 4853873: ACCEPTED IN 9 TRIES, (AVG 539319.2222222222)
[1, 4, 10, 23, 57, 132, 301, 701, 1636, 3888, 9177, 21236]...: 10265421: ACCEPTED IN 19 TRIES, (AVG 540285.3157894737)
[1, 4, 10, 23, 57, 132, 301, 701, 1636, 3888, 9177, 21238]...: 4856401: ACCEPTED IN 9 TRIES, (AVG 539600.1111111111)
[1, 4, 10, 23, 57, 132, 301, 701, 1636, 3888, 9177, 21239]...: 7560582: ACCEPTED IN 14 TRIES, (AVG 540041.5714285715)
[1, 4, 10, 23, 57, 132, 301, 701, 1636, 3888, 9177, 21240]...: 5396754: ACCEPTED IN 10 TRIES, (AVG 539675.4)
[1, 4, 10, 23, 57, 132, 301, 701, 1636, 3888, 9177, 21241]...: 9726012: ACCEPTED IN 18 TRIES, (AVG 540334.0)
[1, 4, 10, 23, 57, 132, 301, 701, 1636, 3888, 9177, 21242]...: 4856382: ACCEPTED IN 9 TRIES, (AVG 539598.0)
[1, 4, 10, 23, 57, 132, 301, 701, 1636, 3888, 9177, 21243]...: 8101107: ACCEPTED IN 15 TRIES, (AVG 540073.8)
[1, 4, 10, 23, 57, 132, 301, 701, 1636, 3888, 9177, 21244]...: 4315156: ACCEPTED IN 8 TRIES, (AVG 539394.5)
[1, 4, 10, 23, 57, 132, 301, 701, 1636, 3888, 9177, 21245]...: 8643318: ACCEPTED IN 16 TRIES, (AVG 540207.375)
[1, 4, 10, 23, 57, 132, 301, 701, 1636, 3888, 9177, 21268]...: 9724606: ACCEPTED IN 18 TRIES, (AVG 540255.8888888889)
[1, 4, 10, 23, 57, 132, 301, 701, 1636, 3888, 9177, 21269]...: 4856134: ACCEPTED IN 9 TRIES, (AVG 539570.4444444445)
[1, 4, 10, 23, 57, 132, 301, 701, 1636, 3888, 9177, 21271]...: 8644050: ACCEPTED IN 16 TRIES, (AVG 540253.125)
[1, 4, 10, 23, 57, 132, 301, 701, 1636, 3888, 9177, 21272]...: 7020182: ACCEPTED IN 13 TRIES, (AVG 540014.0)
[1, 4, 10, 23, 57, 132, 301, 701, 1636, 3888, 9177, 21273]...: 4855260: ACCEPTED IN 9 TRIES, (AVG 539473.3333333334)
[1, 4, 10, 23, 57, 132, 301, 701, 1636, 3888, 9177, 21274]...: 10265333: ACCEPTED IN 19 TRIES, (AVG 540280.6842105263)
[1, 4, 10, 23, 57, 132, 301, 701, 1636, 3888, 9177, 21275]...: 4314491: ACCEPTED IN 8 TRIES, (AVG 539311.375)
[1, 4, 10, 23, 57, 132, 301, 701, 1636, 3888, 9177, 21276]...: 11348969: ACCEPTED IN 21 TRIES, (AVG 540427.0952380953)
[1, 4, 10, 23, 57, 132, 301, 701, 1636, 3888, 9177, 21277]...: 11888859: ACCEPTED IN 22 TRIES, (AVG 540402.6818181818)
[1, 4, 10, 23, 57, 132, 301, 701, 1636, 3888, 9177, 21278]...: 7561535: ACCEPTED IN 14 TRIES, (AVG 540109.6428571428)
[1, 4, 10, 23, 57, 132, 301, 701, 1636, 3888, 9177, 21301]...: 7018995: ACCEPTED IN 13 TRIES, (AVG 539922.6923076923)
[1, 4, 10, 23, 57, 132, 301, 701, 1636, 3888, 9177, 21304]...: 4855565: ACCEPTED IN 9 TRIES, (AVG 539507.2222222222)
[1, 4, 10, 23, 57, 132, 301, 701, 1636, 3888, 9177, 21305]...: 5937706: ACCEPTED IN 11 TRIES, (AVG 539791.4545454546)
[1, 4, 10, 23, 57, 132, 301, 701, 1636, 3888, 9177, 21306]...: 8641915: ACCEPTED IN 16 TRIES, (AVG 540119.6875)
[1, 4, 10, 23, 57, 132, 301, 701, 1636, 3888, 9177, 21307]...: 11889628: ACCEPTED IN 22 TRIES, (AVG 540437.6363636364)
[1, 4, 10, 23, 57, 132, 301, 701, 1636, 3888, 9177, 21308]...: 11888716: ACCEPTED IN 22 TRIES, (AVG 540396.1818181818)
[1, 4, 10, 23, 57, 132, 301, 701, 1636, 3888, 9177, 21309]...: 5397444: ACCEPTED IN 10 TRIES, (AVG 539744.4)
[1, 4, 10, 23, 57, 132, 301, 701, 1636, 3888, 9177, 21312]...: 7020607: ACCEPTED IN 13 TRIES, (AVG 540046.6923076923)
[1, 4, 10, 23, 57, 132, 301, 701, 1636, 3888, 9177, 21336]...: 4854228: ACCEPTED IN 9 TRIES, (AVG 539358.6666666666)
[1, 4, 10, 23, 57, 132, 301, 701, 1636, 3888, 9177, 21337]...: 10807134: ACCEPTED IN 20 TRIES, (AVG 540356.7)
[1, 4, 10, 23, 57, 132, 301, 701, 1636, 3888, 9177, 21338]...: 4854729: ACCEPTED IN 9 TRIES, (AVG 539414.3333333334)
[1, 4, 10, 23, 57, 132, 301, 701, 1636, 3888, 9177, 21339]...: 8102936: ACCEPTED IN 15 TRIES, (AVG 540195.7333333333)
[1, 4, 10, 23, 57, 132, 301, 701, 1636, 3888, 9177, 21340]...: 5938267: ACCEPTED IN 11 TRIES, (AVG 539842.4545454546)
[1, 4, 10, 23, 57, 132, 301, 701, 1636, 3888, 9177, 21341]...: 9185387: ACCEPTED IN 17 TRIES, (AVG 540316.8823529412)
[1, 4, 10, 23, 57, 132, 301, 701, 1636, 3888, 9177, 21342]...: 5397263: ACCEPTED IN 10 TRIES, (AVG 539726.3)
[1, 4, 10, 23, 57, 132, 301, 701, 1636, 3888, 9177, 21343]...: 4854455: ACCEPTED IN 9 TRIES, (AVG 539383.8888888889)
[1, 4, 10, 23, 57, 132, 301, 701, 1636, 3888, 9177, 21344]...: 9184368: ACCEPTED IN 17 TRIES, (AVG 540256.9411764706)
[1, 4, 10, 23, 57, 132, 301, 701, 1636, 3888, 9177, 21345]...: 8643656: ACCEPTED IN 16 TRIES, (AVG 540228.5)
[1, 4, 10, 23, 57, 132, 301, 701, 1636, 3888, 9177, 21368]...: 7561637: ACCEPTED IN 14 TRIES, (AVG 540116.9285714285)
[1, 4, 10, 23, 57, 132, 301, 701, 1636, 3888, 9177, 21370]...: 5397494: ACCEPTED IN 10 TRIES, (AVG 539749.4)
[1, 4, 10, 23, 57, 132, 301, 701, 1636, 3888, 9177, 21371]...: 7560159: ACCEPTED IN 14 TRIES, (AVG 540011.3571428572)
[1, 4, 10, 23, 57, 132, 301, 701, 1636, 3888, 9177, 21372]...: 4313662: ACCEPTED IN 8 TRIES, (AVG 539207.75)
[1, 4, 10, 23, 57, 132, 301, 701, 1636, 3888, 9177, 21373]...: 4856022: ACCEPTED IN 9 TRIES, (AVG 539558.0)
[1, 4, 10, 23, 57, 132, 301, 701, 1636, 3888, 9177, 21374]...: 9185238: ACCEPTED IN 17 TRIES, (AVG 540308.1176470588)
[1, 4, 10, 23, 57, 132, 301, 701, 1636, 3888, 9177, 21375]...: 8643982: ACCEPTED IN 16 TRIES, (AVG 540248.875)
[1, 4, 10, 23, 57, 132, 301, 701, 1636, 3888, 9177, 21376]...: 10807791: ACCEPTED IN 20 TRIES, (AVG 540389.55)
[1, 4, 10, 23, 57, 132, 301, 701, 1636, 3888, 9177, 21377]...: 10266080: ACCEPTED IN 19 TRIES, (AVG 540320.0)
[1, 4, 10, 23, 57, 132, 301, 701, 1636, 3888, 9177, 21379]...: 8643415: ACCEPTED IN 16 TRIES, (AVG 540213.4375)
[1, 4, 10, 23, 57, 132, 301, 701, 1636, 3888, 9177, 21400]...: 4314858: ACCEPTED IN 8 TRIES, (AVG 539357.25)
[1, 4, 10, 23, 57, 132, 301, 701, 1636, 3888, 9177, 21403]...: 4314707: ACCEPTED IN 8 TRIES, (AVG 539338.375)
[1, 4, 10, 23, 57, 132, 301, 701, 1636, 3888, 9177, 21404]...: 7020464: ACCEPTED IN 13 TRIES, (AVG 540035.6923076923)
[1, 4, 10, 23, 57, 132, 301, 701, 1636, 3888, 9177, 21405]...: 9725505: ACCEPTED IN 18 TRIES, (AVG 540305.8333333334)
[1, 4, 10, 23, 57, 132, 301, 701, 1636, 3888, 9177, 21407]...: 8103210: ACCEPTED IN 15 TRIES, (AVG 540214.0)
[1, 4, 10, 23, 57, 132, 301, 701, 1636, 3888, 9177, 21408]...: 11886315: ACCEPTED IN 22 TRIES, (AVG 540287.0454545454)
[1, 4, 10, 23, 57, 132, 301, 701, 1636, 3888, 9177, 21409]...: 9724277: ACCEPTED IN 18 TRIES, (AVG 540237.6111111111)
[1, 4, 10, 23, 57, 132, 301, 701, 1636, 3888, 9177, 21410]...: 3232937: ACCEPTED IN 6 TRIES, (AVG 538822.8333333334)
[1, 4, 10, 23, 57, 132, 301, 701, 1636, 3888, 9177, 21411]...: 9183619: ACCEPTED IN 17 TRIES, (AVG 540212.8823529412)
[1, 4, 10, 23, 57, 132, 301, 701, 1636, 3888, 9177, 21436]...: 4314533: ACCEPTED IN 8 TRIES, (AVG 539316.625)
[1, 4, 10, 23, 57, 132, 301, 701, 1636, 3888, 9177, 21437]...: 7020043: ACCEPTED IN 13 TRIES, (AVG 540003.3076923077)
[1, 4, 10, 23, 57, 132, 301, 701, 1636, 3888, 9177, 21438]...: 5938256: ACCEPTED IN 11 TRIES, (AVG 539841.4545454546)
[1, 4, 10, 23, 57, 132, 301, 701, 1636, 3888, 9177, 21439]...: 4855795: ACCEPTED IN 9 TRIES, (AVG 539532.7777777778)
[1, 4, 10, 23, 57, 132, 301, 701, 1636, 3888, 9177, 21440]...: 4856332: ACCEPTED IN 9 TRIES, (AVG 539592.4444444445)
[1, 4, 10, 23, 57, 132, 301, 701, 1636, 3888, 9177, 21441]...: 5396413: ACCEPTED IN 10 TRIES, (AVG 539641.3)
[1, 4, 10, 23, 57, 132, 301, 701, 1636, 3888, 9177, 21442]...: 8642667: ACCEPTED IN 16 TRIES, (AVG 540166.6875)
[1, 4, 10, 23, 57, 132, 301, 701, 1636, 3888, 9177, 21443]...: 8641894: ACCEPTED IN 16 TRIES, (AVG 540118.375)
[1, 4, 10, 23, 57, 132, 301, 701, 1636, 3888, 9177, 21444]...: 9184500: ACCEPTED IN 17 TRIES, (AVG 540264.7058823529)
[1, 4, 10, 23, 57, 132, 301, 701, 1636, 3888, 9177, 21446]...: 8103252: ACCEPTED IN 15 TRIES, (AVG 540216.8)
[1, 4, 10, 23, 57, 132, 301, 701, 1636, 3888, 9177, 21447]...: 4855308: ACCEPTED IN 9 TRIES, (AVG 539478.6666666666)
[1, 4, 10, 23, 57, 132, 301, 701, 1636, 3888, 9177, 21468]...: 7020664: ACCEPTED IN 13 TRIES, (AVG 540051.0769230769)
[1, 4, 10, 23, 57, 132, 301, 701, 1636, 3888, 9177, 21470]...: 5937979: ACCEPTED IN 11 TRIES, (AVG 539816.2727272727)
[1, 4, 10, 23, 57, 132, 301, 701, 1636, 3888, 9177, 21471]...: 4314212: ACCEPTED IN 8 TRIES, (AVG 539276.5)
[1, 4, 10, 23, 57, 132, 301, 701, 1636, 3888, 9177, 21472]...: 8643078: ACCEPTED IN 16 TRIES, (AVG 540192.375)
[1, 4, 10, 23, 57, 132, 301, 701, 1636, 3888, 9177, 21473]...: 4855425: ACCEPTED IN 9 TRIES, (AVG 539491.6666666666)
[1, 4, 10, 23, 57, 132, 301, 701, 1636, 3888, 9177, 21474]...: 3229385: ACCEPTED IN 6 TRIES, (AVG 538230.8333333334)
[1, 4, 10, 23, 57, 132, 301, 701, 1636, 3888, 9177, 21475]...: 7020290: ACCEPTED IN 13 TRIES, (AVG 540022.3076923077)
[1, 4, 10, 23, 57, 132, 301, 701, 1636, 3888, 9177, 21476]...: 7019943: ACCEPTED IN 13 TRIES, (AVG 539995.6153846154)
[1, 4, 10, 23, 57, 132, 301, 701, 1636, 3888, 9177, 21477]...: 10266490: ACCEPTED IN 19 TRIES, (AVG 540341.5789473684)
[1, 4, 10, 23, 57, 132, 301, 701, 1636, 3888, 9177, 21478]...: 4854208: ACCEPTED IN 9 TRIES, (AVG 539356.4444444445)
[1, 4, 10, 23, 57, 132, 301, 701, 1636, 3888, 9177, 21502]...: 7020791: ACCEPTED IN 13 TRIES, (AVG 540060.8461538461)
[1, 4, 10, 23, 57, 132, 301, 701, 1636, 3888, 9177, 21503]...: 5396775: ACCEPTED IN 10 TRIES, (AVG 539677.5)
[1, 4, 10, 23, 57, 132, 301, 701, 1636, 3888, 9177, 21504]...: 9185458: ACCEPTED IN 17 TRIES, (AVG 540321.0588235294)
[1, 4, 10, 23, 57, 132, 301, 701, 1636, 3888, 9177, 21505]...: 4312432: ACCEPTED IN 8 TRIES, (AVG 539054.0)
[1, 4, 10, 23, 57, 132, 301, 701, 1636, 3888, 9177, 21506]...: 9725210: ACCEPTED IN 18 TRIES, (AVG 540289.4444444445)
[1, 4, 10, 23, 57, 132, 301, 701, 1636, 3888, 9177, 21507]...: 5397402: ACCEPTED IN 10 TRIES, (AVG 539740.2)
[1, 4, 10, 23, 57, 132, 301, 701, 1636, 3888, 9177, 21508]...: 9184559: ACCEPTED IN 17 TRIES, (AVG 540268.1764705882)
[1, 4, 10, 23, 57, 132, 301, 701, 1636, 3888, 9177, 21509]...: 8643011: ACCEPTED IN 16 TRIES, (AVG 540188.1875)
[1, 4, 10, 23, 57, 132, 301, 701, 1636, 3888, 9177, 21510]...: 5396840: ACCEPTED IN 10 TRIES, (AVG 539684.0)
[1, 4, 10, 23, 57, 132, 301, 701, 1636, 3888, 9177, 21511]...: 9725446: ACCEPTED IN 18 TRIES, (AVG 540302.5555555555)
[1, 4, 10, 23, 57, 132, 301, 701, 1636, 3888, 9177, 21535]...: 7020421: ACCEPTED IN 13 TRIES, (AVG 540032.3846153846)
[1, 4, 10, 23, 57, 132, 301, 701, 1636, 3888, 9177, 21537]...: 7560503: ACCEPTED IN 14 TRIES, (AVG 540035.9285714285)
[1, 4, 10, 23, 57, 132, 301, 701, 1636, 3888, 9177, 21539]...: 10808308: ACCEPTED IN 20 TRIES, (AVG 540415.4)
[1, 4, 10, 23, 57, 132, 301, 701, 1636, 3888, 9177, 21540]...: 8102889: ACCEPTED IN 15 TRIES, (AVG 540192.6)
[1, 4, 10, 23, 57, 132, 301, 701, 1636, 3888, 9177, 21541]...: 4856404: ACCEPTED IN 9 TRIES, (AVG 539600.4444444445)
[1, 4, 10, 23, 57, 132, 301, 701, 1636, 3888, 9177, 21542]...: 10266004: ACCEPTED IN 19 TRIES, (AVG 540316.0)
[1, 4, 10, 23, 57, 132, 301, 701, 1636, 3888, 9177, 21543]...: 10264467: ACCEPTED IN 19 TRIES, (AVG 540235.1052631579)
[1, 4, 10, 23, 57, 132, 301, 701, 1636, 3888, 9177, 21546]...: 5937555: ACCEPTED IN 11 TRIES, (AVG 539777.7272727273)
[1, 4, 10, 23, 57, 132, 301, 701, 1636, 3888, 9177, 21569]...: 8102586: ACCEPTED IN 15 TRIES, (AVG 540172.4)
[1, 4, 10, 23, 57, 132, 301, 701, 1636, 3888, 9177, 21570]...: 7020270: ACCEPTED IN 13 TRIES, (AVG 540020.7692307692)
[1, 4, 10, 23, 57, 132, 301, 701, 1636, 3888, 9177, 21571]...: 4312441: ACCEPTED IN 8 TRIES, (AVG 539055.125)
[1, 4, 10, 23, 57, 132, 301, 701, 1636, 3888, 9177, 21572]...: 7560841: ACCEPTED IN 14 TRIES, (AVG 540060.0714285715)
[1, 4, 10, 23, 57, 132, 301, 701, 1636, 3888, 9177, 21573]...: 10264207: ACCEPTED IN 19 TRIES, (AVG 540221.4210526316)
[1, 4, 10, 23, 57, 132, 301, 701, 1636, 3888, 9177, 21574]...: 4855333: ACCEPTED IN 9 TRIES, (AVG 539481.4444444445)
[1, 4, 10, 23, 57, 132, 301, 701, 1636, 3888, 9177, 21575]...: 4854088: ACCEPTED IN 9 TRIES, (AVG 539343.1111111111)
[1, 4, 10, 23, 57, 132, 301, 701, 1636, 3888, 9177, 21576]...: 7560615: ACCEPTED IN 14 TRIES, (AVG 540043.9285714285)
[1, 4, 10, 23, 57, 132, 301, 701, 1636, 3888, 9177, 21577]...: 3772248: ACCEPTED IN 7 TRIES, (AVG 538892.5714285715)
[1, 4, 10, 23, 57, 132, 301, 701, 1636, 3888, 9177, 21578]...: 9184159: ACCEPTED IN 17 TRIES, (AVG 540244.6470588235)
[1, 4, 10, 23, 57, 132, 301, 701, 1636, 3888, 9177, 21579]...: 5938620: ACCEPTED IN 11 TRIES, (AVG 539874.5454545454)
[1, 4, 10, 23, 57, 132, 301, 701, 1636, 3888, 9177, 21602]...: 9184824: ACCEPTED IN 17 TRIES, (AVG 540283.7647058824)
[1, 4, 10, 23, 57, 132, 301, 701, 1636, 3888, 9177, 21603]...: 11890079: ACCEPTED IN 22 TRIES, (AVG 540458.1363636364)
[1, 4, 10, 23, 57, 132, 301, 701, 1636, 3888, 9177, 21604]...: 6478540: ACCEPTED IN 12 TRIES, (AVG 539878.3333333334)
[1, 4, 10, 23, 57, 132, 301, 701, 1636, 3888, 9177, 21605]...: 7020600: ACCEPTED IN 13 TRIES, (AVG 540046.1538461539)
[1, 4, 10, 23, 57, 132, 301, 701, 1636, 3888, 9177, 21606]...: 4855572: ACCEPTED IN 9 TRIES, (AVG 539508.0)
[1, 4, 10, 23, 57, 132, 301, 701, 1636, 3888, 9177, 21607]...: 3771155: ACCEPTED IN 7 TRIES, (AVG 538736.4285714285)
[1, 4, 10, 23, 57, 132, 301, 701, 1636, 3888, 9177, 21608]...: 9184153: ACCEPTED IN 17 TRIES, (AVG 540244.2941176471)
[1, 4, 10, 23, 57, 132, 301, 701, 1636, 3888, 9177, 21609]...: 10267796: ACCEPTED IN 19 TRIES, (AVG 540410.3157894737)
[1, 4, 10, 23, 57, 132, 301, 701, 1636, 3888, 9177, 21610]...: 3772278: ACCEPTED IN 7 TRIES, (AVG 538896.8571428572)
[1, 4, 10, 23, 57, 132, 301, 701, 1636, 3888, 9177, 21613]...: 7560741: ACCEPTED IN 14 TRIES, (AVG 540052.9285714285)
[1, 4, 10, 23, 57, 132, 301, 701, 1636, 3888, 9177, 21634]...: 6479775: ACCEPTED IN 12 TRIES, (AVG 539981.25)
[1, 4, 10, 23, 57, 132, 301, 701, 1636, 3888, 9177, 21637]...: 4856161: ACCEPTED IN 9 TRIES, (AVG 539573.4444444445)
[1, 4, 10, 23, 57, 132, 301, 701, 1636, 3888, 9177, 21638]...: 9185433: ACCEPTED IN 17 TRIES, (AVG 540319.5882352941)
[1, 4, 10, 23, 57, 132, 301, 701, 1636, 3888, 9177, 21639]...: 7561750: ACCEPTED IN 14 TRIES, (AVG 540125.0)
[1, 4, 10, 23, 57, 132, 301, 701, 1636, 3888, 9177, 21640]...: 8643129: ACCEPTED IN 16 TRIES, (AVG 540195.5625)
[1, 4, 10, 23, 57, 132, 301, 701, 1636, 3888, 9177, 21641]...: 10266812: ACCEPTED IN 19 TRIES, (AVG 540358.5263157894)
[1, 4, 10, 23, 57, 132, 301, 701, 1636, 3888, 9177, 21642]...: 5397247: ACCEPTED IN 10 TRIES, (AVG 539724.7)
[1, 4, 10, 23, 57, 132, 301, 701, 1636, 3888, 9177, 21643]...: 7560660: ACCEPTED IN 14 TRIES, (AVG 540047.1428571428)
[1, 4, 10, 23, 57, 132, 301, 701, 1636, 3888, 9177, 21644]...: 7560741: ACCEPTED IN 14 TRIES, (AVG 540052.9285714285)
[1, 4, 10, 23, 57, 132, 301, 701, 1636, 3888, 9177, 21645]...: 9726667: ACCEPTED IN 18 TRIES, (AVG 540370.3888888889)
[1, 4, 10, 23, 57, 132, 301, 701, 1636, 3888, 9177, 21669]...: 3229209: ACCEPTED IN 6 TRIES, (AVG 538201.5)
[1, 4, 10, 23, 57, 132, 301, 701, 1636, 3888, 9177, 21671]...: 7561005: ACCEPTED IN 14 TRIES, (AVG 540071.7857142857)
[1, 4, 10, 23, 57, 132, 301, 701, 1636, 3888, 9177, 21672]...: 7560965: ACCEPTED IN 14 TRIES, (AVG 540068.9285714285)
[1, 4, 10, 23, 57, 132, 301, 701, 1636, 3888, 9177, 21673]...: 9723683: ACCEPTED IN 18 TRIES, (AVG 540204.6111111111)
[1, 4, 10, 23, 57, 132, 301, 701, 1636, 3888, 9177, 21674]...: 4855844: ACCEPTED IN 9 TRIES, (AVG 539538.2222222222)
[1, 4, 10, 23, 57, 132, 301, 701, 1636, 3888, 9177, 21675]...: 10266005: ACCEPTED IN 19 TRIES, (AVG 540316.052631579)
[1, 4, 10, 23, 57, 132, 301, 701, 1636, 3888, 9177, 21676]...: 4314080: ACCEPTED IN 8 TRIES, (AVG 539260.0)
[1, 4, 10, 23, 57, 132, 301, 701, 1636, 3888, 9177, 21677]...: 3232186: ACCEPTED IN 6 TRIES, (AVG 538697.6666666666)
[1, 4, 10, 23, 57, 132, 301, 701, 1636, 3888, 9177, 21678]...: 5397512: ACCEPTED IN 10 TRIES, (AVG 539751.2)
[1, 4, 10, 23, 57, 132, 301, 701, 1636, 3888, 9177, 21680]...: 9725719: ACCEPTED IN 18 TRIES, (AVG 540317.7222222222)
[1, 4, 10, 23, 57, 132, 301, 701, 1636, 3888, 9177, 21701]...: 10808892: ACCEPTED IN 20 TRIES, (AVG 540444.6)
[1, 4, 10, 23, 57, 132, 301, 701, 1636, 3888, 9177, 21704]...: 8643884: ACCEPTED IN 16 TRIES, (AVG 540242.75)
[1, 4, 10, 23, 57, 132, 301, 701, 1636, 3888, 9177, 21705]...: 8642475: ACCEPTED IN 16 TRIES, (AVG 540154.6875)
[1, 4, 10, 23, 57, 132, 301, 701, 1636, 3888, 9177, 21706]...: 10266878: ACCEPTED IN 19 TRIES, (AVG 540362.0)
[1, 4, 10, 23, 57, 132, 301, 701, 1636, 3888, 9177, 21708]...: 5396079: ACCEPTED IN 10 TRIES, (AVG 539607.9)
[1, 4, 10, 23, 57, 132, 301, 701, 1636, 3888, 9177, 21709]...: 8644094: ACCEPTED IN 16 TRIES, (AVG 540255.875)
[1, 4, 10, 23, 57, 132, 301, 701, 1636, 3888, 9177, 21710]...: 8102829: ACCEPTED IN 15 TRIES, (AVG 540188.6)
[1, 4, 10, 23, 57, 132, 301, 701, 1636, 3888, 9177, 21711]...: 10267594: ACCEPTED IN 19 TRIES, (AVG 540399.6842105263)
[1, 4, 10, 23, 57, 132, 301, 701, 1636, 3888, 9177, 21712]...: 10265705: ACCEPTED IN 19 TRIES, (AVG 540300.2631578947)
[1, 4, 10, 23, 57, 132, 301, 701, 1636, 3888, 9177, 21736]...: 11350051: ACCEPTED IN 21 TRIES, (AVG 540478.619047619)
[1, 4, 10, 23, 57, 132, 301, 701, 1636, 3888, 9177, 21737]...: 4854225: ACCEPTED IN 9 TRIES, (AVG 539358.3333333334)
[1, 4, 10, 23, 57, 132, 301, 701, 1636, 3888, 9177, 21738]...: 8103202: ACCEPTED IN 15 TRIES, (AVG 540213.4666666667)
[1, 4, 10, 23, 57, 132, 301, 701, 1636, 3888, 9177, 21739]...: 4855861: ACCEPTED IN 9 TRIES, (AVG 539540.1111111111)
[1, 4, 10, 23, 57, 132, 301, 701, 1636, 3888, 9177, 21740]...: 7020555: ACCEPTED IN 13 TRIES, (AVG 540042.6923076923)
[1, 4, 10, 23, 57, 132, 301, 701, 1636, 3888, 9177, 21741]...: 7020278: ACCEPTED IN 13 TRIES, (AVG 540021.3846153846)
[1, 4, 10, 23, 57, 132, 301, 701, 1636, 3888, 9177, 21742]...: 4855610: ACCEPTED IN 9 TRIES, (AVG 539512.2222222222)
[1, 4, 10, 23, 57, 132, 301, 701, 1636, 3888, 9177, 21743]...: 8102885: ACCEPTED IN 15 TRIES, (AVG 540192.3333333334)
[1, 4, 10, 23, 57, 132, 301, 701, 1636, 3888, 9177, 21744]...: 5938440: ACCEPTED IN 11 TRIES, (AVG 539858.1818181818)
[1, 4, 10, 23, 57, 132, 301, 701, 1636, 3888, 9177, 21745]...: 7019632: ACCEPTED IN 13 TRIES, (AVG 539971.6923076923)
[1, 4, 10, 23, 57, 132, 301, 701, 1636, 3888, 9177, 21769]...: 7019993: ACCEPTED IN 13 TRIES, (AVG 539999.4615384615)
[1, 4, 10, 23, 57, 132, 301, 701, 1636, 3888, 9177, 21771]...: 7020917: ACCEPTED IN 13 TRIES, (AVG 540070.5384615385)
[1, 4, 10, 23, 57, 132, 301, 701, 1636, 3888, 9177, 21772]...: 7020817: ACCEPTED IN 13 TRIES, (AVG 540062.8461538461)
[1, 4, 10, 23, 57, 132, 301, 701, 1636, 3888, 9177, 21773]...: 9724449: ACCEPTED IN 18 TRIES, (AVG 540247.1666666666)
[1, 4, 10, 23, 57, 132, 301, 701, 1636, 3888, 9177, 21774]...: 8103019: ACCEPTED IN 15 TRIES, (AVG 540201.2666666667)
[1, 4, 10, 23, 57, 132, 301, 701, 1636, 3888, 9177, 21775]...: 4855085: ACCEPTED IN 9 TRIES, (AVG 539453.8888888889)
[1, 4, 10, 23, 57, 132, 301, 701, 1636, 3888, 9177, 21776]...: 3231813: ACCEPTED IN 6 TRIES, (AVG 538635.5)
[1, 4, 10, 23, 57, 132, 301, 701, 1636, 3888, 9177, 21777]...: 4315228: ACCEPTED IN 8 TRIES, (AVG 539403.5)
[1, 4, 10, 23, 57, 132, 301, 701, 1636, 3888, 9177, 21779]...: 5936613: ACCEPTED IN 11 TRIES, (AVG 539692.0909090909)
[1, 4, 10, 23, 57, 132, 301, 701, 1636, 3888, 9177, 21803]...: 3232988: ACCEPTED IN 6 TRIES, (AVG 538831.3333333334)
[1, 4, 10, 23, 57, 132, 301, 701, 1636, 3888, 9177, 21804]...: 3232839: ACCEPTED IN 6 TRIES, (AVG 538806.5)
[1, 4, 10, 23, 57, 132, 301, 701, 1636, 3888, 9177, 21805]...: 8643299: ACCEPTED IN 16 TRIES, (AVG 540206.1875)
[1, 4, 10, 23, 57, 132, 301, 701, 1636, 3888, 9177, 21806]...: 7561097: ACCEPTED IN 14 TRIES, (AVG 540078.3571428572)
[1, 4, 10, 23, 57, 132, 301, 701, 1636, 3888, 9177, 21807]...: 10266297: ACCEPTED IN 19 TRIES, (AVG 540331.4210526316)
[1, 4, 10, 23, 57, 132, 301, 701, 1636, 3888, 9177, 21808]...: 9184717: ACCEPTED IN 17 TRIES, (AVG 540277.4705882353)
[1, 4, 10, 23, 57, 132, 301, 701, 1636, 3888, 9177, 21809]...: 9184020: ACCEPTED IN 17 TRIES, (AVG 540236.4705882353)
[1, 4, 10, 23, 57, 132, 301, 701, 1636, 3888, 9177, 21810]...: 7020431: ACCEPTED IN 13 TRIES, (AVG 540033.1538461539)
[1, 4, 10, 23, 57, 132, 301, 701, 1636, 3888, 9177, 21811]...: 6478745: ACCEPTED IN 12 TRIES, (AVG 539895.4166666666)
[1, 4, 10, 23, 57, 132, 301, 701, 1636, 3888, 9177, 21812]...: 8642784: ACCEPTED IN 16 TRIES, (AVG 540174.0)
[1, 4, 10, 23, 57, 132, 301, 701, 1636, 3888, 9177, 21836]...: 4856221: ACCEPTED IN 9 TRIES, (AVG 539580.1111111111)
[1, 4, 10, 23, 57, 132, 301, 701, 1636, 3888, 9177, 21837]...: 8102075: ACCEPTED IN 15 TRIES, (AVG 540138.3333333334)
[1, 4, 10, 23, 57, 132, 301, 701, 1636, 3888, 9177, 21838]...: 5937621: ACCEPTED IN 11 TRIES, (AVG 539783.7272727273)
[1, 4, 10, 23, 57, 132, 301, 701, 1636, 3888, 9177, 21840]...: 7020267: ACCEPTED IN 13 TRIES, (AVG 540020.5384615385)
[1, 4, 10, 23, 57, 132, 301, 701, 1636, 3888, 9177, 21841]...: 3771962: ACCEPTED IN 7 TRIES, (AVG 538851.7142857143)
[1, 4, 10, 23, 57, 132, 301, 701, 1636, 3888, 9177, 21842]...: 4313877: ACCEPTED IN 8 TRIES, (AVG 539234.625)
[1, 4, 10, 23, 57, 132, 301, 701, 1636, 3888, 9177, 21843]...: 4856166: ACCEPTED IN 9 TRIES, (AVG 539574.0)
[1, 4, 10, 23, 57, 132, 301, 701, 1636, 3888, 9177, 21844]...: 3773422: ACCEPTED IN 7 TRIES, (AVG 539060.2857142857)
[1, 4, 10, 23, 57, 132, 301, 701, 1636, 3888, 9177, 21847]...: 9184392: ACCEPTED IN 17 TRIES, (AVG 540258.3529411765)
[1, 4, 10, 23, 57, 132, 301, 701, 1636, 3888, 9177, 21868]...: 5938648: ACCEPTED IN 11 TRIES, (AVG 539877.0909090909)
[1, 4, 10, 23, 57, 132, 301, 701, 1636, 3888, 9177, 21870]...: 7018879: ACCEPTED IN 13 TRIES, (AVG 539913.7692307692)
[1, 4, 10, 23, 57, 132, 301, 701, 1636, 3888, 9177, 21871]...: 5396688: ACCEPTED IN 10 TRIES, (AVG 539668.8)
[1, 4, 10, 23, 57, 132, 301, 701, 1636, 3888, 9177, 21872]...: 4855305: ACCEPTED IN 9 TRIES, (AVG 539478.3333333334)
[1, 4, 10, 23, 57, 132, 301, 701, 1636, 3888, 9177, 21873]...: 5396933: ACCEPTED IN 10 TRIES, (AVG 539693.3)
[1, 4, 10, 23, 57, 132, 301, 701, 1636, 3888, 9177, 21874]...: 5396921: ACCEPTED IN 10 TRIES, (AVG 539692.1)
[1, 4, 10, 23, 57, 132, 301, 701, 1636, 3888, 9177, 21875]...: 9184450: ACCEPTED IN 17 TRIES, (AVG 540261.7647058824)
[1, 4, 10, 23, 57, 132, 301, 701, 1636, 3888, 9177, 21876]...: 9725272: ACCEPTED IN 18 TRIES, (AVG 540292.8888888889)
[1, 4, 10, 23, 57, 132, 301, 701, 1636, 3888, 9177, 21877]...: 7560705: ACCEPTED IN 14 TRIES, (AVG 540050.3571428572)
[1, 4, 10, 23, 57, 132, 301, 701, 1636, 3888, 9177, 21878]...: 4314695: ACCEPTED IN 8 TRIES, (AVG 539336.875)
[1, 4, 10, 23, 57, 132, 301, 701, 1636, 3888, 9177, 21903]...: 4854978: ACCEPTED IN 9 TRIES, (AVG 539442.0)
[1, 4, 10, 23, 57, 132, 301, 701, 1636, 3888, 9177, 21904]...: 10266683: ACCEPTED IN 19 TRIES, (AVG 540351.7368421053)
[1, 4, 10, 23, 57, 132, 301, 701, 1636, 3888, 9177, 21905]...: 7561896: ACCEPTED IN 14 TRIES, (AVG 540135.4285714285)
[1, 4, 10, 23, 57, 132, 301, 701, 1636, 3888, 9177, 21906]...: 5937893: ACCEPTED IN 11 TRIES, (AVG 539808.4545454546)
[1, 4, 10, 23, 57, 132, 301, 701, 1636, 3888, 9177, 21907]...: 5938336: ACCEPTED IN 11 TRIES, (AVG 539848.7272727273)
[1, 4, 10, 23, 57, 132, 301, 701, 1636, 3888, 9177, 21908]...: 9185390: ACCEPTED IN 17 TRIES, (AVG 540317.0588235294)
[1, 4, 10, 23, 57, 132, 301, 701, 1636, 3888, 9177, 21909]...: 8101842: ACCEPTED IN 15 TRIES, (AVG 540122.8)
[1, 4, 10, 23, 57, 132, 301, 701, 1636, 3888, 9177, 21910]...: 7559538: ACCEPTED IN 14 TRIES, (AVG 539967.0)
[1, 4, 10, 23, 57, 132, 301, 701, 1636, 3888, 9177, 21911]...: 3774071: ACCEPTED IN 7 TRIES, (AVG 539153.0)
[1, 4, 10, 23, 57, 132, 301, 701, 1636, 3888, 9177, 21914]...: 7020617: ACCEPTED IN 13 TRIES, (AVG 540047.4615384615)
[1, 4, 10, 23, 57, 132, 301, 701, 1636, 3888, 9177, 21935]...: 3773780: ACCEPTED IN 7 TRIES, (AVG 539111.4285714285)
[1, 4, 10, 23, 57, 132, 301, 701, 1636, 3888, 9177, 21938]...: 5938091: ACCEPTED IN 11 TRIES, (AVG 539826.4545454546)
[1, 4, 10, 23, 57, 132, 301, 701, 1636, 3888, 9177, 21939]...: 4856051: ACCEPTED IN 9 TRIES, (AVG 539561.2222222222)
[1, 4, 10, 23, 57, 132, 301, 701, 1636, 3888, 9177, 21940]...: 8643381: ACCEPTED IN 16 TRIES, (AVG 540211.3125)
[1, 4, 10, 23, 57, 132, 301, 701, 1636, 3888, 9177, 21941]...: 4854660: ACCEPTED IN 9 TRIES, (AVG 539406.6666666666)
[1, 4, 10, 23, 57, 132, 301, 701, 1636, 3888, 9177, 21942]...: 7020217: ACCEPTED IN 13 TRIES, (AVG 540016.6923076923)
[1, 4, 10, 23, 57, 132, 301, 701, 1636, 3888, 9177, 21943]...: 9185283: ACCEPTED IN 17 TRIES, (AVG 540310.7647058824)
[1, 4, 10, 23, 57, 132, 301, 701, 1636, 3888, 9177, 21944]...: 10266428: ACCEPTED IN 19 TRIES, (AVG 540338.3157894737)
[1, 4, 10, 23, 57, 132, 301, 701, 1636, 3888, 9177, 21945]...: 9184477: ACCEPTED IN 17 TRIES, (AVG 540263.3529411765)
[1, 4, 10, 23, 57, 132, 301, 701, 1636, 3888, 9177, 21946]...: 7559606: ACCEPTED IN 14 TRIES, (AVG 539971.8571428572)
[1, 4, 10, 23, 57, 132, 301, 701, 1636, 3888, 9177, 21969]...: 4856244: ACCEPTED IN 9 TRIES, (AVG 539582.6666666666)
[1, 4, 10, 23, 57, 132, 301, 701, 1636, 3888, 9177, 21970]...: 4314996: ACCEPTED IN 8 TRIES, (AVG 539374.5)
[1, 4, 10, 23, 57, 132, 301, 701, 1636, 3888, 9177, 21972]...: 11887665: ACCEPTED IN 22 TRIES, (AVG 540348.4090909091)
[1, 4, 10, 23, 57, 132, 301, 701, 1636, 3888, 9177, 21973]...: 7019453: ACCEPTED IN 13 TRIES, (AVG 539957.9230769231)
[1, 4, 10, 23, 57, 132, 301, 701, 1636, 3888, 9177, 21974]...: 5397130: ACCEPTED IN 10 TRIES, (AVG 539713.0)
[1, 4, 10, 23, 57, 132, 301, 701, 1636, 3888, 9177, 21975]...: 4313774: ACCEPTED IN 8 TRIES, (AVG 539221.75)
[1, 4, 10, 23, 57, 132, 301, 701, 1636, 3888, 9177, 21976]...: 4855699: ACCEPTED IN 9 TRIES, (AVG 539522.1111111111)
[1, 4, 10, 23, 57, 132, 301, 701, 1636, 3888, 9177, 21977]...: 7560846: ACCEPTED IN 14 TRIES, (AVG 540060.4285714285)
[1, 4, 10, 23, 57, 132, 301, 701, 1636, 3888, 9177, 21978]...: 5396855: ACCEPTED IN 10 TRIES, (AVG 539685.5)
[1, 4, 10, 23, 57, 132, 301, 701, 1636, 3888, 9177, 21979]...: 4855953: ACCEPTED IN 9 TRIES, (AVG 539550.3333333334)
[1, 4, 10, 23, 57, 132, 301, 701, 1636, 3888, 9177, 22002]...: 5396061: ACCEPTED IN 10 TRIES, (AVG 539606.1)
[1, 4, 10, 23, 57, 132, 301, 701, 1636, 3888, 9177, 22005]...: 8644208: ACCEPTED IN 16 TRIES, (AVG 540263.0)
[1, 4, 10, 23, 57, 132, 301, 701, 1636, 3888, 9177, 22006]...: 9185187: ACCEPTED IN 17 TRIES, (AVG 540305.1176470588)
[1, 4, 10, 23, 57, 132, 301, 701, 1636, 3888, 9177, 22007]...: 7561864: ACCEPTED IN 14 TRIES, (AVG 540133.1428571428)
[1, 4, 10, 23, 57, 132, 301, 701, 1636, 3888, 9177, 22008]...: 7018253: ACCEPTED IN 13 TRIES, (AVG 539865.6153846154)
[1, 4, 10, 23, 57, 132, 301, 701, 1636, 3888, 9177, 22009]...: 4855679: ACCEPTED IN 9 TRIES, (AVG 539519.8888888889)
[1, 4, 10, 23, 57, 132, 301, 701, 1636, 3888, 9177, 22010]...: 3772105: ACCEPTED IN 7 TRIES, (AVG 538872.1428571428)
[1, 4, 10, 23, 57, 132, 301, 701, 1636, 3888, 9177, 22013]...: 3771996: ACCEPTED IN 7 TRIES, (AVG 538856.5714285715)
