[1, 4, 10, 23, 57, 132, 301, 701, 1636, 3888, 8586, 18930]...: 537326: ACCEPTED IN 1 TRIES, (AVG 537326.0)
[1, 4, 10, 23, 57, 132, 301, 701, 1636, 3888, 8586, 19263]...: 537230: ACCEPTED IN 1 TRIES, (AVG 537230.0)
[1, 4, 10, 23, 57, 132, 301, 701, 1636, 3888, 8586, 19289]...: 537349: ACCEPTED IN 1 TRIES, (AVG 537349.0)
[1, 4, 10, 23, 57, 132, 301, 701, 1636, 3888, 8586, 19293]...: 537429: ACCEPTED IN 1 TRIES, (AVG 537429.0)
[1, 4, 10, 23, 57, 132, 301, 701, 1636, 3888, 8586, 19328]...: 7552128: ACCEPTED IN 14 TRIES, (AVG 539437.7142857143)
[1, 4, 10, 23, 57, 132, 301, 701, 1636, 3888, 8586, 19429]...: 536194: ACCEPTED IN 1 TRIES, (AVG 536194.0)
[1, 4, 10, 23, 57, 132, 301, 701, 1636, 3888, 8586, 19492]...: 1077130: ACCEPTED IN 2 TRIES, (AVG 538565.0)
[1, 4, 10, 23, 57, 132, 301, 701, 1636, 3888, 8586, 19697]...: 535721: ACCEPTED IN 1 TRIES, (AVG 535721.0)
[1, 4, 10, 23, 57, 132, 301, 701, 1636, 3888, 8586, 19831]...: 1616634: ACCEPTED IN 3 TRIES, (AVG 538878.0)
[1, 4, 10, 23, 57, 132, 301, 701, 1636, 3888, 8586, 19866]...: 1076938: ACCEPTED IN 2 TRIES, (AVG 538469.0)
[1, 4, 10, 23, 57, 132, 301, 701, 1636, 3888, 8586, 19928]...: 1076224: ACCEPTED IN 2 TRIES, (AVG 538112.0)
[1, 4, 10, 23, 57, 132, 301, 701, 1636, 3888, 8586, 19963]...: 537139: ACCEPTED IN 1 TRIES, (AVG 537139.0)
[1, 4, 10, 23, 57, 132, 301, 701, 1636, 3888, 8586, 19995]...: 536729: ACCEPTED IN 1 TRIES, (AVG 536729.0)
[1, 4, 10, 23, 57, 132, 301, 701, 1636, 3888, 8586, 20127]...: 1076606: ACCEPTED IN 2 TRIES, (AVG 538303.0)
[1, 4, 10, 23, 57, 132, 301, 701, 1636, 3888, 8586, 20130]...: 537140: ACCEPTED IN 1 TRIES, (AVG 537140.0)
[1, 4, 10, 23, 57, 132, 301, 701, 1636, 3888, 8586, 20265]...: 1077021: ACCEPTED IN 2 TRIES, (AVG 538510.5)
[1, 4, 10, 23, 57, 132, 301, 701, 1636, 3888, 8586, 20497]...: 2695643: ACCEPTED IN 5 TRIES, (AVG 539128.6)
[1, 4, 10, 23, 57, 132, 301, 701, 1636, 3888, 8586, 20593]...: 537454: ACCEPTED IN 1 TRIES, (AVG 537454.0)
[1, 4, 10, 23, 57, 132, 301, 701, 1636, 3888, 8586, 20596]...: 1076868: ACCEPTED IN 2 TRIES, (AVG 538434.0)
