[1, 4, 10, 23, 57, 132, 301, 701, 1654, 3833, 8730, 19214]...: 13513539: ACCEPTED IN 25 TRIES, (AVG 540541.56)
[1, 4, 10, 23, 57, 132, 301, 701, 1654, 3833, 8730, 19278]...: 7562084: ACCEPTED IN 14 TRIES, (AVG 540148.8571428572)
[1, 4, 10, 23, 57, 132, 301, 701, 1654, 3833, 8730, 19410]...: 9725265: ACCEPTED IN 18 TRIES, (AVG 540292.5)
[1, 4, 10, 23, 57, 132, 301, 701, 1654, 3833, 8730, 19542]...: 8102752: ACCEPTED IN 15 TRIES, (AVG 540183.4666666667)
[1, 4, 10, 23, 57, 132, 301, 701, 1654, 3833, 8730, 19674]...: 5937144: ACCEPTED IN 11 TRIES, (AVG 539740.3636363636)
[1, 4, 10, 23, 57, 132, 301, 701, 1654, 3833, 8730, 20208]...: 14595299: ACCEPTED IN 27 TRIES, (AVG 540566.6296296297)
[1, 4, 10, 23, 57, 132, 301, 701, 1654, 3833, 8730, 20340]...: 10808754: ACCEPTED IN 20 TRIES, (AVG 540437.7)
[1, 4, 10, 23, 57, 132, 301, 701, 1654, 3833, 8730, 20472]...: 10266188: ACCEPTED IN 19 TRIES, (AVG 540325.6842105263)
[1, 4, 10, 23, 57, 132, 301, 701, 1654, 3833, 8730, 20604]...: 8644165: ACCEPTED IN 16 TRIES, (AVG 540260.3125)
[1, 4, 10, 23, 57, 132, 301, 701, 1654, 3833, 8730, 20668]...: 8102456: ACCEPTED IN 15 TRIES, (AVG 540163.7333333333)
[1, 4, 10, 23, 57, 132, 301, 701, 1654, 3833, 8730, 20736]...: 3773908: ACCEPTED IN 7 TRIES, (AVG 539129.7142857143)
[1, 4, 10, 23, 57, 132, 301, 701, 1654, 3833, 8730, 20800]...: 5397477: ACCEPTED IN 10 TRIES, (AVG 539747.7)
[1, 4, 10, 23, 57, 132, 301, 701, 1654, 3833, 8730, 20932]...: 11890333: ACCEPTED IN 22 TRIES, (AVG 540469.6818181818)
