[1, 4, 10, 23, 57, 132, 301, 701, 1654, 3833, 9081, 19983]...: 9725141: ACCEPTED IN 18 TRIES, (AVG 540285.6111111111)
[1, 4, 10, 23, 57, 132, 301, 701, 1654, 3833, 9081, 19987]...: 11349094: ACCEPTED IN 21 TRIES, (AVG 540433.0476190476)
[1, 4, 10, 23, 57, 132, 301, 701, 1654, 3833, 9081, 19991]...: 8101996: ACCEPTED IN 15 TRIES, (AVG 540133.0666666667)
[1, 4, 10, 23, 57, 132, 301, 701, 1654, 3833, 9081, 19995]...: 5395278: ACCEPTED IN 10 TRIES, (AVG 539527.8)
[1, 4, 10, 23, 57, 132, 301, 701, 1654, 3833, 9081, 19999]...: 8644380: ACCEPTED IN 16 TRIES, (AVG 540273.75)
[1, 4, 10, 23, 57, 132, 301, 701, 1654, 3833, 9081, 20003]...: 7019158: ACCEPTED IN 13 TRIES, (AVG 539935.2307692308)
[1, 4, 10, 23, 57, 132, 301, 701, 1654, 3833, 9081, 20007]...: 5396001: ACCEPTED IN 10 TRIES, (AVG 539600.1)
[1, 4, 10, 23, 57, 132, 301, 701, 1654, 3833, 9081, 20020]...: 7561710: ACCEPTED IN 14 TRIES, (AVG 540122.1428571428)
[1, 4, 10, 23, 57, 132, 301, 701, 1654, 3833, 9081, 20024]...: 7020800: ACCEPTED IN 13 TRIES, (AVG 540061.5384615385)
[1, 4, 10, 23, 57, 132, 301, 701, 1654, 3833, 9081, 20028]...: 10808459: ACCEPTED IN 20 TRIES, (AVG 540422.95)
[1, 4, 10, 23, 57, 132, 301, 701, 1654, 3833, 9081, 20036]...: 11349360: ACCEPTED IN 21 TRIES, (AVG 540445.7142857143)
[1, 4, 10, 23, 57, 132, 301, 701, 1654, 3833, 9081, 20040]...: 5937128: ACCEPTED IN 11 TRIES, (AVG 539738.9090909091)
[1, 4, 10, 23, 57, 132, 301, 701, 1654, 3833, 9081, 20053]...: 8103026: ACCEPTED IN 15 TRIES, (AVG 540201.7333333333)
[1, 4, 10, 23, 57, 132, 301, 701, 1654, 3833, 9081, 20057]...: 10267165: ACCEPTED IN 19 TRIES, (AVG 540377.1052631579)
[1, 4, 10, 23, 57, 132, 301, 701, 1654, 3833, 9081, 20061]...: 5938202: ACCEPTED IN 11 TRIES, (AVG 539836.5454545454)
[1, 4, 10, 23, 57, 132, 301, 701, 1654, 3833, 9081, 20065]...: 11888233: ACCEPTED IN 22 TRIES, (AVG 540374.2272727273)
[1, 4, 10, 23, 57, 132, 301, 701, 1654, 3833, 9081, 20086]...: 11890432: ACCEPTED IN 22 TRIES, (AVG 540474.1818181818)
[1, 4, 10, 23, 57, 132, 301, 701, 1654, 3833, 9081, 20090]...: 5938622: ACCEPTED IN 11 TRIES, (AVG 539874.7272727273)
[1, 4, 10, 23, 57, 132, 301, 701, 1654, 3833, 9081, 20094]...: 8100856: ACCEPTED IN 15 TRIES, (AVG 540057.0666666667)
[1, 4, 10, 23, 57, 132, 301, 701, 1654, 3833, 9081, 20098]...: 7019801: ACCEPTED IN 13 TRIES, (AVG 539984.6923076923)
[1, 4, 10, 23, 57, 132, 301, 701, 1654, 3833, 9081, 20102]...: 5938347: ACCEPTED IN 11 TRIES, (AVG 539849.7272727273)
[1, 4, 10, 23, 57, 132, 301, 701, 1654, 3833, 9081, 20119]...: 6478659: ACCEPTED IN 12 TRIES, (AVG 539888.25)
[1, 4, 10, 23, 57, 132, 301, 701, 1654, 3833, 9081, 20123]...: 15678292: ACCEPTED IN 29 TRIES, (AVG 540630.7586206896)
[1, 4, 10, 23, 57, 132, 301, 701, 1654, 3833, 9081, 20127]...: 3232451: ACCEPTED IN 6 TRIES, (AVG 538741.8333333334)
[1, 4, 10, 23, 57, 132, 301, 701, 1654, 3833, 9081, 20131]...: 7020927: ACCEPTED IN 13 TRIES, (AVG 540071.3076923077)
[1, 4, 10, 23, 57, 132, 301, 701, 1654, 3833, 9081, 20135]...: 5395925: ACCEPTED IN 10 TRIES, (AVG 539592.5)
[1, 4, 10, 23, 57, 132, 301, 701, 1654, 3833, 9081, 20139]...: 8643523: ACCEPTED IN 16 TRIES, (AVG 540220.1875)
[1, 4, 10, 23, 57, 132, 301, 701, 1654, 3833, 9081, 20152]...: 5938401: ACCEPTED IN 11 TRIES, (AVG 539854.6363636364)
[1, 4, 10, 23, 57, 132, 301, 701, 1654, 3833, 9081, 20156]...: 4856351: ACCEPTED IN 9 TRIES, (AVG 539594.5555555555)
[1, 4, 10, 23, 57, 132, 301, 701, 1654, 3833, 9081, 20160]...: 8102379: ACCEPTED IN 15 TRIES, (AVG 540158.6)
[1, 4, 10, 23, 57, 132, 301, 701, 1654, 3833, 9081, 20168]...: 10807282: ACCEPTED IN 20 TRIES, (AVG 540364.1)
[1, 4, 10, 23, 57, 132, 301, 701, 1654, 3833, 9081, 20172]...: 9185368: ACCEPTED IN 17 TRIES, (AVG 540315.7647058824)
[1, 4, 10, 23, 57, 132, 301, 701, 1654, 3833, 9081, 20185]...: 4853870: ACCEPTED IN 9 TRIES, (AVG 539318.8888888889)
[1, 4, 10, 23, 57, 132, 301, 701, 1654, 3833, 9081, 20189]...: 9182991: ACCEPTED IN 17 TRIES, (AVG 540175.9411764706)
[1, 4, 10, 23, 57, 132, 301, 701, 1654, 3833, 9081, 20193]...: 16218798: ACCEPTED IN 30 TRIES, (AVG 540626.6)
[1, 4, 10, 23, 57, 132, 301, 701, 1654, 3833, 9081, 20197]...: 8644085: ACCEPTED IN 16 TRIES, (AVG 540255.3125)
[1, 4, 10, 23, 57, 132, 301, 701, 1654, 3833, 9081, 20209]...: 13513245: ACCEPTED IN 25 TRIES, (AVG 540529.8)
[1, 4, 10, 23, 57, 132, 301, 701, 1654, 3833, 9081, 20222]...: 5938482: ACCEPTED IN 11 TRIES, (AVG 539862.0)
[1, 4, 10, 23, 57, 132, 301, 701, 1654, 3833, 9081, 20226]...: 10264054: ACCEPTED IN 19 TRIES, (AVG 540213.3684210526)
[1, 4, 10, 23, 57, 132, 301, 701, 1654, 3833, 9081, 20230]...: 7561746: ACCEPTED IN 14 TRIES, (AVG 540124.7142857143)
[1, 4, 10, 23, 57, 132, 301, 701, 1654, 3833, 9081, 20234]...: 6479721: ACCEPTED IN 12 TRIES, (AVG 539976.75)
[1, 4, 10, 23, 57, 132, 301, 701, 1654, 3833, 9081, 20251]...: 8102945: ACCEPTED IN 15 TRIES, (AVG 540196.3333333334)
[1, 4, 10, 23, 57, 132, 301, 701, 1654, 3833, 9081, 20255]...: 5937742: ACCEPTED IN 11 TRIES, (AVG 539794.7272727273)
[1, 4, 10, 23, 57, 132, 301, 701, 1654, 3833, 9081, 20259]...: 8641348: ACCEPTED IN 16 TRIES, (AVG 540084.25)
[1, 4, 10, 23, 57, 132, 301, 701, 1654, 3833, 9081, 20263]...: 5395697: ACCEPTED IN 10 TRIES, (AVG 539569.7)
[1, 4, 10, 23, 57, 132, 301, 701, 1654, 3833, 9081, 20267]...: 7561596: ACCEPTED IN 14 TRIES, (AVG 540114.0)
[1, 4, 10, 23, 57, 132, 301, 701, 1654, 3833, 9081, 20271]...: 5396712: ACCEPTED IN 10 TRIES, (AVG 539671.2)
[1, 4, 10, 23, 57, 132, 301, 701, 1654, 3833, 9081, 20284]...: 7020732: ACCEPTED IN 13 TRIES, (AVG 540056.3076923077)
[1, 4, 10, 23, 57, 132, 301, 701, 1654, 3833, 9081, 20288]...: 8102204: ACCEPTED IN 15 TRIES, (AVG 540146.9333333333)
[1, 4, 10, 23, 57, 132, 301, 701, 1654, 3833, 9081, 20292]...: 9183505: ACCEPTED IN 17 TRIES, (AVG 540206.1764705882)
[1, 4, 10, 23, 57, 132, 301, 701, 1654, 3833, 9081, 20300]...: 10267251: ACCEPTED IN 19 TRIES, (AVG 540381.6315789474)
[1, 4, 10, 23, 57, 132, 301, 701, 1654, 3833, 9081, 20304]...: 4313397: ACCEPTED IN 8 TRIES, (AVG 539174.625)
[1, 4, 10, 23, 57, 132, 301, 701, 1654, 3833, 9081, 20308]...: 6477969: ACCEPTED IN 12 TRIES, (AVG 539830.75)
[1, 4, 10, 23, 57, 132, 301, 701, 1654, 3833, 9081, 20321]...: 5937413: ACCEPTED IN 11 TRIES, (AVG 539764.8181818182)
[1, 4, 10, 23, 57, 132, 301, 701, 1654, 3833, 9081, 20325]...: 8641651: ACCEPTED IN 16 TRIES, (AVG 540103.1875)
[1, 4, 10, 23, 57, 132, 301, 701, 1654, 3833, 9081, 20329]...: 4314483: ACCEPTED IN 8 TRIES, (AVG 539310.375)
[1, 4, 10, 23, 57, 132, 301, 701, 1654, 3833, 9081, 20341]...: 30289805: ACCEPTED IN 56 TRIES, (AVG 540889.375)
[1, 4, 10, 23, 57, 132, 301, 701, 1654, 3833, 9081, 20354]...: 8644009: ACCEPTED IN 16 TRIES, (AVG 540250.5625)
[1, 4, 10, 23, 57, 132, 301, 701, 1654, 3833, 9081, 20358]...: 10808619: ACCEPTED IN 20 TRIES, (AVG 540430.95)
[1, 4, 10, 23, 57, 132, 301, 701, 1654, 3833, 9081, 20362]...: 9183727: ACCEPTED IN 17 TRIES, (AVG 540219.2352941176)
[1, 4, 10, 23, 57, 132, 301, 701, 1654, 3833, 9081, 20366]...: 7020985: ACCEPTED IN 13 TRIES, (AVG 540075.7692307692)
[1, 4, 10, 23, 57, 132, 301, 701, 1654, 3833, 9081, 20383]...: 7560917: ACCEPTED IN 14 TRIES, (AVG 540065.5)
[1, 4, 10, 23, 57, 132, 301, 701, 1654, 3833, 9081, 20387]...: 7019689: ACCEPTED IN 13 TRIES, (AVG 539976.0769230769)
[1, 4, 10, 23, 57, 132, 301, 701, 1654, 3833, 9081, 20391]...: 8641637: ACCEPTED IN 16 TRIES, (AVG 540102.3125)
[1, 4, 10, 23, 57, 132, 301, 701, 1654, 3833, 9081, 20395]...: 8643900: ACCEPTED IN 16 TRIES, (AVG 540243.75)
[1, 4, 10, 23, 57, 132, 301, 701, 1654, 3833, 9081, 20399]...: 8102887: ACCEPTED IN 15 TRIES, (AVG 540192.4666666667)
[1, 4, 10, 23, 57, 132, 301, 701, 1654, 3833, 9081, 20403]...: 10807314: ACCEPTED IN 20 TRIES, (AVG 540365.7)
[1, 4, 10, 23, 57, 132, 301, 701, 1654, 3833, 9081, 20420]...: 7020928: ACCEPTED IN 13 TRIES, (AVG 540071.3846153846)
[1, 4, 10, 23, 57, 132, 301, 701, 1654, 3833, 9081, 20424]...: 8102316: ACCEPTED IN 15 TRIES, (AVG 540154.4)
[1, 4, 10, 23, 57, 132, 301, 701, 1654, 3833, 9081, 20432]...: 9185243: ACCEPTED IN 17 TRIES, (AVG 540308.4117647059)
[1, 4, 10, 23, 57, 132, 301, 701, 1654, 3833, 9081, 20436]...: 5397091: ACCEPTED IN 10 TRIES, (AVG 539709.1)
[1, 4, 10, 23, 57, 132, 301, 701, 1654, 3833, 9081, 20440]...: 5395428: ACCEPTED IN 10 TRIES, (AVG 539542.8)
[1, 4, 10, 23, 57, 132, 301, 701, 1654, 3833, 9081, 20453]...: 8101867: ACCEPTED IN 15 TRIES, (AVG 540124.4666666667)
[1, 4, 10, 23, 57, 132, 301, 701, 1654, 3833, 9081, 20457]...: 4314190: ACCEPTED IN 8 TRIES, (AVG 539273.75)
[1, 4, 10, 23, 57, 132, 301, 701, 1654, 3833, 9081, 20461]...: 8102287: ACCEPTED IN 15 TRIES, (AVG 540152.4666666667)
[1, 4, 10, 23, 57, 132, 301, 701, 1654, 3833, 9081, 20473]...: 8642038: ACCEPTED IN 16 TRIES, (AVG 540127.375)
[1, 4, 10, 23, 57, 132, 301, 701, 1654, 3833, 9081, 20486]...: 11889466: ACCEPTED IN 22 TRIES, (AVG 540430.2727272727)
[1, 4, 10, 23, 57, 132, 301, 701, 1654, 3833, 9081, 20490]...: 8640964: ACCEPTED IN 16 TRIES, (AVG 540060.25)
[1, 4, 10, 23, 57, 132, 301, 701, 1654, 3833, 9081, 20494]...: 7019639: ACCEPTED IN 13 TRIES, (AVG 539972.2307692308)
[1, 4, 10, 23, 57, 132, 301, 701, 1654, 3833, 9081, 20498]...: 8642286: ACCEPTED IN 16 TRIES, (AVG 540142.875)
[1, 4, 10, 23, 57, 132, 301, 701, 1654, 3833, 9081, 20523]...: 6478988: ACCEPTED IN 12 TRIES, (AVG 539915.6666666666)
[1, 4, 10, 23, 57, 132, 301, 701, 1654, 3833, 9081, 20527]...: 7019771: ACCEPTED IN 13 TRIES, (AVG 539982.3846153846)
[1, 4, 10, 23, 57, 132, 301, 701, 1654, 3833, 9081, 20531]...: 5936399: ACCEPTED IN 11 TRIES, (AVG 539672.6363636364)
[1, 4, 10, 23, 57, 132, 301, 701, 1654, 3833, 9081, 20535]...: 4314680: ACCEPTED IN 8 TRIES, (AVG 539335.0)
[1, 4, 10, 23, 57, 132, 301, 701, 1654, 3833, 9081, 20552]...: 8102800: ACCEPTED IN 15 TRIES, (AVG 540186.6666666666)
[1, 4, 10, 23, 57, 132, 301, 701, 1654, 3833, 9081, 20556]...: 5938321: ACCEPTED IN 11 TRIES, (AVG 539847.3636363636)
[1, 4, 10, 23, 57, 132, 301, 701, 1654, 3833, 9081, 20560]...: 4854291: ACCEPTED IN 9 TRIES, (AVG 539365.6666666666)
[1, 4, 10, 23, 57, 132, 301, 701, 1654, 3833, 9081, 20564]...: 9726658: ACCEPTED IN 18 TRIES, (AVG 540369.8888888889)
[1, 4, 10, 23, 57, 132, 301, 701, 1654, 3833, 9081, 20568]...: 8643344: ACCEPTED IN 16 TRIES, (AVG 540209.0)
[1, 4, 10, 23, 57, 132, 301, 701, 1654, 3833, 9081, 20572]...: 5937383: ACCEPTED IN 11 TRIES, (AVG 539762.0909090909)
[1, 4, 10, 23, 57, 132, 301, 701, 1654, 3833, 9081, 20585]...: 13511555: ACCEPTED IN 25 TRIES, (AVG 540462.2)
[1, 4, 10, 23, 57, 132, 301, 701, 1654, 3833, 9081, 20589]...: 5936250: ACCEPTED IN 11 TRIES, (AVG 539659.0909090909)
[1, 4, 10, 23, 57, 132, 301, 701, 1654, 3833, 9081, 20593]...: 6478625: ACCEPTED IN 12 TRIES, (AVG 539885.4166666666)
[1, 4, 10, 23, 57, 132, 301, 701, 1654, 3833, 9081, 20605]...: 4855203: ACCEPTED IN 9 TRIES, (AVG 539467.0)
[1, 4, 10, 23, 57, 132, 301, 701, 1654, 3833, 9081, 20609]...: 6478018: ACCEPTED IN 12 TRIES, (AVG 539834.8333333334)
[1, 4, 10, 23, 57, 132, 301, 701, 1654, 3833, 9081, 20622]...: 7562095: ACCEPTED IN 14 TRIES, (AVG 540149.6428571428)
[1, 4, 10, 23, 57, 132, 301, 701, 1654, 3833, 9081, 20626]...: 4314978: ACCEPTED IN 8 TRIES, (AVG 539372.25)
[1, 4, 10, 23, 57, 132, 301, 701, 1654, 3833, 9081, 20630]...: 5395368: ACCEPTED IN 10 TRIES, (AVG 539536.8)
[1, 4, 10, 23, 57, 132, 301, 701, 1654, 3833, 9081, 20655]...: 7561796: ACCEPTED IN 14 TRIES, (AVG 540128.2857142857)
[1, 4, 10, 23, 57, 132, 301, 701, 1654, 3833, 9081, 20659]...: 4314627: ACCEPTED IN 8 TRIES, (AVG 539328.375)
[1, 4, 10, 23, 57, 132, 301, 701, 1654, 3833, 9081, 20663]...: 5935907: ACCEPTED IN 11 TRIES, (AVG 539627.9090909091)
[1, 4, 10, 23, 57, 132, 301, 701, 1654, 3833, 9081, 20667]...: 4856169: ACCEPTED IN 9 TRIES, (AVG 539574.3333333334)
[1, 4, 10, 23, 57, 132, 301, 701, 1654, 3833, 9081, 20684]...: 5397503: ACCEPTED IN 10 TRIES, (AVG 539750.3)
[1, 4, 10, 23, 57, 132, 301, 701, 1654, 3833, 9081, 20688]...: 9184546: ACCEPTED IN 17 TRIES, (AVG 540267.4117647059)
[1, 4, 10, 23, 57, 132, 301, 701, 1654, 3833, 9081, 20692]...: 8100696: ACCEPTED IN 15 TRIES, (AVG 540046.4)
[1, 4, 10, 23, 57, 132, 301, 701, 1654, 3833, 9081, 20696]...: 4856345: ACCEPTED IN 9 TRIES, (AVG 539593.8888888889)
[1, 4, 10, 23, 57, 132, 301, 701, 1654, 3833, 9081, 20700]...: 9184003: ACCEPTED IN 17 TRIES, (AVG 540235.4705882353)
[1, 4, 10, 23, 57, 132, 301, 701, 1654, 3833, 9081, 20704]...: 8642663: ACCEPTED IN 16 TRIES, (AVG 540166.4375)
[1, 4, 10, 23, 57, 132, 301, 701, 1654, 3833, 9081, 20721]...: 3773386: ACCEPTED IN 7 TRIES, (AVG 539055.1428571428)
[1, 4, 10, 23, 57, 132, 301, 701, 1654, 3833, 9081, 20725]...: 7561977: ACCEPTED IN 14 TRIES, (AVG 540141.2142857143)
[1, 4, 10, 23, 57, 132, 301, 701, 1654, 3833, 9081, 20737]...: 8642137: ACCEPTED IN 16 TRIES, (AVG 540133.5625)
[1, 4, 10, 23, 57, 132, 301, 701, 1654, 3833, 9081, 20741]...: 5396797: ACCEPTED IN 10 TRIES, (AVG 539679.7)
[1, 4, 10, 23, 57, 132, 301, 701, 1654, 3833, 9081, 20754]...: 5937769: ACCEPTED IN 11 TRIES, (AVG 539797.1818181818)
[1, 4, 10, 23, 57, 132, 301, 701, 1654, 3833, 9081, 20758]...: 5938188: ACCEPTED IN 11 TRIES, (AVG 539835.2727272727)
[1, 4, 10, 23, 57, 132, 301, 701, 1654, 3833, 9081, 20787]...: 5937321: ACCEPTED IN 11 TRIES, (AVG 539756.4545454546)
[1, 4, 10, 23, 57, 132, 301, 701, 1654, 3833, 9081, 20791]...: 4854677: ACCEPTED IN 9 TRIES, (AVG 539408.5555555555)
[1, 4, 10, 23, 57, 132, 301, 701, 1654, 3833, 9081, 20795]...: 10265865: ACCEPTED IN 19 TRIES, (AVG 540308.6842105263)
[1, 4, 10, 23, 57, 132, 301, 701, 1654, 3833, 9081, 20799]...: 5394968: ACCEPTED IN 10 TRIES, (AVG 539496.8)
[1, 4, 10, 23, 57, 132, 301, 701, 1654, 3833, 9081, 20820]...: 5397239: ACCEPTED IN 10 TRIES, (AVG 539723.9)
[1, 4, 10, 23, 57, 132, 301, 701, 1654, 3833, 9081, 20824]...: 5937065: ACCEPTED IN 11 TRIES, (AVG 539733.1818181818)
[1, 4, 10, 23, 57, 132, 301, 701, 1654, 3833, 9081, 20828]...: 8102752: ACCEPTED IN 15 TRIES, (AVG 540183.4666666667)
[1, 4, 10, 23, 57, 132, 301, 701, 1654, 3833, 9081, 20832]...: 6479784: ACCEPTED IN 12 TRIES, (AVG 539982.0)
[1, 4, 10, 23, 57, 132, 301, 701, 1654, 3833, 9081, 20836]...: 5937586: ACCEPTED IN 11 TRIES, (AVG 539780.5454545454)
[1, 4, 10, 23, 57, 132, 301, 701, 1654, 3833, 9081, 20853]...: 8102916: ACCEPTED IN 15 TRIES, (AVG 540194.4)
[1, 4, 10, 23, 57, 132, 301, 701, 1654, 3833, 9081, 20857]...: 4855062: ACCEPTED IN 9 TRIES, (AVG 539451.3333333334)
[1, 4, 10, 23, 57, 132, 301, 701, 1654, 3833, 9081, 20861]...: 4856253: ACCEPTED IN 9 TRIES, (AVG 539583.6666666666)
[1, 4, 10, 23, 57, 132, 301, 701, 1654, 3833, 9081, 20869]...: 5394331: ACCEPTED IN 10 TRIES, (AVG 539433.1)
[1, 4, 10, 23, 57, 132, 301, 701, 1654, 3833, 9081, 20873]...: 5397491: ACCEPTED IN 10 TRIES, (AVG 539749.1)
[1, 4, 10, 23, 57, 132, 301, 701, 1654, 3833, 9081, 20886]...: 5937825: ACCEPTED IN 11 TRIES, (AVG 539802.2727272727)
[1, 4, 10, 23, 57, 132, 301, 701, 1654, 3833, 9081, 20890]...: 8102198: ACCEPTED IN 15 TRIES, (AVG 540146.5333333333)
[1, 4, 10, 23, 57, 132, 301, 701, 1654, 3833, 9081, 20910]...: 6479081: ACCEPTED IN 12 TRIES, (AVG 539923.4166666666)
[1, 4, 10, 23, 57, 132, 301, 701, 1654, 3833, 9081, 20923]...: 6479554: ACCEPTED IN 12 TRIES, (AVG 539962.8333333334)
[1, 4, 10, 23, 57, 132, 301, 701, 1654, 3833, 9081, 20927]...: 8641021: ACCEPTED IN 16 TRIES, (AVG 540063.8125)
[1, 4, 10, 23, 57, 132, 301, 701, 1654, 3833, 9081, 20931]...: 5938190: ACCEPTED IN 11 TRIES, (AVG 539835.4545454546)
[1, 4, 10, 23, 57, 132, 301, 701, 1654, 3833, 9081, 20952]...: 7560864: ACCEPTED IN 14 TRIES, (AVG 540061.7142857143)
[1, 4, 10, 23, 57, 132, 301, 701, 1654, 3833, 9081, 20956]...: 4315285: ACCEPTED IN 8 TRIES, (AVG 539410.625)
[1, 4, 10, 23, 57, 132, 301, 701, 1654, 3833, 9081, 20960]...: 4315121: ACCEPTED IN 8 TRIES, (AVG 539390.125)
[1, 4, 10, 23, 57, 132, 301, 701, 1654, 3833, 9081, 20964]...: 14595334: ACCEPTED IN 27 TRIES, (AVG 540567.925925926)
[1, 4, 10, 23, 57, 132, 301, 701, 1654, 3833, 9081, 20968]...: 4314213: ACCEPTED IN 8 TRIES, (AVG 539276.625)
[1, 4, 10, 23, 57, 132, 301, 701, 1654, 3833, 9081, 20985]...: 4856325: ACCEPTED IN 9 TRIES, (AVG 539591.6666666666)
[1, 4, 10, 23, 57, 132, 301, 701, 1654, 3833, 9081, 20989]...: 7018409: ACCEPTED IN 13 TRIES, (AVG 539877.6153846154)
[1, 4, 10, 23, 57, 132, 301, 701, 1654, 3833, 9081, 20993]...: 7019280: ACCEPTED IN 13 TRIES, (AVG 539944.6153846154)
[1, 4, 10, 23, 57, 132, 301, 701, 1654, 3833, 9081, 21001]...: 4854368: ACCEPTED IN 9 TRIES, (AVG 539374.2222222222)
[1, 4, 10, 23, 57, 132, 301, 701, 1654, 3833, 9081, 21005]...: 5936420: ACCEPTED IN 11 TRIES, (AVG 539674.5454545454)
[1, 4, 10, 23, 57, 132, 301, 701, 1654, 3833, 9081, 21022]...: 4855707: ACCEPTED IN 9 TRIES, (AVG 539523.0)
[1, 4, 10, 23, 57, 132, 301, 701, 1654, 3833, 9081, 21042]...: 10267711: ACCEPTED IN 19 TRIES, (AVG 540405.8421052631)
[1, 4, 10, 23, 57, 132, 301, 701, 1654, 3833, 9081, 21055]...: 4314211: ACCEPTED IN 8 TRIES, (AVG 539276.375)
[1, 4, 10, 23, 57, 132, 301, 701, 1654, 3833, 9081, 21059]...: 5396119: ACCEPTED IN 10 TRIES, (AVG 539611.9)
[1, 4, 10, 23, 57, 132, 301, 701, 1654, 3833, 9081, 21084]...: 8643691: ACCEPTED IN 16 TRIES, (AVG 540230.6875)
[1, 4, 10, 23, 57, 132, 301, 701, 1654, 3833, 9081, 21088]...: 8644180: ACCEPTED IN 16 TRIES, (AVG 540261.25)
[1, 4, 10, 23, 57, 132, 301, 701, 1654, 3833, 9081, 21092]...: 4855679: ACCEPTED IN 9 TRIES, (AVG 539519.8888888889)
[1, 4, 10, 23, 57, 132, 301, 701, 1654, 3833, 9081, 21096]...: 5397486: ACCEPTED IN 10 TRIES, (AVG 539748.6)
[1, 4, 10, 23, 57, 132, 301, 701, 1654, 3833, 9081, 21100]...: 7562079: ACCEPTED IN 14 TRIES, (AVG 540148.5)
[1, 4, 10, 23, 57, 132, 301, 701, 1654, 3833, 9081, 21121]...: 8642849: ACCEPTED IN 16 TRIES, (AVG 540178.0625)
[1, 4, 10, 23, 57, 132, 301, 701, 1654, 3833, 9081, 21125]...: 7018675: ACCEPTED IN 13 TRIES, (AVG 539898.0769230769)
[1, 4, 10, 23, 57, 132, 301, 701, 1654, 3833, 9081, 21133]...: 6479173: ACCEPTED IN 12 TRIES, (AVG 539931.0833333334)
[1, 4, 10, 23, 57, 132, 301, 701, 1654, 3833, 9081, 21137]...: 2691408: ACCEPTED IN 5 TRIES, (AVG 538281.6)
[1, 4, 10, 23, 57, 132, 301, 701, 1654, 3833, 9081, 21154]...: 10267120: ACCEPTED IN 19 TRIES, (AVG 540374.7368421053)
[1, 4, 10, 23, 57, 132, 301, 701, 1654, 3833, 9081, 21162]...: 4854080: ACCEPTED IN 9 TRIES, (AVG 539342.2222222222)
[1, 4, 10, 23, 57, 132, 301, 701, 1654, 3833, 9081, 21174]...: 5396597: ACCEPTED IN 10 TRIES, (AVG 539659.7)
[1, 4, 10, 23, 57, 132, 301, 701, 1654, 3833, 9081, 21187]...: 5938263: ACCEPTED IN 11 TRIES, (AVG 539842.0909090909)
[1, 4, 10, 23, 57, 132, 301, 701, 1654, 3833, 9081, 21191]...: 4314793: ACCEPTED IN 8 TRIES, (AVG 539349.125)
[1, 4, 10, 23, 57, 132, 301, 701, 1654, 3833, 9081, 21224]...: 7561523: ACCEPTED IN 14 TRIES, (AVG 540108.7857142857)
[1, 4, 10, 23, 57, 132, 301, 701, 1654, 3833, 9081, 21228]...: 7561753: ACCEPTED IN 14 TRIES, (AVG 540125.2142857143)
[1, 4, 10, 23, 57, 132, 301, 701, 1654, 3833, 9081, 21232]...: 8642097: ACCEPTED IN 16 TRIES, (AVG 540131.0625)
[1, 4, 10, 23, 57, 132, 301, 701, 1654, 3833, 9081, 21253]...: 7018040: ACCEPTED IN 13 TRIES, (AVG 539849.2307692308)
[1, 4, 10, 23, 57, 132, 301, 701, 1654, 3833, 9081, 21257]...: 5396092: ACCEPTED IN 10 TRIES, (AVG 539609.2)
[1, 4, 10, 23, 57, 132, 301, 701, 1654, 3833, 9081, 21261]...: 5396555: ACCEPTED IN 10 TRIES, (AVG 539655.5)
[1, 4, 10, 23, 57, 132, 301, 701, 1654, 3833, 9081, 21265]...: 3232740: ACCEPTED IN 6 TRIES, (AVG 538790.0)
[1, 4, 10, 23, 57, 132, 301, 701, 1654, 3833, 9081, 21269]...: 7020686: ACCEPTED IN 13 TRIES, (AVG 540052.7692307692)
[1, 4, 10, 23, 57, 132, 301, 701, 1654, 3833, 9081, 21286]...: 4855036: ACCEPTED IN 9 TRIES, (AVG 539448.4444444445)
[1, 4, 10, 23, 57, 132, 301, 701, 1654, 3833, 9081, 21294]...: 5935927: ACCEPTED IN 11 TRIES, (AVG 539629.7272727273)
[1, 4, 10, 23, 57, 132, 301, 701, 1654, 3833, 9081, 21306]...: 3232846: ACCEPTED IN 6 TRIES, (AVG 538807.6666666666)
[1, 4, 10, 23, 57, 132, 301, 701, 1654, 3833, 9081, 21323]...: 7020124: ACCEPTED IN 13 TRIES, (AVG 540009.5384615385)
[1, 4, 10, 23, 57, 132, 301, 701, 1654, 3833, 9081, 21356]...: 6479413: ACCEPTED IN 12 TRIES, (AVG 539951.0833333334)
[1, 4, 10, 23, 57, 132, 301, 701, 1654, 3833, 9081, 21360]...: 4856063: ACCEPTED IN 9 TRIES, (AVG 539562.5555555555)
[1, 4, 10, 23, 57, 132, 301, 701, 1654, 3833, 9081, 21385]...: 9182995: ACCEPTED IN 17 TRIES, (AVG 540176.1764705882)
[1, 4, 10, 23, 57, 132, 301, 701, 1654, 3833, 9081, 21389]...: 7561717: ACCEPTED IN 14 TRIES, (AVG 540122.6428571428)
[1, 4, 10, 23, 57, 132, 301, 701, 1654, 3833, 9081, 21393]...: 4854870: ACCEPTED IN 9 TRIES, (AVG 539430.0)
[1, 4, 10, 23, 57, 132, 301, 701, 1654, 3833, 9081, 21397]...: 3772606: ACCEPTED IN 7 TRIES, (AVG 538943.7142857143)
[1, 4, 10, 23, 57, 132, 301, 701, 1654, 3833, 9081, 21401]...: 5397491: ACCEPTED IN 10 TRIES, (AVG 539749.1)
[1, 4, 10, 23, 57, 132, 301, 701, 1654, 3833, 9081, 21426]...: 5395031: ACCEPTED IN 10 TRIES, (AVG 539503.1)
[1, 4, 10, 23, 57, 132, 301, 701, 1654, 3833, 9081, 21438]...: 4855029: ACCEPTED IN 9 TRIES, (AVG 539447.6666666666)
[1, 4, 10, 23, 57, 132, 301, 701, 1654, 3833, 9081, 21455]...: 3774098: ACCEPTED IN 7 TRIES, (AVG 539156.8571428572)
[1, 4, 10, 23, 57, 132, 301, 701, 1654, 3833, 9081, 21488]...: 4314934: ACCEPTED IN 8 TRIES, (AVG 539366.75)
[1, 4, 10, 23, 57, 132, 301, 701, 1654, 3833, 9081, 21492]...: 5938208: ACCEPTED IN 11 TRIES, (AVG 539837.0909090909)
[1, 4, 10, 23, 57, 132, 301, 701, 1654, 3833, 9081, 21521]...: 7020288: ACCEPTED IN 13 TRIES, (AVG 540022.1538461539)
[1, 4, 10, 23, 57, 132, 301, 701, 1654, 3833, 9081, 21525]...: 7018982: ACCEPTED IN 13 TRIES, (AVG 539921.6923076923)
[1, 4, 10, 23, 57, 132, 301, 701, 1654, 3833, 9081, 21529]...: 5396322: ACCEPTED IN 10 TRIES, (AVG 539632.2)
[1, 4, 10, 23, 57, 132, 301, 701, 1654, 3833, 9081, 21533]...: 8103024: ACCEPTED IN 15 TRIES, (AVG 540201.6)
[1, 4, 10, 23, 57, 132, 301, 701, 1654, 3833, 9081, 21558]...: 7019661: ACCEPTED IN 13 TRIES, (AVG 539973.9230769231)
[1, 4, 10, 23, 57, 132, 301, 701, 1654, 3833, 9081, 21562]...: 4855383: ACCEPTED IN 9 TRIES, (AVG 539487.0)
[1, 4, 10, 23, 57, 132, 301, 701, 1654, 3833, 9081, 21570]...: 5396033: ACCEPTED IN 10 TRIES, (AVG 539603.3)
[1, 4, 10, 23, 57, 132, 301, 701, 1654, 3833, 9081, 21587]...: 3772401: ACCEPTED IN 7 TRIES, (AVG 538914.4285714285)
[1, 4, 10, 23, 57, 132, 301, 701, 1654, 3833, 9081, 21624]...: 5938137: ACCEPTED IN 11 TRIES, (AVG 539830.6363636364)
[1, 4, 10, 23, 57, 132, 301, 701, 1654, 3833, 9081, 21653]...: 3773791: ACCEPTED IN 7 TRIES, (AVG 539113.0)
[1, 4, 10, 23, 57, 132, 301, 701, 1654, 3833, 9081, 21657]...: 4313296: ACCEPTED IN 8 TRIES, (AVG 539162.0)
[1, 4, 10, 23, 57, 132, 301, 701, 1654, 3833, 9081, 21661]...: 4314382: ACCEPTED IN 8 TRIES, (AVG 539297.75)
[1, 4, 10, 23, 57, 132, 301, 701, 1654, 3833, 9081, 21690]...: 4313636: ACCEPTED IN 8 TRIES, (AVG 539204.5)
[1, 4, 10, 23, 57, 132, 301, 701, 1654, 3833, 9081, 21694]...: 4855643: ACCEPTED IN 9 TRIES, (AVG 539515.8888888889)
[1, 4, 10, 23, 57, 132, 301, 701, 1654, 3833, 9081, 21702]...: 4315273: ACCEPTED IN 8 TRIES, (AVG 539409.125)
[1, 4, 10, 23, 57, 132, 301, 701, 1654, 3833, 9081, 21756]...: 11890073: ACCEPTED IN 22 TRIES, (AVG 540457.8636363636)
[1, 4, 10, 23, 57, 132, 301, 701, 1654, 3833, 9081, 21785]...: 3232363: ACCEPTED IN 6 TRIES, (AVG 538727.1666666666)
[1, 4, 10, 23, 57, 132, 301, 701, 1654, 3833, 9081, 21789]...: 4314179: ACCEPTED IN 8 TRIES, (AVG 539272.375)
[1, 4, 10, 23, 57, 132, 301, 701, 1654, 3833, 9081, 21793]...: 7019938: ACCEPTED IN 13 TRIES, (AVG 539995.2307692308)
