[1, 4, 10, 23, 57, 132, 301, 701, 1654, 3833, 8473, 18669]...: 42194186: ACCEPTED IN 78 TRIES, (AVG 540951.1025641026)
[1, 4, 10, 23, 57, 132, 301, 701, 1654, 3833, 8473, 18730]...: 45440996: ACCEPTED IN 84 TRIES, (AVG 540964.2380952381)
[1, 4, 10, 23, 57, 132, 301, 701, 1654, 3833, 8473, 18734]...: 38947695: ACCEPTED IN 72 TRIES, (AVG 540940.2083333334)
[1, 4, 10, 23, 57, 132, 301, 701, 1654, 3833, 8473, 18764]...: 45981359: ACCEPTED IN 85 TRIES, (AVG 540957.1647058823)
[1, 4, 10, 23, 57, 132, 301, 701, 1654, 3833, 8473, 18771]...: 53558679: ACCEPTED IN 99 TRIES, (AVG 540996.7575757576)
[1, 4, 10, 23, 57, 132, 301, 701, 1654, 3833, 8473, 18801]...: 18384826: ACCEPTED IN 34 TRIES, (AVG 540730.1764705882)
[1, 4, 10, 23, 57, 132, 301, 701, 1654, 3833, 8473, 18825]...: 15136178: ACCEPTED IN 28 TRIES, (AVG 540577.7857142857)
[1, 4, 10, 23, 57, 132, 301, 701, 1654, 3833, 8473, 18838]...: 38947743: ACCEPTED IN 72 TRIES, (AVG 540940.875)
[1, 4, 10, 23, 57, 132, 301, 701, 1654, 3833, 8473, 18862]...: 33533313: ACCEPTED IN 62 TRIES, (AVG 540859.8870967742)
[1, 4, 10, 23, 57, 132, 301, 701, 1654, 3833, 8473, 18866]...: 34076617: ACCEPTED IN 63 TRIES, (AVG 540898.6825396825)
[1, 4, 10, 23, 57, 132, 301, 701, 1654, 3833, 8473, 18896]...: 93061540: ACCEPTED IN 172 TRIES, (AVG 541055.4651162791)
[1, 4, 10, 23, 57, 132, 301, 701, 1654, 3833, 8473, 18903]...: 52475802: ACCEPTED IN 97 TRIES, (AVG 540987.649484536)
[1, 4, 10, 23, 57, 132, 301, 701, 1654, 3833, 8473, 18933]...: 15136557: ACCEPTED IN 28 TRIES, (AVG 540591.3214285715)
[1, 4, 10, 23, 57, 132, 301, 701, 1654, 3833, 8473, 18937]...: 24878451: ACCEPTED IN 46 TRIES, (AVG 540835.8913043478)
[1, 4, 10, 23, 57, 132, 301, 701, 1654, 3833, 8473, 18957]...: 44899715: ACCEPTED IN 83 TRIES, (AVG 540960.421686747)
[1, 4, 10, 23, 57, 132, 301, 701, 1654, 3833, 8473, 18994]...: 39486182: ACCEPTED IN 73 TRIES, (AVG 540906.6027397261)
[1, 4, 10, 23, 57, 132, 301, 701, 1654, 3833, 8473, 19028]...: 65463623: ACCEPTED IN 121 TRIES, (AVG 541021.6776859504)
[1, 4, 10, 23, 57, 132, 301, 701, 1654, 3833, 8473, 19035]...: 37865605: ACCEPTED IN 70 TRIES, (AVG 540937.2142857143)
[1, 4, 10, 23, 57, 132, 301, 701, 1654, 3833, 8473, 19065]...: 16758902: ACCEPTED IN 31 TRIES, (AVG 540609.7419354839)
[1, 4, 10, 23, 57, 132, 301, 701, 1654, 3833, 8473, 19069]...: 42193722: ACCEPTED IN 78 TRIES, (AVG 540945.1538461539)
[1, 4, 10, 23, 57, 132, 301, 701, 1654, 3833, 8473, 19102]...: 14055039: ACCEPTED IN 26 TRIES, (AVG 540578.4230769231)
[1, 4, 10, 23, 57, 132, 301, 701, 1654, 3833, 8473, 19126]...: 20006981: ACCEPTED IN 37 TRIES, (AVG 540729.2162162162)
[1, 4, 10, 23, 57, 132, 301, 701, 1654, 3833, 8473, 19160]...: 20549369: ACCEPTED IN 38 TRIES, (AVG 540772.8684210526)
[1, 4, 10, 23, 57, 132, 301, 701, 1654, 3833, 8473, 19167]...: 11889721: ACCEPTED IN 22 TRIES, (AVG 540441.8636363636)
[1, 4, 10, 23, 57, 132, 301, 701, 1654, 3833, 8473, 19197]...: 12432011: ACCEPTED IN 23 TRIES, (AVG 540522.2173913043)
[1, 4, 10, 23, 57, 132, 301, 701, 1654, 3833, 8473, 19201]...: 28125259: ACCEPTED IN 52 TRIES, (AVG 540870.3653846154)
[1, 4, 10, 23, 57, 132, 301, 701, 1654, 3833, 8473, 19234]...: 21631536: ACCEPTED IN 40 TRIES, (AVG 540788.4)
[1, 4, 10, 23, 57, 132, 301, 701, 1654, 3833, 8473, 19238]...: 64920441: ACCEPTED IN 120 TRIES, (AVG 541003.675)
[1, 4, 10, 23, 57, 132, 301, 701, 1654, 3833, 8473, 19258]...: 18381898: ACCEPTED IN 34 TRIES, (AVG 540644.0588235294)
[1, 4, 10, 23, 57, 132, 301, 701, 1654, 3833, 8473, 19295]...: 50852566: ACCEPTED IN 94 TRIES, (AVG 540984.7446808511)
[1, 4, 10, 23, 57, 132, 301, 701, 1654, 3833, 8473, 19329]...: 8643256: ACCEPTED IN 16 TRIES, (AVG 540203.5)
[1, 4, 10, 23, 57, 132, 301, 701, 1654, 3833, 8473, 19333]...: 19466373: ACCEPTED IN 36 TRIES, (AVG 540732.5833333334)
[1, 4, 10, 23, 57, 132, 301, 701, 1654, 3833, 8473, 19366]...: 11891093: ACCEPTED IN 22 TRIES, (AVG 540504.2272727273)
[1, 4, 10, 23, 57, 132, 301, 701, 1654, 3833, 8473, 19370]...: 11350005: ACCEPTED IN 21 TRIES, (AVG 540476.4285714285)
[1, 4, 10, 23, 57, 132, 301, 701, 1654, 3833, 8473, 19427]...: 14596871: ACCEPTED IN 27 TRIES, (AVG 540624.8518518518)
[1, 4, 10, 23, 57, 132, 301, 701, 1654, 3833, 8473, 19461]...: 22713606: ACCEPTED IN 42 TRIES, (AVG 540800.1428571428)
[1, 4, 10, 23, 57, 132, 301, 701, 1654, 3833, 8473, 19465]...: 9723854: ACCEPTED IN 18 TRIES, (AVG 540214.1111111111)
[1, 4, 10, 23, 57, 132, 301, 701, 1654, 3833, 8473, 19498]...: 9726091: ACCEPTED IN 18 TRIES, (AVG 540338.3888888889)
[1, 4, 10, 23, 57, 132, 301, 701, 1654, 3833, 8473, 19502]...: 25957266: ACCEPTED IN 48 TRIES, (AVG 540776.375)
[1, 4, 10, 23, 57, 132, 301, 701, 1654, 3833, 8473, 19535]...: 14595907: ACCEPTED IN 27 TRIES, (AVG 540589.1481481482)
[1, 4, 10, 23, 57, 132, 301, 701, 1654, 3833, 8473, 19539]...: 14594982: ACCEPTED IN 27 TRIES, (AVG 540554.8888888889)
[1, 4, 10, 23, 57, 132, 301, 701, 1654, 3833, 8473, 19559]...: 12432332: ACCEPTED IN 23 TRIES, (AVG 540536.1739130435)
[1, 4, 10, 23, 57, 132, 301, 701, 1654, 3833, 8473, 19596]...: 15135803: ACCEPTED IN 28 TRIES, (AVG 540564.3928571428)
[1, 4, 10, 23, 57, 132, 301, 701, 1654, 3833, 8473, 19597]...: 10267465: ACCEPTED IN 19 TRIES, (AVG 540392.8947368421)
[1, 4, 10, 23, 57, 132, 301, 701, 1654, 3833, 8473, 19630]...: 10808471: ACCEPTED IN 20 TRIES, (AVG 540423.55)
[1, 4, 10, 23, 57, 132, 301, 701, 1654, 3833, 8473, 19634]...: 10267418: ACCEPTED IN 19 TRIES, (AVG 540390.4210526316)
[1, 4, 10, 23, 57, 132, 301, 701, 1654, 3833, 8473, 19638]...: 10808301: ACCEPTED IN 20 TRIES, (AVG 540415.05)
[1, 4, 10, 23, 57, 132, 301, 701, 1654, 3833, 8473, 19667]...: 11890605: ACCEPTED IN 22 TRIES, (AVG 540482.0454545454)
[1, 4, 10, 23, 57, 132, 301, 701, 1654, 3833, 8473, 19671]...: 8643656: ACCEPTED IN 16 TRIES, (AVG 540228.5)
[1, 4, 10, 23, 57, 132, 301, 701, 1654, 3833, 8473, 19687]...: 10267183: ACCEPTED IN 19 TRIES, (AVG 540378.052631579)
[1, 4, 10, 23, 57, 132, 301, 701, 1654, 3833, 8473, 19728]...: 5396238: ACCEPTED IN 10 TRIES, (AVG 539623.8)
[1, 4, 10, 23, 57, 132, 301, 701, 1654, 3833, 8473, 19729]...: 12431231: ACCEPTED IN 23 TRIES, (AVG 540488.304347826)
[1, 4, 10, 23, 57, 132, 301, 701, 1654, 3833, 8473, 19762]...: 15679151: ACCEPTED IN 29 TRIES, (AVG 540660.3793103448)
[1, 4, 10, 23, 57, 132, 301, 701, 1654, 3833, 8473, 19766]...: 9726077: ACCEPTED IN 18 TRIES, (AVG 540337.6111111111)
[1, 4, 10, 23, 57, 132, 301, 701, 1654, 3833, 8473, 19770]...: 24877374: ACCEPTED IN 46 TRIES, (AVG 540812.4782608695)
[1, 4, 10, 23, 57, 132, 301, 701, 1654, 3833, 8473, 19799]...: 20007301: ACCEPTED IN 37 TRIES, (AVG 540737.8648648649)
[1, 4, 10, 23, 57, 132, 301, 701, 1654, 3833, 8473, 19803]...: 6479750: ACCEPTED IN 12 TRIES, (AVG 539979.1666666666)
[1, 4, 10, 23, 57, 132, 301, 701, 1654, 3833, 8473, 19819]...: 8102947: ACCEPTED IN 15 TRIES, (AVG 540196.4666666667)
[1, 4, 10, 23, 57, 132, 301, 701, 1654, 3833, 8473, 19836]...: 15137285: ACCEPTED IN 28 TRIES, (AVG 540617.3214285715)
[1, 4, 10, 23, 57, 132, 301, 701, 1654, 3833, 8473, 19840]...: 21630561: ACCEPTED IN 40 TRIES, (AVG 540764.025)
[1, 4, 10, 23, 57, 132, 301, 701, 1654, 3833, 8473, 19860]...: 20007692: ACCEPTED IN 37 TRIES, (AVG 540748.4324324324)
[1, 4, 10, 23, 57, 132, 301, 701, 1654, 3833, 8473, 19861]...: 3772647: ACCEPTED IN 7 TRIES, (AVG 538949.5714285715)
[1, 4, 10, 23, 57, 132, 301, 701, 1654, 3833, 8473, 19890]...: 11349602: ACCEPTED IN 21 TRIES, (AVG 540457.2380952381)
[1, 4, 10, 23, 57, 132, 301, 701, 1654, 3833, 8473, 19897]...: 11891199: ACCEPTED IN 22 TRIES, (AVG 540509.0454545454)
[1, 4, 10, 23, 57, 132, 301, 701, 1654, 3833, 8473, 19898]...: 9724030: ACCEPTED IN 18 TRIES, (AVG 540223.8888888889)
[1, 4, 10, 23, 57, 132, 301, 701, 1654, 3833, 8473, 19902]...: 10266665: ACCEPTED IN 19 TRIES, (AVG 540350.7894736842)
[1, 4, 10, 23, 57, 132, 301, 701, 1654, 3833, 8473, 19931]...: 21629870: ACCEPTED IN 40 TRIES, (AVG 540746.75)
[1, 4, 10, 23, 57, 132, 301, 701, 1654, 3833, 8473, 19935]...: 8642062: ACCEPTED IN 16 TRIES, (AVG 540128.875)
[1, 4, 10, 23, 57, 132, 301, 701, 1654, 3833, 8473, 19939]...: 23794823: ACCEPTED IN 44 TRIES, (AVG 540791.4318181818)
[1, 4, 10, 23, 57, 132, 301, 701, 1654, 3833, 8473, 19951]...: 8644020: ACCEPTED IN 16 TRIES, (AVG 540251.25)
[1, 4, 10, 23, 57, 132, 301, 701, 1654, 3833, 8473, 19968]...: 21090143: ACCEPTED IN 39 TRIES, (AVG 540772.8974358974)
[1, 4, 10, 23, 57, 132, 301, 701, 1654, 3833, 8473, 19988]...: 21089055: ACCEPTED IN 39 TRIES, (AVG 540745.0)
[1, 4, 10, 23, 57, 132, 301, 701, 1654, 3833, 8473, 19992]...: 23254606: ACCEPTED IN 43 TRIES, (AVG 540804.7906976744)
[1, 4, 10, 23, 57, 132, 301, 701, 1654, 3833, 8473, 20022]...: 21631496: ACCEPTED IN 40 TRIES, (AVG 540787.4)
[1, 4, 10, 23, 57, 132, 301, 701, 1654, 3833, 8473, 20029]...: 12429298: ACCEPTED IN 23 TRIES, (AVG 540404.2608695652)
[1, 4, 10, 23, 57, 132, 301, 701, 1654, 3833, 8473, 20030]...: 12431911: ACCEPTED IN 23 TRIES, (AVG 540517.8695652174)
[1, 4, 10, 23, 57, 132, 301, 701, 1654, 3833, 8473, 20034]...: 22172485: ACCEPTED IN 41 TRIES, (AVG 540792.3170731707)
[1, 4, 10, 23, 57, 132, 301, 701, 1654, 3833, 8473, 20063]...: 11889436: ACCEPTED IN 22 TRIES, (AVG 540428.9090909091)
[1, 4, 10, 23, 57, 132, 301, 701, 1654, 3833, 8473, 20067]...: 9725520: ACCEPTED IN 18 TRIES, (AVG 540306.6666666666)
[1, 4, 10, 23, 57, 132, 301, 701, 1654, 3833, 8473, 20071]...: 10267694: ACCEPTED IN 19 TRIES, (AVG 540404.947368421)
[1, 4, 10, 23, 57, 132, 301, 701, 1654, 3833, 8473, 20083]...: 8643128: ACCEPTED IN 16 TRIES, (AVG 540195.5)
[1, 4, 10, 23, 57, 132, 301, 701, 1654, 3833, 8473, 20100]...: 37863956: ACCEPTED IN 70 TRIES, (AVG 540913.6571428571)
[1, 4, 10, 23, 57, 132, 301, 701, 1654, 3833, 8473, 20104]...: 12432057: ACCEPTED IN 23 TRIES, (AVG 540524.2173913043)
[1, 4, 10, 23, 57, 132, 301, 701, 1654, 3833, 8473, 20120]...: 10267165: ACCEPTED IN 19 TRIES, (AVG 540377.1052631579)
[1, 4, 10, 23, 57, 132, 301, 701, 1654, 3833, 8473, 20124]...: 8103110: ACCEPTED IN 15 TRIES, (AVG 540207.3333333334)
[1, 4, 10, 23, 57, 132, 301, 701, 1654, 3833, 8473, 20137]...: 23252561: ACCEPTED IN 43 TRIES, (AVG 540757.2325581395)
[1, 4, 10, 23, 57, 132, 301, 701, 1654, 3833, 8473, 20141]...: 44900355: ACCEPTED IN 83 TRIES, (AVG 540968.1325301204)
[1, 4, 10, 23, 57, 132, 301, 701, 1654, 3833, 8473, 20154]...: 13512383: ACCEPTED IN 25 TRIES, (AVG 540495.32)
[1, 4, 10, 23, 57, 132, 301, 701, 1654, 3833, 8473, 20161]...: 8102656: ACCEPTED IN 15 TRIES, (AVG 540177.0666666667)
[1, 4, 10, 23, 57, 132, 301, 701, 1654, 3833, 8473, 20162]...: 8643498: ACCEPTED IN 16 TRIES, (AVG 540218.625)
[1, 4, 10, 23, 57, 132, 301, 701, 1654, 3833, 8473, 20166]...: 14596398: ACCEPTED IN 27 TRIES, (AVG 540607.3333333334)
[1, 4, 10, 23, 57, 132, 301, 701, 1654, 3833, 8473, 20191]...: 10267078: ACCEPTED IN 19 TRIES, (AVG 540372.5263157894)
[1, 4, 10, 23, 57, 132, 301, 701, 1654, 3833, 8473, 20195]...: 7019287: ACCEPTED IN 13 TRIES, (AVG 539945.1538461539)
[1, 4, 10, 23, 57, 132, 301, 701, 1654, 3833, 8473, 20199]...: 11349115: ACCEPTED IN 21 TRIES, (AVG 540434.0476190476)
[1, 4, 10, 23, 57, 132, 301, 701, 1654, 3833, 8473, 20203]...: 11889313: ACCEPTED IN 22 TRIES, (AVG 540423.3181818182)
[1, 4, 10, 23, 57, 132, 301, 701, 1654, 3833, 8473, 20215]...: 15137853: ACCEPTED IN 28 TRIES, (AVG 540637.6071428572)
[1, 4, 10, 23, 57, 132, 301, 701, 1654, 3833, 8473, 20232]...: 21089971: ACCEPTED IN 39 TRIES, (AVG 540768.4871794871)
[1, 4, 10, 23, 57, 132, 301, 701, 1654, 3833, 8473, 20236]...: 11890658: ACCEPTED IN 22 TRIES, (AVG 540484.4545454546)
[1, 4, 10, 23, 57, 132, 301, 701, 1654, 3833, 8473, 20240]...: 8643912: ACCEPTED IN 16 TRIES, (AVG 540244.5)
[1, 4, 10, 23, 57, 132, 301, 701, 1654, 3833, 8473, 20252]...: 15678841: ACCEPTED IN 29 TRIES, (AVG 540649.6896551724)
[1, 4, 10, 23, 57, 132, 301, 701, 1654, 3833, 8473, 20256]...: 17302177: ACCEPTED IN 32 TRIES, (AVG 540693.03125)
[1, 4, 10, 23, 57, 132, 301, 701, 1654, 3833, 8473, 20269]...: 4856384: ACCEPTED IN 9 TRIES, (AVG 539598.2222222222)
[1, 4, 10, 23, 57, 132, 301, 701, 1654, 3833, 8473, 20273]...: 11348548: ACCEPTED IN 21 TRIES, (AVG 540407.0476190476)
[1, 4, 10, 23, 57, 132, 301, 701, 1654, 3833, 8473, 20286]...: 3773482: ACCEPTED IN 7 TRIES, (AVG 539068.8571428572)
[1, 4, 10, 23, 57, 132, 301, 701, 1654, 3833, 8473, 20293]...: 18382876: ACCEPTED IN 34 TRIES, (AVG 540672.8235294118)
[1, 4, 10, 23, 57, 132, 301, 701, 1654, 3833, 8473, 20298]...: 15136919: ACCEPTED IN 28 TRIES, (AVG 540604.25)
[1, 4, 10, 23, 57, 132, 301, 701, 1654, 3833, 8473, 20323]...: 25960011: ACCEPTED IN 48 TRIES, (AVG 540833.5625)
[1, 4, 10, 23, 57, 132, 301, 701, 1654, 3833, 8473, 20327]...: 13513348: ACCEPTED IN 25 TRIES, (AVG 540533.92)
[1, 4, 10, 23, 57, 132, 301, 701, 1654, 3833, 8473, 20331]...: 11890995: ACCEPTED IN 22 TRIES, (AVG 540499.7727272727)
[1, 4, 10, 23, 57, 132, 301, 701, 1654, 3833, 8473, 20335]...: 12971098: ACCEPTED IN 24 TRIES, (AVG 540462.4166666666)
