[1, 4, 10, 23, 57, 132, 301, 701, 1654, 3719, 8786, 19331]...: 23795315: ACCEPTED IN 44 TRIES, (AVG 540802.6136363636)
[1, 4, 10, 23, 57, 132, 301, 701, 1654, 3719, 8786, 19344]...: 12430125: ACCEPTED IN 23 TRIES, (AVG 540440.2173913043)
[1, 4, 10, 23, 57, 132, 301, 701, 1654, 3719, 8786, 19348]...: 17842961: ACCEPTED IN 33 TRIES, (AVG 540695.7878787878)
[1, 4, 10, 23, 57, 132, 301, 701, 1654, 3719, 8786, 19352]...: 18925584: ACCEPTED IN 35 TRIES, (AVG 540730.9714285714)
[1, 4, 10, 23, 57, 132, 301, 701, 1654, 3719, 8786, 19356]...: 20006907: ACCEPTED IN 37 TRIES, (AVG 540727.2162162162)
[1, 4, 10, 23, 57, 132, 301, 701, 1654, 3719, 8786, 19360]...: 11889114: ACCEPTED IN 22 TRIES, (AVG 540414.2727272727)
[1, 4, 10, 23, 57, 132, 301, 701, 1654, 3719, 8786, 19364]...: 15678947: ACCEPTED IN 29 TRIES, (AVG 540653.3448275862)
[1, 4, 10, 23, 57, 132, 301, 701, 1654, 3719, 8786, 19368]...: 17301333: ACCEPTED IN 32 TRIES, (AVG 540666.65625)
[1, 4, 10, 23, 57, 132, 301, 701, 1654, 3719, 8786, 19372]...: 18384759: ACCEPTED IN 34 TRIES, (AVG 540728.2058823529)
[1, 4, 10, 23, 57, 132, 301, 701, 1654, 3719, 8786, 19381]...: 9185312: ACCEPTED IN 17 TRIES, (AVG 540312.4705882353)
[1, 4, 10, 23, 57, 132, 301, 701, 1654, 3719, 8786, 19385]...: 24335988: ACCEPTED IN 45 TRIES, (AVG 540799.7333333333)
[1, 4, 10, 23, 57, 132, 301, 701, 1654, 3719, 8786, 19389]...: 24335006: ACCEPTED IN 45 TRIES, (AVG 540777.911111111)
[1, 4, 10, 23, 57, 132, 301, 701, 1654, 3719, 8786, 19393]...: 22713510: ACCEPTED IN 42 TRIES, (AVG 540797.8571428572)
[1, 4, 10, 23, 57, 132, 301, 701, 1654, 3719, 8786, 19397]...: 15678174: ACCEPTED IN 29 TRIES, (AVG 540626.6896551724)
[1, 4, 10, 23, 57, 132, 301, 701, 1654, 3719, 8786, 19405]...: 11891054: ACCEPTED IN 22 TRIES, (AVG 540502.4545454546)
[1, 4, 10, 23, 57, 132, 301, 701, 1654, 3719, 8786, 19409]...: 24336778: ACCEPTED IN 45 TRIES, (AVG 540817.2888888889)
[1, 4, 10, 23, 57, 132, 301, 701, 1654, 3719, 8786, 19422]...: 16760375: ACCEPTED IN 31 TRIES, (AVG 540657.2580645161)
[1, 4, 10, 23, 57, 132, 301, 701, 1654, 3719, 8786, 19426]...: 7562004: ACCEPTED IN 14 TRIES, (AVG 540143.1428571428)
[1, 4, 10, 23, 57, 132, 301, 701, 1654, 3719, 8786, 19434]...: 14055593: ACCEPTED IN 26 TRIES, (AVG 540599.7307692308)
[1, 4, 10, 23, 57, 132, 301, 701, 1654, 3719, 8786, 19439]...: 18384393: ACCEPTED IN 34 TRIES, (AVG 540717.4411764706)
[1, 4, 10, 23, 57, 132, 301, 701, 1654, 3719, 8786, 19443]...: 15678131: ACCEPTED IN 29 TRIES, (AVG 540625.2068965518)
[1, 4, 10, 23, 57, 132, 301, 701, 1654, 3719, 8786, 19446]...: 17843386: ACCEPTED IN 33 TRIES, (AVG 540708.6666666666)
[1, 4, 10, 23, 57, 132, 301, 701, 1654, 3719, 8786, 19455]...: 19466340: ACCEPTED IN 36 TRIES, (AVG 540731.6666666666)
[1, 4, 10, 23, 57, 132, 301, 701, 1654, 3719, 8786, 19459]...: 23796206: ACCEPTED IN 44 TRIES, (AVG 540822.8636363636)
[1, 4, 10, 23, 57, 132, 301, 701, 1654, 3719, 8786, 19463]...: 9184216: ACCEPTED IN 17 TRIES, (AVG 540248.0)
[1, 4, 10, 23, 57, 132, 301, 701, 1654, 3719, 8786, 19476]...: 18924567: ACCEPTED IN 35 TRIES, (AVG 540701.9142857143)
[1, 4, 10, 23, 57, 132, 301, 701, 1654, 3719, 8786, 19480]...: 8102797: ACCEPTED IN 15 TRIES, (AVG 540186.4666666667)
[1, 4, 10, 23, 57, 132, 301, 701, 1654, 3719, 8786, 19484]...: 11891058: ACCEPTED IN 22 TRIES, (AVG 540502.6363636364)
[1, 4, 10, 23, 57, 132, 301, 701, 1654, 3719, 8786, 19488]...: 24875955: ACCEPTED IN 46 TRIES, (AVG 540781.6304347826)
[1, 4, 10, 23, 57, 132, 301, 701, 1654, 3719, 8786, 19492]...: 14596061: ACCEPTED IN 27 TRIES, (AVG 540594.8518518518)
[1, 4, 10, 23, 57, 132, 301, 701, 1654, 3719, 8786, 19496]...: 11890440: ACCEPTED IN 22 TRIES, (AVG 540474.5454545454)
[1, 4, 10, 23, 57, 132, 301, 701, 1654, 3719, 8786, 19500]...: 19466070: ACCEPTED IN 36 TRIES, (AVG 540724.1666666666)
[1, 4, 10, 23, 57, 132, 301, 701, 1654, 3719, 8786, 19504]...: 11890431: ACCEPTED IN 22 TRIES, (AVG 540474.1363636364)
[1, 4, 10, 23, 57, 132, 301, 701, 1654, 3719, 8786, 19513]...: 16219973: ACCEPTED IN 30 TRIES, (AVG 540665.7666666667)
[1, 4, 10, 23, 57, 132, 301, 701, 1654, 3719, 8786, 19517]...: 10807586: ACCEPTED IN 20 TRIES, (AVG 540379.3)
[1, 4, 10, 23, 57, 132, 301, 701, 1654, 3719, 8786, 19525]...: 9182344: ACCEPTED IN 17 TRIES, (AVG 540137.8823529412)
[1, 4, 10, 23, 57, 132, 301, 701, 1654, 3719, 8786, 19529]...: 12431943: ACCEPTED IN 23 TRIES, (AVG 540519.2608695652)
[1, 4, 10, 23, 57, 132, 301, 701, 1654, 3719, 8786, 19533]...: 23794956: ACCEPTED IN 44 TRIES, (AVG 540794.4545454546)
[1, 4, 10, 23, 57, 132, 301, 701, 1654, 3719, 8786, 19537]...: 19465650: ACCEPTED IN 36 TRIES, (AVG 540712.5)
[1, 4, 10, 23, 57, 132, 301, 701, 1654, 3719, 8786, 19541]...: 24336842: ACCEPTED IN 45 TRIES, (AVG 540818.7111111111)
[1, 4, 10, 23, 57, 132, 301, 701, 1654, 3719, 8786, 19550]...: 14595036: ACCEPTED IN 27 TRIES, (AVG 540556.8888888889)
[1, 4, 10, 23, 57, 132, 301, 701, 1654, 3719, 8786, 19554]...: 25960323: ACCEPTED IN 48 TRIES, (AVG 540840.0625)
[1, 4, 10, 23, 57, 132, 301, 701, 1654, 3719, 8786, 19558]...: 18383763: ACCEPTED IN 34 TRIES, (AVG 540698.9117647059)
[1, 4, 10, 23, 57, 132, 301, 701, 1654, 3719, 8786, 19566]...: 11348053: ACCEPTED IN 21 TRIES, (AVG 540383.4761904762)
[1, 4, 10, 23, 57, 132, 301, 701, 1654, 3719, 8786, 19571]...: 17302317: ACCEPTED IN 32 TRIES, (AVG 540697.40625)
[1, 4, 10, 23, 57, 132, 301, 701, 1654, 3719, 8786, 19575]...: 10808938: ACCEPTED IN 20 TRIES, (AVG 540446.9)
[1, 4, 10, 23, 57, 132, 301, 701, 1654, 3719, 8786, 19578]...: 16219955: ACCEPTED IN 30 TRIES, (AVG 540665.1666666666)
[1, 4, 10, 23, 57, 132, 301, 701, 1654, 3719, 8786, 19587]...: 18923225: ACCEPTED IN 35 TRIES, (AVG 540663.5714285715)
[1, 4, 10, 23, 57, 132, 301, 701, 1654, 3719, 8786, 19591]...: 11348363: ACCEPTED IN 21 TRIES, (AVG 540398.2380952381)
[1, 4, 10, 23, 57, 132, 301, 701, 1654, 3719, 8786, 19595]...: 5937930: ACCEPTED IN 11 TRIES, (AVG 539811.8181818182)
[1, 4, 10, 23, 57, 132, 301, 701, 1654, 3719, 8786, 19608]...: 19465563: ACCEPTED IN 36 TRIES, (AVG 540710.0833333334)
[1, 4, 10, 23, 57, 132, 301, 701, 1654, 3719, 8786, 19612]...: 11891161: ACCEPTED IN 22 TRIES, (AVG 540507.3181818182)
[1, 4, 10, 23, 57, 132, 301, 701, 1654, 3719, 8786, 19616]...: 11889981: ACCEPTED IN 22 TRIES, (AVG 540453.6818181818)
[1, 4, 10, 23, 57, 132, 301, 701, 1654, 3719, 8786, 19620]...: 11349659: ACCEPTED IN 21 TRIES, (AVG 540459.9523809524)
[1, 4, 10, 23, 57, 132, 301, 701, 1654, 3719, 8786, 19624]...: 11890327: ACCEPTED IN 22 TRIES, (AVG 540469.4090909091)
[1, 4, 10, 23, 57, 132, 301, 701, 1654, 3719, 8786, 19628]...: 12973337: ACCEPTED IN 24 TRIES, (AVG 540555.7083333334)
[1, 4, 10, 23, 57, 132, 301, 701, 1654, 3719, 8786, 19632]...: 19467010: ACCEPTED IN 36 TRIES, (AVG 540750.2777777778)
[1, 4, 10, 23, 57, 132, 301, 701, 1654, 3719, 8786, 19645]...: 11348927: ACCEPTED IN 21 TRIES, (AVG 540425.0952380953)
[1, 4, 10, 23, 57, 132, 301, 701, 1654, 3719, 8786, 19649]...: 13513337: ACCEPTED IN 25 TRIES, (AVG 540533.48)
[1, 4, 10, 23, 57, 132, 301, 701, 1654, 3719, 8786, 19653]...: 24336322: ACCEPTED IN 45 TRIES, (AVG 540807.1555555556)
[1, 4, 10, 23, 57, 132, 301, 701, 1654, 3719, 8786, 19657]...: 10807733: ACCEPTED IN 20 TRIES, (AVG 540386.65)
[1, 4, 10, 23, 57, 132, 301, 701, 1654, 3719, 8786, 19661]...: 12973335: ACCEPTED IN 24 TRIES, (AVG 540555.625)
[1, 4, 10, 23, 57, 132, 301, 701, 1654, 3719, 8786, 19665]...: 10808936: ACCEPTED IN 20 TRIES, (AVG 540446.8)
[1, 4, 10, 23, 57, 132, 301, 701, 1654, 3719, 8786, 19669]...: 18925337: ACCEPTED IN 35 TRIES, (AVG 540723.9142857143)
[1, 4, 10, 23, 57, 132, 301, 701, 1654, 3719, 8786, 19673]...: 11347408: ACCEPTED IN 21 TRIES, (AVG 540352.7619047619)
[1, 4, 10, 23, 57, 132, 301, 701, 1654, 3719, 8786, 19682]...: 8101944: ACCEPTED IN 15 TRIES, (AVG 540129.6)
[1, 4, 10, 23, 57, 132, 301, 701, 1654, 3719, 8786, 19686]...: 18384517: ACCEPTED IN 34 TRIES, (AVG 540721.0882352941)
[1, 4, 10, 23, 57, 132, 301, 701, 1654, 3719, 8786, 19690]...: 13513557: ACCEPTED IN 25 TRIES, (AVG 540542.28)
[1, 4, 10, 23, 57, 132, 301, 701, 1654, 3719, 8786, 19698]...: 18924632: ACCEPTED IN 35 TRIES, (AVG 540703.7714285714)
[1, 4, 10, 23, 57, 132, 301, 701, 1654, 3719, 8786, 19707]...: 13513449: ACCEPTED IN 25 TRIES, (AVG 540537.96)
[1, 4, 10, 23, 57, 132, 301, 701, 1654, 3719, 8786, 19710]...: 18925928: ACCEPTED IN 35 TRIES, (AVG 540740.8)
[1, 4, 10, 23, 57, 132, 301, 701, 1654, 3719, 8786, 19719]...: 13513223: ACCEPTED IN 25 TRIES, (AVG 540528.92)
[1, 4, 10, 23, 57, 132, 301, 701, 1654, 3719, 8786, 19723]...: 12973268: ACCEPTED IN 24 TRIES, (AVG 540552.8333333334)
[1, 4, 10, 23, 57, 132, 301, 701, 1654, 3719, 8786, 19727]...: 11349994: ACCEPTED IN 21 TRIES, (AVG 540475.9047619047)
[1, 4, 10, 23, 57, 132, 301, 701, 1654, 3719, 8786, 19740]...: 11888765: ACCEPTED IN 22 TRIES, (AVG 540398.4090909091)
[1, 4, 10, 23, 57, 132, 301, 701, 1654, 3719, 8786, 19744]...: 10807527: ACCEPTED IN 20 TRIES, (AVG 540376.35)
[1, 4, 10, 23, 57, 132, 301, 701, 1654, 3719, 8786, 19748]...: 12971682: ACCEPTED IN 24 TRIES, (AVG 540486.75)
[1, 4, 10, 23, 57, 132, 301, 701, 1654, 3719, 8786, 19756]...: 10807136: ACCEPTED IN 20 TRIES, (AVG 540356.8)
[1, 4, 10, 23, 57, 132, 301, 701, 1654, 3719, 8786, 19760]...: 11348352: ACCEPTED IN 21 TRIES, (AVG 540397.7142857143)
[1, 4, 10, 23, 57, 132, 301, 701, 1654, 3719, 8786, 19764]...: 11889615: ACCEPTED IN 22 TRIES, (AVG 540437.0454545454)
[1, 4, 10, 23, 57, 132, 301, 701, 1654, 3719, 8786, 19777]...: 8102457: ACCEPTED IN 15 TRIES, (AVG 540163.8)
[1, 4, 10, 23, 57, 132, 301, 701, 1654, 3719, 8786, 19781]...: 7020684: ACCEPTED IN 13 TRIES, (AVG 540052.6153846154)
[1, 4, 10, 23, 57, 132, 301, 701, 1654, 3719, 8786, 19785]...: 8102445: ACCEPTED IN 15 TRIES, (AVG 540163.0)
[1, 4, 10, 23, 57, 132, 301, 701, 1654, 3719, 8786, 19789]...: 19465809: ACCEPTED IN 36 TRIES, (AVG 540716.9166666666)
[1, 4, 10, 23, 57, 132, 301, 701, 1654, 3719, 8786, 19793]...: 9725665: ACCEPTED IN 18 TRIES, (AVG 540314.7222222222)
[1, 4, 10, 23, 57, 132, 301, 701, 1654, 3719, 8786, 19797]...: 18922967: ACCEPTED IN 35 TRIES, (AVG 540656.2)
[1, 4, 10, 23, 57, 132, 301, 701, 1654, 3719, 8786, 19801]...: 11349902: ACCEPTED IN 21 TRIES, (AVG 540471.5238095238)
[1, 4, 10, 23, 57, 132, 301, 701, 1654, 3719, 8786, 19805]...: 24334696: ACCEPTED IN 45 TRIES, (AVG 540771.0222222222)
[1, 4, 10, 23, 57, 132, 301, 701, 1654, 3719, 8786, 19814]...: 9185381: ACCEPTED IN 17 TRIES, (AVG 540316.5294117647)
[1, 4, 10, 23, 57, 132, 301, 701, 1654, 3719, 8786, 19818]...: 10267232: ACCEPTED IN 19 TRIES, (AVG 540380.6315789474)
[1, 4, 10, 23, 57, 132, 301, 701, 1654, 3719, 8786, 19822]...: 10807730: ACCEPTED IN 20 TRIES, (AVG 540386.5)
[1, 4, 10, 23, 57, 132, 301, 701, 1654, 3719, 8786, 19830]...: 8102969: ACCEPTED IN 15 TRIES, (AVG 540197.9333333333)
[1, 4, 10, 23, 57, 132, 301, 701, 1654, 3719, 8786, 19834]...: 17302153: ACCEPTED IN 32 TRIES, (AVG 540692.28125)
[1, 4, 10, 23, 57, 132, 301, 701, 1654, 3719, 8786, 19839]...: 13514549: ACCEPTED IN 25 TRIES, (AVG 540581.96)
[1, 4, 10, 23, 57, 132, 301, 701, 1654, 3719, 8786, 19842]...: 8644060: ACCEPTED IN 16 TRIES, (AVG 540253.75)
[1, 4, 10, 23, 57, 132, 301, 701, 1654, 3719, 8786, 19851]...: 24336745: ACCEPTED IN 45 TRIES, (AVG 540816.5555555555)
[1, 4, 10, 23, 57, 132, 301, 701, 1654, 3719, 8786, 19855]...: 19466947: ACCEPTED IN 36 TRIES, (AVG 540748.5277777778)
[1, 4, 10, 23, 57, 132, 301, 701, 1654, 3719, 8786, 19859]...: 14055694: ACCEPTED IN 26 TRIES, (AVG 540603.6153846154)
[1, 4, 10, 23, 57, 132, 301, 701, 1654, 3719, 8786, 19872]...: 18384495: ACCEPTED IN 34 TRIES, (AVG 540720.4411764706)
[1, 4, 10, 23, 57, 132, 301, 701, 1654, 3719, 8786, 19876]...: 10266044: ACCEPTED IN 19 TRIES, (AVG 540318.1052631579)
[1, 4, 10, 23, 57, 132, 301, 701, 1654, 3719, 8786, 19880]...: 19466351: ACCEPTED IN 36 TRIES, (AVG 540731.9722222222)
[1, 4, 10, 23, 57, 132, 301, 701, 1654, 3719, 8786, 19888]...: 9725998: ACCEPTED IN 18 TRIES, (AVG 540333.2222222222)
[1, 4, 10, 23, 57, 132, 301, 701, 1654, 3719, 8786, 19892]...: 5394720: ACCEPTED IN 10 TRIES, (AVG 539472.0)
[1, 4, 10, 23, 57, 132, 301, 701, 1654, 3719, 8786, 19896]...: 8644002: ACCEPTED IN 16 TRIES, (AVG 540250.125)
[1, 4, 10, 23, 57, 132, 301, 701, 1654, 3719, 8786, 19909]...: 10808412: ACCEPTED IN 20 TRIES, (AVG 540420.6)
[1, 4, 10, 23, 57, 132, 301, 701, 1654, 3719, 8786, 19913]...: 5395414: ACCEPTED IN 10 TRIES, (AVG 539541.4)
[1, 4, 10, 23, 57, 132, 301, 701, 1654, 3719, 8786, 19917]...: 7562091: ACCEPTED IN 14 TRIES, (AVG 540149.3571428572)
[1, 4, 10, 23, 57, 132, 301, 701, 1654, 3719, 8786, 19921]...: 10808061: ACCEPTED IN 20 TRIES, (AVG 540403.05)
[1, 4, 10, 23, 57, 132, 301, 701, 1654, 3719, 8786, 19925]...: 11885848: ACCEPTED IN 22 TRIES, (AVG 540265.8181818182)
[1, 4, 10, 23, 57, 132, 301, 701, 1654, 3719, 8786, 19929]...: 9726654: ACCEPTED IN 18 TRIES, (AVG 540369.6666666666)
[1, 4, 10, 23, 57, 132, 301, 701, 1654, 3719, 8786, 19933]...: 8103065: ACCEPTED IN 15 TRIES, (AVG 540204.3333333334)
[1, 4, 10, 23, 57, 132, 301, 701, 1654, 3719, 8786, 19946]...: 5397338: ACCEPTED IN 10 TRIES, (AVG 539733.8)
[1, 4, 10, 23, 57, 132, 301, 701, 1654, 3719, 8786, 19950]...: 12972487: ACCEPTED IN 24 TRIES, (AVG 540520.2916666666)
[1, 4, 10, 23, 57, 132, 301, 701, 1654, 3719, 8786, 19954]...: 11348893: ACCEPTED IN 21 TRIES, (AVG 540423.4761904762)
[1, 4, 10, 23, 57, 132, 301, 701, 1654, 3719, 8786, 19962]...: 5396841: ACCEPTED IN 10 TRIES, (AVG 539684.1)
[1, 4, 10, 23, 57, 132, 301, 701, 1654, 3719, 8786, 19966]...: 12431670: ACCEPTED IN 23 TRIES, (AVG 540507.3913043478)
[1, 4, 10, 23, 57, 132, 301, 701, 1654, 3719, 8786, 19971]...: 11349572: ACCEPTED IN 21 TRIES, (AVG 540455.8095238095)
[1, 4, 10, 23, 57, 132, 301, 701, 1654, 3719, 8786, 19974]...: 7561756: ACCEPTED IN 14 TRIES, (AVG 540125.4285714285)
[1, 4, 10, 23, 57, 132, 301, 701, 1654, 3719, 8786, 19983]...: 12969700: ACCEPTED IN 24 TRIES, (AVG 540404.1666666666)
[1, 4, 10, 23, 57, 132, 301, 701, 1654, 3719, 8786, 19987]...: 13513546: ACCEPTED IN 25 TRIES, (AVG 540541.84)
[1, 4, 10, 23, 57, 132, 301, 701, 1654, 3719, 8786, 19991]...: 19465332: ACCEPTED IN 36 TRIES, (AVG 540703.6666666666)
[1, 4, 10, 23, 57, 132, 301, 701, 1654, 3719, 8786, 20000]...: 8102351: ACCEPTED IN 15 TRIES, (AVG 540156.7333333333)
[1, 4, 10, 23, 57, 132, 301, 701, 1654, 3719, 8786, 20008]...: 16760226: ACCEPTED IN 31 TRIES, (AVG 540652.4516129033)
[1, 4, 10, 23, 57, 132, 301, 701, 1654, 3719, 8786, 20012]...: 17842712: ACCEPTED IN 33 TRIES, (AVG 540688.2424242424)
[1, 4, 10, 23, 57, 132, 301, 701, 1654, 3719, 8786, 20020]...: 10808642: ACCEPTED IN 20 TRIES, (AVG 540432.1)
[1, 4, 10, 23, 57, 132, 301, 701, 1654, 3719, 8786, 20024]...: 7561940: ACCEPTED IN 14 TRIES, (AVG 540138.5714285715)
[1, 4, 10, 23, 57, 132, 301, 701, 1654, 3719, 8786, 20028]...: 11890210: ACCEPTED IN 22 TRIES, (AVG 540464.0909090909)
[1, 4, 10, 23, 57, 132, 301, 701, 1654, 3719, 8786, 20041]...: 18384600: ACCEPTED IN 34 TRIES, (AVG 540723.5294117647)
[1, 4, 10, 23, 57, 132, 301, 701, 1654, 3719, 8786, 20045]...: 18383866: ACCEPTED IN 34 TRIES, (AVG 540701.9411764706)
[1, 4, 10, 23, 57, 132, 301, 701, 1654, 3719, 8786, 20049]...: 11348449: ACCEPTED IN 21 TRIES, (AVG 540402.3333333334)
[1, 4, 10, 23, 57, 132, 301, 701, 1654, 3719, 8786, 20053]...: 11887772: ACCEPTED IN 22 TRIES, (AVG 540353.2727272727)
[1, 4, 10, 23, 57, 132, 301, 701, 1654, 3719, 8786, 20057]...: 7560786: ACCEPTED IN 14 TRIES, (AVG 540056.1428571428)
[1, 4, 10, 23, 57, 132, 301, 701, 1654, 3719, 8786, 20061]...: 7560210: ACCEPTED IN 14 TRIES, (AVG 540015.0)
[1, 4, 10, 23, 57, 132, 301, 701, 1654, 3719, 8786, 20065]...: 4314963: ACCEPTED IN 8 TRIES, (AVG 539370.375)
[1, 4, 10, 23, 57, 132, 301, 701, 1654, 3719, 8786, 20078]...: 8643910: ACCEPTED IN 16 TRIES, (AVG 540244.375)
[1, 4, 10, 23, 57, 132, 301, 701, 1654, 3719, 8786, 20082]...: 9726601: ACCEPTED IN 18 TRIES, (AVG 540366.7222222222)
[1, 4, 10, 23, 57, 132, 301, 701, 1654, 3719, 8786, 20086]...: 16219087: ACCEPTED IN 30 TRIES, (AVG 540636.2333333333)
[1, 4, 10, 23, 57, 132, 301, 701, 1654, 3719, 8786, 20094]...: 8643964: ACCEPTED IN 16 TRIES, (AVG 540247.75)
[1, 4, 10, 23, 57, 132, 301, 701, 1654, 3719, 8786, 20098]...: 3773142: ACCEPTED IN 7 TRIES, (AVG 539020.2857142857)
[1, 4, 10, 23, 57, 132, 301, 701, 1654, 3719, 8786, 20106]...: 9185200: ACCEPTED IN 17 TRIES, (AVG 540305.8823529412)
[1, 4, 10, 23, 57, 132, 301, 701, 1654, 3719, 8786, 20115]...: 5397352: ACCEPTED IN 10 TRIES, (AVG 539735.2)
[1, 4, 10, 23, 57, 132, 301, 701, 1654, 3719, 8786, 20119]...: 4856074: ACCEPTED IN 9 TRIES, (AVG 539563.7777777778)
[1, 4, 10, 23, 57, 132, 301, 701, 1654, 3719, 8786, 20123]...: 8103088: ACCEPTED IN 15 TRIES, (AVG 540205.8666666667)
[1, 4, 10, 23, 57, 132, 301, 701, 1654, 3719, 8786, 20132]...: 5396599: ACCEPTED IN 10 TRIES, (AVG 539659.9)
[1, 4, 10, 23, 57, 132, 301, 701, 1654, 3719, 8786, 20135]...: 8103260: ACCEPTED IN 15 TRIES, (AVG 540217.3333333334)
[1, 4, 10, 23, 57, 132, 301, 701, 1654, 3719, 8786, 20140]...: 11889719: ACCEPTED IN 22 TRIES, (AVG 540441.7727272727)
[1, 4, 10, 23, 57, 132, 301, 701, 1654, 3719, 8786, 20144]...: 9184748: ACCEPTED IN 17 TRIES, (AVG 540279.2941176471)
[1, 4, 10, 23, 57, 132, 301, 701, 1654, 3719, 8786, 20152]...: 10267705: ACCEPTED IN 19 TRIES, (AVG 540405.5263157894)
[1, 4, 10, 23, 57, 132, 301, 701, 1654, 3719, 8786, 20156]...: 18925613: ACCEPTED IN 35 TRIES, (AVG 540731.8)
[1, 4, 10, 23, 57, 132, 301, 701, 1654, 3719, 8786, 20160]...: 10267519: ACCEPTED IN 19 TRIES, (AVG 540395.7368421053)
[1, 4, 10, 23, 57, 132, 301, 701, 1654, 3719, 8786, 20173]...: 11349450: ACCEPTED IN 21 TRIES, (AVG 540450.0)
[1, 4, 10, 23, 57, 132, 301, 701, 1654, 3719, 8786, 20177]...: 9725963: ACCEPTED IN 18 TRIES, (AVG 540331.2777777778)
[1, 4, 10, 23, 57, 132, 301, 701, 1654, 3719, 8786, 20181]...: 9725982: ACCEPTED IN 18 TRIES, (AVG 540332.3333333334)
[1, 4, 10, 23, 57, 132, 301, 701, 1654, 3719, 8786, 20185]...: 9185014: ACCEPTED IN 17 TRIES, (AVG 540294.9411764706)
[1, 4, 10, 23, 57, 132, 301, 701, 1654, 3719, 8786, 20189]...: 12971644: ACCEPTED IN 24 TRIES, (AVG 540485.1666666666)
[1, 4, 10, 23, 57, 132, 301, 701, 1654, 3719, 8786, 20193]...: 11349189: ACCEPTED IN 21 TRIES, (AVG 540437.5714285715)
[1, 4, 10, 23, 57, 132, 301, 701, 1654, 3719, 8786, 20197]...: 8101521: ACCEPTED IN 15 TRIES, (AVG 540101.4)
[1, 4, 10, 23, 57, 132, 301, 701, 1654, 3719, 8786, 20210]...: 5937569: ACCEPTED IN 11 TRIES, (AVG 539779.0)
[1, 4, 10, 23, 57, 132, 301, 701, 1654, 3719, 8786, 20214]...: 6479078: ACCEPTED IN 12 TRIES, (AVG 539923.1666666666)
[1, 4, 10, 23, 57, 132, 301, 701, 1654, 3719, 8786, 20218]...: 6479325: ACCEPTED IN 12 TRIES, (AVG 539943.75)
[1, 4, 10, 23, 57, 132, 301, 701, 1654, 3719, 8786, 20226]...: 5397340: ACCEPTED IN 10 TRIES, (AVG 539734.0)
[1, 4, 10, 23, 57, 132, 301, 701, 1654, 3719, 8786, 20230]...: 6479391: ACCEPTED IN 12 TRIES, (AVG 539949.25)
[1, 4, 10, 23, 57, 132, 301, 701, 1654, 3719, 8786, 20234]...: 4856217: ACCEPTED IN 9 TRIES, (AVG 539579.6666666666)
[1, 4, 10, 23, 57, 132, 301, 701, 1654, 3719, 8786, 20247]...: 6477875: ACCEPTED IN 12 TRIES, (AVG 539822.9166666666)
[1, 4, 10, 23, 57, 132, 301, 701, 1654, 3719, 8786, 20251]...: 6478472: ACCEPTED IN 12 TRIES, (AVG 539872.6666666666)
[1, 4, 10, 23, 57, 132, 301, 701, 1654, 3719, 8786, 20255]...: 13513624: ACCEPTED IN 25 TRIES, (AVG 540544.96)
[1, 4, 10, 23, 57, 132, 301, 701, 1654, 3719, 8786, 20264]...: 9185400: ACCEPTED IN 17 TRIES, (AVG 540317.6470588235)
[1, 4, 10, 23, 57, 132, 301, 701, 1654, 3719, 8786, 20267]...: 7561683: ACCEPTED IN 14 TRIES, (AVG 540120.2142857143)
[1, 4, 10, 23, 57, 132, 301, 701, 1654, 3719, 8786, 20272]...: 11890297: ACCEPTED IN 22 TRIES, (AVG 540468.0454545454)
[1, 4, 10, 23, 57, 132, 301, 701, 1654, 3719, 8786, 20276]...: 6476776: ACCEPTED IN 12 TRIES, (AVG 539731.3333333334)
[1, 4, 10, 23, 57, 132, 301, 701, 1654, 3719, 8786, 20284]...: 11891004: ACCEPTED IN 22 TRIES, (AVG 540500.1818181818)
[1, 4, 10, 23, 57, 132, 301, 701, 1654, 3719, 8786, 20288]...: 10265830: ACCEPTED IN 19 TRIES, (AVG 540306.8421052631)
[1, 4, 10, 23, 57, 132, 301, 701, 1654, 3719, 8786, 20292]...: 9185278: ACCEPTED IN 17 TRIES, (AVG 540310.4705882353)
[1, 4, 10, 23, 57, 132, 301, 701, 1654, 3719, 8786, 20301]...: 5396155: ACCEPTED IN 10 TRIES, (AVG 539615.5)
[1, 4, 10, 23, 57, 132, 301, 701, 1654, 3719, 8786, 20305]...: 9725878: ACCEPTED IN 18 TRIES, (AVG 540326.5555555555)
[1, 4, 10, 23, 57, 132, 301, 701, 1654, 3719, 8786, 20309]...: 10267219: ACCEPTED IN 19 TRIES, (AVG 540379.947368421)
[1, 4, 10, 23, 57, 132, 301, 701, 1654, 3719, 8786, 20313]...: 11347978: ACCEPTED IN 21 TRIES, (AVG 540379.9047619047)
[1, 4, 10, 23, 57, 132, 301, 701, 1654, 3719, 8786, 20317]...: 10267751: ACCEPTED IN 19 TRIES, (AVG 540407.947368421)
[1, 4, 10, 23, 57, 132, 301, 701, 1654, 3719, 8786, 20321]...: 12432187: ACCEPTED IN 23 TRIES, (AVG 540529.8695652174)
[1, 4, 10, 23, 57, 132, 301, 701, 1654, 3719, 8786, 20325]...: 11349275: ACCEPTED IN 21 TRIES, (AVG 540441.6666666666)
[1, 4, 10, 23, 57, 132, 301, 701, 1654, 3719, 8786, 20329]...: 4854792: ACCEPTED IN 9 TRIES, (AVG 539421.3333333334)
[1, 4, 10, 23, 57, 132, 301, 701, 1654, 3719, 8786, 20342]...: 11891117: ACCEPTED IN 22 TRIES, (AVG 540505.3181818182)
[1, 4, 10, 23, 57, 132, 301, 701, 1654, 3719, 8786, 20346]...: 10265276: ACCEPTED IN 19 TRIES, (AVG 540277.6842105263)
[1, 4, 10, 23, 57, 132, 301, 701, 1654, 3719, 8786, 20350]...: 10266905: ACCEPTED IN 19 TRIES, (AVG 540363.4210526316)
[1, 4, 10, 23, 57, 132, 301, 701, 1654, 3719, 8786, 20358]...: 9724645: ACCEPTED IN 18 TRIES, (AVG 540258.0555555555)
[1, 4, 10, 23, 57, 132, 301, 701, 1654, 3719, 8786, 20362]...: 11348681: ACCEPTED IN 21 TRIES, (AVG 540413.380952381)
[1, 4, 10, 23, 57, 132, 301, 701, 1654, 3719, 8786, 20366]...: 6479635: ACCEPTED IN 12 TRIES, (AVG 539969.5833333334)
[1, 4, 10, 23, 57, 132, 301, 701, 1654, 3719, 8786, 20379]...: 4854994: ACCEPTED IN 9 TRIES, (AVG 539443.7777777778)
[1, 4, 10, 23, 57, 132, 301, 701, 1654, 3719, 8786, 20383]...: 5938080: ACCEPTED IN 11 TRIES, (AVG 539825.4545454546)
[1, 4, 10, 23, 57, 132, 301, 701, 1654, 3719, 8786, 20387]...: 8643422: ACCEPTED IN 16 TRIES, (AVG 540213.875)
[1, 4, 10, 23, 57, 132, 301, 701, 1654, 3719, 8786, 20396]...: 10266636: ACCEPTED IN 19 TRIES, (AVG 540349.2631578947)
[1, 4, 10, 23, 57, 132, 301, 701, 1654, 3719, 8786, 20399]...: 5397547: ACCEPTED IN 10 TRIES, (AVG 539754.7)
[1, 4, 10, 23, 57, 132, 301, 701, 1654, 3719, 8786, 20408]...: 12972109: ACCEPTED IN 24 TRIES, (AVG 540504.5416666666)
[1, 4, 10, 23, 57, 132, 301, 701, 1654, 3719, 8786, 20416]...: 8643629: ACCEPTED IN 16 TRIES, (AVG 540226.8125)
[1, 4, 10, 23, 57, 132, 301, 701, 1654, 3719, 8786, 20420]...: 5937601: ACCEPTED IN 11 TRIES, (AVG 539781.9090909091)
[1, 4, 10, 23, 57, 132, 301, 701, 1654, 3719, 8786, 20424]...: 13513852: ACCEPTED IN 25 TRIES, (AVG 540554.08)
[1, 4, 10, 23, 57, 132, 301, 701, 1654, 3719, 8786, 20433]...: 6478739: ACCEPTED IN 12 TRIES, (AVG 539894.9166666666)
[1, 4, 10, 23, 57, 132, 301, 701, 1654, 3719, 8786, 20437]...: 13512967: ACCEPTED IN 25 TRIES, (AVG 540518.68)
[1, 4, 10, 23, 57, 132, 301, 701, 1654, 3719, 8786, 20441]...: 6478771: ACCEPTED IN 12 TRIES, (AVG 539897.5833333334)
[1, 4, 10, 23, 57, 132, 301, 701, 1654, 3719, 8786, 20445]...: 7561768: ACCEPTED IN 14 TRIES, (AVG 540126.2857142857)
[1, 4, 10, 23, 57, 132, 301, 701, 1654, 3719, 8786, 20449]...: 4854896: ACCEPTED IN 9 TRIES, (AVG 539432.8888888889)
[1, 4, 10, 23, 57, 132, 301, 701, 1654, 3719, 8786, 20453]...: 8644016: ACCEPTED IN 16 TRIES, (AVG 540251.0)
[1, 4, 10, 23, 57, 132, 301, 701, 1654, 3719, 8786, 20457]...: 16760552: ACCEPTED IN 31 TRIES, (AVG 540662.9677419355)
[1, 4, 10, 23, 57, 132, 301, 701, 1654, 3719, 8786, 20461]...: 11348845: ACCEPTED IN 21 TRIES, (AVG 540421.1904761905)
[1, 4, 10, 23, 57, 132, 301, 701, 1654, 3719, 8786, 20474]...: 5394637: ACCEPTED IN 10 TRIES, (AVG 539463.7)
[1, 4, 10, 23, 57, 132, 301, 701, 1654, 3719, 8786, 20478]...: 12973222: ACCEPTED IN 24 TRIES, (AVG 540550.9166666666)
[1, 4, 10, 23, 57, 132, 301, 701, 1654, 3719, 8786, 20482]...: 13514027: ACCEPTED IN 25 TRIES, (AVG 540561.08)
[1, 4, 10, 23, 57, 132, 301, 701, 1654, 3719, 8786, 20486]...: 10808737: ACCEPTED IN 20 TRIES, (AVG 540436.85)
[1, 4, 10, 23, 57, 132, 301, 701, 1654, 3719, 8786, 20490]...: 10265666: ACCEPTED IN 19 TRIES, (AVG 540298.2105263158)
[1, 4, 10, 23, 57, 132, 301, 701, 1654, 3719, 8786, 20494]...: 6479677: ACCEPTED IN 12 TRIES, (AVG 539973.0833333334)
[1, 4, 10, 23, 57, 132, 301, 701, 1654, 3719, 8786, 20498]...: 10266201: ACCEPTED IN 19 TRIES, (AVG 540326.3684210526)
[1, 4, 10, 23, 57, 132, 301, 701, 1654, 3719, 8786, 20511]...: 7020983: ACCEPTED IN 13 TRIES, (AVG 540075.6153846154)
[1, 4, 10, 23, 57, 132, 301, 701, 1654, 3719, 8786, 20515]...: 8103003: ACCEPTED IN 15 TRIES, (AVG 540200.2)
[1, 4, 10, 23, 57, 132, 301, 701, 1654, 3719, 8786, 20516]...: 11890894: ACCEPTED IN 22 TRIES, (AVG 540495.1818181818)
[1, 4, 10, 23, 57, 132, 301, 701, 1654, 3719, 8786, 20519]...: 11348618: ACCEPTED IN 21 TRIES, (AVG 540410.380952381)
[1, 4, 10, 23, 57, 132, 301, 701, 1654, 3719, 8786, 20528]...: 11890045: ACCEPTED IN 22 TRIES, (AVG 540456.5909090909)
[1, 4, 10, 23, 57, 132, 301, 701, 1654, 3719, 8786, 20531]...: 10266376: ACCEPTED IN 19 TRIES, (AVG 540335.5789473684)
[1, 4, 10, 23, 57, 132, 301, 701, 1654, 3719, 8786, 20535]...: 9185287: ACCEPTED IN 17 TRIES, (AVG 540311.0)
[1, 4, 10, 23, 57, 132, 301, 701, 1654, 3719, 8786, 20540]...: 6478236: ACCEPTED IN 12 TRIES, (AVG 539853.0)
[1, 4, 10, 23, 57, 132, 301, 701, 1654, 3719, 8786, 20548]...: 4855907: ACCEPTED IN 9 TRIES, (AVG 539545.2222222222)
[1, 4, 10, 23, 57, 132, 301, 701, 1654, 3719, 8786, 20552]...: 11888649: ACCEPTED IN 22 TRIES, (AVG 540393.1363636364)
[1, 4, 10, 23, 57, 132, 301, 701, 1654, 3719, 8786, 20556]...: 8642780: ACCEPTED IN 16 TRIES, (AVG 540173.75)
[1, 4, 10, 23, 57, 132, 301, 701, 1654, 3719, 8786, 20565]...: 6479698: ACCEPTED IN 12 TRIES, (AVG 539974.8333333334)
[1, 4, 10, 23, 57, 132, 301, 701, 1654, 3719, 8786, 20569]...: 7561909: ACCEPTED IN 14 TRIES, (AVG 540136.3571428572)
[1, 4, 10, 23, 57, 132, 301, 701, 1654, 3719, 8786, 20573]...: 12972998: ACCEPTED IN 24 TRIES, (AVG 540541.5833333334)
[1, 4, 10, 23, 57, 132, 301, 701, 1654, 3719, 8786, 20577]...: 7020656: ACCEPTED IN 13 TRIES, (AVG 540050.4615384615)
[1, 4, 10, 23, 57, 132, 301, 701, 1654, 3719, 8786, 20581]...: 5395041: ACCEPTED IN 10 TRIES, (AVG 539504.1)
[1, 4, 10, 23, 57, 132, 301, 701, 1654, 3719, 8786, 20585]...: 11888699: ACCEPTED IN 22 TRIES, (AVG 540395.4090909091)
[1, 4, 10, 23, 57, 132, 301, 701, 1654, 3719, 8786, 20589]...: 9184115: ACCEPTED IN 17 TRIES, (AVG 540242.0588235294)
[1, 4, 10, 23, 57, 132, 301, 701, 1654, 3719, 8786, 20593]...: 8643355: ACCEPTED IN 16 TRIES, (AVG 540209.6875)
[1, 4, 10, 23, 57, 132, 301, 701, 1654, 3719, 8786, 20602]...: 5395283: ACCEPTED IN 10 TRIES, (AVG 539528.3)
[1, 4, 10, 23, 57, 132, 301, 701, 1654, 3719, 8786, 20606]...: 12972400: ACCEPTED IN 24 TRIES, (AVG 540516.6666666666)
[1, 4, 10, 23, 57, 132, 301, 701, 1654, 3719, 8786, 20610]...: 10808752: ACCEPTED IN 20 TRIES, (AVG 540437.6)
[1, 4, 10, 23, 57, 132, 301, 701, 1654, 3719, 8786, 20614]...: 8102065: ACCEPTED IN 15 TRIES, (AVG 540137.6666666666)
[1, 4, 10, 23, 57, 132, 301, 701, 1654, 3719, 8786, 20618]...: 4855348: ACCEPTED IN 9 TRIES, (AVG 539483.1111111111)
[1, 4, 10, 23, 57, 132, 301, 701, 1654, 3719, 8786, 20622]...: 10808612: ACCEPTED IN 20 TRIES, (AVG 540430.6)
[1, 4, 10, 23, 57, 132, 301, 701, 1654, 3719, 8786, 20626]...: 8644067: ACCEPTED IN 16 TRIES, (AVG 540254.1875)
[1, 4, 10, 23, 57, 132, 301, 701, 1654, 3719, 8786, 20630]...: 16219644: ACCEPTED IN 30 TRIES, (AVG 540654.8)
[1, 4, 10, 23, 57, 132, 301, 701, 1654, 3719, 8786, 20643]...: 7562040: ACCEPTED IN 14 TRIES, (AVG 540145.7142857143)
[1, 4, 10, 23, 57, 132, 301, 701, 1654, 3719, 8786, 20647]...: 7561502: ACCEPTED IN 14 TRIES, (AVG 540107.2857142857)
[1, 4, 10, 23, 57, 132, 301, 701, 1654, 3719, 8786, 20648]...: 10262798: ACCEPTED IN 19 TRIES, (AVG 540147.2631578947)
[1, 4, 10, 23, 57, 132, 301, 701, 1654, 3719, 8786, 20651]...: 11888696: ACCEPTED IN 22 TRIES, (AVG 540395.2727272727)
[1, 4, 10, 23, 57, 132, 301, 701, 1654, 3719, 8786, 20660]...: 12972566: ACCEPTED IN 24 TRIES, (AVG 540523.5833333334)
[1, 4, 10, 23, 57, 132, 301, 701, 1654, 3719, 8786, 20663]...: 7561988: ACCEPTED IN 14 TRIES, (AVG 540142.0)
[1, 4, 10, 23, 57, 132, 301, 701, 1654, 3719, 8786, 20667]...: 10808375: ACCEPTED IN 20 TRIES, (AVG 540418.75)
[1, 4, 10, 23, 57, 132, 301, 701, 1654, 3719, 8786, 20672]...: 8101602: ACCEPTED IN 15 TRIES, (AVG 540106.8)
[1, 4, 10, 23, 57, 132, 301, 701, 1654, 3719, 8786, 20680]...: 9726506: ACCEPTED IN 18 TRIES, (AVG 540361.4444444445)
[1, 4, 10, 23, 57, 132, 301, 701, 1654, 3719, 8786, 20684]...: 5396253: ACCEPTED IN 10 TRIES, (AVG 539625.3)
[1, 4, 10, 23, 57, 132, 301, 701, 1654, 3719, 8786, 20697]...: 10267635: ACCEPTED IN 19 TRIES, (AVG 540401.8421052631)
[1, 4, 10, 23, 57, 132, 301, 701, 1654, 3719, 8786, 20701]...: 3230236: ACCEPTED IN 6 TRIES, (AVG 538372.6666666666)
[1, 4, 10, 23, 57, 132, 301, 701, 1654, 3719, 8786, 20709]...: 10267666: ACCEPTED IN 19 TRIES, (AVG 540403.4736842106)
[1, 4, 10, 23, 57, 132, 301, 701, 1654, 3719, 8786, 20713]...: 13512808: ACCEPTED IN 25 TRIES, (AVG 540512.32)
[1, 4, 10, 23, 57, 132, 301, 701, 1654, 3719, 8786, 20717]...: 5396146: ACCEPTED IN 10 TRIES, (AVG 539614.6)
[1, 4, 10, 23, 57, 132, 301, 701, 1654, 3719, 8786, 20721]...: 10806359: ACCEPTED IN 20 TRIES, (AVG 540317.95)
[1, 4, 10, 23, 57, 132, 301, 701, 1654, 3719, 8786, 20725]...: 9184513: ACCEPTED IN 17 TRIES, (AVG 540265.4705882353)
[1, 4, 10, 23, 57, 132, 301, 701, 1654, 3719, 8786, 20734]...: 3774123: ACCEPTED IN 7 TRIES, (AVG 539160.4285714285)
[1, 4, 10, 23, 57, 132, 301, 701, 1654, 3719, 8786, 20738]...: 12972704: ACCEPTED IN 24 TRIES, (AVG 540529.3333333334)
[1, 4, 10, 23, 57, 132, 301, 701, 1654, 3719, 8786, 20742]...: 4856109: ACCEPTED IN 9 TRIES, (AVG 539567.6666666666)
[1, 4, 10, 23, 57, 132, 301, 701, 1654, 3719, 8786, 20746]...: 9183748: ACCEPTED IN 17 TRIES, (AVG 540220.4705882353)
[1, 4, 10, 23, 57, 132, 301, 701, 1654, 3719, 8786, 20750]...: 6479545: ACCEPTED IN 12 TRIES, (AVG 539962.0833333334)
[1, 4, 10, 23, 57, 132, 301, 701, 1654, 3719, 8786, 20754]...: 11889860: ACCEPTED IN 22 TRIES, (AVG 540448.1818181818)
[1, 4, 10, 23, 57, 132, 301, 701, 1654, 3719, 8786, 20758]...: 9183816: ACCEPTED IN 17 TRIES, (AVG 540224.4705882353)
[1, 4, 10, 23, 57, 132, 301, 701, 1654, 3719, 8786, 20762]...: 7561054: ACCEPTED IN 14 TRIES, (AVG 540075.2857142857)
[1, 4, 10, 23, 57, 132, 301, 701, 1654, 3719, 8786, 20775]...: 9726493: ACCEPTED IN 18 TRIES, (AVG 540360.7222222222)
[1, 4, 10, 23, 57, 132, 301, 701, 1654, 3719, 8786, 20779]...: 11890156: ACCEPTED IN 22 TRIES, (AVG 540461.6363636364)
[1, 4, 10, 23, 57, 132, 301, 701, 1654, 3719, 8786, 20780]...: 8102889: ACCEPTED IN 15 TRIES, (AVG 540192.6)
[1, 4, 10, 23, 57, 132, 301, 701, 1654, 3719, 8786, 20783]...: 8643165: ACCEPTED IN 16 TRIES, (AVG 540197.8125)
[1, 4, 10, 23, 57, 132, 301, 701, 1654, 3719, 8786, 20787]...: 11889787: ACCEPTED IN 22 TRIES, (AVG 540444.8636363636)
[1, 4, 10, 23, 57, 132, 301, 701, 1654, 3719, 8786, 20792]...: 12973165: ACCEPTED IN 24 TRIES, (AVG 540548.5416666666)
[1, 4, 10, 23, 57, 132, 301, 701, 1654, 3719, 8786, 20795]...: 6479643: ACCEPTED IN 12 TRIES, (AVG 539970.25)
[1, 4, 10, 23, 57, 132, 301, 701, 1654, 3719, 8786, 20799]...: 11890756: ACCEPTED IN 22 TRIES, (AVG 540488.9090909091)
[1, 4, 10, 23, 57, 132, 301, 701, 1654, 3719, 8786, 20812]...: 11890143: ACCEPTED IN 22 TRIES, (AVG 540461.0454545454)
[1, 4, 10, 23, 57, 132, 301, 701, 1654, 3719, 8786, 20816]...: 4314702: ACCEPTED IN 8 TRIES, (AVG 539337.75)
[1, 4, 10, 23, 57, 132, 301, 701, 1654, 3719, 8786, 20817]...: 4856042: ACCEPTED IN 9 TRIES, (AVG 539560.2222222222)
[1, 4, 10, 23, 57, 132, 301, 701, 1654, 3719, 8786, 20829]...: 11348861: ACCEPTED IN 21 TRIES, (AVG 540421.9523809524)
[1, 4, 10, 23, 57, 132, 301, 701, 1654, 3719, 8786, 20833]...: 5937659: ACCEPTED IN 11 TRIES, (AVG 539787.1818181818)
[1, 4, 10, 23, 57, 132, 301, 701, 1654, 3719, 8786, 20836]...: 4856380: ACCEPTED IN 9 TRIES, (AVG 539597.7777777778)
[1, 4, 10, 23, 57, 132, 301, 701, 1654, 3719, 8786, 20841]...: 9185218: ACCEPTED IN 17 TRIES, (AVG 540306.9411764706)
[1, 4, 10, 23, 57, 132, 301, 701, 1654, 3719, 8786, 20845]...: 5393855: ACCEPTED IN 10 TRIES, (AVG 539385.5)
[1, 4, 10, 23, 57, 132, 301, 701, 1654, 3719, 8786, 20849]...: 6475736: ACCEPTED IN 12 TRIES, (AVG 539644.6666666666)
[1, 4, 10, 23, 57, 132, 301, 701, 1654, 3719, 8786, 20853]...: 10266671: ACCEPTED IN 19 TRIES, (AVG 540351.1052631579)
[1, 4, 10, 23, 57, 132, 301, 701, 1654, 3719, 8786, 20857]...: 8103244: ACCEPTED IN 15 TRIES, (AVG 540216.2666666667)
[1, 4, 10, 23, 57, 132, 301, 701, 1654, 3719, 8786, 20866]...: 4855544: ACCEPTED IN 9 TRIES, (AVG 539504.8888888889)
[1, 4, 10, 23, 57, 132, 301, 701, 1654, 3719, 8786, 20870]...: 5397295: ACCEPTED IN 10 TRIES, (AVG 539729.5)
[1, 4, 10, 23, 57, 132, 301, 701, 1654, 3719, 8786, 20874]...: 10808248: ACCEPTED IN 20 TRIES, (AVG 540412.4)
[1, 4, 10, 23, 57, 132, 301, 701, 1654, 3719, 8786, 20878]...: 7561886: ACCEPTED IN 14 TRIES, (AVG 540134.7142857143)
[1, 4, 10, 23, 57, 132, 301, 701, 1654, 3719, 8786, 20882]...: 8101417: ACCEPTED IN 15 TRIES, (AVG 540094.4666666667)
[1, 4, 10, 23, 57, 132, 301, 701, 1654, 3719, 8786, 20886]...: 19465494: ACCEPTED IN 36 TRIES, (AVG 540708.1666666666)
[1, 4, 10, 23, 57, 132, 301, 701, 1654, 3719, 8786, 20890]...: 8103048: ACCEPTED IN 15 TRIES, (AVG 540203.2)
[1, 4, 10, 23, 57, 132, 301, 701, 1654, 3719, 8786, 20894]...: 6478956: ACCEPTED IN 12 TRIES, (AVG 539913.0)
[1, 4, 10, 23, 57, 132, 301, 701, 1654, 3719, 8786, 20903]...: 9725782: ACCEPTED IN 18 TRIES, (AVG 540321.2222222222)
[1, 4, 10, 23, 57, 132, 301, 701, 1654, 3719, 8786, 20907]...: 8644241: ACCEPTED IN 16 TRIES, (AVG 540265.0625)
[1, 4, 10, 23, 57, 132, 301, 701, 1654, 3719, 8786, 20911]...: 15137399: ACCEPTED IN 28 TRIES, (AVG 540621.3928571428)
[1, 4, 10, 23, 57, 132, 301, 701, 1654, 3719, 8786, 20912]...: 10267066: ACCEPTED IN 19 TRIES, (AVG 540371.8947368421)
[1, 4, 10, 23, 57, 132, 301, 701, 1654, 3719, 8786, 20915]...: 6478851: ACCEPTED IN 12 TRIES, (AVG 539904.25)
[1, 4, 10, 23, 57, 132, 301, 701, 1654, 3719, 8786, 20919]...: 8101531: ACCEPTED IN 15 TRIES, (AVG 540102.0666666667)
[1, 4, 10, 23, 57, 132, 301, 701, 1654, 3719, 8786, 20924]...: 10266192: ACCEPTED IN 19 TRIES, (AVG 540325.8947368421)
[1, 4, 10, 23, 57, 132, 301, 701, 1654, 3719, 8786, 20927]...: 8102464: ACCEPTED IN 15 TRIES, (AVG 540164.2666666667)
[1, 4, 10, 23, 57, 132, 301, 701, 1654, 3719, 8786, 20931]...: 7560556: ACCEPTED IN 14 TRIES, (AVG 540039.7142857143)
[1, 4, 10, 23, 57, 132, 301, 701, 1654, 3719, 8786, 20944]...: 4315197: ACCEPTED IN 8 TRIES, (AVG 539399.625)
[1, 4, 10, 23, 57, 132, 301, 701, 1654, 3719, 8786, 20948]...: 5395477: ACCEPTED IN 10 TRIES, (AVG 539547.7)
[1, 4, 10, 23, 57, 132, 301, 701, 1654, 3719, 8786, 20949]...: 8643482: ACCEPTED IN 16 TRIES, (AVG 540217.625)
[1, 4, 10, 23, 57, 132, 301, 701, 1654, 3719, 8786, 20953]...: 7561819: ACCEPTED IN 14 TRIES, (AVG 540129.9285714285)
[1, 4, 10, 23, 57, 132, 301, 701, 1654, 3719, 8786, 20961]...: 12431943: ACCEPTED IN 23 TRIES, (AVG 540519.2608695652)
[1, 4, 10, 23, 57, 132, 301, 701, 1654, 3719, 8786, 20965]...: 11890053: ACCEPTED IN 22 TRIES, (AVG 540456.9545454546)
[1, 4, 10, 23, 57, 132, 301, 701, 1654, 3719, 8786, 20968]...: 5396526: ACCEPTED IN 10 TRIES, (AVG 539652.6)
[1, 4, 10, 23, 57, 132, 301, 701, 1654, 3719, 8786, 20973]...: 10265626: ACCEPTED IN 19 TRIES, (AVG 540296.1052631579)
[1, 4, 10, 23, 57, 132, 301, 701, 1654, 3719, 8786, 20977]...: 9725618: ACCEPTED IN 18 TRIES, (AVG 540312.1111111111)
[1, 4, 10, 23, 57, 132, 301, 701, 1654, 3719, 8786, 20981]...: 8102329: ACCEPTED IN 15 TRIES, (AVG 540155.2666666667)
[1, 4, 10, 23, 57, 132, 301, 701, 1654, 3719, 8786, 20985]...: 6478571: ACCEPTED IN 12 TRIES, (AVG 539880.9166666666)
[1, 4, 10, 23, 57, 132, 301, 701, 1654, 3719, 8786, 20998]...: 7560944: ACCEPTED IN 14 TRIES, (AVG 540067.4285714285)
[1, 4, 10, 23, 57, 132, 301, 701, 1654, 3719, 8786, 21002]...: 7560697: ACCEPTED IN 14 TRIES, (AVG 540049.7857142857)
[1, 4, 10, 23, 57, 132, 301, 701, 1654, 3719, 8786, 21006]...: 10807732: ACCEPTED IN 20 TRIES, (AVG 540386.6)
[1, 4, 10, 23, 57, 132, 301, 701, 1654, 3719, 8786, 21010]...: 4854292: ACCEPTED IN 9 TRIES, (AVG 539365.7777777778)
[1, 4, 10, 23, 57, 132, 301, 701, 1654, 3719, 8786, 21014]...: 4855054: ACCEPTED IN 9 TRIES, (AVG 539450.4444444445)
[1, 4, 10, 23, 57, 132, 301, 701, 1654, 3719, 8786, 21018]...: 12431992: ACCEPTED IN 23 TRIES, (AVG 540521.3913043478)
[1, 4, 10, 23, 57, 132, 301, 701, 1654, 3719, 8786, 21022]...: 8100311: ACCEPTED IN 15 TRIES, (AVG 540020.7333333333)
[1, 4, 10, 23, 57, 132, 301, 701, 1654, 3719, 8786, 21026]...: 6477542: ACCEPTED IN 12 TRIES, (AVG 539795.1666666666)
[1, 4, 10, 23, 57, 132, 301, 701, 1654, 3719, 8786, 21035]...: 12973453: ACCEPTED IN 24 TRIES, (AVG 540560.5416666666)
[1, 4, 10, 23, 57, 132, 301, 701, 1654, 3719, 8786, 21039]...: 5396984: ACCEPTED IN 10 TRIES, (AVG 539698.4)
[1, 4, 10, 23, 57, 132, 301, 701, 1654, 3719, 8786, 21043]...: 10267157: ACCEPTED IN 19 TRIES, (AVG 540376.6842105263)
[1, 4, 10, 23, 57, 132, 301, 701, 1654, 3719, 8786, 21044]...: 4853999: ACCEPTED IN 9 TRIES, (AVG 539333.2222222222)
[1, 4, 10, 23, 57, 132, 301, 701, 1654, 3719, 8786, 21047]...: 4313034: ACCEPTED IN 8 TRIES, (AVG 539129.25)
[1, 4, 10, 23, 57, 132, 301, 701, 1654, 3719, 8786, 21051]...: 4854655: ACCEPTED IN 9 TRIES, (AVG 539406.1111111111)
[1, 4, 10, 23, 57, 132, 301, 701, 1654, 3719, 8786, 21056]...: 4855553: ACCEPTED IN 9 TRIES, (AVG 539505.8888888889)
[1, 4, 10, 23, 57, 132, 301, 701, 1654, 3719, 8786, 21059]...: 10266308: ACCEPTED IN 19 TRIES, (AVG 540332.0)
[1, 4, 10, 23, 57, 132, 301, 701, 1654, 3719, 8786, 21063]...: 6476650: ACCEPTED IN 12 TRIES, (AVG 539720.8333333334)
[1, 4, 10, 23, 57, 132, 301, 701, 1654, 3719, 8786, 21076]...: 5393741: ACCEPTED IN 10 TRIES, (AVG 539374.1)
[1, 4, 10, 23, 57, 132, 301, 701, 1654, 3719, 8786, 21080]...: 11889610: ACCEPTED IN 22 TRIES, (AVG 540436.8181818182)
[1, 4, 10, 23, 57, 132, 301, 701, 1654, 3719, 8786, 21081]...: 11349703: ACCEPTED IN 21 TRIES, (AVG 540462.0476190476)
[1, 4, 10, 23, 57, 132, 301, 701, 1654, 3719, 8786, 21085]...: 11890339: ACCEPTED IN 22 TRIES, (AVG 540469.9545454546)
