[1, 4, 10, 23, 57, 132, 301, 701, 1636, 3889, 8682, 19150]...: 537562: ACCEPTED IN 1 TRIES, (AVG 537562.0)
[1, 4, 10, 23, 57, 132, 301, 701, 1636, 3889, 8682, 19289]...: 536015: ACCEPTED IN 1 TRIES, (AVG 536015.0)
[1, 4, 10, 23, 57, 132, 301, 701, 1636, 3889, 8682, 19325]...: 1076729: ACCEPTED IN 2 TRIES, (AVG 538364.5)
[1, 4, 10, 23, 57, 132, 301, 701, 1636, 3889, 8682, 19417]...: 537197: ACCEPTED IN 1 TRIES, (AVG 537197.0)
[1, 4, 10, 23, 57, 132, 301, 701, 1636, 3889, 8682, 19446]...: 1076897: ACCEPTED IN 2 TRIES, (AVG 538448.5)
[1, 4, 10, 23, 57, 132, 301, 701, 1636, 3889, 8682, 19520]...: 2156163: ACCEPTED IN 4 TRIES, (AVG 539040.75)
[1, 4, 10, 23, 57, 132, 301, 701, 1636, 3889, 8682, 19524]...: 1616503: ACCEPTED IN 3 TRIES, (AVG 538834.3333333334)
[1, 4, 10, 23, 57, 132, 301, 701, 1636, 3889, 8682, 19658]...: 537184: ACCEPTED IN 1 TRIES, (AVG 537184.0)
[1, 4, 10, 23, 57, 132, 301, 701, 1636, 3889, 8682, 19723]...: 2695311: ACCEPTED IN 5 TRIES, (AVG 539062.2)
[1, 4, 10, 23, 57, 132, 301, 701, 1636, 3889, 8682, 19884]...: 1616595: ACCEPTED IN 3 TRIES, (AVG 538865.0)
[1, 4, 10, 23, 57, 132, 301, 701, 1636, 3889, 8682, 19891]...: 1076639: ACCEPTED IN 2 TRIES, (AVG 538319.5)
[1, 4, 10, 23, 57, 132, 301, 701, 1636, 3889, 8682, 20191]...: 1076926: ACCEPTED IN 2 TRIES, (AVG 538463.0)
[1, 4, 10, 23, 57, 132, 301, 701, 1636, 3889, 8682, 20260]...: 1616724: ACCEPTED IN 3 TRIES, (AVG 538908.0)
[1, 4, 10, 23, 57, 132, 301, 701, 1636, 3889, 8682, 20288]...: 3774067: ACCEPTED IN 7 TRIES, (AVG 539152.4285714285)
[1, 4, 10, 23, 57, 132, 301, 701, 1636, 3889, 8682, 20356]...: 2694792: ACCEPTED IN 5 TRIES, (AVG 538958.4)
[1, 4, 10, 23, 57, 132, 301, 701, 1636, 3889, 8682, 20358]...: 1076993: ACCEPTED IN 2 TRIES, (AVG 538496.5)
[1, 4, 10, 23, 57, 132, 301, 701, 1636, 3889, 8682, 20359]...: 1615019: ACCEPTED IN 3 TRIES, (AVG 538339.6666666666)
[1, 4, 10, 23, 57, 132, 301, 701, 1636, 3889, 8682, 20786]...: 1615412: ACCEPTED IN 3 TRIES, (AVG 538470.6666666666)
[1, 4, 10, 23, 57, 132, 301, 701, 1636, 3889, 8682, 20823]...: 1076328: ACCEPTED IN 2 TRIES, (AVG 538164.0)
[1, 4, 10, 23, 57, 132, 301, 701, 1636, 3889, 8682, 20824]...: 537320: ACCEPTED IN 1 TRIES, (AVG 537320.0)
