[1, 4, 10, 23, 57, 132, 301, 701, 1636, 3819, 8569, 18884]...: 24876574: ACCEPTED IN 46 TRIES, (AVG 540795.0869565217)
[1, 4, 10, 23, 57, 132, 301, 701, 1636, 3819, 8569, 18886]...: 34077109: ACCEPTED IN 63 TRIES, (AVG 540906.4920634921)
[1, 4, 10, 23, 57, 132, 301, 701, 1636, 3819, 8569, 18917]...: 32454231: ACCEPTED IN 60 TRIES, (AVG 540903.85)
[1, 4, 10, 23, 57, 132, 301, 701, 1636, 3819, 8569, 18921]...: 34073170: ACCEPTED IN 63 TRIES, (AVG 540843.9682539683)
[1, 4, 10, 23, 57, 132, 301, 701, 1636, 3819, 8569, 18963]...: 8102209: ACCEPTED IN 15 TRIES, (AVG 540147.2666666667)
[1, 4, 10, 23, 57, 132, 301, 701, 1636, 3819, 8569, 18986]...: 44357703: ACCEPTED IN 82 TRIES, (AVG 540947.5975609756)
[1, 4, 10, 23, 57, 132, 301, 701, 1636, 3819, 8569, 19018]...: 24336838: ACCEPTED IN 45 TRIES, (AVG 540818.6222222223)
[1, 4, 10, 23, 57, 132, 301, 701, 1636, 3819, 8569, 19020]...: 59511103: ACCEPTED IN 110 TRIES, (AVG 541010.0272727272)
[1, 4, 10, 23, 57, 132, 301, 701, 1636, 3819, 8569, 19052]...: 25418233: ACCEPTED IN 47 TRIES, (AVG 540813.4680851063)
[1, 4, 10, 23, 57, 132, 301, 701, 1636, 3819, 8569, 19053]...: 11890759: ACCEPTED IN 22 TRIES, (AVG 540489.0454545454)
[1, 4, 10, 23, 57, 132, 301, 701, 1636, 3819, 8569, 19118]...: 18384495: ACCEPTED IN 34 TRIES, (AVG 540720.4411764706)
[1, 4, 10, 23, 57, 132, 301, 701, 1636, 3819, 8569, 19119]...: 25419156: ACCEPTED IN 47 TRIES, (AVG 540833.1063829787)
[1, 4, 10, 23, 57, 132, 301, 701, 1636, 3819, 8569, 19150]...: 17843042: ACCEPTED IN 33 TRIES, (AVG 540698.2424242424)
[1, 4, 10, 23, 57, 132, 301, 701, 1636, 3819, 8569, 19185]...: 36783046: ACCEPTED IN 68 TRIES, (AVG 540927.1470588235)
[1, 4, 10, 23, 57, 132, 301, 701, 1636, 3819, 8569, 19187]...: 57884088: ACCEPTED IN 107 TRIES, (AVG 540972.785046729)
[1, 4, 10, 23, 57, 132, 301, 701, 1636, 3819, 8569, 19218]...: 34618131: ACCEPTED IN 64 TRIES, (AVG 540908.296875)
[1, 4, 10, 23, 57, 132, 301, 701, 1636, 3819, 8569, 19254]...: 20548515: ACCEPTED IN 38 TRIES, (AVG 540750.3947368421)
[1, 4, 10, 23, 57, 132, 301, 701, 1636, 3819, 8569, 19286]...: 25960573: ACCEPTED IN 48 TRIES, (AVG 540845.2708333334)
[1, 4, 10, 23, 57, 132, 301, 701, 1636, 3819, 8569, 19287]...: 12973316: ACCEPTED IN 24 TRIES, (AVG 540554.8333333334)
[1, 4, 10, 23, 57, 132, 301, 701, 1636, 3819, 8569, 19317]...: 41111707: ACCEPTED IN 76 TRIES, (AVG 540943.5131578947)
[1, 4, 10, 23, 57, 132, 301, 701, 1636, 3819, 8569, 19319]...: 4314195: ACCEPTED IN 8 TRIES, (AVG 539274.375)
[1, 4, 10, 23, 57, 132, 301, 701, 1636, 3819, 8569, 19353]...: 34076442: ACCEPTED IN 63 TRIES, (AVG 540895.9047619047)
[1, 4, 10, 23, 57, 132, 301, 701, 1636, 3819, 8569, 19418]...: 10808813: ACCEPTED IN 20 TRIES, (AVG 540440.65)
[1, 4, 10, 23, 57, 132, 301, 701, 1636, 3819, 8569, 19419]...: 17302535: ACCEPTED IN 32 TRIES, (AVG 540704.21875)
[1, 4, 10, 23, 57, 132, 301, 701, 1636, 3819, 8569, 19420]...: 32994604: ACCEPTED IN 61 TRIES, (AVG 540895.1475409836)
[1, 4, 10, 23, 57, 132, 301, 701, 1636, 3819, 8569, 19451]...: 5938534: ACCEPTED IN 11 TRIES, (AVG 539866.7272727273)
[1, 4, 10, 23, 57, 132, 301, 701, 1636, 3819, 8569, 19452]...: 13514510: ACCEPTED IN 25 TRIES, (AVG 540580.4)
[1, 4, 10, 23, 57, 132, 301, 701, 1636, 3819, 8569, 19453]...: 11889838: ACCEPTED IN 22 TRIES, (AVG 540447.1818181818)
[1, 4, 10, 23, 57, 132, 301, 701, 1636, 3819, 8569, 19488]...: 17843044: ACCEPTED IN 33 TRIES, (AVG 540698.303030303)
[1, 4, 10, 23, 57, 132, 301, 701, 1636, 3819, 8569, 19519]...: 24337254: ACCEPTED IN 45 TRIES, (AVG 540827.8666666667)
[1, 4, 10, 23, 57, 132, 301, 701, 1636, 3819, 8569, 19550]...: 25960447: ACCEPTED IN 48 TRIES, (AVG 540842.6458333334)
[1, 4, 10, 23, 57, 132, 301, 701, 1636, 3819, 8569, 19555]...: 44900218: ACCEPTED IN 83 TRIES, (AVG 540966.4819277108)
[1, 4, 10, 23, 57, 132, 301, 701, 1636, 3819, 8569, 19585]...: 9185327: ACCEPTED IN 17 TRIES, (AVG 540313.3529411765)
[1, 4, 10, 23, 57, 132, 301, 701, 1636, 3819, 8569, 19587]...: 20007805: ACCEPTED IN 37 TRIES, (AVG 540751.4864864865)
[1, 4, 10, 23, 57, 132, 301, 701, 1636, 3819, 8569, 19618]...: 41111519: ACCEPTED IN 76 TRIES, (AVG 540941.0394736842)
[1, 4, 10, 23, 57, 132, 301, 701, 1636, 3819, 8569, 19620]...: 18384407: ACCEPTED IN 34 TRIES, (AVG 540717.8529411765)
[1, 4, 10, 23, 57, 132, 301, 701, 1636, 3819, 8569, 19622]...: 25416393: ACCEPTED IN 47 TRIES, (AVG 540774.3191489362)
[1, 4, 10, 23, 57, 132, 301, 701, 1636, 3819, 8569, 19654]...: 24336872: ACCEPTED IN 45 TRIES, (AVG 540819.3777777777)
[1, 4, 10, 23, 57, 132, 301, 701, 1636, 3819, 8569, 19687]...: 18924568: ACCEPTED IN 35 TRIES, (AVG 540701.9428571429)
[1, 4, 10, 23, 57, 132, 301, 701, 1636, 3819, 8569, 19717]...: 12429628: ACCEPTED IN 23 TRIES, (AVG 540418.6086956522)
[1, 4, 10, 23, 57, 132, 301, 701, 1636, 3819, 8569, 19719]...: 8102746: ACCEPTED IN 15 TRIES, (AVG 540183.0666666667)
[1, 4, 10, 23, 57, 132, 301, 701, 1636, 3819, 8569, 19752]...: 11349737: ACCEPTED IN 21 TRIES, (AVG 540463.6666666666)
[1, 4, 10, 23, 57, 132, 301, 701, 1636, 3819, 8569, 19753]...: 31371881: ACCEPTED IN 58 TRIES, (AVG 540894.5)
[1, 4, 10, 23, 57, 132, 301, 701, 1636, 3819, 8569, 19754]...: 11348725: ACCEPTED IN 21 TRIES, (AVG 540415.4761904762)
[1, 4, 10, 23, 57, 132, 301, 701, 1636, 3819, 8569, 19789]...: 15678796: ACCEPTED IN 29 TRIES, (AVG 540648.1379310344)
[1, 4, 10, 23, 57, 132, 301, 701, 1636, 3819, 8569, 19819]...: 16761089: ACCEPTED IN 31 TRIES, (AVG 540680.2903225806)
[1, 4, 10, 23, 57, 132, 301, 701, 1636, 3819, 8569, 19820]...: 11891063: ACCEPTED IN 22 TRIES, (AVG 540502.8636363636)
[1, 4, 10, 23, 57, 132, 301, 701, 1636, 3819, 8569, 19851]...: 4856061: ACCEPTED IN 9 TRIES, (AVG 539562.3333333334)
[1, 4, 10, 23, 57, 132, 301, 701, 1636, 3819, 8569, 19856]...: 22713790: ACCEPTED IN 42 TRIES, (AVG 540804.5238095238)
[1, 4, 10, 23, 57, 132, 301, 701, 1636, 3819, 8569, 19886]...: 10266927: ACCEPTED IN 19 TRIES, (AVG 540364.5789473684)
[1, 4, 10, 23, 57, 132, 301, 701, 1636, 3819, 8569, 19888]...: 31371870: ACCEPTED IN 58 TRIES, (AVG 540894.3103448276)
[1, 4, 10, 23, 57, 132, 301, 701, 1636, 3819, 8569, 19919]...: 16760345: ACCEPTED IN 31 TRIES, (AVG 540656.2903225806)
[1, 4, 10, 23, 57, 132, 301, 701, 1636, 3819, 8569, 19921]...: 8102570: ACCEPTED IN 15 TRIES, (AVG 540171.3333333334)
[1, 4, 10, 23, 57, 132, 301, 701, 1636, 3819, 8569, 19951]...: 16760855: ACCEPTED IN 31 TRIES, (AVG 540672.7419354839)
[1, 4, 10, 23, 57, 132, 301, 701, 1636, 3819, 8569, 19955]...: 16759936: ACCEPTED IN 31 TRIES, (AVG 540643.0967741936)
[1, 4, 10, 23, 57, 132, 301, 701, 1636, 3819, 8569, 19987]...: 34077729: ACCEPTED IN 63 TRIES, (AVG 540916.3333333334)
[1, 4, 10, 23, 57, 132, 301, 701, 1636, 3819, 8569, 19988]...: 18922884: ACCEPTED IN 35 TRIES, (AVG 540653.8285714285)
[1, 4, 10, 23, 57, 132, 301, 701, 1636, 3819, 8569, 20018]...: 21090441: ACCEPTED IN 39 TRIES, (AVG 540780.5384615385)
[1, 4, 10, 23, 57, 132, 301, 701, 1636, 3819, 8569, 20020]...: 12430082: ACCEPTED IN 23 TRIES, (AVG 540438.3478260869)
[1, 4, 10, 23, 57, 132, 301, 701, 1636, 3819, 8569, 20053]...: 16758347: ACCEPTED IN 31 TRIES, (AVG 540591.8387096775)
[1, 4, 10, 23, 57, 132, 301, 701, 1636, 3819, 8569, 20054]...: 12973398: ACCEPTED IN 24 TRIES, (AVG 540558.25)
[1, 4, 10, 23, 57, 132, 301, 701, 1636, 3819, 8569, 20090]...: 16760945: ACCEPTED IN 31 TRIES, (AVG 540675.6451612903)
[1, 4, 10, 23, 57, 132, 301, 701, 1636, 3819, 8569, 20120]...: 24877973: ACCEPTED IN 46 TRIES, (AVG 540825.5)
[1, 4, 10, 23, 57, 132, 301, 701, 1636, 3819, 8569, 20121]...: 34618126: ACCEPTED IN 64 TRIES, (AVG 540908.21875)
[1, 4, 10, 23, 57, 132, 301, 701, 1636, 3819, 8569, 20152]...: 6478991: ACCEPTED IN 12 TRIES, (AVG 539915.9166666666)
[1, 4, 10, 23, 57, 132, 301, 701, 1636, 3819, 8569, 20153]...: 26500888: ACCEPTED IN 49 TRIES, (AVG 540834.4489795918)
[1, 4, 10, 23, 57, 132, 301, 701, 1636, 3819, 8569, 20154]...: 20007592: ACCEPTED IN 37 TRIES, (AVG 540745.7297297297)
[1, 4, 10, 23, 57, 132, 301, 701, 1636, 3819, 8569, 20189]...: 16219888: ACCEPTED IN 30 TRIES, (AVG 540662.9333333333)
[1, 4, 10, 23, 57, 132, 301, 701, 1636, 3819, 8569, 20220]...: 24877521: ACCEPTED IN 46 TRIES, (AVG 540815.6739130435)
[1, 4, 10, 23, 57, 132, 301, 701, 1636, 3819, 8569, 20221]...: 14054593: ACCEPTED IN 26 TRIES, (AVG 540561.2692307692)
[1, 4, 10, 23, 57, 132, 301, 701, 1636, 3819, 8569, 20222]...: 8102277: ACCEPTED IN 15 TRIES, (AVG 540151.8)
[1, 4, 10, 23, 57, 132, 301, 701, 1636, 3819, 8569, 20252]...: 47605228: ACCEPTED IN 88 TRIES, (AVG 540968.5)
[1, 4, 10, 23, 57, 132, 301, 701, 1636, 3819, 8569, 20256]...: 47064466: ACCEPTED IN 87 TRIES, (AVG 540970.8735632184)
[1, 4, 10, 23, 57, 132, 301, 701, 1636, 3819, 8569, 20286]...: 16760603: ACCEPTED IN 31 TRIES, (AVG 540664.6129032258)
[1, 4, 10, 23, 57, 132, 301, 701, 1636, 3819, 8569, 20288]...: 12431823: ACCEPTED IN 23 TRIES, (AVG 540514.0434782609)
[1, 4, 10, 23, 57, 132, 301, 701, 1636, 3819, 8569, 20319]...: 16760323: ACCEPTED IN 31 TRIES, (AVG 540655.5806451613)
[1, 4, 10, 23, 57, 132, 301, 701, 1636, 3819, 8569, 20321]...: 18384140: ACCEPTED IN 34 TRIES, (AVG 540710.0)
[1, 4, 10, 23, 57, 132, 301, 701, 1636, 3819, 8569, 20353]...: 18923815: ACCEPTED IN 35 TRIES, (AVG 540680.4285714285)
[1, 4, 10, 23, 57, 132, 301, 701, 1636, 3819, 8569, 20354]...: 5936754: ACCEPTED IN 11 TRIES, (AVG 539704.9090909091)
[1, 4, 10, 23, 57, 132, 301, 701, 1636, 3819, 8569, 20355]...: 12431960: ACCEPTED IN 23 TRIES, (AVG 540520.0)
[1, 4, 10, 23, 57, 132, 301, 701, 1636, 3819, 8569, 20388]...: 18925272: ACCEPTED IN 35 TRIES, (AVG 540722.0571428571)
[1, 4, 10, 23, 57, 132, 301, 701, 1636, 3819, 8569, 20418]...: 11349124: ACCEPTED IN 21 TRIES, (AVG 540434.4761904762)
[1, 4, 10, 23, 57, 132, 301, 701, 1636, 3819, 8569, 20453]...: 18384833: ACCEPTED IN 34 TRIES, (AVG 540730.3823529412)
[1, 4, 10, 23, 57, 132, 301, 701, 1636, 3819, 8569, 20454]...: 30830868: ACCEPTED IN 57 TRIES, (AVG 540892.4210526316)
[1, 4, 10, 23, 57, 132, 301, 701, 1636, 3819, 8569, 20455]...: 18922880: ACCEPTED IN 35 TRIES, (AVG 540653.7142857143)
[1, 4, 10, 23, 57, 132, 301, 701, 1636, 3819, 8569, 20485]...: 16759897: ACCEPTED IN 31 TRIES, (AVG 540641.8387096775)
[1, 4, 10, 23, 57, 132, 301, 701, 1636, 3819, 8569, 20490]...: 12431851: ACCEPTED IN 23 TRIES, (AVG 540515.2608695652)
[1, 4, 10, 23, 57, 132, 301, 701, 1636, 3819, 8569, 20520]...: 11348648: ACCEPTED IN 21 TRIES, (AVG 540411.8095238095)
[1, 4, 10, 23, 57, 132, 301, 701, 1636, 3819, 8569, 20521]...: 20549134: ACCEPTED IN 38 TRIES, (AVG 540766.6842105263)
[1, 4, 10, 23, 57, 132, 301, 701, 1636, 3819, 8569, 20522]...: 7020483: ACCEPTED IN 13 TRIES, (AVG 540037.1538461539)
[1, 4, 10, 23, 57, 132, 301, 701, 1636, 3819, 8569, 20553]...: 18925507: ACCEPTED IN 35 TRIES, (AVG 540728.7714285714)
[1, 4, 10, 23, 57, 132, 301, 701, 1636, 3819, 8569, 20557]...: 46523174: ACCEPTED IN 86 TRIES, (AVG 540967.1395348837)
