[1, 4, 10, 23, 57, 132, 301, 701, 1636, 3819, 8863, 19507]...: 12431225: ACCEPTED IN 23 TRIES, (AVG 540488.0434782609)
[1, 4, 10, 23, 57, 132, 301, 701, 1636, 3819, 8863, 19540]...: 35699361: ACCEPTED IN 66 TRIES, (AVG 540899.4090909091)
[1, 4, 10, 23, 57, 132, 301, 701, 1636, 3819, 8863, 19544]...: 26501313: ACCEPTED IN 49 TRIES, (AVG 540843.1224489796)
[1, 4, 10, 23, 57, 132, 301, 701, 1636, 3819, 8863, 19581]...: 10806330: ACCEPTED IN 20 TRIES, (AVG 540316.5)
[1, 4, 10, 23, 57, 132, 301, 701, 1636, 3819, 8863, 19618]...: 11349174: ACCEPTED IN 21 TRIES, (AVG 540436.8571428572)
[1, 4, 10, 23, 57, 132, 301, 701, 1636, 3819, 8863, 19639]...: 9183214: ACCEPTED IN 17 TRIES, (AVG 540189.0588235294)
[1, 4, 10, 23, 57, 132, 301, 701, 1636, 3819, 8863, 19676]...: 35160046: ACCEPTED IN 65 TRIES, (AVG 540923.7846153846)
[1, 4, 10, 23, 57, 132, 301, 701, 1636, 3819, 8863, 19687]...: 23254090: ACCEPTED IN 43 TRIES, (AVG 540792.7906976744)
[1, 4, 10, 23, 57, 132, 301, 701, 1636, 3819, 8863, 19713]...: 16219642: ACCEPTED IN 30 TRIES, (AVG 540654.7333333333)
[1, 4, 10, 23, 57, 132, 301, 701, 1636, 3819, 8863, 19808]...: 11890126: ACCEPTED IN 22 TRIES, (AVG 540460.2727272727)
[1, 4, 10, 23, 57, 132, 301, 701, 1636, 3819, 8863, 19819]...: 25418584: ACCEPTED IN 47 TRIES, (AVG 540820.9361702128)
[1, 4, 10, 23, 57, 132, 301, 701, 1636, 3819, 8863, 19845]...: 34076226: ACCEPTED IN 63 TRIES, (AVG 540892.4761904762)
[1, 4, 10, 23, 57, 132, 301, 701, 1636, 3819, 8863, 19940]...: 6479425: ACCEPTED IN 12 TRIES, (AVG 539952.0833333334)
[1, 4, 10, 23, 57, 132, 301, 701, 1636, 3819, 8863, 19977]...: 11349354: ACCEPTED IN 21 TRIES, (AVG 540445.4285714285)
[1, 4, 10, 23, 57, 132, 301, 701, 1636, 3819, 8863, 19988]...: 8642195: ACCEPTED IN 16 TRIES, (AVG 540137.1875)
[1, 4, 10, 23, 57, 132, 301, 701, 1636, 3819, 8863, 20109]...: 10266855: ACCEPTED IN 19 TRIES, (AVG 540360.7894736842)
[1, 4, 10, 23, 57, 132, 301, 701, 1636, 3819, 8863, 20120]...: 17843545: ACCEPTED IN 33 TRIES, (AVG 540713.4848484849)
[1, 4, 10, 23, 57, 132, 301, 701, 1636, 3819, 8863, 20241]...: 12431640: ACCEPTED IN 23 TRIES, (AVG 540506.0869565217)
[1, 4, 10, 23, 57, 132, 301, 701, 1636, 3819, 8863, 20289]...: 9726529: ACCEPTED IN 18 TRIES, (AVG 540362.7222222222)
[1, 4, 10, 23, 57, 132, 301, 701, 1636, 3819, 8863, 20388]...: 11348687: ACCEPTED IN 21 TRIES, (AVG 540413.6666666666)
[1, 4, 10, 23, 57, 132, 301, 701, 1636, 3819, 8863, 20421]...: 9184875: ACCEPTED IN 17 TRIES, (AVG 540286.7647058824)
[1, 4, 10, 23, 57, 132, 301, 701, 1636, 3819, 8863, 20520]...: 15137701: ACCEPTED IN 28 TRIES, (AVG 540632.1785714285)
[1, 4, 10, 23, 57, 132, 301, 701, 1636, 3819, 8863, 20689]...: 6479548: ACCEPTED IN 12 TRIES, (AVG 539962.3333333334)
[1, 4, 10, 23, 57, 132, 301, 701, 1636, 3819, 8863, 20821]...: 15136971: ACCEPTED IN 28 TRIES, (AVG 540606.1071428572)
[1, 4, 10, 23, 57, 132, 301, 701, 1636, 3819, 8863, 20990]...: 6479509: ACCEPTED IN 12 TRIES, (AVG 539959.0833333334)
[1, 4, 10, 23, 57, 132, 301, 701, 1636, 3819, 8863, 21122]...: 17843598: ACCEPTED IN 33 TRIES, (AVG 540715.0909090909)
