[1, 4, 10, 23, 57, 132, 301, 701, 1654, 3933, 9237, 20329]...: 11349707: ACCEPTED IN 21 TRIES, (AVG 540462.2380952381)
[1, 4, 10, 23, 57, 132, 301, 701, 1654, 3933, 9237, 20360]...: 6479543: ACCEPTED IN 12 TRIES, (AVG 539961.9166666666)
[1, 4, 10, 23, 57, 132, 301, 701, 1654, 3933, 9237, 20366]...: 11887933: ACCEPTED IN 22 TRIES, (AVG 540360.5909090909)
[1, 4, 10, 23, 57, 132, 301, 701, 1654, 3933, 9237, 20424]...: 9185402: ACCEPTED IN 17 TRIES, (AVG 540317.7647058824)
[1, 4, 10, 23, 57, 132, 301, 701, 1654, 3933, 9237, 20451]...: 11349068: ACCEPTED IN 21 TRIES, (AVG 540431.8095238095)
[1, 4, 10, 23, 57, 132, 301, 701, 1654, 3933, 9237, 20461]...: 11349379: ACCEPTED IN 21 TRIES, (AVG 540446.619047619)
[1, 4, 10, 23, 57, 132, 301, 701, 1654, 3933, 9237, 20492]...: 10806548: ACCEPTED IN 20 TRIES, (AVG 540327.4)
[1, 4, 10, 23, 57, 132, 301, 701, 1654, 3933, 9237, 20498]...: 7020359: ACCEPTED IN 13 TRIES, (AVG 540027.6153846154)
[1, 4, 10, 23, 57, 132, 301, 701, 1654, 3933, 9237, 20556]...: 16760913: ACCEPTED IN 31 TRIES, (AVG 540674.6129032258)
[1, 4, 10, 23, 57, 132, 301, 701, 1654, 3933, 9237, 20593]...: 7020505: ACCEPTED IN 13 TRIES, (AVG 540038.8461538461)
[1, 4, 10, 23, 57, 132, 301, 701, 1654, 3933, 9237, 20630]...: 4315051: ACCEPTED IN 8 TRIES, (AVG 539381.375)
[1, 4, 10, 23, 57, 132, 301, 701, 1654, 3933, 9237, 20667]...: 11349053: ACCEPTED IN 21 TRIES, (AVG 540431.0952380953)
[1, 4, 10, 23, 57, 132, 301, 701, 1654, 3933, 9237, 20725]...: 9184210: ACCEPTED IN 17 TRIES, (AVG 540247.6470588235)
[1, 4, 10, 23, 57, 132, 301, 701, 1654, 3933, 9237, 20752]...: 5395678: ACCEPTED IN 10 TRIES, (AVG 539567.8)
[1, 4, 10, 23, 57, 132, 301, 701, 1654, 3933, 9237, 20762]...: 4856233: ACCEPTED IN 9 TRIES, (AVG 539581.4444444445)
[1, 4, 10, 23, 57, 132, 301, 701, 1654, 3933, 9237, 20799]...: 11891053: ACCEPTED IN 22 TRIES, (AVG 540502.4090909091)
[1, 4, 10, 23, 57, 132, 301, 701, 1654, 3933, 9237, 20857]...: 11888876: ACCEPTED IN 22 TRIES, (AVG 540403.4545454546)
[1, 4, 10, 23, 57, 132, 301, 701, 1654, 3933, 9237, 20894]...: 4853190: ACCEPTED IN 9 TRIES, (AVG 539243.3333333334)
[1, 4, 10, 23, 57, 132, 301, 701, 1654, 3933, 9237, 20931]...: 12432083: ACCEPTED IN 23 TRIES, (AVG 540525.3478260869)
[1, 4, 10, 23, 57, 132, 301, 701, 1654, 3933, 9237, 21026]...: 8644180: ACCEPTED IN 16 TRIES, (AVG 540261.25)
[1, 4, 10, 23, 57, 132, 301, 701, 1654, 3933, 9237, 21053]...: 7020011: ACCEPTED IN 13 TRIES, (AVG 540000.8461538461)
[1, 4, 10, 23, 57, 132, 301, 701, 1654, 3933, 9237, 21063]...: 9184617: ACCEPTED IN 17 TRIES, (AVG 540271.5882352941)
[1, 4, 10, 23, 57, 132, 301, 701, 1654, 3933, 9237, 21158]...: 4856298: ACCEPTED IN 9 TRIES, (AVG 539588.6666666666)
[1, 4, 10, 23, 57, 132, 301, 701, 1654, 3933, 9237, 21195]...: 7561496: ACCEPTED IN 14 TRIES, (AVG 540106.8571428572)
[1, 4, 10, 23, 57, 132, 301, 701, 1654, 3933, 9237, 21327]...: 9185142: ACCEPTED IN 17 TRIES, (AVG 540302.4705882353)
[1, 4, 10, 23, 57, 132, 301, 701, 1654, 3933, 9237, 21354]...: 5935428: ACCEPTED IN 11 TRIES, (AVG 539584.3636363636)
[1, 4, 10, 23, 57, 132, 301, 701, 1654, 3933, 9237, 21418]...: 5938092: ACCEPTED IN 11 TRIES, (AVG 539826.5454545454)
[1, 4, 10, 23, 57, 132, 301, 701, 1654, 3933, 9237, 21459]...: 4856347: ACCEPTED IN 9 TRIES, (AVG 539594.1111111111)
[1, 4, 10, 23, 57, 132, 301, 701, 1654, 3933, 9237, 21550]...: 3772234: ACCEPTED IN 7 TRIES, (AVG 538890.5714285715)
[1, 4, 10, 23, 57, 132, 301, 701, 1654, 3933, 9237, 21682]...: 4313390: ACCEPTED IN 8 TRIES, (AVG 539173.75)
[1, 4, 10, 23, 57, 132, 301, 701, 1654, 3933, 9237, 21719]...: 4854922: ACCEPTED IN 9 TRIES, (AVG 539435.7777777778)
[1, 4, 10, 23, 57, 132, 301, 701, 1654, 3933, 9237, 21814]...: 9183600: ACCEPTED IN 17 TRIES, (AVG 540211.7647058824)
[1, 4, 10, 23, 57, 132, 301, 701, 1654, 3933, 9237, 21851]...: 4853835: ACCEPTED IN 9 TRIES, (AVG 539315.0)
[1, 4, 10, 23, 57, 132, 301, 701, 1654, 3933, 9237, 21946]...: 9726617: ACCEPTED IN 18 TRIES, (AVG 540367.6111111111)
[1, 4, 10, 23, 57, 132, 301, 701, 1654, 3933, 9237, 21983]...: 5396657: ACCEPTED IN 10 TRIES, (AVG 539665.7)
[1, 4, 10, 23, 57, 132, 301, 701, 1654, 3933, 9237, 22020]...: 5397276: ACCEPTED IN 10 TRIES, (AVG 539727.6)
[1, 4, 10, 23, 57, 132, 301, 701, 1654, 3933, 9237, 22078]...: 5397055: ACCEPTED IN 10 TRIES, (AVG 539705.5)
[1, 4, 10, 23, 57, 132, 301, 701, 1654, 3933, 9237, 22115]...: 7020960: ACCEPTED IN 13 TRIES, (AVG 540073.8461538461)
[1, 4, 10, 23, 57, 132, 301, 701, 1654, 3933, 9237, 22152]...: 4853350: ACCEPTED IN 9 TRIES, (AVG 539261.1111111111)
