[1, 4, 10, 23, 57, 132, 301, 701, 1654, 3950, 8886, 19573]...: 17301245: ACCEPTED IN 32 TRIES, (AVG 540663.90625)
[1, 4, 10, 23, 57, 132, 301, 701, 1654, 3950, 8886, 19577]...: 12972567: ACCEPTED IN 24 TRIES, (AVG 540523.625)
[1, 4, 10, 23, 57, 132, 301, 701, 1654, 3950, 8886, 19590]...: 7562102: ACCEPTED IN 14 TRIES, (AVG 540150.1428571428)
[1, 4, 10, 23, 57, 132, 301, 701, 1654, 3950, 8886, 19614]...: 7020528: ACCEPTED IN 13 TRIES, (AVG 540040.6153846154)
[1, 4, 10, 23, 57, 132, 301, 701, 1654, 3950, 8886, 19627]...: 10808596: ACCEPTED IN 20 TRIES, (AVG 540429.8)
[1, 4, 10, 23, 57, 132, 301, 701, 1654, 3950, 8886, 19631]...: 14055704: ACCEPTED IN 26 TRIES, (AVG 540604.0)
[1, 4, 10, 23, 57, 132, 301, 701, 1654, 3950, 8886, 19664]...: 13514514: ACCEPTED IN 25 TRIES, (AVG 540580.56)
[1, 4, 10, 23, 57, 132, 301, 701, 1654, 3950, 8886, 19668]...: 13514174: ACCEPTED IN 25 TRIES, (AVG 540566.96)
[1, 4, 10, 23, 57, 132, 301, 701, 1654, 3950, 8886, 19672]...: 10266761: ACCEPTED IN 19 TRIES, (AVG 540355.8421052631)
[1, 4, 10, 23, 57, 132, 301, 701, 1654, 3950, 8886, 19705]...: 14596828: ACCEPTED IN 27 TRIES, (AVG 540623.2592592592)
[1, 4, 10, 23, 57, 132, 301, 701, 1654, 3950, 8886, 19709]...: 9725446: ACCEPTED IN 18 TRIES, (AVG 540302.5555555555)
[1, 4, 10, 23, 57, 132, 301, 701, 1654, 3950, 8886, 19722]...: 7560016: ACCEPTED IN 14 TRIES, (AVG 540001.1428571428)
[1, 4, 10, 23, 57, 132, 301, 701, 1654, 3950, 8886, 19734]...: 14054711: ACCEPTED IN 26 TRIES, (AVG 540565.8076923077)
[1, 4, 10, 23, 57, 132, 301, 701, 1654, 3950, 8886, 19746]...: 9726443: ACCEPTED IN 18 TRIES, (AVG 540357.9444444445)
[1, 4, 10, 23, 57, 132, 301, 701, 1654, 3950, 8886, 19759]...: 9724805: ACCEPTED IN 18 TRIES, (AVG 540266.9444444445)
[1, 4, 10, 23, 57, 132, 301, 701, 1654, 3950, 8886, 19763]...: 15678307: ACCEPTED IN 29 TRIES, (AVG 540631.275862069)
[1, 4, 10, 23, 57, 132, 301, 701, 1654, 3950, 8886, 19796]...: 14054951: ACCEPTED IN 26 TRIES, (AVG 540575.0384615385)
[1, 4, 10, 23, 57, 132, 301, 701, 1654, 3950, 8886, 19800]...: 7560409: ACCEPTED IN 14 TRIES, (AVG 540029.2142857143)
[1, 4, 10, 23, 57, 132, 301, 701, 1654, 3950, 8886, 19804]...: 14594956: ACCEPTED IN 27 TRIES, (AVG 540553.925925926)
[1, 4, 10, 23, 57, 132, 301, 701, 1654, 3950, 8886, 19837]...: 11349607: ACCEPTED IN 21 TRIES, (AVG 540457.4761904762)
[1, 4, 10, 23, 57, 132, 301, 701, 1654, 3950, 8886, 19841]...: 10807963: ACCEPTED IN 20 TRIES, (AVG 540398.15)
[1, 4, 10, 23, 57, 132, 301, 701, 1654, 3950, 8886, 19854]...: 8643667: ACCEPTED IN 16 TRIES, (AVG 540229.1875)
[1, 4, 10, 23, 57, 132, 301, 701, 1654, 3950, 8886, 19878]...: 13513320: ACCEPTED IN 25 TRIES, (AVG 540532.8)
[1, 4, 10, 23, 57, 132, 301, 701, 1654, 3950, 8886, 19891]...: 8102317: ACCEPTED IN 15 TRIES, (AVG 540154.4666666667)
[1, 4, 10, 23, 57, 132, 301, 701, 1654, 3950, 8886, 19895]...: 10265750: ACCEPTED IN 19 TRIES, (AVG 540302.6315789474)
[1, 4, 10, 23, 57, 132, 301, 701, 1654, 3950, 8886, 19928]...: 4855342: ACCEPTED IN 9 TRIES, (AVG 539482.4444444445)
[1, 4, 10, 23, 57, 132, 301, 701, 1654, 3950, 8886, 19932]...: 14596720: ACCEPTED IN 27 TRIES, (AVG 540619.2592592592)
[1, 4, 10, 23, 57, 132, 301, 701, 1654, 3950, 8886, 19965]...: 17843383: ACCEPTED IN 33 TRIES, (AVG 540708.5757575758)
[1, 4, 10, 23, 57, 132, 301, 701, 1654, 3950, 8886, 19969]...: 17301890: ACCEPTED IN 32 TRIES, (AVG 540684.0625)
[1, 4, 10, 23, 57, 132, 301, 701, 1654, 3950, 8886, 19973]...: 5395538: ACCEPTED IN 10 TRIES, (AVG 539553.8)
[1, 4, 10, 23, 57, 132, 301, 701, 1654, 3950, 8886, 19986]...: 14596714: ACCEPTED IN 27 TRIES, (AVG 540619.0370370371)
[1, 4, 10, 23, 57, 132, 301, 701, 1654, 3950, 8886, 20010]...: 17302405: ACCEPTED IN 32 TRIES, (AVG 540700.15625)
[1, 4, 10, 23, 57, 132, 301, 701, 1654, 3950, 8886, 20023]...: 7561819: ACCEPTED IN 14 TRIES, (AVG 540129.9285714285)
[1, 4, 10, 23, 57, 132, 301, 701, 1654, 3950, 8886, 20027]...: 14595664: ACCEPTED IN 27 TRIES, (AVG 540580.1481481482)
[1, 4, 10, 23, 57, 132, 301, 701, 1654, 3950, 8886, 20060]...: 8103194: ACCEPTED IN 15 TRIES, (AVG 540212.9333333333)
[1, 4, 10, 23, 57, 132, 301, 701, 1654, 3950, 8886, 20064]...: 5938604: ACCEPTED IN 11 TRIES, (AVG 539873.0909090909)
[1, 4, 10, 23, 57, 132, 301, 701, 1654, 3950, 8886, 20097]...: 14595929: ACCEPTED IN 27 TRIES, (AVG 540589.9629629629)
[1, 4, 10, 23, 57, 132, 301, 701, 1654, 3950, 8886, 20101]...: 9726194: ACCEPTED IN 18 TRIES, (AVG 540344.1111111111)
[1, 4, 10, 23, 57, 132, 301, 701, 1654, 3950, 8886, 20105]...: 10266336: ACCEPTED IN 19 TRIES, (AVG 540333.4736842106)
[1, 4, 10, 23, 57, 132, 301, 701, 1654, 3950, 8886, 20142]...: 10808458: ACCEPTED IN 20 TRIES, (AVG 540422.9)
[1, 4, 10, 23, 57, 132, 301, 701, 1654, 3950, 8886, 20155]...: 5396713: ACCEPTED IN 10 TRIES, (AVG 539671.3)
[1, 4, 10, 23, 57, 132, 301, 701, 1654, 3950, 8886, 20159]...: 10267010: ACCEPTED IN 19 TRIES, (AVG 540368.947368421)
[1, 4, 10, 23, 57, 132, 301, 701, 1654, 3950, 8886, 20192]...: 10806285: ACCEPTED IN 20 TRIES, (AVG 540314.25)
[1, 4, 10, 23, 57, 132, 301, 701, 1654, 3950, 8886, 20196]...: 10267499: ACCEPTED IN 19 TRIES, (AVG 540394.6842105263)
[1, 4, 10, 23, 57, 132, 301, 701, 1654, 3950, 8886, 20229]...: 7020517: ACCEPTED IN 13 TRIES, (AVG 540039.7692307692)
[1, 4, 10, 23, 57, 132, 301, 701, 1654, 3950, 8886, 20233]...: 7561095: ACCEPTED IN 14 TRIES, (AVG 540078.2142857143)
[1, 4, 10, 23, 57, 132, 301, 701, 1654, 3950, 8886, 20266]...: 5397474: ACCEPTED IN 10 TRIES, (AVG 539747.4)
[1, 4, 10, 23, 57, 132, 301, 701, 1654, 3950, 8886, 20274]...: 10806309: ACCEPTED IN 20 TRIES, (AVG 540315.45)
[1, 4, 10, 23, 57, 132, 301, 701, 1654, 3950, 8886, 20287]...: 15678429: ACCEPTED IN 29 TRIES, (AVG 540635.4827586206)
[1, 4, 10, 23, 57, 132, 301, 701, 1654, 3950, 8886, 20291]...: 16218331: ACCEPTED IN 30 TRIES, (AVG 540611.0333333333)
[1, 4, 10, 23, 57, 132, 301, 701, 1654, 3950, 8886, 20324]...: 10806777: ACCEPTED IN 20 TRIES, (AVG 540338.85)
[1, 4, 10, 23, 57, 132, 301, 701, 1654, 3950, 8886, 20328]...: 5396914: ACCEPTED IN 10 TRIES, (AVG 539691.4)
[1, 4, 10, 23, 57, 132, 301, 701, 1654, 3950, 8886, 20361]...: 8101481: ACCEPTED IN 15 TRIES, (AVG 540098.7333333333)
[1, 4, 10, 23, 57, 132, 301, 701, 1654, 3950, 8886, 20365]...: 14053353: ACCEPTED IN 26 TRIES, (AVG 540513.5769230769)
[1, 4, 10, 23, 57, 132, 301, 701, 1654, 3950, 8886, 20398]...: 11348605: ACCEPTED IN 21 TRIES, (AVG 540409.7619047619)
[1, 4, 10, 23, 57, 132, 301, 701, 1654, 3950, 8886, 20406]...: 12431653: ACCEPTED IN 23 TRIES, (AVG 540506.6521739131)
[1, 4, 10, 23, 57, 132, 301, 701, 1654, 3950, 8886, 20423]...: 5938558: ACCEPTED IN 11 TRIES, (AVG 539868.9090909091)
[1, 4, 10, 23, 57, 132, 301, 701, 1654, 3950, 8886, 20435]...: 18384525: ACCEPTED IN 34 TRIES, (AVG 540721.3235294118)
[1, 4, 10, 23, 57, 132, 301, 701, 1654, 3950, 8886, 20456]...: 8103142: ACCEPTED IN 15 TRIES, (AVG 540209.4666666667)
[1, 4, 10, 23, 57, 132, 301, 701, 1654, 3950, 8886, 20460]...: 11349670: ACCEPTED IN 21 TRIES, (AVG 540460.4761904762)
[1, 4, 10, 23, 57, 132, 301, 701, 1654, 3950, 8886, 20493]...: 6479701: ACCEPTED IN 12 TRIES, (AVG 539975.0833333334)
[1, 4, 10, 23, 57, 132, 301, 701, 1654, 3950, 8886, 20497]...: 8103079: ACCEPTED IN 15 TRIES, (AVG 540205.2666666667)
[1, 4, 10, 23, 57, 132, 301, 701, 1654, 3950, 8886, 20530]...: 10266982: ACCEPTED IN 19 TRIES, (AVG 540367.4736842106)
[1, 4, 10, 23, 57, 132, 301, 701, 1654, 3950, 8886, 20534]...: 6477841: ACCEPTED IN 12 TRIES, (AVG 539820.0833333334)
[1, 4, 10, 23, 57, 132, 301, 701, 1654, 3950, 8886, 20555]...: 12430549: ACCEPTED IN 23 TRIES, (AVG 540458.6521739131)
[1, 4, 10, 23, 57, 132, 301, 701, 1654, 3950, 8886, 20567]...: 14595847: ACCEPTED IN 27 TRIES, (AVG 540586.925925926)
[1, 4, 10, 23, 57, 132, 301, 701, 1654, 3950, 8886, 20588]...: 9185157: ACCEPTED IN 17 TRIES, (AVG 540303.3529411765)
[1, 4, 10, 23, 57, 132, 301, 701, 1654, 3950, 8886, 20592]...: 7020612: ACCEPTED IN 13 TRIES, (AVG 540047.0769230769)
[1, 4, 10, 23, 57, 132, 301, 701, 1654, 3950, 8886, 20625]...: 7561316: ACCEPTED IN 14 TRIES, (AVG 540094.0)
[1, 4, 10, 23, 57, 132, 301, 701, 1654, 3950, 8886, 20629]...: 7559460: ACCEPTED IN 14 TRIES, (AVG 539961.4285714285)
[1, 4, 10, 23, 57, 132, 301, 701, 1654, 3950, 8886, 20662]...: 7560075: ACCEPTED IN 14 TRIES, (AVG 540005.3571428572)
[1, 4, 10, 23, 57, 132, 301, 701, 1654, 3950, 8886, 20666]...: 9725790: ACCEPTED IN 18 TRIES, (AVG 540321.6666666666)
[1, 4, 10, 23, 57, 132, 301, 701, 1654, 3950, 8886, 20687]...: 11349185: ACCEPTED IN 21 TRIES, (AVG 540437.380952381)
[1, 4, 10, 23, 57, 132, 301, 701, 1654, 3950, 8886, 20699]...: 7561395: ACCEPTED IN 14 TRIES, (AVG 540099.6428571428)
[1, 4, 10, 23, 57, 132, 301, 701, 1654, 3950, 8886, 20716]...: 9726035: ACCEPTED IN 18 TRIES, (AVG 540335.2777777778)
[1, 4, 10, 23, 57, 132, 301, 701, 1654, 3950, 8886, 20724]...: 5397202: ACCEPTED IN 10 TRIES, (AVG 539720.2)
[1, 4, 10, 23, 57, 132, 301, 701, 1654, 3950, 8886, 20757]...: 8103070: ACCEPTED IN 15 TRIES, (AVG 540204.6666666666)
[1, 4, 10, 23, 57, 132, 301, 701, 1654, 3950, 8886, 20761]...: 4855766: ACCEPTED IN 9 TRIES, (AVG 539529.5555555555)
[1, 4, 10, 23, 57, 132, 301, 701, 1654, 3950, 8886, 20794]...: 8102442: ACCEPTED IN 15 TRIES, (AVG 540162.8)
[1, 4, 10, 23, 57, 132, 301, 701, 1654, 3950, 8886, 20798]...: 9184308: ACCEPTED IN 17 TRIES, (AVG 540253.4117647059)
[1, 4, 10, 23, 57, 132, 301, 701, 1654, 3950, 8886, 20831]...: 4315250: ACCEPTED IN 8 TRIES, (AVG 539406.25)
[1, 4, 10, 23, 57, 132, 301, 701, 1654, 3950, 8886, 20835]...: 13513638: ACCEPTED IN 25 TRIES, (AVG 540545.52)
[1, 4, 10, 23, 57, 132, 301, 701, 1654, 3950, 8886, 20848]...: 7560945: ACCEPTED IN 14 TRIES, (AVG 540067.5)
[1, 4, 10, 23, 57, 132, 301, 701, 1654, 3950, 8886, 20856]...: 9725645: ACCEPTED IN 18 TRIES, (AVG 540313.6111111111)
[1, 4, 10, 23, 57, 132, 301, 701, 1654, 3950, 8886, 20889]...: 17301178: ACCEPTED IN 32 TRIES, (AVG 540661.8125)
[1, 4, 10, 23, 57, 132, 301, 701, 1654, 3950, 8886, 20893]...: 8103248: ACCEPTED IN 15 TRIES, (AVG 540216.5333333333)
[1, 4, 10, 23, 57, 132, 301, 701, 1654, 3950, 8886, 20926]...: 9724094: ACCEPTED IN 18 TRIES, (AVG 540227.4444444445)
[1, 4, 10, 23, 57, 132, 301, 701, 1654, 3950, 8886, 20930]...: 7558275: ACCEPTED IN 14 TRIES, (AVG 539876.7857142857)
[1, 4, 10, 23, 57, 132, 301, 701, 1654, 3950, 8886, 20963]...: 7019857: ACCEPTED IN 13 TRIES, (AVG 539989.0)
[1, 4, 10, 23, 57, 132, 301, 701, 1654, 3950, 8886, 20967]...: 5395227: ACCEPTED IN 10 TRIES, (AVG 539522.7)
[1, 4, 10, 23, 57, 132, 301, 701, 1654, 3950, 8886, 20980]...: 7561195: ACCEPTED IN 14 TRIES, (AVG 540085.3571428572)
[1, 4, 10, 23, 57, 132, 301, 701, 1654, 3950, 8886, 21017]...: 8642828: ACCEPTED IN 16 TRIES, (AVG 540176.75)
[1, 4, 10, 23, 57, 132, 301, 701, 1654, 3950, 8886, 21021]...: 14596779: ACCEPTED IN 27 TRIES, (AVG 540621.4444444445)
[1, 4, 10, 23, 57, 132, 301, 701, 1654, 3950, 8886, 21025]...: 13514473: ACCEPTED IN 25 TRIES, (AVG 540578.92)
[1, 4, 10, 23, 57, 132, 301, 701, 1654, 3950, 8886, 21058]...: 9725615: ACCEPTED IN 18 TRIES, (AVG 540311.9444444445)
[1, 4, 10, 23, 57, 132, 301, 701, 1654, 3950, 8886, 21062]...: 7020692: ACCEPTED IN 13 TRIES, (AVG 540053.2307692308)
[1, 4, 10, 23, 57, 132, 301, 701, 1654, 3950, 8886, 21095]...: 7561235: ACCEPTED IN 14 TRIES, (AVG 540088.2142857143)
[1, 4, 10, 23, 57, 132, 301, 701, 1654, 3950, 8886, 21099]...: 12431043: ACCEPTED IN 23 TRIES, (AVG 540480.1304347826)
[1, 4, 10, 23, 57, 132, 301, 701, 1654, 3950, 8886, 21112]...: 9725522: ACCEPTED IN 18 TRIES, (AVG 540306.7777777778)
[1, 4, 10, 23, 57, 132, 301, 701, 1654, 3950, 8886, 21136]...: 7020647: ACCEPTED IN 13 TRIES, (AVG 540049.7692307692)
[1, 4, 10, 23, 57, 132, 301, 701, 1654, 3950, 8886, 21149]...: 11348886: ACCEPTED IN 21 TRIES, (AVG 540423.1428571428)
[1, 4, 10, 23, 57, 132, 301, 701, 1654, 3950, 8886, 21153]...: 11348530: ACCEPTED IN 21 TRIES, (AVG 540406.1904761905)
[1, 4, 10, 23, 57, 132, 301, 701, 1654, 3950, 8886, 21157]...: 10265782: ACCEPTED IN 19 TRIES, (AVG 540304.3157894737)
[1, 4, 10, 23, 57, 132, 301, 701, 1654, 3950, 8886, 21190]...: 7559425: ACCEPTED IN 14 TRIES, (AVG 539958.9285714285)
[1, 4, 10, 23, 57, 132, 301, 701, 1654, 3950, 8886, 21194]...: 7561848: ACCEPTED IN 14 TRIES, (AVG 540132.0)
[1, 4, 10, 23, 57, 132, 301, 701, 1654, 3950, 8886, 21227]...: 7561639: ACCEPTED IN 14 TRIES, (AVG 540117.0714285715)
[1, 4, 10, 23, 57, 132, 301, 701, 1654, 3950, 8886, 21231]...: 10808453: ACCEPTED IN 20 TRIES, (AVG 540422.65)
[1, 4, 10, 23, 57, 132, 301, 701, 1654, 3950, 8886, 21244]...: 4856423: ACCEPTED IN 9 TRIES, (AVG 539602.5555555555)
[1, 4, 10, 23, 57, 132, 301, 701, 1654, 3950, 8886, 21268]...: 9724728: ACCEPTED IN 18 TRIES, (AVG 540262.6666666666)
[1, 4, 10, 23, 57, 132, 301, 701, 1654, 3950, 8886, 21281]...: 11349138: ACCEPTED IN 21 TRIES, (AVG 540435.1428571428)
[1, 4, 10, 23, 57, 132, 301, 701, 1654, 3950, 8886, 21285]...: 7561601: ACCEPTED IN 14 TRIES, (AVG 540114.3571428572)
[1, 4, 10, 23, 57, 132, 301, 701, 1654, 3950, 8886, 21318]...: 4856161: ACCEPTED IN 9 TRIES, (AVG 539573.4444444445)
[1, 4, 10, 23, 57, 132, 301, 701, 1654, 3950, 8886, 21322]...: 10807865: ACCEPTED IN 20 TRIES, (AVG 540393.25)
[1, 4, 10, 23, 57, 132, 301, 701, 1654, 3950, 8886, 21326]...: 7560213: ACCEPTED IN 14 TRIES, (AVG 540015.2142857143)
