[1, 4, 10, 23, 57, 132, 301, 701, 1654, 3950, 9034, 19886]...: 18925593: ACCEPTED IN 35 TRIES, (AVG 540731.2285714286)
[1, 4, 10, 23, 57, 132, 301, 701, 1654, 3950, 9034, 19898]...: 11890771: ACCEPTED IN 22 TRIES, (AVG 540489.5909090909)
[1, 4, 10, 23, 57, 132, 301, 701, 1654, 3950, 9034, 19923]...: 20007493: ACCEPTED IN 37 TRIES, (AVG 540743.0540540541)
[1, 4, 10, 23, 57, 132, 301, 701, 1654, 3950, 9034, 19927]...: 30288496: ACCEPTED IN 56 TRIES, (AVG 540866.0)
[1, 4, 10, 23, 57, 132, 301, 701, 1654, 3950, 9034, 19960]...: 18383731: ACCEPTED IN 34 TRIES, (AVG 540697.9705882353)
[1, 4, 10, 23, 57, 132, 301, 701, 1654, 3950, 9034, 20018]...: 11890471: ACCEPTED IN 22 TRIES, (AVG 540475.9545454546)
[1, 4, 10, 23, 57, 132, 301, 701, 1654, 3950, 9034, 20030]...: 7020142: ACCEPTED IN 13 TRIES, (AVG 540010.9230769231)
[1, 4, 10, 23, 57, 132, 301, 701, 1654, 3950, 9034, 20055]...: 15677038: ACCEPTED IN 29 TRIES, (AVG 540587.5172413794)
[1, 4, 10, 23, 57, 132, 301, 701, 1654, 3950, 9034, 20059]...: 11891155: ACCEPTED IN 22 TRIES, (AVG 540507.0454545454)
[1, 4, 10, 23, 57, 132, 301, 701, 1654, 3950, 9034, 20092]...: 9725799: ACCEPTED IN 18 TRIES, (AVG 540322.1666666666)
[1, 4, 10, 23, 57, 132, 301, 701, 1654, 3950, 9034, 20096]...: 14596843: ACCEPTED IN 27 TRIES, (AVG 540623.8148148148)
[1, 4, 10, 23, 57, 132, 301, 701, 1654, 3950, 9034, 20100]...: 6478673: ACCEPTED IN 12 TRIES, (AVG 539889.4166666666)
[1, 4, 10, 23, 57, 132, 301, 701, 1654, 3950, 9034, 20150]...: 8102551: ACCEPTED IN 15 TRIES, (AVG 540170.0666666667)
[1, 4, 10, 23, 57, 132, 301, 701, 1654, 3950, 9034, 20187]...: 8643356: ACCEPTED IN 16 TRIES, (AVG 540209.75)
[1, 4, 10, 23, 57, 132, 301, 701, 1654, 3950, 9034, 20191]...: 17302072: ACCEPTED IN 32 TRIES, (AVG 540689.75)
[1, 4, 10, 23, 57, 132, 301, 701, 1654, 3950, 9034, 20199]...: 9185439: ACCEPTED IN 17 TRIES, (AVG 540319.9411764706)
[1, 4, 10, 23, 57, 132, 301, 701, 1654, 3950, 9034, 20224]...: 9723120: ACCEPTED IN 18 TRIES, (AVG 540173.3333333334)
[1, 4, 10, 23, 57, 132, 301, 701, 1654, 3950, 9034, 20228]...: 16761181: ACCEPTED IN 31 TRIES, (AVG 540683.2580645161)
[1, 4, 10, 23, 57, 132, 301, 701, 1654, 3950, 9034, 20232]...: 12431939: ACCEPTED IN 23 TRIES, (AVG 540519.0869565217)
[1, 4, 10, 23, 57, 132, 301, 701, 1654, 3950, 9034, 20248]...: 14596063: ACCEPTED IN 27 TRIES, (AVG 540594.925925926)
[1, 4, 10, 23, 57, 132, 301, 701, 1654, 3950, 9034, 20261]...: 5938300: ACCEPTED IN 11 TRIES, (AVG 539845.4545454546)
[1, 4, 10, 23, 57, 132, 301, 701, 1654, 3950, 9034, 20282]...: 30288610: ACCEPTED IN 56 TRIES, (AVG 540868.0357142857)
[1, 4, 10, 23, 57, 132, 301, 701, 1654, 3950, 9034, 20319]...: 12971600: ACCEPTED IN 24 TRIES, (AVG 540483.3333333334)
[1, 4, 10, 23, 57, 132, 301, 701, 1654, 3950, 9034, 20323]...: 7560811: ACCEPTED IN 14 TRIES, (AVG 540057.9285714285)
[1, 4, 10, 23, 57, 132, 301, 701, 1654, 3950, 9034, 20331]...: 14594902: ACCEPTED IN 27 TRIES, (AVG 540551.925925926)
[1, 4, 10, 23, 57, 132, 301, 701, 1654, 3950, 9034, 20356]...: 10267492: ACCEPTED IN 19 TRIES, (AVG 540394.3157894737)
[1, 4, 10, 23, 57, 132, 301, 701, 1654, 3950, 9034, 20360]...: 16759392: ACCEPTED IN 31 TRIES, (AVG 540625.5483870967)
[1, 4, 10, 23, 57, 132, 301, 701, 1654, 3950, 9034, 20393]...: 7019837: ACCEPTED IN 13 TRIES, (AVG 539987.4615384615)
[1, 4, 10, 23, 57, 132, 301, 701, 1654, 3950, 9034, 20397]...: 4314315: ACCEPTED IN 8 TRIES, (AVG 539289.375)
[1, 4, 10, 23, 57, 132, 301, 701, 1654, 3950, 9034, 20401]...: 6478723: ACCEPTED IN 12 TRIES, (AVG 539893.5833333334)
[1, 4, 10, 23, 57, 132, 301, 701, 1654, 3950, 9034, 20451]...: 5397375: ACCEPTED IN 10 TRIES, (AVG 539737.5)
[1, 4, 10, 23, 57, 132, 301, 701, 1654, 3950, 9034, 20455]...: 12973257: ACCEPTED IN 24 TRIES, (AVG 540552.375)
[1, 4, 10, 23, 57, 132, 301, 701, 1654, 3950, 9034, 20488]...: 9185509: ACCEPTED IN 17 TRIES, (AVG 540324.0588235294)
[1, 4, 10, 23, 57, 132, 301, 701, 1654, 3950, 9034, 20492]...: 12432133: ACCEPTED IN 23 TRIES, (AVG 540527.5217391305)
[1, 4, 10, 23, 57, 132, 301, 701, 1654, 3950, 9034, 20496]...: 15137650: ACCEPTED IN 28 TRIES, (AVG 540630.3571428572)
[1, 4, 10, 23, 57, 132, 301, 701, 1654, 3950, 9034, 20500]...: 21088971: ACCEPTED IN 39 TRIES, (AVG 540742.8461538461)
[1, 4, 10, 23, 57, 132, 301, 701, 1654, 3950, 9034, 20525]...: 9725165: ACCEPTED IN 18 TRIES, (AVG 540286.9444444445)
[1, 4, 10, 23, 57, 132, 301, 701, 1654, 3950, 9034, 20529]...: 9183618: ACCEPTED IN 17 TRIES, (AVG 540212.8235294118)
[1, 4, 10, 23, 57, 132, 301, 701, 1654, 3950, 9034, 20533]...: 15679067: ACCEPTED IN 29 TRIES, (AVG 540657.4827586206)
[1, 4, 10, 23, 57, 132, 301, 701, 1654, 3950, 9034, 20549]...: 10808881: ACCEPTED IN 20 TRIES, (AVG 540444.05)
[1, 4, 10, 23, 57, 132, 301, 701, 1654, 3950, 9034, 20562]...: 14595715: ACCEPTED IN 27 TRIES, (AVG 540582.0370370371)
[1, 4, 10, 23, 57, 132, 301, 701, 1654, 3950, 9034, 20583]...: 12971955: ACCEPTED IN 24 TRIES, (AVG 540498.125)
[1, 4, 10, 23, 57, 132, 301, 701, 1654, 3950, 9034, 20587]...: 10266699: ACCEPTED IN 19 TRIES, (AVG 540352.5789473684)
[1, 4, 10, 23, 57, 132, 301, 701, 1654, 3950, 9034, 20599]...: 8102250: ACCEPTED IN 15 TRIES, (AVG 540150.0)
[1, 4, 10, 23, 57, 132, 301, 701, 1654, 3950, 9034, 20620]...: 8643737: ACCEPTED IN 16 TRIES, (AVG 540233.5625)
[1, 4, 10, 23, 57, 132, 301, 701, 1654, 3950, 9034, 20624]...: 25419534: ACCEPTED IN 47 TRIES, (AVG 540841.1489361703)
[1, 4, 10, 23, 57, 132, 301, 701, 1654, 3950, 9034, 20628]...: 14054766: ACCEPTED IN 26 TRIES, (AVG 540567.9230769231)
[1, 4, 10, 23, 57, 132, 301, 701, 1654, 3950, 9034, 20632]...: 21089605: ACCEPTED IN 39 TRIES, (AVG 540759.1025641026)
[1, 4, 10, 23, 57, 132, 301, 701, 1654, 3950, 9034, 20657]...: 9724683: ACCEPTED IN 18 TRIES, (AVG 540260.1666666666)
[1, 4, 10, 23, 57, 132, 301, 701, 1654, 3950, 9034, 20661]...: 12973162: ACCEPTED IN 24 TRIES, (AVG 540548.4166666666)
[1, 4, 10, 23, 57, 132, 301, 701, 1654, 3950, 9034, 20665]...: 8644150: ACCEPTED IN 16 TRIES, (AVG 540259.375)
[1, 4, 10, 23, 57, 132, 301, 701, 1654, 3950, 9034, 20694]...: 9725583: ACCEPTED IN 18 TRIES, (AVG 540310.1666666666)
[1, 4, 10, 23, 57, 132, 301, 701, 1654, 3950, 9034, 20698]...: 7561407: ACCEPTED IN 14 TRIES, (AVG 540100.5)
[1, 4, 10, 23, 57, 132, 301, 701, 1654, 3950, 9034, 20719]...: 17302288: ACCEPTED IN 32 TRIES, (AVG 540696.5)
[1, 4, 10, 23, 57, 132, 301, 701, 1654, 3950, 9034, 20731]...: 16759779: ACCEPTED IN 31 TRIES, (AVG 540638.0322580645)
[1, 4, 10, 23, 57, 132, 301, 701, 1654, 3950, 9034, 20752]...: 6478990: ACCEPTED IN 12 TRIES, (AVG 539915.8333333334)
[1, 4, 10, 23, 57, 132, 301, 701, 1654, 3950, 9034, 20756]...: 13513604: ACCEPTED IN 25 TRIES, (AVG 540544.16)
[1, 4, 10, 23, 57, 132, 301, 701, 1654, 3950, 9034, 20760]...: 8643699: ACCEPTED IN 16 TRIES, (AVG 540231.1875)
[1, 4, 10, 23, 57, 132, 301, 701, 1654, 3950, 9034, 20789]...: 5938128: ACCEPTED IN 11 TRIES, (AVG 539829.8181818182)
[1, 4, 10, 23, 57, 132, 301, 701, 1654, 3950, 9034, 20793]...: 10808762: ACCEPTED IN 20 TRIES, (AVG 540438.1)
[1, 4, 10, 23, 57, 132, 301, 701, 1654, 3950, 9034, 20797]...: 10808390: ACCEPTED IN 20 TRIES, (AVG 540419.5)
[1, 4, 10, 23, 57, 132, 301, 701, 1654, 3950, 9034, 20801]...: 15677161: ACCEPTED IN 29 TRIES, (AVG 540591.7586206896)
[1, 4, 10, 23, 57, 132, 301, 701, 1654, 3950, 9034, 20826]...: 8644089: ACCEPTED IN 16 TRIES, (AVG 540255.5625)
[1, 4, 10, 23, 57, 132, 301, 701, 1654, 3950, 9034, 20830]...: 14055511: ACCEPTED IN 26 TRIES, (AVG 540596.5769230769)
[1, 4, 10, 23, 57, 132, 301, 701, 1654, 3950, 9034, 20850]...: 7560940: ACCEPTED IN 14 TRIES, (AVG 540067.1428571428)
[1, 4, 10, 23, 57, 132, 301, 701, 1654, 3950, 9034, 20851]...: 14055350: ACCEPTED IN 26 TRIES, (AVG 540590.3846153846)
[1, 4, 10, 23, 57, 132, 301, 701, 1654, 3950, 9034, 20863]...: 10266992: ACCEPTED IN 19 TRIES, (AVG 540368.0)
[1, 4, 10, 23, 57, 132, 301, 701, 1654, 3950, 9034, 20884]...: 108754327: ACCEPTED IN 201 TRIES, (AVG 541066.3034825871)
[1, 4, 10, 23, 57, 132, 301, 701, 1654, 3950, 9034, 20888]...: 10808691: ACCEPTED IN 20 TRIES, (AVG 540434.55)
[1, 4, 10, 23, 57, 132, 301, 701, 1654, 3950, 9034, 20892]...: 15678057: ACCEPTED IN 29 TRIES, (AVG 540622.6551724138)
[1, 4, 10, 23, 57, 132, 301, 701, 1654, 3950, 9034, 20900]...: 25960146: ACCEPTED IN 48 TRIES, (AVG 540836.375)
[1, 4, 10, 23, 57, 132, 301, 701, 1654, 3950, 9034, 20921]...: 6478155: ACCEPTED IN 12 TRIES, (AVG 539846.25)
[1, 4, 10, 23, 57, 132, 301, 701, 1654, 3950, 9034, 20925]...: 14596307: ACCEPTED IN 27 TRIES, (AVG 540603.9629629629)
[1, 4, 10, 23, 57, 132, 301, 701, 1654, 3950, 9034, 20929]...: 12973350: ACCEPTED IN 24 TRIES, (AVG 540556.25)
[1, 4, 10, 23, 57, 132, 301, 701, 1654, 3950, 9034, 20933]...: 53016633: ACCEPTED IN 98 TRIES, (AVG 540986.0510204082)
[1, 4, 10, 23, 57, 132, 301, 701, 1654, 3950, 9034, 20958]...: 13514493: ACCEPTED IN 25 TRIES, (AVG 540579.72)
[1, 4, 10, 23, 57, 132, 301, 701, 1654, 3950, 9034, 20962]...: 15137836: ACCEPTED IN 28 TRIES, (AVG 540637.0)
[1, 4, 10, 23, 57, 132, 301, 701, 1654, 3950, 9034, 20983]...: 18384207: ACCEPTED IN 34 TRIES, (AVG 540711.9705882353)
[1, 4, 10, 23, 57, 132, 301, 701, 1654, 3950, 9034, 20995]...: 11348913: ACCEPTED IN 21 TRIES, (AVG 540424.4285714285)
[1, 4, 10, 23, 57, 132, 301, 701, 1654, 3950, 9034, 20999]...: 11891206: ACCEPTED IN 22 TRIES, (AVG 540509.3636363636)
[1, 4, 10, 23, 57, 132, 301, 701, 1654, 3950, 9034, 21012]...: 13513738: ACCEPTED IN 25 TRIES, (AVG 540549.52)
[1, 4, 10, 23, 57, 132, 301, 701, 1654, 3950, 9034, 21020]...: 5397190: ACCEPTED IN 10 TRIES, (AVG 539719.0)
[1, 4, 10, 23, 57, 132, 301, 701, 1654, 3950, 9034, 21024]...: 14596828: ACCEPTED IN 27 TRIES, (AVG 540623.2592592592)
[1, 4, 10, 23, 57, 132, 301, 701, 1654, 3950, 9034, 21032]...: 12431478: ACCEPTED IN 23 TRIES, (AVG 540499.0434782609)
[1, 4, 10, 23, 57, 132, 301, 701, 1654, 3950, 9034, 21053]...: 9726416: ACCEPTED IN 18 TRIES, (AVG 540356.4444444445)
[1, 4, 10, 23, 57, 132, 301, 701, 1654, 3950, 9034, 21057]...: 8101122: ACCEPTED IN 15 TRIES, (AVG 540074.8)
[1, 4, 10, 23, 57, 132, 301, 701, 1654, 3950, 9034, 21061]...: 10265318: ACCEPTED IN 19 TRIES, (AVG 540279.8947368421)
[1, 4, 10, 23, 57, 132, 301, 701, 1654, 3950, 9034, 21065]...: 30288153: ACCEPTED IN 56 TRIES, (AVG 540859.875)
[1, 4, 10, 23, 57, 132, 301, 701, 1654, 3950, 9034, 21090]...: 13513854: ACCEPTED IN 25 TRIES, (AVG 540554.16)
[1, 4, 10, 23, 57, 132, 301, 701, 1654, 3950, 9034, 21094]...: 25959826: ACCEPTED IN 48 TRIES, (AVG 540829.7083333334)
[1, 4, 10, 23, 57, 132, 301, 701, 1654, 3950, 9034, 21102]...: 8644286: ACCEPTED IN 16 TRIES, (AVG 540267.875)
[1, 4, 10, 23, 57, 132, 301, 701, 1654, 3950, 9034, 21127]...: 7019991: ACCEPTED IN 13 TRIES, (AVG 539999.3076923077)
[1, 4, 10, 23, 57, 132, 301, 701, 1654, 3950, 9034, 21131]...: 11889908: ACCEPTED IN 22 TRIES, (AVG 540450.3636363636)
[1, 4, 10, 23, 57, 132, 301, 701, 1654, 3950, 9034, 21144]...: 12973184: ACCEPTED IN 24 TRIES, (AVG 540549.3333333334)
[1, 4, 10, 23, 57, 132, 301, 701, 1654, 3950, 9034, 21152]...: 14596670: ACCEPTED IN 27 TRIES, (AVG 540617.4074074074)
[1, 4, 10, 23, 57, 132, 301, 701, 1654, 3950, 9034, 21156]...: 10806568: ACCEPTED IN 20 TRIES, (AVG 540328.4)
[1, 4, 10, 23, 57, 132, 301, 701, 1654, 3950, 9034, 21164]...: 10808697: ACCEPTED IN 20 TRIES, (AVG 540434.85)
[1, 4, 10, 23, 57, 132, 301, 701, 1654, 3950, 9034, 21185]...: 6479672: ACCEPTED IN 12 TRIES, (AVG 539972.6666666666)
[1, 4, 10, 23, 57, 132, 301, 701, 1654, 3950, 9034, 21189]...: 18924976: ACCEPTED IN 35 TRIES, (AVG 540713.6)
[1, 4, 10, 23, 57, 132, 301, 701, 1654, 3950, 9034, 21193]...: 10267779: ACCEPTED IN 19 TRIES, (AVG 540409.4210526316)
[1, 4, 10, 23, 57, 132, 301, 701, 1654, 3950, 9034, 21197]...: 13513285: ACCEPTED IN 25 TRIES, (AVG 540531.4)
[1, 4, 10, 23, 57, 132, 301, 701, 1654, 3950, 9034, 21201]...: 15678442: ACCEPTED IN 29 TRIES, (AVG 540635.9310344828)
[1, 4, 10, 23, 57, 132, 301, 701, 1654, 3950, 9034, 21222]...: 10267320: ACCEPTED IN 19 TRIES, (AVG 540385.2631578947)
[1, 4, 10, 23, 57, 132, 301, 701, 1654, 3950, 9034, 21226]...: 2691631: ACCEPTED IN 5 TRIES, (AVG 538326.2)
[1, 4, 10, 23, 57, 132, 301, 701, 1654, 3950, 9034, 21230]...: 7561125: ACCEPTED IN 14 TRIES, (AVG 540080.3571428572)
[1, 4, 10, 23, 57, 132, 301, 701, 1654, 3950, 9034, 21234]...: 20008130: ACCEPTED IN 37 TRIES, (AVG 540760.2702702703)
[1, 4, 10, 23, 57, 132, 301, 701, 1654, 3950, 9034, 21259]...: 14055633: ACCEPTED IN 26 TRIES, (AVG 540601.2692307692)
[1, 4, 10, 23, 57, 132, 301, 701, 1654, 3950, 9034, 21263]...: 14594634: ACCEPTED IN 27 TRIES, (AVG 540542.0)
[1, 4, 10, 23, 57, 132, 301, 701, 1654, 3950, 9034, 21276]...: 6479349: ACCEPTED IN 12 TRIES, (AVG 539945.75)
[1, 4, 10, 23, 57, 132, 301, 701, 1654, 3950, 9034, 21284]...: 7560684: ACCEPTED IN 14 TRIES, (AVG 540048.8571428572)
[1, 4, 10, 23, 57, 132, 301, 701, 1654, 3950, 9034, 21288]...: 16761328: ACCEPTED IN 31 TRIES, (AVG 540688.0)
[1, 4, 10, 23, 57, 132, 301, 701, 1654, 3950, 9034, 21296]...: 9726623: ACCEPTED IN 18 TRIES, (AVG 540367.9444444445)
[1, 4, 10, 23, 57, 132, 301, 701, 1654, 3950, 9034, 21300]...: 9726548: ACCEPTED IN 18 TRIES, (AVG 540363.7777777778)
[1, 4, 10, 23, 57, 132, 301, 701, 1654, 3950, 9034, 21313]...: 9725481: ACCEPTED IN 18 TRIES, (AVG 540304.5)
[1, 4, 10, 23, 57, 132, 301, 701, 1654, 3950, 9034, 21317]...: 11890498: ACCEPTED IN 22 TRIES, (AVG 540477.1818181818)
[1, 4, 10, 23, 57, 132, 301, 701, 1654, 3950, 9034, 21321]...: 8101990: ACCEPTED IN 15 TRIES, (AVG 540132.6666666666)
[1, 4, 10, 23, 57, 132, 301, 701, 1654, 3950, 9034, 21325]...: 10266311: ACCEPTED IN 19 TRIES, (AVG 540332.1578947369)
[1, 4, 10, 23, 57, 132, 301, 701, 1654, 3950, 9034, 21329]...: 10807943: ACCEPTED IN 20 TRIES, (AVG 540397.15)
[1, 4, 10, 23, 57, 132, 301, 701, 1654, 3950, 9034, 21333]...: 14596656: ACCEPTED IN 27 TRIES, (AVG 540616.8888888889)
[1, 4, 10, 23, 57, 132, 301, 701, 1654, 3950, 9034, 21354]...: 17301866: ACCEPTED IN 32 TRIES, (AVG 540683.3125)
[1, 4, 10, 23, 57, 132, 301, 701, 1654, 3950, 9034, 21358]...: 7560531: ACCEPTED IN 14 TRIES, (AVG 540037.9285714285)
[1, 4, 10, 23, 57, 132, 301, 701, 1654, 3950, 9034, 21362]...: 4854948: ACCEPTED IN 9 TRIES, (AVG 539438.6666666666)
[1, 4, 10, 23, 57, 132, 301, 701, 1654, 3950, 9034, 21366]...: 10808778: ACCEPTED IN 20 TRIES, (AVG 540438.9)
[1, 4, 10, 23, 57, 132, 301, 701, 1654, 3950, 9034, 21391]...: 8103257: ACCEPTED IN 15 TRIES, (AVG 540217.1333333333)
[1, 4, 10, 23, 57, 132, 301, 701, 1654, 3950, 9034, 21395]...: 6478370: ACCEPTED IN 12 TRIES, (AVG 539864.1666666666)
[1, 4, 10, 23, 57, 132, 301, 701, 1654, 3950, 9034, 21408]...: 7559487: ACCEPTED IN 14 TRIES, (AVG 539963.3571428572)
[1, 4, 10, 23, 57, 132, 301, 701, 1654, 3950, 9034, 21420]...: 8103001: ACCEPTED IN 15 TRIES, (AVG 540200.0666666667)
[1, 4, 10, 23, 57, 132, 301, 701, 1654, 3950, 9034, 21428]...: 8100782: ACCEPTED IN 15 TRIES, (AVG 540052.1333333333)
[1, 4, 10, 23, 57, 132, 301, 701, 1654, 3950, 9034, 21445]...: 6479371: ACCEPTED IN 12 TRIES, (AVG 539947.5833333334)
[1, 4, 10, 23, 57, 132, 301, 701, 1654, 3950, 9034, 21449]...: 10808506: ACCEPTED IN 20 TRIES, (AVG 540425.3)
[1, 4, 10, 23, 57, 132, 301, 701, 1654, 3950, 9034, 21453]...: 9725850: ACCEPTED IN 18 TRIES, (AVG 540325.0)
[1, 4, 10, 23, 57, 132, 301, 701, 1654, 3950, 9034, 21457]...: 15678502: ACCEPTED IN 29 TRIES, (AVG 540638.0)
[1, 4, 10, 23, 57, 132, 301, 701, 1654, 3950, 9034, 21461]...: 7559668: ACCEPTED IN 14 TRIES, (AVG 539976.2857142857)
[1, 4, 10, 23, 57, 132, 301, 701, 1654, 3950, 9034, 21465]...: 7560508: ACCEPTED IN 14 TRIES, (AVG 540036.2857142857)
[1, 4, 10, 23, 57, 132, 301, 701, 1654, 3950, 9034, 21486]...: 5396880: ACCEPTED IN 10 TRIES, (AVG 539688.0)
[1, 4, 10, 23, 57, 132, 301, 701, 1654, 3950, 9034, 21490]...: 13513948: ACCEPTED IN 25 TRIES, (AVG 540557.92)
[1, 4, 10, 23, 57, 132, 301, 701, 1654, 3950, 9034, 21494]...: 27042646: ACCEPTED IN 50 TRIES, (AVG 540852.92)
[1, 4, 10, 23, 57, 132, 301, 701, 1654, 3950, 9034, 21498]...: 20006743: ACCEPTED IN 37 TRIES, (AVG 540722.7837837838)
[1, 4, 10, 23, 57, 132, 301, 701, 1654, 3950, 9034, 21502]...: 7020644: ACCEPTED IN 13 TRIES, (AVG 540049.5384615385)
[1, 4, 10, 23, 57, 132, 301, 701, 1654, 3950, 9034, 21523]...: 7560965: ACCEPTED IN 14 TRIES, (AVG 540068.9285714285)
[1, 4, 10, 23, 57, 132, 301, 701, 1654, 3950, 9034, 21527]...: 10265043: ACCEPTED IN 19 TRIES, (AVG 540265.4210526316)
[1, 4, 10, 23, 57, 132, 301, 701, 1654, 3950, 9034, 21531]...: 7560976: ACCEPTED IN 14 TRIES, (AVG 540069.7142857143)
[1, 4, 10, 23, 57, 132, 301, 701, 1654, 3950, 9034, 21540]...: 13511980: ACCEPTED IN 25 TRIES, (AVG 540479.2)
[1, 4, 10, 23, 57, 132, 301, 701, 1654, 3950, 9034, 21552]...: 9725286: ACCEPTED IN 18 TRIES, (AVG 540293.6666666666)
[1, 4, 10, 23, 57, 132, 301, 701, 1654, 3950, 9034, 21560]...: 4855533: ACCEPTED IN 9 TRIES, (AVG 539503.6666666666)
[1, 4, 10, 23, 57, 132, 301, 701, 1654, 3950, 9034, 21577]...: 14054087: ACCEPTED IN 26 TRIES, (AVG 540541.8076923077)
[1, 4, 10, 23, 57, 132, 301, 701, 1654, 3950, 9034, 21581]...: 9724809: ACCEPTED IN 18 TRIES, (AVG 540267.1666666666)
[1, 4, 10, 23, 57, 132, 301, 701, 1654, 3950, 9034, 21585]...: 7020484: ACCEPTED IN 13 TRIES, (AVG 540037.2307692308)
[1, 4, 10, 23, 57, 132, 301, 701, 1654, 3950, 9034, 21589]...: 7562017: ACCEPTED IN 14 TRIES, (AVG 540144.0714285715)
[1, 4, 10, 23, 57, 132, 301, 701, 1654, 3950, 9034, 21593]...: 10267436: ACCEPTED IN 19 TRIES, (AVG 540391.3684210526)
[1, 4, 10, 23, 57, 132, 301, 701, 1654, 3950, 9034, 21597]...: 13513502: ACCEPTED IN 25 TRIES, (AVG 540540.08)
[1, 4, 10, 23, 57, 132, 301, 701, 1654, 3950, 9034, 21601]...: 14593870: ACCEPTED IN 27 TRIES, (AVG 540513.7037037037)
[1, 4, 10, 23, 57, 132, 301, 701, 1654, 3950, 9034, 21614]...: 9185301: ACCEPTED IN 17 TRIES, (AVG 540311.8235294118)
[1, 4, 10, 23, 57, 132, 301, 701, 1654, 3950, 9034, 21618]...: 7559504: ACCEPTED IN 14 TRIES, (AVG 539964.5714285715)
[1, 4, 10, 23, 57, 132, 301, 701, 1654, 3950, 9034, 21622]...: 9724999: ACCEPTED IN 18 TRIES, (AVG 540277.7222222222)
[1, 4, 10, 23, 57, 132, 301, 701, 1654, 3950, 9034, 21626]...: 4855442: ACCEPTED IN 9 TRIES, (AVG 539493.5555555555)
[1, 4, 10, 23, 57, 132, 301, 701, 1654, 3950, 9034, 21630]...: 13512848: ACCEPTED IN 25 TRIES, (AVG 540513.92)
[1, 4, 10, 23, 57, 132, 301, 701, 1654, 3950, 9034, 21634]...: 6479280: ACCEPTED IN 12 TRIES, (AVG 539940.0)
[1, 4, 10, 23, 57, 132, 301, 701, 1654, 3950, 9034, 21655]...: 4315148: ACCEPTED IN 8 TRIES, (AVG 539393.5)
[1, 4, 10, 23, 57, 132, 301, 701, 1654, 3950, 9034, 21659]...: 10265691: ACCEPTED IN 19 TRIES, (AVG 540299.5263157894)
[1, 4, 10, 23, 57, 132, 301, 701, 1654, 3950, 9034, 21663]...: 5937965: ACCEPTED IN 11 TRIES, (AVG 539815.0)
[1, 4, 10, 23, 57, 132, 301, 701, 1654, 3950, 9034, 21672]...: 9185068: ACCEPTED IN 17 TRIES, (AVG 540298.1176470588)
