[1, 4, 10, 23, 57, 132, 301, 701, 1654, 3950, 8862, 19542]...: 43275274: ACCEPTED IN 80 TRIES, (AVG 540940.925)
[1, 4, 10, 23, 57, 132, 301, 701, 1654, 3950, 8862, 19627]...: 35701148: ACCEPTED IN 66 TRIES, (AVG 540926.4848484849)
[1, 4, 10, 23, 57, 132, 301, 701, 1654, 3950, 8862, 19806]...: 37323753: ACCEPTED IN 69 TRIES, (AVG 540923.9565217391)
[1, 4, 10, 23, 57, 132, 301, 701, 1654, 3950, 8862, 19928]...: 37323297: ACCEPTED IN 69 TRIES, (AVG 540917.3478260869)
[1, 4, 10, 23, 57, 132, 301, 701, 1654, 3950, 8862, 20229]...: 26501341: ACCEPTED IN 49 TRIES, (AVG 540843.693877551)
[1, 4, 10, 23, 57, 132, 301, 701, 1654, 3950, 8862, 20472]...: 37324555: ACCEPTED IN 69 TRIES, (AVG 540935.5797101449)
[1, 4, 10, 23, 57, 132, 301, 701, 1654, 3950, 8862, 20530]...: 44359219: ACCEPTED IN 82 TRIES, (AVG 540966.0853658536)
[1, 4, 10, 23, 57, 132, 301, 701, 1654, 3950, 8862, 20604]...: 51934472: ACCEPTED IN 96 TRIES, (AVG 540984.0833333334)
[1, 4, 10, 23, 57, 132, 301, 701, 1654, 3950, 8862, 20736]...: 35700032: ACCEPTED IN 66 TRIES, (AVG 540909.5757575758)
[1, 4, 10, 23, 57, 132, 301, 701, 1654, 3950, 8862, 20831]...: 28125228: ACCEPTED IN 52 TRIES, (AVG 540869.7692307692)
[1, 4, 10, 23, 57, 132, 301, 701, 1654, 3950, 8862, 20868]...: 27583484: ACCEPTED IN 51 TRIES, (AVG 540852.6274509804)
[1, 4, 10, 23, 57, 132, 301, 701, 1654, 3950, 8862, 21000]...: 69251301: ACCEPTED IN 128 TRIES, (AVG 541025.7890625)
[1, 4, 10, 23, 57, 132, 301, 701, 1654, 3950, 8862, 21064]...: 52475288: ACCEPTED IN 97 TRIES, (AVG 540982.350515464)
[1, 4, 10, 23, 57, 132, 301, 701, 1654, 3950, 8862, 21132]...: 43275910: ACCEPTED IN 80 TRIES, (AVG 540948.875)
[1, 4, 10, 23, 57, 132, 301, 701, 1654, 3950, 8862, 21196]...: 23254443: ACCEPTED IN 43 TRIES, (AVG 540801.0)
