[1, 4, 10, 23, 57, 132, 301, 701, 1636, 3828, 9002, 19852]...: 20548739: ACCEPTED IN 38 TRIES, (AVG 540756.2894736842)
[1, 4, 10, 23, 57, 132, 301, 701, 1636, 3828, 9002, 19866]...: 29748189: ACCEPTED IN 55 TRIES, (AVG 540876.1636363637)
[1, 4, 10, 23, 57, 132, 301, 701, 1636, 3828, 9002, 19884]...: 29207141: ACCEPTED IN 54 TRIES, (AVG 540872.9814814815)
[1, 4, 10, 23, 57, 132, 301, 701, 1636, 3828, 9002, 19885]...: 118494773: ACCEPTED IN 219 TRIES, (AVG 541072.0228310502)
[1, 4, 10, 23, 57, 132, 301, 701, 1636, 3828, 9002, 19919]...: 15678404: ACCEPTED IN 29 TRIES, (AVG 540634.6206896552)
[1, 4, 10, 23, 57, 132, 301, 701, 1636, 3828, 9002, 19983]...: 28124763: ACCEPTED IN 52 TRIES, (AVG 540860.8269230769)
[1, 4, 10, 23, 57, 132, 301, 701, 1636, 3828, 9002, 19984]...: 29206258: ACCEPTED IN 54 TRIES, (AVG 540856.6296296297)
[1, 4, 10, 23, 57, 132, 301, 701, 1636, 3828, 9002, 19998]...: 22713658: ACCEPTED IN 42 TRIES, (AVG 540801.380952381)
[1, 4, 10, 23, 57, 132, 301, 701, 1636, 3828, 9002, 20153]...: 16220032: ACCEPTED IN 30 TRIES, (AVG 540667.7333333333)
[1, 4, 10, 23, 57, 132, 301, 701, 1636, 3828, 9002, 20183]...: 26501808: ACCEPTED IN 49 TRIES, (AVG 540853.224489796)
[1, 4, 10, 23, 57, 132, 301, 701, 1636, 3828, 9002, 20185]...: 16218965: ACCEPTED IN 30 TRIES, (AVG 540632.1666666666)
[1, 4, 10, 23, 57, 132, 301, 701, 1636, 3828, 9002, 20220]...: 15137563: ACCEPTED IN 28 TRIES, (AVG 540627.25)
[1, 4, 10, 23, 57, 132, 301, 701, 1636, 3828, 9002, 20284]...: 15136165: ACCEPTED IN 28 TRIES, (AVG 540577.3214285715)
[1, 4, 10, 23, 57, 132, 301, 701, 1636, 3828, 9002, 20317]...: 29748450: ACCEPTED IN 55 TRIES, (AVG 540880.9090909091)
[1, 4, 10, 23, 57, 132, 301, 701, 1636, 3828, 9002, 20319]...: 16760839: ACCEPTED IN 31 TRIES, (AVG 540672.2258064516)
[1, 4, 10, 23, 57, 132, 301, 701, 1636, 3828, 9002, 20352]...: 24336574: ACCEPTED IN 45 TRIES, (AVG 540812.7555555556)
[1, 4, 10, 23, 57, 132, 301, 701, 1636, 3828, 9002, 20416]...: 29747856: ACCEPTED IN 55 TRIES, (AVG 540870.1090909091)
[1, 4, 10, 23, 57, 132, 301, 701, 1636, 3828, 9002, 20451]...: 20548964: ACCEPTED IN 38 TRIES, (AVG 540762.2105263158)
[1, 4, 10, 23, 57, 132, 301, 701, 1636, 3828, 9002, 20454]...: 20006597: ACCEPTED IN 37 TRIES, (AVG 540718.8378378379)
[1, 4, 10, 23, 57, 132, 301, 701, 1636, 3828, 9002, 20484]...: 20548843: ACCEPTED IN 38 TRIES, (AVG 540759.0263157894)
[1, 4, 10, 23, 57, 132, 301, 701, 1636, 3828, 9002, 20553]...: 15136614: ACCEPTED IN 28 TRIES, (AVG 540593.3571428572)
[1, 4, 10, 23, 57, 132, 301, 701, 1636, 3828, 9002, 20583]...: 16220058: ACCEPTED IN 30 TRIES, (AVG 540668.6)
[1, 4, 10, 23, 57, 132, 301, 701, 1636, 3828, 9002, 20585]...: 30826863: ACCEPTED IN 57 TRIES, (AVG 540822.1578947369)
[1, 4, 10, 23, 57, 132, 301, 701, 1636, 3828, 9002, 20586]...: 21630565: ACCEPTED IN 40 TRIES, (AVG 540764.125)
[1, 4, 10, 23, 57, 132, 301, 701, 1636, 3828, 9002, 20618]...: 27583482: ACCEPTED IN 51 TRIES, (AVG 540852.5882352941)
[1, 4, 10, 23, 57, 132, 301, 701, 1636, 3828, 9002, 20620]...: 21090153: ACCEPTED IN 39 TRIES, (AVG 540773.1538461539)
[1, 4, 10, 23, 57, 132, 301, 701, 1636, 3828, 9002, 20685]...: 26500098: ACCEPTED IN 49 TRIES, (AVG 540818.3265306122)
[1, 4, 10, 23, 57, 132, 301, 701, 1636, 3828, 9002, 20717]...: 27583642: ACCEPTED IN 51 TRIES, (AVG 540855.725490196)
[1, 4, 10, 23, 57, 132, 301, 701, 1636, 3828, 9002, 20752]...: 64921149: ACCEPTED IN 120 TRIES, (AVG 541009.575)
[1, 4, 10, 23, 57, 132, 301, 701, 1636, 3828, 9002, 20787]...: 14595427: ACCEPTED IN 27 TRIES, (AVG 540571.3703703703)
[1, 4, 10, 23, 57, 132, 301, 701, 1636, 3828, 9002, 20817]...: 19467079: ACCEPTED IN 36 TRIES, (AVG 540752.1944444445)
[1, 4, 10, 23, 57, 132, 301, 701, 1636, 3828, 9002, 20854]...: 15137270: ACCEPTED IN 28 TRIES, (AVG 540616.7857142857)
[1, 4, 10, 23, 57, 132, 301, 701, 1636, 3828, 9002, 20884]...: 16761223: ACCEPTED IN 31 TRIES, (AVG 540684.6129032258)
[1, 4, 10, 23, 57, 132, 301, 701, 1636, 3828, 9002, 20886]...: 16761221: ACCEPTED IN 31 TRIES, (AVG 540684.5483870967)
[1, 4, 10, 23, 57, 132, 301, 701, 1636, 3828, 9002, 20918]...: 14596369: ACCEPTED IN 27 TRIES, (AVG 540606.2592592592)
[1, 4, 10, 23, 57, 132, 301, 701, 1636, 3828, 9002, 20919]...: 14594911: ACCEPTED IN 27 TRIES, (AVG 540552.2592592592)
[1, 4, 10, 23, 57, 132, 301, 701, 1636, 3828, 9002, 20921]...: 14596769: ACCEPTED IN 27 TRIES, (AVG 540621.074074074)
[1, 4, 10, 23, 57, 132, 301, 701, 1636, 3828, 9002, 21018]...: 15676891: ACCEPTED IN 29 TRIES, (AVG 540582.448275862)
[1, 4, 10, 23, 57, 132, 301, 701, 1636, 3828, 9002, 21050]...: 30829625: ACCEPTED IN 57 TRIES, (AVG 540870.6140350878)
[1, 4, 10, 23, 57, 132, 301, 701, 1636, 3828, 9002, 21053]...: 29206420: ACCEPTED IN 54 TRIES, (AVG 540859.6296296297)
[1, 4, 10, 23, 57, 132, 301, 701, 1636, 3828, 9002, 21088]...: 16218869: ACCEPTED IN 30 TRIES, (AVG 540628.9666666667)
[1, 4, 10, 23, 57, 132, 301, 701, 1636, 3828, 9002, 21118]...: 11889554: ACCEPTED IN 22 TRIES, (AVG 540434.2727272727)
[1, 4, 10, 23, 57, 132, 301, 701, 1636, 3828, 9002, 21152]...: 16220034: ACCEPTED IN 30 TRIES, (AVG 540667.8)
[1, 4, 10, 23, 57, 132, 301, 701, 1636, 3828, 9002, 21155]...: 15678968: ACCEPTED IN 29 TRIES, (AVG 540654.0689655172)
[1, 4, 10, 23, 57, 132, 301, 701, 1636, 3828, 9002, 21185]...: 29748593: ACCEPTED IN 55 TRIES, (AVG 540883.509090909)
[1, 4, 10, 23, 57, 132, 301, 701, 1636, 3828, 9002, 21187]...: 32453943: ACCEPTED IN 60 TRIES, (AVG 540899.05)
[1, 4, 10, 23, 57, 132, 301, 701, 1636, 3828, 9002, 21219]...: 21090424: ACCEPTED IN 39 TRIES, (AVG 540780.1025641026)
[1, 4, 10, 23, 57, 132, 301, 701, 1636, 3828, 9002, 21220]...: 27041569: ACCEPTED IN 50 TRIES, (AVG 540831.38)
[1, 4, 10, 23, 57, 132, 301, 701, 1636, 3828, 9002, 21254]...: 8643123: ACCEPTED IN 16 TRIES, (AVG 540195.1875)
[1, 4, 10, 23, 57, 132, 301, 701, 1636, 3828, 9002, 21284]...: 20547443: ACCEPTED IN 38 TRIES, (AVG 540722.1842105263)
[1, 4, 10, 23, 57, 132, 301, 701, 1636, 3828, 9002, 21287]...: 17843026: ACCEPTED IN 33 TRIES, (AVG 540697.7575757576)
[1, 4, 10, 23, 57, 132, 301, 701, 1636, 3828, 9002, 21319]...: 15675841: ACCEPTED IN 29 TRIES, (AVG 540546.2413793104)
[1, 4, 10, 23, 57, 132, 301, 701, 1636, 3828, 9002, 21351]...: 26501488: ACCEPTED IN 49 TRIES, (AVG 540846.693877551)
[1, 4, 10, 23, 57, 132, 301, 701, 1636, 3828, 9002, 21386]...: 28125213: ACCEPTED IN 52 TRIES, (AVG 540869.4807692308)
[1, 4, 10, 23, 57, 132, 301, 701, 1636, 3828, 9002, 21389]...: 15677255: ACCEPTED IN 29 TRIES, (AVG 540595.0)
[1, 4, 10, 23, 57, 132, 301, 701, 1636, 3828, 9002, 21419]...: 4856047: ACCEPTED IN 9 TRIES, (AVG 539560.7777777778)
[1, 4, 10, 23, 57, 132, 301, 701, 1636, 3828, 9002, 21453]...: 22713872: ACCEPTED IN 42 TRIES, (AVG 540806.4761904762)
[1, 4, 10, 23, 57, 132, 301, 701, 1636, 3828, 9002, 21488]...: 3232010: ACCEPTED IN 6 TRIES, (AVG 538668.3333333334)
[1, 4, 10, 23, 57, 132, 301, 701, 1636, 3828, 9002, 21518]...: 15136179: ACCEPTED IN 28 TRIES, (AVG 540577.8214285715)
[1, 4, 10, 23, 57, 132, 301, 701, 1636, 3828, 9002, 21520]...: 30828168: ACCEPTED IN 57 TRIES, (AVG 540845.052631579)
[1, 4, 10, 23, 57, 132, 301, 701, 1636, 3828, 9002, 21521]...: 12432341: ACCEPTED IN 23 TRIES, (AVG 540536.5652173914)
[1, 4, 10, 23, 57, 132, 301, 701, 1636, 3828, 9002, 21555]...: 17302291: ACCEPTED IN 32 TRIES, (AVG 540696.59375)
[1, 4, 10, 23, 57, 132, 301, 701, 1636, 3828, 9002, 21585]...: 21630817: ACCEPTED IN 40 TRIES, (AVG 540770.425)
