[1, 4, 10, 23, 57, 132, 301, 701, 1636, 3792, 8566, 18913]...: 48686997: ACCEPTED IN 90 TRIES, (AVG 540966.6333333333)
[1, 4, 10, 23, 57, 132, 301, 701, 1636, 3792, 8566, 18917]...: 26501155: ACCEPTED IN 49 TRIES, (AVG 540839.8979591837)
[1, 4, 10, 23, 57, 132, 301, 701, 1636, 3792, 8566, 19045]...: 29747955: ACCEPTED IN 55 TRIES, (AVG 540871.9090909091)
[1, 4, 10, 23, 57, 132, 301, 701, 1636, 3792, 8566, 19049]...: 11349555: ACCEPTED IN 21 TRIES, (AVG 540455.0)
[1, 4, 10, 23, 57, 132, 301, 701, 1636, 3792, 8566, 19111]...: 27041590: ACCEPTED IN 50 TRIES, (AVG 540831.8)
[1, 4, 10, 23, 57, 132, 301, 701, 1636, 3792, 8566, 19181]...: 14055495: ACCEPTED IN 26 TRIES, (AVG 540595.9615384615)
[1, 4, 10, 23, 57, 132, 301, 701, 1636, 3792, 8566, 19218]...: 43276635: ACCEPTED IN 80 TRIES, (AVG 540957.9375)
[1, 4, 10, 23, 57, 132, 301, 701, 1636, 3792, 8566, 19243]...: 11890486: ACCEPTED IN 22 TRIES, (AVG 540476.6363636364)
[1, 4, 10, 23, 57, 132, 301, 701, 1636, 3792, 8566, 19313]...: 48147021: ACCEPTED IN 89 TRIES, (AVG 540977.7640449438)
[1, 4, 10, 23, 57, 132, 301, 701, 1636, 3792, 8566, 19350]...: 42193126: ACCEPTED IN 78 TRIES, (AVG 540937.5128205129)
[1, 4, 10, 23, 57, 132, 301, 701, 1636, 3792, 8566, 19412]...: 26500192: ACCEPTED IN 49 TRIES, (AVG 540820.2448979592)
[1, 4, 10, 23, 57, 132, 301, 701, 1636, 3792, 8566, 19445]...: 53016178: ACCEPTED IN 98 TRIES, (AVG 540981.4081632653)
[1, 4, 10, 23, 57, 132, 301, 701, 1636, 3792, 8566, 19482]...: 29746803: ACCEPTED IN 55 TRIES, (AVG 540850.9636363636)
[1, 4, 10, 23, 57, 132, 301, 701, 1636, 3792, 8566, 19544]...: 32453033: ACCEPTED IN 60 TRIES, (AVG 540883.8833333333)
[1, 4, 10, 23, 57, 132, 301, 701, 1636, 3792, 8566, 19614]...: 18383498: ACCEPTED IN 34 TRIES, (AVG 540691.1176470588)
[1, 4, 10, 23, 57, 132, 301, 701, 1636, 3792, 8566, 19713]...: 28124003: ACCEPTED IN 52 TRIES, (AVG 540846.2115384615)
[1, 4, 10, 23, 57, 132, 301, 701, 1636, 3792, 8566, 19746]...: 10808112: ACCEPTED IN 20 TRIES, (AVG 540405.6)
[1, 4, 10, 23, 57, 132, 301, 701, 1636, 3792, 8566, 19845]...: 29205666: ACCEPTED IN 54 TRIES, (AVG 540845.6666666666)
[1, 4, 10, 23, 57, 132, 301, 701, 1636, 3792, 8566, 20014]...: 5938685: ACCEPTED IN 11 TRIES, (AVG 539880.4545454546)
[1, 4, 10, 23, 57, 132, 301, 701, 1636, 3792, 8566, 20146]...: 24336049: ACCEPTED IN 45 TRIES, (AVG 540801.088888889)
[1, 4, 10, 23, 57, 132, 301, 701, 1636, 3792, 8566, 20315]...: 11348504: ACCEPTED IN 21 TRIES, (AVG 540404.9523809524)
[1, 4, 10, 23, 57, 132, 301, 701, 1636, 3792, 8566, 20447]...: 13513979: ACCEPTED IN 25 TRIES, (AVG 540559.16)
