[1, 4, 10, 23, 57, 132, 301, 701, 1636, 3792, 8880, 19550]...: 4314062: ACCEPTED IN 8 TRIES, (AVG 539257.75)
[1, 4, 10, 23, 57, 132, 301, 701, 1636, 3792, 8880, 19584]...: 4853177: ACCEPTED IN 9 TRIES, (AVG 539241.8888888889)
[1, 4, 10, 23, 57, 132, 301, 701, 1636, 3792, 8880, 19641]...: 2155504: ACCEPTED IN 4 TRIES, (AVG 538876.0)
[1, 4, 10, 23, 57, 132, 301, 701, 1636, 3792, 8880, 19642]...: 537485: ACCEPTED IN 1 TRIES, (AVG 537485.0)
[1, 4, 10, 23, 57, 132, 301, 701, 1636, 3792, 8880, 19673]...: 3235408: ACCEPTED IN 6 TRIES, (AVG 539234.6666666666)
[1, 4, 10, 23, 57, 132, 301, 701, 1636, 3792, 8880, 19676]...: 537456: ACCEPTED IN 1 TRIES, (AVG 537456.0)
[1, 4, 10, 23, 57, 132, 301, 701, 1636, 3792, 8880, 19846]...: 1076820: ACCEPTED IN 2 TRIES, (AVG 538410.0)
[1, 4, 10, 23, 57, 132, 301, 701, 1636, 3792, 8880, 19847]...: 4314443: ACCEPTED IN 8 TRIES, (AVG 539305.375)
[1, 4, 10, 23, 57, 132, 301, 701, 1636, 3792, 8880, 19885]...: 5932846: ACCEPTED IN 11 TRIES, (AVG 539349.6363636364)
[1, 4, 10, 23, 57, 132, 301, 701, 1636, 3792, 8880, 19978]...: 4313837: ACCEPTED IN 8 TRIES, (AVG 539229.625)
[1, 4, 10, 23, 57, 132, 301, 701, 1636, 3792, 8880, 19981]...: 2695504: ACCEPTED IN 5 TRIES, (AVG 539100.8)
[1, 4, 10, 23, 57, 132, 301, 701, 1636, 3792, 8880, 19982]...: 537427: ACCEPTED IN 1 TRIES, (AVG 537427.0)
[1, 4, 10, 23, 57, 132, 301, 701, 1636, 3792, 8880, 19985]...: 4853025: ACCEPTED IN 9 TRIES, (AVG 539225.0)
[1, 4, 10, 23, 57, 132, 301, 701, 1636, 3792, 8880, 20014]...: 4313853: ACCEPTED IN 8 TRIES, (AVG 539231.625)
[1, 4, 10, 23, 57, 132, 301, 701, 1636, 3792, 8880, 20080]...: 1075187: ACCEPTED IN 2 TRIES, (AVG 537593.5)
[1, 4, 10, 23, 57, 132, 301, 701, 1636, 3792, 8880, 20116]...: 3774909: ACCEPTED IN 7 TRIES, (AVG 539272.7142857143)
[1, 4, 10, 23, 57, 132, 301, 701, 1636, 3792, 8880, 20143]...: 3233377: ACCEPTED IN 6 TRIES, (AVG 538896.1666666666)
[1, 4, 10, 23, 57, 132, 301, 701, 1636, 3792, 8880, 20144]...: 1076202: ACCEPTED IN 2 TRIES, (AVG 538101.0)
[1, 4, 10, 23, 57, 132, 301, 701, 1636, 3792, 8880, 20184]...: 536970: ACCEPTED IN 1 TRIES, (AVG 536970.0)
[1, 4, 10, 23, 57, 132, 301, 701, 1636, 3792, 8880, 20207]...: 2156224: ACCEPTED IN 4 TRIES, (AVG 539056.0)
[1, 4, 10, 23, 57, 132, 301, 701, 1636, 3792, 8880, 20247]...: 1615755: ACCEPTED IN 3 TRIES, (AVG 538585.0)
[1, 4, 10, 23, 57, 132, 301, 701, 1636, 3792, 8880, 20250]...: 3233909: ACCEPTED IN 6 TRIES, (AVG 538984.8333333334)
[1, 4, 10, 23, 57, 132, 301, 701, 1636, 3792, 8880, 20277]...: 2155384: ACCEPTED IN 4 TRIES, (AVG 538846.0)
[1, 4, 10, 23, 57, 132, 301, 701, 1636, 3792, 8880, 20282]...: 2155952: ACCEPTED IN 4 TRIES, (AVG 538988.0)
[1, 4, 10, 23, 57, 132, 301, 701, 1636, 3792, 8880, 20309]...: 3234913: ACCEPTED IN 6 TRIES, (AVG 539152.1666666666)
[1, 4, 10, 23, 57, 132, 301, 701, 1636, 3792, 8880, 20314]...: 536546: ACCEPTED IN 1 TRIES, (AVG 536546.0)
[1, 4, 10, 23, 57, 132, 301, 701, 1636, 3792, 8880, 20345]...: 537517: ACCEPTED IN 1 TRIES, (AVG 537517.0)
[1, 4, 10, 23, 57, 132, 301, 701, 1636, 3792, 8880, 20374]...: 4313397: ACCEPTED IN 8 TRIES, (AVG 539174.625)
[1, 4, 10, 23, 57, 132, 301, 701, 1636, 3792, 8880, 20378]...: 1077134: ACCEPTED IN 2 TRIES, (AVG 538567.0)
[1, 4, 10, 23, 57, 132, 301, 701, 1636, 3792, 8880, 20379]...: 2155397: ACCEPTED IN 4 TRIES, (AVG 538849.25)
[1, 4, 10, 23, 57, 132, 301, 701, 1636, 3792, 8880, 20413]...: 3234757: ACCEPTED IN 6 TRIES, (AVG 539126.1666666666)
[1, 4, 10, 23, 57, 132, 301, 701, 1636, 3792, 8880, 20445]...: 4314143: ACCEPTED IN 8 TRIES, (AVG 539267.875)
[1, 4, 10, 23, 57, 132, 301, 701, 1636, 3792, 8880, 20473]...: 2695893: ACCEPTED IN 5 TRIES, (AVG 539178.6)
[1, 4, 10, 23, 57, 132, 301, 701, 1636, 3792, 8880, 20511]...: 3772632: ACCEPTED IN 7 TRIES, (AVG 538947.4285714285)
[1, 4, 10, 23, 57, 132, 301, 701, 1636, 3792, 8880, 20515]...: 2155527: ACCEPTED IN 4 TRIES, (AVG 538881.75)
[1, 4, 10, 23, 57, 132, 301, 701, 1636, 3792, 8880, 20517]...: 4313782: ACCEPTED IN 8 TRIES, (AVG 539222.75)
[1, 4, 10, 23, 57, 132, 301, 701, 1636, 3792, 8880, 20544]...: 4853665: ACCEPTED IN 9 TRIES, (AVG 539296.1111111111)
[1, 4, 10, 23, 57, 132, 301, 701, 1636, 3792, 8880, 20546]...: 4854010: ACCEPTED IN 9 TRIES, (AVG 539334.4444444445)
[1, 4, 10, 23, 57, 132, 301, 701, 1636, 3792, 8880, 20552]...: 537324: ACCEPTED IN 1 TRIES, (AVG 537324.0)
[1, 4, 10, 23, 57, 132, 301, 701, 1636, 3792, 8880, 20578]...: 2694433: ACCEPTED IN 5 TRIES, (AVG 538886.6)
[1, 4, 10, 23, 57, 132, 301, 701, 1636, 3792, 8880, 20583]...: 3234330: ACCEPTED IN 6 TRIES, (AVG 539055.0)
[1, 4, 10, 23, 57, 132, 301, 701, 1636, 3792, 8880, 20585]...: 4314546: ACCEPTED IN 8 TRIES, (AVG 539318.25)
[1, 4, 10, 23, 57, 132, 301, 701, 1636, 3792, 8880, 20608]...: 2156275: ACCEPTED IN 4 TRIES, (AVG 539068.75)
[1, 4, 10, 23, 57, 132, 301, 701, 1636, 3792, 8880, 20609]...: 4314619: ACCEPTED IN 8 TRIES, (AVG 539327.375)
[1, 4, 10, 23, 57, 132, 301, 701, 1636, 3792, 8880, 20620]...: 6471534: ACCEPTED IN 12 TRIES, (AVG 539294.5)
[1, 4, 10, 23, 57, 132, 301, 701, 1636, 3792, 8880, 20642]...: 3773590: ACCEPTED IN 7 TRIES, (AVG 539084.2857142857)
[1, 4, 10, 23, 57, 132, 301, 701, 1636, 3792, 8880, 20650]...: 2695765: ACCEPTED IN 5 TRIES, (AVG 539153.0)
[1, 4, 10, 23, 57, 132, 301, 701, 1636, 3792, 8880, 20686]...: 4313810: ACCEPTED IN 8 TRIES, (AVG 539226.25)
[1, 4, 10, 23, 57, 132, 301, 701, 1636, 3792, 8880, 20711]...: 1077071: ACCEPTED IN 2 TRIES, (AVG 538535.5)
[1, 4, 10, 23, 57, 132, 301, 701, 1636, 3792, 8880, 20742]...: 3235215: ACCEPTED IN 6 TRIES, (AVG 539202.5)
[1, 4, 10, 23, 57, 132, 301, 701, 1636, 3792, 8880, 20744]...: 537282: ACCEPTED IN 1 TRIES, (AVG 537282.0)
[1, 4, 10, 23, 57, 132, 301, 701, 1636, 3792, 8880, 20749]...: 3773870: ACCEPTED IN 7 TRIES, (AVG 539124.2857142857)
[1, 4, 10, 23, 57, 132, 301, 701, 1636, 3792, 8880, 20751]...: 4854125: ACCEPTED IN 9 TRIES, (AVG 539347.2222222222)
[1, 4, 10, 23, 57, 132, 301, 701, 1636, 3792, 8880, 20754]...: 3233990: ACCEPTED IN 6 TRIES, (AVG 538998.3333333334)
[1, 4, 10, 23, 57, 132, 301, 701, 1636, 3792, 8880, 20775]...: 2155547: ACCEPTED IN 4 TRIES, (AVG 538886.75)
[1, 4, 10, 23, 57, 132, 301, 701, 1636, 3792, 8880, 20780]...: 4314515: ACCEPTED IN 8 TRIES, (AVG 539314.375)
[1, 4, 10, 23, 57, 132, 301, 701, 1636, 3792, 8880, 20781]...: 2695674: ACCEPTED IN 5 TRIES, (AVG 539134.8)
[1, 4, 10, 23, 57, 132, 301, 701, 1636, 3792, 8880, 20810]...: 5933141: ACCEPTED IN 11 TRIES, (AVG 539376.4545454546)
[1, 4, 10, 23, 57, 132, 301, 701, 1636, 3792, 8880, 20813]...: 1076459: ACCEPTED IN 2 TRIES, (AVG 538229.5)
[1, 4, 10, 23, 57, 132, 301, 701, 1636, 3792, 8880, 20844]...: 3235058: ACCEPTED IN 6 TRIES, (AVG 539176.3333333334)
[1, 4, 10, 23, 57, 132, 301, 701, 1636, 3792, 8880, 20881]...: 4314537: ACCEPTED IN 8 TRIES, (AVG 539317.125)
[1, 4, 10, 23, 57, 132, 301, 701, 1636, 3792, 8880, 20909]...: 3774166: ACCEPTED IN 7 TRIES, (AVG 539166.5714285715)
[1, 4, 10, 23, 57, 132, 301, 701, 1636, 3792, 8880, 20911]...: 3235319: ACCEPTED IN 6 TRIES, (AVG 539219.8333333334)
[1, 4, 10, 23, 57, 132, 301, 701, 1636, 3792, 8880, 20912]...: 2695583: ACCEPTED IN 5 TRIES, (AVG 539116.6)
[1, 4, 10, 23, 57, 132, 301, 701, 1636, 3792, 8880, 20917]...: 537556: ACCEPTED IN 1 TRIES, (AVG 537556.0)
[1, 4, 10, 23, 57, 132, 301, 701, 1636, 3792, 8880, 20920]...: 2154741: ACCEPTED IN 4 TRIES, (AVG 538685.25)
[1, 4, 10, 23, 57, 132, 301, 701, 1636, 3792, 8880, 20948]...: 2694106: ACCEPTED IN 5 TRIES, (AVG 538821.2)
[1, 4, 10, 23, 57, 132, 301, 701, 1636, 3792, 8880, 20981]...: 6472330: ACCEPTED IN 12 TRIES, (AVG 539360.8333333334)
[1, 4, 10, 23, 57, 132, 301, 701, 1636, 3792, 8880, 20983]...: 2155647: ACCEPTED IN 4 TRIES, (AVG 538911.75)
[1, 4, 10, 23, 57, 132, 301, 701, 1636, 3792, 8880, 20985]...: 4313087: ACCEPTED IN 8 TRIES, (AVG 539135.875)
[1, 4, 10, 23, 57, 132, 301, 701, 1636, 3792, 8880, 21008]...: 10789288: ACCEPTED IN 20 TRIES, (AVG 539464.4)
[1, 4, 10, 23, 57, 132, 301, 701, 1636, 3792, 8880, 21012]...: 2694304: ACCEPTED IN 5 TRIES, (AVG 538860.8)
[1, 4, 10, 23, 57, 132, 301, 701, 1636, 3792, 8880, 21016]...: 5391719: ACCEPTED IN 10 TRIES, (AVG 539171.9)
[1, 4, 10, 23, 57, 132, 301, 701, 1636, 3792, 8880, 21017]...: 537009: ACCEPTED IN 1 TRIES, (AVG 537009.0)
[1, 4, 10, 23, 57, 132, 301, 701, 1636, 3792, 8880, 21045]...: 3774144: ACCEPTED IN 7 TRIES, (AVG 539163.4285714285)
[1, 4, 10, 23, 57, 132, 301, 701, 1636, 3792, 8880, 21046]...: 1076447: ACCEPTED IN 2 TRIES, (AVG 538223.5)
[1, 4, 10, 23, 57, 132, 301, 701, 1636, 3792, 8880, 21086]...: 2155905: ACCEPTED IN 4 TRIES, (AVG 538976.25)
[1, 4, 10, 23, 57, 132, 301, 701, 1636, 3792, 8880, 21087]...: 4313061: ACCEPTED IN 8 TRIES, (AVG 539132.625)
[1, 4, 10, 23, 57, 132, 301, 701, 1636, 3792, 8880, 21112]...: 3235041: ACCEPTED IN 6 TRIES, (AVG 539173.5)
[1, 4, 10, 23, 57, 132, 301, 701, 1636, 3792, 8880, 21113]...: 4853635: ACCEPTED IN 9 TRIES, (AVG 539292.7777777778)
[1, 4, 10, 23, 57, 132, 301, 701, 1636, 3792, 8880, 21119]...: 3774660: ACCEPTED IN 7 TRIES, (AVG 539237.1428571428)
[1, 4, 10, 23, 57, 132, 301, 701, 1636, 3792, 8880, 21145]...: 2155578: ACCEPTED IN 4 TRIES, (AVG 538894.5)
[1, 4, 10, 23, 57, 132, 301, 701, 1636, 3792, 8880, 21149]...: 1076688: ACCEPTED IN 2 TRIES, (AVG 538344.0)
[1, 4, 10, 23, 57, 132, 301, 701, 1636, 3792, 8880, 21150]...: 537299: ACCEPTED IN 1 TRIES, (AVG 537299.0)
[1, 4, 10, 23, 57, 132, 301, 701, 1636, 3792, 8880, 21177]...: 4314407: ACCEPTED IN 8 TRIES, (AVG 539300.875)
[1, 4, 10, 23, 57, 132, 301, 701, 1636, 3792, 8880, 21178]...: 2695323: ACCEPTED IN 5 TRIES, (AVG 539064.6)
[1, 4, 10, 23, 57, 132, 301, 701, 1636, 3792, 8880, 21246]...: 2155577: ACCEPTED IN 4 TRIES, (AVG 538894.25)
[1, 4, 10, 23, 57, 132, 301, 701, 1636, 3792, 8880, 21276]...: 4314003: ACCEPTED IN 8 TRIES, (AVG 539250.375)
[1, 4, 10, 23, 57, 132, 301, 701, 1636, 3792, 8880, 21278]...: 3774014: ACCEPTED IN 7 TRIES, (AVG 539144.8571428572)
[1, 4, 10, 23, 57, 132, 301, 701, 1636, 3792, 8880, 21280]...: 3773897: ACCEPTED IN 7 TRIES, (AVG 539128.1428571428)
[1, 4, 10, 23, 57, 132, 301, 701, 1636, 3792, 8880, 21287]...: 2156114: ACCEPTED IN 4 TRIES, (AVG 539028.5)
[1, 4, 10, 23, 57, 132, 301, 701, 1636, 3792, 8880, 21309]...: 2156122: ACCEPTED IN 4 TRIES, (AVG 539030.5)
[1, 4, 10, 23, 57, 132, 301, 701, 1636, 3792, 8880, 21310]...: 3774940: ACCEPTED IN 7 TRIES, (AVG 539277.1428571428)
[1, 4, 10, 23, 57, 132, 301, 701, 1636, 3792, 8880, 21311]...: 2694701: ACCEPTED IN 5 TRIES, (AVG 538940.2)
