[1, 4, 10, 23, 57, 132, 301, 701, 1654, 3871, 8972, 19740]...: 18923540: ACCEPTED IN 35 TRIES, (AVG 540672.5714285715)
[1, 4, 10, 23, 57, 132, 301, 701, 1654, 3871, 8972, 19757]...: 16758232: ACCEPTED IN 31 TRIES, (AVG 540588.1290322581)
[1, 4, 10, 23, 57, 132, 301, 701, 1654, 3871, 8972, 19761]...: 64381226: ACCEPTED IN 119 TRIES, (AVG 541018.7058823529)
[1, 4, 10, 23, 57, 132, 301, 701, 1654, 3871, 8972, 19762]...: 12431955: ACCEPTED IN 23 TRIES, (AVG 540519.7826086957)
[1, 4, 10, 23, 57, 132, 301, 701, 1654, 3871, 8972, 19794]...: 12429608: ACCEPTED IN 23 TRIES, (AVG 540417.7391304348)
[1, 4, 10, 23, 57, 132, 301, 701, 1654, 3871, 8972, 19798]...: 11890795: ACCEPTED IN 22 TRIES, (AVG 540490.6818181818)
[1, 4, 10, 23, 57, 132, 301, 701, 1654, 3871, 8972, 19799]...: 12430648: ACCEPTED IN 23 TRIES, (AVG 540462.9565217391)
[1, 4, 10, 23, 57, 132, 301, 701, 1654, 3871, 8972, 19831]...: 14594739: ACCEPTED IN 27 TRIES, (AVG 540545.8888888889)
[1, 4, 10, 23, 57, 132, 301, 701, 1654, 3871, 8972, 19835]...: 37324440: ACCEPTED IN 69 TRIES, (AVG 540933.9130434783)
[1, 4, 10, 23, 57, 132, 301, 701, 1654, 3871, 8972, 19836]...: 23252790: ACCEPTED IN 43 TRIES, (AVG 540762.5581395349)
[1, 4, 10, 23, 57, 132, 301, 701, 1654, 3871, 8972, 19872]...: 27041706: ACCEPTED IN 50 TRIES, (AVG 540834.12)
[1, 4, 10, 23, 57, 132, 301, 701, 1654, 3871, 8972, 19894]...: 13512167: ACCEPTED IN 25 TRIES, (AVG 540486.68)
[1, 4, 10, 23, 57, 132, 301, 701, 1654, 3871, 8972, 19926]...: 25418400: ACCEPTED IN 47 TRIES, (AVG 540817.0212765958)
[1, 4, 10, 23, 57, 132, 301, 701, 1654, 3871, 8972, 19930]...: 2691443: ACCEPTED IN 5 TRIES, (AVG 538288.6)
[1, 4, 10, 23, 57, 132, 301, 701, 1654, 3871, 8972, 19931]...: 28125265: ACCEPTED IN 52 TRIES, (AVG 540870.4807692308)
[1, 4, 10, 23, 57, 132, 301, 701, 1654, 3871, 8972, 19935]...: 11890249: ACCEPTED IN 22 TRIES, (AVG 540465.8636363636)
[1, 4, 10, 23, 57, 132, 301, 701, 1654, 3871, 8972, 19963]...: 14595545: ACCEPTED IN 27 TRIES, (AVG 540575.7407407408)
[1, 4, 10, 23, 57, 132, 301, 701, 1654, 3871, 8972, 19967]...: 10266163: ACCEPTED IN 19 TRIES, (AVG 540324.3684210526)
[1, 4, 10, 23, 57, 132, 301, 701, 1654, 3871, 8972, 19968]...: 25418262: ACCEPTED IN 47 TRIES, (AVG 540814.085106383)
[1, 4, 10, 23, 57, 132, 301, 701, 1654, 3871, 8972, 20004]...: 16760875: ACCEPTED IN 31 TRIES, (AVG 540673.3870967742)
[1, 4, 10, 23, 57, 132, 301, 701, 1654, 3871, 8972, 20026]...: 15137697: ACCEPTED IN 28 TRIES, (AVG 540632.0357142857)
[1, 4, 10, 23, 57, 132, 301, 701, 1654, 3871, 8972, 20058]...: 4854906: ACCEPTED IN 9 TRIES, (AVG 539434.0)
[1, 4, 10, 23, 57, 132, 301, 701, 1654, 3871, 8972, 20062]...: 28125263: ACCEPTED IN 52 TRIES, (AVG 540870.4423076923)
[1, 4, 10, 23, 57, 132, 301, 701, 1654, 3871, 8972, 20063]...: 12431964: ACCEPTED IN 23 TRIES, (AVG 540520.1739130435)
[1, 4, 10, 23, 57, 132, 301, 701, 1654, 3871, 8972, 20067]...: 37864682: ACCEPTED IN 70 TRIES, (AVG 540924.0285714286)
[1, 4, 10, 23, 57, 132, 301, 701, 1654, 3871, 8972, 20095]...: 17300682: ACCEPTED IN 32 TRIES, (AVG 540646.3125)
[1, 4, 10, 23, 57, 132, 301, 701, 1654, 3871, 8972, 20099]...: 13513987: ACCEPTED IN 25 TRIES, (AVG 540559.48)
[1, 4, 10, 23, 57, 132, 301, 701, 1654, 3871, 8972, 20100]...: 12431314: ACCEPTED IN 23 TRIES, (AVG 540491.9130434783)
[1, 4, 10, 23, 57, 132, 301, 701, 1654, 3871, 8972, 20136]...: 14596170: ACCEPTED IN 27 TRIES, (AVG 540598.8888888889)
[1, 4, 10, 23, 57, 132, 301, 701, 1654, 3871, 8972, 20137]...: 34076849: ACCEPTED IN 63 TRIES, (AVG 540902.3650793651)
[1, 4, 10, 23, 57, 132, 301, 701, 1654, 3871, 8972, 20158]...: 17300436: ACCEPTED IN 32 TRIES, (AVG 540638.625)
[1, 4, 10, 23, 57, 132, 301, 701, 1654, 3871, 8972, 20186]...: 8643552: ACCEPTED IN 16 TRIES, (AVG 540222.0)
[1, 4, 10, 23, 57, 132, 301, 701, 1654, 3871, 8972, 20195]...: 16761259: ACCEPTED IN 31 TRIES, (AVG 540685.7741935484)
[1, 4, 10, 23, 57, 132, 301, 701, 1654, 3871, 8972, 20199]...: 11890555: ACCEPTED IN 22 TRIES, (AVG 540479.7727272727)
[1, 4, 10, 23, 57, 132, 301, 701, 1654, 3871, 8972, 20227]...: 22713770: ACCEPTED IN 42 TRIES, (AVG 540804.0476190476)
[1, 4, 10, 23, 57, 132, 301, 701, 1654, 3871, 8972, 20231]...: 9726588: ACCEPTED IN 18 TRIES, (AVG 540366.0)
[1, 4, 10, 23, 57, 132, 301, 701, 1654, 3871, 8972, 20232]...: 10266131: ACCEPTED IN 19 TRIES, (AVG 540322.6842105263)
[1, 4, 10, 23, 57, 132, 301, 701, 1654, 3871, 8972, 20236]...: 14596510: ACCEPTED IN 27 TRIES, (AVG 540611.4814814815)
[1, 4, 10, 23, 57, 132, 301, 701, 1654, 3871, 8972, 20268]...: 9725337: ACCEPTED IN 18 TRIES, (AVG 540296.5)
[1, 4, 10, 23, 57, 132, 301, 701, 1654, 3871, 8972, 20269]...: 27042362: ACCEPTED IN 50 TRIES, (AVG 540847.24)
[1, 4, 10, 23, 57, 132, 301, 701, 1654, 3871, 8972, 20318]...: 18923857: ACCEPTED IN 35 TRIES, (AVG 540681.6285714286)
[1, 4, 10, 23, 57, 132, 301, 701, 1654, 3871, 8972, 20327]...: 9726599: ACCEPTED IN 18 TRIES, (AVG 540366.6111111111)
[1, 4, 10, 23, 57, 132, 301, 701, 1654, 3871, 8972, 20331]...: 23795511: ACCEPTED IN 44 TRIES, (AVG 540807.0681818182)
[1, 4, 10, 23, 57, 132, 301, 701, 1654, 3871, 8972, 20359]...: 12430088: ACCEPTED IN 23 TRIES, (AVG 540438.6086956522)
[1, 4, 10, 23, 57, 132, 301, 701, 1654, 3871, 8972, 20363]...: 12430792: ACCEPTED IN 23 TRIES, (AVG 540469.2173913043)
[1, 4, 10, 23, 57, 132, 301, 701, 1654, 3871, 8972, 20364]...: 9725063: ACCEPTED IN 18 TRIES, (AVG 540281.2777777778)
[1, 4, 10, 23, 57, 132, 301, 701, 1654, 3871, 8972, 20368]...: 18924616: ACCEPTED IN 35 TRIES, (AVG 540703.3142857143)
[1, 4, 10, 23, 57, 132, 301, 701, 1654, 3871, 8972, 20400]...: 9726095: ACCEPTED IN 18 TRIES, (AVG 540338.6111111111)
[1, 4, 10, 23, 57, 132, 301, 701, 1654, 3871, 8972, 20401]...: 10265968: ACCEPTED IN 19 TRIES, (AVG 540314.1052631579)
[1, 4, 10, 23, 57, 132, 301, 701, 1654, 3871, 8972, 20438]...: 18923361: ACCEPTED IN 35 TRIES, (AVG 540667.4571428571)
[1, 4, 10, 23, 57, 132, 301, 701, 1654, 3871, 8972, 20450]...: 9184548: ACCEPTED IN 17 TRIES, (AVG 540267.5294117647)
[1, 4, 10, 23, 57, 132, 301, 701, 1654, 3871, 8972, 20459]...: 9184654: ACCEPTED IN 17 TRIES, (AVG 540273.7647058824)
[1, 4, 10, 23, 57, 132, 301, 701, 1654, 3871, 8972, 20463]...: 4314160: ACCEPTED IN 8 TRIES, (AVG 539270.0)
[1, 4, 10, 23, 57, 132, 301, 701, 1654, 3871, 8972, 20487]...: 19465526: ACCEPTED IN 36 TRIES, (AVG 540709.0555555555)
[1, 4, 10, 23, 57, 132, 301, 701, 1654, 3871, 8972, 20491]...: 11891181: ACCEPTED IN 22 TRIES, (AVG 540508.2272727273)
[1, 4, 10, 23, 57, 132, 301, 701, 1654, 3871, 8972, 20496]...: 9182574: ACCEPTED IN 17 TRIES, (AVG 540151.4117647059)
[1, 4, 10, 23, 57, 132, 301, 701, 1654, 3871, 8972, 20500]...: 9722909: ACCEPTED IN 18 TRIES, (AVG 540161.6111111111)
[1, 4, 10, 23, 57, 132, 301, 701, 1654, 3871, 8972, 20532]...: 9184588: ACCEPTED IN 17 TRIES, (AVG 540269.8823529412)
[1, 4, 10, 23, 57, 132, 301, 701, 1654, 3871, 8972, 20533]...: 7020108: ACCEPTED IN 13 TRIES, (AVG 540008.3076923077)
[1, 4, 10, 23, 57, 132, 301, 701, 1654, 3871, 8972, 20537]...: 14596865: ACCEPTED IN 27 TRIES, (AVG 540624.6296296297)
[1, 4, 10, 23, 57, 132, 301, 701, 1654, 3871, 8972, 20570]...: 19465112: ACCEPTED IN 36 TRIES, (AVG 540697.5555555555)
[1, 4, 10, 23, 57, 132, 301, 701, 1654, 3871, 8972, 20582]...: 12431434: ACCEPTED IN 23 TRIES, (AVG 540497.1304347826)
[1, 4, 10, 23, 57, 132, 301, 701, 1654, 3871, 8972, 20595]...: 9185255: ACCEPTED IN 17 TRIES, (AVG 540309.1176470588)
[1, 4, 10, 23, 57, 132, 301, 701, 1654, 3871, 8972, 20619]...: 12431902: ACCEPTED IN 23 TRIES, (AVG 540517.4782608695)
[1, 4, 10, 23, 57, 132, 301, 701, 1654, 3871, 8972, 20623]...: 10267574: ACCEPTED IN 19 TRIES, (AVG 540398.6315789474)
[1, 4, 10, 23, 57, 132, 301, 701, 1654, 3871, 8972, 20628]...: 8644392: ACCEPTED IN 16 TRIES, (AVG 540274.5)
[1, 4, 10, 23, 57, 132, 301, 701, 1654, 3871, 8972, 20632]...: 19464855: ACCEPTED IN 36 TRIES, (AVG 540690.4166666666)
[1, 4, 10, 23, 57, 132, 301, 701, 1654, 3871, 8972, 20636]...: 9725810: ACCEPTED IN 18 TRIES, (AVG 540322.7777777778)
[1, 4, 10, 23, 57, 132, 301, 701, 1654, 3871, 8972, 20664]...: 12431755: ACCEPTED IN 23 TRIES, (AVG 540511.0869565217)
[1, 4, 10, 23, 57, 132, 301, 701, 1654, 3871, 8972, 20665]...: 4315239: ACCEPTED IN 8 TRIES, (AVG 539404.875)
[1, 4, 10, 23, 57, 132, 301, 701, 1654, 3871, 8972, 20669]...: 12431895: ACCEPTED IN 23 TRIES, (AVG 540517.1739130435)
[1, 4, 10, 23, 57, 132, 301, 701, 1654, 3871, 8972, 20702]...: 14055115: ACCEPTED IN 26 TRIES, (AVG 540581.3461538461)
[1, 4, 10, 23, 57, 132, 301, 701, 1654, 3871, 8972, 20714]...: 14592896: ACCEPTED IN 27 TRIES, (AVG 540477.6296296297)
[1, 4, 10, 23, 57, 132, 301, 701, 1654, 3871, 8972, 20727]...: 12431099: ACCEPTED IN 23 TRIES, (AVG 540482.5652173914)
[1, 4, 10, 23, 57, 132, 301, 701, 1654, 3871, 8972, 20739]...: 5937694: ACCEPTED IN 11 TRIES, (AVG 539790.3636363636)
[1, 4, 10, 23, 57, 132, 301, 701, 1654, 3871, 8972, 20751]...: 12431312: ACCEPTED IN 23 TRIES, (AVG 540491.8260869565)
[1, 4, 10, 23, 57, 132, 301, 701, 1654, 3871, 8972, 20755]...: 4856212: ACCEPTED IN 9 TRIES, (AVG 539579.1111111111)
[1, 4, 10, 23, 57, 132, 301, 701, 1654, 3871, 8972, 20760]...: 8103033: ACCEPTED IN 15 TRIES, (AVG 540202.2)
[1, 4, 10, 23, 57, 132, 301, 701, 1654, 3871, 8972, 20764]...: 14054595: ACCEPTED IN 26 TRIES, (AVG 540561.3461538461)
[1, 4, 10, 23, 57, 132, 301, 701, 1654, 3871, 8972, 20768]...: 14596046: ACCEPTED IN 27 TRIES, (AVG 540594.2962962963)
[1, 4, 10, 23, 57, 132, 301, 701, 1654, 3871, 8972, 20788]...: 9724433: ACCEPTED IN 18 TRIES, (AVG 540246.2777777778)
[1, 4, 10, 23, 57, 132, 301, 701, 1654, 3871, 8972, 20792]...: 4855226: ACCEPTED IN 9 TRIES, (AVG 539469.5555555555)
[1, 4, 10, 23, 57, 132, 301, 701, 1654, 3871, 8972, 20797]...: 9725386: ACCEPTED IN 18 TRIES, (AVG 540299.2222222222)
[1, 4, 10, 23, 57, 132, 301, 701, 1654, 3871, 8972, 20801]...: 9725328: ACCEPTED IN 18 TRIES, (AVG 540296.0)
[1, 4, 10, 23, 57, 132, 301, 701, 1654, 3871, 8972, 20834]...: 12431279: ACCEPTED IN 23 TRIES, (AVG 540490.3913043478)
[1, 4, 10, 23, 57, 132, 301, 701, 1654, 3871, 8972, 20838]...: 11890577: ACCEPTED IN 22 TRIES, (AVG 540480.7727272727)
[1, 4, 10, 23, 57, 132, 301, 701, 1654, 3871, 8972, 20846]...: 8643399: ACCEPTED IN 16 TRIES, (AVG 540212.4375)
[1, 4, 10, 23, 57, 132, 301, 701, 1654, 3871, 8972, 20859]...: 12971314: ACCEPTED IN 24 TRIES, (AVG 540471.4166666666)
[1, 4, 10, 23, 57, 132, 301, 701, 1654, 3871, 8972, 20871]...: 11888686: ACCEPTED IN 22 TRIES, (AVG 540394.8181818182)
[1, 4, 10, 23, 57, 132, 301, 701, 1654, 3871, 8972, 20883]...: 12431257: ACCEPTED IN 23 TRIES, (AVG 540489.4347826086)
[1, 4, 10, 23, 57, 132, 301, 701, 1654, 3871, 8972, 20887]...: 9724476: ACCEPTED IN 18 TRIES, (AVG 540248.6666666666)
[1, 4, 10, 23, 57, 132, 301, 701, 1654, 3871, 8972, 20888]...: 9725102: ACCEPTED IN 18 TRIES, (AVG 540283.4444444445)
[1, 4, 10, 23, 57, 132, 301, 701, 1654, 3871, 8972, 20896]...: 9184239: ACCEPTED IN 17 TRIES, (AVG 540249.3529411765)
[1, 4, 10, 23, 57, 132, 301, 701, 1654, 3871, 8972, 20900]...: 9726141: ACCEPTED IN 18 TRIES, (AVG 540341.1666666666)
[1, 4, 10, 23, 57, 132, 301, 701, 1654, 3871, 8972, 20920]...: 13511976: ACCEPTED IN 25 TRIES, (AVG 540479.04)
[1, 4, 10, 23, 57, 132, 301, 701, 1654, 3871, 8972, 20924]...: 11890426: ACCEPTED IN 22 TRIES, (AVG 540473.9090909091)
[1, 4, 10, 23, 57, 132, 301, 701, 1654, 3871, 8972, 20929]...: 12431166: ACCEPTED IN 23 TRIES, (AVG 540485.4782608695)
[1, 4, 10, 23, 57, 132, 301, 701, 1654, 3871, 8972, 20933]...: 11890900: ACCEPTED IN 22 TRIES, (AVG 540495.4545454546)
[1, 4, 10, 23, 57, 132, 301, 701, 1654, 3871, 8972, 20937]...: 3773766: ACCEPTED IN 7 TRIES, (AVG 539109.4285714285)
[1, 4, 10, 23, 57, 132, 301, 701, 1654, 3871, 8972, 20941]...: 10267680: ACCEPTED IN 19 TRIES, (AVG 540404.2105263158)
[1, 4, 10, 23, 57, 132, 301, 701, 1654, 3871, 8972, 20966]...: 9725148: ACCEPTED IN 18 TRIES, (AVG 540286.0)
[1, 4, 10, 23, 57, 132, 301, 701, 1654, 3871, 8972, 20970]...: 9726625: ACCEPTED IN 18 TRIES, (AVG 540368.0555555555)
[1, 4, 10, 23, 57, 132, 301, 701, 1654, 3871, 8972, 20978]...: 7020422: ACCEPTED IN 13 TRIES, (AVG 540032.4615384615)
[1, 4, 10, 23, 57, 132, 301, 701, 1654, 3871, 8972, 21003]...: 9183336: ACCEPTED IN 17 TRIES, (AVG 540196.2352941176)
[1, 4, 10, 23, 57, 132, 301, 701, 1654, 3871, 8972, 21015]...: 23254588: ACCEPTED IN 43 TRIES, (AVG 540804.3720930233)
[1, 4, 10, 23, 57, 132, 301, 701, 1654, 3871, 8972, 21019]...: 11889541: ACCEPTED IN 22 TRIES, (AVG 540433.6818181818)
[1, 4, 10, 23, 57, 132, 301, 701, 1654, 3871, 8972, 21020]...: 4855716: ACCEPTED IN 9 TRIES, (AVG 539524.0)
[1, 4, 10, 23, 57, 132, 301, 701, 1654, 3871, 8972, 21028]...: 9184595: ACCEPTED IN 17 TRIES, (AVG 540270.2941176471)
[1, 4, 10, 23, 57, 132, 301, 701, 1654, 3871, 8972, 21032]...: 12428713: ACCEPTED IN 23 TRIES, (AVG 540378.8260869565)
[1, 4, 10, 23, 57, 132, 301, 701, 1654, 3871, 8972, 21040]...: 5938599: ACCEPTED IN 11 TRIES, (AVG 539872.6363636364)
[1, 4, 10, 23, 57, 132, 301, 701, 1654, 3871, 8972, 21052]...: 5396649: ACCEPTED IN 10 TRIES, (AVG 539664.9)
[1, 4, 10, 23, 57, 132, 301, 701, 1654, 3871, 8972, 21056]...: 12431079: ACCEPTED IN 23 TRIES, (AVG 540481.695652174)
[1, 4, 10, 23, 57, 132, 301, 701, 1654, 3871, 8972, 21061]...: 4314851: ACCEPTED IN 8 TRIES, (AVG 539356.375)
[1, 4, 10, 23, 57, 132, 301, 701, 1654, 3871, 8972, 21065]...: 15137569: ACCEPTED IN 28 TRIES, (AVG 540627.4642857143)
[1, 4, 10, 23, 57, 132, 301, 701, 1654, 3871, 8972, 21069]...: 9725258: ACCEPTED IN 18 TRIES, (AVG 540292.1111111111)
[1, 4, 10, 23, 57, 132, 301, 701, 1654, 3871, 8972, 21073]...: 12430078: ACCEPTED IN 23 TRIES, (AVG 540438.1739130435)
[1, 4, 10, 23, 57, 132, 301, 701, 1654, 3871, 8972, 21089]...: 9726404: ACCEPTED IN 18 TRIES, (AVG 540355.7777777778)
[1, 4, 10, 23, 57, 132, 301, 701, 1654, 3871, 8972, 21093]...: 33533993: ACCEPTED IN 62 TRIES, (AVG 540870.8548387097)
[1, 4, 10, 23, 57, 132, 301, 701, 1654, 3871, 8972, 21098]...: 9723933: ACCEPTED IN 18 TRIES, (AVG 540218.5)
[1, 4, 10, 23, 57, 132, 301, 701, 1654, 3871, 8972, 21102]...: 14054986: ACCEPTED IN 26 TRIES, (AVG 540576.3846153846)
[1, 4, 10, 23, 57, 132, 301, 701, 1654, 3871, 8972, 21110]...: 22713585: ACCEPTED IN 42 TRIES, (AVG 540799.6428571428)
[1, 4, 10, 23, 57, 132, 301, 701, 1654, 3871, 8972, 21135]...: 4855546: ACCEPTED IN 9 TRIES, (AVG 539505.1111111111)
[1, 4, 10, 23, 57, 132, 301, 701, 1654, 3871, 8972, 21139]...: 12431685: ACCEPTED IN 23 TRIES, (AVG 540508.0434782609)
[1, 4, 10, 23, 57, 132, 301, 701, 1654, 3871, 8972, 21147]...: 9723804: ACCEPTED IN 18 TRIES, (AVG 540211.3333333334)
[1, 4, 10, 23, 57, 132, 301, 701, 1654, 3871, 8972, 21151]...: 13512313: ACCEPTED IN 25 TRIES, (AVG 540492.52)
[1, 4, 10, 23, 57, 132, 301, 701, 1654, 3871, 8972, 21152]...: 9185508: ACCEPTED IN 17 TRIES, (AVG 540324.0)
[1, 4, 10, 23, 57, 132, 301, 701, 1654, 3871, 8972, 21160]...: 14055392: ACCEPTED IN 26 TRIES, (AVG 540592.0)
[1, 4, 10, 23, 57, 132, 301, 701, 1654, 3871, 8972, 21164]...: 11890731: ACCEPTED IN 22 TRIES, (AVG 540487.7727272727)
[1, 4, 10, 23, 57, 132, 301, 701, 1654, 3871, 8972, 21172]...: 9183919: ACCEPTED IN 17 TRIES, (AVG 540230.5294117647)
[1, 4, 10, 23, 57, 132, 301, 701, 1654, 3871, 8972, 21184]...: 7020850: ACCEPTED IN 13 TRIES, (AVG 540065.3846153846)
[1, 4, 10, 23, 57, 132, 301, 701, 1654, 3871, 8972, 21188]...: 11889495: ACCEPTED IN 22 TRIES, (AVG 540431.5909090909)
[1, 4, 10, 23, 57, 132, 301, 701, 1654, 3871, 8972, 21189]...: 12431077: ACCEPTED IN 23 TRIES, (AVG 540481.6086956522)
[1, 4, 10, 23, 57, 132, 301, 701, 1654, 3871, 8972, 21193]...: 8644349: ACCEPTED IN 16 TRIES, (AVG 540271.8125)
[1, 4, 10, 23, 57, 132, 301, 701, 1654, 3871, 8972, 21197]...: 11885034: ACCEPTED IN 22 TRIES, (AVG 540228.8181818182)
[1, 4, 10, 23, 57, 132, 301, 701, 1654, 3871, 8972, 21201]...: 15678780: ACCEPTED IN 29 TRIES, (AVG 540647.5862068966)
[1, 4, 10, 23, 57, 132, 301, 701, 1654, 3871, 8972, 21205]...: 9723084: ACCEPTED IN 18 TRIES, (AVG 540171.3333333334)
[1, 4, 10, 23, 57, 132, 301, 701, 1654, 3871, 8972, 21221]...: 11888716: ACCEPTED IN 22 TRIES, (AVG 540396.1818181818)
[1, 4, 10, 23, 57, 132, 301, 701, 1654, 3871, 8972, 21225]...: 9183087: ACCEPTED IN 17 TRIES, (AVG 540181.5882352941)
[1, 4, 10, 23, 57, 132, 301, 701, 1654, 3871, 8972, 21230]...: 9725541: ACCEPTED IN 18 TRIES, (AVG 540307.8333333334)
[1, 4, 10, 23, 57, 132, 301, 701, 1654, 3871, 8972, 21234]...: 12427989: ACCEPTED IN 23 TRIES, (AVG 540347.3478260869)
[1, 4, 10, 23, 57, 132, 301, 701, 1654, 3871, 8972, 21238]...: 10807894: ACCEPTED IN 20 TRIES, (AVG 540394.7)
[1, 4, 10, 23, 57, 132, 301, 701, 1654, 3871, 8972, 21242]...: 12431056: ACCEPTED IN 23 TRIES, (AVG 540480.695652174)
[1, 4, 10, 23, 57, 132, 301, 701, 1654, 3871, 8972, 21267]...: 9724370: ACCEPTED IN 18 TRIES, (AVG 540242.7777777778)
[1, 4, 10, 23, 57, 132, 301, 701, 1654, 3871, 8972, 21271]...: 9722872: ACCEPTED IN 18 TRIES, (AVG 540159.5555555555)
[1, 4, 10, 23, 57, 132, 301, 701, 1654, 3871, 8972, 21279]...: 9726463: ACCEPTED IN 18 TRIES, (AVG 540359.0555555555)
[1, 4, 10, 23, 57, 132, 301, 701, 1654, 3871, 8972, 21283]...: 9726322: ACCEPTED IN 18 TRIES, (AVG 540351.2222222222)
[1, 4, 10, 23, 57, 132, 301, 701, 1654, 3871, 8972, 21284]...: 10808059: ACCEPTED IN 20 TRIES, (AVG 540402.95)
[1, 4, 10, 23, 57, 132, 301, 701, 1654, 3871, 8972, 21296]...: 9724897: ACCEPTED IN 18 TRIES, (AVG 540272.0555555555)
[1, 4, 10, 23, 57, 132, 301, 701, 1654, 3871, 8972, 21304]...: 14054764: ACCEPTED IN 26 TRIES, (AVG 540567.8461538461)
[1, 4, 10, 23, 57, 132, 301, 701, 1654, 3871, 8972, 21316]...: 9184493: ACCEPTED IN 17 TRIES, (AVG 540264.2941176471)
[1, 4, 10, 23, 57, 132, 301, 701, 1654, 3871, 8972, 21320]...: 12431835: ACCEPTED IN 23 TRIES, (AVG 540514.5652173914)
[1, 4, 10, 23, 57, 132, 301, 701, 1654, 3871, 8972, 21321]...: 12430918: ACCEPTED IN 23 TRIES, (AVG 540474.695652174)
[1, 4, 10, 23, 57, 132, 301, 701, 1654, 3871, 8972, 21325]...: 10807543: ACCEPTED IN 20 TRIES, (AVG 540377.15)
[1, 4, 10, 23, 57, 132, 301, 701, 1654, 3871, 8972, 21329]...: 14595812: ACCEPTED IN 27 TRIES, (AVG 540585.6296296297)
[1, 4, 10, 23, 57, 132, 301, 701, 1654, 3871, 8972, 21333]...: 12429062: ACCEPTED IN 23 TRIES, (AVG 540394.0)
[1, 4, 10, 23, 57, 132, 301, 701, 1654, 3871, 8972, 21337]...: 9726161: ACCEPTED IN 18 TRIES, (AVG 540342.2777777778)
[1, 4, 10, 23, 57, 132, 301, 701, 1654, 3871, 8972, 21341]...: 12971190: ACCEPTED IN 24 TRIES, (AVG 540466.25)
[1, 4, 10, 23, 57, 132, 301, 701, 1654, 3871, 8972, 21353]...: 11889451: ACCEPTED IN 22 TRIES, (AVG 540429.5909090909)
[1, 4, 10, 23, 57, 132, 301, 701, 1654, 3871, 8972, 21357]...: 15137391: ACCEPTED IN 28 TRIES, (AVG 540621.1071428572)
[1, 4, 10, 23, 57, 132, 301, 701, 1654, 3871, 8972, 21362]...: 9182875: ACCEPTED IN 17 TRIES, (AVG 540169.1176470588)
[1, 4, 10, 23, 57, 132, 301, 701, 1654, 3871, 8972, 21366]...: 10266811: ACCEPTED IN 19 TRIES, (AVG 540358.4736842106)
[1, 4, 10, 23, 57, 132, 301, 701, 1654, 3871, 8972, 21370]...: 8643293: ACCEPTED IN 16 TRIES, (AVG 540205.8125)
[1, 4, 10, 23, 57, 132, 301, 701, 1654, 3871, 8972, 21374]...: 9725241: ACCEPTED IN 18 TRIES, (AVG 540291.1666666666)
[1, 4, 10, 23, 57, 132, 301, 701, 1654, 3871, 8972, 21394]...: 13513151: ACCEPTED IN 25 TRIES, (AVG 540526.04)
[1, 4, 10, 23, 57, 132, 301, 701, 1654, 3871, 8972, 21399]...: 12431481: ACCEPTED IN 23 TRIES, (AVG 540499.1739130435)
[1, 4, 10, 23, 57, 132, 301, 701, 1654, 3871, 8972, 21403]...: 14596298: ACCEPTED IN 27 TRIES, (AVG 540603.6296296297)
[1, 4, 10, 23, 57, 132, 301, 701, 1654, 3871, 8972, 21411]...: 11888435: ACCEPTED IN 22 TRIES, (AVG 540383.4090909091)
[1, 4, 10, 23, 57, 132, 301, 701, 1654, 3871, 8972, 21415]...: 9722708: ACCEPTED IN 18 TRIES, (AVG 540150.4444444445)
[1, 4, 10, 23, 57, 132, 301, 701, 1654, 3871, 8972, 21416]...: 4855048: ACCEPTED IN 9 TRIES, (AVG 539449.7777777778)
[1, 4, 10, 23, 57, 132, 301, 701, 1654, 3871, 8972, 21428]...: 12430811: ACCEPTED IN 23 TRIES, (AVG 540470.0434782609)
[1, 4, 10, 23, 57, 132, 301, 701, 1654, 3871, 8972, 21436]...: 9726153: ACCEPTED IN 18 TRIES, (AVG 540341.8333333334)
[1, 4, 10, 23, 57, 132, 301, 701, 1654, 3871, 8972, 21440]...: 16761012: ACCEPTED IN 31 TRIES, (AVG 540677.8064516129)
[1, 4, 10, 23, 57, 132, 301, 701, 1654, 3871, 8972, 21448]...: 4856310: ACCEPTED IN 9 TRIES, (AVG 539590.0)
[1, 4, 10, 23, 57, 132, 301, 701, 1654, 3871, 8972, 21452]...: 12429549: ACCEPTED IN 23 TRIES, (AVG 540415.1739130435)
[1, 4, 10, 23, 57, 132, 301, 701, 1654, 3871, 8972, 21453]...: 12430487: ACCEPTED IN 23 TRIES, (AVG 540455.9565217391)
[1, 4, 10, 23, 57, 132, 301, 701, 1654, 3871, 8972, 21457]...: 5938178: ACCEPTED IN 11 TRIES, (AVG 539834.3636363636)
[1, 4, 10, 23, 57, 132, 301, 701, 1654, 3871, 8972, 21461]...: 9726083: ACCEPTED IN 18 TRIES, (AVG 540337.9444444445)
[1, 4, 10, 23, 57, 132, 301, 701, 1654, 3871, 8972, 21465]...: 12430985: ACCEPTED IN 23 TRIES, (AVG 540477.6086956522)
[1, 4, 10, 23, 57, 132, 301, 701, 1654, 3871, 8972, 21469]...: 9183939: ACCEPTED IN 17 TRIES, (AVG 540231.7058823529)
[1, 4, 10, 23, 57, 132, 301, 701, 1654, 3871, 8972, 21473]...: 5937865: ACCEPTED IN 11 TRIES, (AVG 539805.9090909091)
[1, 4, 10, 23, 57, 132, 301, 701, 1654, 3871, 8972, 21485]...: 11349525: ACCEPTED IN 21 TRIES, (AVG 540453.5714285715)
[1, 4, 10, 23, 57, 132, 301, 701, 1654, 3871, 8972, 21489]...: 8102977: ACCEPTED IN 15 TRIES, (AVG 540198.4666666667)
[1, 4, 10, 23, 57, 132, 301, 701, 1654, 3871, 8972, 21490]...: 4856123: ACCEPTED IN 9 TRIES, (AVG 539569.2222222222)
[1, 4, 10, 23, 57, 132, 301, 701, 1654, 3871, 8972, 21494]...: 5937899: ACCEPTED IN 11 TRIES, (AVG 539809.0)
[1, 4, 10, 23, 57, 132, 301, 701, 1654, 3871, 8972, 21498]...: 11349471: ACCEPTED IN 21 TRIES, (AVG 540451.0)
[1, 4, 10, 23, 57, 132, 301, 701, 1654, 3871, 8972, 21502]...: 14054487: ACCEPTED IN 26 TRIES, (AVG 540557.1923076923)
[1, 4, 10, 23, 57, 132, 301, 701, 1654, 3871, 8972, 21506]...: 8102544: ACCEPTED IN 15 TRIES, (AVG 540169.6)
[1, 4, 10, 23, 57, 132, 301, 701, 1654, 3871, 8972, 21526]...: 5938388: ACCEPTED IN 11 TRIES, (AVG 539853.4545454546)
[1, 4, 10, 23, 57, 132, 301, 701, 1654, 3871, 8972, 21531]...: 9182991: ACCEPTED IN 17 TRIES, (AVG 540175.9411764706)
