[1, 4, 10, 23, 57, 132, 301, 701, 1654, 3966, 9228, 20311]...: 5938567: ACCEPTED IN 11 TRIES, (AVG 539869.7272727273)
[1, 4, 10, 23, 57, 132, 301, 701, 1654, 3966, 9228, 20315]...: 9183163: ACCEPTED IN 17 TRIES, (AVG 540186.0588235294)
[1, 4, 10, 23, 57, 132, 301, 701, 1654, 3966, 9228, 20319]...: 13513298: ACCEPTED IN 25 TRIES, (AVG 540531.92)
[1, 4, 10, 23, 57, 132, 301, 701, 1654, 3966, 9228, 20323]...: 14595269: ACCEPTED IN 27 TRIES, (AVG 540565.5185185185)
[1, 4, 10, 23, 57, 132, 301, 701, 1654, 3966, 9228, 20348]...: 10808877: ACCEPTED IN 20 TRIES, (AVG 540443.85)
[1, 4, 10, 23, 57, 132, 301, 701, 1654, 3966, 9228, 20352]...: 6479433: ACCEPTED IN 12 TRIES, (AVG 539952.75)
[1, 4, 10, 23, 57, 132, 301, 701, 1654, 3966, 9228, 20356]...: 8644203: ACCEPTED IN 16 TRIES, (AVG 540262.6875)
[1, 4, 10, 23, 57, 132, 301, 701, 1654, 3966, 9228, 20389]...: 15678218: ACCEPTED IN 29 TRIES, (AVG 540628.2068965518)
[1, 4, 10, 23, 57, 132, 301, 701, 1654, 3966, 9228, 20393]...: 16217280: ACCEPTED IN 30 TRIES, (AVG 540576.0)
[1, 4, 10, 23, 57, 132, 301, 701, 1654, 3966, 9228, 20406]...: 5397211: ACCEPTED IN 10 TRIES, (AVG 539721.1)
[1, 4, 10, 23, 57, 132, 301, 701, 1654, 3966, 9228, 20418]...: 11349093: ACCEPTED IN 21 TRIES, (AVG 540433.0)
[1, 4, 10, 23, 57, 132, 301, 701, 1654, 3966, 9228, 20426]...: 7560394: ACCEPTED IN 14 TRIES, (AVG 540028.1428571428)
[1, 4, 10, 23, 57, 132, 301, 701, 1654, 3966, 9228, 20443]...: 5397444: ACCEPTED IN 10 TRIES, (AVG 539744.4)
[1, 4, 10, 23, 57, 132, 301, 701, 1654, 3966, 9228, 20447]...: 4314607: ACCEPTED IN 8 TRIES, (AVG 539325.875)
[1, 4, 10, 23, 57, 132, 301, 701, 1654, 3966, 9228, 20455]...: 5938665: ACCEPTED IN 11 TRIES, (AVG 539878.6363636364)
[1, 4, 10, 23, 57, 132, 301, 701, 1654, 3966, 9228, 20480]...: 8103184: ACCEPTED IN 15 TRIES, (AVG 540212.2666666667)
[1, 4, 10, 23, 57, 132, 301, 701, 1654, 3966, 9228, 20484]...: 5938611: ACCEPTED IN 11 TRIES, (AVG 539873.7272727273)
[1, 4, 10, 23, 57, 132, 301, 701, 1654, 3966, 9228, 20488]...: 6479675: ACCEPTED IN 12 TRIES, (AVG 539972.9166666666)
[1, 4, 10, 23, 57, 132, 301, 701, 1654, 3966, 9228, 20521]...: 8100503: ACCEPTED IN 15 TRIES, (AVG 540033.5333333333)
[1, 4, 10, 23, 57, 132, 301, 701, 1654, 3966, 9228, 20525]...: 7019734: ACCEPTED IN 13 TRIES, (AVG 539979.5384615385)
[1, 4, 10, 23, 57, 132, 301, 701, 1654, 3966, 9228, 20538]...: 5396904: ACCEPTED IN 10 TRIES, (AVG 539690.4)
[1, 4, 10, 23, 57, 132, 301, 701, 1654, 3966, 9228, 20558]...: 14055263: ACCEPTED IN 26 TRIES, (AVG 540587.0384615385)
[1, 4, 10, 23, 57, 132, 301, 701, 1654, 3966, 9228, 20575]...: 12973288: ACCEPTED IN 24 TRIES, (AVG 540553.6666666666)
[1, 4, 10, 23, 57, 132, 301, 701, 1654, 3966, 9228, 20579]...: 9183431: ACCEPTED IN 17 TRIES, (AVG 540201.8235294118)
[1, 4, 10, 23, 57, 132, 301, 701, 1654, 3966, 9228, 20587]...: 17843360: ACCEPTED IN 33 TRIES, (AVG 540707.8787878788)
[1, 4, 10, 23, 57, 132, 301, 701, 1654, 3966, 9228, 20591]...: 7020698: ACCEPTED IN 13 TRIES, (AVG 540053.6923076923)
[1, 4, 10, 23, 57, 132, 301, 701, 1654, 3966, 9228, 20612]...: 9724816: ACCEPTED IN 18 TRIES, (AVG 540267.5555555555)
[1, 4, 10, 23, 57, 132, 301, 701, 1654, 3966, 9228, 20616]...: 4313237: ACCEPTED IN 8 TRIES, (AVG 539154.625)
[1, 4, 10, 23, 57, 132, 301, 701, 1654, 3966, 9228, 20620]...: 8100603: ACCEPTED IN 15 TRIES, (AVG 540040.2)
[1, 4, 10, 23, 57, 132, 301, 701, 1654, 3966, 9228, 20649]...: 9184880: ACCEPTED IN 17 TRIES, (AVG 540287.0588235294)
[1, 4, 10, 23, 57, 132, 301, 701, 1654, 3966, 9228, 20653]...: 10808136: ACCEPTED IN 20 TRIES, (AVG 540406.8)
[1, 4, 10, 23, 57, 132, 301, 701, 1654, 3966, 9228, 20657]...: 9184899: ACCEPTED IN 17 TRIES, (AVG 540288.1764705882)
[1, 4, 10, 23, 57, 132, 301, 701, 1654, 3966, 9228, 20670]...: 14055367: ACCEPTED IN 26 TRIES, (AVG 540591.0384615385)
[1, 4, 10, 23, 57, 132, 301, 701, 1654, 3966, 9228, 20690]...: 9184949: ACCEPTED IN 17 TRIES, (AVG 540291.1176470588)
[1, 4, 10, 23, 57, 132, 301, 701, 1654, 3966, 9228, 20694]...: 14596585: ACCEPTED IN 27 TRIES, (AVG 540614.2592592592)
[1, 4, 10, 23, 57, 132, 301, 701, 1654, 3966, 9228, 20707]...: 5397563: ACCEPTED IN 10 TRIES, (AVG 539756.3)
[1, 4, 10, 23, 57, 132, 301, 701, 1654, 3966, 9228, 20711]...: 10265363: ACCEPTED IN 19 TRIES, (AVG 540282.2631578947)
[1, 4, 10, 23, 57, 132, 301, 701, 1654, 3966, 9228, 20719]...: 16218337: ACCEPTED IN 30 TRIES, (AVG 540611.2333333333)
[1, 4, 10, 23, 57, 132, 301, 701, 1654, 3966, 9228, 20723]...: 9726450: ACCEPTED IN 18 TRIES, (AVG 540358.3333333334)
[1, 4, 10, 23, 57, 132, 301, 701, 1654, 3966, 9228, 20744]...: 9724967: ACCEPTED IN 18 TRIES, (AVG 540275.9444444445)
[1, 4, 10, 23, 57, 132, 301, 701, 1654, 3966, 9228, 20748]...: 7020358: ACCEPTED IN 13 TRIES, (AVG 540027.5384615385)
[1, 4, 10, 23, 57, 132, 301, 701, 1654, 3966, 9228, 20752]...: 5397411: ACCEPTED IN 10 TRIES, (AVG 539741.1)
[1, 4, 10, 23, 57, 132, 301, 701, 1654, 3966, 9228, 20781]...: 5938433: ACCEPTED IN 11 TRIES, (AVG 539857.5454545454)
[1, 4, 10, 23, 57, 132, 301, 701, 1654, 3966, 9228, 20785]...: 15136118: ACCEPTED IN 28 TRIES, (AVG 540575.6428571428)
[1, 4, 10, 23, 57, 132, 301, 701, 1654, 3966, 9228, 20789]...: 8102206: ACCEPTED IN 15 TRIES, (AVG 540147.0666666667)
[1, 4, 10, 23, 57, 132, 301, 701, 1654, 3966, 9228, 20822]...: 5396546: ACCEPTED IN 10 TRIES, (AVG 539654.6)
[1, 4, 10, 23, 57, 132, 301, 701, 1654, 3966, 9228, 20826]...: 7020038: ACCEPTED IN 13 TRIES, (AVG 540002.9230769231)
[1, 4, 10, 23, 57, 132, 301, 701, 1654, 3966, 9228, 20839]...: 11890392: ACCEPTED IN 22 TRIES, (AVG 540472.3636363636)
[1, 4, 10, 23, 57, 132, 301, 701, 1654, 3966, 9228, 20843]...: 7561019: ACCEPTED IN 14 TRIES, (AVG 540072.7857142857)
[1, 4, 10, 23, 57, 132, 301, 701, 1654, 3966, 9228, 20855]...: 7561189: ACCEPTED IN 14 TRIES, (AVG 540084.9285714285)
[1, 4, 10, 23, 57, 132, 301, 701, 1654, 3966, 9228, 20859]...: 18923527: ACCEPTED IN 35 TRIES, (AVG 540672.2)
[1, 4, 10, 23, 57, 132, 301, 701, 1654, 3966, 9228, 20876]...: 5396629: ACCEPTED IN 10 TRIES, (AVG 539662.9)
[1, 4, 10, 23, 57, 132, 301, 701, 1654, 3966, 9228, 20880]...: 9182143: ACCEPTED IN 17 TRIES, (AVG 540126.0588235294)
[1, 4, 10, 23, 57, 132, 301, 701, 1654, 3966, 9228, 20884]...: 4856332: ACCEPTED IN 9 TRIES, (AVG 539592.4444444445)
[1, 4, 10, 23, 57, 132, 301, 701, 1654, 3966, 9228, 20892]...: 5937638: ACCEPTED IN 11 TRIES, (AVG 539785.2727272727)
[1, 4, 10, 23, 57, 132, 301, 701, 1654, 3966, 9228, 20913]...: 12431787: ACCEPTED IN 23 TRIES, (AVG 540512.4782608695)
[1, 4, 10, 23, 57, 132, 301, 701, 1654, 3966, 9228, 20917]...: 4854516: ACCEPTED IN 9 TRIES, (AVG 539390.6666666666)
[1, 4, 10, 23, 57, 132, 301, 701, 1654, 3966, 9228, 20921]...: 16219772: ACCEPTED IN 30 TRIES, (AVG 540659.0666666667)
[1, 4, 10, 23, 57, 132, 301, 701, 1654, 3966, 9228, 20950]...: 12431744: ACCEPTED IN 23 TRIES, (AVG 540510.6086956522)
[1, 4, 10, 23, 57, 132, 301, 701, 1654, 3966, 9228, 20954]...: 9724200: ACCEPTED IN 18 TRIES, (AVG 540233.3333333334)
[1, 4, 10, 23, 57, 132, 301, 701, 1654, 3966, 9228, 20958]...: 8642622: ACCEPTED IN 16 TRIES, (AVG 540163.875)
[1, 4, 10, 23, 57, 132, 301, 701, 1654, 3966, 9228, 20971]...: 13514331: ACCEPTED IN 25 TRIES, (AVG 540573.24)
[1, 4, 10, 23, 57, 132, 301, 701, 1654, 3966, 9228, 20975]...: 5395854: ACCEPTED IN 10 TRIES, (AVG 539585.4)
[1, 4, 10, 23, 57, 132, 301, 701, 1654, 3966, 9228, 20987]...: 12971773: ACCEPTED IN 24 TRIES, (AVG 540490.5416666666)
[1, 4, 10, 23, 57, 132, 301, 701, 1654, 3966, 9228, 20991]...: 9726393: ACCEPTED IN 18 TRIES, (AVG 540355.1666666666)
[1, 4, 10, 23, 57, 132, 301, 701, 1654, 3966, 9228, 20995]...: 12972774: ACCEPTED IN 24 TRIES, (AVG 540532.25)
[1, 4, 10, 23, 57, 132, 301, 701, 1654, 3966, 9228, 21008]...: 14055439: ACCEPTED IN 26 TRIES, (AVG 540593.8076923077)
[1, 4, 10, 23, 57, 132, 301, 701, 1654, 3966, 9228, 21012]...: 7560799: ACCEPTED IN 14 TRIES, (AVG 540057.0714285715)
[1, 4, 10, 23, 57, 132, 301, 701, 1654, 3966, 9228, 21016]...: 12973133: ACCEPTED IN 24 TRIES, (AVG 540547.2083333334)
[1, 4, 10, 23, 57, 132, 301, 701, 1654, 3966, 9228, 21024]...: 5937029: ACCEPTED IN 11 TRIES, (AVG 539729.9090909091)
[1, 4, 10, 23, 57, 132, 301, 701, 1654, 3966, 9228, 21045]...: 8100787: ACCEPTED IN 15 TRIES, (AVG 540052.4666666667)
[1, 4, 10, 23, 57, 132, 301, 701, 1654, 3966, 9228, 21049]...: 12428397: ACCEPTED IN 23 TRIES, (AVG 540365.0869565217)
[1, 4, 10, 23, 57, 132, 301, 701, 1654, 3966, 9228, 21053]...: 14595084: ACCEPTED IN 27 TRIES, (AVG 540558.6666666666)
[1, 4, 10, 23, 57, 132, 301, 701, 1654, 3966, 9228, 21082]...: 4855377: ACCEPTED IN 9 TRIES, (AVG 539486.3333333334)
[1, 4, 10, 23, 57, 132, 301, 701, 1654, 3966, 9228, 21086]...: 5938497: ACCEPTED IN 11 TRIES, (AVG 539863.3636363636)
[1, 4, 10, 23, 57, 132, 301, 701, 1654, 3966, 9228, 21090]...: 7561853: ACCEPTED IN 14 TRIES, (AVG 540132.3571428572)
[1, 4, 10, 23, 57, 132, 301, 701, 1654, 3966, 9228, 21107]...: 13511812: ACCEPTED IN 25 TRIES, (AVG 540472.48)
[1, 4, 10, 23, 57, 132, 301, 701, 1654, 3966, 9228, 21119]...: 8644143: ACCEPTED IN 16 TRIES, (AVG 540258.9375)
[1, 4, 10, 23, 57, 132, 301, 701, 1654, 3966, 9228, 21123]...: 4856129: ACCEPTED IN 9 TRIES, (AVG 539569.8888888889)
[1, 4, 10, 23, 57, 132, 301, 701, 1654, 3966, 9228, 21127]...: 6478813: ACCEPTED IN 12 TRIES, (AVG 539901.0833333334)
[1, 4, 10, 23, 57, 132, 301, 701, 1654, 3966, 9228, 21140]...: 4314608: ACCEPTED IN 8 TRIES, (AVG 539326.0)
[1, 4, 10, 23, 57, 132, 301, 701, 1654, 3966, 9228, 21144]...: 3772255: ACCEPTED IN 7 TRIES, (AVG 538893.5714285715)
[1, 4, 10, 23, 57, 132, 301, 701, 1654, 3966, 9228, 21148]...: 4854150: ACCEPTED IN 9 TRIES, (AVG 539350.0)
[1, 4, 10, 23, 57, 132, 301, 701, 1654, 3966, 9228, 21156]...: 5938234: ACCEPTED IN 11 TRIES, (AVG 539839.4545454546)
[1, 4, 10, 23, 57, 132, 301, 701, 1654, 3966, 9228, 21160]...: 8100243: ACCEPTED IN 15 TRIES, (AVG 540016.2)
[1, 4, 10, 23, 57, 132, 301, 701, 1654, 3966, 9228, 21177]...: 16761219: ACCEPTED IN 31 TRIES, (AVG 540684.4838709678)
[1, 4, 10, 23, 57, 132, 301, 701, 1654, 3966, 9228, 21181]...: 4314614: ACCEPTED IN 8 TRIES, (AVG 539326.75)
[1, 4, 10, 23, 57, 132, 301, 701, 1654, 3966, 9228, 21185]...: 11350041: ACCEPTED IN 21 TRIES, (AVG 540478.1428571428)
[1, 4, 10, 23, 57, 132, 301, 701, 1654, 3966, 9228, 21214]...: 8101858: ACCEPTED IN 15 TRIES, (AVG 540123.8666666667)
[1, 4, 10, 23, 57, 132, 301, 701, 1654, 3966, 9228, 21218]...: 8642782: ACCEPTED IN 16 TRIES, (AVG 540173.875)
[1, 4, 10, 23, 57, 132, 301, 701, 1654, 3966, 9228, 21222]...: 8099676: ACCEPTED IN 15 TRIES, (AVG 539978.4)
[1, 4, 10, 23, 57, 132, 301, 701, 1654, 3966, 9228, 21239]...: 11890639: ACCEPTED IN 22 TRIES, (AVG 540483.5909090909)
[1, 4, 10, 23, 57, 132, 301, 701, 1654, 3966, 9228, 21251]...: 15678625: ACCEPTED IN 29 TRIES, (AVG 540642.2413793104)
[1, 4, 10, 23, 57, 132, 301, 701, 1654, 3966, 9228, 21255]...: 4855836: ACCEPTED IN 9 TRIES, (AVG 539537.3333333334)
[1, 4, 10, 23, 57, 132, 301, 701, 1654, 3966, 9228, 21259]...: 4854911: ACCEPTED IN 9 TRIES, (AVG 539434.5555555555)
[1, 4, 10, 23, 57, 132, 301, 701, 1654, 3966, 9228, 21272]...: 8101770: ACCEPTED IN 15 TRIES, (AVG 540118.0)
[1, 4, 10, 23, 57, 132, 301, 701, 1654, 3966, 9228, 21276]...: 4314060: ACCEPTED IN 8 TRIES, (AVG 539257.5)
[1, 4, 10, 23, 57, 132, 301, 701, 1654, 3966, 9228, 21280]...: 3774056: ACCEPTED IN 7 TRIES, (AVG 539150.8571428572)
[1, 4, 10, 23, 57, 132, 301, 701, 1654, 3966, 9228, 21288]...: 5395168: ACCEPTED IN 10 TRIES, (AVG 539516.8)
[1, 4, 10, 23, 57, 132, 301, 701, 1654, 3966, 9228, 21292]...: 8100983: ACCEPTED IN 15 TRIES, (AVG 540065.5333333333)
[1, 4, 10, 23, 57, 132, 301, 701, 1654, 3966, 9228, 21309]...: 7561907: ACCEPTED IN 14 TRIES, (AVG 540136.2142857143)
[1, 4, 10, 23, 57, 132, 301, 701, 1654, 3966, 9228, 21313]...: 4855144: ACCEPTED IN 9 TRIES, (AVG 539460.4444444445)
[1, 4, 10, 23, 57, 132, 301, 701, 1654, 3966, 9228, 21317]...: 3773641: ACCEPTED IN 7 TRIES, (AVG 539091.5714285715)
[1, 4, 10, 23, 57, 132, 301, 701, 1654, 3966, 9228, 21346]...: 5397486: ACCEPTED IN 10 TRIES, (AVG 539748.6)
[1, 4, 10, 23, 57, 132, 301, 701, 1654, 3966, 9228, 21350]...: 8642025: ACCEPTED IN 16 TRIES, (AVG 540126.5625)
[1, 4, 10, 23, 57, 132, 301, 701, 1654, 3966, 9228, 21354]...: 4855814: ACCEPTED IN 9 TRIES, (AVG 539534.8888888889)
[1, 4, 10, 23, 57, 132, 301, 701, 1654, 3966, 9228, 21371]...: 5397309: ACCEPTED IN 10 TRIES, (AVG 539730.9)
[1, 4, 10, 23, 57, 132, 301, 701, 1654, 3966, 9228, 21383]...: 9725101: ACCEPTED IN 18 TRIES, (AVG 540283.3888888889)
[1, 4, 10, 23, 57, 132, 301, 701, 1654, 3966, 9228, 21387]...: 5397297: ACCEPTED IN 10 TRIES, (AVG 539729.7)
[1, 4, 10, 23, 57, 132, 301, 701, 1654, 3966, 9228, 21391]...: 7561963: ACCEPTED IN 14 TRIES, (AVG 540140.2142857143)
[1, 4, 10, 23, 57, 132, 301, 701, 1654, 3966, 9228, 21400]...: 12972481: ACCEPTED IN 24 TRIES, (AVG 540520.0416666666)
[1, 4, 10, 23, 57, 132, 301, 701, 1654, 3966, 9228, 21408]...: 4313962: ACCEPTED IN 8 TRIES, (AVG 539245.25)
[1, 4, 10, 23, 57, 132, 301, 701, 1654, 3966, 9228, 21412]...: 13512283: ACCEPTED IN 25 TRIES, (AVG 540491.32)
[1, 4, 10, 23, 57, 132, 301, 701, 1654, 3966, 9228, 21420]...: 9726066: ACCEPTED IN 18 TRIES, (AVG 540337.0)
[1, 4, 10, 23, 57, 132, 301, 701, 1654, 3966, 9228, 21424]...: 8102925: ACCEPTED IN 15 TRIES, (AVG 540195.0)
[1, 4, 10, 23, 57, 132, 301, 701, 1654, 3966, 9228, 21441]...: 9184852: ACCEPTED IN 17 TRIES, (AVG 540285.4117647059)
[1, 4, 10, 23, 57, 132, 301, 701, 1654, 3966, 9228, 21445]...: 4314629: ACCEPTED IN 8 TRIES, (AVG 539328.625)
[1, 4, 10, 23, 57, 132, 301, 701, 1654, 3966, 9228, 21449]...: 4314047: ACCEPTED IN 8 TRIES, (AVG 539255.875)
[1, 4, 10, 23, 57, 132, 301, 701, 1654, 3966, 9228, 21461]...: 5937804: ACCEPTED IN 11 TRIES, (AVG 539800.3636363636)
[1, 4, 10, 23, 57, 132, 301, 701, 1654, 3966, 9228, 21478]...: 4854423: ACCEPTED IN 9 TRIES, (AVG 539380.3333333334)
[1, 4, 10, 23, 57, 132, 301, 701, 1654, 3966, 9228, 21482]...: 4855745: ACCEPTED IN 9 TRIES, (AVG 539527.2222222222)
[1, 4, 10, 23, 57, 132, 301, 701, 1654, 3966, 9228, 21486]...: 4314488: ACCEPTED IN 8 TRIES, (AVG 539311.0)
[1, 4, 10, 23, 57, 132, 301, 701, 1654, 3966, 9228, 21515]...: 4314539: ACCEPTED IN 8 TRIES, (AVG 539317.375)
[1, 4, 10, 23, 57, 132, 301, 701, 1654, 3966, 9228, 21519]...: 4856269: ACCEPTED IN 9 TRIES, (AVG 539585.4444444445)
[1, 4, 10, 23, 57, 132, 301, 701, 1654, 3966, 9228, 21523]...: 6479166: ACCEPTED IN 12 TRIES, (AVG 539930.5)
[1, 4, 10, 23, 57, 132, 301, 701, 1654, 3966, 9228, 21532]...: 11349745: ACCEPTED IN 21 TRIES, (AVG 540464.0476190476)
[1, 4, 10, 23, 57, 132, 301, 701, 1654, 3966, 9228, 21540]...: 6479700: ACCEPTED IN 12 TRIES, (AVG 539975.0)
[1, 4, 10, 23, 57, 132, 301, 701, 1654, 3966, 9228, 21544]...: 4312723: ACCEPTED IN 8 TRIES, (AVG 539090.375)
[1, 4, 10, 23, 57, 132, 301, 701, 1654, 3966, 9228, 21552]...: 6479669: ACCEPTED IN 12 TRIES, (AVG 539972.4166666666)
[1, 4, 10, 23, 57, 132, 301, 701, 1654, 3966, 9228, 21556]...: 4314724: ACCEPTED IN 8 TRIES, (AVG 539340.5)
[1, 4, 10, 23, 57, 132, 301, 701, 1654, 3966, 9228, 21560]...: 7561486: ACCEPTED IN 14 TRIES, (AVG 540106.1428571428)
[1, 4, 10, 23, 57, 132, 301, 701, 1654, 3966, 9228, 21573]...: 4312558: ACCEPTED IN 8 TRIES, (AVG 539069.75)
[1, 4, 10, 23, 57, 132, 301, 701, 1654, 3966, 9228, 21577]...: 8101302: ACCEPTED IN 15 TRIES, (AVG 540086.8)
[1, 4, 10, 23, 57, 132, 301, 701, 1654, 3966, 9228, 21581]...: 8100654: ACCEPTED IN 15 TRIES, (AVG 540043.6)
[1, 4, 10, 23, 57, 132, 301, 701, 1654, 3966, 9228, 21593]...: 4854181: ACCEPTED IN 9 TRIES, (AVG 539353.4444444445)
[1, 4, 10, 23, 57, 132, 301, 701, 1654, 3966, 9228, 21610]...: 4313936: ACCEPTED IN 8 TRIES, (AVG 539242.0)
[1, 4, 10, 23, 57, 132, 301, 701, 1654, 3966, 9228, 21614]...: 5397173: ACCEPTED IN 10 TRIES, (AVG 539717.3)
[1, 4, 10, 23, 57, 132, 301, 701, 1654, 3966, 9228, 21618]...: 4314700: ACCEPTED IN 8 TRIES, (AVG 539337.5)
[1, 4, 10, 23, 57, 132, 301, 701, 1654, 3966, 9228, 21647]...: 4855924: ACCEPTED IN 9 TRIES, (AVG 539547.1111111111)
[1, 4, 10, 23, 57, 132, 301, 701, 1654, 3966, 9228, 21651]...: 10807880: ACCEPTED IN 20 TRIES, (AVG 540394.0)
[1, 4, 10, 23, 57, 132, 301, 701, 1654, 3966, 9228, 21655]...: 3771207: ACCEPTED IN 7 TRIES, (AVG 538743.8571428572)
[1, 4, 10, 23, 57, 132, 301, 701, 1654, 3966, 9228, 21664]...: 5937556: ACCEPTED IN 11 TRIES, (AVG 539777.8181818182)
[1, 4, 10, 23, 57, 132, 301, 701, 1654, 3966, 9228, 21672]...: 11347940: ACCEPTED IN 21 TRIES, (AVG 540378.0952380953)
[1, 4, 10, 23, 57, 132, 301, 701, 1654, 3966, 9228, 21676]...: 5938227: ACCEPTED IN 11 TRIES, (AVG 539838.8181818182)
[1, 4, 10, 23, 57, 132, 301, 701, 1654, 3966, 9228, 21684]...: 7019744: ACCEPTED IN 13 TRIES, (AVG 539980.3076923077)
[1, 4, 10, 23, 57, 132, 301, 701, 1654, 3966, 9228, 21688]...: 5396749: ACCEPTED IN 10 TRIES, (AVG 539674.9)
[1, 4, 10, 23, 57, 132, 301, 701, 1654, 3966, 9228, 21692]...: 4314599: ACCEPTED IN 8 TRIES, (AVG 539324.875)
[1, 4, 10, 23, 57, 132, 301, 701, 1654, 3966, 9228, 21701]...: 6478352: ACCEPTED IN 12 TRIES, (AVG 539862.6666666666)
[1, 4, 10, 23, 57, 132, 301, 701, 1654, 3966, 9228, 21705]...: 5938183: ACCEPTED IN 11 TRIES, (AVG 539834.8181818182)
[1, 4, 10, 23, 57, 132, 301, 701, 1654, 3966, 9228, 21709]...: 10806732: ACCEPTED IN 20 TRIES, (AVG 540336.6)
[1, 4, 10, 23, 57, 132, 301, 701, 1654, 3966, 9228, 21713]...: 7561982: ACCEPTED IN 14 TRIES, (AVG 540141.5714285715)
[1, 4, 10, 23, 57, 132, 301, 701, 1654, 3966, 9228, 21725]...: 3772743: ACCEPTED IN 7 TRIES, (AVG 538963.2857142857)
[1, 4, 10, 23, 57, 132, 301, 701, 1654, 3966, 9228, 21742]...: 7019626: ACCEPTED IN 13 TRIES, (AVG 539971.2307692308)
[1, 4, 10, 23, 57, 132, 301, 701, 1654, 3966, 9228, 21746]...: 5937423: ACCEPTED IN 11 TRIES, (AVG 539765.7272727273)
[1, 4, 10, 23, 57, 132, 301, 701, 1654, 3966, 9228, 21750]...: 5396840: ACCEPTED IN 10 TRIES, (AVG 539684.0)
[1, 4, 10, 23, 57, 132, 301, 701, 1654, 3966, 9228, 21779]...: 8102860: ACCEPTED IN 15 TRIES, (AVG 540190.6666666666)
[1, 4, 10, 23, 57, 132, 301, 701, 1654, 3966, 9228, 21783]...: 4314469: ACCEPTED IN 8 TRIES, (AVG 539308.625)
[1, 4, 10, 23, 57, 132, 301, 701, 1654, 3966, 9228, 21787]...: 5396363: ACCEPTED IN 10 TRIES, (AVG 539636.3)
[1, 4, 10, 23, 57, 132, 301, 701, 1654, 3966, 9228, 21796]...: 4855226: ACCEPTED IN 9 TRIES, (AVG 539469.5555555555)
[1, 4, 10, 23, 57, 132, 301, 701, 1654, 3966, 9228, 21808]...: 4855844: ACCEPTED IN 9 TRIES, (AVG 539538.2222222222)
[1, 4, 10, 23, 57, 132, 301, 701, 1654, 3966, 9228, 21816]...: 4854875: ACCEPTED IN 9 TRIES, (AVG 539430.5555555555)
[1, 4, 10, 23, 57, 132, 301, 701, 1654, 3966, 9228, 21820]...: 4314867: ACCEPTED IN 8 TRIES, (AVG 539358.375)
[1, 4, 10, 23, 57, 132, 301, 701, 1654, 3966, 9228, 21824]...: 5938499: ACCEPTED IN 11 TRIES, (AVG 539863.5454545454)
[1, 4, 10, 23, 57, 132, 301, 701, 1654, 3966, 9228, 21833]...: 7018859: ACCEPTED IN 13 TRIES, (AVG 539912.2307692308)
[1, 4, 10, 23, 57, 132, 301, 701, 1654, 3966, 9228, 21837]...: 6478102: ACCEPTED IN 12 TRIES, (AVG 539841.8333333334)
[1, 4, 10, 23, 57, 132, 301, 701, 1654, 3966, 9228, 21841]...: 5396941: ACCEPTED IN 10 TRIES, (AVG 539694.1)
[1, 4, 10, 23, 57, 132, 301, 701, 1654, 3966, 9228, 21845]...: 8101959: ACCEPTED IN 15 TRIES, (AVG 540130.6)
[1, 4, 10, 23, 57, 132, 301, 701, 1654, 3966, 9228, 21857]...: 4312785: ACCEPTED IN 8 TRIES, (AVG 539098.125)
[1, 4, 10, 23, 57, 132, 301, 701, 1654, 3966, 9228, 21861]...: 7560653: ACCEPTED IN 14 TRIES, (AVG 540046.6428571428)
[1, 4, 10, 23, 57, 132, 301, 701, 1654, 3966, 9228, 21874]...: 4855541: ACCEPTED IN 9 TRIES, (AVG 539504.5555555555)
[1, 4, 10, 23, 57, 132, 301, 701, 1654, 3966, 9228, 21878]...: 4314518: ACCEPTED IN 8 TRIES, (AVG 539314.75)
[1, 4, 10, 23, 57, 132, 301, 701, 1654, 3966, 9228, 21882]...: 4856325: ACCEPTED IN 9 TRIES, (AVG 539591.6666666666)
[1, 4, 10, 23, 57, 132, 301, 701, 1654, 3966, 9228, 21911]...: 7018916: ACCEPTED IN 13 TRIES, (AVG 539916.6153846154)
[1, 4, 10, 23, 57, 132, 301, 701, 1654, 3966, 9228, 21915]...: 3772090: ACCEPTED IN 7 TRIES, (AVG 538870.0)
[1, 4, 10, 23, 57, 132, 301, 701, 1654, 3966, 9228, 21919]...: 5396998: ACCEPTED IN 10 TRIES, (AVG 539699.8)
[1, 4, 10, 23, 57, 132, 301, 701, 1654, 3966, 9228, 21928]...: 8102876: ACCEPTED IN 15 TRIES, (AVG 540191.7333333333)
[1, 4, 10, 23, 57, 132, 301, 701, 1654, 3966, 9228, 21940]...: 7019956: ACCEPTED IN 13 TRIES, (AVG 539996.6153846154)
[1, 4, 10, 23, 57, 132, 301, 701, 1654, 3966, 9228, 21948]...: 4855947: ACCEPTED IN 9 TRIES, (AVG 539549.6666666666)
[1, 4, 10, 23, 57, 132, 301, 701, 1654, 3966, 9228, 21952]...: 4314552: ACCEPTED IN 8 TRIES, (AVG 539319.0)
[1, 4, 10, 23, 57, 132, 301, 701, 1654, 3966, 9228, 21956]...: 7561777: ACCEPTED IN 14 TRIES, (AVG 540126.9285714285)
[1, 4, 10, 23, 57, 132, 301, 701, 1654, 3966, 9228, 21965]...: 7559678: ACCEPTED IN 14 TRIES, (AVG 539977.0)
[1, 4, 10, 23, 57, 132, 301, 701, 1654, 3966, 9228, 21969]...: 4855164: ACCEPTED IN 9 TRIES, (AVG 539462.6666666666)
[1, 4, 10, 23, 57, 132, 301, 701, 1654, 3966, 9228, 21973]...: 8103127: ACCEPTED IN 15 TRIES, (AVG 540208.4666666667)
[1, 4, 10, 23, 57, 132, 301, 701, 1654, 3966, 9228, 21977]...: 5396268: ACCEPTED IN 10 TRIES, (AVG 539626.8)
[1, 4, 10, 23, 57, 132, 301, 701, 1654, 3966, 9228, 21989]...: 4314390: ACCEPTED IN 8 TRIES, (AVG 539298.75)
[1, 4, 10, 23, 57, 132, 301, 701, 1654, 3966, 9228, 21993]...: 8100803: ACCEPTED IN 15 TRIES, (AVG 540053.5333333333)
[1, 4, 10, 23, 57, 132, 301, 701, 1654, 3966, 9228, 22002]...: 9184234: ACCEPTED IN 17 TRIES, (AVG 540249.0588235294)
[1, 4, 10, 23, 57, 132, 301, 701, 1654, 3966, 9228, 22006]...: 7020507: ACCEPTED IN 13 TRIES, (AVG 540039.0)
[1, 4, 10, 23, 57, 132, 301, 701, 1654, 3966, 9228, 22010]...: 5938568: ACCEPTED IN 11 TRIES, (AVG 539869.8181818182)
[1, 4, 10, 23, 57, 132, 301, 701, 1654, 3966, 9228, 22043]...: 7562063: ACCEPTED IN 14 TRIES, (AVG 540147.3571428572)
[1, 4, 10, 23, 57, 132, 301, 701, 1654, 3966, 9228, 22047]...: 5394849: ACCEPTED IN 10 TRIES, (AVG 539484.9)
[1, 4, 10, 23, 57, 132, 301, 701, 1654, 3966, 9228, 22051]...: 4313762: ACCEPTED IN 8 TRIES, (AVG 539220.25)
[1, 4, 10, 23, 57, 132, 301, 701, 1654, 3966, 9228, 22060]...: 4313451: ACCEPTED IN 8 TRIES, (AVG 539181.375)
[1, 4, 10, 23, 57, 132, 301, 701, 1654, 3966, 9228, 22072]...: 6478751: ACCEPTED IN 12 TRIES, (AVG 539895.9166666666)
[1, 4, 10, 23, 57, 132, 301, 701, 1654, 3966, 9228, 22080]...: 5937247: ACCEPTED IN 11 TRIES, (AVG 539749.7272727273)
[1, 4, 10, 23, 57, 132, 301, 701, 1654, 3966, 9228, 22084]...: 7019368: ACCEPTED IN 13 TRIES, (AVG 539951.3846153846)
[1, 4, 10, 23, 57, 132, 301, 701, 1654, 3966, 9228, 22088]...: 5397087: ACCEPTED IN 10 TRIES, (AVG 539708.7)
[1, 4, 10, 23, 57, 132, 301, 701, 1654, 3966, 9228, 22097]...: 5936228: ACCEPTED IN 11 TRIES, (AVG 539657.0909090909)
[1, 4, 10, 23, 57, 132, 301, 701, 1654, 3966, 9228, 22101]...: 4312776: ACCEPTED IN 8 TRIES, (AVG 539097.0)
[1, 4, 10, 23, 57, 132, 301, 701, 1654, 3966, 9228, 22109]...: 3774015: ACCEPTED IN 7 TRIES, (AVG 539145.0)
[1, 4, 10, 23, 57, 132, 301, 701, 1654, 3966, 9228, 22113]...: 4855581: ACCEPTED IN 9 TRIES, (AVG 539509.0)
[1, 4, 10, 23, 57, 132, 301, 701, 1654, 3966, 9228, 22121]...: 4313911: ACCEPTED IN 8 TRIES, (AVG 539238.875)
[1, 4, 10, 23, 57, 132, 301, 701, 1654, 3966, 9228, 22125]...: 4855628: ACCEPTED IN 9 TRIES, (AVG 539514.2222222222)
[1, 4, 10, 23, 57, 132, 301, 701, 1654, 3966, 9228, 22134]...: 3773061: ACCEPTED IN 7 TRIES, (AVG 539008.7142857143)
[1, 4, 10, 23, 57, 132, 301, 701, 1654, 3966, 9228, 22138]...: 8102121: ACCEPTED IN 15 TRIES, (AVG 540141.4)
[1, 4, 10, 23, 57, 132, 301, 701, 1654, 3966, 9228, 22142]...: 3773496: ACCEPTED IN 7 TRIES, (AVG 539070.8571428572)
