[1, 4, 10, 23, 57, 132, 301, 701, 1654, 3966, 8890, 19585]...: 4855165: ACCEPTED IN 9 TRIES, (AVG 539462.7777777778)
[1, 4, 10, 23, 57, 132, 301, 701, 1654, 3966, 8890, 19598]...: 43276214: ACCEPTED IN 80 TRIES, (AVG 540952.675)
[1, 4, 10, 23, 57, 132, 301, 701, 1654, 3966, 8890, 19635]...: 24335671: ACCEPTED IN 45 TRIES, (AVG 540792.6888888889)
[1, 4, 10, 23, 57, 132, 301, 701, 1654, 3966, 8890, 19639]...: 17843208: ACCEPTED IN 33 TRIES, (AVG 540703.2727272727)
[1, 4, 10, 23, 57, 132, 301, 701, 1654, 3966, 8890, 19643]...: 35700457: ACCEPTED IN 66 TRIES, (AVG 540916.0151515151)
[1, 4, 10, 23, 57, 132, 301, 701, 1654, 3966, 8890, 19672]...: 22168968: ACCEPTED IN 41 TRIES, (AVG 540706.5365853659)
[1, 4, 10, 23, 57, 132, 301, 701, 1654, 3966, 8890, 19676]...: 15678989: ACCEPTED IN 29 TRIES, (AVG 540654.7931034482)
[1, 4, 10, 23, 57, 132, 301, 701, 1654, 3966, 8890, 19680]...: 8102690: ACCEPTED IN 15 TRIES, (AVG 540179.3333333334)
[1, 4, 10, 23, 57, 132, 301, 701, 1654, 3966, 8890, 19684]...: 8102971: ACCEPTED IN 15 TRIES, (AVG 540198.0666666667)
[1, 4, 10, 23, 57, 132, 301, 701, 1654, 3966, 8890, 19717]...: 24336758: ACCEPTED IN 45 TRIES, (AVG 540816.8444444444)
[1, 4, 10, 23, 57, 132, 301, 701, 1654, 3966, 8890, 19730]...: 17301981: ACCEPTED IN 32 TRIES, (AVG 540686.90625)
[1, 4, 10, 23, 57, 132, 301, 701, 1654, 3966, 8890, 19767]...: 17302174: ACCEPTED IN 32 TRIES, (AVG 540692.9375)
[1, 4, 10, 23, 57, 132, 301, 701, 1654, 3966, 8890, 19771]...: 19466910: ACCEPTED IN 36 TRIES, (AVG 540747.5)
[1, 4, 10, 23, 57, 132, 301, 701, 1654, 3966, 8890, 19804]...: 14593648: ACCEPTED IN 27 TRIES, (AVG 540505.4814814815)
[1, 4, 10, 23, 57, 132, 301, 701, 1654, 3966, 8890, 19808]...: 22712679: ACCEPTED IN 42 TRIES, (AVG 540778.0714285715)
[1, 4, 10, 23, 57, 132, 301, 701, 1654, 3966, 8890, 19812]...: 12972960: ACCEPTED IN 24 TRIES, (AVG 540540.0)
[1, 4, 10, 23, 57, 132, 301, 701, 1654, 3966, 8890, 19816]...: 25960006: ACCEPTED IN 48 TRIES, (AVG 540833.4583333334)
[1, 4, 10, 23, 57, 132, 301, 701, 1654, 3966, 8890, 19845]...: 27583796: ACCEPTED IN 51 TRIES, (AVG 540858.7450980392)
[1, 4, 10, 23, 57, 132, 301, 701, 1654, 3966, 8890, 19849]...: 14595477: ACCEPTED IN 27 TRIES, (AVG 540573.2222222222)
[1, 4, 10, 23, 57, 132, 301, 701, 1654, 3966, 8890, 19853]...: 30830191: ACCEPTED IN 57 TRIES, (AVG 540880.5438596491)
[1, 4, 10, 23, 57, 132, 301, 701, 1654, 3966, 8890, 19862]...: 18925751: ACCEPTED IN 35 TRIES, (AVG 540735.7428571428)
[1, 4, 10, 23, 57, 132, 301, 701, 1654, 3966, 8890, 19899]...: 21089365: ACCEPTED IN 39 TRIES, (AVG 540752.9487179487)
[1, 4, 10, 23, 57, 132, 301, 701, 1654, 3966, 8890, 19903]...: 9184310: ACCEPTED IN 17 TRIES, (AVG 540253.5294117647)
[1, 4, 10, 23, 57, 132, 301, 701, 1654, 3966, 8890, 19936]...: 15137591: ACCEPTED IN 28 TRIES, (AVG 540628.25)
[1, 4, 10, 23, 57, 132, 301, 701, 1654, 3966, 8890, 19940]...: 8644213: ACCEPTED IN 16 TRIES, (AVG 540263.3125)
[1, 4, 10, 23, 57, 132, 301, 701, 1654, 3966, 8890, 19944]...: 19466413: ACCEPTED IN 36 TRIES, (AVG 540733.6944444445)
[1, 4, 10, 23, 57, 132, 301, 701, 1654, 3966, 8890, 19973]...: 14596322: ACCEPTED IN 27 TRIES, (AVG 540604.5185185185)
[1, 4, 10, 23, 57, 132, 301, 701, 1654, 3966, 8890, 19977]...: 15678210: ACCEPTED IN 29 TRIES, (AVG 540627.9310344828)
[1, 4, 10, 23, 57, 132, 301, 701, 1654, 3966, 8890, 19981]...: 8103257: ACCEPTED IN 15 TRIES, (AVG 540217.1333333333)
[1, 4, 10, 23, 57, 132, 301, 701, 1654, 3966, 8890, 19985]...: 7020307: ACCEPTED IN 13 TRIES, (AVG 540023.6153846154)
[1, 4, 10, 23, 57, 132, 301, 701, 1654, 3966, 8890, 19994]...: 12970493: ACCEPTED IN 24 TRIES, (AVG 540437.2083333334)
[1, 4, 10, 23, 57, 132, 301, 701, 1654, 3966, 8890, 20031]...: 16220199: ACCEPTED IN 30 TRIES, (AVG 540673.3)
[1, 4, 10, 23, 57, 132, 301, 701, 1654, 3966, 8890, 20035]...: 7561363: ACCEPTED IN 14 TRIES, (AVG 540097.3571428572)
[1, 4, 10, 23, 57, 132, 301, 701, 1654, 3966, 8890, 20068]...: 16219975: ACCEPTED IN 30 TRIES, (AVG 540665.8333333334)
[1, 4, 10, 23, 57, 132, 301, 701, 1654, 3966, 8890, 20072]...: 11349584: ACCEPTED IN 21 TRIES, (AVG 540456.380952381)
[1, 4, 10, 23, 57, 132, 301, 701, 1654, 3966, 8890, 20076]...: 10808784: ACCEPTED IN 20 TRIES, (AVG 540439.2)
[1, 4, 10, 23, 57, 132, 301, 701, 1654, 3966, 8890, 20105]...: 28125073: ACCEPTED IN 52 TRIES, (AVG 540866.7884615385)
[1, 4, 10, 23, 57, 132, 301, 701, 1654, 3966, 8890, 20109]...: 7561943: ACCEPTED IN 14 TRIES, (AVG 540138.7857142857)
[1, 4, 10, 23, 57, 132, 301, 701, 1654, 3966, 8890, 20113]...: 6479685: ACCEPTED IN 12 TRIES, (AVG 539973.75)
[1, 4, 10, 23, 57, 132, 301, 701, 1654, 3966, 8890, 20117]...: 9185472: ACCEPTED IN 17 TRIES, (AVG 540321.8823529412)
[1, 4, 10, 23, 57, 132, 301, 701, 1654, 3966, 8890, 20146]...: 23253764: ACCEPTED IN 43 TRIES, (AVG 540785.2093023256)
[1, 4, 10, 23, 57, 132, 301, 701, 1654, 3966, 8890, 20154]...: 7020727: ACCEPTED IN 13 TRIES, (AVG 540055.9230769231)
[1, 4, 10, 23, 57, 132, 301, 701, 1654, 3966, 8890, 20163]...: 17302382: ACCEPTED IN 32 TRIES, (AVG 540699.4375)
[1, 4, 10, 23, 57, 132, 301, 701, 1654, 3966, 8890, 20167]...: 8101603: ACCEPTED IN 15 TRIES, (AVG 540106.8666666667)
[1, 4, 10, 23, 57, 132, 301, 701, 1654, 3966, 8890, 20200]...: 14055625: ACCEPTED IN 26 TRIES, (AVG 540600.9615384615)
[1, 4, 10, 23, 57, 132, 301, 701, 1654, 3966, 8890, 20204]...: 18924787: ACCEPTED IN 35 TRIES, (AVG 540708.2)
[1, 4, 10, 23, 57, 132, 301, 701, 1654, 3966, 8890, 20208]...: 5937831: ACCEPTED IN 11 TRIES, (AVG 539802.8181818182)
[1, 4, 10, 23, 57, 132, 301, 701, 1654, 3966, 8890, 20237]...: 11349383: ACCEPTED IN 21 TRIES, (AVG 540446.8095238095)
[1, 4, 10, 23, 57, 132, 301, 701, 1654, 3966, 8890, 20241]...: 15678906: ACCEPTED IN 29 TRIES, (AVG 540651.9310344828)
[1, 4, 10, 23, 57, 132, 301, 701, 1654, 3966, 8890, 20245]...: 9185533: ACCEPTED IN 17 TRIES, (AVG 540325.4705882353)
[1, 4, 10, 23, 57, 132, 301, 701, 1654, 3966, 8890, 20274]...: 13513323: ACCEPTED IN 25 TRIES, (AVG 540532.92)
[1, 4, 10, 23, 57, 132, 301, 701, 1654, 3966, 8890, 20278]...: 8102535: ACCEPTED IN 15 TRIES, (AVG 540169.0)
[1, 4, 10, 23, 57, 132, 301, 701, 1654, 3966, 8890, 20286]...: 3772520: ACCEPTED IN 7 TRIES, (AVG 538931.4285714285)
[1, 4, 10, 23, 57, 132, 301, 701, 1654, 3966, 8890, 20295]...: 30828903: ACCEPTED IN 57 TRIES, (AVG 540857.947368421)
[1, 4, 10, 23, 57, 132, 301, 701, 1654, 3966, 8890, 20299]...: 7561203: ACCEPTED IN 14 TRIES, (AVG 540085.9285714285)
[1, 4, 10, 23, 57, 132, 301, 701, 1654, 3966, 8890, 20332]...: 13513680: ACCEPTED IN 25 TRIES, (AVG 540547.2)
[1, 4, 10, 23, 57, 132, 301, 701, 1654, 3966, 8890, 20336]...: 8102497: ACCEPTED IN 15 TRIES, (AVG 540166.4666666667)
[1, 4, 10, 23, 57, 132, 301, 701, 1654, 3966, 8890, 20340]...: 9184065: ACCEPTED IN 17 TRIES, (AVG 540239.1176470588)
[1, 4, 10, 23, 57, 132, 301, 701, 1654, 3966, 8890, 20369]...: 14594610: ACCEPTED IN 27 TRIES, (AVG 540541.1111111111)
[1, 4, 10, 23, 57, 132, 301, 701, 1654, 3966, 8890, 20373]...: 22712643: ACCEPTED IN 42 TRIES, (AVG 540777.2142857143)
[1, 4, 10, 23, 57, 132, 301, 701, 1654, 3966, 8890, 20377]...: 15136220: ACCEPTED IN 28 TRIES, (AVG 540579.2857142857)
[1, 4, 10, 23, 57, 132, 301, 701, 1654, 3966, 8890, 20406]...: 11890701: ACCEPTED IN 22 TRIES, (AVG 540486.4090909091)
[1, 4, 10, 23, 57, 132, 301, 701, 1654, 3966, 8890, 20410]...: 9726499: ACCEPTED IN 18 TRIES, (AVG 540361.0555555555)
[1, 4, 10, 23, 57, 132, 301, 701, 1654, 3966, 8890, 20418]...: 9184106: ACCEPTED IN 17 TRIES, (AVG 540241.5294117647)
[1, 4, 10, 23, 57, 132, 301, 701, 1654, 3966, 8890, 20431]...: 17841380: ACCEPTED IN 33 TRIES, (AVG 540647.8787878788)
[1, 4, 10, 23, 57, 132, 301, 701, 1654, 3966, 8890, 20447]...: 13514098: ACCEPTED IN 25 TRIES, (AVG 540563.92)
[1, 4, 10, 23, 57, 132, 301, 701, 1654, 3966, 8890, 20464]...: 13514569: ACCEPTED IN 25 TRIES, (AVG 540582.76)
[1, 4, 10, 23, 57, 132, 301, 701, 1654, 3966, 8890, 20468]...: 8102037: ACCEPTED IN 15 TRIES, (AVG 540135.8)
[1, 4, 10, 23, 57, 132, 301, 701, 1654, 3966, 8890, 20472]...: 9185414: ACCEPTED IN 17 TRIES, (AVG 540318.4705882353)
[1, 4, 10, 23, 57, 132, 301, 701, 1654, 3966, 8890, 20501]...: 14596189: ACCEPTED IN 27 TRIES, (AVG 540599.5925925926)
[1, 4, 10, 23, 57, 132, 301, 701, 1654, 3966, 8890, 20505]...: 7020277: ACCEPTED IN 13 TRIES, (AVG 540021.3076923077)
[1, 4, 10, 23, 57, 132, 301, 701, 1654, 3966, 8890, 20509]...: 9185303: ACCEPTED IN 17 TRIES, (AVG 540311.9411764706)
[1, 4, 10, 23, 57, 132, 301, 701, 1654, 3966, 8890, 20538]...: 11349142: ACCEPTED IN 21 TRIES, (AVG 540435.3333333334)
[1, 4, 10, 23, 57, 132, 301, 701, 1654, 3966, 8890, 20542]...: 14053043: ACCEPTED IN 26 TRIES, (AVG 540501.6538461539)
[1, 4, 10, 23, 57, 132, 301, 701, 1654, 3966, 8890, 20546]...: 16760768: ACCEPTED IN 31 TRIES, (AVG 540669.9354838709)
[1, 4, 10, 23, 57, 132, 301, 701, 1654, 3966, 8890, 20563]...: 11349102: ACCEPTED IN 21 TRIES, (AVG 540433.4285714285)
[1, 4, 10, 23, 57, 132, 301, 701, 1654, 3966, 8890, 20579]...: 16760789: ACCEPTED IN 31 TRIES, (AVG 540670.6129032258)
[1, 4, 10, 23, 57, 132, 301, 701, 1654, 3966, 8890, 20596]...: 23793321: ACCEPTED IN 44 TRIES, (AVG 540757.2954545454)
[1, 4, 10, 23, 57, 132, 301, 701, 1654, 3966, 8890, 20600]...: 14596608: ACCEPTED IN 27 TRIES, (AVG 540615.1111111111)
[1, 4, 10, 23, 57, 132, 301, 701, 1654, 3966, 8890, 20604]...: 6478679: ACCEPTED IN 12 TRIES, (AVG 539889.9166666666)
[1, 4, 10, 23, 57, 132, 301, 701, 1654, 3966, 8890, 20633]...: 8101343: ACCEPTED IN 15 TRIES, (AVG 540089.5333333333)
[1, 4, 10, 23, 57, 132, 301, 701, 1654, 3966, 8890, 20637]...: 12430232: ACCEPTED IN 23 TRIES, (AVG 540444.8695652174)
[1, 4, 10, 23, 57, 132, 301, 701, 1654, 3966, 8890, 20641]...: 6477610: ACCEPTED IN 12 TRIES, (AVG 539800.8333333334)
[1, 4, 10, 23, 57, 132, 301, 701, 1654, 3966, 8890, 20670]...: 9184543: ACCEPTED IN 17 TRIES, (AVG 540267.2352941176)
[1, 4, 10, 23, 57, 132, 301, 701, 1654, 3966, 8890, 20674]...: 8103229: ACCEPTED IN 15 TRIES, (AVG 540215.2666666667)
[1, 4, 10, 23, 57, 132, 301, 701, 1654, 3966, 8890, 20678]...: 12429133: ACCEPTED IN 23 TRIES, (AVG 540397.0869565217)
[1, 4, 10, 23, 57, 132, 301, 701, 1654, 3966, 8890, 20695]...: 14596587: ACCEPTED IN 27 TRIES, (AVG 540614.3333333334)
[1, 4, 10, 23, 57, 132, 301, 701, 1654, 3966, 8890, 20711]...: 7561087: ACCEPTED IN 14 TRIES, (AVG 540077.6428571428)
[1, 4, 10, 23, 57, 132, 301, 701, 1654, 3966, 8890, 20724]...: 13511065: ACCEPTED IN 25 TRIES, (AVG 540442.6)
[1, 4, 10, 23, 57, 132, 301, 701, 1654, 3966, 8890, 20732]...: 7019257: ACCEPTED IN 13 TRIES, (AVG 539942.8461538461)
[1, 4, 10, 23, 57, 132, 301, 701, 1654, 3966, 8890, 20736]...: 4315058: ACCEPTED IN 8 TRIES, (AVG 539382.25)
[1, 4, 10, 23, 57, 132, 301, 701, 1654, 3966, 8890, 20765]...: 31371711: ACCEPTED IN 58 TRIES, (AVG 540891.5689655172)
[1, 4, 10, 23, 57, 132, 301, 701, 1654, 3966, 8890, 20769]...: 15676488: ACCEPTED IN 29 TRIES, (AVG 540568.551724138)
[1, 4, 10, 23, 57, 132, 301, 701, 1654, 3966, 8890, 20773]...: 14596100: ACCEPTED IN 27 TRIES, (AVG 540596.2962962963)
[1, 4, 10, 23, 57, 132, 301, 701, 1654, 3966, 8890, 20802]...: 14594672: ACCEPTED IN 27 TRIES, (AVG 540543.4074074074)
[1, 4, 10, 23, 57, 132, 301, 701, 1654, 3966, 8890, 20806]...: 7019530: ACCEPTED IN 13 TRIES, (AVG 539963.8461538461)
[1, 4, 10, 23, 57, 132, 301, 701, 1654, 3966, 8890, 20810]...: 13511842: ACCEPTED IN 25 TRIES, (AVG 540473.68)
[1, 4, 10, 23, 57, 132, 301, 701, 1654, 3966, 8890, 20843]...: 4856075: ACCEPTED IN 9 TRIES, (AVG 539563.8888888889)
[1, 4, 10, 23, 57, 132, 301, 701, 1654, 3966, 8890, 20847]...: 8102994: ACCEPTED IN 15 TRIES, (AVG 540199.6)
[1, 4, 10, 23, 57, 132, 301, 701, 1654, 3966, 8890, 20856]...: 8102382: ACCEPTED IN 15 TRIES, (AVG 540158.8)
[1, 4, 10, 23, 57, 132, 301, 701, 1654, 3966, 8890, 20864]...: 16218165: ACCEPTED IN 30 TRIES, (AVG 540605.5)
[1, 4, 10, 23, 57, 132, 301, 701, 1654, 3966, 8890, 20868]...: 8101531: ACCEPTED IN 15 TRIES, (AVG 540102.0666666667)
[1, 4, 10, 23, 57, 132, 301, 701, 1654, 3966, 8890, 20897]...: 9725901: ACCEPTED IN 18 TRIES, (AVG 540327.8333333334)
[1, 4, 10, 23, 57, 132, 301, 701, 1654, 3966, 8890, 20901]...: 14055700: ACCEPTED IN 26 TRIES, (AVG 540603.8461538461)
[1, 4, 10, 23, 57, 132, 301, 701, 1654, 3966, 8890, 20905]...: 19466475: ACCEPTED IN 36 TRIES, (AVG 540735.4166666666)
[1, 4, 10, 23, 57, 132, 301, 701, 1654, 3966, 8890, 20934]...: 5937570: ACCEPTED IN 11 TRIES, (AVG 539779.0909090909)
[1, 4, 10, 23, 57, 132, 301, 701, 1654, 3966, 8890, 20938]...: 25958118: ACCEPTED IN 48 TRIES, (AVG 540794.125)
[1, 4, 10, 23, 57, 132, 301, 701, 1654, 3966, 8890, 20942]...: 5397369: ACCEPTED IN 10 TRIES, (AVG 539736.9)
[1, 4, 10, 23, 57, 132, 301, 701, 1654, 3966, 8890, 20975]...: 7561542: ACCEPTED IN 14 TRIES, (AVG 540110.1428571428)
[1, 4, 10, 23, 57, 132, 301, 701, 1654, 3966, 8890, 20979]...: 14055365: ACCEPTED IN 26 TRIES, (AVG 540590.9615384615)
[1, 4, 10, 23, 57, 132, 301, 701, 1654, 3966, 8890, 20988]...: 8643901: ACCEPTED IN 16 TRIES, (AVG 540243.8125)
[1, 4, 10, 23, 57, 132, 301, 701, 1654, 3966, 8890, 20996]...: 13514163: ACCEPTED IN 25 TRIES, (AVG 540566.52)
[1, 4, 10, 23, 57, 132, 301, 701, 1654, 3966, 8890, 21025]...: 4313138: ACCEPTED IN 8 TRIES, (AVG 539142.25)
[1, 4, 10, 23, 57, 132, 301, 701, 1654, 3966, 8890, 21029]...: 13513028: ACCEPTED IN 25 TRIES, (AVG 540521.12)
[1, 4, 10, 23, 57, 132, 301, 701, 1654, 3966, 8890, 21033]...: 25959215: ACCEPTED IN 48 TRIES, (AVG 540816.9791666666)
[1, 4, 10, 23, 57, 132, 301, 701, 1654, 3966, 8890, 21037]...: 14596776: ACCEPTED IN 27 TRIES, (AVG 540621.3333333334)
[1, 4, 10, 23, 57, 132, 301, 701, 1654, 3966, 8890, 21066]...: 10266568: ACCEPTED IN 19 TRIES, (AVG 540345.6842105263)
[1, 4, 10, 23, 57, 132, 301, 701, 1654, 3966, 8890, 21070]...: 4854130: ACCEPTED IN 9 TRIES, (AVG 539347.7777777778)
[1, 4, 10, 23, 57, 132, 301, 701, 1654, 3966, 8890, 21074]...: 13512932: ACCEPTED IN 25 TRIES, (AVG 540517.28)
[1, 4, 10, 23, 57, 132, 301, 701, 1654, 3966, 8890, 21107]...: 9185158: ACCEPTED IN 17 TRIES, (AVG 540303.4117647059)
[1, 4, 10, 23, 57, 132, 301, 701, 1654, 3966, 8890, 21111]...: 21630827: ACCEPTED IN 40 TRIES, (AVG 540770.675)
[1, 4, 10, 23, 57, 132, 301, 701, 1654, 3966, 8890, 21120]...: 15136337: ACCEPTED IN 28 TRIES, (AVG 540583.4642857143)
[1, 4, 10, 23, 57, 132, 301, 701, 1654, 3966, 8890, 21148]...: 6479166: ACCEPTED IN 12 TRIES, (AVG 539930.5)
[1, 4, 10, 23, 57, 132, 301, 701, 1654, 3966, 8890, 21157]...: 13512986: ACCEPTED IN 25 TRIES, (AVG 540519.44)
[1, 4, 10, 23, 57, 132, 301, 701, 1654, 3966, 8890, 21161]...: 5938445: ACCEPTED IN 11 TRIES, (AVG 539858.6363636364)
[1, 4, 10, 23, 57, 132, 301, 701, 1654, 3966, 8890, 21165]...: 23795313: ACCEPTED IN 44 TRIES, (AVG 540802.5681818182)
[1, 4, 10, 23, 57, 132, 301, 701, 1654, 3966, 8890, 21169]...: 8100371: ACCEPTED IN 15 TRIES, (AVG 540024.7333333333)
[1, 4, 10, 23, 57, 132, 301, 701, 1654, 3966, 8890, 21198]...: 8099876: ACCEPTED IN 15 TRIES, (AVG 539991.7333333333)
[1, 4, 10, 23, 57, 132, 301, 701, 1654, 3966, 8890, 21202]...: 22171848: ACCEPTED IN 41 TRIES, (AVG 540776.7804878049)
[1, 4, 10, 23, 57, 132, 301, 701, 1654, 3966, 8890, 21206]...: 8099307: ACCEPTED IN 15 TRIES, (AVG 539953.8)
[1, 4, 10, 23, 57, 132, 301, 701, 1654, 3966, 8890, 21239]...: 8099698: ACCEPTED IN 15 TRIES, (AVG 539979.8666666667)
[1, 4, 10, 23, 57, 132, 301, 701, 1654, 3966, 8890, 21243]...: 5936844: ACCEPTED IN 11 TRIES, (AVG 539713.0909090909)
[1, 4, 10, 23, 57, 132, 301, 701, 1654, 3966, 8890, 21252]...: 4855158: ACCEPTED IN 9 TRIES, (AVG 539462.0)
[1, 4, 10, 23, 57, 132, 301, 701, 1654, 3966, 8890, 21280]...: 14055487: ACCEPTED IN 26 TRIES, (AVG 540595.6538461539)
[1, 4, 10, 23, 57, 132, 301, 701, 1654, 3966, 8890, 21289]...: 7560828: ACCEPTED IN 14 TRIES, (AVG 540059.1428571428)
[1, 4, 10, 23, 57, 132, 301, 701, 1654, 3966, 8890, 21293]...: 4855896: ACCEPTED IN 9 TRIES, (AVG 539544.0)
[1, 4, 10, 23, 57, 132, 301, 701, 1654, 3966, 8890, 21297]...: 8103113: ACCEPTED IN 15 TRIES, (AVG 540207.5333333333)
[1, 4, 10, 23, 57, 132, 301, 701, 1654, 3966, 8890, 21326]...: 7020941: ACCEPTED IN 13 TRIES, (AVG 540072.3846153846)
[1, 4, 10, 23, 57, 132, 301, 701, 1654, 3966, 8890, 21330]...: 10807586: ACCEPTED IN 20 TRIES, (AVG 540379.3)
[1, 4, 10, 23, 57, 132, 301, 701, 1654, 3966, 8890, 21334]...: 14054532: ACCEPTED IN 26 TRIES, (AVG 540558.9230769231)
