[1, 4, 10, 23, 57, 132, 301, 701, 1654, 3966, 9110, 20045]...: 9185213: ACCEPTED IN 17 TRIES, (AVG 540306.6470588235)
[1, 4, 10, 23, 57, 132, 301, 701, 1654, 3966, 9110, 20049]...: 26500991: ACCEPTED IN 49 TRIES, (AVG 540836.5510204082)
[1, 4, 10, 23, 57, 132, 301, 701, 1654, 3966, 9110, 20053]...: 30830783: ACCEPTED IN 57 TRIES, (AVG 540890.9298245613)
[1, 4, 10, 23, 57, 132, 301, 701, 1654, 3966, 9110, 20057]...: 7560696: ACCEPTED IN 14 TRIES, (AVG 540049.7142857143)
[1, 4, 10, 23, 57, 132, 301, 701, 1654, 3966, 9110, 20061]...: 9185134: ACCEPTED IN 17 TRIES, (AVG 540302.0)
[1, 4, 10, 23, 57, 132, 301, 701, 1654, 3966, 9110, 20065]...: 26500811: ACCEPTED IN 49 TRIES, (AVG 540832.8775510204)
[1, 4, 10, 23, 57, 132, 301, 701, 1654, 3966, 9110, 20070]...: 11347329: ACCEPTED IN 21 TRIES, (AVG 540349.0)
[1, 4, 10, 23, 57, 132, 301, 701, 1654, 3966, 9110, 20074]...: 13513058: ACCEPTED IN 25 TRIES, (AVG 540522.32)
[1, 4, 10, 23, 57, 132, 301, 701, 1654, 3966, 9110, 20078]...: 22713807: ACCEPTED IN 42 TRIES, (AVG 540804.9285714285)
[1, 4, 10, 23, 57, 132, 301, 701, 1654, 3966, 9110, 20082]...: 29747113: ACCEPTED IN 55 TRIES, (AVG 540856.6)
[1, 4, 10, 23, 57, 132, 301, 701, 1654, 3966, 9110, 20086]...: 32454091: ACCEPTED IN 60 TRIES, (AVG 540901.5166666667)
[1, 4, 10, 23, 57, 132, 301, 701, 1654, 3966, 9110, 20094]...: 16760207: ACCEPTED IN 31 TRIES, (AVG 540651.8387096775)
[1, 4, 10, 23, 57, 132, 301, 701, 1654, 3966, 9110, 20098]...: 9185395: ACCEPTED IN 17 TRIES, (AVG 540317.3529411765)
[1, 4, 10, 23, 57, 132, 301, 701, 1654, 3966, 9110, 20106]...: 8102968: ACCEPTED IN 15 TRIES, (AVG 540197.8666666667)
[1, 4, 10, 23, 57, 132, 301, 701, 1654, 3966, 9110, 20107]...: 23796163: ACCEPTED IN 44 TRIES, (AVG 540821.8863636364)
[1, 4, 10, 23, 57, 132, 301, 701, 1654, 3966, 9110, 20111]...: 11891064: ACCEPTED IN 22 TRIES, (AVG 540502.9090909091)
[1, 4, 10, 23, 57, 132, 301, 701, 1654, 3966, 9110, 20115]...: 27042257: ACCEPTED IN 50 TRIES, (AVG 540845.14)
[1, 4, 10, 23, 57, 132, 301, 701, 1654, 3966, 9110, 20119]...: 25959633: ACCEPTED IN 48 TRIES, (AVG 540825.6875)
[1, 4, 10, 23, 57, 132, 301, 701, 1654, 3966, 9110, 20123]...: 31912816: ACCEPTED IN 59 TRIES, (AVG 540895.186440678)
[1, 4, 10, 23, 57, 132, 301, 701, 1654, 3966, 9110, 20140]...: 12973382: ACCEPTED IN 24 TRIES, (AVG 540557.5833333334)
[1, 4, 10, 23, 57, 132, 301, 701, 1654, 3966, 9110, 20144]...: 22169329: ACCEPTED IN 41 TRIES, (AVG 540715.3414634146)
[1, 4, 10, 23, 57, 132, 301, 701, 1654, 3966, 9110, 20148]...: 23794762: ACCEPTED IN 44 TRIES, (AVG 540790.0454545454)
[1, 4, 10, 23, 57, 132, 301, 701, 1654, 3966, 9110, 20152]...: 12973416: ACCEPTED IN 24 TRIES, (AVG 540559.0)
[1, 4, 10, 23, 57, 132, 301, 701, 1654, 3966, 9110, 20156]...: 28124832: ACCEPTED IN 52 TRIES, (AVG 540862.1538461539)
[1, 4, 10, 23, 57, 132, 301, 701, 1654, 3966, 9110, 20160]...: 24875866: ACCEPTED IN 46 TRIES, (AVG 540779.695652174)
[1, 4, 10, 23, 57, 132, 301, 701, 1654, 3966, 9110, 20173]...: 19465702: ACCEPTED IN 36 TRIES, (AVG 540713.9444444445)
[1, 4, 10, 23, 57, 132, 301, 701, 1654, 3966, 9110, 20177]...: 23254327: ACCEPTED IN 43 TRIES, (AVG 540798.3023255814)
[1, 4, 10, 23, 57, 132, 301, 701, 1654, 3966, 9110, 20181]...: 26500755: ACCEPTED IN 49 TRIES, (AVG 540831.7346938775)
[1, 4, 10, 23, 57, 132, 301, 701, 1654, 3966, 9110, 20185]...: 25417265: ACCEPTED IN 47 TRIES, (AVG 540792.8723404255)
[1, 4, 10, 23, 57, 132, 301, 701, 1654, 3966, 9110, 20189]...: 22712553: ACCEPTED IN 42 TRIES, (AVG 540775.0714285715)
[1, 4, 10, 23, 57, 132, 301, 701, 1654, 3966, 9110, 20193]...: 21631286: ACCEPTED IN 40 TRIES, (AVG 540782.15)
[1, 4, 10, 23, 57, 132, 301, 701, 1654, 3966, 9110, 20197]...: 23796015: ACCEPTED IN 44 TRIES, (AVG 540818.5227272727)
[1, 4, 10, 23, 57, 132, 301, 701, 1654, 3966, 9110, 20206]...: 25958381: ACCEPTED IN 48 TRIES, (AVG 540799.6041666666)
[1, 4, 10, 23, 57, 132, 301, 701, 1654, 3966, 9110, 20210]...: 7560056: ACCEPTED IN 14 TRIES, (AVG 540004.0)
[1, 4, 10, 23, 57, 132, 301, 701, 1654, 3966, 9110, 20214]...: 9184840: ACCEPTED IN 17 TRIES, (AVG 540284.7058823529)
[1, 4, 10, 23, 57, 132, 301, 701, 1654, 3966, 9110, 20218]...: 8103191: ACCEPTED IN 15 TRIES, (AVG 540212.7333333333)
[1, 4, 10, 23, 57, 132, 301, 701, 1654, 3966, 9110, 20226]...: 26501480: ACCEPTED IN 49 TRIES, (AVG 540846.5306122449)
[1, 4, 10, 23, 57, 132, 301, 701, 1654, 3966, 9110, 20230]...: 31370720: ACCEPTED IN 58 TRIES, (AVG 540874.4827586206)
[1, 4, 10, 23, 57, 132, 301, 701, 1654, 3966, 9110, 20238]...: 37324475: ACCEPTED IN 69 TRIES, (AVG 540934.4202898551)
[1, 4, 10, 23, 57, 132, 301, 701, 1654, 3966, 9110, 20239]...: 11890454: ACCEPTED IN 22 TRIES, (AVG 540475.1818181818)
[1, 4, 10, 23, 57, 132, 301, 701, 1654, 3966, 9110, 20243]...: 13512795: ACCEPTED IN 25 TRIES, (AVG 540511.8)
[1, 4, 10, 23, 57, 132, 301, 701, 1654, 3966, 9110, 20247]...: 11889188: ACCEPTED IN 22 TRIES, (AVG 540417.6363636364)
[1, 4, 10, 23, 57, 132, 301, 701, 1654, 3966, 9110, 20251]...: 62215509: ACCEPTED IN 115 TRIES, (AVG 541004.4260869565)
[1, 4, 10, 23, 57, 132, 301, 701, 1654, 3966, 9110, 20255]...: 30289427: ACCEPTED IN 56 TRIES, (AVG 540882.625)
[1, 4, 10, 23, 57, 132, 301, 701, 1654, 3966, 9110, 20267]...: 27042359: ACCEPTED IN 50 TRIES, (AVG 540847.18)
[1, 4, 10, 23, 57, 132, 301, 701, 1654, 3966, 9110, 20272]...: 12972969: ACCEPTED IN 24 TRIES, (AVG 540540.375)
[1, 4, 10, 23, 57, 132, 301, 701, 1654, 3966, 9110, 20276]...: 13512140: ACCEPTED IN 25 TRIES, (AVG 540485.6)
[1, 4, 10, 23, 57, 132, 301, 701, 1654, 3966, 9110, 20280]...: 12972613: ACCEPTED IN 24 TRIES, (AVG 540525.5416666666)
[1, 4, 10, 23, 57, 132, 301, 701, 1654, 3966, 9110, 20284]...: 13513762: ACCEPTED IN 25 TRIES, (AVG 540550.48)
[1, 4, 10, 23, 57, 132, 301, 701, 1654, 3966, 9110, 20288]...: 8102085: ACCEPTED IN 15 TRIES, (AVG 540139.0)
[1, 4, 10, 23, 57, 132, 301, 701, 1654, 3966, 9110, 20292]...: 13514380: ACCEPTED IN 25 TRIES, (AVG 540575.2)
[1, 4, 10, 23, 57, 132, 301, 701, 1654, 3966, 9110, 20309]...: 16218241: ACCEPTED IN 30 TRIES, (AVG 540608.0333333333)
[1, 4, 10, 23, 57, 132, 301, 701, 1654, 3966, 9110, 20313]...: 12431576: ACCEPTED IN 23 TRIES, (AVG 540503.304347826)
[1, 4, 10, 23, 57, 132, 301, 701, 1654, 3966, 9110, 20317]...: 24878247: ACCEPTED IN 46 TRIES, (AVG 540831.4565217391)
[1, 4, 10, 23, 57, 132, 301, 701, 1654, 3966, 9110, 20321]...: 5937542: ACCEPTED IN 11 TRIES, (AVG 539776.5454545454)
[1, 4, 10, 23, 57, 132, 301, 701, 1654, 3966, 9110, 20325]...: 7020334: ACCEPTED IN 13 TRIES, (AVG 540025.6923076923)
[1, 4, 10, 23, 57, 132, 301, 701, 1654, 3966, 9110, 20329]...: 8642565: ACCEPTED IN 16 TRIES, (AVG 540160.3125)
[1, 4, 10, 23, 57, 132, 301, 701, 1654, 3966, 9110, 20338]...: 11349324: ACCEPTED IN 21 TRIES, (AVG 540444.0)
[1, 4, 10, 23, 57, 132, 301, 701, 1654, 3966, 9110, 20342]...: 20549318: ACCEPTED IN 38 TRIES, (AVG 540771.5263157894)
[1, 4, 10, 23, 57, 132, 301, 701, 1654, 3966, 9110, 20346]...: 28666120: ACCEPTED IN 53 TRIES, (AVG 540870.1886792453)
[1, 4, 10, 23, 57, 132, 301, 701, 1654, 3966, 9110, 20350]...: 49228918: ACCEPTED IN 91 TRIES, (AVG 540977.1208791209)
[1, 4, 10, 23, 57, 132, 301, 701, 1654, 3966, 9110, 20358]...: 7019034: ACCEPTED IN 13 TRIES, (AVG 539925.6923076923)
[1, 4, 10, 23, 57, 132, 301, 701, 1654, 3966, 9110, 20362]...: 34077315: ACCEPTED IN 63 TRIES, (AVG 540909.7619047619)
[1, 4, 10, 23, 57, 132, 301, 701, 1654, 3966, 9110, 20366]...: 6477083: ACCEPTED IN 12 TRIES, (AVG 539756.9166666666)
[1, 4, 10, 23, 57, 132, 301, 701, 1654, 3966, 9110, 20371]...: 12431635: ACCEPTED IN 23 TRIES, (AVG 540505.8695652174)
[1, 4, 10, 23, 57, 132, 301, 701, 1654, 3966, 9110, 20375]...: 28665771: ACCEPTED IN 53 TRIES, (AVG 540863.6037735849)
[1, 4, 10, 23, 57, 132, 301, 701, 1654, 3966, 9110, 20379]...: 8642729: ACCEPTED IN 16 TRIES, (AVG 540170.5625)
[1, 4, 10, 23, 57, 132, 301, 701, 1654, 3966, 9110, 20383]...: 28120500: ACCEPTED IN 52 TRIES, (AVG 540778.8461538461)
[1, 4, 10, 23, 57, 132, 301, 701, 1654, 3966, 9110, 20387]...: 7019787: ACCEPTED IN 13 TRIES, (AVG 539983.6153846154)
[1, 4, 10, 23, 57, 132, 301, 701, 1654, 3966, 9110, 20399]...: 8101825: ACCEPTED IN 15 TRIES, (AVG 540121.6666666666)
[1, 4, 10, 23, 57, 132, 301, 701, 1654, 3966, 9110, 20408]...: 11889127: ACCEPTED IN 22 TRIES, (AVG 540414.8636363636)
[1, 4, 10, 23, 57, 132, 301, 701, 1654, 3966, 9110, 20412]...: 13514547: ACCEPTED IN 25 TRIES, (AVG 540581.88)
[1, 4, 10, 23, 57, 132, 301, 701, 1654, 3966, 9110, 20416]...: 19466739: ACCEPTED IN 36 TRIES, (AVG 540742.75)
[1, 4, 10, 23, 57, 132, 301, 701, 1654, 3966, 9110, 20420]...: 22713557: ACCEPTED IN 42 TRIES, (AVG 540798.9761904762)
[1, 4, 10, 23, 57, 132, 301, 701, 1654, 3966, 9110, 20424]...: 26499324: ACCEPTED IN 49 TRIES, (AVG 540802.5306122449)
[1, 4, 10, 23, 57, 132, 301, 701, 1654, 3966, 9110, 20441]...: 10267190: ACCEPTED IN 19 TRIES, (AVG 540378.4210526316)
[1, 4, 10, 23, 57, 132, 301, 701, 1654, 3966, 9110, 20445]...: 8102458: ACCEPTED IN 15 TRIES, (AVG 540163.8666666667)
[1, 4, 10, 23, 57, 132, 301, 701, 1654, 3966, 9110, 20449]...: 13513913: ACCEPTED IN 25 TRIES, (AVG 540556.52)
[1, 4, 10, 23, 57, 132, 301, 701, 1654, 3966, 9110, 20453]...: 13513634: ACCEPTED IN 25 TRIES, (AVG 540545.36)
[1, 4, 10, 23, 57, 132, 301, 701, 1654, 3966, 9110, 20457]...: 10267802: ACCEPTED IN 19 TRIES, (AVG 540410.6315789474)
[1, 4, 10, 23, 57, 132, 301, 701, 1654, 3966, 9110, 20461]...: 8102107: ACCEPTED IN 15 TRIES, (AVG 540140.4666666667)
[1, 4, 10, 23, 57, 132, 301, 701, 1654, 3966, 9110, 20470]...: 9726460: ACCEPTED IN 18 TRIES, (AVG 540358.8888888889)
[1, 4, 10, 23, 57, 132, 301, 701, 1654, 3966, 9110, 20474]...: 22713770: ACCEPTED IN 42 TRIES, (AVG 540804.0476190476)
[1, 4, 10, 23, 57, 132, 301, 701, 1654, 3966, 9110, 20478]...: 25960250: ACCEPTED IN 48 TRIES, (AVG 540838.5416666666)
[1, 4, 10, 23, 57, 132, 301, 701, 1654, 3966, 9110, 20482]...: 18925634: ACCEPTED IN 35 TRIES, (AVG 540732.4)
[1, 4, 10, 23, 57, 132, 301, 701, 1654, 3966, 9110, 20490]...: 8101478: ACCEPTED IN 15 TRIES, (AVG 540098.5333333333)
[1, 4, 10, 23, 57, 132, 301, 701, 1654, 3966, 9110, 20494]...: 23255000: ACCEPTED IN 43 TRIES, (AVG 540813.9534883721)
[1, 4, 10, 23, 57, 132, 301, 701, 1654, 3966, 9110, 20498]...: 7561964: ACCEPTED IN 14 TRIES, (AVG 540140.2857142857)
[1, 4, 10, 23, 57, 132, 301, 701, 1654, 3966, 9110, 20507]...: 22172078: ACCEPTED IN 41 TRIES, (AVG 540782.3902439025)
[1, 4, 10, 23, 57, 132, 301, 701, 1654, 3966, 9110, 20511]...: 17843174: ACCEPTED IN 33 TRIES, (AVG 540702.2424242424)
[1, 4, 10, 23, 57, 132, 301, 701, 1654, 3966, 9110, 20515]...: 12971122: ACCEPTED IN 24 TRIES, (AVG 540463.4166666666)
[1, 4, 10, 23, 57, 132, 301, 701, 1654, 3966, 9110, 20519]...: 35700979: ACCEPTED IN 66 TRIES, (AVG 540923.9242424242)
[1, 4, 10, 23, 57, 132, 301, 701, 1654, 3966, 9110, 20531]...: 20549353: ACCEPTED IN 38 TRIES, (AVG 540772.447368421)
[1, 4, 10, 23, 57, 132, 301, 701, 1654, 3966, 9110, 20540]...: 15137881: ACCEPTED IN 28 TRIES, (AVG 540638.6071428572)
[1, 4, 10, 23, 57, 132, 301, 701, 1654, 3966, 9110, 20544]...: 8102870: ACCEPTED IN 15 TRIES, (AVG 540191.3333333334)
[1, 4, 10, 23, 57, 132, 301, 701, 1654, 3966, 9110, 20548]...: 40569905: ACCEPTED IN 75 TRIES, (AVG 540932.0666666667)
[1, 4, 10, 23, 57, 132, 301, 701, 1654, 3966, 9110, 20552]...: 10808127: ACCEPTED IN 20 TRIES, (AVG 540406.35)
[1, 4, 10, 23, 57, 132, 301, 701, 1654, 3966, 9110, 20556]...: 8643549: ACCEPTED IN 16 TRIES, (AVG 540221.8125)
[1, 4, 10, 23, 57, 132, 301, 701, 1654, 3966, 9110, 20573]...: 28122860: ACCEPTED IN 52 TRIES, (AVG 540824.2307692308)
[1, 4, 10, 23, 57, 132, 301, 701, 1654, 3966, 9110, 20577]...: 32454120: ACCEPTED IN 60 TRIES, (AVG 540902.0)
[1, 4, 10, 23, 57, 132, 301, 701, 1654, 3966, 9110, 20581]...: 27042258: ACCEPTED IN 50 TRIES, (AVG 540845.16)
[1, 4, 10, 23, 57, 132, 301, 701, 1654, 3966, 9110, 20585]...: 7019880: ACCEPTED IN 13 TRIES, (AVG 539990.7692307692)
[1, 4, 10, 23, 57, 132, 301, 701, 1654, 3966, 9110, 20589]...: 10808862: ACCEPTED IN 20 TRIES, (AVG 540443.1)
[1, 4, 10, 23, 57, 132, 301, 701, 1654, 3966, 9110, 20593]...: 7020761: ACCEPTED IN 13 TRIES, (AVG 540058.5384615385)
[1, 4, 10, 23, 57, 132, 301, 701, 1654, 3966, 9110, 20610]...: 6478501: ACCEPTED IN 12 TRIES, (AVG 539875.0833333334)
[1, 4, 10, 23, 57, 132, 301, 701, 1654, 3966, 9110, 20614]...: 9185099: ACCEPTED IN 17 TRIES, (AVG 540299.9411764706)
[1, 4, 10, 23, 57, 132, 301, 701, 1654, 3966, 9110, 20618]...: 23795284: ACCEPTED IN 44 TRIES, (AVG 540801.9090909091)
[1, 4, 10, 23, 57, 132, 301, 701, 1654, 3966, 9110, 20622]...: 3773187: ACCEPTED IN 7 TRIES, (AVG 539026.7142857143)
[1, 4, 10, 23, 57, 132, 301, 701, 1654, 3966, 9110, 20626]...: 7559504: ACCEPTED IN 14 TRIES, (AVG 539964.5714285715)
[1, 4, 10, 23, 57, 132, 301, 701, 1654, 3966, 9110, 20630]...: 5937982: ACCEPTED IN 11 TRIES, (AVG 539816.5454545454)
[1, 4, 10, 23, 57, 132, 301, 701, 1654, 3966, 9110, 20639]...: 36782906: ACCEPTED IN 68 TRIES, (AVG 540925.0882352941)
[1, 4, 10, 23, 57, 132, 301, 701, 1654, 3966, 9110, 20643]...: 25418651: ACCEPTED IN 47 TRIES, (AVG 540822.3617021276)
[1, 4, 10, 23, 57, 132, 301, 701, 1654, 3966, 9110, 20647]...: 18384783: ACCEPTED IN 34 TRIES, (AVG 540728.9117647059)
[1, 4, 10, 23, 57, 132, 301, 701, 1654, 3966, 9110, 20651]...: 13512110: ACCEPTED IN 25 TRIES, (AVG 540484.4)
[1, 4, 10, 23, 57, 132, 301, 701, 1654, 3966, 9110, 20663]...: 10267054: ACCEPTED IN 19 TRIES, (AVG 540371.2631578947)
[1, 4, 10, 23, 57, 132, 301, 701, 1654, 3966, 9110, 20667]...: 11349801: ACCEPTED IN 21 TRIES, (AVG 540466.7142857143)
[1, 4, 10, 23, 57, 132, 301, 701, 1654, 3966, 9110, 20672]...: 11890049: ACCEPTED IN 22 TRIES, (AVG 540456.7727272727)
[1, 4, 10, 23, 57, 132, 301, 701, 1654, 3966, 9110, 20676]...: 8101833: ACCEPTED IN 15 TRIES, (AVG 540122.2)
[1, 4, 10, 23, 57, 132, 301, 701, 1654, 3966, 9110, 20680]...: 10808816: ACCEPTED IN 20 TRIES, (AVG 540440.8)
[1, 4, 10, 23, 57, 132, 301, 701, 1654, 3966, 9110, 20684]...: 13512878: ACCEPTED IN 25 TRIES, (AVG 540515.12)
[1, 4, 10, 23, 57, 132, 301, 701, 1654, 3966, 9110, 20688]...: 18384569: ACCEPTED IN 34 TRIES, (AVG 540722.6176470588)
[1, 4, 10, 23, 57, 132, 301, 701, 1654, 3966, 9110, 20709]...: 8644117: ACCEPTED IN 16 TRIES, (AVG 540257.3125)
[1, 4, 10, 23, 57, 132, 301, 701, 1654, 3966, 9110, 20713]...: 18925789: ACCEPTED IN 35 TRIES, (AVG 540736.8285714285)
[1, 4, 10, 23, 57, 132, 301, 701, 1654, 3966, 9110, 20717]...: 8102511: ACCEPTED IN 15 TRIES, (AVG 540167.4)
[1, 4, 10, 23, 57, 132, 301, 701, 1654, 3966, 9110, 20721]...: 7559168: ACCEPTED IN 14 TRIES, (AVG 539940.5714285715)
[1, 4, 10, 23, 57, 132, 301, 701, 1654, 3966, 9110, 20725]...: 8644275: ACCEPTED IN 16 TRIES, (AVG 540267.1875)
[1, 4, 10, 23, 57, 132, 301, 701, 1654, 3966, 9110, 20742]...: 11890882: ACCEPTED IN 22 TRIES, (AVG 540494.6363636364)
[1, 4, 10, 23, 57, 132, 301, 701, 1654, 3966, 9110, 20746]...: 23254141: ACCEPTED IN 43 TRIES, (AVG 540793.976744186)
[1, 4, 10, 23, 57, 132, 301, 701, 1654, 3966, 9110, 20750]...: 15138010: ACCEPTED IN 28 TRIES, (AVG 540643.2142857143)
[1, 4, 10, 23, 57, 132, 301, 701, 1654, 3966, 9110, 20754]...: 9726423: ACCEPTED IN 18 TRIES, (AVG 540356.8333333334)
[1, 4, 10, 23, 57, 132, 301, 701, 1654, 3966, 9110, 20758]...: 11349847: ACCEPTED IN 21 TRIES, (AVG 540468.9047619047)
[1, 4, 10, 23, 57, 132, 301, 701, 1654, 3966, 9110, 20762]...: 9184904: ACCEPTED IN 17 TRIES, (AVG 540288.4705882353)
[1, 4, 10, 23, 57, 132, 301, 701, 1654, 3966, 9110, 20771]...: 8102109: ACCEPTED IN 15 TRIES, (AVG 540140.6)
[1, 4, 10, 23, 57, 132, 301, 701, 1654, 3966, 9110, 20775]...: 31912837: ACCEPTED IN 59 TRIES, (AVG 540895.5423728813)
[1, 4, 10, 23, 57, 132, 301, 701, 1654, 3966, 9110, 20779]...: 23795712: ACCEPTED IN 44 TRIES, (AVG 540811.6363636364)
[1, 4, 10, 23, 57, 132, 301, 701, 1654, 3966, 9110, 20783]...: 11890295: ACCEPTED IN 22 TRIES, (AVG 540467.9545454546)
[1, 4, 10, 23, 57, 132, 301, 701, 1654, 3966, 9110, 20795]...: 6478847: ACCEPTED IN 12 TRIES, (AVG 539903.9166666666)
[1, 4, 10, 23, 57, 132, 301, 701, 1654, 3966, 9110, 20799]...: 19466530: ACCEPTED IN 36 TRIES, (AVG 540736.9444444445)
[1, 4, 10, 23, 57, 132, 301, 701, 1654, 3966, 9110, 20808]...: 36241237: ACCEPTED IN 67 TRIES, (AVG 540913.9850746269)
[1, 4, 10, 23, 57, 132, 301, 701, 1654, 3966, 9110, 20812]...: 8644199: ACCEPTED IN 16 TRIES, (AVG 540262.4375)
[1, 4, 10, 23, 57, 132, 301, 701, 1654, 3966, 9110, 20816]...: 19466932: ACCEPTED IN 36 TRIES, (AVG 540748.1111111111)
[1, 4, 10, 23, 57, 132, 301, 701, 1654, 3966, 9110, 20841]...: 6477294: ACCEPTED IN 12 TRIES, (AVG 539774.5)
[1, 4, 10, 23, 57, 132, 301, 701, 1654, 3966, 9110, 20845]...: 7019429: ACCEPTED IN 13 TRIES, (AVG 539956.0769230769)
[1, 4, 10, 23, 57, 132, 301, 701, 1654, 3966, 9110, 20849]...: 7561520: ACCEPTED IN 14 TRIES, (AVG 540108.5714285715)
[1, 4, 10, 23, 57, 132, 301, 701, 1654, 3966, 9110, 20853]...: 46522656: ACCEPTED IN 86 TRIES, (AVG 540961.1162790698)
[1, 4, 10, 23, 57, 132, 301, 701, 1654, 3966, 9110, 20857]...: 27583197: ACCEPTED IN 51 TRIES, (AVG 540847.0)
[1, 4, 10, 23, 57, 132, 301, 701, 1654, 3966, 9110, 20874]...: 10808779: ACCEPTED IN 20 TRIES, (AVG 540438.95)
[1, 4, 10, 23, 57, 132, 301, 701, 1654, 3966, 9110, 20878]...: 6479447: ACCEPTED IN 12 TRIES, (AVG 539953.9166666666)
[1, 4, 10, 23, 57, 132, 301, 701, 1654, 3966, 9110, 20882]...: 8102398: ACCEPTED IN 15 TRIES, (AVG 540159.8666666667)
[1, 4, 10, 23, 57, 132, 301, 701, 1654, 3966, 9110, 20886]...: 26501271: ACCEPTED IN 49 TRIES, (AVG 540842.2653061225)
[1, 4, 10, 23, 57, 132, 301, 701, 1654, 3966, 9110, 20890]...: 7020268: ACCEPTED IN 13 TRIES, (AVG 540020.6153846154)
[1, 4, 10, 23, 57, 132, 301, 701, 1654, 3966, 9110, 20894]...: 7017758: ACCEPTED IN 13 TRIES, (AVG 539827.5384615385)
[1, 4, 10, 23, 57, 132, 301, 701, 1654, 3966, 9110, 20907]...: 26500705: ACCEPTED IN 49 TRIES, (AVG 540830.7142857143)
[1, 4, 10, 23, 57, 132, 301, 701, 1654, 3966, 9110, 20911]...: 11349586: ACCEPTED IN 21 TRIES, (AVG 540456.4761904762)
[1, 4, 10, 23, 57, 132, 301, 701, 1654, 3966, 9110, 20915]...: 20007407: ACCEPTED IN 37 TRIES, (AVG 540740.7297297297)
[1, 4, 10, 23, 57, 132, 301, 701, 1654, 3966, 9110, 20919]...: 8100045: ACCEPTED IN 15 TRIES, (AVG 540003.0)
[1, 4, 10, 23, 57, 132, 301, 701, 1654, 3966, 9110, 20927]...: 11890000: ACCEPTED IN 22 TRIES, (AVG 540454.5454545454)
[1, 4, 10, 23, 57, 132, 301, 701, 1654, 3966, 9110, 20931]...: 25418668: ACCEPTED IN 47 TRIES, (AVG 540822.7234042553)
[1, 4, 10, 23, 57, 132, 301, 701, 1654, 3966, 9110, 20940]...: 8102976: ACCEPTED IN 15 TRIES, (AVG 540198.4)
[1, 4, 10, 23, 57, 132, 301, 701, 1654, 3966, 9110, 20944]...: 23796156: ACCEPTED IN 44 TRIES, (AVG 540821.7272727273)
[1, 4, 10, 23, 57, 132, 301, 701, 1654, 3966, 9110, 20948]...: 10806744: ACCEPTED IN 20 TRIES, (AVG 540337.2)
[1, 4, 10, 23, 57, 132, 301, 701, 1654, 3966, 9110, 20968]...: 7019012: ACCEPTED IN 13 TRIES, (AVG 539924.0)
[1, 4, 10, 23, 57, 132, 301, 701, 1654, 3966, 9110, 20973]...: 12973051: ACCEPTED IN 24 TRIES, (AVG 540543.7916666666)
[1, 4, 10, 23, 57, 132, 301, 701, 1654, 3966, 9110, 20977]...: 25417635: ACCEPTED IN 47 TRIES, (AVG 540800.7446808511)
[1, 4, 10, 23, 57, 132, 301, 701, 1654, 3966, 9110, 20981]...: 24335667: ACCEPTED IN 45 TRIES, (AVG 540792.6)
[1, 4, 10, 23, 57, 132, 301, 701, 1654, 3966, 9110, 20985]...: 15135316: ACCEPTED IN 28 TRIES, (AVG 540547.0)
[1, 4, 10, 23, 57, 132, 301, 701, 1654, 3966, 9110, 20989]...: 8103101: ACCEPTED IN 15 TRIES, (AVG 540206.7333333333)
[1, 4, 10, 23, 57, 132, 301, 701, 1654, 3966, 9110, 21010]...: 8102061: ACCEPTED IN 15 TRIES, (AVG 540137.4)
[1, 4, 10, 23, 57, 132, 301, 701, 1654, 3966, 9110, 21014]...: 12973078: ACCEPTED IN 24 TRIES, (AVG 540544.9166666666)
[1, 4, 10, 23, 57, 132, 301, 701, 1654, 3966, 9110, 21018]...: 25959920: ACCEPTED IN 48 TRIES, (AVG 540831.6666666666)
[1, 4, 10, 23, 57, 132, 301, 701, 1654, 3966, 9110, 21022]...: 7019586: ACCEPTED IN 13 TRIES, (AVG 539968.1538461539)
[1, 4, 10, 23, 57, 132, 301, 701, 1654, 3966, 9110, 21026]...: 6478871: ACCEPTED IN 12 TRIES, (AVG 539905.9166666666)
[1, 4, 10, 23, 57, 132, 301, 701, 1654, 3966, 9110, 21039]...: 10808487: ACCEPTED IN 20 TRIES, (AVG 540424.35)
[1, 4, 10, 23, 57, 132, 301, 701, 1654, 3966, 9110, 21043]...: 41112014: ACCEPTED IN 76 TRIES, (AVG 540947.552631579)
[1, 4, 10, 23, 57, 132, 301, 701, 1654, 3966, 9110, 21047]...: 8101558: ACCEPTED IN 15 TRIES, (AVG 540103.8666666667)
[1, 4, 10, 23, 57, 132, 301, 701, 1654, 3966, 9110, 21051]...: 15137293: ACCEPTED IN 28 TRIES, (AVG 540617.6071428572)
[1, 4, 10, 23, 57, 132, 301, 701, 1654, 3966, 9110, 21059]...: 8102338: ACCEPTED IN 15 TRIES, (AVG 540155.8666666667)
[1, 4, 10, 23, 57, 132, 301, 701, 1654, 3966, 9110, 21063]...: 6478938: ACCEPTED IN 12 TRIES, (AVG 539911.5)
[1, 4, 10, 23, 57, 132, 301, 701, 1654, 3966, 9110, 21072]...: 7560269: ACCEPTED IN 14 TRIES, (AVG 540019.2142857143)
[1, 4, 10, 23, 57, 132, 301, 701, 1654, 3966, 9110, 21076]...: 8101864: ACCEPTED IN 15 TRIES, (AVG 540124.2666666667)
[1, 4, 10, 23, 57, 132, 301, 701, 1654, 3966, 9110, 21080]...: 11349252: ACCEPTED IN 21 TRIES, (AVG 540440.5714285715)
[1, 4, 10, 23, 57, 132, 301, 701, 1654, 3966, 9110, 21100]...: 7019187: ACCEPTED IN 13 TRIES, (AVG 539937.4615384615)
[1, 4, 10, 23, 57, 132, 301, 701, 1654, 3966, 9110, 21109]...: 7020964: ACCEPTED IN 13 TRIES, (AVG 540074.1538461539)
[1, 4, 10, 23, 57, 132, 301, 701, 1654, 3966, 9110, 21113]...: 13513903: ACCEPTED IN 25 TRIES, (AVG 540556.12)
[1, 4, 10, 23, 57, 132, 301, 701, 1654, 3966, 9110, 21117]...: 14055603: ACCEPTED IN 26 TRIES, (AVG 540600.1153846154)
[1, 4, 10, 23, 57, 132, 301, 701, 1654, 3966, 9110, 21142]...: 27583619: ACCEPTED IN 51 TRIES, (AVG 540855.274509804)
[1, 4, 10, 23, 57, 132, 301, 701, 1654, 3966, 9110, 21146]...: 24878365: ACCEPTED IN 46 TRIES, (AVG 540834.0217391305)
[1, 4, 10, 23, 57, 132, 301, 701, 1654, 3966, 9110, 21150]...: 7018590: ACCEPTED IN 13 TRIES, (AVG 539891.5384615385)
[1, 4, 10, 23, 57, 132, 301, 701, 1654, 3966, 9110, 21154]...: 12973417: ACCEPTED IN 24 TRIES, (AVG 540559.0416666666)
[1, 4, 10, 23, 57, 132, 301, 701, 1654, 3966, 9110, 21158]...: 11890993: ACCEPTED IN 22 TRIES, (AVG 540499.6818181818)
[1, 4, 10, 23, 57, 132, 301, 701, 1654, 3966, 9110, 21171]...: 27042652: ACCEPTED IN 50 TRIES, (AVG 540853.04)
[1, 4, 10, 23, 57, 132, 301, 701, 1654, 3966, 9110, 21175]...: 7017912: ACCEPTED IN 13 TRIES, (AVG 539839.3846153846)
[1, 4, 10, 23, 57, 132, 301, 701, 1654, 3966, 9110, 21179]...: 12973128: ACCEPTED IN 24 TRIES, (AVG 540547.0)
[1, 4, 10, 23, 57, 132, 301, 701, 1654, 3966, 9110, 21183]...: 7018132: ACCEPTED IN 13 TRIES, (AVG 539856.3076923077)
[1, 4, 10, 23, 57, 132, 301, 701, 1654, 3966, 9110, 21191]...: 11890874: ACCEPTED IN 22 TRIES, (AVG 540494.2727272727)
[1, 4, 10, 23, 57, 132, 301, 701, 1654, 3966, 9110, 21195]...: 11890940: ACCEPTED IN 22 TRIES, (AVG 540497.2727272727)
[1, 4, 10, 23, 57, 132, 301, 701, 1654, 3966, 9110, 21208]...: 8643646: ACCEPTED IN 16 TRIES, (AVG 540227.875)
[1, 4, 10, 23, 57, 132, 301, 701, 1654, 3966, 9110, 21212]...: 8644288: ACCEPTED IN 16 TRIES, (AVG 540268.0)
[1, 4, 10, 23, 57, 132, 301, 701, 1654, 3966, 9110, 21220]...: 19466885: ACCEPTED IN 36 TRIES, (AVG 540746.8055555555)
[1, 4, 10, 23, 57, 132, 301, 701, 1654, 3966, 9110, 21232]...: 7020454: ACCEPTED IN 13 TRIES, (AVG 540034.9230769231)
[1, 4, 10, 23, 57, 132, 301, 701, 1654, 3966, 9110, 21241]...: 25418451: ACCEPTED IN 47 TRIES, (AVG 540818.1063829787)
[1, 4, 10, 23, 57, 132, 301, 701, 1654, 3966, 9110, 21245]...: 8102984: ACCEPTED IN 15 TRIES, (AVG 540198.9333333333)
[1, 4, 10, 23, 57, 132, 301, 701, 1654, 3966, 9110, 21249]...: 15137231: ACCEPTED IN 28 TRIES, (AVG 540615.3928571428)
[1, 4, 10, 23, 57, 132, 301, 701, 1654, 3966, 9110, 21274]...: 11890282: ACCEPTED IN 22 TRIES, (AVG 540467.3636363636)
[1, 4, 10, 23, 57, 132, 301, 701, 1654, 3966, 9110, 21278]...: 10808286: ACCEPTED IN 20 TRIES, (AVG 540414.3)
[1, 4, 10, 23, 57, 132, 301, 701, 1654, 3966, 9110, 21282]...: 9185019: ACCEPTED IN 17 TRIES, (AVG 540295.2352941176)
[1, 4, 10, 23, 57, 132, 301, 701, 1654, 3966, 9110, 21286]...: 10808879: ACCEPTED IN 20 TRIES, (AVG 540443.95)
[1, 4, 10, 23, 57, 132, 301, 701, 1654, 3966, 9110, 21290]...: 5938590: ACCEPTED IN 11 TRIES, (AVG 539871.8181818182)
[1, 4, 10, 23, 57, 132, 301, 701, 1654, 3966, 9110, 21311]...: 10807950: ACCEPTED IN 20 TRIES, (AVG 540397.5)
[1, 4, 10, 23, 57, 132, 301, 701, 1654, 3966, 9110, 21315]...: 6479720: ACCEPTED IN 12 TRIES, (AVG 539976.6666666666)
[1, 4, 10, 23, 57, 132, 301, 701, 1654, 3966, 9110, 21319]...: 8102612: ACCEPTED IN 15 TRIES, (AVG 540174.1333333333)
[1, 4, 10, 23, 57, 132, 301, 701, 1654, 3966, 9110, 21323]...: 7020905: ACCEPTED IN 13 TRIES, (AVG 540069.6153846154)
[1, 4, 10, 23, 57, 132, 301, 701, 1654, 3966, 9110, 21327]...: 7560948: ACCEPTED IN 14 TRIES, (AVG 540067.7142857143)
[1, 4, 10, 23, 57, 132, 301, 701, 1654, 3966, 9110, 21340]...: 10807402: ACCEPTED IN 20 TRIES, (AVG 540370.1)
[1, 4, 10, 23, 57, 132, 301, 701, 1654, 3966, 9110, 21344]...: 7561530: ACCEPTED IN 14 TRIES, (AVG 540109.2857142857)
[1, 4, 10, 23, 57, 132, 301, 701, 1654, 3966, 9110, 21352]...: 11891124: ACCEPTED IN 22 TRIES, (AVG 540505.6363636364)
[1, 4, 10, 23, 57, 132, 301, 701, 1654, 3966, 9110, 21364]...: 7016858: ACCEPTED IN 13 TRIES, (AVG 539758.3076923077)
[1, 4, 10, 23, 57, 132, 301, 701, 1654, 3966, 9110, 21373]...: 8642944: ACCEPTED IN 16 TRIES, (AVG 540184.0)
[1, 4, 10, 23, 57, 132, 301, 701, 1654, 3966, 9110, 21377]...: 6479593: ACCEPTED IN 12 TRIES, (AVG 539966.0833333334)
[1, 4, 10, 23, 57, 132, 301, 701, 1654, 3966, 9110, 21381]...: 7562068: ACCEPTED IN 14 TRIES, (AVG 540147.7142857143)
[1, 4, 10, 23, 57, 132, 301, 701, 1654, 3966, 9110, 21410]...: 11348865: ACCEPTED IN 21 TRIES, (AVG 540422.1428571428)
[1, 4, 10, 23, 57, 132, 301, 701, 1654, 3966, 9110, 21414]...: 7561202: ACCEPTED IN 14 TRIES, (AVG 540085.8571428572)
[1, 4, 10, 23, 57, 132, 301, 701, 1654, 3966, 9110, 21418]...: 8103258: ACCEPTED IN 15 TRIES, (AVG 540217.2)
[1, 4, 10, 23, 57, 132, 301, 701, 1654, 3966, 9110, 21443]...: 11890139: ACCEPTED IN 22 TRIES, (AVG 540460.8636363636)
[1, 4, 10, 23, 57, 132, 301, 701, 1654, 3966, 9110, 21447]...: 9185147: ACCEPTED IN 17 TRIES, (AVG 540302.7647058824)
[1, 4, 10, 23, 57, 132, 301, 701, 1654, 3966, 9110, 21451]...: 7562039: ACCEPTED IN 14 TRIES, (AVG 540145.6428571428)
[1, 4, 10, 23, 57, 132, 301, 701, 1654, 3966, 9110, 21455]...: 7020280: ACCEPTED IN 13 TRIES, (AVG 540021.5384615385)
[1, 4, 10, 23, 57, 132, 301, 701, 1654, 3966, 9110, 21459]...: 8101800: ACCEPTED IN 15 TRIES, (AVG 540120.0)
[1, 4, 10, 23, 57, 132, 301, 701, 1654, 3966, 9110, 21472]...: 7019898: ACCEPTED IN 13 TRIES, (AVG 539992.1538461539)
[1, 4, 10, 23, 57, 132, 301, 701, 1654, 3966, 9110, 21476]...: 12971615: ACCEPTED IN 24 TRIES, (AVG 540483.9583333334)
[1, 4, 10, 23, 57, 132, 301, 701, 1654, 3966, 9110, 21484]...: 10807540: ACCEPTED IN 20 TRIES, (AVG 540377.0)
[1, 4, 10, 23, 57, 132, 301, 701, 1654, 3966, 9110, 21496]...: 8102386: ACCEPTED IN 15 TRIES, (AVG 540159.0666666667)
[1, 4, 10, 23, 57, 132, 301, 701, 1654, 3966, 9110, 21509]...: 7561127: ACCEPTED IN 14 TRIES, (AVG 540080.5)
[1, 4, 10, 23, 57, 132, 301, 701, 1654, 3966, 9110, 21513]...: 17299420: ACCEPTED IN 32 TRIES, (AVG 540606.875)
[1, 4, 10, 23, 57, 132, 301, 701, 1654, 3966, 9110, 21542]...: 7020601: ACCEPTED IN 13 TRIES, (AVG 540046.2307692308)
[1, 4, 10, 23, 57, 132, 301, 701, 1654, 3966, 9110, 21546]...: 8644256: ACCEPTED IN 16 TRIES, (AVG 540266.0)
[1, 4, 10, 23, 57, 132, 301, 701, 1654, 3966, 9110, 21550]...: 8100613: ACCEPTED IN 15 TRIES, (AVG 540040.8666666667)
[1, 4, 10, 23, 57, 132, 301, 701, 1654, 3966, 9110, 21575]...: 11890449: ACCEPTED IN 22 TRIES, (AVG 540474.9545454546)
[1, 4, 10, 23, 57, 132, 301, 701, 1654, 3966, 9110, 21579]...: 10265879: ACCEPTED IN 19 TRIES, (AVG 540309.4210526316)
[1, 4, 10, 23, 57, 132, 301, 701, 1654, 3966, 9110, 21583]...: 23253696: ACCEPTED IN 43 TRIES, (AVG 540783.6279069767)
[1, 4, 10, 23, 57, 132, 301, 701, 1654, 3966, 9110, 21587]...: 20549380: ACCEPTED IN 38 TRIES, (AVG 540773.1578947369)
[1, 4, 10, 23, 57, 132, 301, 701, 1654, 3966, 9110, 21591]...: 7560965: ACCEPTED IN 14 TRIES, (AVG 540068.9285714285)
[1, 4, 10, 23, 57, 132, 301, 701, 1654, 3966, 9110, 21608]...: 7561016: ACCEPTED IN 14 TRIES, (AVG 540072.5714285715)
[1, 4, 10, 23, 57, 132, 301, 701, 1654, 3966, 9110, 21616]...: 12972355: ACCEPTED IN 24 TRIES, (AVG 540514.7916666666)
[1, 4, 10, 23, 57, 132, 301, 701, 1654, 3966, 9110, 21620]...: 7019647: ACCEPTED IN 13 TRIES, (AVG 539972.8461538461)
[1, 4, 10, 23, 57, 132, 301, 701, 1654, 3966, 9110, 21628]...: 13513929: ACCEPTED IN 25 TRIES, (AVG 540557.16)
[1, 4, 10, 23, 57, 132, 301, 701, 1654, 3966, 9110, 21641]...: 18384673: ACCEPTED IN 34 TRIES, (AVG 540725.6764705882)
[1, 4, 10, 23, 57, 132, 301, 701, 1654, 3966, 9110, 21645]...: 7017636: ACCEPTED IN 13 TRIES, (AVG 539818.1538461539)
[1, 4, 10, 23, 57, 132, 301, 701, 1654, 3966, 9110, 21674]...: 8102126: ACCEPTED IN 15 TRIES, (AVG 540141.7333333333)
[1, 4, 10, 23, 57, 132, 301, 701, 1654, 3966, 9110, 21678]...: 13512849: ACCEPTED IN 25 TRIES, (AVG 540513.96)
[1, 4, 10, 23, 57, 132, 301, 701, 1654, 3966, 9110, 21682]...: 10808059: ACCEPTED IN 20 TRIES, (AVG 540402.95)
[1, 4, 10, 23, 57, 132, 301, 701, 1654, 3966, 9110, 21711]...: 6478483: ACCEPTED IN 12 TRIES, (AVG 539873.5833333334)
[1, 4, 10, 23, 57, 132, 301, 701, 1654, 3966, 9110, 21715]...: 7017919: ACCEPTED IN 13 TRIES, (AVG 539839.9230769231)
[1, 4, 10, 23, 57, 132, 301, 701, 1654, 3966, 9110, 21719]...: 8101486: ACCEPTED IN 15 TRIES, (AVG 540099.0666666667)
[1, 4, 10, 23, 57, 132, 301, 701, 1654, 3966, 9110, 21740]...: 10266581: ACCEPTED IN 19 TRIES, (AVG 540346.3684210526)
[1, 4, 10, 23, 57, 132, 301, 701, 1654, 3966, 9110, 21748]...: 10807839: ACCEPTED IN 20 TRIES, (AVG 540391.95)
[1, 4, 10, 23, 57, 132, 301, 701, 1654, 3966, 9110, 21752]...: 7019887: ACCEPTED IN 13 TRIES, (AVG 539991.3076923077)
[1, 4, 10, 23, 57, 132, 301, 701, 1654, 3966, 9110, 21760]...: 8102076: ACCEPTED IN 15 TRIES, (AVG 540138.4)
[1, 4, 10, 23, 57, 132, 301, 701, 1654, 3966, 9110, 21773]...: 13513913: ACCEPTED IN 25 TRIES, (AVG 540556.52)
[1, 4, 10, 23, 57, 132, 301, 701, 1654, 3966, 9110, 21777]...: 7017320: ACCEPTED IN 13 TRIES, (AVG 539793.8461538461)
[1, 4, 10, 23, 57, 132, 301, 701, 1654, 3966, 9110, 21810]...: 7018460: ACCEPTED IN 13 TRIES, (AVG 539881.5384615385)
[1, 4, 10, 23, 57, 132, 301, 701, 1654, 3966, 9110, 21814]...: 8102352: ACCEPTED IN 15 TRIES, (AVG 540156.8)
[1, 4, 10, 23, 57, 132, 301, 701, 1654, 3966, 9110, 21843]...: 10804739: ACCEPTED IN 20 TRIES, (AVG 540236.95)
[1, 4, 10, 23, 57, 132, 301, 701, 1654, 3966, 9110, 21847]...: 8102035: ACCEPTED IN 15 TRIES, (AVG 540135.6666666666)
[1, 4, 10, 23, 57, 132, 301, 701, 1654, 3966, 9110, 21851]...: 7018874: ACCEPTED IN 13 TRIES, (AVG 539913.3846153846)
