[1, 4, 10, 23, 57, 132, 301, 701, 1654, 3966, 9087, 20011]...: 35159829: ACCEPTED IN 65 TRIES, (AVG 540920.4461538461)
[1, 4, 10, 23, 57, 132, 301, 701, 1654, 3966, 9087, 20020]...: 37323838: ACCEPTED IN 69 TRIES, (AVG 540925.1884057971)
[1, 4, 10, 23, 57, 132, 301, 701, 1654, 3966, 9087, 20082]...: 85485011: ACCEPTED IN 158 TRIES, (AVG 541044.3734177215)
[1, 4, 10, 23, 57, 132, 301, 701, 1654, 3966, 9087, 20094]...: 81154797: ACCEPTED IN 150 TRIES, (AVG 541031.98)
[1, 4, 10, 23, 57, 132, 301, 701, 1654, 3966, 9087, 20098]...: 31371070: ACCEPTED IN 58 TRIES, (AVG 540880.5172413794)
[1, 4, 10, 23, 57, 132, 301, 701, 1654, 3966, 9087, 20106]...: 35699794: ACCEPTED IN 66 TRIES, (AVG 540905.9696969697)
[1, 4, 10, 23, 57, 132, 301, 701, 1654, 3966, 9087, 20143]...: 19466737: ACCEPTED IN 36 TRIES, (AVG 540742.6944444445)
[1, 4, 10, 23, 57, 132, 301, 701, 1654, 3966, 9087, 20160]...: 82238890: ACCEPTED IN 152 TRIES, (AVG 541045.3289473684)
[1, 4, 10, 23, 57, 132, 301, 701, 1654, 3966, 9087, 20177]...: 75203277: ACCEPTED IN 139 TRIES, (AVG 541030.7697841726)
[1, 4, 10, 23, 57, 132, 301, 701, 1654, 3966, 9087, 20181]...: 45982707: ACCEPTED IN 85 TRIES, (AVG 540973.0235294118)
[1, 4, 10, 23, 57, 132, 301, 701, 1654, 3966, 9087, 20193]...: 30829451: ACCEPTED IN 57 TRIES, (AVG 540867.5614035088)
[1, 4, 10, 23, 57, 132, 301, 701, 1654, 3966, 9087, 20197]...: 27041747: ACCEPTED IN 50 TRIES, (AVG 540834.94)
[1, 4, 10, 23, 57, 132, 301, 701, 1654, 3966, 9087, 20214]...: 35701158: ACCEPTED IN 66 TRIES, (AVG 540926.6363636364)
[1, 4, 10, 23, 57, 132, 301, 701, 1654, 3966, 9087, 20218]...: 51935229: ACCEPTED IN 96 TRIES, (AVG 540991.96875)
[1, 4, 10, 23, 57, 132, 301, 701, 1654, 3966, 9087, 20230]...: 107671992: ACCEPTED IN 199 TRIES, (AVG 541065.2864321608)
[1, 4, 10, 23, 57, 132, 301, 701, 1654, 3966, 9087, 20251]...: 118494530: ACCEPTED IN 219 TRIES, (AVG 541070.9132420091)
[1, 4, 10, 23, 57, 132, 301, 701, 1654, 3966, 9087, 20255]...: 85485689: ACCEPTED IN 158 TRIES, (AVG 541048.664556962)
[1, 4, 10, 23, 57, 132, 301, 701, 1654, 3966, 9087, 20259]...: 37321261: ACCEPTED IN 69 TRIES, (AVG 540887.8405797102)
[1, 4, 10, 23, 57, 132, 301, 701, 1654, 3966, 9087, 20263]...: 36781866: ACCEPTED IN 68 TRIES, (AVG 540909.7941176471)
[1, 4, 10, 23, 57, 132, 301, 701, 1654, 3966, 9087, 20296]...: 18382814: ACCEPTED IN 34 TRIES, (AVG 540671.0)
[1, 4, 10, 23, 57, 132, 301, 701, 1654, 3966, 9087, 20300]...: 60049836: ACCEPTED IN 111 TRIES, (AVG 540989.5135135135)
[1, 4, 10, 23, 57, 132, 301, 701, 1654, 3966, 9087, 20309]...: 81697312: ACCEPTED IN 151 TRIES, (AVG 541041.8013245033)
[1, 4, 10, 23, 57, 132, 301, 701, 1654, 3966, 9087, 20312]...: 15678205: ACCEPTED IN 29 TRIES, (AVG 540627.7586206896)
[1, 4, 10, 23, 57, 132, 301, 701, 1654, 3966, 9087, 20313]...: 42194777: ACCEPTED IN 78 TRIES, (AVG 540958.6794871795)
[1, 4, 10, 23, 57, 132, 301, 701, 1654, 3966, 9087, 20342]...: 88191017: ACCEPTED IN 163 TRIES, (AVG 541049.1840490798)
[1, 4, 10, 23, 57, 132, 301, 701, 1654, 3966, 9087, 20346]...: 31912519: ACCEPTED IN 59 TRIES, (AVG 540890.1525423729)
[1, 4, 10, 23, 57, 132, 301, 701, 1654, 3966, 9087, 20358]...: 36241287: ACCEPTED IN 67 TRIES, (AVG 540914.7313432836)
[1, 4, 10, 23, 57, 132, 301, 701, 1654, 3966, 9087, 20362]...: 18383225: ACCEPTED IN 34 TRIES, (AVG 540683.0882352941)
[1, 4, 10, 23, 57, 132, 301, 701, 1654, 3966, 9087, 20379]...: 18384800: ACCEPTED IN 34 TRIES, (AVG 540729.4117647059)
[1, 4, 10, 23, 57, 132, 301, 701, 1654, 3966, 9087, 20391]...: 37324415: ACCEPTED IN 69 TRIES, (AVG 540933.5507246377)
[1, 4, 10, 23, 57, 132, 301, 701, 1654, 3966, 9087, 20395]...: 15137584: ACCEPTED IN 28 TRIES, (AVG 540628.0)
[1, 4, 10, 23, 57, 132, 301, 701, 1654, 3966, 9087, 20399]...: 259730935: ACCEPTED IN 480 TRIES, (AVG 541106.1145833334)
[1, 4, 10, 23, 57, 132, 301, 701, 1654, 3966, 9087, 20403]...: 76827382: ACCEPTED IN 142 TRIES, (AVG 541037.9014084507)
[1, 4, 10, 23, 57, 132, 301, 701, 1654, 3966, 9087, 20407]...: 36783225: ACCEPTED IN 68 TRIES, (AVG 540929.7794117647)
[1, 4, 10, 23, 57, 132, 301, 701, 1654, 3966, 9087, 20416]...: 55180645: ACCEPTED IN 102 TRIES, (AVG 540986.7156862745)
[1, 4, 10, 23, 57, 132, 301, 701, 1654, 3966, 9087, 20420]...: 55181247: ACCEPTED IN 102 TRIES, (AVG 540992.6176470588)
[1, 4, 10, 23, 57, 132, 301, 701, 1654, 3966, 9087, 20424]...: 36241849: ACCEPTED IN 67 TRIES, (AVG 540923.1194029851)
[1, 4, 10, 23, 57, 132, 301, 701, 1654, 3966, 9087, 20428]...: 87108213: ACCEPTED IN 161 TRIES, (AVG 541044.801242236)
[1, 4, 10, 23, 57, 132, 301, 701, 1654, 3966, 9087, 20432]...: 107672214: ACCEPTED IN 199 TRIES, (AVG 541066.4020100503)
[1, 4, 10, 23, 57, 132, 301, 701, 1654, 3966, 9087, 20444]...: 32453835: ACCEPTED IN 60 TRIES, (AVG 540897.25)
[1, 4, 10, 23, 57, 132, 301, 701, 1654, 3966, 9087, 20445]...: 80074073: ACCEPTED IN 148 TRIES, (AVG 541041.0337837838)
[1, 4, 10, 23, 57, 132, 301, 701, 1654, 3966, 9087, 20461]...: 36242279: ACCEPTED IN 67 TRIES, (AVG 540929.5373134328)
[1, 4, 10, 23, 57, 132, 301, 701, 1654, 3966, 9087, 20478]...: 44358096: ACCEPTED IN 82 TRIES, (AVG 540952.3902439025)
[1, 4, 10, 23, 57, 132, 301, 701, 1654, 3966, 9087, 20498]...: 35158720: ACCEPTED IN 65 TRIES, (AVG 540903.3846153846)
[1, 4, 10, 23, 57, 132, 301, 701, 1654, 3966, 9087, 20515]...: 122280861: ACCEPTED IN 226 TRIES, (AVG 541065.7566371681)
[1, 4, 10, 23, 57, 132, 301, 701, 1654, 3966, 9087, 20527]...: 37324459: ACCEPTED IN 69 TRIES, (AVG 540934.1884057971)
[1, 4, 10, 23, 57, 132, 301, 701, 1654, 3966, 9087, 20531]...: 44357875: ACCEPTED IN 82 TRIES, (AVG 540949.6951219512)
[1, 4, 10, 23, 57, 132, 301, 701, 1654, 3966, 9087, 20552]...: 63298982: ACCEPTED IN 117 TRIES, (AVG 541016.9401709401)
[1, 4, 10, 23, 57, 132, 301, 701, 1654, 3966, 9087, 20564]...: 58969924: ACCEPTED IN 109 TRIES, (AVG 541008.4770642202)
[1, 4, 10, 23, 57, 132, 301, 701, 1654, 3966, 9087, 20568]...: 34077103: ACCEPTED IN 63 TRIES, (AVG 540906.3968253968)
[1, 4, 10, 23, 57, 132, 301, 701, 1654, 3966, 9087, 20573]...: 79531046: ACCEPTED IN 147 TRIES, (AVG 541027.5238095238)
[1, 4, 10, 23, 57, 132, 301, 701, 1654, 3966, 9087, 20576]...: 34076963: ACCEPTED IN 63 TRIES, (AVG 540904.1746031746)
[1, 4, 10, 23, 57, 132, 301, 701, 1654, 3966, 9087, 20577]...: 18384208: ACCEPTED IN 34 TRIES, (AVG 540712.0)
[1, 4, 10, 23, 57, 132, 301, 701, 1654, 3966, 9087, 20585]...: 28665382: ACCEPTED IN 53 TRIES, (AVG 540856.2641509434)
[1, 4, 10, 23, 57, 132, 301, 701, 1654, 3966, 9087, 20589]...: 37324067: ACCEPTED IN 69 TRIES, (AVG 540928.5072463768)
[1, 4, 10, 23, 57, 132, 301, 701, 1654, 3966, 9087, 20593]...: 32453848: ACCEPTED IN 60 TRIES, (AVG 540897.4666666667)
[1, 4, 10, 23, 57, 132, 301, 701, 1654, 3966, 9087, 20601]...: 37323265: ACCEPTED IN 69 TRIES, (AVG 540916.8840579711)
[1, 4, 10, 23, 57, 132, 301, 701, 1654, 3966, 9087, 20606]...: 62756593: ACCEPTED IN 116 TRIES, (AVG 541005.1120689656)
[1, 4, 10, 23, 57, 132, 301, 701, 1654, 3966, 9087, 20610]...: 37864961: ACCEPTED IN 70 TRIES, (AVG 540928.0142857142)
[1, 4, 10, 23, 57, 132, 301, 701, 1654, 3966, 9087, 20614]...: 20007632: ACCEPTED IN 37 TRIES, (AVG 540746.8108108108)
[1, 4, 10, 23, 57, 132, 301, 701, 1654, 3966, 9087, 20618]...: 34076366: ACCEPTED IN 63 TRIES, (AVG 540894.6984126985)
[1, 4, 10, 23, 57, 132, 301, 701, 1654, 3966, 9087, 20626]...: 36783329: ACCEPTED IN 68 TRIES, (AVG 540931.3088235294)
[1, 4, 10, 23, 57, 132, 301, 701, 1654, 3966, 9087, 20643]...: 46523811: ACCEPTED IN 86 TRIES, (AVG 540974.5465116279)
[1, 4, 10, 23, 57, 132, 301, 701, 1654, 3966, 9087, 20647]...: 47605995: ACCEPTED IN 88 TRIES, (AVG 540977.2159090909)
[1, 4, 10, 23, 57, 132, 301, 701, 1654, 3966, 9087, 20655]...: 66545335: ACCEPTED IN 123 TRIES, (AVG 541018.9837398374)
[1, 4, 10, 23, 57, 132, 301, 701, 1654, 3966, 9087, 20659]...: 61673279: ACCEPTED IN 114 TRIES, (AVG 540993.6754385965)
[1, 4, 10, 23, 57, 132, 301, 701, 1654, 3966, 9087, 20663]...: 8103069: ACCEPTED IN 15 TRIES, (AVG 540204.6)
[1, 4, 10, 23, 57, 132, 301, 701, 1654, 3966, 9087, 20667]...: 31371286: ACCEPTED IN 58 TRIES, (AVG 540884.2413793104)
[1, 4, 10, 23, 57, 132, 301, 701, 1654, 3966, 9087, 20680]...: 67086999: ACCEPTED IN 124 TRIES, (AVG 541024.1854838709)
[1, 4, 10, 23, 57, 132, 301, 701, 1654, 3966, 9087, 20692]...: 53017537: ACCEPTED IN 98 TRIES, (AVG 540995.275510204)
[1, 4, 10, 23, 57, 132, 301, 701, 1654, 3966, 9087, 20696]...: 32992866: ACCEPTED IN 61 TRIES, (AVG 540866.655737705)
[1, 4, 10, 23, 57, 132, 301, 701, 1654, 3966, 9087, 20704]...: 39488967: ACCEPTED IN 73 TRIES, (AVG 540944.7534246575)
[1, 4, 10, 23, 57, 132, 301, 701, 1654, 3966, 9087, 20708]...: 37323552: ACCEPTED IN 69 TRIES, (AVG 540921.0434782609)
[1, 4, 10, 23, 57, 132, 301, 701, 1654, 3966, 9087, 20709]...: 43817914: ACCEPTED IN 81 TRIES, (AVG 540961.9012345679)
[1, 4, 10, 23, 57, 132, 301, 701, 1654, 3966, 9087, 20717]...: 55721537: ACCEPTED IN 103 TRIES, (AVG 540985.7961165048)
[1, 4, 10, 23, 57, 132, 301, 701, 1654, 3966, 9087, 20734]...: 54099786: ACCEPTED IN 100 TRIES, (AVG 540997.86)
[1, 4, 10, 23, 57, 132, 301, 701, 1654, 3966, 9087, 20737]...: 215357744: ACCEPTED IN 398 TRIES, (AVG 541099.8592964824)
[1, 4, 10, 23, 57, 132, 301, 701, 1654, 3966, 9087, 20742]...: 15136774: ACCEPTED IN 28 TRIES, (AVG 540599.0714285715)
[1, 4, 10, 23, 57, 132, 301, 701, 1654, 3966, 9087, 20746]...: 31912060: ACCEPTED IN 59 TRIES, (AVG 540882.3728813559)
[1, 4, 10, 23, 57, 132, 301, 701, 1654, 3966, 9087, 20750]...: 101718994: ACCEPTED IN 188 TRIES, (AVG 541058.4787234042)
[1, 4, 10, 23, 57, 132, 301, 701, 1654, 3966, 9087, 20762]...: 12973376: ACCEPTED IN 24 TRIES, (AVG 540557.3333333334)
[1, 4, 10, 23, 57, 132, 301, 701, 1654, 3966, 9087, 20775]...: 79532184: ACCEPTED IN 147 TRIES, (AVG 541035.2653061225)
[1, 4, 10, 23, 57, 132, 301, 701, 1654, 3966, 9087, 20783]...: 80071422: ACCEPTED IN 148 TRIES, (AVG 541023.1216216217)
[1, 4, 10, 23, 57, 132, 301, 701, 1654, 3966, 9087, 20787]...: 35159614: ACCEPTED IN 65 TRIES, (AVG 540917.1384615385)
[1, 4, 10, 23, 57, 132, 301, 701, 1654, 3966, 9087, 20791]...: 36241242: ACCEPTED IN 67 TRIES, (AVG 540914.0597014925)
[1, 4, 10, 23, 57, 132, 301, 701, 1654, 3966, 9087, 20795]...: 35159309: ACCEPTED IN 65 TRIES, (AVG 540912.4461538461)
[1, 4, 10, 23, 57, 132, 301, 701, 1654, 3966, 9087, 20799]...: 87648791: ACCEPTED IN 162 TRIES, (AVG 541041.9197530864)
[1, 4, 10, 23, 57, 132, 301, 701, 1654, 3966, 9087, 20820]...: 98471268: ACCEPTED IN 182 TRIES, (AVG 541050.9230769231)
[1, 4, 10, 23, 57, 132, 301, 701, 1654, 3966, 9087, 20832]...: 66004214: ACCEPTED IN 122 TRIES, (AVG 541018.1475409836)
[1, 4, 10, 23, 57, 132, 301, 701, 1654, 3966, 9087, 20836]...: 147174858: ACCEPTED IN 272 TRIES, (AVG 541084.0367647059)
[1, 4, 10, 23, 57, 132, 301, 701, 1654, 3966, 9087, 20841]...: 59510999: ACCEPTED IN 110 TRIES, (AVG 541009.0818181818)
[1, 4, 10, 23, 57, 132, 301, 701, 1654, 3966, 9087, 20849]...: 18383404: ACCEPTED IN 34 TRIES, (AVG 540688.3529411765)
[1, 4, 10, 23, 57, 132, 301, 701, 1654, 3966, 9087, 20853]...: 35159482: ACCEPTED IN 65 TRIES, (AVG 540915.1076923077)
[1, 4, 10, 23, 57, 132, 301, 701, 1654, 3966, 9087, 20857]...: 38406709: ACCEPTED IN 71 TRIES, (AVG 540939.5633802817)
[1, 4, 10, 23, 57, 132, 301, 701, 1654, 3966, 9087, 20865]...: 18384298: ACCEPTED IN 34 TRIES, (AVG 540714.6470588235)
[1, 4, 10, 23, 57, 132, 301, 701, 1654, 3966, 9087, 20869]...: 23796017: ACCEPTED IN 44 TRIES, (AVG 540818.5681818182)
[1, 4, 10, 23, 57, 132, 301, 701, 1654, 3966, 9087, 20878]...: 23795935: ACCEPTED IN 44 TRIES, (AVG 540816.7045454546)
[1, 4, 10, 23, 57, 132, 301, 701, 1654, 3966, 9087, 20882]...: 51391106: ACCEPTED IN 95 TRIES, (AVG 540959.0105263158)
[1, 4, 10, 23, 57, 132, 301, 701, 1654, 3966, 9087, 20886]...: 18384113: ACCEPTED IN 34 TRIES, (AVG 540709.2058823529)
[1, 4, 10, 23, 57, 132, 301, 701, 1654, 3966, 9087, 20890]...: 107130023: ACCEPTED IN 198 TRIES, (AVG 541060.7222222222)
[1, 4, 10, 23, 57, 132, 301, 701, 1654, 3966, 9087, 20894]...: 16219572: ACCEPTED IN 30 TRIES, (AVG 540652.4)
[1, 4, 10, 23, 57, 132, 301, 701, 1654, 3966, 9087, 20911]...: 48687830: ACCEPTED IN 90 TRIES, (AVG 540975.8888888889)
[1, 4, 10, 23, 57, 132, 301, 701, 1654, 3966, 9087, 20915]...: 28665912: ACCEPTED IN 53 TRIES, (AVG 540866.2641509434)
[1, 4, 10, 23, 57, 132, 301, 701, 1654, 3966, 9087, 20919]...: 54098871: ACCEPTED IN 100 TRIES, (AVG 540988.71)
[1, 4, 10, 23, 57, 132, 301, 701, 1654, 3966, 9087, 20923]...: 36782205: ACCEPTED IN 68 TRIES, (AVG 540914.7794117647)
[1, 4, 10, 23, 57, 132, 301, 701, 1654, 3966, 9087, 20927]...: 35158150: ACCEPTED IN 65 TRIES, (AVG 540894.6153846154)
[1, 4, 10, 23, 57, 132, 301, 701, 1654, 3966, 9087, 20931]...: 65463575: ACCEPTED IN 121 TRIES, (AVG 541021.2809917355)
[1, 4, 10, 23, 57, 132, 301, 701, 1654, 3966, 9087, 20944]...: 86024637: ACCEPTED IN 159 TRIES, (AVG 541035.4528301887)
[1, 4, 10, 23, 57, 132, 301, 701, 1654, 3966, 9087, 20948]...: 81155778: ACCEPTED IN 150 TRIES, (AVG 541038.52)
[1, 4, 10, 23, 57, 132, 301, 701, 1654, 3966, 9087, 20952]...: 24336299: ACCEPTED IN 45 TRIES, (AVG 540806.6444444444)
[1, 4, 10, 23, 57, 132, 301, 701, 1654, 3966, 9087, 20964]...: 32454304: ACCEPTED IN 60 TRIES, (AVG 540905.0666666667)
[1, 4, 10, 23, 57, 132, 301, 701, 1654, 3966, 9087, 20981]...: 11349794: ACCEPTED IN 21 TRIES, (AVG 540466.380952381)
[1, 4, 10, 23, 57, 132, 301, 701, 1654, 3966, 9087, 20998]...: 53557723: ACCEPTED IN 99 TRIES, (AVG 540987.101010101)
[1, 4, 10, 23, 57, 132, 301, 701, 1654, 3966, 9087, 21001]...: 57344993: ACCEPTED IN 106 TRIES, (AVG 540990.5)
[1, 4, 10, 23, 57, 132, 301, 701, 1654, 3966, 9087, 21010]...: 15679162: ACCEPTED IN 29 TRIES, (AVG 540660.7586206896)
[1, 4, 10, 23, 57, 132, 301, 701, 1654, 3966, 9087, 21014]...: 51391618: ACCEPTED IN 95 TRIES, (AVG 540964.4)
[1, 4, 10, 23, 57, 132, 301, 701, 1654, 3966, 9087, 21018]...: 28666322: ACCEPTED IN 53 TRIES, (AVG 540874.0)
[1, 4, 10, 23, 57, 132, 301, 701, 1654, 3966, 9087, 21035]...: 18384545: ACCEPTED IN 34 TRIES, (AVG 540721.9117647059)
[1, 4, 10, 23, 57, 132, 301, 701, 1654, 3966, 9087, 21039]...: 155292024: ACCEPTED IN 287 TRIES, (AVG 541087.1916376307)
[1, 4, 10, 23, 57, 132, 301, 701, 1654, 3966, 9087, 21043]...: 70874935: ACCEPTED IN 131 TRIES, (AVG 541030.0381679389)
[1, 4, 10, 23, 57, 132, 301, 701, 1654, 3966, 9087, 21047]...: 34077573: ACCEPTED IN 63 TRIES, (AVG 540913.8571428572)
[1, 4, 10, 23, 57, 132, 301, 701, 1654, 3966, 9087, 21051]...: 36240253: ACCEPTED IN 67 TRIES, (AVG 540899.2985074627)
[1, 4, 10, 23, 57, 132, 301, 701, 1654, 3966, 9087, 21055]...: 37323954: ACCEPTED IN 69 TRIES, (AVG 540926.8695652174)
[1, 4, 10, 23, 57, 132, 301, 701, 1654, 3966, 9087, 21059]...: 31369913: ACCEPTED IN 58 TRIES, (AVG 540860.5689655172)
[1, 4, 10, 23, 57, 132, 301, 701, 1654, 3966, 9087, 21063]...: 35700546: ACCEPTED IN 66 TRIES, (AVG 540917.3636363636)
[1, 4, 10, 23, 57, 132, 301, 701, 1654, 3966, 9087, 21080]...: 37323290: ACCEPTED IN 69 TRIES, (AVG 540917.2463768116)
[1, 4, 10, 23, 57, 132, 301, 701, 1654, 3966, 9087, 21088]...: 18383389: ACCEPTED IN 34 TRIES, (AVG 540687.9117647059)
[1, 4, 10, 23, 57, 132, 301, 701, 1654, 3966, 9087, 21092]...: 86026397: ACCEPTED IN 159 TRIES, (AVG 541046.5220125787)
[1, 4, 10, 23, 57, 132, 301, 701, 1654, 3966, 9087, 21096]...: 17843627: ACCEPTED IN 33 TRIES, (AVG 540715.9696969697)
[1, 4, 10, 23, 57, 132, 301, 701, 1654, 3966, 9087, 21100]...: 53558641: ACCEPTED IN 99 TRIES, (AVG 540996.3737373737)
[1, 4, 10, 23, 57, 132, 301, 701, 1654, 3966, 9087, 21113]...: 17843671: ACCEPTED IN 33 TRIES, (AVG 540717.303030303)
[1, 4, 10, 23, 57, 132, 301, 701, 1654, 3966, 9087, 21117]...: 18925455: ACCEPTED IN 35 TRIES, (AVG 540727.2857142857)
[1, 4, 10, 23, 57, 132, 301, 701, 1654, 3966, 9087, 21118]...: 40029815: ACCEPTED IN 74 TRIES, (AVG 540943.4459459459)
[1, 4, 10, 23, 57, 132, 301, 701, 1654, 3966, 9087, 21121]...: 15137926: ACCEPTED IN 28 TRIES, (AVG 540640.2142857143)
[1, 4, 10, 23, 57, 132, 301, 701, 1654, 3966, 9087, 21129]...: 17841285: ACCEPTED IN 33 TRIES, (AVG 540645.0)
[1, 4, 10, 23, 57, 132, 301, 701, 1654, 3966, 9087, 21130]...: 37865732: ACCEPTED IN 70 TRIES, (AVG 540939.0285714286)
[1, 4, 10, 23, 57, 132, 301, 701, 1654, 3966, 9087, 21133]...: 81155349: ACCEPTED IN 150 TRIES, (AVG 541035.66)
[1, 4, 10, 23, 57, 132, 301, 701, 1654, 3966, 9087, 21137]...: 17843483: ACCEPTED IN 33 TRIES, (AVG 540711.6060606061)
[1, 4, 10, 23, 57, 132, 301, 701, 1654, 3966, 9087, 21142]...: 31369456: ACCEPTED IN 58 TRIES, (AVG 540852.6896551724)
[1, 4, 10, 23, 57, 132, 301, 701, 1654, 3966, 9087, 21146]...: 32995261: ACCEPTED IN 61 TRIES, (AVG 540905.9180327869)
[1, 4, 10, 23, 57, 132, 301, 701, 1654, 3966, 9087, 21150]...: 45982568: ACCEPTED IN 85 TRIES, (AVG 540971.3882352941)
[1, 4, 10, 23, 57, 132, 301, 701, 1654, 3966, 9087, 21154]...: 27042630: ACCEPTED IN 50 TRIES, (AVG 540852.6)
[1, 4, 10, 23, 57, 132, 301, 701, 1654, 3966, 9087, 21158]...: 18383645: ACCEPTED IN 34 TRIES, (AVG 540695.4411764706)
[1, 4, 10, 23, 57, 132, 301, 701, 1654, 3966, 9087, 21167]...: 35157491: ACCEPTED IN 65 TRIES, (AVG 540884.4769230769)
[1, 4, 10, 23, 57, 132, 301, 701, 1654, 3966, 9087, 21171]...: 18384531: ACCEPTED IN 34 TRIES, (AVG 540721.5)
[1, 4, 10, 23, 57, 132, 301, 701, 1654, 3966, 9087, 21175]...: 22172709: ACCEPTED IN 41 TRIES, (AVG 540797.7804878049)
[1, 4, 10, 23, 57, 132, 301, 701, 1654, 3966, 9087, 21179]...: 59510218: ACCEPTED IN 110 TRIES, (AVG 541001.9818181818)
[1, 4, 10, 23, 57, 132, 301, 701, 1654, 3966, 9087, 21183]...: 35699922: ACCEPTED IN 66 TRIES, (AVG 540907.9090909091)
[1, 4, 10, 23, 57, 132, 301, 701, 1654, 3966, 9087, 21191]...: 16219338: ACCEPTED IN 30 TRIES, (AVG 540644.6)
[1, 4, 10, 23, 57, 132, 301, 701, 1654, 3966, 9087, 21195]...: 36782016: ACCEPTED IN 68 TRIES, (AVG 540912.0)
[1, 4, 10, 23, 57, 132, 301, 701, 1654, 3966, 9087, 21204]...: 16218261: ACCEPTED IN 30 TRIES, (AVG 540608.7)
[1, 4, 10, 23, 57, 132, 301, 701, 1654, 3966, 9087, 21212]...: 44357855: ACCEPTED IN 82 TRIES, (AVG 540949.4512195121)
[1, 4, 10, 23, 57, 132, 301, 701, 1654, 3966, 9087, 21216]...: 25960154: ACCEPTED IN 48 TRIES, (AVG 540836.5416666666)
[1, 4, 10, 23, 57, 132, 301, 701, 1654, 3966, 9087, 21220]...: 16219680: ACCEPTED IN 30 TRIES, (AVG 540656.0)
[1, 4, 10, 23, 57, 132, 301, 701, 1654, 3966, 9087, 21224]...: 132022733: ACCEPTED IN 244 TRIES, (AVG 541076.774590164)
[1, 4, 10, 23, 57, 132, 301, 701, 1654, 3966, 9087, 21232]...: 83861174: ACCEPTED IN 155 TRIES, (AVG 541039.8322580645)
[1, 4, 10, 23, 57, 132, 301, 701, 1654, 3966, 9087, 21245]...: 11349256: ACCEPTED IN 21 TRIES, (AVG 540440.7619047619)
[1, 4, 10, 23, 57, 132, 301, 701, 1654, 3966, 9087, 21249]...: 13514503: ACCEPTED IN 25 TRIES, (AVG 540580.12)
[1, 4, 10, 23, 57, 132, 301, 701, 1654, 3966, 9087, 21250]...: 20007932: ACCEPTED IN 37 TRIES, (AVG 540754.9189189189)
[1, 4, 10, 23, 57, 132, 301, 701, 1654, 3966, 9087, 21253]...: 36240713: ACCEPTED IN 67 TRIES, (AVG 540906.1641791045)
[1, 4, 10, 23, 57, 132, 301, 701, 1654, 3966, 9087, 21261]...: 24877669: ACCEPTED IN 46 TRIES, (AVG 540818.8913043478)
[1, 4, 10, 23, 57, 132, 301, 701, 1654, 3966, 9087, 21262]...: 47064978: ACCEPTED IN 87 TRIES, (AVG 540976.7586206896)
[1, 4, 10, 23, 57, 132, 301, 701, 1654, 3966, 9087, 21265]...: 11349973: ACCEPTED IN 21 TRIES, (AVG 540474.9047619047)
[1, 4, 10, 23, 57, 132, 301, 701, 1654, 3966, 9087, 21269]...: 57341480: ACCEPTED IN 106 TRIES, (AVG 540957.358490566)
[1, 4, 10, 23, 57, 132, 301, 701, 1654, 3966, 9087, 21274]...: 61674776: ACCEPTED IN 114 TRIES, (AVG 541006.8070175438)
[1, 4, 10, 23, 57, 132, 301, 701, 1654, 3966, 9087, 21278]...: 36241968: ACCEPTED IN 67 TRIES, (AVG 540924.895522388)
[1, 4, 10, 23, 57, 132, 301, 701, 1654, 3966, 9087, 21282]...: 15137866: ACCEPTED IN 28 TRIES, (AVG 540638.0714285715)
[1, 4, 10, 23, 57, 132, 301, 701, 1654, 3966, 9087, 21286]...: 35159850: ACCEPTED IN 65 TRIES, (AVG 540920.7692307692)
[1, 4, 10, 23, 57, 132, 301, 701, 1654, 3966, 9087, 21290]...: 31370319: ACCEPTED IN 58 TRIES, (AVG 540867.5689655172)
[1, 4, 10, 23, 57, 132, 301, 701, 1654, 3966, 9087, 21299]...: 20549017: ACCEPTED IN 38 TRIES, (AVG 540763.6052631579)
[1, 4, 10, 23, 57, 132, 301, 701, 1654, 3966, 9087, 21303]...: 34077275: ACCEPTED IN 63 TRIES, (AVG 540909.126984127)
[1, 4, 10, 23, 57, 132, 301, 701, 1654, 3966, 9087, 21307]...: 25960397: ACCEPTED IN 48 TRIES, (AVG 540841.6041666666)
[1, 4, 10, 23, 57, 132, 301, 701, 1654, 3966, 9087, 21311]...: 22172514: ACCEPTED IN 41 TRIES, (AVG 540793.0243902439)
[1, 4, 10, 23, 57, 132, 301, 701, 1654, 3966, 9087, 21315]...: 14054277: ACCEPTED IN 26 TRIES, (AVG 540549.1153846154)
[1, 4, 10, 23, 57, 132, 301, 701, 1654, 3966, 9087, 21319]...: 32453828: ACCEPTED IN 60 TRIES, (AVG 540897.1333333333)
[1, 4, 10, 23, 57, 132, 301, 701, 1654, 3966, 9087, 21327]...: 10808480: ACCEPTED IN 20 TRIES, (AVG 540424.0)
[1, 4, 10, 23, 57, 132, 301, 701, 1654, 3966, 9087, 21336]...: 28124433: ACCEPTED IN 52 TRIES, (AVG 540854.4807692308)
[1, 4, 10, 23, 57, 132, 301, 701, 1654, 3966, 9087, 21340]...: 24877694: ACCEPTED IN 46 TRIES, (AVG 540819.4347826086)
[1, 4, 10, 23, 57, 132, 301, 701, 1654, 3966, 9087, 21344]...: 11349970: ACCEPTED IN 21 TRIES, (AVG 540474.7619047619)
[1, 4, 10, 23, 57, 132, 301, 701, 1654, 3966, 9087, 21348]...: 30288097: ACCEPTED IN 56 TRIES, (AVG 540858.875)
[1, 4, 10, 23, 57, 132, 301, 701, 1654, 3966, 9087, 21352]...: 17843159: ACCEPTED IN 33 TRIES, (AVG 540701.7878787878)
[1, 4, 10, 23, 57, 132, 301, 701, 1654, 3966, 9087, 21356]...: 45441462: ACCEPTED IN 84 TRIES, (AVG 540969.7857142857)
[1, 4, 10, 23, 57, 132, 301, 701, 1654, 3966, 9087, 21360]...: 37324557: ACCEPTED IN 69 TRIES, (AVG 540935.6086956522)
[1, 4, 10, 23, 57, 132, 301, 701, 1654, 3966, 9087, 21364]...: 25960336: ACCEPTED IN 48 TRIES, (AVG 540840.3333333334)
[1, 4, 10, 23, 57, 132, 301, 701, 1654, 3966, 9087, 21377]...: 43275739: ACCEPTED IN 80 TRIES, (AVG 540946.7375)
[1, 4, 10, 23, 57, 132, 301, 701, 1654, 3966, 9087, 21381]...: 35159669: ACCEPTED IN 65 TRIES, (AVG 540917.9846153846)
[1, 4, 10, 23, 57, 132, 301, 701, 1654, 3966, 9087, 21382]...: 35157428: ACCEPTED IN 65 TRIES, (AVG 540883.5076923077)
[1, 4, 10, 23, 57, 132, 301, 701, 1654, 3966, 9087, 21385]...: 34076531: ACCEPTED IN 63 TRIES, (AVG 540897.3174603175)
[1, 4, 10, 23, 57, 132, 301, 701, 1654, 3966, 9087, 21393]...: 29206612: ACCEPTED IN 54 TRIES, (AVG 540863.1851851852)
[1, 4, 10, 23, 57, 132, 301, 701, 1654, 3966, 9087, 21394]...: 44899844: ACCEPTED IN 83 TRIES, (AVG 540961.9759036144)
[1, 4, 10, 23, 57, 132, 301, 701, 1654, 3966, 9087, 21397]...: 18384503: ACCEPTED IN 34 TRIES, (AVG 540720.6764705882)
[1, 4, 10, 23, 57, 132, 301, 701, 1654, 3966, 9087, 21401]...: 15679160: ACCEPTED IN 29 TRIES, (AVG 540660.6896551724)
[1, 4, 10, 23, 57, 132, 301, 701, 1654, 3966, 9087, 21410]...: 17841566: ACCEPTED IN 33 TRIES, (AVG 540653.5151515151)
[1, 4, 10, 23, 57, 132, 301, 701, 1654, 3966, 9087, 21414]...: 13513822: ACCEPTED IN 25 TRIES, (AVG 540552.88)
[1, 4, 10, 23, 57, 132, 301, 701, 1654, 3966, 9087, 21418]...: 17842512: ACCEPTED IN 33 TRIES, (AVG 540682.1818181818)
[1, 4, 10, 23, 57, 132, 301, 701, 1654, 3966, 9087, 21419]...: 25959702: ACCEPTED IN 48 TRIES, (AVG 540827.125)
[1, 4, 10, 23, 57, 132, 301, 701, 1654, 3966, 9087, 21422]...: 47064585: ACCEPTED IN 87 TRIES, (AVG 540972.2413793104)
[1, 4, 10, 23, 57, 132, 301, 701, 1654, 3966, 9087, 21431]...: 16759424: ACCEPTED IN 31 TRIES, (AVG 540626.5806451613)
[1, 4, 10, 23, 57, 132, 301, 701, 1654, 3966, 9087, 21435]...: 13514094: ACCEPTED IN 25 TRIES, (AVG 540563.76)
[1, 4, 10, 23, 57, 132, 301, 701, 1654, 3966, 9087, 21438]...: 18382179: ACCEPTED IN 34 TRIES, (AVG 540652.3235294118)
[1, 4, 10, 23, 57, 132, 301, 701, 1654, 3966, 9087, 21443]...: 36783015: ACCEPTED IN 68 TRIES, (AVG 540926.6911764706)
[1, 4, 10, 23, 57, 132, 301, 701, 1654, 3966, 9087, 21447]...: 48686939: ACCEPTED IN 90 TRIES, (AVG 540965.9888888889)
[1, 4, 10, 23, 57, 132, 301, 701, 1654, 3966, 9087, 21451]...: 8102991: ACCEPTED IN 15 TRIES, (AVG 540199.4)
[1, 4, 10, 23, 57, 132, 301, 701, 1654, 3966, 9087, 21459]...: 11889763: ACCEPTED IN 22 TRIES, (AVG 540443.7727272727)
[1, 4, 10, 23, 57, 132, 301, 701, 1654, 3966, 9087, 21468]...: 23254381: ACCEPTED IN 43 TRIES, (AVG 540799.5581395349)
[1, 4, 10, 23, 57, 132, 301, 701, 1654, 3966, 9087, 21472]...: 19466939: ACCEPTED IN 36 TRIES, (AVG 540748.3055555555)
[1, 4, 10, 23, 57, 132, 301, 701, 1654, 3966, 9087, 21476]...: 15137971: ACCEPTED IN 28 TRIES, (AVG 540641.8214285715)
[1, 4, 10, 23, 57, 132, 301, 701, 1654, 3966, 9087, 21480]...: 37323803: ACCEPTED IN 69 TRIES, (AVG 540924.6811594203)
[1, 4, 10, 23, 57, 132, 301, 701, 1654, 3966, 9087, 21484]...: 24877065: ACCEPTED IN 46 TRIES, (AVG 540805.7608695652)
[1, 4, 10, 23, 57, 132, 301, 701, 1654, 3966, 9087, 21492]...: 8643807: ACCEPTED IN 16 TRIES, (AVG 540237.9375)
[1, 4, 10, 23, 57, 132, 301, 701, 1654, 3966, 9087, 21496]...: 18384690: ACCEPTED IN 34 TRIES, (AVG 540726.1764705882)
[1, 4, 10, 23, 57, 132, 301, 701, 1654, 3966, 9087, 21505]...: 23796138: ACCEPTED IN 44 TRIES, (AVG 540821.3181818182)
[1, 4, 10, 23, 57, 132, 301, 701, 1654, 3966, 9087, 21509]...: 20548871: ACCEPTED IN 38 TRIES, (AVG 540759.7631578947)
[1, 4, 10, 23, 57, 132, 301, 701, 1654, 3966, 9087, 21513]...: 36242148: ACCEPTED IN 67 TRIES, (AVG 540927.5820895522)
[1, 4, 10, 23, 57, 132, 301, 701, 1654, 3966, 9087, 21514]...: 8643646: ACCEPTED IN 16 TRIES, (AVG 540227.875)
[1, 4, 10, 23, 57, 132, 301, 701, 1654, 3966, 9087, 21517]...: 17843426: ACCEPTED IN 33 TRIES, (AVG 540709.8787878788)
[1, 4, 10, 23, 57, 132, 301, 701, 1654, 3966, 9087, 21521]...: 53017241: ACCEPTED IN 98 TRIES, (AVG 540992.2551020408)
[1, 4, 10, 23, 57, 132, 301, 701, 1654, 3966, 9087, 21525]...: 28666368: ACCEPTED IN 53 TRIES, (AVG 540874.8679245283)
[1, 4, 10, 23, 57, 132, 301, 701, 1654, 3966, 9087, 21526]...: 61134386: ACCEPTED IN 113 TRIES, (AVG 541012.2654867256)
[1, 4, 10, 23, 57, 132, 301, 701, 1654, 3966, 9087, 21529]...: 56805490: ACCEPTED IN 105 TRIES, (AVG 541004.6666666666)
[1, 4, 10, 23, 57, 132, 301, 701, 1654, 3966, 9087, 21533]...: 44358582: ACCEPTED IN 82 TRIES, (AVG 540958.3170731707)
[1, 4, 10, 23, 57, 132, 301, 701, 1654, 3966, 9087, 21542]...: 32995003: ACCEPTED IN 61 TRIES, (AVG 540901.6885245901)
[1, 4, 10, 23, 57, 132, 301, 701, 1654, 3966, 9087, 21546]...: 18384280: ACCEPTED IN 34 TRIES, (AVG 540714.1176470588)
[1, 4, 10, 23, 57, 132, 301, 701, 1654, 3966, 9087, 21550]...: 16219362: ACCEPTED IN 30 TRIES, (AVG 540645.4)
[1, 4, 10, 23, 57, 132, 301, 701, 1654, 3966, 9087, 21551]...: 18383181: ACCEPTED IN 34 TRIES, (AVG 540681.7941176471)
[1, 4, 10, 23, 57, 132, 301, 701, 1654, 3966, 9087, 21554]...: 17301801: ACCEPTED IN 32 TRIES, (AVG 540681.28125)
[1, 4, 10, 23, 57, 132, 301, 701, 1654, 3966, 9087, 21555]...: 37323622: ACCEPTED IN 69 TRIES, (AVG 540922.0579710145)
[1, 4, 10, 23, 57, 132, 301, 701, 1654, 3966, 9087, 21563]...: 36782788: ACCEPTED IN 68 TRIES, (AVG 540923.3529411765)
[1, 4, 10, 23, 57, 132, 301, 701, 1654, 3966, 9087, 21567]...: 14055600: ACCEPTED IN 26 TRIES, (AVG 540600.0)
[1, 4, 10, 23, 57, 132, 301, 701, 1654, 3966, 9087, 21570]...: 35159567: ACCEPTED IN 65 TRIES, (AVG 540916.4153846154)
[1, 4, 10, 23, 57, 132, 301, 701, 1654, 3966, 9087, 21571]...: 18383535: ACCEPTED IN 34 TRIES, (AVG 540692.2058823529)
[1, 4, 10, 23, 57, 132, 301, 701, 1654, 3966, 9087, 21575]...: 72498438: ACCEPTED IN 134 TRIES, (AVG 541033.1194029851)
[1, 4, 10, 23, 57, 132, 301, 701, 1654, 3966, 9087, 21579]...: 36241755: ACCEPTED IN 67 TRIES, (AVG 540921.7164179104)
[1, 4, 10, 23, 57, 132, 301, 701, 1654, 3966, 9087, 21583]...: 16218707: ACCEPTED IN 30 TRIES, (AVG 540623.5666666667)
[1, 4, 10, 23, 57, 132, 301, 701, 1654, 3966, 9087, 21587]...: 16761355: ACCEPTED IN 31 TRIES, (AVG 540688.8709677419)
[1, 4, 10, 23, 57, 132, 301, 701, 1654, 3966, 9087, 21600]...: 31370529: ACCEPTED IN 58 TRIES, (AVG 540871.1896551724)
[1, 4, 10, 23, 57, 132, 301, 701, 1654, 3966, 9087, 21604]...: 25418557: ACCEPTED IN 47 TRIES, (AVG 540820.3617021276)
[1, 4, 10, 23, 57, 132, 301, 701, 1654, 3966, 9087, 21608]...: 32453671: ACCEPTED IN 60 TRIES, (AVG 540894.5166666667)
[1, 4, 10, 23, 57, 132, 301, 701, 1654, 3966, 9087, 21612]...: 14594080: ACCEPTED IN 27 TRIES, (AVG 540521.4814814815)
[1, 4, 10, 23, 57, 132, 301, 701, 1654, 3966, 9087, 21616]...: 22713236: ACCEPTED IN 42 TRIES, (AVG 540791.3333333334)
[1, 4, 10, 23, 57, 132, 301, 701, 1654, 3966, 9087, 21620]...: 29207432: ACCEPTED IN 54 TRIES, (AVG 540878.3703703703)
[1, 4, 10, 23, 57, 132, 301, 701, 1654, 3966, 9087, 21624]...: 77909680: ACCEPTED IN 144 TRIES, (AVG 541039.4444444445)
[1, 4, 10, 23, 57, 132, 301, 701, 1654, 3966, 9087, 21628]...: 20007870: ACCEPTED IN 37 TRIES, (AVG 540753.2432432432)
[1, 4, 10, 23, 57, 132, 301, 701, 1654, 3966, 9087, 21637]...: 24877297: ACCEPTED IN 46 TRIES, (AVG 540810.804347826)
[1, 4, 10, 23, 57, 132, 301, 701, 1654, 3966, 9087, 21641]...: 61674427: ACCEPTED IN 114 TRIES, (AVG 541003.745614035)
[1, 4, 10, 23, 57, 132, 301, 701, 1654, 3966, 9087, 21645]...: 35159088: ACCEPTED IN 65 TRIES, (AVG 540909.0461538462)
[1, 4, 10, 23, 57, 132, 301, 701, 1654, 3966, 9087, 21646]...: 18383164: ACCEPTED IN 34 TRIES, (AVG 540681.2941176471)
[1, 4, 10, 23, 57, 132, 301, 701, 1654, 3966, 9087, 21649]...: 31912815: ACCEPTED IN 59 TRIES, (AVG 540895.1694915254)
[1, 4, 10, 23, 57, 132, 301, 701, 1654, 3966, 9087, 21653]...: 27042464: ACCEPTED IN 50 TRIES, (AVG 540849.28)
[1, 4, 10, 23, 57, 132, 301, 701, 1654, 3966, 9087, 21657]...: 102801980: ACCEPTED IN 190 TRIES, (AVG 541063.052631579)
[1, 4, 10, 23, 57, 132, 301, 701, 1654, 3966, 9087, 21658]...: 19464841: ACCEPTED IN 36 TRIES, (AVG 540690.0277777778)
[1, 4, 10, 23, 57, 132, 301, 701, 1654, 3966, 9087, 21661]...: 35158170: ACCEPTED IN 65 TRIES, (AVG 540894.9230769231)
[1, 4, 10, 23, 57, 132, 301, 701, 1654, 3966, 9087, 21665]...: 37323109: ACCEPTED IN 69 TRIES, (AVG 540914.6231884058)
[1, 4, 10, 23, 57, 132, 301, 701, 1654, 3966, 9087, 21674]...: 28124273: ACCEPTED IN 52 TRIES, (AVG 540851.4038461539)
[1, 4, 10, 23, 57, 132, 301, 701, 1654, 3966, 9087, 21678]...: 35158624: ACCEPTED IN 65 TRIES, (AVG 540901.9076923077)
[1, 4, 10, 23, 57, 132, 301, 701, 1654, 3966, 9087, 21682]...: 33536574: ACCEPTED IN 62 TRIES, (AVG 540912.4838709678)
[1, 4, 10, 23, 57, 132, 301, 701, 1654, 3966, 9087, 21683]...: 8102635: ACCEPTED IN 15 TRIES, (AVG 540175.6666666666)
[1, 4, 10, 23, 57, 132, 301, 701, 1654, 3966, 9087, 21686]...: 35700978: ACCEPTED IN 66 TRIES, (AVG 540923.9090909091)
[1, 4, 10, 23, 57, 132, 301, 701, 1654, 3966, 9087, 21687]...: 45441575: ACCEPTED IN 84 TRIES, (AVG 540971.130952381)
[1, 4, 10, 23, 57, 132, 301, 701, 1654, 3966, 9087, 21690]...: 37863423: ACCEPTED IN 70 TRIES, (AVG 540906.0428571429)
[1, 4, 10, 23, 57, 132, 301, 701, 1654, 3966, 9087, 21695]...: 63839966: ACCEPTED IN 118 TRIES, (AVG 541016.6610169491)
[1, 4, 10, 23, 57, 132, 301, 701, 1654, 3966, 9087, 21699]...: 13513756: ACCEPTED IN 25 TRIES, (AVG 540550.24)
[1, 4, 10, 23, 57, 132, 301, 701, 1654, 3966, 9087, 21702]...: 32453130: ACCEPTED IN 60 TRIES, (AVG 540885.5)
[1, 4, 10, 23, 57, 132, 301, 701, 1654, 3966, 9087, 21703]...: 32453678: ACCEPTED IN 60 TRIES, (AVG 540894.6333333333)
[1, 4, 10, 23, 57, 132, 301, 701, 1654, 3966, 9087, 21711]...: 42194791: ACCEPTED IN 78 TRIES, (AVG 540958.858974359)
[1, 4, 10, 23, 57, 132, 301, 701, 1654, 3966, 9087, 21715]...: 51393052: ACCEPTED IN 95 TRIES, (AVG 540979.4947368421)
[1, 4, 10, 23, 57, 132, 301, 701, 1654, 3966, 9087, 21719]...: 53556342: ACCEPTED IN 99 TRIES, (AVG 540973.1515151515)
[1, 4, 10, 23, 57, 132, 301, 701, 1654, 3966, 9087, 21720]...: 14596775: ACCEPTED IN 27 TRIES, (AVG 540621.2962962963)
[1, 4, 10, 23, 57, 132, 301, 701, 1654, 3966, 9087, 21732]...: 18383365: ACCEPTED IN 34 TRIES, (AVG 540687.2058823529)
[1, 4, 10, 23, 57, 132, 301, 701, 1654, 3966, 9087, 21736]...: 10808344: ACCEPTED IN 20 TRIES, (AVG 540417.2)
[1, 4, 10, 23, 57, 132, 301, 701, 1654, 3966, 9087, 21740]...: 32995232: ACCEPTED IN 61 TRIES, (AVG 540905.4426229508)
[1, 4, 10, 23, 57, 132, 301, 701, 1654, 3966, 9087, 21744]...: 16220076: ACCEPTED IN 30 TRIES, (AVG 540669.2)
[1, 4, 10, 23, 57, 132, 301, 701, 1654, 3966, 9087, 21748]...: 14594929: ACCEPTED IN 27 TRIES, (AVG 540552.925925926)
[1, 4, 10, 23, 57, 132, 301, 701, 1654, 3966, 9087, 21752]...: 8644035: ACCEPTED IN 16 TRIES, (AVG 540252.1875)
[1, 4, 10, 23, 57, 132, 301, 701, 1654, 3966, 9087, 21756]...: 25419377: ACCEPTED IN 47 TRIES, (AVG 540837.8085106383)
[1, 4, 10, 23, 57, 132, 301, 701, 1654, 3966, 9087, 21760]...: 10265528: ACCEPTED IN 19 TRIES, (AVG 540290.947368421)
[1, 4, 10, 23, 57, 132, 301, 701, 1654, 3966, 9087, 21769]...: 16219354: ACCEPTED IN 30 TRIES, (AVG 540645.1333333333)
[1, 4, 10, 23, 57, 132, 301, 701, 1654, 3966, 9087, 21773]...: 15136377: ACCEPTED IN 28 TRIES, (AVG 540584.8928571428)
[1, 4, 10, 23, 57, 132, 301, 701, 1654, 3966, 9087, 21777]...: 15135847: ACCEPTED IN 28 TRIES, (AVG 540565.9642857143)
[1, 4, 10, 23, 57, 132, 301, 701, 1654, 3966, 9087, 21778]...: 25417729: ACCEPTED IN 47 TRIES, (AVG 540802.7446808511)
[1, 4, 10, 23, 57, 132, 301, 701, 1654, 3966, 9087, 21781]...: 18383690: ACCEPTED IN 34 TRIES, (AVG 540696.7647058824)
[1, 4, 10, 23, 57, 132, 301, 701, 1654, 3966, 9087, 21785]...: 18383883: ACCEPTED IN 34 TRIES, (AVG 540702.4411764706)
[1, 4, 10, 23, 57, 132, 301, 701, 1654, 3966, 9087, 21789]...: 34618143: ACCEPTED IN 64 TRIES, (AVG 540908.484375)
[1, 4, 10, 23, 57, 132, 301, 701, 1654, 3966, 9087, 21790]...: 11890828: ACCEPTED IN 22 TRIES, (AVG 540492.1818181818)
[1, 4, 10, 23, 57, 132, 301, 701, 1654, 3966, 9087, 21793]...: 25419443: ACCEPTED IN 47 TRIES, (AVG 540839.2127659575)
[1, 4, 10, 23, 57, 132, 301, 701, 1654, 3966, 9087, 21797]...: 22172134: ACCEPTED IN 41 TRIES, (AVG 540783.756097561)
[1, 4, 10, 23, 57, 132, 301, 701, 1654, 3966, 9087, 21806]...: 8644289: ACCEPTED IN 16 TRIES, (AVG 540268.0625)
