[1, 4, 10, 23, 57, 132, 301, 701, 1654, 3966, 9081, 19983]...: 41111582: ACCEPTED IN 76 TRIES, (AVG 540941.8684210526)
[1, 4, 10, 23, 57, 132, 301, 701, 1654, 3966, 9081, 19987]...: 15136746: ACCEPTED IN 28 TRIES, (AVG 540598.0714285715)
[1, 4, 10, 23, 57, 132, 301, 701, 1654, 3966, 9081, 19991]...: 13514593: ACCEPTED IN 25 TRIES, (AVG 540583.72)
[1, 4, 10, 23, 57, 132, 301, 701, 1654, 3966, 9081, 19995]...: 19466923: ACCEPTED IN 36 TRIES, (AVG 540747.8611111111)
[1, 4, 10, 23, 57, 132, 301, 701, 1654, 3966, 9081, 19999]...: 25419084: ACCEPTED IN 47 TRIES, (AVG 540831.5744680851)
[1, 4, 10, 23, 57, 132, 301, 701, 1654, 3966, 9081, 20003]...: 15137219: ACCEPTED IN 28 TRIES, (AVG 540614.9642857143)
[1, 4, 10, 23, 57, 132, 301, 701, 1654, 3966, 9081, 20007]...: 15137293: ACCEPTED IN 28 TRIES, (AVG 540617.6071428572)
[1, 4, 10, 23, 57, 132, 301, 701, 1654, 3966, 9081, 20020]...: 10808675: ACCEPTED IN 20 TRIES, (AVG 540433.75)
[1, 4, 10, 23, 57, 132, 301, 701, 1654, 3966, 9081, 20024]...: 15137689: ACCEPTED IN 28 TRIES, (AVG 540631.75)
[1, 4, 10, 23, 57, 132, 301, 701, 1654, 3966, 9081, 20028]...: 8102906: ACCEPTED IN 15 TRIES, (AVG 540193.7333333333)
[1, 4, 10, 23, 57, 132, 301, 701, 1654, 3966, 9081, 20036]...: 31372073: ACCEPTED IN 58 TRIES, (AVG 540897.8103448276)
[1, 4, 10, 23, 57, 132, 301, 701, 1654, 3966, 9081, 20040]...: 12431621: ACCEPTED IN 23 TRIES, (AVG 540505.2608695652)
[1, 4, 10, 23, 57, 132, 301, 701, 1654, 3966, 9081, 20053]...: 22171438: ACCEPTED IN 41 TRIES, (AVG 540766.7804878049)
[1, 4, 10, 23, 57, 132, 301, 701, 1654, 3966, 9081, 20057]...: 17843046: ACCEPTED IN 33 TRIES, (AVG 540698.3636363636)
[1, 4, 10, 23, 57, 132, 301, 701, 1654, 3966, 9081, 20061]...: 10267330: ACCEPTED IN 19 TRIES, (AVG 540385.7894736842)
[1, 4, 10, 23, 57, 132, 301, 701, 1654, 3966, 9081, 20065]...: 15134852: ACCEPTED IN 28 TRIES, (AVG 540530.4285714285)
[1, 4, 10, 23, 57, 132, 301, 701, 1654, 3966, 9081, 20086]...: 17301094: ACCEPTED IN 32 TRIES, (AVG 540659.1875)
[1, 4, 10, 23, 57, 132, 301, 701, 1654, 3966, 9081, 20090]...: 15136089: ACCEPTED IN 28 TRIES, (AVG 540574.6071428572)
[1, 4, 10, 23, 57, 132, 301, 701, 1654, 3966, 9081, 20094]...: 14596116: ACCEPTED IN 27 TRIES, (AVG 540596.8888888889)
[1, 4, 10, 23, 57, 132, 301, 701, 1654, 3966, 9081, 20098]...: 12430115: ACCEPTED IN 23 TRIES, (AVG 540439.7826086957)
[1, 4, 10, 23, 57, 132, 301, 701, 1654, 3966, 9081, 20102]...: 8642619: ACCEPTED IN 16 TRIES, (AVG 540163.6875)
[1, 4, 10, 23, 57, 132, 301, 701, 1654, 3966, 9081, 20119]...: 16219871: ACCEPTED IN 30 TRIES, (AVG 540662.3666666667)
[1, 4, 10, 23, 57, 132, 301, 701, 1654, 3966, 9081, 20123]...: 30289446: ACCEPTED IN 56 TRIES, (AVG 540882.9642857143)
[1, 4, 10, 23, 57, 132, 301, 701, 1654, 3966, 9081, 20127]...: 11889775: ACCEPTED IN 22 TRIES, (AVG 540444.3181818182)
[1, 4, 10, 23, 57, 132, 301, 701, 1654, 3966, 9081, 20131]...: 16219176: ACCEPTED IN 30 TRIES, (AVG 540639.2)
[1, 4, 10, 23, 57, 132, 301, 701, 1654, 3966, 9081, 20135]...: 11890974: ACCEPTED IN 22 TRIES, (AVG 540498.8181818182)
[1, 4, 10, 23, 57, 132, 301, 701, 1654, 3966, 9081, 20139]...: 8643877: ACCEPTED IN 16 TRIES, (AVG 540242.3125)
[1, 4, 10, 23, 57, 132, 301, 701, 1654, 3966, 9081, 20152]...: 15136747: ACCEPTED IN 28 TRIES, (AVG 540598.1071428572)
[1, 4, 10, 23, 57, 132, 301, 701, 1654, 3966, 9081, 20156]...: 12430819: ACCEPTED IN 23 TRIES, (AVG 540470.3913043478)
[1, 4, 10, 23, 57, 132, 301, 701, 1654, 3966, 9081, 20160]...: 39488023: ACCEPTED IN 73 TRIES, (AVG 540931.8219178083)
[1, 4, 10, 23, 57, 132, 301, 701, 1654, 3966, 9081, 20168]...: 14596638: ACCEPTED IN 27 TRIES, (AVG 540616.2222222222)
[1, 4, 10, 23, 57, 132, 301, 701, 1654, 3966, 9081, 20172]...: 17842151: ACCEPTED IN 33 TRIES, (AVG 540671.2424242424)
[1, 4, 10, 23, 57, 132, 301, 701, 1654, 3966, 9081, 20185]...: 12431854: ACCEPTED IN 23 TRIES, (AVG 540515.3913043478)
[1, 4, 10, 23, 57, 132, 301, 701, 1654, 3966, 9081, 20189]...: 7561252: ACCEPTED IN 14 TRIES, (AVG 540089.4285714285)
[1, 4, 10, 23, 57, 132, 301, 701, 1654, 3966, 9081, 20193]...: 14055028: ACCEPTED IN 26 TRIES, (AVG 540578.0)
[1, 4, 10, 23, 57, 132, 301, 701, 1654, 3966, 9081, 20197]...: 12972779: ACCEPTED IN 24 TRIES, (AVG 540532.4583333334)
[1, 4, 10, 23, 57, 132, 301, 701, 1654, 3966, 9081, 20209]...: 11890296: ACCEPTED IN 22 TRIES, (AVG 540468.0)
[1, 4, 10, 23, 57, 132, 301, 701, 1654, 3966, 9081, 20222]...: 31370293: ACCEPTED IN 58 TRIES, (AVG 540867.1206896552)
[1, 4, 10, 23, 57, 132, 301, 701, 1654, 3966, 9081, 20226]...: 14594098: ACCEPTED IN 27 TRIES, (AVG 540522.1481481482)
[1, 4, 10, 23, 57, 132, 301, 701, 1654, 3966, 9081, 20230]...: 11350002: ACCEPTED IN 21 TRIES, (AVG 540476.2857142857)
[1, 4, 10, 23, 57, 132, 301, 701, 1654, 3966, 9081, 20234]...: 16759219: ACCEPTED IN 31 TRIES, (AVG 540619.9677419355)
[1, 4, 10, 23, 57, 132, 301, 701, 1654, 3966, 9081, 20251]...: 8644166: ACCEPTED IN 16 TRIES, (AVG 540260.375)
[1, 4, 10, 23, 57, 132, 301, 701, 1654, 3966, 9081, 20255]...: 20548229: ACCEPTED IN 38 TRIES, (AVG 540742.8684210526)
[1, 4, 10, 23, 57, 132, 301, 701, 1654, 3966, 9081, 20259]...: 7560044: ACCEPTED IN 14 TRIES, (AVG 540003.1428571428)
[1, 4, 10, 23, 57, 132, 301, 701, 1654, 3966, 9081, 20263]...: 15137290: ACCEPTED IN 28 TRIES, (AVG 540617.5)
[1, 4, 10, 23, 57, 132, 301, 701, 1654, 3966, 9081, 20267]...: 18384769: ACCEPTED IN 34 TRIES, (AVG 540728.5)
[1, 4, 10, 23, 57, 132, 301, 701, 1654, 3966, 9081, 20271]...: 17301945: ACCEPTED IN 32 TRIES, (AVG 540685.78125)
[1, 4, 10, 23, 57, 132, 301, 701, 1654, 3966, 9081, 20284]...: 10807650: ACCEPTED IN 20 TRIES, (AVG 540382.5)
[1, 4, 10, 23, 57, 132, 301, 701, 1654, 3966, 9081, 20288]...: 11890690: ACCEPTED IN 22 TRIES, (AVG 540485.9090909091)
[1, 4, 10, 23, 57, 132, 301, 701, 1654, 3966, 9081, 20292]...: 16219467: ACCEPTED IN 30 TRIES, (AVG 540648.9)
[1, 4, 10, 23, 57, 132, 301, 701, 1654, 3966, 9081, 20300]...: 8102237: ACCEPTED IN 15 TRIES, (AVG 540149.1333333333)
[1, 4, 10, 23, 57, 132, 301, 701, 1654, 3966, 9081, 20304]...: 8643698: ACCEPTED IN 16 TRIES, (AVG 540231.125)
[1, 4, 10, 23, 57, 132, 301, 701, 1654, 3966, 9081, 20308]...: 13514353: ACCEPTED IN 25 TRIES, (AVG 540574.12)
[1, 4, 10, 23, 57, 132, 301, 701, 1654, 3966, 9081, 20321]...: 32453604: ACCEPTED IN 60 TRIES, (AVG 540893.4)
[1, 4, 10, 23, 57, 132, 301, 701, 1654, 3966, 9081, 20325]...: 15135638: ACCEPTED IN 28 TRIES, (AVG 540558.5)
[1, 4, 10, 23, 57, 132, 301, 701, 1654, 3966, 9081, 20329]...: 15135021: ACCEPTED IN 28 TRIES, (AVG 540536.4642857143)
[1, 4, 10, 23, 57, 132, 301, 701, 1654, 3966, 9081, 20341]...: 14596466: ACCEPTED IN 27 TRIES, (AVG 540609.8518518518)
[1, 4, 10, 23, 57, 132, 301, 701, 1654, 3966, 9081, 20354]...: 15138010: ACCEPTED IN 28 TRIES, (AVG 540643.2142857143)
[1, 4, 10, 23, 57, 132, 301, 701, 1654, 3966, 9081, 20358]...: 12431702: ACCEPTED IN 23 TRIES, (AVG 540508.7826086957)
[1, 4, 10, 23, 57, 132, 301, 701, 1654, 3966, 9081, 20362]...: 26499647: ACCEPTED IN 49 TRIES, (AVG 540809.1224489796)
[1, 4, 10, 23, 57, 132, 301, 701, 1654, 3966, 9081, 20366]...: 8101458: ACCEPTED IN 15 TRIES, (AVG 540097.2)
[1, 4, 10, 23, 57, 132, 301, 701, 1654, 3966, 9081, 20383]...: 16219631: ACCEPTED IN 30 TRIES, (AVG 540654.3666666667)
[1, 4, 10, 23, 57, 132, 301, 701, 1654, 3966, 9081, 20387]...: 8642544: ACCEPTED IN 16 TRIES, (AVG 540159.0)
[1, 4, 10, 23, 57, 132, 301, 701, 1654, 3966, 9081, 20391]...: 10267756: ACCEPTED IN 19 TRIES, (AVG 540408.2105263158)
[1, 4, 10, 23, 57, 132, 301, 701, 1654, 3966, 9081, 20395]...: 11889881: ACCEPTED IN 22 TRIES, (AVG 540449.1363636364)
[1, 4, 10, 23, 57, 132, 301, 701, 1654, 3966, 9081, 20399]...: 8643485: ACCEPTED IN 16 TRIES, (AVG 540217.8125)
[1, 4, 10, 23, 57, 132, 301, 701, 1654, 3966, 9081, 20403]...: 9726449: ACCEPTED IN 18 TRIES, (AVG 540358.2777777778)
[1, 4, 10, 23, 57, 132, 301, 701, 1654, 3966, 9081, 20420]...: 15135907: ACCEPTED IN 28 TRIES, (AVG 540568.1071428572)
[1, 4, 10, 23, 57, 132, 301, 701, 1654, 3966, 9081, 20424]...: 16761310: ACCEPTED IN 31 TRIES, (AVG 540687.4193548387)
[1, 4, 10, 23, 57, 132, 301, 701, 1654, 3966, 9081, 20432]...: 29746608: ACCEPTED IN 55 TRIES, (AVG 540847.4181818182)
[1, 4, 10, 23, 57, 132, 301, 701, 1654, 3966, 9081, 20436]...: 12971486: ACCEPTED IN 24 TRIES, (AVG 540478.5833333334)
[1, 4, 10, 23, 57, 132, 301, 701, 1654, 3966, 9081, 20440]...: 14593663: ACCEPTED IN 27 TRIES, (AVG 540506.0370370371)
[1, 4, 10, 23, 57, 132, 301, 701, 1654, 3966, 9081, 20453]...: 15137673: ACCEPTED IN 28 TRIES, (AVG 540631.1785714285)
[1, 4, 10, 23, 57, 132, 301, 701, 1654, 3966, 9081, 20457]...: 12430706: ACCEPTED IN 23 TRIES, (AVG 540465.4782608695)
[1, 4, 10, 23, 57, 132, 301, 701, 1654, 3966, 9081, 20461]...: 15136715: ACCEPTED IN 28 TRIES, (AVG 540596.9642857143)
[1, 4, 10, 23, 57, 132, 301, 701, 1654, 3966, 9081, 20473]...: 15136180: ACCEPTED IN 28 TRIES, (AVG 540577.8571428572)
[1, 4, 10, 23, 57, 132, 301, 701, 1654, 3966, 9081, 20486]...: 8101935: ACCEPTED IN 15 TRIES, (AVG 540129.0)
[1, 4, 10, 23, 57, 132, 301, 701, 1654, 3966, 9081, 20490]...: 13514180: ACCEPTED IN 25 TRIES, (AVG 540567.2)
[1, 4, 10, 23, 57, 132, 301, 701, 1654, 3966, 9081, 20494]...: 13513716: ACCEPTED IN 25 TRIES, (AVG 540548.64)
[1, 4, 10, 23, 57, 132, 301, 701, 1654, 3966, 9081, 20498]...: 7020266: ACCEPTED IN 13 TRIES, (AVG 540020.4615384615)
[1, 4, 10, 23, 57, 132, 301, 701, 1654, 3966, 9081, 20523]...: 20007884: ACCEPTED IN 37 TRIES, (AVG 540753.6216216217)
[1, 4, 10, 23, 57, 132, 301, 701, 1654, 3966, 9081, 20527]...: 13513095: ACCEPTED IN 25 TRIES, (AVG 540523.8)
[1, 4, 10, 23, 57, 132, 301, 701, 1654, 3966, 9081, 20531]...: 18925303: ACCEPTED IN 35 TRIES, (AVG 540722.9428571429)
[1, 4, 10, 23, 57, 132, 301, 701, 1654, 3966, 9081, 20535]...: 15136723: ACCEPTED IN 28 TRIES, (AVG 540597.25)
[1, 4, 10, 23, 57, 132, 301, 701, 1654, 3966, 9081, 20552]...: 15678505: ACCEPTED IN 29 TRIES, (AVG 540638.1034482758)
[1, 4, 10, 23, 57, 132, 301, 701, 1654, 3966, 9081, 20556]...: 21631324: ACCEPTED IN 40 TRIES, (AVG 540783.1)
[1, 4, 10, 23, 57, 132, 301, 701, 1654, 3966, 9081, 20560]...: 9185250: ACCEPTED IN 17 TRIES, (AVG 540308.8235294118)
[1, 4, 10, 23, 57, 132, 301, 701, 1654, 3966, 9081, 20564]...: 10266422: ACCEPTED IN 19 TRIES, (AVG 540338.0)
[1, 4, 10, 23, 57, 132, 301, 701, 1654, 3966, 9081, 20568]...: 8643441: ACCEPTED IN 16 TRIES, (AVG 540215.0625)
[1, 4, 10, 23, 57, 132, 301, 701, 1654, 3966, 9081, 20572]...: 9726485: ACCEPTED IN 18 TRIES, (AVG 540360.2777777778)
[1, 4, 10, 23, 57, 132, 301, 701, 1654, 3966, 9081, 20585]...: 18925514: ACCEPTED IN 35 TRIES, (AVG 540728.9714285714)
[1, 4, 10, 23, 57, 132, 301, 701, 1654, 3966, 9081, 20589]...: 8642967: ACCEPTED IN 16 TRIES, (AVG 540185.4375)
[1, 4, 10, 23, 57, 132, 301, 701, 1654, 3966, 9081, 20593]...: 9185151: ACCEPTED IN 17 TRIES, (AVG 540303.0)
[1, 4, 10, 23, 57, 132, 301, 701, 1654, 3966, 9081, 20605]...: 21089221: ACCEPTED IN 39 TRIES, (AVG 540749.2564102564)
[1, 4, 10, 23, 57, 132, 301, 701, 1654, 3966, 9081, 20609]...: 8644315: ACCEPTED IN 16 TRIES, (AVG 540269.6875)
[1, 4, 10, 23, 57, 132, 301, 701, 1654, 3966, 9081, 20622]...: 20549011: ACCEPTED IN 38 TRIES, (AVG 540763.447368421)
[1, 4, 10, 23, 57, 132, 301, 701, 1654, 3966, 9081, 20626]...: 21630220: ACCEPTED IN 40 TRIES, (AVG 540755.5)
[1, 4, 10, 23, 57, 132, 301, 701, 1654, 3966, 9081, 20630]...: 13514106: ACCEPTED IN 25 TRIES, (AVG 540564.24)
[1, 4, 10, 23, 57, 132, 301, 701, 1654, 3966, 9081, 20655]...: 12431053: ACCEPTED IN 23 TRIES, (AVG 540480.5652173914)
[1, 4, 10, 23, 57, 132, 301, 701, 1654, 3966, 9081, 20659]...: 8642705: ACCEPTED IN 16 TRIES, (AVG 540169.0625)
[1, 4, 10, 23, 57, 132, 301, 701, 1654, 3966, 9081, 20663]...: 8101876: ACCEPTED IN 15 TRIES, (AVG 540125.0666666667)
[1, 4, 10, 23, 57, 132, 301, 701, 1654, 3966, 9081, 20667]...: 16219079: ACCEPTED IN 30 TRIES, (AVG 540635.9666666667)
[1, 4, 10, 23, 57, 132, 301, 701, 1654, 3966, 9081, 20684]...: 12430530: ACCEPTED IN 23 TRIES, (AVG 540457.8260869565)
[1, 4, 10, 23, 57, 132, 301, 701, 1654, 3966, 9081, 20688]...: 16759535: ACCEPTED IN 31 TRIES, (AVG 540630.1612903225)
[1, 4, 10, 23, 57, 132, 301, 701, 1654, 3966, 9081, 20692]...: 15678665: ACCEPTED IN 29 TRIES, (AVG 540643.6206896552)
[1, 4, 10, 23, 57, 132, 301, 701, 1654, 3966, 9081, 20696]...: 15136028: ACCEPTED IN 28 TRIES, (AVG 540572.4285714285)
[1, 4, 10, 23, 57, 132, 301, 701, 1654, 3966, 9081, 20700]...: 15134878: ACCEPTED IN 28 TRIES, (AVG 540531.3571428572)
[1, 4, 10, 23, 57, 132, 301, 701, 1654, 3966, 9081, 20704]...: 9183644: ACCEPTED IN 17 TRIES, (AVG 540214.3529411765)
[1, 4, 10, 23, 57, 132, 301, 701, 1654, 3966, 9081, 20721]...: 27581968: ACCEPTED IN 51 TRIES, (AVG 540822.9019607843)
[1, 4, 10, 23, 57, 132, 301, 701, 1654, 3966, 9081, 20725]...: 14596782: ACCEPTED IN 27 TRIES, (AVG 540621.5555555555)
[1, 4, 10, 23, 57, 132, 301, 701, 1654, 3966, 9081, 20737]...: 8642692: ACCEPTED IN 16 TRIES, (AVG 540168.25)
[1, 4, 10, 23, 57, 132, 301, 701, 1654, 3966, 9081, 20741]...: 16218351: ACCEPTED IN 30 TRIES, (AVG 540611.7)
[1, 4, 10, 23, 57, 132, 301, 701, 1654, 3966, 9081, 20754]...: 14596542: ACCEPTED IN 27 TRIES, (AVG 540612.6666666666)
[1, 4, 10, 23, 57, 132, 301, 701, 1654, 3966, 9081, 20758]...: 15136273: ACCEPTED IN 28 TRIES, (AVG 540581.1785714285)
[1, 4, 10, 23, 57, 132, 301, 701, 1654, 3966, 9081, 20787]...: 14596827: ACCEPTED IN 27 TRIES, (AVG 540623.2222222222)
[1, 4, 10, 23, 57, 132, 301, 701, 1654, 3966, 9081, 20791]...: 12970972: ACCEPTED IN 24 TRIES, (AVG 540457.1666666666)
[1, 4, 10, 23, 57, 132, 301, 701, 1654, 3966, 9081, 20795]...: 12432153: ACCEPTED IN 23 TRIES, (AVG 540528.3913043478)
[1, 4, 10, 23, 57, 132, 301, 701, 1654, 3966, 9081, 20799]...: 16759863: ACCEPTED IN 31 TRIES, (AVG 540640.7419354839)
[1, 4, 10, 23, 57, 132, 301, 701, 1654, 3966, 9081, 20820]...: 16218458: ACCEPTED IN 30 TRIES, (AVG 540615.2666666667)
[1, 4, 10, 23, 57, 132, 301, 701, 1654, 3966, 9081, 20824]...: 15137822: ACCEPTED IN 28 TRIES, (AVG 540636.5)
[1, 4, 10, 23, 57, 132, 301, 701, 1654, 3966, 9081, 20828]...: 17843271: ACCEPTED IN 33 TRIES, (AVG 540705.1818181818)
[1, 4, 10, 23, 57, 132, 301, 701, 1654, 3966, 9081, 20832]...: 8643619: ACCEPTED IN 16 TRIES, (AVG 540226.1875)
[1, 4, 10, 23, 57, 132, 301, 701, 1654, 3966, 9081, 20836]...: 8098118: ACCEPTED IN 15 TRIES, (AVG 539874.5333333333)
[1, 4, 10, 23, 57, 132, 301, 701, 1654, 3966, 9081, 20853]...: 23794756: ACCEPTED IN 44 TRIES, (AVG 540789.9090909091)
[1, 4, 10, 23, 57, 132, 301, 701, 1654, 3966, 9081, 20857]...: 7020390: ACCEPTED IN 13 TRIES, (AVG 540030.0)
[1, 4, 10, 23, 57, 132, 301, 701, 1654, 3966, 9081, 20861]...: 8101891: ACCEPTED IN 15 TRIES, (AVG 540126.0666666667)
[1, 4, 10, 23, 57, 132, 301, 701, 1654, 3966, 9081, 20869]...: 7562086: ACCEPTED IN 14 TRIES, (AVG 540149.0)
[1, 4, 10, 23, 57, 132, 301, 701, 1654, 3966, 9081, 20873]...: 17843114: ACCEPTED IN 33 TRIES, (AVG 540700.4242424242)
[1, 4, 10, 23, 57, 132, 301, 701, 1654, 3966, 9081, 20886]...: 23794614: ACCEPTED IN 44 TRIES, (AVG 540786.6818181818)
[1, 4, 10, 23, 57, 132, 301, 701, 1654, 3966, 9081, 20890]...: 15135519: ACCEPTED IN 28 TRIES, (AVG 540554.25)
[1, 4, 10, 23, 57, 132, 301, 701, 1654, 3966, 9081, 20910]...: 12972090: ACCEPTED IN 24 TRIES, (AVG 540503.75)
[1, 4, 10, 23, 57, 132, 301, 701, 1654, 3966, 9081, 20923]...: 17300678: ACCEPTED IN 32 TRIES, (AVG 540646.1875)
[1, 4, 10, 23, 57, 132, 301, 701, 1654, 3966, 9081, 20927]...: 15135870: ACCEPTED IN 28 TRIES, (AVG 540566.7857142857)
[1, 4, 10, 23, 57, 132, 301, 701, 1654, 3966, 9081, 20931]...: 16761027: ACCEPTED IN 31 TRIES, (AVG 540678.2903225806)
[1, 4, 10, 23, 57, 132, 301, 701, 1654, 3966, 9081, 20952]...: 15136325: ACCEPTED IN 28 TRIES, (AVG 540583.0357142857)
[1, 4, 10, 23, 57, 132, 301, 701, 1654, 3966, 9081, 20956]...: 15137128: ACCEPTED IN 28 TRIES, (AVG 540611.7142857143)
[1, 4, 10, 23, 57, 132, 301, 701, 1654, 3966, 9081, 20960]...: 23795948: ACCEPTED IN 44 TRIES, (AVG 540817.0)
[1, 4, 10, 23, 57, 132, 301, 701, 1654, 3966, 9081, 20964]...: 9184559: ACCEPTED IN 17 TRIES, (AVG 540268.1764705882)
[1, 4, 10, 23, 57, 132, 301, 701, 1654, 3966, 9081, 20968]...: 7560050: ACCEPTED IN 14 TRIES, (AVG 540003.5714285715)
[1, 4, 10, 23, 57, 132, 301, 701, 1654, 3966, 9081, 20985]...: 15135884: ACCEPTED IN 28 TRIES, (AVG 540567.2857142857)
[1, 4, 10, 23, 57, 132, 301, 701, 1654, 3966, 9081, 20989]...: 13513531: ACCEPTED IN 25 TRIES, (AVG 540541.24)
[1, 4, 10, 23, 57, 132, 301, 701, 1654, 3966, 9081, 20993]...: 7020809: ACCEPTED IN 13 TRIES, (AVG 540062.2307692308)
[1, 4, 10, 23, 57, 132, 301, 701, 1654, 3966, 9081, 21001]...: 8102469: ACCEPTED IN 15 TRIES, (AVG 540164.6)
[1, 4, 10, 23, 57, 132, 301, 701, 1654, 3966, 9081, 21005]...: 10267114: ACCEPTED IN 19 TRIES, (AVG 540374.4210526316)
[1, 4, 10, 23, 57, 132, 301, 701, 1654, 3966, 9081, 21022]...: 8643807: ACCEPTED IN 16 TRIES, (AVG 540237.9375)
[1, 4, 10, 23, 57, 132, 301, 701, 1654, 3966, 9081, 21042]...: 7560876: ACCEPTED IN 14 TRIES, (AVG 540062.5714285715)
[1, 4, 10, 23, 57, 132, 301, 701, 1654, 3966, 9081, 21055]...: 7558669: ACCEPTED IN 14 TRIES, (AVG 539904.9285714285)
[1, 4, 10, 23, 57, 132, 301, 701, 1654, 3966, 9081, 21059]...: 8643141: ACCEPTED IN 16 TRIES, (AVG 540196.3125)
[1, 4, 10, 23, 57, 132, 301, 701, 1654, 3966, 9081, 21084]...: 8644316: ACCEPTED IN 16 TRIES, (AVG 540269.75)
[1, 4, 10, 23, 57, 132, 301, 701, 1654, 3966, 9081, 21088]...: 8643182: ACCEPTED IN 16 TRIES, (AVG 540198.875)
[1, 4, 10, 23, 57, 132, 301, 701, 1654, 3966, 9081, 21092]...: 10808657: ACCEPTED IN 20 TRIES, (AVG 540432.85)
[1, 4, 10, 23, 57, 132, 301, 701, 1654, 3966, 9081, 21096]...: 15137985: ACCEPTED IN 28 TRIES, (AVG 540642.3214285715)
[1, 4, 10, 23, 57, 132, 301, 701, 1654, 3966, 9081, 21100]...: 7020422: ACCEPTED IN 13 TRIES, (AVG 540032.4615384615)
[1, 4, 10, 23, 57, 132, 301, 701, 1654, 3966, 9081, 21121]...: 17302256: ACCEPTED IN 32 TRIES, (AVG 540695.5)
[1, 4, 10, 23, 57, 132, 301, 701, 1654, 3966, 9081, 21125]...: 6479782: ACCEPTED IN 12 TRIES, (AVG 539981.8333333334)
[1, 4, 10, 23, 57, 132, 301, 701, 1654, 3966, 9081, 21133]...: 7561733: ACCEPTED IN 14 TRIES, (AVG 540123.7857142857)
[1, 4, 10, 23, 57, 132, 301, 701, 1654, 3966, 9081, 21137]...: 12973323: ACCEPTED IN 24 TRIES, (AVG 540555.125)
[1, 4, 10, 23, 57, 132, 301, 701, 1654, 3966, 9081, 21154]...: 15136868: ACCEPTED IN 28 TRIES, (AVG 540602.4285714285)
[1, 4, 10, 23, 57, 132, 301, 701, 1654, 3966, 9081, 21162]...: 12972791: ACCEPTED IN 24 TRIES, (AVG 540532.9583333334)
[1, 4, 10, 23, 57, 132, 301, 701, 1654, 3966, 9081, 21174]...: 10267456: ACCEPTED IN 19 TRIES, (AVG 540392.4210526316)
[1, 4, 10, 23, 57, 132, 301, 701, 1654, 3966, 9081, 21187]...: 8644215: ACCEPTED IN 16 TRIES, (AVG 540263.4375)
[1, 4, 10, 23, 57, 132, 301, 701, 1654, 3966, 9081, 21191]...: 7561091: ACCEPTED IN 14 TRIES, (AVG 540077.9285714285)
[1, 4, 10, 23, 57, 132, 301, 701, 1654, 3966, 9081, 21224]...: 15135428: ACCEPTED IN 28 TRIES, (AVG 540551.0)
[1, 4, 10, 23, 57, 132, 301, 701, 1654, 3966, 9081, 21228]...: 16217516: ACCEPTED IN 30 TRIES, (AVG 540583.8666666667)
[1, 4, 10, 23, 57, 132, 301, 701, 1654, 3966, 9081, 21232]...: 22712858: ACCEPTED IN 42 TRIES, (AVG 540782.3333333334)
[1, 4, 10, 23, 57, 132, 301, 701, 1654, 3966, 9081, 21253]...: 8103225: ACCEPTED IN 15 TRIES, (AVG 540215.0)
[1, 4, 10, 23, 57, 132, 301, 701, 1654, 3966, 9081, 21257]...: 7019739: ACCEPTED IN 13 TRIES, (AVG 539979.9230769231)
[1, 4, 10, 23, 57, 132, 301, 701, 1654, 3966, 9081, 21261]...: 7560856: ACCEPTED IN 14 TRIES, (AVG 540061.1428571428)
[1, 4, 10, 23, 57, 132, 301, 701, 1654, 3966, 9081, 21265]...: 8103166: ACCEPTED IN 15 TRIES, (AVG 540211.0666666667)
[1, 4, 10, 23, 57, 132, 301, 701, 1654, 3966, 9081, 21269]...: 8642774: ACCEPTED IN 16 TRIES, (AVG 540173.375)
[1, 4, 10, 23, 57, 132, 301, 701, 1654, 3966, 9081, 21286]...: 7560227: ACCEPTED IN 14 TRIES, (AVG 540016.2142857143)
[1, 4, 10, 23, 57, 132, 301, 701, 1654, 3966, 9081, 21294]...: 12971435: ACCEPTED IN 24 TRIES, (AVG 540476.4583333334)
[1, 4, 10, 23, 57, 132, 301, 701, 1654, 3966, 9081, 21306]...: 5938387: ACCEPTED IN 11 TRIES, (AVG 539853.3636363636)
[1, 4, 10, 23, 57, 132, 301, 701, 1654, 3966, 9081, 21323]...: 13513527: ACCEPTED IN 25 TRIES, (AVG 540541.08)
[1, 4, 10, 23, 57, 132, 301, 701, 1654, 3966, 9081, 21356]...: 5937550: ACCEPTED IN 11 TRIES, (AVG 539777.2727272727)
[1, 4, 10, 23, 57, 132, 301, 701, 1654, 3966, 9081, 21360]...: 9185320: ACCEPTED IN 17 TRIES, (AVG 540312.9411764706)
[1, 4, 10, 23, 57, 132, 301, 701, 1654, 3966, 9081, 21385]...: 16219296: ACCEPTED IN 30 TRIES, (AVG 540643.2)
[1, 4, 10, 23, 57, 132, 301, 701, 1654, 3966, 9081, 21389]...: 8101941: ACCEPTED IN 15 TRIES, (AVG 540129.4)
[1, 4, 10, 23, 57, 132, 301, 701, 1654, 3966, 9081, 21393]...: 7560839: ACCEPTED IN 14 TRIES, (AVG 540059.9285714285)
[1, 4, 10, 23, 57, 132, 301, 701, 1654, 3966, 9081, 21397]...: 5397093: ACCEPTED IN 10 TRIES, (AVG 539709.3)
[1, 4, 10, 23, 57, 132, 301, 701, 1654, 3966, 9081, 21401]...: 12431500: ACCEPTED IN 23 TRIES, (AVG 540500.0)
[1, 4, 10, 23, 57, 132, 301, 701, 1654, 3966, 9081, 21426]...: 8643783: ACCEPTED IN 16 TRIES, (AVG 540236.4375)
[1, 4, 10, 23, 57, 132, 301, 701, 1654, 3966, 9081, 21438]...: 8100035: ACCEPTED IN 15 TRIES, (AVG 540002.3333333334)
[1, 4, 10, 23, 57, 132, 301, 701, 1654, 3966, 9081, 21455]...: 10805099: ACCEPTED IN 20 TRIES, (AVG 540254.95)
[1, 4, 10, 23, 57, 132, 301, 701, 1654, 3966, 9081, 21488]...: 8098141: ACCEPTED IN 15 TRIES, (AVG 539876.0666666667)
[1, 4, 10, 23, 57, 132, 301, 701, 1654, 3966, 9081, 21492]...: 7561666: ACCEPTED IN 14 TRIES, (AVG 540119.0)
[1, 4, 10, 23, 57, 132, 301, 701, 1654, 3966, 9081, 21521]...: 8101829: ACCEPTED IN 15 TRIES, (AVG 540121.9333333333)
[1, 4, 10, 23, 57, 132, 301, 701, 1654, 3966, 9081, 21525]...: 8643667: ACCEPTED IN 16 TRIES, (AVG 540229.1875)
[1, 4, 10, 23, 57, 132, 301, 701, 1654, 3966, 9081, 21529]...: 8643793: ACCEPTED IN 16 TRIES, (AVG 540237.0625)
[1, 4, 10, 23, 57, 132, 301, 701, 1654, 3966, 9081, 21533]...: 10806666: ACCEPTED IN 20 TRIES, (AVG 540333.3)
[1, 4, 10, 23, 57, 132, 301, 701, 1654, 3966, 9081, 21558]...: 14596509: ACCEPTED IN 27 TRIES, (AVG 540611.4444444445)
[1, 4, 10, 23, 57, 132, 301, 701, 1654, 3966, 9081, 21562]...: 7559946: ACCEPTED IN 14 TRIES, (AVG 539996.1428571428)
[1, 4, 10, 23, 57, 132, 301, 701, 1654, 3966, 9081, 21570]...: 7019020: ACCEPTED IN 13 TRIES, (AVG 539924.6153846154)
[1, 4, 10, 23, 57, 132, 301, 701, 1654, 3966, 9081, 21587]...: 19465094: ACCEPTED IN 36 TRIES, (AVG 540697.0555555555)
[1, 4, 10, 23, 57, 132, 301, 701, 1654, 3966, 9081, 21624]...: 8102307: ACCEPTED IN 15 TRIES, (AVG 540153.8)
[1, 4, 10, 23, 57, 132, 301, 701, 1654, 3966, 9081, 21653]...: 15137055: ACCEPTED IN 28 TRIES, (AVG 540609.1071428572)
[1, 4, 10, 23, 57, 132, 301, 701, 1654, 3966, 9081, 21657]...: 10807921: ACCEPTED IN 20 TRIES, (AVG 540396.05)
[1, 4, 10, 23, 57, 132, 301, 701, 1654, 3966, 9081, 21661]...: 7560065: ACCEPTED IN 14 TRIES, (AVG 540004.6428571428)
[1, 4, 10, 23, 57, 132, 301, 701, 1654, 3966, 9081, 21690]...: 8101652: ACCEPTED IN 15 TRIES, (AVG 540110.1333333333)
[1, 4, 10, 23, 57, 132, 301, 701, 1654, 3966, 9081, 21694]...: 8100296: ACCEPTED IN 15 TRIES, (AVG 540019.7333333333)
[1, 4, 10, 23, 57, 132, 301, 701, 1654, 3966, 9081, 21702]...: 6479608: ACCEPTED IN 12 TRIES, (AVG 539967.3333333334)
[1, 4, 10, 23, 57, 132, 301, 701, 1654, 3966, 9081, 21756]...: 7560436: ACCEPTED IN 14 TRIES, (AVG 540031.1428571428)
[1, 4, 10, 23, 57, 132, 301, 701, 1654, 3966, 9081, 21785]...: 15134647: ACCEPTED IN 28 TRIES, (AVG 540523.1071428572)
[1, 4, 10, 23, 57, 132, 301, 701, 1654, 3966, 9081, 21789]...: 9183154: ACCEPTED IN 17 TRIES, (AVG 540185.5294117647)
[1, 4, 10, 23, 57, 132, 301, 701, 1654, 3966, 9081, 21793]...: 7559526: ACCEPTED IN 14 TRIES, (AVG 539966.1428571428)
