[1, 4, 10, 23, 57, 132, 301, 701, 1654, 3785, 8349, 18622]...: 22713405: ACCEPTED IN 42 TRIES, (AVG 540795.3571428572)
[1, 4, 10, 23, 57, 132, 301, 701, 1654, 3785, 8349, 18643]...: 35159903: ACCEPTED IN 65 TRIES, (AVG 540921.5846153846)
[1, 4, 10, 23, 57, 132, 301, 701, 1654, 3785, 8349, 18701]...: 37324180: ACCEPTED IN 69 TRIES, (AVG 540930.1449275363)
[1, 4, 10, 23, 57, 132, 301, 701, 1654, 3785, 8349, 18738]...: 38406860: ACCEPTED IN 71 TRIES, (AVG 540941.690140845)
[1, 4, 10, 23, 57, 132, 301, 701, 1654, 3785, 8349, 18742]...: 46521899: ACCEPTED IN 86 TRIES, (AVG 540952.3139534884)
[1, 4, 10, 23, 57, 132, 301, 701, 1654, 3785, 8349, 18775]...: 14596395: ACCEPTED IN 27 TRIES, (AVG 540607.2222222222)
[1, 4, 10, 23, 57, 132, 301, 701, 1654, 3785, 8349, 18783]...: 16217153: ACCEPTED IN 30 TRIES, (AVG 540571.7666666667)
[1, 4, 10, 23, 57, 132, 301, 701, 1654, 3785, 8349, 18824]...: 8100180: ACCEPTED IN 15 TRIES, (AVG 540012.0)
[1, 4, 10, 23, 57, 132, 301, 701, 1654, 3785, 8349, 18833]...: 35157247: ACCEPTED IN 65 TRIES, (AVG 540880.723076923)
[1, 4, 10, 23, 57, 132, 301, 701, 1654, 3785, 8349, 18870]...: 90896220: ACCEPTED IN 168 TRIES, (AVG 541048.9285714285)
[1, 4, 10, 23, 57, 132, 301, 701, 1654, 3785, 8349, 18874]...: 28122225: ACCEPTED IN 52 TRIES, (AVG 540812.0192307692)
[1, 4, 10, 23, 57, 132, 301, 701, 1654, 3785, 8349, 18882]...: 31371473: ACCEPTED IN 58 TRIES, (AVG 540887.4655172414)
[1, 4, 10, 23, 57, 132, 301, 701, 1654, 3785, 8349, 18886]...: 42734886: ACCEPTED IN 79 TRIES, (AVG 540947.9240506329)
[1, 4, 10, 23, 57, 132, 301, 701, 1654, 3785, 8349, 18912]...: 38405958: ACCEPTED IN 71 TRIES, (AVG 540928.985915493)
[1, 4, 10, 23, 57, 132, 301, 701, 1654, 3785, 8349, 18915]...: 70873899: ACCEPTED IN 131 TRIES, (AVG 541022.1297709923)
[1, 4, 10, 23, 57, 132, 301, 701, 1654, 3785, 8349, 18919]...: 30289448: ACCEPTED IN 56 TRIES, (AVG 540883.0)
[1, 4, 10, 23, 57, 132, 301, 701, 1654, 3785, 8349, 18923]...: 38405871: ACCEPTED IN 71 TRIES, (AVG 540927.7605633803)
[1, 4, 10, 23, 57, 132, 301, 701, 1654, 3785, 8349, 18944]...: 14596180: ACCEPTED IN 27 TRIES, (AVG 540599.2592592592)
[1, 4, 10, 23, 57, 132, 301, 701, 1654, 3785, 8349, 18956]...: 21629805: ACCEPTED IN 40 TRIES, (AVG 540745.125)
[1, 4, 10, 23, 57, 132, 301, 701, 1654, 3785, 8349, 19002]...: 34077366: ACCEPTED IN 63 TRIES, (AVG 540910.5714285715)
[1, 4, 10, 23, 57, 132, 301, 701, 1654, 3785, 8349, 19006]...: 58428148: ACCEPTED IN 108 TRIES, (AVG 541001.3703703703)
[1, 4, 10, 23, 57, 132, 301, 701, 1654, 3785, 8349, 19018]...: 30289614: ACCEPTED IN 56 TRIES, (AVG 540885.9642857143)
[1, 4, 10, 23, 57, 132, 301, 701, 1654, 3785, 8349, 19039]...: 25960375: ACCEPTED IN 48 TRIES, (AVG 540841.1458333334)
[1, 4, 10, 23, 57, 132, 301, 701, 1654, 3785, 8349, 19047]...: 66543666: ACCEPTED IN 123 TRIES, (AVG 541005.4146341464)
[1, 4, 10, 23, 57, 132, 301, 701, 1654, 3785, 8349, 19055]...: 38406610: ACCEPTED IN 71 TRIES, (AVG 540938.1690140845)
[1, 4, 10, 23, 57, 132, 301, 701, 1654, 3785, 8349, 19076]...: 7020120: ACCEPTED IN 13 TRIES, (AVG 540009.2307692308)
[1, 4, 10, 23, 57, 132, 301, 701, 1654, 3785, 8349, 19088]...: 34617664: ACCEPTED IN 64 TRIES, (AVG 540901.0)
[1, 4, 10, 23, 57, 132, 301, 701, 1654, 3785, 8349, 19113]...: 22172234: ACCEPTED IN 41 TRIES, (AVG 540786.1951219512)
[1, 4, 10, 23, 57, 132, 301, 701, 1654, 3785, 8349, 19134]...: 20547852: ACCEPTED IN 38 TRIES, (AVG 540732.947368421)
[1, 4, 10, 23, 57, 132, 301, 701, 1654, 3785, 8349, 19138]...: 32452917: ACCEPTED IN 60 TRIES, (AVG 540881.95)
[1, 4, 10, 23, 57, 132, 301, 701, 1654, 3785, 8349, 19150]...: 39488651: ACCEPTED IN 73 TRIES, (AVG 540940.4246575342)
[1, 4, 10, 23, 57, 132, 301, 701, 1654, 3785, 8349, 19171]...: 20548281: ACCEPTED IN 38 TRIES, (AVG 540744.2368421053)
[1, 4, 10, 23, 57, 132, 301, 701, 1654, 3785, 8349, 19175]...: 30289024: ACCEPTED IN 56 TRIES, (AVG 540875.4285714285)
[1, 4, 10, 23, 57, 132, 301, 701, 1654, 3785, 8349, 19179]...: 18924864: ACCEPTED IN 35 TRIES, (AVG 540710.4)
[1, 4, 10, 23, 57, 132, 301, 701, 1654, 3785, 8349, 19183]...: 20548656: ACCEPTED IN 38 TRIES, (AVG 540754.1052631579)
[1, 4, 10, 23, 57, 132, 301, 701, 1654, 3785, 8349, 19187]...: 41653617: ACCEPTED IN 77 TRIES, (AVG 540956.064935065)
[1, 4, 10, 23, 57, 132, 301, 701, 1654, 3785, 8349, 19208]...: 21631265: ACCEPTED IN 40 TRIES, (AVG 540781.625)
[1, 4, 10, 23, 57, 132, 301, 701, 1654, 3785, 8349, 19213]...: 20549129: ACCEPTED IN 38 TRIES, (AVG 540766.552631579)
[1, 4, 10, 23, 57, 132, 301, 701, 1654, 3785, 8349, 19220]...: 36781473: ACCEPTED IN 68 TRIES, (AVG 540904.0147058824)
[1, 4, 10, 23, 57, 132, 301, 701, 1654, 3785, 8349, 19224]...: 17843172: ACCEPTED IN 33 TRIES, (AVG 540702.1818181818)
[1, 4, 10, 23, 57, 132, 301, 701, 1654, 3785, 8349, 19245]...: 9185175: ACCEPTED IN 17 TRIES, (AVG 540304.4117647059)
[1, 4, 10, 23, 57, 132, 301, 701, 1654, 3785, 8349, 19270]...: 38404379: ACCEPTED IN 71 TRIES, (AVG 540906.7464788732)
[1, 4, 10, 23, 57, 132, 301, 701, 1654, 3785, 8349, 19282]...: 26501041: ACCEPTED IN 49 TRIES, (AVG 540837.5714285715)
[1, 4, 10, 23, 57, 132, 301, 701, 1654, 3785, 8349, 19307]...: 21630776: ACCEPTED IN 40 TRIES, (AVG 540769.4)
[1, 4, 10, 23, 57, 132, 301, 701, 1654, 3785, 8349, 19311]...: 21631506: ACCEPTED IN 40 TRIES, (AVG 540787.65)
[1, 4, 10, 23, 57, 132, 301, 701, 1654, 3785, 8349, 19319]...: 30289158: ACCEPTED IN 56 TRIES, (AVG 540877.8214285715)
[1, 4, 10, 23, 57, 132, 301, 701, 1654, 3785, 8349, 19340]...: 12431284: ACCEPTED IN 23 TRIES, (AVG 540490.6086956522)
[1, 4, 10, 23, 57, 132, 301, 701, 1654, 3785, 8349, 19352]...: 30830526: ACCEPTED IN 57 TRIES, (AVG 540886.4210526316)
[1, 4, 10, 23, 57, 132, 301, 701, 1654, 3785, 8349, 19356]...: 59510802: ACCEPTED IN 110 TRIES, (AVG 541007.2909090909)
[1, 4, 10, 23, 57, 132, 301, 701, 1654, 3785, 8349, 19402]...: 61674383: ACCEPTED IN 114 TRIES, (AVG 541003.3596491228)
[1, 4, 10, 23, 57, 132, 301, 701, 1654, 3785, 8349, 19414]...: 34077065: ACCEPTED IN 63 TRIES, (AVG 540905.7936507936)
[1, 4, 10, 23, 57, 132, 301, 701, 1654, 3785, 8349, 19435]...: 14593889: ACCEPTED IN 27 TRIES, (AVG 540514.4074074074)
[1, 4, 10, 23, 57, 132, 301, 701, 1654, 3785, 8349, 19439]...: 14594698: ACCEPTED IN 27 TRIES, (AVG 540544.3703703703)
[1, 4, 10, 23, 57, 132, 301, 701, 1654, 3785, 8349, 19443]...: 21631555: ACCEPTED IN 40 TRIES, (AVG 540788.875)
[1, 4, 10, 23, 57, 132, 301, 701, 1654, 3785, 8349, 19451]...: 28124879: ACCEPTED IN 52 TRIES, (AVG 540863.0576923077)
[1, 4, 10, 23, 57, 132, 301, 701, 1654, 3785, 8349, 19472]...: 20548014: ACCEPTED IN 38 TRIES, (AVG 540737.2105263158)
[1, 4, 10, 23, 57, 132, 301, 701, 1654, 3785, 8349, 19476]...: 30829651: ACCEPTED IN 57 TRIES, (AVG 540871.0701754387)
[1, 4, 10, 23, 57, 132, 301, 701, 1654, 3785, 8349, 19484]...: 20008031: ACCEPTED IN 37 TRIES, (AVG 540757.5945945946)
[1, 4, 10, 23, 57, 132, 301, 701, 1654, 3785, 8349, 19514]...: 18384452: ACCEPTED IN 34 TRIES, (AVG 540719.1764705882)
[1, 4, 10, 23, 57, 132, 301, 701, 1654, 3785, 8349, 19525]...: 9724794: ACCEPTED IN 18 TRIES, (AVG 540266.3333333334)
[1, 4, 10, 23, 57, 132, 301, 701, 1654, 3785, 8349, 19534]...: 9726538: ACCEPTED IN 18 TRIES, (AVG 540363.2222222222)
[1, 4, 10, 23, 57, 132, 301, 701, 1654, 3785, 8349, 19546]...: 28124748: ACCEPTED IN 52 TRIES, (AVG 540860.5384615385)
[1, 4, 10, 23, 57, 132, 301, 701, 1654, 3785, 8349, 19563]...: 38946740: ACCEPTED IN 72 TRIES, (AVG 540926.9444444445)
[1, 4, 10, 23, 57, 132, 301, 701, 1654, 3785, 8349, 19571]...: 20007895: ACCEPTED IN 37 TRIES, (AVG 540753.9189189189)
[1, 4, 10, 23, 57, 132, 301, 701, 1654, 3785, 8349, 19575]...: 4856265: ACCEPTED IN 9 TRIES, (AVG 539585.0)
[1, 4, 10, 23, 57, 132, 301, 701, 1654, 3785, 8349, 19583]...: 33536535: ACCEPTED IN 62 TRIES, (AVG 540911.8548387097)
[1, 4, 10, 23, 57, 132, 301, 701, 1654, 3785, 8349, 19604]...: 25418463: ACCEPTED IN 47 TRIES, (AVG 540818.3617021276)
[1, 4, 10, 23, 57, 132, 301, 701, 1654, 3785, 8349, 19613]...: 21090489: ACCEPTED IN 39 TRIES, (AVG 540781.7692307692)
[1, 4, 10, 23, 57, 132, 301, 701, 1654, 3785, 8349, 19616]...: 30828981: ACCEPTED IN 57 TRIES, (AVG 540859.3157894737)
[1, 4, 10, 23, 57, 132, 301, 701, 1654, 3785, 8349, 19620]...: 26501824: ACCEPTED IN 49 TRIES, (AVG 540853.5510204082)
[1, 4, 10, 23, 57, 132, 301, 701, 1654, 3785, 8349, 19642]...: 26500922: ACCEPTED IN 49 TRIES, (AVG 540835.1428571428)
[1, 4, 10, 23, 57, 132, 301, 701, 1654, 3785, 8349, 19657]...: 37865519: ACCEPTED IN 70 TRIES, (AVG 540935.9857142858)
[1, 4, 10, 23, 57, 132, 301, 701, 1654, 3785, 8349, 19695]...: 25960624: ACCEPTED IN 48 TRIES, (AVG 540846.3333333334)
[1, 4, 10, 23, 57, 132, 301, 701, 1654, 3785, 8349, 19703]...: 14594606: ACCEPTED IN 27 TRIES, (AVG 540540.9629629629)
[1, 4, 10, 23, 57, 132, 301, 701, 1654, 3785, 8349, 19707]...: 18925104: ACCEPTED IN 35 TRIES, (AVG 540717.2571428572)
[1, 4, 10, 23, 57, 132, 301, 701, 1654, 3785, 8349, 19715]...: 36780253: ACCEPTED IN 68 TRIES, (AVG 540886.0735294118)
[1, 4, 10, 23, 57, 132, 301, 701, 1654, 3785, 8349, 19736]...: 17299087: ACCEPTED IN 32 TRIES, (AVG 540596.46875)
[1, 4, 10, 23, 57, 132, 301, 701, 1654, 3785, 8349, 19740]...: 14596383: ACCEPTED IN 27 TRIES, (AVG 540606.7777777778)
[1, 4, 10, 23, 57, 132, 301, 701, 1654, 3785, 8349, 19748]...: 37864415: ACCEPTED IN 70 TRIES, (AVG 540920.2142857143)
[1, 4, 10, 23, 57, 132, 301, 701, 1654, 3785, 8349, 19752]...: 19463204: ACCEPTED IN 36 TRIES, (AVG 540644.5555555555)
[1, 4, 10, 23, 57, 132, 301, 701, 1654, 3785, 8349, 19774]...: 38405046: ACCEPTED IN 71 TRIES, (AVG 540916.1408450705)
[1, 4, 10, 23, 57, 132, 301, 701, 1654, 3785, 8349, 19777]...: 14055526: ACCEPTED IN 26 TRIES, (AVG 540597.1538461539)
[1, 4, 10, 23, 57, 132, 301, 701, 1654, 3785, 8349, 19789]...: 28664384: ACCEPTED IN 53 TRIES, (AVG 540837.4339622641)
[1, 4, 10, 23, 57, 132, 301, 701, 1654, 3785, 8349, 19815]...: 18925892: ACCEPTED IN 35 TRIES, (AVG 540739.7714285714)
[1, 4, 10, 23, 57, 132, 301, 701, 1654, 3785, 8349, 19827]...: 37322909: ACCEPTED IN 69 TRIES, (AVG 540911.7246376812)
[1, 4, 10, 23, 57, 132, 301, 701, 1654, 3785, 8349, 19835]...: 28666380: ACCEPTED IN 53 TRIES, (AVG 540875.0943396227)
[1, 4, 10, 23, 57, 132, 301, 701, 1654, 3785, 8349, 19839]...: 28122743: ACCEPTED IN 52 TRIES, (AVG 540821.9807692308)
[1, 4, 10, 23, 57, 132, 301, 701, 1654, 3785, 8349, 19847]...: 14594419: ACCEPTED IN 27 TRIES, (AVG 540534.0370370371)
[1, 4, 10, 23, 57, 132, 301, 701, 1654, 3785, 8349, 19864]...: 21630659: ACCEPTED IN 40 TRIES, (AVG 540766.475)
[1, 4, 10, 23, 57, 132, 301, 701, 1654, 3785, 8349, 19868]...: 22713710: ACCEPTED IN 42 TRIES, (AVG 540802.619047619)
[1, 4, 10, 23, 57, 132, 301, 701, 1654, 3785, 8349, 19872]...: 25419190: ACCEPTED IN 47 TRIES, (AVG 540833.8297872341)
[1, 4, 10, 23, 57, 132, 301, 701, 1654, 3785, 8349, 19876]...: 12972185: ACCEPTED IN 24 TRIES, (AVG 540507.7083333334)
[1, 4, 10, 23, 57, 132, 301, 701, 1654, 3785, 8349, 19880]...: 21630771: ACCEPTED IN 40 TRIES, (AVG 540769.275)
[1, 4, 10, 23, 57, 132, 301, 701, 1654, 3785, 8349, 19884]...: 22170976: ACCEPTED IN 41 TRIES, (AVG 540755.512195122)
[1, 4, 10, 23, 57, 132, 301, 701, 1654, 3785, 8349, 19906]...: 11890863: ACCEPTED IN 22 TRIES, (AVG 540493.7727272727)
[1, 4, 10, 23, 57, 132, 301, 701, 1654, 3785, 8349, 19909]...: 23254154: ACCEPTED IN 43 TRIES, (AVG 540794.2790697674)
[1, 4, 10, 23, 57, 132, 301, 701, 1654, 3785, 8349, 19914]...: 27583795: ACCEPTED IN 51 TRIES, (AVG 540858.725490196)
[1, 4, 10, 23, 57, 132, 301, 701, 1654, 3785, 8349, 19921]...: 14596824: ACCEPTED IN 27 TRIES, (AVG 540623.1111111111)
[1, 4, 10, 23, 57, 132, 301, 701, 1654, 3785, 8349, 19943]...: 18925371: ACCEPTED IN 35 TRIES, (AVG 540724.8857142857)
[1, 4, 10, 23, 57, 132, 301, 701, 1654, 3785, 8349, 19947]...: 17302392: ACCEPTED IN 32 TRIES, (AVG 540699.75)
[1, 4, 10, 23, 57, 132, 301, 701, 1654, 3785, 8349, 19959]...: 21629373: ACCEPTED IN 40 TRIES, (AVG 540734.325)
[1, 4, 10, 23, 57, 132, 301, 701, 1654, 3785, 8349, 19971]...: 9725934: ACCEPTED IN 18 TRIES, (AVG 540329.6666666666)
[1, 4, 10, 23, 57, 132, 301, 701, 1654, 3785, 8349, 19996]...: 12432163: ACCEPTED IN 23 TRIES, (AVG 540528.8260869565)
[1, 4, 10, 23, 57, 132, 301, 701, 1654, 3785, 8349, 20000]...: 56263628: ACCEPTED IN 104 TRIES, (AVG 540996.4230769231)
[1, 4, 10, 23, 57, 132, 301, 701, 1654, 3785, 8349, 20004]...: 21630677: ACCEPTED IN 40 TRIES, (AVG 540766.925)
[1, 4, 10, 23, 57, 132, 301, 701, 1654, 3785, 8349, 20008]...: 54099396: ACCEPTED IN 100 TRIES, (AVG 540993.96)
[1, 4, 10, 23, 57, 132, 301, 701, 1654, 3785, 8349, 20012]...: 20548951: ACCEPTED IN 38 TRIES, (AVG 540761.8684210526)
[1, 4, 10, 23, 57, 132, 301, 701, 1654, 3785, 8349, 20016]...: 14596704: ACCEPTED IN 27 TRIES, (AVG 540618.6666666666)
