[1, 4, 10, 23, 57, 132, 301, 701, 1636, 3916, 8872, 19525]...: 15678077: ACCEPTED IN 29 TRIES, (AVG 540623.3448275862)
[1, 4, 10, 23, 57, 132, 301, 701, 1636, 3916, 8872, 19527]...: 20548602: ACCEPTED IN 38 TRIES, (AVG 540752.6842105263)
[1, 4, 10, 23, 57, 132, 301, 701, 1636, 3916, 8872, 19529]...: 16220000: ACCEPTED IN 30 TRIES, (AVG 540666.6666666666)
[1, 4, 10, 23, 57, 132, 301, 701, 1636, 3916, 8872, 19534]...: 16760932: ACCEPTED IN 31 TRIES, (AVG 540675.2258064516)
[1, 4, 10, 23, 57, 132, 301, 701, 1636, 3916, 8872, 19557]...: 16761026: ACCEPTED IN 31 TRIES, (AVG 540678.2580645161)
[1, 4, 10, 23, 57, 132, 301, 701, 1636, 3916, 8872, 19558]...: 7561628: ACCEPTED IN 14 TRIES, (AVG 540116.2857142857)
[1, 4, 10, 23, 57, 132, 301, 701, 1636, 3916, 8872, 19561]...: 13514608: ACCEPTED IN 25 TRIES, (AVG 540584.32)
[1, 4, 10, 23, 57, 132, 301, 701, 1636, 3916, 8872, 19567]...: 26499348: ACCEPTED IN 49 TRIES, (AVG 540803.0204081633)
[1, 4, 10, 23, 57, 132, 301, 701, 1636, 3916, 8872, 19590]...: 7020823: ACCEPTED IN 13 TRIES, (AVG 540063.3076923077)
[1, 4, 10, 23, 57, 132, 301, 701, 1636, 3916, 8872, 19591]...: 13513281: ACCEPTED IN 25 TRIES, (AVG 540531.24)
[1, 4, 10, 23, 57, 132, 301, 701, 1636, 3916, 8872, 19594]...: 17843664: ACCEPTED IN 33 TRIES, (AVG 540717.0909090909)
[1, 4, 10, 23, 57, 132, 301, 701, 1636, 3916, 8872, 19622]...: 27042701: ACCEPTED IN 50 TRIES, (AVG 540854.02)
[1, 4, 10, 23, 57, 132, 301, 701, 1636, 3916, 8872, 19624]...: 21631372: ACCEPTED IN 40 TRIES, (AVG 540784.3)
[1, 4, 10, 23, 57, 132, 301, 701, 1636, 3916, 8872, 19626]...: 20007839: ACCEPTED IN 37 TRIES, (AVG 540752.4054054054)
[1, 4, 10, 23, 57, 132, 301, 701, 1636, 3916, 8872, 19627]...: 15678808: ACCEPTED IN 29 TRIES, (AVG 540648.551724138)
[1, 4, 10, 23, 57, 132, 301, 701, 1636, 3916, 8872, 19628]...: 7020269: ACCEPTED IN 13 TRIES, (AVG 540020.6923076923)
[1, 4, 10, 23, 57, 132, 301, 701, 1636, 3916, 8872, 19657]...: 10267060: ACCEPTED IN 19 TRIES, (AVG 540371.5789473684)
[1, 4, 10, 23, 57, 132, 301, 701, 1636, 3916, 8872, 19659]...: 16760811: ACCEPTED IN 31 TRIES, (AVG 540671.3225806452)
[1, 4, 10, 23, 57, 132, 301, 701, 1636, 3916, 8872, 19660]...: 5395599: ACCEPTED IN 10 TRIES, (AVG 539559.9)
[1, 4, 10, 23, 57, 132, 301, 701, 1636, 3916, 8872, 19661]...: 21088288: ACCEPTED IN 39 TRIES, (AVG 540725.3333333334)
[1, 4, 10, 23, 57, 132, 301, 701, 1636, 3916, 8872, 19666]...: 7561412: ACCEPTED IN 14 TRIES, (AVG 540100.8571428572)
[1, 4, 10, 23, 57, 132, 301, 701, 1636, 3916, 8872, 19689]...: 17843224: ACCEPTED IN 33 TRIES, (AVG 540703.7575757576)
[1, 4, 10, 23, 57, 132, 301, 701, 1636, 3916, 8872, 19693]...: 16761393: ACCEPTED IN 31 TRIES, (AVG 540690.0967741936)
[1, 4, 10, 23, 57, 132, 301, 701, 1636, 3916, 8872, 19696]...: 12973206: ACCEPTED IN 24 TRIES, (AVG 540550.25)
[1, 4, 10, 23, 57, 132, 301, 701, 1636, 3916, 8872, 19723]...: 27041473: ACCEPTED IN 50 TRIES, (AVG 540829.46)
[1, 4, 10, 23, 57, 132, 301, 701, 1636, 3916, 8872, 19726]...: 11890426: ACCEPTED IN 22 TRIES, (AVG 540473.9090909091)
[1, 4, 10, 23, 57, 132, 301, 701, 1636, 3916, 8872, 19727]...: 13513283: ACCEPTED IN 25 TRIES, (AVG 540531.32)
[1, 4, 10, 23, 57, 132, 301, 701, 1636, 3916, 8872, 19756]...: 8644391: ACCEPTED IN 16 TRIES, (AVG 540274.4375)
[1, 4, 10, 23, 57, 132, 301, 701, 1636, 3916, 8872, 19759]...: 27041025: ACCEPTED IN 50 TRIES, (AVG 540820.5)
[1, 4, 10, 23, 57, 132, 301, 701, 1636, 3916, 8872, 19760]...: 13514471: ACCEPTED IN 25 TRIES, (AVG 540578.84)
[1, 4, 10, 23, 57, 132, 301, 701, 1636, 3916, 8872, 19763]...: 12972099: ACCEPTED IN 24 TRIES, (AVG 540504.125)
[1, 4, 10, 23, 57, 132, 301, 701, 1636, 3916, 8872, 19791]...: 18925663: ACCEPTED IN 35 TRIES, (AVG 540733.2285714286)
[1, 4, 10, 23, 57, 132, 301, 701, 1636, 3916, 8872, 19792]...: 5396535: ACCEPTED IN 10 TRIES, (AVG 539653.5)
[1, 4, 10, 23, 57, 132, 301, 701, 1636, 3916, 8872, 19793]...: 21629641: ACCEPTED IN 40 TRIES, (AVG 540741.025)
[1, 4, 10, 23, 57, 132, 301, 701, 1636, 3916, 8872, 19795]...: 14596291: ACCEPTED IN 27 TRIES, (AVG 540603.3703703703)
[1, 4, 10, 23, 57, 132, 301, 701, 1636, 3916, 8872, 19825]...: 7020587: ACCEPTED IN 13 TRIES, (AVG 540045.1538461539)
[1, 4, 10, 23, 57, 132, 301, 701, 1636, 3916, 8872, 19826]...: 19465036: ACCEPTED IN 36 TRIES, (AVG 540695.4444444445)
[1, 4, 10, 23, 57, 132, 301, 701, 1636, 3916, 8872, 19828]...: 17841821: ACCEPTED IN 33 TRIES, (AVG 540661.2424242424)
[1, 4, 10, 23, 57, 132, 301, 701, 1636, 3916, 8872, 19830]...: 8642534: ACCEPTED IN 16 TRIES, (AVG 540158.375)
[1, 4, 10, 23, 57, 132, 301, 701, 1636, 3916, 8872, 19835]...: 6479492: ACCEPTED IN 12 TRIES, (AVG 539957.6666666666)
[1, 4, 10, 23, 57, 132, 301, 701, 1636, 3916, 8872, 19855]...: 5396852: ACCEPTED IN 10 TRIES, (AVG 539685.2)
[1, 4, 10, 23, 57, 132, 301, 701, 1636, 3916, 8872, 19858]...: 15137543: ACCEPTED IN 28 TRIES, (AVG 540626.5357142857)
[1, 4, 10, 23, 57, 132, 301, 701, 1636, 3916, 8872, 19859]...: 6479244: ACCEPTED IN 12 TRIES, (AVG 539937.0)
[1, 4, 10, 23, 57, 132, 301, 701, 1636, 3916, 8872, 19862]...: 5395015: ACCEPTED IN 10 TRIES, (AVG 539501.5)
[1, 4, 10, 23, 57, 132, 301, 701, 1636, 3916, 8872, 19891]...: 13511563: ACCEPTED IN 25 TRIES, (AVG 540462.52)
[1, 4, 10, 23, 57, 132, 301, 701, 1636, 3916, 8872, 19892]...: 11890240: ACCEPTED IN 22 TRIES, (AVG 540465.4545454546)
[1, 4, 10, 23, 57, 132, 301, 701, 1636, 3916, 8872, 19894]...: 16760918: ACCEPTED IN 31 TRIES, (AVG 540674.7741935484)
[1, 4, 10, 23, 57, 132, 301, 701, 1636, 3916, 8872, 19895]...: 6479215: ACCEPTED IN 12 TRIES, (AVG 539934.5833333334)
[1, 4, 10, 23, 57, 132, 301, 701, 1636, 3916, 8872, 19923]...: 18924504: ACCEPTED IN 35 TRIES, (AVG 540700.1142857143)
[1, 4, 10, 23, 57, 132, 301, 701, 1636, 3916, 8872, 19925]...: 7020069: ACCEPTED IN 13 TRIES, (AVG 540005.3076923077)
[1, 4, 10, 23, 57, 132, 301, 701, 1636, 3916, 8872, 19927]...: 7020162: ACCEPTED IN 13 TRIES, (AVG 540012.4615384615)
[1, 4, 10, 23, 57, 132, 301, 701, 1636, 3916, 8872, 19929]...: 7020071: ACCEPTED IN 13 TRIES, (AVG 540005.4615384615)
[1, 4, 10, 23, 57, 132, 301, 701, 1636, 3916, 8872, 19957]...: 15136143: ACCEPTED IN 28 TRIES, (AVG 540576.5357142857)
[1, 4, 10, 23, 57, 132, 301, 701, 1636, 3916, 8872, 19958]...: 6477067: ACCEPTED IN 12 TRIES, (AVG 539755.5833333334)
[1, 4, 10, 23, 57, 132, 301, 701, 1636, 3916, 8872, 19960]...: 19465151: ACCEPTED IN 36 TRIES, (AVG 540698.6388888889)
[1, 4, 10, 23, 57, 132, 301, 701, 1636, 3916, 8872, 19961]...: 16761438: ACCEPTED IN 31 TRIES, (AVG 540691.5483870967)
[1, 4, 10, 23, 57, 132, 301, 701, 1636, 3916, 8872, 19962]...: 13514084: ACCEPTED IN 25 TRIES, (AVG 540563.36)
[1, 4, 10, 23, 57, 132, 301, 701, 1636, 3916, 8872, 19967]...: 13514249: ACCEPTED IN 25 TRIES, (AVG 540569.96)
[1, 4, 10, 23, 57, 132, 301, 701, 1636, 3916, 8872, 19990]...: 7018188: ACCEPTED IN 13 TRIES, (AVG 539860.6153846154)
[1, 4, 10, 23, 57, 132, 301, 701, 1636, 3916, 8872, 19994]...: 12972411: ACCEPTED IN 24 TRIES, (AVG 540517.125)
[1, 4, 10, 23, 57, 132, 301, 701, 1636, 3916, 8872, 19997]...: 17843037: ACCEPTED IN 33 TRIES, (AVG 540698.0909090909)
[1, 4, 10, 23, 57, 132, 301, 701, 1636, 3916, 8872, 20026]...: 20548291: ACCEPTED IN 38 TRIES, (AVG 540744.5)
[1, 4, 10, 23, 57, 132, 301, 701, 1636, 3916, 8872, 20027]...: 18925694: ACCEPTED IN 35 TRIES, (AVG 540734.1142857143)
[1, 4, 10, 23, 57, 132, 301, 701, 1636, 3916, 8872, 20028]...: 10807780: ACCEPTED IN 20 TRIES, (AVG 540389.0)
[1, 4, 10, 23, 57, 132, 301, 701, 1636, 3916, 8872, 20057]...: 11890473: ACCEPTED IN 22 TRIES, (AVG 540476.0454545454)
[1, 4, 10, 23, 57, 132, 301, 701, 1636, 3916, 8872, 20059]...: 13511721: ACCEPTED IN 25 TRIES, (AVG 540468.84)
[1, 4, 10, 23, 57, 132, 301, 701, 1636, 3916, 8872, 20060]...: 12432135: ACCEPTED IN 23 TRIES, (AVG 540527.6086956522)
[1, 4, 10, 23, 57, 132, 301, 701, 1636, 3916, 8872, 20061]...: 7020899: ACCEPTED IN 13 TRIES, (AVG 540069.1538461539)
[1, 4, 10, 23, 57, 132, 301, 701, 1636, 3916, 8872, 20064]...: 5936867: ACCEPTED IN 11 TRIES, (AVG 539715.1818181818)
[1, 4, 10, 23, 57, 132, 301, 701, 1636, 3916, 8872, 20089]...: 5395300: ACCEPTED IN 10 TRIES, (AVG 539530.0)
[1, 4, 10, 23, 57, 132, 301, 701, 1636, 3916, 8872, 20092]...: 16760706: ACCEPTED IN 31 TRIES, (AVG 540667.9354838709)
[1, 4, 10, 23, 57, 132, 301, 701, 1636, 3916, 8872, 20093]...: 5396053: ACCEPTED IN 10 TRIES, (AVG 539605.3)
[1, 4, 10, 23, 57, 132, 301, 701, 1636, 3916, 8872, 20094]...: 15137288: ACCEPTED IN 28 TRIES, (AVG 540617.4285714285)
[1, 4, 10, 23, 57, 132, 301, 701, 1636, 3916, 8872, 20096]...: 5397070: ACCEPTED IN 10 TRIES, (AVG 539707.0)
[1, 4, 10, 23, 57, 132, 301, 701, 1636, 3916, 8872, 20126]...: 9723068: ACCEPTED IN 18 TRIES, (AVG 540170.4444444445)
[1, 4, 10, 23, 57, 132, 301, 701, 1636, 3916, 8872, 20127]...: 13513038: ACCEPTED IN 25 TRIES, (AVG 540521.52)
[1, 4, 10, 23, 57, 132, 301, 701, 1636, 3916, 8872, 20128]...: 21631108: ACCEPTED IN 40 TRIES, (AVG 540777.7)
[1, 4, 10, 23, 57, 132, 301, 701, 1636, 3916, 8872, 20129]...: 11890744: ACCEPTED IN 22 TRIES, (AVG 540488.3636363636)
[1, 4, 10, 23, 57, 132, 301, 701, 1636, 3916, 8872, 20136]...: 12973374: ACCEPTED IN 24 TRIES, (AVG 540557.25)
[1, 4, 10, 23, 57, 132, 301, 701, 1636, 3916, 8872, 20156]...: 3773702: ACCEPTED IN 7 TRIES, (AVG 539100.2857142857)
[1, 4, 10, 23, 57, 132, 301, 701, 1636, 3916, 8872, 20159]...: 12973475: ACCEPTED IN 24 TRIES, (AVG 540561.4583333334)
[1, 4, 10, 23, 57, 132, 301, 701, 1636, 3916, 8872, 20160]...: 20006437: ACCEPTED IN 37 TRIES, (AVG 540714.5135135135)
[1, 4, 10, 23, 57, 132, 301, 701, 1636, 3916, 8872, 20163]...: 4853762: ACCEPTED IN 9 TRIES, (AVG 539306.8888888889)
[1, 4, 10, 23, 57, 132, 301, 701, 1636, 3916, 8872, 20191]...: 11891103: ACCEPTED IN 22 TRIES, (AVG 540504.6818181818)
[1, 4, 10, 23, 57, 132, 301, 701, 1636, 3916, 8872, 20192]...: 3773387: ACCEPTED IN 7 TRIES, (AVG 539055.2857142857)
[1, 4, 10, 23, 57, 132, 301, 701, 1636, 3916, 8872, 20193]...: 7020022: ACCEPTED IN 13 TRIES, (AVG 540001.6923076923)
[1, 4, 10, 23, 57, 132, 301, 701, 1636, 3916, 8872, 20195]...: 26501231: ACCEPTED IN 49 TRIES, (AVG 540841.4489795918)
[1, 4, 10, 23, 57, 132, 301, 701, 1636, 3916, 8872, 20196]...: 5395226: ACCEPTED IN 10 TRIES, (AVG 539522.6)
[1, 4, 10, 23, 57, 132, 301, 701, 1636, 3916, 8872, 20224]...: 15137126: ACCEPTED IN 28 TRIES, (AVG 540611.6428571428)
[1, 4, 10, 23, 57, 132, 301, 701, 1636, 3916, 8872, 20226]...: 10266943: ACCEPTED IN 19 TRIES, (AVG 540365.4210526316)
[1, 4, 10, 23, 57, 132, 301, 701, 1636, 3916, 8872, 20228]...: 7561879: ACCEPTED IN 14 TRIES, (AVG 540134.2142857143)
[1, 4, 10, 23, 57, 132, 301, 701, 1636, 3916, 8872, 20230]...: 12432290: ACCEPTED IN 23 TRIES, (AVG 540534.3478260869)
[1, 4, 10, 23, 57, 132, 301, 701, 1636, 3916, 8872, 20258]...: 13514469: ACCEPTED IN 25 TRIES, (AVG 540578.76)
[1, 4, 10, 23, 57, 132, 301, 701, 1636, 3916, 8872, 20259]...: 7017562: ACCEPTED IN 13 TRIES, (AVG 539812.4615384615)
[1, 4, 10, 23, 57, 132, 301, 701, 1636, 3916, 8872, 20260]...: 19465966: ACCEPTED IN 36 TRIES, (AVG 540721.2777777778)
[1, 4, 10, 23, 57, 132, 301, 701, 1636, 3916, 8872, 20261]...: 7561992: ACCEPTED IN 14 TRIES, (AVG 540142.2857142857)
[1, 4, 10, 23, 57, 132, 301, 701, 1636, 3916, 8872, 20262]...: 6479585: ACCEPTED IN 12 TRIES, (AVG 539965.4166666666)
[1, 4, 10, 23, 57, 132, 301, 701, 1636, 3916, 8872, 20268]...: 4312619: ACCEPTED IN 8 TRIES, (AVG 539077.375)
[1, 4, 10, 23, 57, 132, 301, 701, 1636, 3916, 8872, 20291]...: 9726509: ACCEPTED IN 18 TRIES, (AVG 540361.6111111111)
[1, 4, 10, 23, 57, 132, 301, 701, 1636, 3916, 8872, 20292]...: 5938080: ACCEPTED IN 11 TRIES, (AVG 539825.4545454546)
[1, 4, 10, 23, 57, 132, 301, 701, 1636, 3916, 8872, 20295]...: 4313446: ACCEPTED IN 8 TRIES, (AVG 539180.75)
[1, 4, 10, 23, 57, 132, 301, 701, 1636, 3916, 8872, 20298]...: 14055075: ACCEPTED IN 26 TRIES, (AVG 540579.8076923077)
[1, 4, 10, 23, 57, 132, 301, 701, 1636, 3916, 8872, 20323]...: 12431840: ACCEPTED IN 23 TRIES, (AVG 540514.7826086957)
[1, 4, 10, 23, 57, 132, 301, 701, 1636, 3916, 8872, 20325]...: 9726474: ACCEPTED IN 18 TRIES, (AVG 540359.6666666666)
[1, 4, 10, 23, 57, 132, 301, 701, 1636, 3916, 8872, 20327]...: 5936463: ACCEPTED IN 11 TRIES, (AVG 539678.4545454546)
[1, 4, 10, 23, 57, 132, 301, 701, 1636, 3916, 8872, 20328]...: 20007316: ACCEPTED IN 37 TRIES, (AVG 540738.2702702703)
[1, 4, 10, 23, 57, 132, 301, 701, 1636, 3916, 8872, 20329]...: 5938362: ACCEPTED IN 11 TRIES, (AVG 539851.0909090909)
[1, 4, 10, 23, 57, 132, 301, 701, 1636, 3916, 8872, 20358]...: 7018306: ACCEPTED IN 13 TRIES, (AVG 539869.6923076923)
[1, 4, 10, 23, 57, 132, 301, 701, 1636, 3916, 8872, 20360]...: 7018008: ACCEPTED IN 13 TRIES, (AVG 539846.7692307692)
[1, 4, 10, 23, 57, 132, 301, 701, 1636, 3916, 8872, 20361]...: 15678360: ACCEPTED IN 29 TRIES, (AVG 540633.1034482758)
[1, 4, 10, 23, 57, 132, 301, 701, 1636, 3916, 8872, 20362]...: 15137438: ACCEPTED IN 28 TRIES, (AVG 540622.7857142857)
[1, 4, 10, 23, 57, 132, 301, 701, 1636, 3916, 8872, 20390]...: 4315163: ACCEPTED IN 8 TRIES, (AVG 539395.375)
[1, 4, 10, 23, 57, 132, 301, 701, 1636, 3916, 8872, 20393]...: 18924779: ACCEPTED IN 35 TRIES, (AVG 540707.9714285714)
[1, 4, 10, 23, 57, 132, 301, 701, 1636, 3916, 8872, 20394]...: 7561314: ACCEPTED IN 14 TRIES, (AVG 540093.8571428572)
[1, 4, 10, 23, 57, 132, 301, 701, 1636, 3916, 8872, 20397]...: 7561994: ACCEPTED IN 14 TRIES, (AVG 540142.4285714285)
[1, 4, 10, 23, 57, 132, 301, 701, 1636, 3916, 8872, 20427]...: 8102656: ACCEPTED IN 15 TRIES, (AVG 540177.0666666667)
[1, 4, 10, 23, 57, 132, 301, 701, 1636, 3916, 8872, 20428]...: 5938124: ACCEPTED IN 11 TRIES, (AVG 539829.4545454546)
[1, 4, 10, 23, 57, 132, 301, 701, 1636, 3916, 8872, 20429]...: 12971452: ACCEPTED IN 24 TRIES, (AVG 540477.1666666666)
[1, 4, 10, 23, 57, 132, 301, 701, 1636, 3916, 8872, 20430]...: 5397066: ACCEPTED IN 10 TRIES, (AVG 539706.6)
[1, 4, 10, 23, 57, 132, 301, 701, 1636, 3916, 8872, 20457]...: 7560459: ACCEPTED IN 14 TRIES, (AVG 540032.7857142857)
[1, 4, 10, 23, 57, 132, 301, 701, 1636, 3916, 8872, 20460]...: 17842446: ACCEPTED IN 33 TRIES, (AVG 540680.1818181818)
[1, 4, 10, 23, 57, 132, 301, 701, 1636, 3916, 8872, 20461]...: 5937545: ACCEPTED IN 11 TRIES, (AVG 539776.8181818182)
[1, 4, 10, 23, 57, 132, 301, 701, 1636, 3916, 8872, 20464]...: 5397423: ACCEPTED IN 10 TRIES, (AVG 539742.3)
[1, 4, 10, 23, 57, 132, 301, 701, 1636, 3916, 8872, 20492]...: 12432197: ACCEPTED IN 23 TRIES, (AVG 540530.304347826)
[1, 4, 10, 23, 57, 132, 301, 701, 1636, 3916, 8872, 20493]...: 7019278: ACCEPTED IN 13 TRIES, (AVG 539944.4615384615)
[1, 4, 10, 23, 57, 132, 301, 701, 1636, 3916, 8872, 20494]...: 13514567: ACCEPTED IN 25 TRIES, (AVG 540582.68)
[1, 4, 10, 23, 57, 132, 301, 701, 1636, 3916, 8872, 20496]...: 5397287: ACCEPTED IN 10 TRIES, (AVG 539728.7)
[1, 4, 10, 23, 57, 132, 301, 701, 1636, 3916, 8872, 20525]...: 5938242: ACCEPTED IN 11 TRIES, (AVG 539840.1818181818)
[1, 4, 10, 23, 57, 132, 301, 701, 1636, 3916, 8872, 20526]...: 8103066: ACCEPTED IN 15 TRIES, (AVG 540204.4)
[1, 4, 10, 23, 57, 132, 301, 701, 1636, 3916, 8872, 20527]...: 7562033: ACCEPTED IN 14 TRIES, (AVG 540145.2142857143)
[1, 4, 10, 23, 57, 132, 301, 701, 1636, 3916, 8872, 20529]...: 4313768: ACCEPTED IN 8 TRIES, (AVG 539221.0)
[1, 4, 10, 23, 57, 132, 301, 701, 1636, 3916, 8872, 20531]...: 15679129: ACCEPTED IN 29 TRIES, (AVG 540659.6206896552)
[1, 4, 10, 23, 57, 132, 301, 701, 1636, 3916, 8872, 20559]...: 5937367: ACCEPTED IN 11 TRIES, (AVG 539760.6363636364)
[1, 4, 10, 23, 57, 132, 301, 701, 1636, 3916, 8872, 20560]...: 7019940: ACCEPTED IN 13 TRIES, (AVG 539995.3846153846)
[1, 4, 10, 23, 57, 132, 301, 701, 1636, 3916, 8872, 20561]...: 12431792: ACCEPTED IN 23 TRIES, (AVG 540512.695652174)
[1, 4, 10, 23, 57, 132, 301, 701, 1636, 3916, 8872, 20562]...: 5936420: ACCEPTED IN 11 TRIES, (AVG 539674.5454545454)
[1, 4, 10, 23, 57, 132, 301, 701, 1636, 3916, 8872, 20563]...: 5397218: ACCEPTED IN 10 TRIES, (AVG 539721.8)
[1, 4, 10, 23, 57, 132, 301, 701, 1636, 3916, 8872, 20592]...: 13512365: ACCEPTED IN 25 TRIES, (AVG 540494.6)
[1, 4, 10, 23, 57, 132, 301, 701, 1636, 3916, 8872, 20593]...: 7560470: ACCEPTED IN 14 TRIES, (AVG 540033.5714285715)
[1, 4, 10, 23, 57, 132, 301, 701, 1636, 3916, 8872, 20595]...: 12432325: ACCEPTED IN 23 TRIES, (AVG 540535.8695652174)
[1, 4, 10, 23, 57, 132, 301, 701, 1636, 3916, 8872, 20596]...: 6478149: ACCEPTED IN 12 TRIES, (AVG 539845.75)
[1, 4, 10, 23, 57, 132, 301, 701, 1636, 3916, 8872, 20624]...: 7017658: ACCEPTED IN 13 TRIES, (AVG 539819.8461538461)
[1, 4, 10, 23, 57, 132, 301, 701, 1636, 3916, 8872, 20626]...: 12432318: ACCEPTED IN 23 TRIES, (AVG 540535.5652173914)
[1, 4, 10, 23, 57, 132, 301, 701, 1636, 3916, 8872, 20628]...: 5937858: ACCEPTED IN 11 TRIES, (AVG 539805.2727272727)
[1, 4, 10, 23, 57, 132, 301, 701, 1636, 3916, 8872, 20658]...: 7560462: ACCEPTED IN 14 TRIES, (AVG 540033.0)
[1, 4, 10, 23, 57, 132, 301, 701, 1636, 3916, 8872, 20659]...: 15679137: ACCEPTED IN 29 TRIES, (AVG 540659.8965517242)
[1, 4, 10, 23, 57, 132, 301, 701, 1636, 3916, 8872, 20661]...: 5397370: ACCEPTED IN 10 TRIES, (AVG 539737.0)
[1, 4, 10, 23, 57, 132, 301, 701, 1636, 3916, 8872, 20662]...: 5397430: ACCEPTED IN 10 TRIES, (AVG 539743.0)
[1, 4, 10, 23, 57, 132, 301, 701, 1636, 3916, 8872, 20663]...: 7018780: ACCEPTED IN 13 TRIES, (AVG 539906.1538461539)
[1, 4, 10, 23, 57, 132, 301, 701, 1636, 3916, 8872, 20691]...: 7562088: ACCEPTED IN 14 TRIES, (AVG 540149.1428571428)
[1, 4, 10, 23, 57, 132, 301, 701, 1636, 3916, 8872, 20694]...: 7561091: ACCEPTED IN 14 TRIES, (AVG 540077.9285714285)
[1, 4, 10, 23, 57, 132, 301, 701, 1636, 3916, 8872, 20695]...: 5396662: ACCEPTED IN 10 TRIES, (AVG 539666.2)
[1, 4, 10, 23, 57, 132, 301, 701, 1636, 3916, 8872, 20698]...: 7020571: ACCEPTED IN 13 TRIES, (AVG 540043.9230769231)
[1, 4, 10, 23, 57, 132, 301, 701, 1636, 3916, 8872, 20727]...: 7559846: ACCEPTED IN 14 TRIES, (AVG 539989.0)
[1, 4, 10, 23, 57, 132, 301, 701, 1636, 3916, 8872, 20728]...: 7560028: ACCEPTED IN 14 TRIES, (AVG 540002.0)
[1, 4, 10, 23, 57, 132, 301, 701, 1636, 3916, 8872, 20729]...: 12432040: ACCEPTED IN 23 TRIES, (AVG 540523.4782608695)
[1, 4, 10, 23, 57, 132, 301, 701, 1636, 3916, 8872, 20730]...: 5394852: ACCEPTED IN 10 TRIES, (AVG 539485.2)
[1, 4, 10, 23, 57, 132, 301, 701, 1636, 3916, 8872, 20758]...: 4855188: ACCEPTED IN 9 TRIES, (AVG 539465.3333333334)
[1, 4, 10, 23, 57, 132, 301, 701, 1636, 3916, 8872, 20760]...: 5938649: ACCEPTED IN 11 TRIES, (AVG 539877.1818181818)
[1, 4, 10, 23, 57, 132, 301, 701, 1636, 3916, 8872, 20761]...: 13511258: ACCEPTED IN 25 TRIES, (AVG 540450.32)
[1, 4, 10, 23, 57, 132, 301, 701, 1636, 3916, 8872, 20762]...: 12972368: ACCEPTED IN 24 TRIES, (AVG 540515.3333333334)
[1, 4, 10, 23, 57, 132, 301, 701, 1636, 3916, 8872, 20765]...: 11890854: ACCEPTED IN 22 TRIES, (AVG 540493.3636363636)
[1, 4, 10, 23, 57, 132, 301, 701, 1636, 3916, 8872, 20790]...: 6479215: ACCEPTED IN 12 TRIES, (AVG 539934.5833333334)
[1, 4, 10, 23, 57, 132, 301, 701, 1636, 3916, 8872, 20793]...: 7561946: ACCEPTED IN 14 TRIES, (AVG 540139.0)
[1, 4, 10, 23, 57, 132, 301, 701, 1636, 3916, 8872, 20794]...: 13514023: ACCEPTED IN 25 TRIES, (AVG 540560.92)
[1, 4, 10, 23, 57, 132, 301, 701, 1636, 3916, 8872, 20795]...: 8103112: ACCEPTED IN 15 TRIES, (AVG 540207.4666666667)
[1, 4, 10, 23, 57, 132, 301, 701, 1636, 3916, 8872, 20797]...: 5396843: ACCEPTED IN 10 TRIES, (AVG 539684.3)
[1, 4, 10, 23, 57, 132, 301, 701, 1636, 3916, 8872, 20826]...: 7560564: ACCEPTED IN 14 TRIES, (AVG 540040.2857142857)
[1, 4, 10, 23, 57, 132, 301, 701, 1636, 3916, 8872, 20827]...: 7020507: ACCEPTED IN 13 TRIES, (AVG 540039.0)
[1, 4, 10, 23, 57, 132, 301, 701, 1636, 3916, 8872, 20828]...: 10807287: ACCEPTED IN 20 TRIES, (AVG 540364.35)
[1, 4, 10, 23, 57, 132, 301, 701, 1636, 3916, 8872, 20829]...: 5938655: ACCEPTED IN 11 TRIES, (AVG 539877.7272727273)
[1, 4, 10, 23, 57, 132, 301, 701, 1636, 3916, 8872, 20830]...: 12973435: ACCEPTED IN 24 TRIES, (AVG 540559.7916666666)
[1, 4, 10, 23, 57, 132, 301, 701, 1636, 3916, 8872, 20860]...: 4314381: ACCEPTED IN 8 TRIES, (AVG 539297.625)
[1, 4, 10, 23, 57, 132, 301, 701, 1636, 3916, 8872, 20861]...: 5937966: ACCEPTED IN 11 TRIES, (AVG 539815.0909090909)
[1, 4, 10, 23, 57, 132, 301, 701, 1636, 3916, 8872, 20862]...: 7018299: ACCEPTED IN 13 TRIES, (AVG 539869.1538461539)
[1, 4, 10, 23, 57, 132, 301, 701, 1636, 3916, 8872, 20864]...: 9726449: ACCEPTED IN 18 TRIES, (AVG 540358.2777777778)
[1, 4, 10, 23, 57, 132, 301, 701, 1636, 3916, 8872, 20892]...: 10805481: ACCEPTED IN 20 TRIES, (AVG 540274.05)
[1, 4, 10, 23, 57, 132, 301, 701, 1636, 3916, 8872, 20893]...: 7561335: ACCEPTED IN 14 TRIES, (AVG 540095.3571428572)
[1, 4, 10, 23, 57, 132, 301, 701, 1636, 3916, 8872, 20894]...: 6479195: ACCEPTED IN 12 TRIES, (AVG 539932.9166666666)
[1, 4, 10, 23, 57, 132, 301, 701, 1636, 3916, 8872, 20896]...: 7560979: ACCEPTED IN 14 TRIES, (AVG 540069.9285714285)
[1, 4, 10, 23, 57, 132, 301, 701, 1636, 3916, 8872, 20897]...: 12972536: ACCEPTED IN 24 TRIES, (AVG 540522.3333333334)
[1, 4, 10, 23, 57, 132, 301, 701, 1636, 3916, 8872, 20925]...: 18384414: ACCEPTED IN 34 TRIES, (AVG 540718.0588235294)
[1, 4, 10, 23, 57, 132, 301, 701, 1636, 3916, 8872, 20927]...: 18925414: ACCEPTED IN 35 TRIES, (AVG 540726.1142857143)
[1, 4, 10, 23, 57, 132, 301, 701, 1636, 3916, 8872, 20929]...: 4855894: ACCEPTED IN 9 TRIES, (AVG 539543.7777777778)
[1, 4, 10, 23, 57, 132, 301, 701, 1636, 3916, 8872, 20959]...: 8102348: ACCEPTED IN 15 TRIES, (AVG 540156.5333333333)
[1, 4, 10, 23, 57, 132, 301, 701, 1636, 3916, 8872, 20960]...: 7020918: ACCEPTED IN 13 TRIES, (AVG 540070.6153846154)
[1, 4, 10, 23, 57, 132, 301, 701, 1636, 3916, 8872, 20961]...: 12431749: ACCEPTED IN 23 TRIES, (AVG 540510.8260869565)
[1, 4, 10, 23, 57, 132, 301, 701, 1636, 3916, 8872, 20962]...: 7561012: ACCEPTED IN 14 TRIES, (AVG 540072.2857142857)
[1, 4, 10, 23, 57, 132, 301, 701, 1636, 3916, 8872, 20963]...: 7561207: ACCEPTED IN 14 TRIES, (AVG 540086.2142857143)
[1, 4, 10, 23, 57, 132, 301, 701, 1636, 3916, 8872, 20992]...: 5394918: ACCEPTED IN 10 TRIES, (AVG 539491.8)
[1, 4, 10, 23, 57, 132, 301, 701, 1636, 3916, 8872, 20993]...: 7017506: ACCEPTED IN 13 TRIES, (AVG 539808.1538461539)
[1, 4, 10, 23, 57, 132, 301, 701, 1636, 3916, 8872, 20994]...: 18925829: ACCEPTED IN 35 TRIES, (AVG 540737.9714285714)
[1, 4, 10, 23, 57, 132, 301, 701, 1636, 3916, 8872, 20995]...: 13511427: ACCEPTED IN 25 TRIES, (AVG 540457.08)
[1, 4, 10, 23, 57, 132, 301, 701, 1636, 3916, 8872, 20996]...: 7560769: ACCEPTED IN 14 TRIES, (AVG 540054.9285714285)
[1, 4, 10, 23, 57, 132, 301, 701, 1636, 3916, 8872, 20999]...: 6479350: ACCEPTED IN 12 TRIES, (AVG 539945.8333333334)
[1, 4, 10, 23, 57, 132, 301, 701, 1636, 3916, 8872, 21024]...: 7020765: ACCEPTED IN 13 TRIES, (AVG 540058.8461538461)
[1, 4, 10, 23, 57, 132, 301, 701, 1636, 3916, 8872, 21028]...: 7019115: ACCEPTED IN 13 TRIES, (AVG 539931.9230769231)
[1, 4, 10, 23, 57, 132, 301, 701, 1636, 3916, 8872, 21029]...: 5938360: ACCEPTED IN 11 TRIES, (AVG 539850.9090909091)
[1, 4, 10, 23, 57, 132, 301, 701, 1636, 3916, 8872, 21030]...: 29747638: ACCEPTED IN 55 TRIES, (AVG 540866.1454545455)
[1, 4, 10, 23, 57, 132, 301, 701, 1636, 3916, 8872, 21031]...: 12972774: ACCEPTED IN 24 TRIES, (AVG 540532.25)
[1, 4, 10, 23, 57, 132, 301, 701, 1636, 3916, 8872, 21059]...: 7560424: ACCEPTED IN 14 TRIES, (AVG 540030.2857142857)
[1, 4, 10, 23, 57, 132, 301, 701, 1636, 3916, 8872, 21061]...: 8102924: ACCEPTED IN 15 TRIES, (AVG 540194.9333333333)
[1, 4, 10, 23, 57, 132, 301, 701, 1636, 3916, 8872, 21062]...: 5396448: ACCEPTED IN 10 TRIES, (AVG 539644.8)
[1, 4, 10, 23, 57, 132, 301, 701, 1636, 3916, 8872, 21063]...: 8102915: ACCEPTED IN 15 TRIES, (AVG 540194.3333333334)
[1, 4, 10, 23, 57, 132, 301, 701, 1636, 3916, 8872, 21091]...: 5938537: ACCEPTED IN 11 TRIES, (AVG 539867.0)
[1, 4, 10, 23, 57, 132, 301, 701, 1636, 3916, 8872, 21094]...: 7018735: ACCEPTED IN 13 TRIES, (AVG 539902.6923076923)
[1, 4, 10, 23, 57, 132, 301, 701, 1636, 3916, 8872, 21095]...: 5936546: ACCEPTED IN 11 TRIES, (AVG 539686.0)
[1, 4, 10, 23, 57, 132, 301, 701, 1636, 3916, 8872, 21098]...: 8101975: ACCEPTED IN 15 TRIES, (AVG 540131.6666666666)
[1, 4, 10, 23, 57, 132, 301, 701, 1636, 3916, 8872, 21126]...: 7020610: ACCEPTED IN 13 TRIES, (AVG 540046.9230769231)
[1, 4, 10, 23, 57, 132, 301, 701, 1636, 3916, 8872, 21127]...: 8103193: ACCEPTED IN 15 TRIES, (AVG 540212.8666666667)
[1, 4, 10, 23, 57, 132, 301, 701, 1636, 3916, 8872, 21128]...: 5938111: ACCEPTED IN 11 TRIES, (AVG 539828.2727272727)
[1, 4, 10, 23, 57, 132, 301, 701, 1636, 3916, 8872, 21129]...: 5395998: ACCEPTED IN 10 TRIES, (AVG 539599.8)
[1, 4, 10, 23, 57, 132, 301, 701, 1636, 3916, 8872, 21130]...: 10808345: ACCEPTED IN 20 TRIES, (AVG 540417.25)
[1, 4, 10, 23, 57, 132, 301, 701, 1636, 3916, 8872, 21131]...: 7561107: ACCEPTED IN 14 TRIES, (AVG 540079.0714285715)
[1, 4, 10, 23, 57, 132, 301, 701, 1636, 3916, 8872, 21161]...: 15136824: ACCEPTED IN 28 TRIES, (AVG 540600.8571428572)
[1, 4, 10, 23, 57, 132, 301, 701, 1636, 3916, 8872, 21162]...: 5397509: ACCEPTED IN 10 TRIES, (AVG 539750.9)
[1, 4, 10, 23, 57, 132, 301, 701, 1636, 3916, 8872, 21163]...: 7560312: ACCEPTED IN 14 TRIES, (AVG 540022.2857142857)
[1, 4, 10, 23, 57, 132, 301, 701, 1636, 3916, 8872, 21165]...: 10808145: ACCEPTED IN 20 TRIES, (AVG 540407.25)
[1, 4, 10, 23, 57, 132, 301, 701, 1636, 3916, 8872, 21193]...: 15678209: ACCEPTED IN 29 TRIES, (AVG 540627.8965517242)
[1, 4, 10, 23, 57, 132, 301, 701, 1636, 3916, 8872, 21194]...: 8101541: ACCEPTED IN 15 TRIES, (AVG 540102.7333333333)
[1, 4, 10, 23, 57, 132, 301, 701, 1636, 3916, 8872, 21195]...: 10267637: ACCEPTED IN 19 TRIES, (AVG 540401.947368421)
[1, 4, 10, 23, 57, 132, 301, 701, 1636, 3916, 8872, 21197]...: 7018506: ACCEPTED IN 13 TRIES, (AVG 539885.0769230769)
[1, 4, 10, 23, 57, 132, 301, 701, 1636, 3916, 8872, 21226]...: 11348038: ACCEPTED IN 21 TRIES, (AVG 540382.7619047619)
[1, 4, 10, 23, 57, 132, 301, 701, 1636, 3916, 8872, 21227]...: 5396198: ACCEPTED IN 10 TRIES, (AVG 539619.8)
[1, 4, 10, 23, 57, 132, 301, 701, 1636, 3916, 8872, 21228]...: 15676450: ACCEPTED IN 29 TRIES, (AVG 540567.2413793104)
[1, 4, 10, 23, 57, 132, 301, 701, 1636, 3916, 8872, 21230]...: 5397342: ACCEPTED IN 10 TRIES, (AVG 539734.2)
[1, 4, 10, 23, 57, 132, 301, 701, 1636, 3916, 8872, 21258]...: 5938427: ACCEPTED IN 11 TRIES, (AVG 539857.0)
[1, 4, 10, 23, 57, 132, 301, 701, 1636, 3916, 8872, 21260]...: 15678112: ACCEPTED IN 29 TRIES, (AVG 540624.551724138)
[1, 4, 10, 23, 57, 132, 301, 701, 1636, 3916, 8872, 21261]...: 8102414: ACCEPTED IN 15 TRIES, (AVG 540160.9333333333)
[1, 4, 10, 23, 57, 132, 301, 701, 1636, 3916, 8872, 21262]...: 10808881: ACCEPTED IN 20 TRIES, (AVG 540444.05)
[1, 4, 10, 23, 57, 132, 301, 701, 1636, 3916, 8872, 21263]...: 14054643: ACCEPTED IN 26 TRIES, (AVG 540563.1923076923)
[1, 4, 10, 23, 57, 132, 301, 701, 1636, 3916, 8872, 21264]...: 13513589: ACCEPTED IN 25 TRIES, (AVG 540543.56)
