[1, 4, 10, 23, 57, 132, 301, 701, 1636, 3916, 8649, 19085]...: 1616044: ACCEPTED IN 3 TRIES, (AVG 538681.3333333334)
[1, 4, 10, 23, 57, 132, 301, 701, 1636, 3916, 8649, 19217]...: 1616365: ACCEPTED IN 3 TRIES, (AVG 538788.3333333334)
[1, 4, 10, 23, 57, 132, 301, 701, 1636, 3916, 8649, 19249]...: 1076391: ACCEPTED IN 2 TRIES, (AVG 538195.5)
[1, 4, 10, 23, 57, 132, 301, 701, 1636, 3916, 8649, 19815]...: 1076571: ACCEPTED IN 2 TRIES, (AVG 538285.5)
[1, 4, 10, 23, 57, 132, 301, 701, 1636, 3916, 8649, 19818]...: 2154858: ACCEPTED IN 4 TRIES, (AVG 538714.5)
[1, 4, 10, 23, 57, 132, 301, 701, 1636, 3916, 8649, 19848]...: 536807: ACCEPTED IN 1 TRIES, (AVG 536807.0)
[1, 4, 10, 23, 57, 132, 301, 701, 1636, 3916, 8649, 19883]...: 1075410: ACCEPTED IN 2 TRIES, (AVG 537705.0)
[1, 4, 10, 23, 57, 132, 301, 701, 1636, 3916, 8649, 19948]...: 537575: ACCEPTED IN 1 TRIES, (AVG 537575.0)
[1, 4, 10, 23, 57, 132, 301, 701, 1636, 3916, 8649, 19986]...: 1616407: ACCEPTED IN 3 TRIES, (AVG 538802.3333333334)
[1, 4, 10, 23, 57, 132, 301, 701, 1636, 3916, 8649, 20017]...: 1616170: ACCEPTED IN 3 TRIES, (AVG 538723.3333333334)
[1, 4, 10, 23, 57, 132, 301, 701, 1636, 3916, 8649, 20089]...: 537468: ACCEPTED IN 1 TRIES, (AVG 537468.0)
[1, 4, 10, 23, 57, 132, 301, 701, 1636, 3916, 8649, 20116]...: 1075991: ACCEPTED IN 2 TRIES, (AVG 537995.5)
[1, 4, 10, 23, 57, 132, 301, 701, 1636, 3916, 8649, 20119]...: 1076872: ACCEPTED IN 2 TRIES, (AVG 538436.0)
[1, 4, 10, 23, 57, 132, 301, 701, 1636, 3916, 8649, 20159]...: 2155738: ACCEPTED IN 4 TRIES, (AVG 538934.5)
[1, 4, 10, 23, 57, 132, 301, 701, 1636, 3916, 8649, 20184]...: 1074373: ACCEPTED IN 2 TRIES, (AVG 537186.5)
[1, 4, 10, 23, 57, 132, 301, 701, 1636, 3916, 8649, 20186]...: 537286: ACCEPTED IN 1 TRIES, (AVG 537286.0)
[1, 4, 10, 23, 57, 132, 301, 701, 1636, 3916, 8649, 20189]...: 1076495: ACCEPTED IN 2 TRIES, (AVG 538247.5)
[1, 4, 10, 23, 57, 132, 301, 701, 1636, 3916, 8649, 20223]...: 537073: ACCEPTED IN 1 TRIES, (AVG 537073.0)
[1, 4, 10, 23, 57, 132, 301, 701, 1636, 3916, 8649, 20224]...: 536368: ACCEPTED IN 1 TRIES, (AVG 536368.0)
[1, 4, 10, 23, 57, 132, 301, 701, 1636, 3916, 8649, 20251]...: 1616548: ACCEPTED IN 3 TRIES, (AVG 538849.3333333334)
[1, 4, 10, 23, 57, 132, 301, 701, 1636, 3916, 8649, 20292]...: 1076611: ACCEPTED IN 2 TRIES, (AVG 538305.5)
[1, 4, 10, 23, 57, 132, 301, 701, 1636, 3916, 8649, 20321]...: 537186: ACCEPTED IN 1 TRIES, (AVG 537186.0)
[1, 4, 10, 23, 57, 132, 301, 701, 1636, 3916, 8649, 20359]...: 1076566: ACCEPTED IN 2 TRIES, (AVG 538283.0)
[1, 4, 10, 23, 57, 132, 301, 701, 1636, 3916, 8649, 20417]...: 1076996: ACCEPTED IN 2 TRIES, (AVG 538498.0)
[1, 4, 10, 23, 57, 132, 301, 701, 1636, 3916, 8649, 20481]...: 537375: ACCEPTED IN 1 TRIES, (AVG 537375.0)
[1, 4, 10, 23, 57, 132, 301, 701, 1636, 3916, 8649, 20485]...: 1076824: ACCEPTED IN 2 TRIES, (AVG 538412.0)
[1, 4, 10, 23, 57, 132, 301, 701, 1636, 3916, 8649, 20592]...: 536832: ACCEPTED IN 1 TRIES, (AVG 536832.0)
[1, 4, 10, 23, 57, 132, 301, 701, 1636, 3916, 8649, 20623]...: 537391: ACCEPTED IN 1 TRIES, (AVG 537391.0)
