[1, 4, 10, 23, 57, 132, 301, 701, 1636, 3916, 9201, 20249]...: 11890041: ACCEPTED IN 22 TRIES, (AVG 540456.4090909091)
[1, 4, 10, 23, 57, 132, 301, 701, 1636, 3916, 9201, 20253]...: 10266313: ACCEPTED IN 19 TRIES, (AVG 540332.2631578947)
[1, 4, 10, 23, 57, 132, 301, 701, 1636, 3916, 9201, 20257]...: 10808768: ACCEPTED IN 20 TRIES, (AVG 540438.4)
[1, 4, 10, 23, 57, 132, 301, 701, 1636, 3916, 9201, 20283]...: 8103203: ACCEPTED IN 15 TRIES, (AVG 540213.5333333333)
[1, 4, 10, 23, 57, 132, 301, 701, 1636, 3916, 9201, 20290]...: 9185349: ACCEPTED IN 17 TRIES, (AVG 540314.6470588235)
[1, 4, 10, 23, 57, 132, 301, 701, 1636, 3916, 9201, 20294]...: 11890721: ACCEPTED IN 22 TRIES, (AVG 540487.3181818182)
[1, 4, 10, 23, 57, 132, 301, 701, 1636, 3916, 9201, 20315]...: 13513037: ACCEPTED IN 25 TRIES, (AVG 540521.48)
[1, 4, 10, 23, 57, 132, 301, 701, 1636, 3916, 9201, 20347]...: 22172304: ACCEPTED IN 41 TRIES, (AVG 540787.9024390244)
[1, 4, 10, 23, 57, 132, 301, 701, 1636, 3916, 9201, 20352]...: 8642815: ACCEPTED IN 16 TRIES, (AVG 540175.9375)
[1, 4, 10, 23, 57, 132, 301, 701, 1636, 3916, 9201, 20381]...: 13514048: ACCEPTED IN 25 TRIES, (AVG 540561.92)
[1, 4, 10, 23, 57, 132, 301, 701, 1636, 3916, 9201, 20382]...: 6478767: ACCEPTED IN 12 TRIES, (AVG 539897.25)
[1, 4, 10, 23, 57, 132, 301, 701, 1636, 3916, 9201, 20385]...: 11349159: ACCEPTED IN 21 TRIES, (AVG 540436.1428571428)
[1, 4, 10, 23, 57, 132, 301, 701, 1636, 3916, 9201, 20389]...: 10265239: ACCEPTED IN 19 TRIES, (AVG 540275.7368421053)
[1, 4, 10, 23, 57, 132, 301, 701, 1636, 3916, 9201, 20414]...: 10808210: ACCEPTED IN 20 TRIES, (AVG 540410.5)
[1, 4, 10, 23, 57, 132, 301, 701, 1636, 3916, 9201, 20422]...: 15678429: ACCEPTED IN 29 TRIES, (AVG 540635.4827586206)
[1, 4, 10, 23, 57, 132, 301, 701, 1636, 3916, 9201, 20426]...: 10267782: ACCEPTED IN 19 TRIES, (AVG 540409.5789473684)
[1, 4, 10, 23, 57, 132, 301, 701, 1636, 3916, 9201, 20484]...: 9724136: ACCEPTED IN 18 TRIES, (AVG 540229.7777777778)
[1, 4, 10, 23, 57, 132, 301, 701, 1636, 3916, 9201, 20513]...: 9726562: ACCEPTED IN 18 TRIES, (AVG 540364.5555555555)
[1, 4, 10, 23, 57, 132, 301, 701, 1636, 3916, 9201, 20516]...: 11347481: ACCEPTED IN 21 TRIES, (AVG 540356.2380952381)
[1, 4, 10, 23, 57, 132, 301, 701, 1636, 3916, 9201, 20517]...: 10267228: ACCEPTED IN 19 TRIES, (AVG 540380.4210526316)
[1, 4, 10, 23, 57, 132, 301, 701, 1636, 3916, 9201, 20521]...: 14053130: ACCEPTED IN 26 TRIES, (AVG 540505.0)
[1, 4, 10, 23, 57, 132, 301, 701, 1636, 3916, 9201, 20554]...: 12430875: ACCEPTED IN 23 TRIES, (AVG 540472.8260869565)
[1, 4, 10, 23, 57, 132, 301, 701, 1636, 3916, 9201, 20558]...: 3773932: ACCEPTED IN 7 TRIES, (AVG 539133.1428571428)
[1, 4, 10, 23, 57, 132, 301, 701, 1636, 3916, 9201, 20584]...: 14055456: ACCEPTED IN 26 TRIES, (AVG 540594.4615384615)
[1, 4, 10, 23, 57, 132, 301, 701, 1636, 3916, 9201, 20615]...: 10264520: ACCEPTED IN 19 TRIES, (AVG 540237.8947368421)
[1, 4, 10, 23, 57, 132, 301, 701, 1636, 3916, 9201, 20616]...: 6479183: ACCEPTED IN 12 TRIES, (AVG 539931.9166666666)
[1, 4, 10, 23, 57, 132, 301, 701, 1636, 3916, 9201, 20648]...: 8101141: ACCEPTED IN 15 TRIES, (AVG 540076.0666666667)
[1, 4, 10, 23, 57, 132, 301, 701, 1636, 3916, 9201, 20653]...: 10262880: ACCEPTED IN 19 TRIES, (AVG 540151.5789473684)
[1, 4, 10, 23, 57, 132, 301, 701, 1636, 3916, 9201, 20683]...: 8642176: ACCEPTED IN 16 TRIES, (AVG 540136.0)
[1, 4, 10, 23, 57, 132, 301, 701, 1636, 3916, 9201, 20686]...: 11349542: ACCEPTED IN 21 TRIES, (AVG 540454.380952381)
[1, 4, 10, 23, 57, 132, 301, 701, 1636, 3916, 9201, 20690]...: 14055569: ACCEPTED IN 26 TRIES, (AVG 540598.8076923077)
[1, 4, 10, 23, 57, 132, 301, 701, 1636, 3916, 9201, 20715]...: 10267381: ACCEPTED IN 19 TRIES, (AVG 540388.4736842106)
[1, 4, 10, 23, 57, 132, 301, 701, 1636, 3916, 9201, 20716]...: 14055661: ACCEPTED IN 26 TRIES, (AVG 540602.3461538461)
[1, 4, 10, 23, 57, 132, 301, 701, 1636, 3916, 9201, 20727]...: 10267338: ACCEPTED IN 19 TRIES, (AVG 540386.2105263158)
[1, 4, 10, 23, 57, 132, 301, 701, 1636, 3916, 9201, 20747]...: 10265157: ACCEPTED IN 19 TRIES, (AVG 540271.4210526316)
[1, 4, 10, 23, 57, 132, 301, 701, 1636, 3916, 9201, 20785]...: 7561080: ACCEPTED IN 14 TRIES, (AVG 540077.1428571428)
[1, 4, 10, 23, 57, 132, 301, 701, 1636, 3916, 9201, 20814]...: 11350032: ACCEPTED IN 21 TRIES, (AVG 540477.7142857143)
[1, 4, 10, 23, 57, 132, 301, 701, 1636, 3916, 9201, 20817]...: 4315106: ACCEPTED IN 8 TRIES, (AVG 539388.25)
[1, 4, 10, 23, 57, 132, 301, 701, 1636, 3916, 9201, 20818]...: 4856034: ACCEPTED IN 9 TRIES, (AVG 539559.3333333334)
[1, 4, 10, 23, 57, 132, 301, 701, 1636, 3916, 9201, 20822]...: 8644098: ACCEPTED IN 16 TRIES, (AVG 540256.125)
[1, 4, 10, 23, 57, 132, 301, 701, 1636, 3916, 9201, 20859]...: 3772269: ACCEPTED IN 7 TRIES, (AVG 538895.5714285715)
[1, 4, 10, 23, 57, 132, 301, 701, 1636, 3916, 9201, 20916]...: 10267458: ACCEPTED IN 19 TRIES, (AVG 540392.5263157894)
[1, 4, 10, 23, 57, 132, 301, 701, 1636, 3916, 9201, 20917]...: 11349923: ACCEPTED IN 21 TRIES, (AVG 540472.5238095238)
[1, 4, 10, 23, 57, 132, 301, 701, 1636, 3916, 9201, 20949]...: 86026179: ACCEPTED IN 159 TRIES, (AVG 541045.1509433963)
[1, 4, 10, 23, 57, 132, 301, 701, 1636, 3916, 9201, 20950]...: 11349501: ACCEPTED IN 21 TRIES, (AVG 540452.4285714285)
[1, 4, 10, 23, 57, 132, 301, 701, 1636, 3916, 9201, 20954]...: 9726413: ACCEPTED IN 18 TRIES, (AVG 540356.2777777778)
[1, 4, 10, 23, 57, 132, 301, 701, 1636, 3916, 9201, 20984]...: 11349640: ACCEPTED IN 21 TRIES, (AVG 540459.0476190476)
[1, 4, 10, 23, 57, 132, 301, 701, 1636, 3916, 9201, 20991]...: 11349166: ACCEPTED IN 21 TRIES, (AVG 540436.4761904762)
[1, 4, 10, 23, 57, 132, 301, 701, 1636, 3916, 9201, 21016]...: 3773986: ACCEPTED IN 7 TRIES, (AVG 539140.8571428572)
[1, 4, 10, 23, 57, 132, 301, 701, 1636, 3916, 9201, 21048]...: 14054091: ACCEPTED IN 26 TRIES, (AVG 540541.9615384615)
[1, 4, 10, 23, 57, 132, 301, 701, 1636, 3916, 9201, 21083]...: 9724855: ACCEPTED IN 18 TRIES, (AVG 540269.7222222222)
[1, 4, 10, 23, 57, 132, 301, 701, 1636, 3916, 9201, 21086]...: 4314452: ACCEPTED IN 8 TRIES, (AVG 539306.5)
[1, 4, 10, 23, 57, 132, 301, 701, 1636, 3916, 9201, 21115]...: 9184593: ACCEPTED IN 17 TRIES, (AVG 540270.1764705882)
[1, 4, 10, 23, 57, 132, 301, 701, 1636, 3916, 9201, 21123]...: 10266921: ACCEPTED IN 19 TRIES, (AVG 540364.2631578947)
[1, 4, 10, 23, 57, 132, 301, 701, 1636, 3916, 9201, 21215]...: 9184927: ACCEPTED IN 17 TRIES, (AVG 540289.8235294118)
[1, 4, 10, 23, 57, 132, 301, 701, 1636, 3916, 9201, 21217]...: 9726170: ACCEPTED IN 18 TRIES, (AVG 540342.7777777778)
[1, 4, 10, 23, 57, 132, 301, 701, 1636, 3916, 9201, 21218]...: 11889001: ACCEPTED IN 22 TRIES, (AVG 540409.1363636364)
[1, 4, 10, 23, 57, 132, 301, 701, 1636, 3916, 9201, 21255]...: 4314156: ACCEPTED IN 8 TRIES, (AVG 539269.5)
[1, 4, 10, 23, 57, 132, 301, 701, 1636, 3916, 9201, 21285]...: 8102624: ACCEPTED IN 15 TRIES, (AVG 540174.9333333333)
[1, 4, 10, 23, 57, 132, 301, 701, 1636, 3916, 9201, 21316]...: 6479314: ACCEPTED IN 12 TRIES, (AVG 539942.8333333334)
[1, 4, 10, 23, 57, 132, 301, 701, 1636, 3916, 9201, 21317]...: 8102969: ACCEPTED IN 15 TRIES, (AVG 540197.9333333333)
[1, 4, 10, 23, 57, 132, 301, 701, 1636, 3916, 9201, 21349]...: 7560580: ACCEPTED IN 14 TRIES, (AVG 540041.4285714285)
[1, 4, 10, 23, 57, 132, 301, 701, 1636, 3916, 9201, 21384]...: 7560357: ACCEPTED IN 14 TRIES, (AVG 540025.5)
[1, 4, 10, 23, 57, 132, 301, 701, 1636, 3916, 9201, 21387]...: 5938141: ACCEPTED IN 11 TRIES, (AVG 539831.0)
[1, 4, 10, 23, 57, 132, 301, 701, 1636, 3916, 9201, 21416]...: 9724739: ACCEPTED IN 18 TRIES, (AVG 540263.2777777778)
[1, 4, 10, 23, 57, 132, 301, 701, 1636, 3916, 9201, 21417]...: 9726568: ACCEPTED IN 18 TRIES, (AVG 540364.8888888889)
[1, 4, 10, 23, 57, 132, 301, 701, 1636, 3916, 9201, 21448]...: 15136066: ACCEPTED IN 28 TRIES, (AVG 540573.7857142857)
[1, 4, 10, 23, 57, 132, 301, 701, 1636, 3916, 9201, 21516]...: 8102932: ACCEPTED IN 15 TRIES, (AVG 540195.4666666667)
[1, 4, 10, 23, 57, 132, 301, 701, 1636, 3916, 9201, 21518]...: 5397421: ACCEPTED IN 10 TRIES, (AVG 539742.1)
[1, 4, 10, 23, 57, 132, 301, 701, 1636, 3916, 9201, 21519]...: 4314807: ACCEPTED IN 8 TRIES, (AVG 539350.875)
[1, 4, 10, 23, 57, 132, 301, 701, 1636, 3916, 9201, 21550]...: 9724246: ACCEPTED IN 18 TRIES, (AVG 540235.8888888889)
[1, 4, 10, 23, 57, 132, 301, 701, 1636, 3916, 9201, 21618]...: 9185250: ACCEPTED IN 17 TRIES, (AVG 540308.8235294118)
[1, 4, 10, 23, 57, 132, 301, 701, 1636, 3916, 9201, 21650]...: 11890661: ACCEPTED IN 22 TRIES, (AVG 540484.5909090909)
[1, 4, 10, 23, 57, 132, 301, 701, 1636, 3916, 9201, 21651]...: 4314687: ACCEPTED IN 8 TRIES, (AVG 539335.875)
[1, 4, 10, 23, 57, 132, 301, 701, 1636, 3916, 9201, 21682]...: 8103126: ACCEPTED IN 15 TRIES, (AVG 540208.4)
[1, 4, 10, 23, 57, 132, 301, 701, 1636, 3916, 9201, 21685]...: 13514089: ACCEPTED IN 25 TRIES, (AVG 540563.56)
[1, 4, 10, 23, 57, 132, 301, 701, 1636, 3916, 9201, 21717]...: 5396972: ACCEPTED IN 10 TRIES, (AVG 539697.2)
[1, 4, 10, 23, 57, 132, 301, 701, 1636, 3916, 9201, 21749]...: 7559114: ACCEPTED IN 14 TRIES, (AVG 539936.7142857143)
[1, 4, 10, 23, 57, 132, 301, 701, 1636, 3916, 9201, 21784]...: 9722921: ACCEPTED IN 18 TRIES, (AVG 540162.2777777778)
[1, 4, 10, 23, 57, 132, 301, 701, 1636, 3916, 9201, 21817]...: 7560473: ACCEPTED IN 14 TRIES, (AVG 540033.7857142857)
[1, 4, 10, 23, 57, 132, 301, 701, 1636, 3916, 9201, 21851]...: 10265520: ACCEPTED IN 19 TRIES, (AVG 540290.5263157894)
[1, 4, 10, 23, 57, 132, 301, 701, 1636, 3916, 9201, 21916]...: 9184018: ACCEPTED IN 17 TRIES, (AVG 540236.3529411765)
[1, 4, 10, 23, 57, 132, 301, 701, 1636, 3916, 9201, 21919]...: 9184961: ACCEPTED IN 17 TRIES, (AVG 540291.8235294118)
[1, 4, 10, 23, 57, 132, 301, 701, 1636, 3916, 9201, 21983]...: 7561087: ACCEPTED IN 14 TRIES, (AVG 540077.6428571428)
[1, 4, 10, 23, 57, 132, 301, 701, 1636, 3916, 9201, 21986]...: 4313711: ACCEPTED IN 8 TRIES, (AVG 539213.875)
[1, 4, 10, 23, 57, 132, 301, 701, 1636, 3916, 9201, 22017]...: 6478220: ACCEPTED IN 12 TRIES, (AVG 539851.6666666666)
[1, 4, 10, 23, 57, 132, 301, 701, 1636, 3916, 9201, 22018]...: 9724821: ACCEPTED IN 18 TRIES, (AVG 540267.8333333334)
[1, 4, 10, 23, 57, 132, 301, 701, 1636, 3916, 9201, 22050]...: 7559889: ACCEPTED IN 14 TRIES, (AVG 539992.0714285715)
