[1, 4, 10, 23, 57, 132, 301, 701, 1636, 3628, 8131, 18441]...: 74121657: ACCEPTED IN 137 TRIES, (AVG 541033.99270073)
[1, 4, 10, 23, 57, 132, 301, 701, 1636, 3628, 8131, 18475]...: 40030269: ACCEPTED IN 74 TRIES, (AVG 540949.5810810811)
[1, 4, 10, 23, 57, 132, 301, 701, 1636, 3628, 8131, 18607]...: 66004156: ACCEPTED IN 122 TRIES, (AVG 541017.6721311476)
[1, 4, 10, 23, 57, 132, 301, 701, 1636, 3628, 8131, 18776]...: 19464358: ACCEPTED IN 36 TRIES, (AVG 540676.6111111111)
[1, 4, 10, 23, 57, 132, 301, 701, 1636, 3628, 8131, 18841]...: 7561636: ACCEPTED IN 14 TRIES, (AVG 540116.8571428572)
[1, 4, 10, 23, 57, 132, 301, 701, 1636, 3628, 8131, 18908]...: 38945570: ACCEPTED IN 72 TRIES, (AVG 540910.6944444445)
[1, 4, 10, 23, 57, 132, 301, 701, 1636, 3628, 8131, 19010]...: 11891157: ACCEPTED IN 22 TRIES, (AVG 540507.1363636364)
[1, 4, 10, 23, 57, 132, 301, 701, 1636, 3628, 8131, 19142]...: 16220239: ACCEPTED IN 30 TRIES, (AVG 540674.6333333333)
[1, 4, 10, 23, 57, 132, 301, 701, 1636, 3628, 8131, 19176]...: 18925397: ACCEPTED IN 35 TRIES, (AVG 540725.6285714286)
[1, 4, 10, 23, 57, 132, 301, 701, 1636, 3628, 8131, 19308]...: 9725580: ACCEPTED IN 18 TRIES, (AVG 540310.0)
[1, 4, 10, 23, 57, 132, 301, 701, 1636, 3628, 8131, 19410]...: 21629957: ACCEPTED IN 40 TRIES, (AVG 540748.925)
[1, 4, 10, 23, 57, 132, 301, 701, 1636, 3628, 8131, 19477]...: 8103053: ACCEPTED IN 15 TRIES, (AVG 540203.5333333333)
