[1, 4, 10, 23, 57, 132, 301, 701, 1636, 3757, 8497, 18939]...: 93061590: ACCEPTED IN 172 TRIES, (AVG 541055.7558139535)
[1, 4, 10, 23, 57, 132, 301, 701, 1636, 3757, 8497, 18955]...: 9726410: ACCEPTED IN 18 TRIES, (AVG 540356.1111111111)
[1, 4, 10, 23, 57, 132, 301, 701, 1636, 3757, 8497, 19022]...: 29748082: ACCEPTED IN 55 TRIES, (AVG 540874.2181818181)
[1, 4, 10, 23, 57, 132, 301, 701, 1636, 3757, 8497, 19105]...: 35159286: ACCEPTED IN 65 TRIES, (AVG 540912.0923076923)
[1, 4, 10, 23, 57, 132, 301, 701, 1636, 3757, 8497, 19173]...: 34618230: ACCEPTED IN 64 TRIES, (AVG 540909.84375)
[1, 4, 10, 23, 57, 132, 301, 701, 1636, 3757, 8497, 19189]...: 35698845: ACCEPTED IN 66 TRIES, (AVG 540891.5909090909)
[1, 4, 10, 23, 57, 132, 301, 701, 1636, 3757, 8497, 19256]...: 33536183: ACCEPTED IN 62 TRIES, (AVG 540906.1774193548)
[1, 4, 10, 23, 57, 132, 301, 701, 1636, 3757, 8497, 19323]...: 19467118: ACCEPTED IN 36 TRIES, (AVG 540753.2777777778)
[1, 4, 10, 23, 57, 132, 301, 701, 1636, 3757, 8497, 19339]...: 12431630: ACCEPTED IN 23 TRIES, (AVG 540505.6521739131)
[1, 4, 10, 23, 57, 132, 301, 701, 1636, 3757, 8497, 19406]...: 30288836: ACCEPTED IN 56 TRIES, (AVG 540872.0714285715)
[1, 4, 10, 23, 57, 132, 301, 701, 1636, 3757, 8497, 19422]...: 15678735: ACCEPTED IN 29 TRIES, (AVG 540646.0344827586)
[1, 4, 10, 23, 57, 132, 301, 701, 1636, 3757, 8497, 19490]...: 38406611: ACCEPTED IN 71 TRIES, (AVG 540938.1830985915)
[1, 4, 10, 23, 57, 132, 301, 701, 1636, 3757, 8497, 19557]...: 24336605: ACCEPTED IN 45 TRIES, (AVG 540813.4444444445)
[1, 4, 10, 23, 57, 132, 301, 701, 1636, 3757, 8497, 19573]...: 11889433: ACCEPTED IN 22 TRIES, (AVG 540428.7727272727)
[1, 4, 10, 23, 57, 132, 301, 701, 1636, 3757, 8497, 19640]...: 14052511: ACCEPTED IN 26 TRIES, (AVG 540481.1923076923)
[1, 4, 10, 23, 57, 132, 301, 701, 1636, 3757, 8497, 19656]...: 34618535: ACCEPTED IN 64 TRIES, (AVG 540914.609375)
[1, 4, 10, 23, 57, 132, 301, 701, 1636, 3757, 8497, 19723]...: 29206931: ACCEPTED IN 54 TRIES, (AVG 540869.0925925926)
[1, 4, 10, 23, 57, 132, 301, 701, 1636, 3757, 8497, 19791]...: 14595956: ACCEPTED IN 27 TRIES, (AVG 540590.9629629629)
[1, 4, 10, 23, 57, 132, 301, 701, 1636, 3757, 8497, 19874]...: 14596731: ACCEPTED IN 27 TRIES, (AVG 540619.6666666666)
[1, 4, 10, 23, 57, 132, 301, 701, 1636, 3757, 8497, 19890]...: 40571343: ACCEPTED IN 75 TRIES, (AVG 540951.24)
[1, 4, 10, 23, 57, 132, 301, 701, 1636, 3757, 8497, 19957]...: 15136571: ACCEPTED IN 28 TRIES, (AVG 540591.8214285715)
[1, 4, 10, 23, 57, 132, 301, 701, 1636, 3757, 8497, 20024]...: 15679067: ACCEPTED IN 29 TRIES, (AVG 540657.4827586206)
[1, 4, 10, 23, 57, 132, 301, 701, 1636, 3757, 8497, 20040]...: 15137170: ACCEPTED IN 28 TRIES, (AVG 540613.2142857143)
[1, 4, 10, 23, 57, 132, 301, 701, 1636, 3757, 8497, 20191]...: 25959544: ACCEPTED IN 48 TRIES, (AVG 540823.8333333334)
[1, 4, 10, 23, 57, 132, 301, 701, 1636, 3757, 8497, 20258]...: 16219381: ACCEPTED IN 30 TRIES, (AVG 540646.0333333333)
[1, 4, 10, 23, 57, 132, 301, 701, 1636, 3757, 8497, 20274]...: 10808877: ACCEPTED IN 20 TRIES, (AVG 540443.85)
[1, 4, 10, 23, 57, 132, 301, 701, 1636, 3757, 8497, 20341]...: 15138030: ACCEPTED IN 28 TRIES, (AVG 540643.9285714285)
[1, 4, 10, 23, 57, 132, 301, 701, 1636, 3757, 8497, 20357]...: 15678543: ACCEPTED IN 29 TRIES, (AVG 540639.4137931034)
