[1, 4, 10, 23, 57, 132, 301, 701, 1654, 3921, 8869, 19522]...: 11346488: ACCEPTED IN 21 TRIES, (AVG 540308.9523809524)
[1, 4, 10, 23, 57, 132, 301, 701, 1654, 3921, 8869, 19526]...: 12971555: ACCEPTED IN 24 TRIES, (AVG 540481.4583333334)
[1, 4, 10, 23, 57, 132, 301, 701, 1654, 3921, 8869, 19556]...: 7019582: ACCEPTED IN 13 TRIES, (AVG 539967.8461538461)
[1, 4, 10, 23, 57, 132, 301, 701, 1654, 3921, 8869, 19563]...: 6476030: ACCEPTED IN 12 TRIES, (AVG 539669.1666666666)
[1, 4, 10, 23, 57, 132, 301, 701, 1654, 3921, 8869, 19593]...: 6478695: ACCEPTED IN 12 TRIES, (AVG 539891.25)
[1, 4, 10, 23, 57, 132, 301, 701, 1654, 3921, 8869, 19597]...: 7561794: ACCEPTED IN 14 TRIES, (AVG 540128.1428571428)
[1, 4, 10, 23, 57, 132, 301, 701, 1654, 3921, 8869, 19630]...: 4855057: ACCEPTED IN 9 TRIES, (AVG 539450.7777777778)
[1, 4, 10, 23, 57, 132, 301, 701, 1654, 3921, 8869, 19634]...: 8102275: ACCEPTED IN 15 TRIES, (AVG 540151.6666666666)
[1, 4, 10, 23, 57, 132, 301, 701, 1654, 3921, 8869, 19654]...: 5396860: ACCEPTED IN 10 TRIES, (AVG 539686.0)
[1, 4, 10, 23, 57, 132, 301, 701, 1654, 3921, 8869, 19658]...: 11889853: ACCEPTED IN 22 TRIES, (AVG 540447.8636363636)
[1, 4, 10, 23, 57, 132, 301, 701, 1654, 3921, 8869, 19688]...: 6479459: ACCEPTED IN 12 TRIES, (AVG 539954.9166666666)
[1, 4, 10, 23, 57, 132, 301, 701, 1654, 3921, 8869, 19695]...: 6478845: ACCEPTED IN 12 TRIES, (AVG 539903.75)
[1, 4, 10, 23, 57, 132, 301, 701, 1654, 3921, 8869, 19725]...: 10265576: ACCEPTED IN 19 TRIES, (AVG 540293.4736842106)
[1, 4, 10, 23, 57, 132, 301, 701, 1654, 3921, 8869, 19729]...: 8102856: ACCEPTED IN 15 TRIES, (AVG 540190.4)
[1, 4, 10, 23, 57, 132, 301, 701, 1654, 3921, 8869, 19762]...: 7560394: ACCEPTED IN 14 TRIES, (AVG 540028.1428571428)
[1, 4, 10, 23, 57, 132, 301, 701, 1654, 3921, 8869, 19766]...: 4855093: ACCEPTED IN 9 TRIES, (AVG 539454.7777777778)
[1, 4, 10, 23, 57, 132, 301, 701, 1654, 3921, 8869, 19790]...: 9184591: ACCEPTED IN 17 TRIES, (AVG 540270.0588235294)
[1, 4, 10, 23, 57, 132, 301, 701, 1654, 3921, 8869, 19820]...: 4855604: ACCEPTED IN 9 TRIES, (AVG 539511.5555555555)
[1, 4, 10, 23, 57, 132, 301, 701, 1654, 3921, 8869, 19827]...: 4315275: ACCEPTED IN 8 TRIES, (AVG 539409.375)
[1, 4, 10, 23, 57, 132, 301, 701, 1654, 3921, 8869, 19857]...: 14055157: ACCEPTED IN 26 TRIES, (AVG 540582.9615384615)
[1, 4, 10, 23, 57, 132, 301, 701, 1654, 3921, 8869, 19861]...: 12429998: ACCEPTED IN 23 TRIES, (AVG 540434.695652174)
[1, 4, 10, 23, 57, 132, 301, 701, 1654, 3921, 8869, 19894]...: 8102590: ACCEPTED IN 15 TRIES, (AVG 540172.6666666666)
[1, 4, 10, 23, 57, 132, 301, 701, 1654, 3921, 8869, 19898]...: 13510642: ACCEPTED IN 25 TRIES, (AVG 540425.68)
[1, 4, 10, 23, 57, 132, 301, 701, 1654, 3921, 8869, 19922]...: 12429266: ACCEPTED IN 23 TRIES, (AVG 540402.8695652174)
[1, 4, 10, 23, 57, 132, 301, 701, 1654, 3921, 8869, 19931]...: 9726473: ACCEPTED IN 18 TRIES, (AVG 540359.6111111111)
[1, 4, 10, 23, 57, 132, 301, 701, 1654, 3921, 8869, 19935]...: 8102140: ACCEPTED IN 15 TRIES, (AVG 540142.6666666666)
[1, 4, 10, 23, 57, 132, 301, 701, 1654, 3921, 8869, 19952]...: 7019842: ACCEPTED IN 13 TRIES, (AVG 539987.8461538461)
[1, 4, 10, 23, 57, 132, 301, 701, 1654, 3921, 8869, 19959]...: 7020487: ACCEPTED IN 13 TRIES, (AVG 540037.4615384615)
[1, 4, 10, 23, 57, 132, 301, 701, 1654, 3921, 8869, 19989]...: 12430969: ACCEPTED IN 23 TRIES, (AVG 540476.9130434783)
[1, 4, 10, 23, 57, 132, 301, 701, 1654, 3921, 8869, 19993]...: 7560889: ACCEPTED IN 14 TRIES, (AVG 540063.5)
[1, 4, 10, 23, 57, 132, 301, 701, 1654, 3921, 8869, 20026]...: 9726009: ACCEPTED IN 18 TRIES, (AVG 540333.8333333334)
[1, 4, 10, 23, 57, 132, 301, 701, 1654, 3921, 8869, 20030]...: 18384416: ACCEPTED IN 34 TRIES, (AVG 540718.1176470588)
[1, 4, 10, 23, 57, 132, 301, 701, 1654, 3921, 8869, 20034]...: 12973047: ACCEPTED IN 24 TRIES, (AVG 540543.625)
[1, 4, 10, 23, 57, 132, 301, 701, 1654, 3921, 8869, 20054]...: 4314051: ACCEPTED IN 8 TRIES, (AVG 539256.375)
[1, 4, 10, 23, 57, 132, 301, 701, 1654, 3921, 8869, 20063]...: 7561774: ACCEPTED IN 14 TRIES, (AVG 540126.7142857143)
[1, 4, 10, 23, 57, 132, 301, 701, 1654, 3921, 8869, 20067]...: 7019809: ACCEPTED IN 13 TRIES, (AVG 539985.3076923077)
[1, 4, 10, 23, 57, 132, 301, 701, 1654, 3921, 8869, 20083]...: 7017522: ACCEPTED IN 13 TRIES, (AVG 539809.3846153846)
[1, 4, 10, 23, 57, 132, 301, 701, 1654, 3921, 8869, 20091]...: 13514256: ACCEPTED IN 25 TRIES, (AVG 540570.24)
[1, 4, 10, 23, 57, 132, 301, 701, 1654, 3921, 8869, 20121]...: 25960744: ACCEPTED IN 48 TRIES, (AVG 540848.8333333334)
[1, 4, 10, 23, 57, 132, 301, 701, 1654, 3921, 8869, 20125]...: 17841127: ACCEPTED IN 33 TRIES, (AVG 540640.2121212122)
[1, 4, 10, 23, 57, 132, 301, 701, 1654, 3921, 8869, 20158]...: 16220056: ACCEPTED IN 30 TRIES, (AVG 540668.5333333333)
[1, 4, 10, 23, 57, 132, 301, 701, 1654, 3921, 8869, 20162]...: 11890887: ACCEPTED IN 22 TRIES, (AVG 540494.8636363636)
[1, 4, 10, 23, 57, 132, 301, 701, 1654, 3921, 8869, 20166]...: 7562002: ACCEPTED IN 14 TRIES, (AVG 540143.0)
[1, 4, 10, 23, 57, 132, 301, 701, 1654, 3921, 8869, 20195]...: 7560648: ACCEPTED IN 14 TRIES, (AVG 540046.2857142857)
[1, 4, 10, 23, 57, 132, 301, 701, 1654, 3921, 8869, 20199]...: 8101440: ACCEPTED IN 15 TRIES, (AVG 540096.0)
[1, 4, 10, 23, 57, 132, 301, 701, 1654, 3921, 8869, 20215]...: 8642689: ACCEPTED IN 16 TRIES, (AVG 540168.0625)
[1, 4, 10, 23, 57, 132, 301, 701, 1654, 3921, 8869, 20223]...: 7018760: ACCEPTED IN 13 TRIES, (AVG 539904.6153846154)
[1, 4, 10, 23, 57, 132, 301, 701, 1654, 3921, 8869, 20232]...: 4854309: ACCEPTED IN 9 TRIES, (AVG 539367.6666666666)
[1, 4, 10, 23, 57, 132, 301, 701, 1654, 3921, 8869, 20236]...: 9725862: ACCEPTED IN 18 TRIES, (AVG 540325.6666666666)
[1, 4, 10, 23, 57, 132, 301, 701, 1654, 3921, 8869, 20253]...: 2691841: ACCEPTED IN 5 TRIES, (AVG 538368.2)
[1, 4, 10, 23, 57, 132, 301, 701, 1654, 3921, 8869, 20257]...: 7019020: ACCEPTED IN 13 TRIES, (AVG 539924.6153846154)
[1, 4, 10, 23, 57, 132, 301, 701, 1654, 3921, 8869, 20290]...: 8101702: ACCEPTED IN 15 TRIES, (AVG 540113.4666666667)
[1, 4, 10, 23, 57, 132, 301, 701, 1654, 3921, 8869, 20294]...: 8102820: ACCEPTED IN 15 TRIES, (AVG 540188.0)
[1, 4, 10, 23, 57, 132, 301, 701, 1654, 3921, 8869, 20298]...: 7560860: ACCEPTED IN 14 TRIES, (AVG 540061.4285714285)
[1, 4, 10, 23, 57, 132, 301, 701, 1654, 3921, 8869, 20327]...: 8100358: ACCEPTED IN 15 TRIES, (AVG 540023.8666666667)
[1, 4, 10, 23, 57, 132, 301, 701, 1654, 3921, 8869, 20331]...: 24877408: ACCEPTED IN 46 TRIES, (AVG 540813.2173913043)
[1, 4, 10, 23, 57, 132, 301, 701, 1654, 3921, 8869, 20335]...: 4856384: ACCEPTED IN 9 TRIES, (AVG 539598.2222222222)
[1, 4, 10, 23, 57, 132, 301, 701, 1654, 3921, 8869, 20347]...: 7561764: ACCEPTED IN 14 TRIES, (AVG 540126.0)
[1, 4, 10, 23, 57, 132, 301, 701, 1654, 3921, 8869, 20355]...: 3773588: ACCEPTED IN 7 TRIES, (AVG 539084.0)
[1, 4, 10, 23, 57, 132, 301, 701, 1654, 3921, 8869, 20364]...: 8102566: ACCEPTED IN 15 TRIES, (AVG 540171.0666666667)
[1, 4, 10, 23, 57, 132, 301, 701, 1654, 3921, 8869, 20368]...: 10265262: ACCEPTED IN 19 TRIES, (AVG 540276.947368421)
[1, 4, 10, 23, 57, 132, 301, 701, 1654, 3921, 8869, 20384]...: 5396139: ACCEPTED IN 10 TRIES, (AVG 539613.9)
[1, 4, 10, 23, 57, 132, 301, 701, 1654, 3921, 8869, 20389]...: 3232123: ACCEPTED IN 6 TRIES, (AVG 538687.1666666666)
[1, 4, 10, 23, 57, 132, 301, 701, 1654, 3921, 8869, 20422]...: 7559998: ACCEPTED IN 14 TRIES, (AVG 539999.8571428572)
[1, 4, 10, 23, 57, 132, 301, 701, 1654, 3921, 8869, 20426]...: 7020854: ACCEPTED IN 13 TRIES, (AVG 540065.6923076923)
[1, 4, 10, 23, 57, 132, 301, 701, 1654, 3921, 8869, 20430]...: 7019501: ACCEPTED IN 13 TRIES, (AVG 539961.6153846154)
[1, 4, 10, 23, 57, 132, 301, 701, 1654, 3921, 8869, 20459]...: 12431254: ACCEPTED IN 23 TRIES, (AVG 540489.304347826)
[1, 4, 10, 23, 57, 132, 301, 701, 1654, 3921, 8869, 20463]...: 7019165: ACCEPTED IN 13 TRIES, (AVG 539935.7692307692)
[1, 4, 10, 23, 57, 132, 301, 701, 1654, 3921, 8869, 20467]...: 12431663: ACCEPTED IN 23 TRIES, (AVG 540507.0869565217)
[1, 4, 10, 23, 57, 132, 301, 701, 1654, 3921, 8869, 20479]...: 7560463: ACCEPTED IN 14 TRIES, (AVG 540033.0714285715)
[1, 4, 10, 23, 57, 132, 301, 701, 1654, 3921, 8869, 20496]...: 5394818: ACCEPTED IN 10 TRIES, (AVG 539481.8)
[1, 4, 10, 23, 57, 132, 301, 701, 1654, 3921, 8869, 20500]...: 3232803: ACCEPTED IN 6 TRIES, (AVG 538800.5)
[1, 4, 10, 23, 57, 132, 301, 701, 1654, 3921, 8869, 20516]...: 4855831: ACCEPTED IN 9 TRIES, (AVG 539536.7777777778)
[1, 4, 10, 23, 57, 132, 301, 701, 1654, 3921, 8869, 20521]...: 4855358: ACCEPTED IN 9 TRIES, (AVG 539484.2222222222)
[1, 4, 10, 23, 57, 132, 301, 701, 1654, 3921, 8869, 20533]...: 8643235: ACCEPTED IN 16 TRIES, (AVG 540202.1875)
[1, 4, 10, 23, 57, 132, 301, 701, 1654, 3921, 8869, 20537]...: 7559832: ACCEPTED IN 14 TRIES, (AVG 539988.0)
[1, 4, 10, 23, 57, 132, 301, 701, 1654, 3921, 8869, 20554]...: 12431975: ACCEPTED IN 23 TRIES, (AVG 540520.6521739131)
[1, 4, 10, 23, 57, 132, 301, 701, 1654, 3921, 8869, 20558]...: 9185388: ACCEPTED IN 17 TRIES, (AVG 540316.9411764706)
[1, 4, 10, 23, 57, 132, 301, 701, 1654, 3921, 8869, 20562]...: 7020973: ACCEPTED IN 13 TRIES, (AVG 540074.8461538461)
[1, 4, 10, 23, 57, 132, 301, 701, 1654, 3921, 8869, 20591]...: 11348898: ACCEPTED IN 21 TRIES, (AVG 540423.7142857143)
[1, 4, 10, 23, 57, 132, 301, 701, 1654, 3921, 8869, 20595]...: 7562089: ACCEPTED IN 14 TRIES, (AVG 540149.2142857143)
[1, 4, 10, 23, 57, 132, 301, 701, 1654, 3921, 8869, 20599]...: 13512844: ACCEPTED IN 25 TRIES, (AVG 540513.76)
[1, 4, 10, 23, 57, 132, 301, 701, 1654, 3921, 8869, 20611]...: 8101400: ACCEPTED IN 15 TRIES, (AVG 540093.3333333334)
[1, 4, 10, 23, 57, 132, 301, 701, 1654, 3921, 8869, 20628]...: 3232576: ACCEPTED IN 6 TRIES, (AVG 538762.6666666666)
[1, 4, 10, 23, 57, 132, 301, 701, 1654, 3921, 8869, 20632]...: 17843299: ACCEPTED IN 33 TRIES, (AVG 540706.0303030303)
[1, 4, 10, 23, 57, 132, 301, 701, 1654, 3921, 8869, 20636]...: 12429427: ACCEPTED IN 23 TRIES, (AVG 540409.8695652174)
[1, 4, 10, 23, 57, 132, 301, 701, 1654, 3921, 8869, 20648]...: 7020315: ACCEPTED IN 13 TRIES, (AVG 540024.2307692308)
[1, 4, 10, 23, 57, 132, 301, 701, 1654, 3921, 8869, 20653]...: 11889419: ACCEPTED IN 22 TRIES, (AVG 540428.1363636364)
[1, 4, 10, 23, 57, 132, 301, 701, 1654, 3921, 8869, 20665]...: 12430101: ACCEPTED IN 23 TRIES, (AVG 540439.1739130435)
[1, 4, 10, 23, 57, 132, 301, 701, 1654, 3921, 8869, 20669]...: 7558448: ACCEPTED IN 14 TRIES, (AVG 539889.1428571428)
[1, 4, 10, 23, 57, 132, 301, 701, 1654, 3921, 8869, 20682]...: 12430178: ACCEPTED IN 23 TRIES, (AVG 540442.5217391305)
[1, 4, 10, 23, 57, 132, 301, 701, 1654, 3921, 8869, 20690]...: 9185355: ACCEPTED IN 17 TRIES, (AVG 540315.0)
[1, 4, 10, 23, 57, 132, 301, 701, 1654, 3921, 8869, 20694]...: 12430998: ACCEPTED IN 23 TRIES, (AVG 540478.1739130435)
[1, 4, 10, 23, 57, 132, 301, 701, 1654, 3921, 8869, 20723]...: 7560900: ACCEPTED IN 14 TRIES, (AVG 540064.2857142857)
[1, 4, 10, 23, 57, 132, 301, 701, 1654, 3921, 8869, 20727]...: 3231900: ACCEPTED IN 6 TRIES, (AVG 538650.0)
[1, 4, 10, 23, 57, 132, 301, 701, 1654, 3921, 8869, 20731]...: 12432054: ACCEPTED IN 23 TRIES, (AVG 540524.0869565217)
[1, 4, 10, 23, 57, 132, 301, 701, 1654, 3921, 8869, 20735]...: 7019225: ACCEPTED IN 13 TRIES, (AVG 539940.3846153846)
[1, 4, 10, 23, 57, 132, 301, 701, 1654, 3921, 8869, 20743]...: 11891065: ACCEPTED IN 22 TRIES, (AVG 540502.9545454546)
[1, 4, 10, 23, 57, 132, 301, 701, 1654, 3921, 8869, 20760]...: 8642874: ACCEPTED IN 16 TRIES, (AVG 540179.625)
[1, 4, 10, 23, 57, 132, 301, 701, 1654, 3921, 8869, 20764]...: 5395659: ACCEPTED IN 10 TRIES, (AVG 539565.9)
[1, 4, 10, 23, 57, 132, 301, 701, 1654, 3921, 8869, 20768]...: 7020880: ACCEPTED IN 13 TRIES, (AVG 540067.6923076923)
[1, 4, 10, 23, 57, 132, 301, 701, 1654, 3921, 8869, 20780]...: 12430652: ACCEPTED IN 23 TRIES, (AVG 540463.1304347826)
[1, 4, 10, 23, 57, 132, 301, 701, 1654, 3921, 8869, 20784]...: 7019287: ACCEPTED IN 13 TRIES, (AVG 539945.1538461539)
[1, 4, 10, 23, 57, 132, 301, 701, 1654, 3921, 8869, 20797]...: 7556833: ACCEPTED IN 14 TRIES, (AVG 539773.7857142857)
[1, 4, 10, 23, 57, 132, 301, 701, 1654, 3921, 8869, 20801]...: 3232411: ACCEPTED IN 6 TRIES, (AVG 538735.1666666666)
[1, 4, 10, 23, 57, 132, 301, 701, 1654, 3921, 8869, 20814]...: 6479529: ACCEPTED IN 12 TRIES, (AVG 539960.75)
[1, 4, 10, 23, 57, 132, 301, 701, 1654, 3921, 8869, 20822]...: 3232319: ACCEPTED IN 6 TRIES, (AVG 538719.8333333334)
[1, 4, 10, 23, 57, 132, 301, 701, 1654, 3921, 8869, 20826]...: 11888859: ACCEPTED IN 22 TRIES, (AVG 540402.6818181818)
[1, 4, 10, 23, 57, 132, 301, 701, 1654, 3921, 8869, 20834]...: 5397471: ACCEPTED IN 10 TRIES, (AVG 539747.1)
[1, 4, 10, 23, 57, 132, 301, 701, 1654, 3921, 8869, 20838]...: 7560865: ACCEPTED IN 14 TRIES, (AVG 540061.7857142857)
[1, 4, 10, 23, 57, 132, 301, 701, 1654, 3921, 8869, 20855]...: 4314418: ACCEPTED IN 8 TRIES, (AVG 539302.25)
[1, 4, 10, 23, 57, 132, 301, 701, 1654, 3921, 8869, 20859]...: 4312550: ACCEPTED IN 8 TRIES, (AVG 539068.75)
[1, 4, 10, 23, 57, 132, 301, 701, 1654, 3921, 8869, 20863]...: 4856390: ACCEPTED IN 9 TRIES, (AVG 539598.8888888889)
[1, 4, 10, 23, 57, 132, 301, 701, 1654, 3921, 8869, 20867]...: 7560673: ACCEPTED IN 14 TRIES, (AVG 540048.0714285715)
[1, 4, 10, 23, 57, 132, 301, 701, 1654, 3921, 8869, 20875]...: 8644316: ACCEPTED IN 16 TRIES, (AVG 540269.75)
[1, 4, 10, 23, 57, 132, 301, 701, 1654, 3921, 8869, 20892]...: 7561655: ACCEPTED IN 14 TRIES, (AVG 540118.2142857143)
[1, 4, 10, 23, 57, 132, 301, 701, 1654, 3921, 8869, 20896]...: 7019675: ACCEPTED IN 13 TRIES, (AVG 539975.0)
[1, 4, 10, 23, 57, 132, 301, 701, 1654, 3921, 8869, 20900]...: 7560335: ACCEPTED IN 14 TRIES, (AVG 540023.9285714285)
[1, 4, 10, 23, 57, 132, 301, 701, 1654, 3921, 8869, 20912]...: 12430287: ACCEPTED IN 23 TRIES, (AVG 540447.2608695652)
[1, 4, 10, 23, 57, 132, 301, 701, 1654, 3921, 8869, 20916]...: 5397263: ACCEPTED IN 10 TRIES, (AVG 539726.3)
[1, 4, 10, 23, 57, 132, 301, 701, 1654, 3921, 8869, 20929]...: 7561133: ACCEPTED IN 14 TRIES, (AVG 540080.9285714285)
[1, 4, 10, 23, 57, 132, 301, 701, 1654, 3921, 8869, 20933]...: 8643891: ACCEPTED IN 16 TRIES, (AVG 540243.1875)
[1, 4, 10, 23, 57, 132, 301, 701, 1654, 3921, 8869, 20946]...: 6479360: ACCEPTED IN 12 TRIES, (AVG 539946.6666666666)
[1, 4, 10, 23, 57, 132, 301, 701, 1654, 3921, 8869, 20954]...: 8101627: ACCEPTED IN 15 TRIES, (AVG 540108.4666666667)
[1, 4, 10, 23, 57, 132, 301, 701, 1654, 3921, 8869, 20958]...: 10267463: ACCEPTED IN 19 TRIES, (AVG 540392.7894736842)
[1, 4, 10, 23, 57, 132, 301, 701, 1654, 3921, 8869, 20966]...: 16758798: ACCEPTED IN 31 TRIES, (AVG 540606.3870967742)
[1, 4, 10, 23, 57, 132, 301, 701, 1654, 3921, 8869, 20970]...: 7559776: ACCEPTED IN 14 TRIES, (AVG 539984.0)
[1, 4, 10, 23, 57, 132, 301, 701, 1654, 3921, 8869, 20983]...: 4856312: ACCEPTED IN 9 TRIES, (AVG 539590.2222222222)
[1, 4, 10, 23, 57, 132, 301, 701, 1654, 3921, 8869, 20987]...: 7562103: ACCEPTED IN 14 TRIES, (AVG 540150.2142857143)
[1, 4, 10, 23, 57, 132, 301, 701, 1654, 3921, 8869, 20991]...: 11889304: ACCEPTED IN 22 TRIES, (AVG 540422.9090909091)
[1, 4, 10, 23, 57, 132, 301, 701, 1654, 3921, 8869, 20995]...: 8102614: ACCEPTED IN 15 TRIES, (AVG 540174.2666666667)
[1, 4, 10, 23, 57, 132, 301, 701, 1654, 3921, 8869, 20999]...: 8643416: ACCEPTED IN 16 TRIES, (AVG 540213.5)
[1, 4, 10, 23, 57, 132, 301, 701, 1654, 3921, 8869, 21007]...: 13513558: ACCEPTED IN 25 TRIES, (AVG 540542.32)
[1, 4, 10, 23, 57, 132, 301, 701, 1654, 3921, 8869, 21024]...: 7020972: ACCEPTED IN 13 TRIES, (AVG 540074.7692307692)
[1, 4, 10, 23, 57, 132, 301, 701, 1654, 3921, 8869, 21028]...: 7559927: ACCEPTED IN 14 TRIES, (AVG 539994.7857142857)
[1, 4, 10, 23, 57, 132, 301, 701, 1654, 3921, 8869, 21032]...: 12431914: ACCEPTED IN 23 TRIES, (AVG 540518.0)
[1, 4, 10, 23, 57, 132, 301, 701, 1654, 3921, 8869, 21036]...: 3232572: ACCEPTED IN 6 TRIES, (AVG 538762.0)
[1, 4, 10, 23, 57, 132, 301, 701, 1654, 3921, 8869, 21044]...: 7560842: ACCEPTED IN 14 TRIES, (AVG 540060.1428571428)
[1, 4, 10, 23, 57, 132, 301, 701, 1654, 3921, 8869, 21048]...: 12428759: ACCEPTED IN 23 TRIES, (AVG 540380.8260869565)
[1, 4, 10, 23, 57, 132, 301, 701, 1654, 3921, 8869, 21061]...: 12430138: ACCEPTED IN 23 TRIES, (AVG 540440.7826086957)
[1, 4, 10, 23, 57, 132, 301, 701, 1654, 3921, 8869, 21065]...: 3772103: ACCEPTED IN 7 TRIES, (AVG 538871.8571428572)
[1, 4, 10, 23, 57, 132, 301, 701, 1654, 3921, 8869, 21078]...: 11889017: ACCEPTED IN 22 TRIES, (AVG 540409.8636363636)
[1, 4, 10, 23, 57, 132, 301, 701, 1654, 3921, 8869, 21085]...: 5397191: ACCEPTED IN 10 TRIES, (AVG 539719.1)
[1, 4, 10, 23, 57, 132, 301, 701, 1654, 3921, 8869, 21090]...: 10806143: ACCEPTED IN 20 TRIES, (AVG 540307.15)
[1, 4, 10, 23, 57, 132, 301, 701, 1654, 3921, 8869, 21098]...: 8641855: ACCEPTED IN 16 TRIES, (AVG 540115.9375)
[1, 4, 10, 23, 57, 132, 301, 701, 1654, 3921, 8869, 21102]...: 7560102: ACCEPTED IN 14 TRIES, (AVG 540007.2857142857)
[1, 4, 10, 23, 57, 132, 301, 701, 1654, 3921, 8869, 21115]...: 7016751: ACCEPTED IN 13 TRIES, (AVG 539750.0769230769)
[1, 4, 10, 23, 57, 132, 301, 701, 1654, 3921, 8869, 21119]...: 5397130: ACCEPTED IN 10 TRIES, (AVG 539713.0)
[1, 4, 10, 23, 57, 132, 301, 701, 1654, 3921, 8869, 21123]...: 3232345: ACCEPTED IN 6 TRIES, (AVG 538724.1666666666)
[1, 4, 10, 23, 57, 132, 301, 701, 1654, 3921, 8869, 21127]...: 6478057: ACCEPTED IN 12 TRIES, (AVG 539838.0833333334)
[1, 4, 10, 23, 57, 132, 301, 701, 1654, 3921, 8869, 21131]...: 5396146: ACCEPTED IN 10 TRIES, (AVG 539614.6)
[1, 4, 10, 23, 57, 132, 301, 701, 1654, 3921, 8869, 21135]...: 7561128: ACCEPTED IN 14 TRIES, (AVG 540080.5714285715)
[1, 4, 10, 23, 57, 132, 301, 701, 1654, 3921, 8869, 21139]...: 4856239: ACCEPTED IN 9 TRIES, (AVG 539582.1111111111)
[1, 4, 10, 23, 57, 132, 301, 701, 1654, 3921, 8869, 21156]...: 7020810: ACCEPTED IN 13 TRIES, (AVG 540062.3076923077)
[1, 4, 10, 23, 57, 132, 301, 701, 1654, 3921, 8869, 21160]...: 6476439: ACCEPTED IN 12 TRIES, (AVG 539703.25)
[1, 4, 10, 23, 57, 132, 301, 701, 1654, 3921, 8869, 21164]...: 11890214: ACCEPTED IN 22 TRIES, (AVG 540464.2727272727)
[1, 4, 10, 23, 57, 132, 301, 701, 1654, 3921, 8869, 21168]...: 3772724: ACCEPTED IN 7 TRIES, (AVG 538960.5714285715)
[1, 4, 10, 23, 57, 132, 301, 701, 1654, 3921, 8869, 21176]...: 13514453: ACCEPTED IN 25 TRIES, (AVG 540578.12)
[1, 4, 10, 23, 57, 132, 301, 701, 1654, 3921, 8869, 21180]...: 7018298: ACCEPTED IN 13 TRIES, (AVG 539869.0769230769)
[1, 4, 10, 23, 57, 132, 301, 701, 1654, 3921, 8869, 21193]...: 5397284: ACCEPTED IN 10 TRIES, (AVG 539728.4)
[1, 4, 10, 23, 57, 132, 301, 701, 1654, 3921, 8869, 21197]...: 8643446: ACCEPTED IN 16 TRIES, (AVG 540215.375)
[1, 4, 10, 23, 57, 132, 301, 701, 1654, 3921, 8869, 21210]...: 12429705: ACCEPTED IN 23 TRIES, (AVG 540421.9565217391)
[1, 4, 10, 23, 57, 132, 301, 701, 1654, 3921, 8869, 21217]...: 7561088: ACCEPTED IN 14 TRIES, (AVG 540077.7142857143)
[1, 4, 10, 23, 57, 132, 301, 701, 1654, 3921, 8869, 21222]...: 5397252: ACCEPTED IN 10 TRIES, (AVG 539725.2)
[1, 4, 10, 23, 57, 132, 301, 701, 1654, 3921, 8869, 21230]...: 4314779: ACCEPTED IN 8 TRIES, (AVG 539347.375)
[1, 4, 10, 23, 57, 132, 301, 701, 1654, 3921, 8869, 21234]...: 9726339: ACCEPTED IN 18 TRIES, (AVG 540352.1666666666)
[1, 4, 10, 23, 57, 132, 301, 701, 1654, 3921, 8869, 21247]...: 7560297: ACCEPTED IN 14 TRIES, (AVG 540021.2142857143)
[1, 4, 10, 23, 57, 132, 301, 701, 1654, 3921, 8869, 21251]...: 12973362: ACCEPTED IN 24 TRIES, (AVG 540556.75)
[1, 4, 10, 23, 57, 132, 301, 701, 1654, 3921, 8869, 21255]...: 8102633: ACCEPTED IN 15 TRIES, (AVG 540175.5333333333)
[1, 4, 10, 23, 57, 132, 301, 701, 1654, 3921, 8869, 21259]...: 7020424: ACCEPTED IN 13 TRIES, (AVG 540032.6153846154)
[1, 4, 10, 23, 57, 132, 301, 701, 1654, 3921, 8869, 21263]...: 3772964: ACCEPTED IN 7 TRIES, (AVG 538994.8571428572)
[1, 4, 10, 23, 57, 132, 301, 701, 1654, 3921, 8869, 21267]...: 4856270: ACCEPTED IN 9 TRIES, (AVG 539585.5555555555)
[1, 4, 10, 23, 57, 132, 301, 701, 1654, 3921, 8869, 21271]...: 13511772: ACCEPTED IN 25 TRIES, (AVG 540470.88)
[1, 4, 10, 23, 57, 132, 301, 701, 1654, 3921, 8869, 21284]...: 6478437: ACCEPTED IN 12 TRIES, (AVG 539869.75)
