[1, 4, 10, 23, 57, 132, 301, 701, 1654, 3921, 8643, 19017]...: 17301663: ACCEPTED IN 32 TRIES, (AVG 540676.96875)
[1, 4, 10, 23, 57, 132, 301, 701, 1654, 3921, 8643, 19104]...: 18923311: ACCEPTED IN 35 TRIES, (AVG 540666.0285714286)
[1, 4, 10, 23, 57, 132, 301, 701, 1654, 3921, 8643, 19149]...: 34618702: ACCEPTED IN 64 TRIES, (AVG 540917.21875)
[1, 4, 10, 23, 57, 132, 301, 701, 1654, 3921, 8643, 19236]...: 38947571: ACCEPTED IN 72 TRIES, (AVG 540938.4861111111)
[1, 4, 10, 23, 57, 132, 301, 701, 1654, 3921, 8643, 19368]...: 31371930: ACCEPTED IN 58 TRIES, (AVG 540895.3448275862)
[1, 4, 10, 23, 57, 132, 301, 701, 1654, 3921, 8643, 19405]...: 15678619: ACCEPTED IN 29 TRIES, (AVG 540642.0344827586)
[1, 4, 10, 23, 57, 132, 301, 701, 1654, 3921, 8643, 19500]...: 36783131: ACCEPTED IN 68 TRIES, (AVG 540928.3970588235)
[1, 4, 10, 23, 57, 132, 301, 701, 1654, 3921, 8643, 19537]...: 17840109: ACCEPTED IN 33 TRIES, (AVG 540609.3636363636)
[1, 4, 10, 23, 57, 132, 301, 701, 1654, 3921, 8643, 19669]...: 6479392: ACCEPTED IN 12 TRIES, (AVG 539949.3333333334)
[1, 4, 10, 23, 57, 132, 301, 701, 1654, 3921, 8643, 19706]...: 18922473: ACCEPTED IN 35 TRIES, (AVG 540642.0857142857)
[1, 4, 10, 23, 57, 132, 301, 701, 1654, 3921, 8643, 19801]...: 18925263: ACCEPTED IN 35 TRIES, (AVG 540721.8)
[1, 4, 10, 23, 57, 132, 301, 701, 1654, 3921, 8643, 19838]...: 23254056: ACCEPTED IN 43 TRIES, (AVG 540792.0)
[1, 4, 10, 23, 57, 132, 301, 701, 1654, 3921, 8643, 19937]...: 12971470: ACCEPTED IN 24 TRIES, (AVG 540477.9166666666)
[1, 4, 10, 23, 57, 132, 301, 701, 1654, 3921, 8643, 19970]...: 14594293: ACCEPTED IN 27 TRIES, (AVG 540529.3703703703)
[1, 4, 10, 23, 57, 132, 301, 701, 1654, 3921, 8643, 20069]...: 18925689: ACCEPTED IN 35 TRIES, (AVG 540733.9714285714)
[1, 4, 10, 23, 57, 132, 301, 701, 1654, 3921, 8643, 20102]...: 33533954: ACCEPTED IN 62 TRIES, (AVG 540870.2258064516)
[1, 4, 10, 23, 57, 132, 301, 701, 1654, 3921, 8643, 20106]...: 10808301: ACCEPTED IN 20 TRIES, (AVG 540415.05)
[1, 4, 10, 23, 57, 132, 301, 701, 1654, 3921, 8643, 20201]...: 22712755: ACCEPTED IN 42 TRIES, (AVG 540779.880952381)
[1, 4, 10, 23, 57, 132, 301, 701, 1654, 3921, 8643, 20238]...: 7020891: ACCEPTED IN 13 TRIES, (AVG 540068.5384615385)
[1, 4, 10, 23, 57, 132, 301, 701, 1654, 3921, 8643, 20370]...: 6479330: ACCEPTED IN 12 TRIES, (AVG 539944.1666666666)
[1, 4, 10, 23, 57, 132, 301, 701, 1654, 3921, 8643, 20407]...: 19465966: ACCEPTED IN 36 TRIES, (AVG 540721.2777777778)
[1, 4, 10, 23, 57, 132, 301, 701, 1654, 3921, 8643, 20502]...: 6479624: ACCEPTED IN 12 TRIES, (AVG 539968.6666666666)
[1, 4, 10, 23, 57, 132, 301, 701, 1654, 3921, 8643, 20539]...: 21631604: ACCEPTED IN 40 TRIES, (AVG 540790.1)
[1, 4, 10, 23, 57, 132, 301, 701, 1654, 3921, 8643, 20671]...: 12973272: ACCEPTED IN 24 TRIES, (AVG 540553.0)
