[1, 4, 10, 23, 57, 132, 301, 701, 1654, 3921, 9299, 20484]...: 30829336: ACCEPTED IN 57 TRIES, (AVG 540865.5438596491)
[1, 4, 10, 23, 57, 132, 301, 701, 1654, 3921, 9299, 20548]...: 51934635: ACCEPTED IN 96 TRIES, (AVG 540985.78125)
[1, 4, 10, 23, 57, 132, 301, 701, 1654, 3921, 9299, 20645]...: 14054962: ACCEPTED IN 26 TRIES, (AVG 540575.4615384615)
[1, 4, 10, 23, 57, 132, 301, 701, 1654, 3921, 9299, 20680]...: 82779215: ACCEPTED IN 153 TRIES, (AVG 541040.6209150327)
[1, 4, 10, 23, 57, 132, 301, 701, 1654, 3921, 9299, 20721]...: 50310669: ACCEPTED IN 93 TRIES, (AVG 540974.9354838709)
[1, 4, 10, 23, 57, 132, 301, 701, 1654, 3921, 9299, 20777]...: 49228074: ACCEPTED IN 91 TRIES, (AVG 540967.8461538461)
[1, 4, 10, 23, 57, 132, 301, 701, 1654, 3921, 9299, 20812]...: 15137034: ACCEPTED IN 28 TRIES, (AVG 540608.3571428572)
[1, 4, 10, 23, 57, 132, 301, 701, 1654, 3921, 9299, 20853]...: 65461846: ACCEPTED IN 121 TRIES, (AVG 541006.9917355372)
[1, 4, 10, 23, 57, 132, 301, 701, 1654, 3921, 9299, 20909]...: 13514571: ACCEPTED IN 25 TRIES, (AVG 540582.84)
[1, 4, 10, 23, 57, 132, 301, 701, 1654, 3921, 9299, 20985]...: 73038514: ACCEPTED IN 135 TRIES, (AVG 541026.0296296297)
[1, 4, 10, 23, 57, 132, 301, 701, 1654, 3921, 9299, 21041]...: 119034344: ACCEPTED IN 220 TRIES, (AVG 541065.2)
[1, 4, 10, 23, 57, 132, 301, 701, 1654, 3921, 9299, 21249]...: 14055403: ACCEPTED IN 26 TRIES, (AVG 540592.4230769231)
[1, 4, 10, 23, 57, 132, 301, 701, 1654, 3921, 9299, 21346]...: 9726629: ACCEPTED IN 18 TRIES, (AVG 540368.2777777778)
[1, 4, 10, 23, 57, 132, 301, 701, 1654, 3921, 9299, 21381]...: 18925568: ACCEPTED IN 35 TRIES, (AVG 540730.5142857142)
[1, 4, 10, 23, 57, 132, 301, 701, 1654, 3921, 9299, 21478]...: 65462369: ACCEPTED IN 121 TRIES, (AVG 541011.3140495868)
[1, 4, 10, 23, 57, 132, 301, 701, 1654, 3921, 9299, 21513]...: 11888271: ACCEPTED IN 22 TRIES, (AVG 540375.9545454546)
[1, 4, 10, 23, 57, 132, 301, 701, 1654, 3921, 9299, 21610]...: 18383567: ACCEPTED IN 34 TRIES, (AVG 540693.1470588235)
[1, 4, 10, 23, 57, 132, 301, 701, 1654, 3921, 9299, 21674]...: 19466236: ACCEPTED IN 36 TRIES, (AVG 540728.7777777778)
[1, 4, 10, 23, 57, 132, 301, 701, 1654, 3921, 9299, 21742]...: 11887640: ACCEPTED IN 22 TRIES, (AVG 540347.2727272727)
[1, 4, 10, 23, 57, 132, 301, 701, 1654, 3921, 9299, 21806]...: 27042699: ACCEPTED IN 50 TRIES, (AVG 540853.98)
[1, 4, 10, 23, 57, 132, 301, 701, 1654, 3921, 9299, 21938]...: 6478206: ACCEPTED IN 12 TRIES, (AVG 539850.5)
[1, 4, 10, 23, 57, 132, 301, 701, 1654, 3921, 9299, 22070]...: 14054573: ACCEPTED IN 26 TRIES, (AVG 540560.5)
[1, 4, 10, 23, 57, 132, 301, 701, 1654, 3921, 9299, 22202]...: 9726043: ACCEPTED IN 18 TRIES, (AVG 540335.7222222222)
