[1, 4, 10, 23, 57, 132, 301, 701, 1636, 3898, 8583, 18883]...: 82779535: ACCEPTED IN 153 TRIES, (AVG 541042.7124183007)
[1, 4, 10, 23, 57, 132, 301, 701, 1636, 3898, 8583, 18885]...: 75744421: ACCEPTED IN 140 TRIES, (AVG 541031.5785714285)
[1, 4, 10, 23, 57, 132, 301, 701, 1636, 3898, 8583, 18887]...: 16218223: ACCEPTED IN 30 TRIES, (AVG 540607.4333333333)
[1, 4, 10, 23, 57, 132, 301, 701, 1636, 3898, 8583, 18888]...: 27042159: ACCEPTED IN 50 TRIES, (AVG 540843.18)
[1, 4, 10, 23, 57, 132, 301, 701, 1636, 3898, 8583, 18889]...: 142304351: ACCEPTED IN 263 TRIES, (AVG 541081.1825095057)
[1, 4, 10, 23, 57, 132, 301, 701, 1636, 3898, 8583, 18890]...: 15137585: ACCEPTED IN 28 TRIES, (AVG 540628.0357142857)
[1, 4, 10, 23, 57, 132, 301, 701, 1636, 3898, 8583, 18893]...: 48688344: ACCEPTED IN 90 TRIES, (AVG 540981.6)
[1, 4, 10, 23, 57, 132, 301, 701, 1636, 3898, 8583, 18915]...: 33534747: ACCEPTED IN 62 TRIES, (AVG 540883.0161290322)
[1, 4, 10, 23, 57, 132, 301, 701, 1636, 3898, 8583, 18916]...: 23795430: ACCEPTED IN 44 TRIES, (AVG 540805.2272727273)
[1, 4, 10, 23, 57, 132, 301, 701, 1636, 3898, 8583, 18917]...: 93061079: ACCEPTED IN 172 TRIES, (AVG 541052.7848837209)
[1, 4, 10, 23, 57, 132, 301, 701, 1636, 3898, 8583, 18918]...: 24335698: ACCEPTED IN 45 TRIES, (AVG 540793.2888888889)
[1, 4, 10, 23, 57, 132, 301, 701, 1636, 3898, 8583, 18919]...: 17843371: ACCEPTED IN 33 TRIES, (AVG 540708.2121212122)
[1, 4, 10, 23, 57, 132, 301, 701, 1636, 3898, 8583, 18920]...: 26500875: ACCEPTED IN 49 TRIES, (AVG 540834.1836734693)
[1, 4, 10, 23, 57, 132, 301, 701, 1636, 3898, 8583, 18921]...: 45981712: ACCEPTED IN 85 TRIES, (AVG 540961.3176470589)
[1, 4, 10, 23, 57, 132, 301, 701, 1636, 3898, 8583, 18922]...: 31371839: ACCEPTED IN 58 TRIES, (AVG 540893.775862069)
[1, 4, 10, 23, 57, 132, 301, 701, 1636, 3898, 8583, 18923]...: 11349798: ACCEPTED IN 21 TRIES, (AVG 540466.5714285715)
[1, 4, 10, 23, 57, 132, 301, 701, 1636, 3898, 8583, 18926]...: 49228000: ACCEPTED IN 91 TRIES, (AVG 540967.032967033)
[1, 4, 10, 23, 57, 132, 301, 701, 1636, 3898, 8583, 18947]...: 28666374: ACCEPTED IN 53 TRIES, (AVG 540874.9811320754)
[1, 4, 10, 23, 57, 132, 301, 701, 1636, 3898, 8583, 18948]...: 13513248: ACCEPTED IN 25 TRIES, (AVG 540529.92)
[1, 4, 10, 23, 57, 132, 301, 701, 1636, 3898, 8583, 18949]...: 22171472: ACCEPTED IN 41 TRIES, (AVG 540767.6097560975)
[1, 4, 10, 23, 57, 132, 301, 701, 1636, 3898, 8583, 18951]...: 13514526: ACCEPTED IN 25 TRIES, (AVG 540581.04)
[1, 4, 10, 23, 57, 132, 301, 701, 1636, 3898, 8583, 18953]...: 15136866: ACCEPTED IN 28 TRIES, (AVG 540602.3571428572)
[1, 4, 10, 23, 57, 132, 301, 701, 1636, 3898, 8583, 18954]...: 48145017: ACCEPTED IN 89 TRIES, (AVG 540955.2471910112)
[1, 4, 10, 23, 57, 132, 301, 701, 1636, 3898, 8583, 18955]...: 22713052: ACCEPTED IN 42 TRIES, (AVG 540786.9523809524)
[1, 4, 10, 23, 57, 132, 301, 701, 1636, 3898, 8583, 18956]...: 42735517: ACCEPTED IN 79 TRIES, (AVG 540955.911392405)
[1, 4, 10, 23, 57, 132, 301, 701, 1636, 3898, 8583, 18957]...: 126611241: ACCEPTED IN 234 TRIES, (AVG 541073.6794871795)
[1, 4, 10, 23, 57, 132, 301, 701, 1636, 3898, 8583, 18960]...: 20548849: ACCEPTED IN 38 TRIES, (AVG 540759.1842105263)
[1, 4, 10, 23, 57, 132, 301, 701, 1636, 3898, 8583, 18979]...: 78991795: ACCEPTED IN 146 TRIES, (AVG 541039.6917808219)
[1, 4, 10, 23, 57, 132, 301, 701, 1636, 3898, 8583, 18980]...: 27042047: ACCEPTED IN 50 TRIES, (AVG 540840.94)
[1, 4, 10, 23, 57, 132, 301, 701, 1636, 3898, 8583, 18982]...: 97931394: ACCEPTED IN 181 TRIES, (AVG 541057.4254143647)
[1, 4, 10, 23, 57, 132, 301, 701, 1636, 3898, 8583, 18983]...: 108211881: ACCEPTED IN 200 TRIES, (AVG 541059.405)
[1, 4, 10, 23, 57, 132, 301, 701, 1636, 3898, 8583, 18985]...: 14055528: ACCEPTED IN 26 TRIES, (AVG 540597.2307692308)
[1, 4, 10, 23, 57, 132, 301, 701, 1636, 3898, 8583, 18986]...: 6479115: ACCEPTED IN 12 TRIES, (AVG 539926.25)
[1, 4, 10, 23, 57, 132, 301, 701, 1636, 3898, 8583, 18987]...: 31911642: ACCEPTED IN 59 TRIES, (AVG 540875.2881355932)
[1, 4, 10, 23, 57, 132, 301, 701, 1636, 3898, 8583, 18988]...: 10808461: ACCEPTED IN 20 TRIES, (AVG 540423.05)
[1, 4, 10, 23, 57, 132, 301, 701, 1636, 3898, 8583, 18989]...: 16219592: ACCEPTED IN 30 TRIES, (AVG 540653.0666666667)
[1, 4, 10, 23, 57, 132, 301, 701, 1636, 3898, 8583, 18990]...: 15137047: ACCEPTED IN 28 TRIES, (AVG 540608.8214285715)
[1, 4, 10, 23, 57, 132, 301, 701, 1636, 3898, 8583, 18992]...: 16218139: ACCEPTED IN 30 TRIES, (AVG 540604.6333333333)
[1, 4, 10, 23, 57, 132, 301, 701, 1636, 3898, 8583, 19015]...: 25418690: ACCEPTED IN 47 TRIES, (AVG 540823.1914893617)
[1, 4, 10, 23, 57, 132, 301, 701, 1636, 3898, 8583, 19016]...: 16759998: ACCEPTED IN 31 TRIES, (AVG 540645.0967741936)
[1, 4, 10, 23, 57, 132, 301, 701, 1636, 3898, 8583, 19017]...: 22171017: ACCEPTED IN 41 TRIES, (AVG 540756.512195122)
[1, 4, 10, 23, 57, 132, 301, 701, 1636, 3898, 8583, 19018]...: 13514125: ACCEPTED IN 25 TRIES, (AVG 540565.0)
[1, 4, 10, 23, 57, 132, 301, 701, 1636, 3898, 8583, 19019]...: 37865134: ACCEPTED IN 70 TRIES, (AVG 540930.4857142858)
[1, 4, 10, 23, 57, 132, 301, 701, 1636, 3898, 8583, 19020]...: 20549105: ACCEPTED IN 38 TRIES, (AVG 540765.9210526316)
[1, 4, 10, 23, 57, 132, 301, 701, 1636, 3898, 8583, 19021]...: 27582862: ACCEPTED IN 51 TRIES, (AVG 540840.431372549)
[1, 4, 10, 23, 57, 132, 301, 701, 1636, 3898, 8583, 19022]...: 15678123: ACCEPTED IN 29 TRIES, (AVG 540624.9310344828)
[1, 4, 10, 23, 57, 132, 301, 701, 1636, 3898, 8583, 19024]...: 27042583: ACCEPTED IN 50 TRIES, (AVG 540851.66)
[1, 4, 10, 23, 57, 132, 301, 701, 1636, 3898, 8583, 19047]...: 143386806: ACCEPTED IN 265 TRIES, (AVG 541082.2867924528)
[1, 4, 10, 23, 57, 132, 301, 701, 1636, 3898, 8583, 19049]...: 27042513: ACCEPTED IN 50 TRIES, (AVG 540850.26)
[1, 4, 10, 23, 57, 132, 301, 701, 1636, 3898, 8583, 19050]...: 16218696: ACCEPTED IN 30 TRIES, (AVG 540623.2)
[1, 4, 10, 23, 57, 132, 301, 701, 1636, 3898, 8583, 19051]...: 17302374: ACCEPTED IN 32 TRIES, (AVG 540699.1875)
[1, 4, 10, 23, 57, 132, 301, 701, 1636, 3898, 8583, 19052]...: 103340593: ACCEPTED IN 191 TRIES, (AVG 541050.22513089)
[1, 4, 10, 23, 57, 132, 301, 701, 1636, 3898, 8583, 19053]...: 22172497: ACCEPTED IN 41 TRIES, (AVG 540792.6097560975)
[1, 4, 10, 23, 57, 132, 301, 701, 1636, 3898, 8583, 19054]...: 27042426: ACCEPTED IN 50 TRIES, (AVG 540848.52)
[1, 4, 10, 23, 57, 132, 301, 701, 1636, 3898, 8583, 19055]...: 25960092: ACCEPTED IN 48 TRIES, (AVG 540835.25)
[1, 4, 10, 23, 57, 132, 301, 701, 1636, 3898, 8583, 19056]...: 75203842: ACCEPTED IN 139 TRIES, (AVG 541034.834532374)
[1, 4, 10, 23, 57, 132, 301, 701, 1636, 3898, 8583, 19057]...: 15137166: ACCEPTED IN 28 TRIES, (AVG 540613.0714285715)
[1, 4, 10, 23, 57, 132, 301, 701, 1636, 3898, 8583, 19058]...: 32994844: ACCEPTED IN 61 TRIES, (AVG 540899.0819672131)
[1, 4, 10, 23, 57, 132, 301, 701, 1636, 3898, 8583, 19059]...: 63298930: ACCEPTED IN 117 TRIES, (AVG 541016.4957264957)
[1, 4, 10, 23, 57, 132, 301, 701, 1636, 3898, 8583, 19079]...: 20007419: ACCEPTED IN 37 TRIES, (AVG 540741.0540540541)
[1, 4, 10, 23, 57, 132, 301, 701, 1636, 3898, 8583, 19081]...: 18384653: ACCEPTED IN 34 TRIES, (AVG 540725.0882352941)
[1, 4, 10, 23, 57, 132, 301, 701, 1636, 3898, 8583, 19083]...: 9184556: ACCEPTED IN 17 TRIES, (AVG 540268.0)
[1, 4, 10, 23, 57, 132, 301, 701, 1636, 3898, 8583, 19084]...: 15137466: ACCEPTED IN 28 TRIES, (AVG 540623.7857142857)
[1, 4, 10, 23, 57, 132, 301, 701, 1636, 3898, 8583, 19086]...: 18384832: ACCEPTED IN 34 TRIES, (AVG 540730.3529411765)
[1, 4, 10, 23, 57, 132, 301, 701, 1636, 3898, 8583, 19087]...: 12431973: ACCEPTED IN 23 TRIES, (AVG 540520.5652173914)
[1, 4, 10, 23, 57, 132, 301, 701, 1636, 3898, 8583, 19088]...: 23254480: ACCEPTED IN 43 TRIES, (AVG 540801.8604651163)
[1, 4, 10, 23, 57, 132, 301, 701, 1636, 3898, 8583, 19089]...: 29748210: ACCEPTED IN 55 TRIES, (AVG 540876.5454545454)
[1, 4, 10, 23, 57, 132, 301, 701, 1636, 3898, 8583, 19090]...: 21630649: ACCEPTED IN 40 TRIES, (AVG 540766.225)
[1, 4, 10, 23, 57, 132, 301, 701, 1636, 3898, 8583, 19091]...: 50311696: ACCEPTED IN 93 TRIES, (AVG 540985.9784946237)
[1, 4, 10, 23, 57, 132, 301, 701, 1636, 3898, 8583, 19092]...: 160160677: ACCEPTED IN 296 TRIES, (AVG 541083.3682432432)
[1, 4, 10, 23, 57, 132, 301, 701, 1636, 3898, 8583, 19116]...: 19467060: ACCEPTED IN 36 TRIES, (AVG 540751.6666666666)
[1, 4, 10, 23, 57, 132, 301, 701, 1636, 3898, 8583, 19117]...: 63299047: ACCEPTED IN 117 TRIES, (AVG 541017.4957264957)
[1, 4, 10, 23, 57, 132, 301, 701, 1636, 3898, 8583, 19118]...: 86566704: ACCEPTED IN 160 TRIES, (AVG 541041.9)
[1, 4, 10, 23, 57, 132, 301, 701, 1636, 3898, 8583, 19119]...: 14595951: ACCEPTED IN 27 TRIES, (AVG 540590.7777777778)
[1, 4, 10, 23, 57, 132, 301, 701, 1636, 3898, 8583, 19120]...: 56803767: ACCEPTED IN 105 TRIES, (AVG 540988.2571428572)
[1, 4, 10, 23, 57, 132, 301, 701, 1636, 3898, 8583, 19121]...: 15137110: ACCEPTED IN 28 TRIES, (AVG 540611.0714285715)
[1, 4, 10, 23, 57, 132, 301, 701, 1636, 3898, 8583, 19122]...: 18384640: ACCEPTED IN 34 TRIES, (AVG 540724.7058823529)
[1, 4, 10, 23, 57, 132, 301, 701, 1636, 3898, 8583, 19123]...: 14053341: ACCEPTED IN 26 TRIES, (AVG 540513.1153846154)
[1, 4, 10, 23, 57, 132, 301, 701, 1636, 3898, 8583, 19124]...: 134726536: ACCEPTED IN 249 TRIES, (AVG 541070.4257028112)
[1, 4, 10, 23, 57, 132, 301, 701, 1636, 3898, 8583, 19127]...: 25959809: ACCEPTED IN 48 TRIES, (AVG 540829.3541666666)
[1, 4, 10, 23, 57, 132, 301, 701, 1636, 3898, 8583, 19148]...: 22171034: ACCEPTED IN 41 TRIES, (AVG 540756.9268292683)
[1, 4, 10, 23, 57, 132, 301, 701, 1636, 3898, 8583, 19149]...: 40030066: ACCEPTED IN 74 TRIES, (AVG 540946.8378378379)
[1, 4, 10, 23, 57, 132, 301, 701, 1636, 3898, 8583, 19150]...: 67626611: ACCEPTED IN 125 TRIES, (AVG 541012.888)
[1, 4, 10, 23, 57, 132, 301, 701, 1636, 3898, 8583, 19152]...: 107670608: ACCEPTED IN 199 TRIES, (AVG 541058.3316582915)
[1, 4, 10, 23, 57, 132, 301, 701, 1636, 3898, 8583, 19153]...: 22712697: ACCEPTED IN 42 TRIES, (AVG 540778.5)
[1, 4, 10, 23, 57, 132, 301, 701, 1636, 3898, 8583, 19154]...: 13514122: ACCEPTED IN 25 TRIES, (AVG 540564.88)
[1, 4, 10, 23, 57, 132, 301, 701, 1636, 3898, 8583, 19155]...: 78991259: ACCEPTED IN 146 TRIES, (AVG 541036.0205479452)
[1, 4, 10, 23, 57, 132, 301, 701, 1636, 3898, 8583, 19156]...: 15137724: ACCEPTED IN 28 TRIES, (AVG 540633.0)
[1, 4, 10, 23, 57, 132, 301, 701, 1636, 3898, 8583, 19157]...: 23254933: ACCEPTED IN 43 TRIES, (AVG 540812.3953488372)
[1, 4, 10, 23, 57, 132, 301, 701, 1636, 3898, 8583, 19158]...: 24874735: ACCEPTED IN 46 TRIES, (AVG 540755.1086956522)
[1, 4, 10, 23, 57, 132, 301, 701, 1636, 3898, 8583, 19181]...: 20007800: ACCEPTED IN 37 TRIES, (AVG 540751.3513513514)
[1, 4, 10, 23, 57, 132, 301, 701, 1636, 3898, 8583, 19182]...: 45439921: ACCEPTED IN 84 TRIES, (AVG 540951.4404761905)
[1, 4, 10, 23, 57, 132, 301, 701, 1636, 3898, 8583, 19184]...: 88191349: ACCEPTED IN 163 TRIES, (AVG 541051.2208588957)
[1, 4, 10, 23, 57, 132, 301, 701, 1636, 3898, 8583, 19185]...: 13514593: ACCEPTED IN 25 TRIES, (AVG 540583.72)
[1, 4, 10, 23, 57, 132, 301, 701, 1636, 3898, 8583, 19186]...: 14054976: ACCEPTED IN 26 TRIES, (AVG 540576.0)
[1, 4, 10, 23, 57, 132, 301, 701, 1636, 3898, 8583, 19187]...: 12973377: ACCEPTED IN 24 TRIES, (AVG 540557.375)
[1, 4, 10, 23, 57, 132, 301, 701, 1636, 3898, 8583, 19188]...: 14596414: ACCEPTED IN 27 TRIES, (AVG 540607.925925926)
[1, 4, 10, 23, 57, 132, 301, 701, 1636, 3898, 8583, 19189]...: 40571347: ACCEPTED IN 75 TRIES, (AVG 540951.2933333333)
[1, 4, 10, 23, 57, 132, 301, 701, 1636, 3898, 8583, 19190]...: 27041807: ACCEPTED IN 50 TRIES, (AVG 540836.14)
[1, 4, 10, 23, 57, 132, 301, 701, 1636, 3898, 8583, 19191]...: 32993139: ACCEPTED IN 61 TRIES, (AVG 540871.131147541)
[1, 4, 10, 23, 57, 132, 301, 701, 1636, 3898, 8583, 19213]...: 136892791: ACCEPTED IN 253 TRIES, (AVG 541078.2252964426)
[1, 4, 10, 23, 57, 132, 301, 701, 1636, 3898, 8583, 19216]...: 14594312: ACCEPTED IN 27 TRIES, (AVG 540530.074074074)
[1, 4, 10, 23, 57, 132, 301, 701, 1636, 3898, 8583, 19217]...: 27582662: ACCEPTED IN 51 TRIES, (AVG 540836.5098039216)
[1, 4, 10, 23, 57, 132, 301, 701, 1636, 3898, 8583, 19218]...: 31372058: ACCEPTED IN 58 TRIES, (AVG 540897.551724138)
[1, 4, 10, 23, 57, 132, 301, 701, 1636, 3898, 8583, 19219]...: 26501601: ACCEPTED IN 49 TRIES, (AVG 540849.0)
[1, 4, 10, 23, 57, 132, 301, 701, 1636, 3898, 8583, 19220]...: 45438396: ACCEPTED IN 84 TRIES, (AVG 540933.2857142857)
[1, 4, 10, 23, 57, 132, 301, 701, 1636, 3898, 8583, 19221]...: 17842748: ACCEPTED IN 33 TRIES, (AVG 540689.3333333334)
[1, 4, 10, 23, 57, 132, 301, 701, 1636, 3898, 8583, 19222]...: 13514260: ACCEPTED IN 25 TRIES, (AVG 540570.4)
[1, 4, 10, 23, 57, 132, 301, 701, 1636, 3898, 8583, 19223]...: 67628201: ACCEPTED IN 125 TRIES, (AVG 541025.608)
[1, 4, 10, 23, 57, 132, 301, 701, 1636, 3898, 8583, 19224]...: 33535361: ACCEPTED IN 62 TRIES, (AVG 540892.9193548387)
[1, 4, 10, 23, 57, 132, 301, 701, 1636, 3898, 8583, 19226]...: 27040371: ACCEPTED IN 50 TRIES, (AVG 540807.42)
[1, 4, 10, 23, 57, 132, 301, 701, 1636, 3898, 8583, 19248]...: 12432197: ACCEPTED IN 23 TRIES, (AVG 540530.304347826)
[1, 4, 10, 23, 57, 132, 301, 701, 1636, 3898, 8583, 19249]...: 16220086: ACCEPTED IN 30 TRIES, (AVG 540669.5333333333)
[1, 4, 10, 23, 57, 132, 301, 701, 1636, 3898, 8583, 19250]...: 15137949: ACCEPTED IN 28 TRIES, (AVG 540641.0357142857)
[1, 4, 10, 23, 57, 132, 301, 701, 1636, 3898, 8583, 19251]...: 14595723: ACCEPTED IN 27 TRIES, (AVG 540582.3333333334)
[1, 4, 10, 23, 57, 132, 301, 701, 1636, 3898, 8583, 19252]...: 27582945: ACCEPTED IN 51 TRIES, (AVG 540842.0588235294)
[1, 4, 10, 23, 57, 132, 301, 701, 1636, 3898, 8583, 19253]...: 16219439: ACCEPTED IN 30 TRIES, (AVG 540647.9666666667)
[1, 4, 10, 23, 57, 132, 301, 701, 1636, 3898, 8583, 19254]...: 14054458: ACCEPTED IN 26 TRIES, (AVG 540556.0769230769)
[1, 4, 10, 23, 57, 132, 301, 701, 1636, 3898, 8583, 19255]...: 39488928: ACCEPTED IN 73 TRIES, (AVG 540944.2191780822)
[1, 4, 10, 23, 57, 132, 301, 701, 1636, 3898, 8583, 19256]...: 11890663: ACCEPTED IN 22 TRIES, (AVG 540484.6818181818)
[1, 4, 10, 23, 57, 132, 301, 701, 1636, 3898, 8583, 19257]...: 27040922: ACCEPTED IN 50 TRIES, (AVG 540818.44)
[1, 4, 10, 23, 57, 132, 301, 701, 1636, 3898, 8583, 19258]...: 16218296: ACCEPTED IN 30 TRIES, (AVG 540609.8666666667)
[1, 4, 10, 23, 57, 132, 301, 701, 1636, 3898, 8583, 19259]...: 11890244: ACCEPTED IN 22 TRIES, (AVG 540465.6363636364)
[1, 4, 10, 23, 57, 132, 301, 701, 1636, 3898, 8583, 19261]...: 16219883: ACCEPTED IN 30 TRIES, (AVG 540662.7666666667)
[1, 4, 10, 23, 57, 132, 301, 701, 1636, 3898, 8583, 19280]...: 15137514: ACCEPTED IN 28 TRIES, (AVG 540625.5)
[1, 4, 10, 23, 57, 132, 301, 701, 1636, 3898, 8583, 19281]...: 24337326: ACCEPTED IN 45 TRIES, (AVG 540829.4666666667)
[1, 4, 10, 23, 57, 132, 301, 701, 1636, 3898, 8583, 19283]...: 14054731: ACCEPTED IN 26 TRIES, (AVG 540566.5769230769)
[1, 4, 10, 23, 57, 132, 301, 701, 1636, 3898, 8583, 19284]...: 32992966: ACCEPTED IN 61 TRIES, (AVG 540868.2950819673)
[1, 4, 10, 23, 57, 132, 301, 701, 1636, 3898, 8583, 19285]...: 9183360: ACCEPTED IN 17 TRIES, (AVG 540197.6470588235)
[1, 4, 10, 23, 57, 132, 301, 701, 1636, 3898, 8583, 19286]...: 23795273: ACCEPTED IN 44 TRIES, (AVG 540801.6590909091)
[1, 4, 10, 23, 57, 132, 301, 701, 1636, 3898, 8583, 19287]...: 13514582: ACCEPTED IN 25 TRIES, (AVG 540583.28)
[1, 4, 10, 23, 57, 132, 301, 701, 1636, 3898, 8583, 19288]...: 14595014: ACCEPTED IN 27 TRIES, (AVG 540556.074074074)
[1, 4, 10, 23, 57, 132, 301, 701, 1636, 3898, 8583, 19289]...: 15137903: ACCEPTED IN 28 TRIES, (AVG 540639.3928571428)
[1, 4, 10, 23, 57, 132, 301, 701, 1636, 3898, 8583, 19290]...: 45440516: ACCEPTED IN 84 TRIES, (AVG 540958.5238095238)
[1, 4, 10, 23, 57, 132, 301, 701, 1636, 3898, 8583, 19293]...: 26500264: ACCEPTED IN 49 TRIES, (AVG 540821.7142857143)
[1, 4, 10, 23, 57, 132, 301, 701, 1636, 3898, 8583, 19315]...: 27042035: ACCEPTED IN 50 TRIES, (AVG 540840.7)
[1, 4, 10, 23, 57, 132, 301, 701, 1636, 3898, 8583, 19316]...: 22712336: ACCEPTED IN 42 TRIES, (AVG 540769.9047619047)
[1, 4, 10, 23, 57, 132, 301, 701, 1636, 3898, 8583, 19317]...: 13514605: ACCEPTED IN 25 TRIES, (AVG 540584.2)
[1, 4, 10, 23, 57, 132, 301, 701, 1636, 3898, 8583, 19318]...: 14054954: ACCEPTED IN 26 TRIES, (AVG 540575.1538461539)
[1, 4, 10, 23, 57, 132, 301, 701, 1636, 3898, 8583, 19319]...: 10266487: ACCEPTED IN 19 TRIES, (AVG 540341.4210526316)
[1, 4, 10, 23, 57, 132, 301, 701, 1636, 3898, 8583, 19320]...: 29748254: ACCEPTED IN 55 TRIES, (AVG 540877.3454545455)
[1, 4, 10, 23, 57, 132, 301, 701, 1636, 3898, 8583, 19321]...: 17302113: ACCEPTED IN 32 TRIES, (AVG 540691.03125)
[1, 4, 10, 23, 57, 132, 301, 701, 1636, 3898, 8583, 19322]...: 13514210: ACCEPTED IN 25 TRIES, (AVG 540568.4)
[1, 4, 10, 23, 57, 132, 301, 701, 1636, 3898, 8583, 19323]...: 23795938: ACCEPTED IN 44 TRIES, (AVG 540816.7727272727)
[1, 4, 10, 23, 57, 132, 301, 701, 1636, 3898, 8583, 19325]...: 9725782: ACCEPTED IN 18 TRIES, (AVG 540321.2222222222)
[1, 4, 10, 23, 57, 132, 301, 701, 1636, 3898, 8583, 19326]...: 23252522: ACCEPTED IN 43 TRIES, (AVG 540756.3255813953)
[1, 4, 10, 23, 57, 132, 301, 701, 1636, 3898, 8583, 19348]...: 14055231: ACCEPTED IN 26 TRIES, (AVG 540585.8076923077)
[1, 4, 10, 23, 57, 132, 301, 701, 1636, 3898, 8583, 19350]...: 27041750: ACCEPTED IN 50 TRIES, (AVG 540835.0)
[1, 4, 10, 23, 57, 132, 301, 701, 1636, 3898, 8583, 19351]...: 14054583: ACCEPTED IN 26 TRIES, (AVG 540560.8846153846)
[1, 4, 10, 23, 57, 132, 301, 701, 1636, 3898, 8583, 19352]...: 27582985: ACCEPTED IN 51 TRIES, (AVG 540842.8431372549)
[1, 4, 10, 23, 57, 132, 301, 701, 1636, 3898, 8583, 19353]...: 9726662: ACCEPTED IN 18 TRIES, (AVG 540370.1111111111)
[1, 4, 10, 23, 57, 132, 301, 701, 1636, 3898, 8583, 19354]...: 10808818: ACCEPTED IN 20 TRIES, (AVG 540440.9)
[1, 4, 10, 23, 57, 132, 301, 701, 1636, 3898, 8583, 19355]...: 23253286: ACCEPTED IN 43 TRIES, (AVG 540774.0930232558)
[1, 4, 10, 23, 57, 132, 301, 701, 1636, 3898, 8583, 19356]...: 20549361: ACCEPTED IN 38 TRIES, (AVG 540772.6578947369)
[1, 4, 10, 23, 57, 132, 301, 701, 1636, 3898, 8583, 19357]...: 38404756: ACCEPTED IN 71 TRIES, (AVG 540912.0563380282)
[1, 4, 10, 23, 57, 132, 301, 701, 1636, 3898, 8583, 19358]...: 7561759: ACCEPTED IN 14 TRIES, (AVG 540125.6428571428)
[1, 4, 10, 23, 57, 132, 301, 701, 1636, 3898, 8583, 19380]...: 17302469: ACCEPTED IN 32 TRIES, (AVG 540702.15625)
[1, 4, 10, 23, 57, 132, 301, 701, 1636, 3898, 8583, 19382]...: 16760648: ACCEPTED IN 31 TRIES, (AVG 540666.0645161291)
[1, 4, 10, 23, 57, 132, 301, 701, 1636, 3898, 8583, 19383]...: 29206544: ACCEPTED IN 54 TRIES, (AVG 540861.925925926)
[1, 4, 10, 23, 57, 132, 301, 701, 1636, 3898, 8583, 19384]...: 10267202: ACCEPTED IN 19 TRIES, (AVG 540379.052631579)
[1, 4, 10, 23, 57, 132, 301, 701, 1636, 3898, 8583, 19385]...: 14596323: ACCEPTED IN 27 TRIES, (AVG 540604.5555555555)
[1, 4, 10, 23, 57, 132, 301, 701, 1636, 3898, 8583, 19386]...: 21630854: ACCEPTED IN 40 TRIES, (AVG 540771.35)
[1, 4, 10, 23, 57, 132, 301, 701, 1636, 3898, 8583, 19387]...: 21090224: ACCEPTED IN 39 TRIES, (AVG 540774.9743589744)
[1, 4, 10, 23, 57, 132, 301, 701, 1636, 3898, 8583, 19388]...: 26501145: ACCEPTED IN 49 TRIES, (AVG 540839.693877551)
[1, 4, 10, 23, 57, 132, 301, 701, 1636, 3898, 8583, 19389]...: 37323676: ACCEPTED IN 69 TRIES, (AVG 540922.8405797102)
[1, 4, 10, 23, 57, 132, 301, 701, 1636, 3898, 8583, 19390]...: 33535544: ACCEPTED IN 62 TRIES, (AVG 540895.8709677419)
[1, 4, 10, 23, 57, 132, 301, 701, 1636, 3898, 8583, 19391]...: 23795139: ACCEPTED IN 44 TRIES, (AVG 540798.6136363636)
[1, 4, 10, 23, 57, 132, 301, 701, 1636, 3898, 8583, 19392]...: 22170079: ACCEPTED IN 41 TRIES, (AVG 540733.6341463415)
[1, 4, 10, 23, 57, 132, 301, 701, 1636, 3898, 8583, 19393]...: 83860683: ACCEPTED IN 155 TRIES, (AVG 541036.6645161291)
[1, 4, 10, 23, 57, 132, 301, 701, 1636, 3898, 8583, 19415]...: 44358524: ACCEPTED IN 82 TRIES, (AVG 540957.6097560975)
[1, 4, 10, 23, 57, 132, 301, 701, 1636, 3898, 8583, 19416]...: 10267626: ACCEPTED IN 19 TRIES, (AVG 540401.3684210526)
[1, 4, 10, 23, 57, 132, 301, 701, 1636, 3898, 8583, 19417]...: 45440251: ACCEPTED IN 84 TRIES, (AVG 540955.369047619)
[1, 4, 10, 23, 57, 132, 301, 701, 1636, 3898, 8583, 19418]...: 14055668: ACCEPTED IN 26 TRIES, (AVG 540602.6153846154)
[1, 4, 10, 23, 57, 132, 301, 701, 1636, 3898, 8583, 19419]...: 21090304: ACCEPTED IN 39 TRIES, (AVG 540777.0256410256)
[1, 4, 10, 23, 57, 132, 301, 701, 1636, 3898, 8583, 19420]...: 12431979: ACCEPTED IN 23 TRIES, (AVG 540520.8260869565)
[1, 4, 10, 23, 57, 132, 301, 701, 1636, 3898, 8583, 19421]...: 16760532: ACCEPTED IN 31 TRIES, (AVG 540662.3225806452)
[1, 4, 10, 23, 57, 132, 301, 701, 1636, 3898, 8583, 19422]...: 17302562: ACCEPTED IN 32 TRIES, (AVG 540705.0625)
[1, 4, 10, 23, 57, 132, 301, 701, 1636, 3898, 8583, 19424]...: 21089988: ACCEPTED IN 39 TRIES, (AVG 540768.9230769231)
[1, 4, 10, 23, 57, 132, 301, 701, 1636, 3898, 8583, 19425]...: 17843172: ACCEPTED IN 33 TRIES, (AVG 540702.1818181818)
[1, 4, 10, 23, 57, 132, 301, 701, 1636, 3898, 8583, 19447]...: 18384799: ACCEPTED IN 34 TRIES, (AVG 540729.3823529412)
[1, 4, 10, 23, 57, 132, 301, 701, 1636, 3898, 8583, 19449]...: 16759388: ACCEPTED IN 31 TRIES, (AVG 540625.4193548387)
[1, 4, 10, 23, 57, 132, 301, 701, 1636, 3898, 8583, 19450]...: 20547913: ACCEPTED IN 38 TRIES, (AVG 540734.552631579)
[1, 4, 10, 23, 57, 132, 301, 701, 1636, 3898, 8583, 19451]...: 18924758: ACCEPTED IN 35 TRIES, (AVG 540707.3714285714)
[1, 4, 10, 23, 57, 132, 301, 701, 1636, 3898, 8583, 19452]...: 58969334: ACCEPTED IN 109 TRIES, (AVG 541003.0642201835)
[1, 4, 10, 23, 57, 132, 301, 701, 1636, 3898, 8583, 19453]...: 25419314: ACCEPTED IN 47 TRIES, (AVG 540836.4680851063)
[1, 4, 10, 23, 57, 132, 301, 701, 1636, 3898, 8583, 19454]...: 26501463: ACCEPTED IN 49 TRIES, (AVG 540846.1836734693)
[1, 4, 10, 23, 57, 132, 301, 701, 1636, 3898, 8583, 19455]...: 15137898: ACCEPTED IN 28 TRIES, (AVG 540639.2142857143)
[1, 4, 10, 23, 57, 132, 301, 701, 1636, 3898, 8583, 19456]...: 7561801: ACCEPTED IN 14 TRIES, (AVG 540128.6428571428)
[1, 4, 10, 23, 57, 132, 301, 701, 1636, 3898, 8583, 19457]...: 30829709: ACCEPTED IN 57 TRIES, (AVG 540872.0877192982)
[1, 4, 10, 23, 57, 132, 301, 701, 1636, 3898, 8583, 19458]...: 16220145: ACCEPTED IN 30 TRIES, (AVG 540671.5)
[1, 4, 10, 23, 57, 132, 301, 701, 1636, 3898, 8583, 19459]...: 16760341: ACCEPTED IN 31 TRIES, (AVG 540656.1612903225)
[1, 4, 10, 23, 57, 132, 301, 701, 1636, 3898, 8583, 19482]...: 24876878: ACCEPTED IN 46 TRIES, (AVG 540801.695652174)
[1, 4, 10, 23, 57, 132, 301, 701, 1636, 3898, 8583, 19483]...: 13513222: ACCEPTED IN 25 TRIES, (AVG 540528.88)
[1, 4, 10, 23, 57, 132, 301, 701, 1636, 3898, 8583, 19484]...: 31371542: ACCEPTED IN 58 TRIES, (AVG 540888.6551724138)
[1, 4, 10, 23, 57, 132, 301, 701, 1636, 3898, 8583, 19485]...: 11890680: ACCEPTED IN 22 TRIES, (AVG 540485.4545454546)
[1, 4, 10, 23, 57, 132, 301, 701, 1636, 3898, 8583, 19486]...: 18382219: ACCEPTED IN 34 TRIES, (AVG 540653.5)
[1, 4, 10, 23, 57, 132, 301, 701, 1636, 3898, 8583, 19487]...: 20548135: ACCEPTED IN 38 TRIES, (AVG 540740.3947368421)
[1, 4, 10, 23, 57, 132, 301, 701, 1636, 3898, 8583, 19488]...: 13513184: ACCEPTED IN 25 TRIES, (AVG 540527.36)
[1, 4, 10, 23, 57, 132, 301, 701, 1636, 3898, 8583, 19489]...: 13514139: ACCEPTED IN 25 TRIES, (AVG 540565.56)
[1, 4, 10, 23, 57, 132, 301, 701, 1636, 3898, 8583, 19490]...: 45982545: ACCEPTED IN 85 TRIES, (AVG 540971.1176470588)
[1, 4, 10, 23, 57, 132, 301, 701, 1636, 3898, 8583, 19491]...: 14595651: ACCEPTED IN 27 TRIES, (AVG 540579.6666666666)
[1, 4, 10, 23, 57, 132, 301, 701, 1636, 3898, 8583, 19492]...: 27584092: ACCEPTED IN 51 TRIES, (AVG 540864.5490196078)
[1, 4, 10, 23, 57, 132, 301, 701, 1636, 3898, 8583, 19495]...: 15135881: ACCEPTED IN 28 TRIES, (AVG 540567.1785714285)
[1, 4, 10, 23, 57, 132, 301, 701, 1636, 3898, 8583, 19514]...: 10808232: ACCEPTED IN 20 TRIES, (AVG 540411.6)
[1, 4, 10, 23, 57, 132, 301, 701, 1636, 3898, 8583, 19517]...: 20548890: ACCEPTED IN 38 TRIES, (AVG 540760.2631578947)
[1, 4, 10, 23, 57, 132, 301, 701, 1636, 3898, 8583, 19518]...: 21089640: ACCEPTED IN 39 TRIES, (AVG 540760.0)
[1, 4, 10, 23, 57, 132, 301, 701, 1636, 3898, 8583, 19519]...: 15137660: ACCEPTED IN 28 TRIES, (AVG 540630.7142857143)
[1, 4, 10, 23, 57, 132, 301, 701, 1636, 3898, 8583, 19520]...: 14596769: ACCEPTED IN 27 TRIES, (AVG 540621.074074074)
[1, 4, 10, 23, 57, 132, 301, 701, 1636, 3898, 8583, 19521]...: 45439664: ACCEPTED IN 84 TRIES, (AVG 540948.380952381)
[1, 4, 10, 23, 57, 132, 301, 701, 1636, 3898, 8583, 19522]...: 14596869: ACCEPTED IN 27 TRIES, (AVG 540624.7777777778)
[1, 4, 10, 23, 57, 132, 301, 701, 1636, 3898, 8583, 19523]...: 25959092: ACCEPTED IN 48 TRIES, (AVG 540814.4166666666)
[1, 4, 10, 23, 57, 132, 301, 701, 1636, 3898, 8583, 19524]...: 28124201: ACCEPTED IN 52 TRIES, (AVG 540850.0192307692)
[1, 4, 10, 23, 57, 132, 301, 701, 1636, 3898, 8583, 19525]...: 13513054: ACCEPTED IN 25 TRIES, (AVG 540522.16)
[1, 4, 10, 23, 57, 132, 301, 701, 1636, 3898, 8583, 19527]...: 8102867: ACCEPTED IN 15 TRIES, (AVG 540191.1333333333)
[1, 4, 10, 23, 57, 132, 301, 701, 1636, 3898, 8583, 19548]...: 15137272: ACCEPTED IN 28 TRIES, (AVG 540616.8571428572)
[1, 4, 10, 23, 57, 132, 301, 701, 1636, 3898, 8583, 19549]...: 20548668: ACCEPTED IN 38 TRIES, (AVG 540754.4210526316)
[1, 4, 10, 23, 57, 132, 301, 701, 1636, 3898, 8583, 19550]...: 24876780: ACCEPTED IN 46 TRIES, (AVG 540799.5652173914)
[1, 4, 10, 23, 57, 132, 301, 701, 1636, 3898, 8583, 19551]...: 12971990: ACCEPTED IN 24 TRIES, (AVG 540499.5833333334)
[1, 4, 10, 23, 57, 132, 301, 701, 1636, 3898, 8583, 19552]...: 15136943: ACCEPTED IN 28 TRIES, (AVG 540605.1071428572)
[1, 4, 10, 23, 57, 132, 301, 701, 1636, 3898, 8583, 19553]...: 29207304: ACCEPTED IN 54 TRIES, (AVG 540876.0)
[1, 4, 10, 23, 57, 132, 301, 701, 1636, 3898, 8583, 19554]...: 23251406: ACCEPTED IN 43 TRIES, (AVG 540730.3720930233)
[1, 4, 10, 23, 57, 132, 301, 701, 1636, 3898, 8583, 19555]...: 16219847: ACCEPTED IN 30 TRIES, (AVG 540661.5666666667)
[1, 4, 10, 23, 57, 132, 301, 701, 1636, 3898, 8583, 19556]...: 23795733: ACCEPTED IN 44 TRIES, (AVG 540812.1136363636)
[1, 4, 10, 23, 57, 132, 301, 701, 1636, 3898, 8583, 19557]...: 27041859: ACCEPTED IN 50 TRIES, (AVG 540837.18)
[1, 4, 10, 23, 57, 132, 301, 701, 1636, 3898, 8583, 19558]...: 15678960: ACCEPTED IN 29 TRIES, (AVG 540653.7931034482)
[1, 4, 10, 23, 57, 132, 301, 701, 1636, 3898, 8583, 19559]...: 34618024: ACCEPTED IN 64 TRIES, (AVG 540906.625)
[1, 4, 10, 23, 57, 132, 301, 701, 1636, 3898, 8583, 19560]...: 14055602: ACCEPTED IN 26 TRIES, (AVG 540600.0769230769)
[1, 4, 10, 23, 57, 132, 301, 701, 1636, 3898, 8583, 19581]...: 16761349: ACCEPTED IN 31 TRIES, (AVG 540688.6774193548)
[1, 4, 10, 23, 57, 132, 301, 701, 1636, 3898, 8583, 19582]...: 23253100: ACCEPTED IN 43 TRIES, (AVG 540769.7674418605)
[1, 4, 10, 23, 57, 132, 301, 701, 1636, 3898, 8583, 19584]...: 24876718: ACCEPTED IN 46 TRIES, (AVG 540798.2173913043)
[1, 4, 10, 23, 57, 132, 301, 701, 1636, 3898, 8583, 19585]...: 13512709: ACCEPTED IN 25 TRIES, (AVG 540508.36)
[1, 4, 10, 23, 57, 132, 301, 701, 1636, 3898, 8583, 19586]...: 8643526: ACCEPTED IN 16 TRIES, (AVG 540220.375)
[1, 4, 10, 23, 57, 132, 301, 701, 1636, 3898, 8583, 19587]...: 12431502: ACCEPTED IN 23 TRIES, (AVG 540500.0869565217)
[1, 4, 10, 23, 57, 132, 301, 701, 1636, 3898, 8583, 19588]...: 10267318: ACCEPTED IN 19 TRIES, (AVG 540385.1578947369)
[1, 4, 10, 23, 57, 132, 301, 701, 1636, 3898, 8583, 19589]...: 16761200: ACCEPTED IN 31 TRIES, (AVG 540683.8709677419)
[1, 4, 10, 23, 57, 132, 301, 701, 1636, 3898, 8583, 19590]...: 16220123: ACCEPTED IN 30 TRIES, (AVG 540670.7666666667)
[1, 4, 10, 23, 57, 132, 301, 701, 1636, 3898, 8583, 19591]...: 37324102: ACCEPTED IN 69 TRIES, (AVG 540929.0144927537)
[1, 4, 10, 23, 57, 132, 301, 701, 1636, 3898, 8583, 19594]...: 51393346: ACCEPTED IN 95 TRIES, (AVG 540982.5894736842)
[1, 4, 10, 23, 57, 132, 301, 701, 1636, 3898, 8583, 19616]...: 16761352: ACCEPTED IN 31 TRIES, (AVG 540688.7741935484)
[1, 4, 10, 23, 57, 132, 301, 701, 1636, 3898, 8583, 19617]...: 16759462: ACCEPTED IN 31 TRIES, (AVG 540627.8064516129)
[1, 4, 10, 23, 57, 132, 301, 701, 1636, 3898, 8583, 19618]...: 48687398: ACCEPTED IN 90 TRIES, (AVG 540971.088888889)
[1, 4, 10, 23, 57, 132, 301, 701, 1636, 3898, 8583, 19619]...: 25959846: ACCEPTED IN 48 TRIES, (AVG 540830.125)
[1, 4, 10, 23, 57, 132, 301, 701, 1636, 3898, 8583, 19620]...: 17302358: ACCEPTED IN 32 TRIES, (AVG 540698.6875)
[1, 4, 10, 23, 57, 132, 301, 701, 1636, 3898, 8583, 19621]...: 17302214: ACCEPTED IN 32 TRIES, (AVG 540694.1875)
[1, 4, 10, 23, 57, 132, 301, 701, 1636, 3898, 8583, 19622]...: 12430247: ACCEPTED IN 23 TRIES, (AVG 540445.5217391305)
[1, 4, 10, 23, 57, 132, 301, 701, 1636, 3898, 8583, 19623]...: 12431662: ACCEPTED IN 23 TRIES, (AVG 540507.0434782609)
[1, 4, 10, 23, 57, 132, 301, 701, 1636, 3898, 8583, 19624]...: 14055594: ACCEPTED IN 26 TRIES, (AVG 540599.7692307692)
[1, 4, 10, 23, 57, 132, 301, 701, 1636, 3898, 8583, 19626]...: 32994563: ACCEPTED IN 61 TRIES, (AVG 540894.475409836)
[1, 4, 10, 23, 57, 132, 301, 701, 1636, 3898, 8583, 19627]...: 12430478: ACCEPTED IN 23 TRIES, (AVG 540455.5652173914)
[1, 4, 10, 23, 57, 132, 301, 701, 1636, 3898, 8583, 19649]...: 13514600: ACCEPTED IN 25 TRIES, (AVG 540584.0)
[1, 4, 10, 23, 57, 132, 301, 701, 1636, 3898, 8583, 19650]...: 16759437: ACCEPTED IN 31 TRIES, (AVG 540627.0)
[1, 4, 10, 23, 57, 132, 301, 701, 1636, 3898, 8583, 19652]...: 21090077: ACCEPTED IN 39 TRIES, (AVG 540771.2051282051)
[1, 4, 10, 23, 57, 132, 301, 701, 1636, 3898, 8583, 19653]...: 42735547: ACCEPTED IN 79 TRIES, (AVG 540956.2911392405)
[1, 4, 10, 23, 57, 132, 301, 701, 1636, 3898, 8583, 19654]...: 22713042: ACCEPTED IN 42 TRIES, (AVG 540786.7142857143)
[1, 4, 10, 23, 57, 132, 301, 701, 1636, 3898, 8583, 19655]...: 14596385: ACCEPTED IN 27 TRIES, (AVG 540606.8518518518)
[1, 4, 10, 23, 57, 132, 301, 701, 1636, 3898, 8583, 19656]...: 16758142: ACCEPTED IN 31 TRIES, (AVG 540585.2258064516)
[1, 4, 10, 23, 57, 132, 301, 701, 1636, 3898, 8583, 19657]...: 20548657: ACCEPTED IN 38 TRIES, (AVG 540754.1315789474)
[1, 4, 10, 23, 57, 132, 301, 701, 1636, 3898, 8583, 19658]...: 10266869: ACCEPTED IN 19 TRIES, (AVG 540361.5263157894)
[1, 4, 10, 23, 57, 132, 301, 701, 1636, 3898, 8583, 19659]...: 16219637: ACCEPTED IN 30 TRIES, (AVG 540654.5666666667)
[1, 4, 10, 23, 57, 132, 301, 701, 1636, 3898, 8583, 19680]...: 27042908: ACCEPTED IN 50 TRIES, (AVG 540858.16)
[1, 4, 10, 23, 57, 132, 301, 701, 1636, 3898, 8583, 19681]...: 15137151: ACCEPTED IN 28 TRIES, (AVG 540612.5357142857)
[1, 4, 10, 23, 57, 132, 301, 701, 1636, 3898, 8583, 19683]...: 17301083: ACCEPTED IN 32 TRIES, (AVG 540658.84375)
[1, 4, 10, 23, 57, 132, 301, 701, 1636, 3898, 8583, 19684]...: 20005981: ACCEPTED IN 37 TRIES, (AVG 540702.1891891892)
[1, 4, 10, 23, 57, 132, 301, 701, 1636, 3898, 8583, 19685]...: 11889858: ACCEPTED IN 22 TRIES, (AVG 540448.0909090909)
[1, 4, 10, 23, 57, 132, 301, 701, 1636, 3898, 8583, 19686]...: 17843249: ACCEPTED IN 33 TRIES, (AVG 540704.5151515151)
[1, 4, 10, 23, 57, 132, 301, 701, 1636, 3898, 8583, 19687]...: 10807230: ACCEPTED IN 20 TRIES, (AVG 540361.5)
[1, 4, 10, 23, 57, 132, 301, 701, 1636, 3898, 8583, 19688]...: 23795099: ACCEPTED IN 44 TRIES, (AVG 540797.7045454546)
[1, 4, 10, 23, 57, 132, 301, 701, 1636, 3898, 8583, 19689]...: 16219282: ACCEPTED IN 30 TRIES, (AVG 540642.7333333333)
[1, 4, 10, 23, 57, 132, 301, 701, 1636, 3898, 8583, 19690]...: 15137613: ACCEPTED IN 28 TRIES, (AVG 540629.0357142857)
[1, 4, 10, 23, 57, 132, 301, 701, 1636, 3898, 8583, 19691]...: 12431120: ACCEPTED IN 23 TRIES, (AVG 540483.4782608695)
[1, 4, 10, 23, 57, 132, 301, 701, 1636, 3898, 8583, 19692]...: 14054315: ACCEPTED IN 26 TRIES, (AVG 540550.5769230769)
[1, 4, 10, 23, 57, 132, 301, 701, 1636, 3898, 8583, 19693]...: 67626954: ACCEPTED IN 125 TRIES, (AVG 541015.632)
[1, 4, 10, 23, 57, 132, 301, 701, 1636, 3898, 8583, 19716]...: 24876521: ACCEPTED IN 46 TRIES, (AVG 540793.9347826086)
[1, 4, 10, 23, 57, 132, 301, 701, 1636, 3898, 8583, 19717]...: 12429980: ACCEPTED IN 23 TRIES, (AVG 540433.9130434783)
[1, 4, 10, 23, 57, 132, 301, 701, 1636, 3898, 8583, 19718]...: 10807662: ACCEPTED IN 20 TRIES, (AVG 540383.1)
[1, 4, 10, 23, 57, 132, 301, 701, 1636, 3898, 8583, 19719]...: 8100770: ACCEPTED IN 15 TRIES, (AVG 540051.3333333334)
[1, 4, 10, 23, 57, 132, 301, 701, 1636, 3898, 8583, 19720]...: 17842873: ACCEPTED IN 33 TRIES, (AVG 540693.1212121212)
[1, 4, 10, 23, 57, 132, 301, 701, 1636, 3898, 8583, 19721]...: 12972415: ACCEPTED IN 24 TRIES, (AVG 540517.2916666666)
[1, 4, 10, 23, 57, 132, 301, 701, 1636, 3898, 8583, 19722]...: 6476904: ACCEPTED IN 12 TRIES, (AVG 539742.0)
[1, 4, 10, 23, 57, 132, 301, 701, 1636, 3898, 8583, 19723]...: 16218496: ACCEPTED IN 30 TRIES, (AVG 540616.5333333333)
[1, 4, 10, 23, 57, 132, 301, 701, 1636, 3898, 8583, 19725]...: 9725031: ACCEPTED IN 18 TRIES, (AVG 540279.5)
[1, 4, 10, 23, 57, 132, 301, 701, 1636, 3898, 8583, 19726]...: 18384556: ACCEPTED IN 34 TRIES, (AVG 540722.2352941176)
[1, 4, 10, 23, 57, 132, 301, 701, 1636, 3898, 8583, 19729]...: 49228038: ACCEPTED IN 91 TRIES, (AVG 540967.4505494506)
[1, 4, 10, 23, 57, 132, 301, 701, 1636, 3898, 8583, 19748]...: 12431713: ACCEPTED IN 23 TRIES, (AVG 540509.2608695652)
[1, 4, 10, 23, 57, 132, 301, 701, 1636, 3898, 8583, 19750]...: 25959575: ACCEPTED IN 48 TRIES, (AVG 540824.4791666666)
[1, 4, 10, 23, 57, 132, 301, 701, 1636, 3898, 8583, 19751]...: 16220217: ACCEPTED IN 30 TRIES, (AVG 540673.9)
[1, 4, 10, 23, 57, 132, 301, 701, 1636, 3898, 8583, 19752]...: 13514188: ACCEPTED IN 25 TRIES, (AVG 540567.52)
[1, 4, 10, 23, 57, 132, 301, 701, 1636, 3898, 8583, 19753]...: 40570974: ACCEPTED IN 75 TRIES, (AVG 540946.32)
[1, 4, 10, 23, 57, 132, 301, 701, 1636, 3898, 8583, 19754]...: 24875287: ACCEPTED IN 46 TRIES, (AVG 540767.1086956522)
[1, 4, 10, 23, 57, 132, 301, 701, 1636, 3898, 8583, 19755]...: 32993636: ACCEPTED IN 61 TRIES, (AVG 540879.2786885246)
[1, 4, 10, 23, 57, 132, 301, 701, 1636, 3898, 8583, 19756]...: 11890217: ACCEPTED IN 22 TRIES, (AVG 540464.4090909091)
[1, 4, 10, 23, 57, 132, 301, 701, 1636, 3898, 8583, 19757]...: 12431240: ACCEPTED IN 23 TRIES, (AVG 540488.695652174)
[1, 4, 10, 23, 57, 132, 301, 701, 1636, 3898, 8583, 19758]...: 12432255: ACCEPTED IN 23 TRIES, (AVG 540532.8260869565)
[1, 4, 10, 23, 57, 132, 301, 701, 1636, 3898, 8583, 19759]...: 16761050: ACCEPTED IN 31 TRIES, (AVG 540679.0322580645)
[1, 4, 10, 23, 57, 132, 301, 701, 1636, 3898, 8583, 19760]...: 23252868: ACCEPTED IN 43 TRIES, (AVG 540764.3720930233)
[1, 4, 10, 23, 57, 132, 301, 701, 1636, 3898, 8583, 19782]...: 18924563: ACCEPTED IN 35 TRIES, (AVG 540701.8)
[1, 4, 10, 23, 57, 132, 301, 701, 1636, 3898, 8583, 19783]...: 22713278: ACCEPTED IN 42 TRIES, (AVG 540792.3333333334)
[1, 4, 10, 23, 57, 132, 301, 701, 1636, 3898, 8583, 19784]...: 12431611: ACCEPTED IN 23 TRIES, (AVG 540504.8260869565)
[1, 4, 10, 23, 57, 132, 301, 701, 1636, 3898, 8583, 19785]...: 13514410: ACCEPTED IN 25 TRIES, (AVG 540576.4)
[1, 4, 10, 23, 57, 132, 301, 701, 1636, 3898, 8583, 19786]...: 16219735: ACCEPTED IN 30 TRIES, (AVG 540657.8333333334)
[1, 4, 10, 23, 57, 132, 301, 701, 1636, 3898, 8583, 19787]...: 12973129: ACCEPTED IN 24 TRIES, (AVG 540547.0416666666)
[1, 4, 10, 23, 57, 132, 301, 701, 1636, 3898, 8583, 19788]...: 12972688: ACCEPTED IN 24 TRIES, (AVG 540528.6666666666)
[1, 4, 10, 23, 57, 132, 301, 701, 1636, 3898, 8583, 19789]...: 14594105: ACCEPTED IN 27 TRIES, (AVG 540522.4074074074)
[1, 4, 10, 23, 57, 132, 301, 701, 1636, 3898, 8583, 19790]...: 17842672: ACCEPTED IN 33 TRIES, (AVG 540687.0303030303)
[1, 4, 10, 23, 57, 132, 301, 701, 1636, 3898, 8583, 19791]...: 22171818: ACCEPTED IN 41 TRIES, (AVG 540776.0487804879)
[1, 4, 10, 23, 57, 132, 301, 701, 1636, 3898, 8583, 19792]...: 16761390: ACCEPTED IN 31 TRIES, (AVG 540690.0)
[1, 4, 10, 23, 57, 132, 301, 701, 1636, 3898, 8583, 19793]...: 15137972: ACCEPTED IN 28 TRIES, (AVG 540641.8571428572)
[1, 4, 10, 23, 57, 132, 301, 701, 1636, 3898, 8583, 19815]...: 20547323: ACCEPTED IN 38 TRIES, (AVG 540719.0263157894)
[1, 4, 10, 23, 57, 132, 301, 701, 1636, 3898, 8583, 19818]...: 11889583: ACCEPTED IN 22 TRIES, (AVG 540435.5909090909)
[1, 4, 10, 23, 57, 132, 301, 701, 1636, 3898, 8583, 19819]...: 21631552: ACCEPTED IN 40 TRIES, (AVG 540788.8)
[1, 4, 10, 23, 57, 132, 301, 701, 1636, 3898, 8583, 19820]...: 19465396: ACCEPTED IN 36 TRIES, (AVG 540705.4444444445)
[1, 4, 10, 23, 57, 132, 301, 701, 1636, 3898, 8583, 19821]...: 13513984: ACCEPTED IN 25 TRIES, (AVG 540559.36)
[1, 4, 10, 23, 57, 132, 301, 701, 1636, 3898, 8583, 19822]...: 10267652: ACCEPTED IN 19 TRIES, (AVG 540402.7368421053)
[1, 4, 10, 23, 57, 132, 301, 701, 1636, 3898, 8583, 19823]...: 11891123: ACCEPTED IN 22 TRIES, (AVG 540505.5909090909)
[1, 4, 10, 23, 57, 132, 301, 701, 1636, 3898, 8583, 19824]...: 12971367: ACCEPTED IN 24 TRIES, (AVG 540473.625)
[1, 4, 10, 23, 57, 132, 301, 701, 1636, 3898, 8583, 19825]...: 16759453: ACCEPTED IN 31 TRIES, (AVG 540627.5161290322)
[1, 4, 10, 23, 57, 132, 301, 701, 1636, 3898, 8583, 19828]...: 32454054: ACCEPTED IN 60 TRIES, (AVG 540900.9)
[1, 4, 10, 23, 57, 132, 301, 701, 1636, 3898, 8583, 19849]...: 14596809: ACCEPTED IN 27 TRIES, (AVG 540622.5555555555)
[1, 4, 10, 23, 57, 132, 301, 701, 1636, 3898, 8583, 19850]...: 22171796: ACCEPTED IN 41 TRIES, (AVG 540775.512195122)
[1, 4, 10, 23, 57, 132, 301, 701, 1636, 3898, 8583, 19851]...: 16760248: ACCEPTED IN 31 TRIES, (AVG 540653.1612903225)
[1, 4, 10, 23, 57, 132, 301, 701, 1636, 3898, 8583, 19852]...: 8101772: ACCEPTED IN 15 TRIES, (AVG 540118.1333333333)
[1, 4, 10, 23, 57, 132, 301, 701, 1636, 3898, 8583, 19853]...: 15678399: ACCEPTED IN 29 TRIES, (AVG 540634.448275862)
[1, 4, 10, 23, 57, 132, 301, 701, 1636, 3898, 8583, 19854]...: 5396108: ACCEPTED IN 10 TRIES, (AVG 539610.8)
[1, 4, 10, 23, 57, 132, 301, 701, 1636, 3898, 8583, 19855]...: 14054619: ACCEPTED IN 26 TRIES, (AVG 540562.2692307692)
[1, 4, 10, 23, 57, 132, 301, 701, 1636, 3898, 8583, 19856]...: 27042092: ACCEPTED IN 50 TRIES, (AVG 540841.84)
[1, 4, 10, 23, 57, 132, 301, 701, 1636, 3898, 8583, 19857]...: 17302006: ACCEPTED IN 32 TRIES, (AVG 540687.6875)
[1, 4, 10, 23, 57, 132, 301, 701, 1636, 3898, 8583, 19858]...: 8102002: ACCEPTED IN 15 TRIES, (AVG 540133.4666666667)
[1, 4, 10, 23, 57, 132, 301, 701, 1636, 3898, 8583, 19859]...: 38406668: ACCEPTED IN 71 TRIES, (AVG 540938.985915493)
[1, 4, 10, 23, 57, 132, 301, 701, 1636, 3898, 8583, 19860]...: 22169777: ACCEPTED IN 41 TRIES, (AVG 540726.268292683)
[1, 4, 10, 23, 57, 132, 301, 701, 1636, 3898, 8583, 19861]...: 9726496: ACCEPTED IN 18 TRIES, (AVG 540360.8888888889)
[1, 4, 10, 23, 57, 132, 301, 701, 1636, 3898, 8583, 19882]...: 23796130: ACCEPTED IN 44 TRIES, (AVG 540821.1363636364)
[1, 4, 10, 23, 57, 132, 301, 701, 1636, 3898, 8583, 19883]...: 11891193: ACCEPTED IN 22 TRIES, (AVG 540508.7727272727)
[1, 4, 10, 23, 57, 132, 301, 701, 1636, 3898, 8583, 19884]...: 24877268: ACCEPTED IN 46 TRIES, (AVG 540810.1739130435)
[1, 4, 10, 23, 57, 132, 301, 701, 1636, 3898, 8583, 19885]...: 16760993: ACCEPTED IN 31 TRIES, (AVG 540677.1935483871)
[1, 4, 10, 23, 57, 132, 301, 701, 1636, 3898, 8583, 19886]...: 19466088: ACCEPTED IN 36 TRIES, (AVG 540724.6666666666)
[1, 4, 10, 23, 57, 132, 301, 701, 1636, 3898, 8583, 19887]...: 15678944: ACCEPTED IN 29 TRIES, (AVG 540653.2413793104)
[1, 4, 10, 23, 57, 132, 301, 701, 1636, 3898, 8583, 19888]...: 34617634: ACCEPTED IN 64 TRIES, (AVG 540900.53125)
[1, 4, 10, 23, 57, 132, 301, 701, 1636, 3898, 8583, 19889]...: 12972731: ACCEPTED IN 24 TRIES, (AVG 540530.4583333334)
[1, 4, 10, 23, 57, 132, 301, 701, 1636, 3898, 8583, 19890]...: 9725223: ACCEPTED IN 18 TRIES, (AVG 540290.1666666666)
[1, 4, 10, 23, 57, 132, 301, 701, 1636, 3898, 8583, 19891]...: 16219334: ACCEPTED IN 30 TRIES, (AVG 540644.4666666667)
[1, 4, 10, 23, 57, 132, 301, 701, 1636, 3898, 8583, 19892]...: 33535801: ACCEPTED IN 62 TRIES, (AVG 540900.0161290322)
[1, 4, 10, 23, 57, 132, 301, 701, 1636, 3898, 8583, 19895]...: 27041559: ACCEPTED IN 50 TRIES, (AVG 540831.18)
[1, 4, 10, 23, 57, 132, 301, 701, 1636, 3898, 8583, 19914]...: 20548069: ACCEPTED IN 38 TRIES, (AVG 540738.6578947369)
[1, 4, 10, 23, 57, 132, 301, 701, 1636, 3898, 8583, 19917]...: 16218987: ACCEPTED IN 30 TRIES, (AVG 540632.9)
[1, 4, 10, 23, 57, 132, 301, 701, 1636, 3898, 8583, 19918]...: 16217729: ACCEPTED IN 30 TRIES, (AVG 540590.9666666667)
[1, 4, 10, 23, 57, 132, 301, 701, 1636, 3898, 8583, 19919]...: 12972538: ACCEPTED IN 24 TRIES, (AVG 540522.4166666666)
[1, 4, 10, 23, 57, 132, 301, 701, 1636, 3898, 8583, 19920]...: 20549009: ACCEPTED IN 38 TRIES, (AVG 540763.3947368421)
[1, 4, 10, 23, 57, 132, 301, 701, 1636, 3898, 8583, 19921]...: 14594718: ACCEPTED IN 27 TRIES, (AVG 540545.1111111111)
[1, 4, 10, 23, 57, 132, 301, 701, 1636, 3898, 8583, 19922]...: 15137795: ACCEPTED IN 28 TRIES, (AVG 540635.5357142857)
[1, 4, 10, 23, 57, 132, 301, 701, 1636, 3898, 8583, 19923]...: 9185294: ACCEPTED IN 17 TRIES, (AVG 540311.4117647059)
[1, 4, 10, 23, 57, 132, 301, 701, 1636, 3898, 8583, 19924]...: 16218835: ACCEPTED IN 30 TRIES, (AVG 540627.8333333334)
[1, 4, 10, 23, 57, 132, 301, 701, 1636, 3898, 8583, 19925]...: 16759823: ACCEPTED IN 31 TRIES, (AVG 540639.4516129033)
[1, 4, 10, 23, 57, 132, 301, 701, 1636, 3898, 8583, 19927]...: 12431893: ACCEPTED IN 23 TRIES, (AVG 540517.0869565217)
[1, 4, 10, 23, 57, 132, 301, 701, 1636, 3898, 8583, 19950]...: 14053447: ACCEPTED IN 26 TRIES, (AVG 540517.1923076923)
[1, 4, 10, 23, 57, 132, 301, 701, 1636, 3898, 8583, 19951]...: 16219714: ACCEPTED IN 30 TRIES, (AVG 540657.1333333333)
[1, 4, 10, 23, 57, 132, 301, 701, 1636, 3898, 8583, 19952]...: 32995163: ACCEPTED IN 61 TRIES, (AVG 540904.3114754099)
[1, 4, 10, 23, 57, 132, 301, 701, 1636, 3898, 8583, 19953]...: 21630502: ACCEPTED IN 40 TRIES, (AVG 540762.55)
[1, 4, 10, 23, 57, 132, 301, 701, 1636, 3898, 8583, 19954]...: 11890012: ACCEPTED IN 22 TRIES, (AVG 540455.0909090909)
[1, 4, 10, 23, 57, 132, 301, 701, 1636, 3898, 8583, 19955]...: 16218536: ACCEPTED IN 30 TRIES, (AVG 540617.8666666667)
[1, 4, 10, 23, 57, 132, 301, 701, 1636, 3898, 8583, 19956]...: 15676398: ACCEPTED IN 29 TRIES, (AVG 540565.448275862)
[1, 4, 10, 23, 57, 132, 301, 701, 1636, 3898, 8583, 19957]...: 14054205: ACCEPTED IN 26 TRIES, (AVG 540546.3461538461)
[1, 4, 10, 23, 57, 132, 301, 701, 1636, 3898, 8583, 19958]...: 12431525: ACCEPTED IN 23 TRIES, (AVG 540501.0869565217)
[1, 4, 10, 23, 57, 132, 301, 701, 1636, 3898, 8583, 19959]...: 20007190: ACCEPTED IN 37 TRIES, (AVG 540734.8648648649)
[1, 4, 10, 23, 57, 132, 301, 701, 1636, 3898, 8583, 19960]...: 8643807: ACCEPTED IN 16 TRIES, (AVG 540237.9375)
[1, 4, 10, 23, 57, 132, 301, 701, 1636, 3898, 8583, 19981]...: 11889853: ACCEPTED IN 22 TRIES, (AVG 540447.8636363636)
[1, 4, 10, 23, 57, 132, 301, 701, 1636, 3898, 8583, 19982]...: 15678744: ACCEPTED IN 29 TRIES, (AVG 540646.3448275862)
[1, 4, 10, 23, 57, 132, 301, 701, 1636, 3898, 8583, 19984]...: 16218541: ACCEPTED IN 30 TRIES, (AVG 540618.0333333333)
[1, 4, 10, 23, 57, 132, 301, 701, 1636, 3898, 8583, 19985]...: 14596713: ACCEPTED IN 27 TRIES, (AVG 540619.0)
[1, 4, 10, 23, 57, 132, 301, 701, 1636, 3898, 8583, 19986]...: 9185365: ACCEPTED IN 17 TRIES, (AVG 540315.5882352941)
[1, 4, 10, 23, 57, 132, 301, 701, 1636, 3898, 8583, 19987]...: 14593926: ACCEPTED IN 27 TRIES, (AVG 540515.7777777778)
[1, 4, 10, 23, 57, 132, 301, 701, 1636, 3898, 8583, 19988]...: 14053947: ACCEPTED IN 26 TRIES, (AVG 540536.4230769231)
[1, 4, 10, 23, 57, 132, 301, 701, 1636, 3898, 8583, 19989]...: 7562041: ACCEPTED IN 14 TRIES, (AVG 540145.7857142857)
[1, 4, 10, 23, 57, 132, 301, 701, 1636, 3898, 8583, 19990]...: 12431436: ACCEPTED IN 23 TRIES, (AVG 540497.2173913043)
[1, 4, 10, 23, 57, 132, 301, 701, 1636, 3898, 8583, 19991]...: 20007618: ACCEPTED IN 37 TRIES, (AVG 540746.4324324324)
[1, 4, 10, 23, 57, 132, 301, 701, 1636, 3898, 8583, 19992]...: 10264723: ACCEPTED IN 19 TRIES, (AVG 540248.5789473684)
[1, 4, 10, 23, 57, 132, 301, 701, 1636, 3898, 8583, 19993]...: 13513807: ACCEPTED IN 25 TRIES, (AVG 540552.28)
[1, 4, 10, 23, 57, 132, 301, 701, 1636, 3898, 8583, 19994]...: 17843701: ACCEPTED IN 33 TRIES, (AVG 540718.2121212122)
[1, 4, 10, 23, 57, 132, 301, 701, 1636, 3898, 8583, 20016]...: 20547944: ACCEPTED IN 38 TRIES, (AVG 540735.3684210526)
[1, 4, 10, 23, 57, 132, 301, 701, 1636, 3898, 8583, 20017]...: 23795390: ACCEPTED IN 44 TRIES, (AVG 540804.3181818182)
[1, 4, 10, 23, 57, 132, 301, 701, 1636, 3898, 8583, 20018]...: 17301769: ACCEPTED IN 32 TRIES, (AVG 540680.28125)
[1, 4, 10, 23, 57, 132, 301, 701, 1636, 3898, 8583, 20019]...: 5397266: ACCEPTED IN 10 TRIES, (AVG 539726.6)
[1, 4, 10, 23, 57, 132, 301, 701, 1636, 3898, 8583, 20020]...: 14596865: ACCEPTED IN 27 TRIES, (AVG 540624.6296296297)
[1, 4, 10, 23, 57, 132, 301, 701, 1636, 3898, 8583, 20021]...: 15678668: ACCEPTED IN 29 TRIES, (AVG 540643.724137931)
[1, 4, 10, 23, 57, 132, 301, 701, 1636, 3898, 8583, 20022]...: 14053813: ACCEPTED IN 26 TRIES, (AVG 540531.2692307692)
[1, 4, 10, 23, 57, 132, 301, 701, 1636, 3898, 8583, 20023]...: 12972005: ACCEPTED IN 24 TRIES, (AVG 540500.2083333334)
[1, 4, 10, 23, 57, 132, 301, 701, 1636, 3898, 8583, 20024]...: 16220242: ACCEPTED IN 30 TRIES, (AVG 540674.7333333333)
[1, 4, 10, 23, 57, 132, 301, 701, 1636, 3898, 8583, 20026]...: 16760913: ACCEPTED IN 31 TRIES, (AVG 540674.6129032258)
[1, 4, 10, 23, 57, 132, 301, 701, 1636, 3898, 8583, 20027]...: 12431958: ACCEPTED IN 23 TRIES, (AVG 540519.9130434783)
[1, 4, 10, 23, 57, 132, 301, 701, 1636, 3898, 8583, 20049]...: 25419032: ACCEPTED IN 47 TRIES, (AVG 540830.4680851063)
[1, 4, 10, 23, 57, 132, 301, 701, 1636, 3898, 8583, 20051]...: 10808385: ACCEPTED IN 20 TRIES, (AVG 540419.25)
[1, 4, 10, 23, 57, 132, 301, 701, 1636, 3898, 8583, 20052]...: 14054616: ACCEPTED IN 26 TRIES, (AVG 540562.1538461539)
[1, 4, 10, 23, 57, 132, 301, 701, 1636, 3898, 8583, 20053]...: 12431636: ACCEPTED IN 23 TRIES, (AVG 540505.9130434783)
[1, 4, 10, 23, 57, 132, 301, 701, 1636, 3898, 8583, 20054]...: 15136176: ACCEPTED IN 28 TRIES, (AVG 540577.7142857143)
[1, 4, 10, 23, 57, 132, 301, 701, 1636, 3898, 8583, 20055]...: 12430627: ACCEPTED IN 23 TRIES, (AVG 540462.0434782609)
[1, 4, 10, 23, 57, 132, 301, 701, 1636, 3898, 8583, 20056]...: 16760521: ACCEPTED IN 31 TRIES, (AVG 540661.9677419355)
[1, 4, 10, 23, 57, 132, 301, 701, 1636, 3898, 8583, 20057]...: 10266560: ACCEPTED IN 19 TRIES, (AVG 540345.2631578947)
[1, 4, 10, 23, 57, 132, 301, 701, 1636, 3898, 8583, 20058]...: 14054898: ACCEPTED IN 26 TRIES, (AVG 540573.0)
[1, 4, 10, 23, 57, 132, 301, 701, 1636, 3898, 8583, 20059]...: 16761114: ACCEPTED IN 31 TRIES, (AVG 540681.0967741936)
[1, 4, 10, 23, 57, 132, 301, 701, 1636, 3898, 8583, 20083]...: 19466810: ACCEPTED IN 36 TRIES, (AVG 540744.7222222222)
[1, 4, 10, 23, 57, 132, 301, 701, 1636, 3898, 8583, 20084]...: 10808741: ACCEPTED IN 20 TRIES, (AVG 540437.05)
[1, 4, 10, 23, 57, 132, 301, 701, 1636, 3898, 8583, 20085]...: 16219634: ACCEPTED IN 30 TRIES, (AVG 540654.4666666667)
[1, 4, 10, 23, 57, 132, 301, 701, 1636, 3898, 8583, 20086]...: 7019788: ACCEPTED IN 13 TRIES, (AVG 539983.6923076923)
[1, 4, 10, 23, 57, 132, 301, 701, 1636, 3898, 8583, 20087]...: 11890743: ACCEPTED IN 22 TRIES, (AVG 540488.3181818182)
[1, 4, 10, 23, 57, 132, 301, 701, 1636, 3898, 8583, 20088]...: 12972759: ACCEPTED IN 24 TRIES, (AVG 540531.625)
[1, 4, 10, 23, 57, 132, 301, 701, 1636, 3898, 8583, 20089]...: 14596879: ACCEPTED IN 27 TRIES, (AVG 540625.1481481482)
[1, 4, 10, 23, 57, 132, 301, 701, 1636, 3898, 8583, 20090]...: 8644314: ACCEPTED IN 16 TRIES, (AVG 540269.625)
[1, 4, 10, 23, 57, 132, 301, 701, 1636, 3898, 8583, 20091]...: 18382729: ACCEPTED IN 34 TRIES, (AVG 540668.5)
[1, 4, 10, 23, 57, 132, 301, 701, 1636, 3898, 8583, 20092]...: 13512761: ACCEPTED IN 25 TRIES, (AVG 540510.44)
[1, 4, 10, 23, 57, 132, 301, 701, 1636, 3898, 8583, 20093]...: 18925873: ACCEPTED IN 35 TRIES, (AVG 540739.2285714286)
[1, 4, 10, 23, 57, 132, 301, 701, 1636, 3898, 8583, 20094]...: 8103004: ACCEPTED IN 15 TRIES, (AVG 540200.2666666667)
[1, 4, 10, 23, 57, 132, 301, 701, 1636, 3898, 8583, 20116]...: 9184429: ACCEPTED IN 17 TRIES, (AVG 540260.5294117647)
[1, 4, 10, 23, 57, 132, 301, 701, 1636, 3898, 8583, 20117]...: 12971709: ACCEPTED IN 24 TRIES, (AVG 540487.875)
[1, 4, 10, 23, 57, 132, 301, 701, 1636, 3898, 8583, 20118]...: 22171621: ACCEPTED IN 41 TRIES, (AVG 540771.243902439)
[1, 4, 10, 23, 57, 132, 301, 701, 1636, 3898, 8583, 20119]...: 12431956: ACCEPTED IN 23 TRIES, (AVG 540519.8260869565)
[1, 4, 10, 23, 57, 132, 301, 701, 1636, 3898, 8583, 20120]...: 12972157: ACCEPTED IN 24 TRIES, (AVG 540506.5416666666)
[1, 4, 10, 23, 57, 132, 301, 701, 1636, 3898, 8583, 20121]...: 15136573: ACCEPTED IN 28 TRIES, (AVG 540591.8928571428)
[1, 4, 10, 23, 57, 132, 301, 701, 1636, 3898, 8583, 20122]...: 14054009: ACCEPTED IN 26 TRIES, (AVG 540538.8076923077)
[1, 4, 10, 23, 57, 132, 301, 701, 1636, 3898, 8583, 20123]...: 7559770: ACCEPTED IN 14 TRIES, (AVG 539983.5714285715)
[1, 4, 10, 23, 57, 132, 301, 701, 1636, 3898, 8583, 20124]...: 23254404: ACCEPTED IN 43 TRIES, (AVG 540800.0930232558)
[1, 4, 10, 23, 57, 132, 301, 701, 1636, 3898, 8583, 20125]...: 10807172: ACCEPTED IN 20 TRIES, (AVG 540358.6)
[1, 4, 10, 23, 57, 132, 301, 701, 1636, 3898, 8583, 20126]...: 20548886: ACCEPTED IN 38 TRIES, (AVG 540760.1578947369)
[1, 4, 10, 23, 57, 132, 301, 701, 1636, 3898, 8583, 20129]...: 23796199: ACCEPTED IN 44 TRIES, (AVG 540822.7045454546)
[1, 4, 10, 23, 57, 132, 301, 701, 1636, 3898, 8583, 20148]...: 11890290: ACCEPTED IN 22 TRIES, (AVG 540467.7272727273)
[1, 4, 10, 23, 57, 132, 301, 701, 1636, 3898, 8583, 20150]...: 7020919: ACCEPTED IN 13 TRIES, (AVG 540070.6923076923)
[1, 4, 10, 23, 57, 132, 301, 701, 1636, 3898, 8583, 20151]...: 16218481: ACCEPTED IN 30 TRIES, (AVG 540616.0333333333)
[1, 4, 10, 23, 57, 132, 301, 701, 1636, 3898, 8583, 20152]...: 24876141: ACCEPTED IN 46 TRIES, (AVG 540785.6739130435)
[1, 4, 10, 23, 57, 132, 301, 701, 1636, 3898, 8583, 20153]...: 32992075: ACCEPTED IN 61 TRIES, (AVG 540853.6885245901)
[1, 4, 10, 23, 57, 132, 301, 701, 1636, 3898, 8583, 20154]...: 16759455: ACCEPTED IN 31 TRIES, (AVG 540627.5806451613)
[1, 4, 10, 23, 57, 132, 301, 701, 1636, 3898, 8583, 20155]...: 12431295: ACCEPTED IN 23 TRIES, (AVG 540491.0869565217)
[1, 4, 10, 23, 57, 132, 301, 701, 1636, 3898, 8583, 20156]...: 24876787: ACCEPTED IN 46 TRIES, (AVG 540799.7173913043)
[1, 4, 10, 23, 57, 132, 301, 701, 1636, 3898, 8583, 20157]...: 10807242: ACCEPTED IN 20 TRIES, (AVG 540362.1)
[1, 4, 10, 23, 57, 132, 301, 701, 1636, 3898, 8583, 20158]...: 15135931: ACCEPTED IN 28 TRIES, (AVG 540568.9642857143)
[1, 4, 10, 23, 57, 132, 301, 701, 1636, 3898, 8583, 20159]...: 16219653: ACCEPTED IN 30 TRIES, (AVG 540655.1)
[1, 4, 10, 23, 57, 132, 301, 701, 1636, 3898, 8583, 20160]...: 16220301: ACCEPTED IN 30 TRIES, (AVG 540676.7)
[1, 4, 10, 23, 57, 132, 301, 701, 1636, 3898, 8583, 20161]...: 15137828: ACCEPTED IN 28 TRIES, (AVG 540636.7142857143)
[1, 4, 10, 23, 57, 132, 301, 701, 1636, 3898, 8583, 20183]...: 20549013: ACCEPTED IN 38 TRIES, (AVG 540763.5)
[1, 4, 10, 23, 57, 132, 301, 701, 1636, 3898, 8583, 20184]...: 14595428: ACCEPTED IN 27 TRIES, (AVG 540571.4074074074)
[1, 4, 10, 23, 57, 132, 301, 701, 1636, 3898, 8583, 20185]...: 26501016: ACCEPTED IN 49 TRIES, (AVG 540837.0612244898)
[1, 4, 10, 23, 57, 132, 301, 701, 1636, 3898, 8583, 20186]...: 16220055: ACCEPTED IN 30 TRIES, (AVG 540668.5)
[1, 4, 10, 23, 57, 132, 301, 701, 1636, 3898, 8583, 20187]...: 14594301: ACCEPTED IN 27 TRIES, (AVG 540529.6666666666)
[1, 4, 10, 23, 57, 132, 301, 701, 1636, 3898, 8583, 20188]...: 12432195: ACCEPTED IN 23 TRIES, (AVG 540530.2173913043)
[1, 4, 10, 23, 57, 132, 301, 701, 1636, 3898, 8583, 20189]...: 23795938: ACCEPTED IN 44 TRIES, (AVG 540816.7727272727)
[1, 4, 10, 23, 57, 132, 301, 701, 1636, 3898, 8583, 20190]...: 44357197: ACCEPTED IN 82 TRIES, (AVG 540941.4268292683)
[1, 4, 10, 23, 57, 132, 301, 701, 1636, 3898, 8583, 20191]...: 16758734: ACCEPTED IN 31 TRIES, (AVG 540604.3225806452)
[1, 4, 10, 23, 57, 132, 301, 701, 1636, 3898, 8583, 20192]...: 12432205: ACCEPTED IN 23 TRIES, (AVG 540530.6521739131)
[1, 4, 10, 23, 57, 132, 301, 701, 1636, 3898, 8583, 20193]...: 41653194: ACCEPTED IN 77 TRIES, (AVG 540950.5714285715)
[1, 4, 10, 23, 57, 132, 301, 701, 1636, 3898, 8583, 20196]...: 14595929: ACCEPTED IN 27 TRIES, (AVG 540589.9629629629)
[1, 4, 10, 23, 57, 132, 301, 701, 1636, 3898, 8583, 20215]...: 50851601: ACCEPTED IN 94 TRIES, (AVG 540974.4787234042)
[1, 4, 10, 23, 57, 132, 301, 701, 1636, 3898, 8583, 20218]...: 16217339: ACCEPTED IN 30 TRIES, (AVG 540577.9666666667)
[1, 4, 10, 23, 57, 132, 301, 701, 1636, 3898, 8583, 20219]...: 16218104: ACCEPTED IN 30 TRIES, (AVG 540603.4666666667)
[1, 4, 10, 23, 57, 132, 301, 701, 1636, 3898, 8583, 20220]...: 14596820: ACCEPTED IN 27 TRIES, (AVG 540622.9629629629)
[1, 4, 10, 23, 57, 132, 301, 701, 1636, 3898, 8583, 20221]...: 12430270: ACCEPTED IN 23 TRIES, (AVG 540446.5217391305)
[1, 4, 10, 23, 57, 132, 301, 701, 1636, 3898, 8583, 20222]...: 9725114: ACCEPTED IN 18 TRIES, (AVG 540284.1111111111)
[1, 4, 10, 23, 57, 132, 301, 701, 1636, 3898, 8583, 20223]...: 11349845: ACCEPTED IN 21 TRIES, (AVG 540468.8095238095)
[1, 4, 10, 23, 57, 132, 301, 701, 1636, 3898, 8583, 20224]...: 16218491: ACCEPTED IN 30 TRIES, (AVG 540616.3666666667)
[1, 4, 10, 23, 57, 132, 301, 701, 1636, 3898, 8583, 20225]...: 13513677: ACCEPTED IN 25 TRIES, (AVG 540547.08)
[1, 4, 10, 23, 57, 132, 301, 701, 1636, 3898, 8583, 20226]...: 12972205: ACCEPTED IN 24 TRIES, (AVG 540508.5416666666)
[1, 4, 10, 23, 57, 132, 301, 701, 1636, 3898, 8583, 20228]...: 33536300: ACCEPTED IN 62 TRIES, (AVG 540908.0645161291)
[1, 4, 10, 23, 57, 132, 301, 701, 1636, 3898, 8583, 20250]...: 16218631: ACCEPTED IN 30 TRIES, (AVG 540621.0333333333)
[1, 4, 10, 23, 57, 132, 301, 701, 1636, 3898, 8583, 20251]...: 14053286: ACCEPTED IN 26 TRIES, (AVG 540511.0)
[1, 4, 10, 23, 57, 132, 301, 701, 1636, 3898, 8583, 20252]...: 12431108: ACCEPTED IN 23 TRIES, (AVG 540482.9565217391)
[1, 4, 10, 23, 57, 132, 301, 701, 1636, 3898, 8583, 20253]...: 16761249: ACCEPTED IN 31 TRIES, (AVG 540685.4516129033)
[1, 4, 10, 23, 57, 132, 301, 701, 1636, 3898, 8583, 20254]...: 8644064: ACCEPTED IN 16 TRIES, (AVG 540254.0)
[1, 4, 10, 23, 57, 132, 301, 701, 1636, 3898, 8583, 20255]...: 12431099: ACCEPTED IN 23 TRIES, (AVG 540482.5652173914)
[1, 4, 10, 23, 57, 132, 301, 701, 1636, 3898, 8583, 20256]...: 10267047: ACCEPTED IN 19 TRIES, (AVG 540370.8947368421)
[1, 4, 10, 23, 57, 132, 301, 701, 1636, 3898, 8583, 20257]...: 10267660: ACCEPTED IN 19 TRIES, (AVG 540403.1578947369)
[1, 4, 10, 23, 57, 132, 301, 701, 1636, 3898, 8583, 20258]...: 20547696: ACCEPTED IN 38 TRIES, (AVG 540728.8421052631)
[1, 4, 10, 23, 57, 132, 301, 701, 1636, 3898, 8583, 20259]...: 22713190: ACCEPTED IN 42 TRIES, (AVG 540790.2380952381)
[1, 4, 10, 23, 57, 132, 301, 701, 1636, 3898, 8583, 20260]...: 23253728: ACCEPTED IN 43 TRIES, (AVG 540784.3720930233)
[1, 4, 10, 23, 57, 132, 301, 701, 1636, 3898, 8583, 20261]...: 21630996: ACCEPTED IN 40 TRIES, (AVG 540774.9)
[1, 4, 10, 23, 57, 132, 301, 701, 1636, 3898, 8583, 20282]...: 16219678: ACCEPTED IN 30 TRIES, (AVG 540655.9333333333)
[1, 4, 10, 23, 57, 132, 301, 701, 1636, 3898, 8583, 20283]...: 11349351: ACCEPTED IN 21 TRIES, (AVG 540445.2857142857)
[1, 4, 10, 23, 57, 132, 301, 701, 1636, 3898, 8583, 20285]...: 25960133: ACCEPTED IN 48 TRIES, (AVG 540836.1041666666)
[1, 4, 10, 23, 57, 132, 301, 701, 1636, 3898, 8583, 20286]...: 14054601: ACCEPTED IN 26 TRIES, (AVG 540561.5769230769)
[1, 4, 10, 23, 57, 132, 301, 701, 1636, 3898, 8583, 20287]...: 45440470: ACCEPTED IN 84 TRIES, (AVG 540957.9761904762)
[1, 4, 10, 23, 57, 132, 301, 701, 1636, 3898, 8583, 20288]...: 12429511: ACCEPTED IN 23 TRIES, (AVG 540413.5217391305)
[1, 4, 10, 23, 57, 132, 301, 701, 1636, 3898, 8583, 20289]...: 25958808: ACCEPTED IN 48 TRIES, (AVG 540808.5)
[1, 4, 10, 23, 57, 132, 301, 701, 1636, 3898, 8583, 20290]...: 9725863: ACCEPTED IN 18 TRIES, (AVG 540325.7222222222)
[1, 4, 10, 23, 57, 132, 301, 701, 1636, 3898, 8583, 20291]...: 10807554: ACCEPTED IN 20 TRIES, (AVG 540377.7)
[1, 4, 10, 23, 57, 132, 301, 701, 1636, 3898, 8583, 20292]...: 29747694: ACCEPTED IN 55 TRIES, (AVG 540867.1636363637)
[1, 4, 10, 23, 57, 132, 301, 701, 1636, 3898, 8583, 20293]...: 16760335: ACCEPTED IN 31 TRIES, (AVG 540655.9677419355)
[1, 4, 10, 23, 57, 132, 301, 701, 1636, 3898, 8583, 20295]...: 31371198: ACCEPTED IN 58 TRIES, (AVG 540882.724137931)
[1, 4, 10, 23, 57, 132, 301, 701, 1636, 3898, 8583, 20317]...: 24876309: ACCEPTED IN 46 TRIES, (AVG 540789.3260869565)
[1, 4, 10, 23, 57, 132, 301, 701, 1636, 3898, 8583, 20318]...: 22172203: ACCEPTED IN 41 TRIES, (AVG 540785.4390243902)
[1, 4, 10, 23, 57, 132, 301, 701, 1636, 3898, 8583, 20319]...: 10266381: ACCEPTED IN 19 TRIES, (AVG 540335.8421052631)
[1, 4, 10, 23, 57, 132, 301, 701, 1636, 3898, 8583, 20320]...: 14594480: ACCEPTED IN 27 TRIES, (AVG 540536.2962962963)
[1, 4, 10, 23, 57, 132, 301, 701, 1636, 3898, 8583, 20321]...: 12430886: ACCEPTED IN 23 TRIES, (AVG 540473.304347826)
[1, 4, 10, 23, 57, 132, 301, 701, 1636, 3898, 8583, 20322]...: 16218365: ACCEPTED IN 30 TRIES, (AVG 540612.1666666666)
[1, 4, 10, 23, 57, 132, 301, 701, 1636, 3898, 8583, 20323]...: 27041606: ACCEPTED IN 50 TRIES, (AVG 540832.12)
[1, 4, 10, 23, 57, 132, 301, 701, 1636, 3898, 8583, 20324]...: 16219559: ACCEPTED IN 30 TRIES, (AVG 540651.9666666667)
[1, 4, 10, 23, 57, 132, 301, 701, 1636, 3898, 8583, 20325]...: 6478112: ACCEPTED IN 12 TRIES, (AVG 539842.6666666666)
[1, 4, 10, 23, 57, 132, 301, 701, 1636, 3898, 8583, 20327]...: 24336316: ACCEPTED IN 45 TRIES, (AVG 540807.0222222222)
[1, 4, 10, 23, 57, 132, 301, 701, 1636, 3898, 8583, 20328]...: 15678438: ACCEPTED IN 29 TRIES, (AVG 540635.7931034482)
[1, 4, 10, 23, 57, 132, 301, 701, 1636, 3898, 8583, 20350]...: 24336290: ACCEPTED IN 45 TRIES, (AVG 540806.4444444445)
[1, 4, 10, 23, 57, 132, 301, 701, 1636, 3898, 8583, 20351]...: 14055189: ACCEPTED IN 26 TRIES, (AVG 540584.1923076923)
[1, 4, 10, 23, 57, 132, 301, 701, 1636, 3898, 8583, 20352]...: 45982664: ACCEPTED IN 85 TRIES, (AVG 540972.5176470588)
[1, 4, 10, 23, 57, 132, 301, 701, 1636, 3898, 8583, 20353]...: 14055398: ACCEPTED IN 26 TRIES, (AVG 540592.2307692308)
[1, 4, 10, 23, 57, 132, 301, 701, 1636, 3898, 8583, 20354]...: 26500078: ACCEPTED IN 49 TRIES, (AVG 540817.918367347)
[1, 4, 10, 23, 57, 132, 301, 701, 1636, 3898, 8583, 20355]...: 34616963: ACCEPTED IN 64 TRIES, (AVG 540890.046875)
[1, 4, 10, 23, 57, 132, 301, 701, 1636, 3898, 8583, 20356]...: 14054576: ACCEPTED IN 26 TRIES, (AVG 540560.6153846154)
[1, 4, 10, 23, 57, 132, 301, 701, 1636, 3898, 8583, 20357]...: 11890787: ACCEPTED IN 22 TRIES, (AVG 540490.3181818182)
[1, 4, 10, 23, 57, 132, 301, 701, 1636, 3898, 8583, 20358]...: 14595524: ACCEPTED IN 27 TRIES, (AVG 540574.9629629629)
[1, 4, 10, 23, 57, 132, 301, 701, 1636, 3898, 8583, 20359]...: 12972643: ACCEPTED IN 24 TRIES, (AVG 540526.7916666666)
[1, 4, 10, 23, 57, 132, 301, 701, 1636, 3898, 8583, 20360]...: 16759046: ACCEPTED IN 31 TRIES, (AVG 540614.3870967742)
[1, 4, 10, 23, 57, 132, 301, 701, 1636, 3898, 8583, 20382]...: 16758473: ACCEPTED IN 31 TRIES, (AVG 540595.9032258064)
[1, 4, 10, 23, 57, 132, 301, 701, 1636, 3898, 8583, 20384]...: 22170470: ACCEPTED IN 41 TRIES, (AVG 540743.1707317074)
[1, 4, 10, 23, 57, 132, 301, 701, 1636, 3898, 8583, 20385]...: 40570994: ACCEPTED IN 75 TRIES, (AVG 540946.5866666667)
[1, 4, 10, 23, 57, 132, 301, 701, 1636, 3898, 8583, 20386]...: 14054607: ACCEPTED IN 26 TRIES, (AVG 540561.8076923077)
[1, 4, 10, 23, 57, 132, 301, 701, 1636, 3898, 8583, 20387]...: 11890061: ACCEPTED IN 22 TRIES, (AVG 540457.3181818182)
[1, 4, 10, 23, 57, 132, 301, 701, 1636, 3898, 8583, 20388]...: 23254534: ACCEPTED IN 43 TRIES, (AVG 540803.1162790698)
[1, 4, 10, 23, 57, 132, 301, 701, 1636, 3898, 8583, 20389]...: 41651694: ACCEPTED IN 77 TRIES, (AVG 540931.0909090909)
[1, 4, 10, 23, 57, 132, 301, 701, 1636, 3898, 8583, 20390]...: 16761329: ACCEPTED IN 31 TRIES, (AVG 540688.0322580645)
[1, 4, 10, 23, 57, 132, 301, 701, 1636, 3898, 8583, 20391]...: 15137082: ACCEPTED IN 28 TRIES, (AVG 540610.0714285715)
[1, 4, 10, 23, 57, 132, 301, 701, 1636, 3898, 8583, 20392]...: 8103225: ACCEPTED IN 15 TRIES, (AVG 540215.0)
[1, 4, 10, 23, 57, 132, 301, 701, 1636, 3898, 8583, 20393]...: 16761077: ACCEPTED IN 31 TRIES, (AVG 540679.9032258064)
[1, 4, 10, 23, 57, 132, 301, 701, 1636, 3898, 8583, 20394]...: 22713440: ACCEPTED IN 42 TRIES, (AVG 540796.1904761905)
[1, 4, 10, 23, 57, 132, 301, 701, 1636, 3898, 8583, 20395]...: 24876737: ACCEPTED IN 46 TRIES, (AVG 540798.6304347826)
[1, 4, 10, 23, 57, 132, 301, 701, 1636, 3898, 8583, 20417]...: 12431954: ACCEPTED IN 23 TRIES, (AVG 540519.7391304348)
[1, 4, 10, 23, 57, 132, 301, 701, 1636, 3898, 8583, 20418]...: 14053470: ACCEPTED IN 26 TRIES, (AVG 540518.0769230769)
[1, 4, 10, 23, 57, 132, 301, 701, 1636, 3898, 8583, 20419]...: 15678258: ACCEPTED IN 29 TRIES, (AVG 540629.5862068966)
[1, 4, 10, 23, 57, 132, 301, 701, 1636, 3898, 8583, 20420]...: 26501750: ACCEPTED IN 49 TRIES, (AVG 540852.0408163265)
[1, 4, 10, 23, 57, 132, 301, 701, 1636, 3898, 8583, 20421]...: 17843285: ACCEPTED IN 33 TRIES, (AVG 540705.6060606061)
[1, 4, 10, 23, 57, 132, 301, 701, 1636, 3898, 8583, 20422]...: 8102870: ACCEPTED IN 15 TRIES, (AVG 540191.3333333334)
[1, 4, 10, 23, 57, 132, 301, 701, 1636, 3898, 8583, 20423]...: 12971509: ACCEPTED IN 24 TRIES, (AVG 540479.5416666666)
[1, 4, 10, 23, 57, 132, 301, 701, 1636, 3898, 8583, 20424]...: 13514293: ACCEPTED IN 25 TRIES, (AVG 540571.72)
[1, 4, 10, 23, 57, 132, 301, 701, 1636, 3898, 8583, 20425]...: 12972273: ACCEPTED IN 24 TRIES, (AVG 540511.375)
[1, 4, 10, 23, 57, 132, 301, 701, 1636, 3898, 8583, 20426]...: 11890060: ACCEPTED IN 22 TRIES, (AVG 540457.2727272727)
[1, 4, 10, 23, 57, 132, 301, 701, 1636, 3898, 8583, 20427]...: 21630539: ACCEPTED IN 40 TRIES, (AVG 540763.475)
[1, 4, 10, 23, 57, 132, 301, 701, 1636, 3898, 8583, 20430]...: 33536552: ACCEPTED IN 62 TRIES, (AVG 540912.1290322581)
[1, 4, 10, 23, 57, 132, 301, 701, 1636, 3898, 8583, 20449]...: 16759793: ACCEPTED IN 31 TRIES, (AVG 540638.4838709678)
[1, 4, 10, 23, 57, 132, 301, 701, 1636, 3898, 8583, 20451]...: 12972838: ACCEPTED IN 24 TRIES, (AVG 540534.9166666666)
[1, 4, 10, 23, 57, 132, 301, 701, 1636, 3898, 8583, 20452]...: 18924805: ACCEPTED IN 35 TRIES, (AVG 540708.7142857143)
[1, 4, 10, 23, 57, 132, 301, 701, 1636, 3898, 8583, 20453]...: 40570118: ACCEPTED IN 75 TRIES, (AVG 540934.9066666666)
[1, 4, 10, 23, 57, 132, 301, 701, 1636, 3898, 8583, 20454]...: 23796180: ACCEPTED IN 44 TRIES, (AVG 540822.2727272727)
[1, 4, 10, 23, 57, 132, 301, 701, 1636, 3898, 8583, 20455]...: 15137545: ACCEPTED IN 28 TRIES, (AVG 540626.6071428572)
[1, 4, 10, 23, 57, 132, 301, 701, 1636, 3898, 8583, 20456]...: 24876957: ACCEPTED IN 46 TRIES, (AVG 540803.4130434783)
[1, 4, 10, 23, 57, 132, 301, 701, 1636, 3898, 8583, 20457]...: 14594340: ACCEPTED IN 27 TRIES, (AVG 540531.1111111111)
[1, 4, 10, 23, 57, 132, 301, 701, 1636, 3898, 8583, 20458]...: 20548337: ACCEPTED IN 38 TRIES, (AVG 540745.7105263158)
[1, 4, 10, 23, 57, 132, 301, 701, 1636, 3898, 8583, 20459]...: 23253516: ACCEPTED IN 43 TRIES, (AVG 540779.4418604651)
[1, 4, 10, 23, 57, 132, 301, 701, 1636, 3898, 8583, 20460]...: 33536108: ACCEPTED IN 62 TRIES, (AVG 540904.9677419355)
[1, 4, 10, 23, 57, 132, 301, 701, 1636, 3898, 8583, 20461]...: 14054487: ACCEPTED IN 26 TRIES, (AVG 540557.1923076923)
[1, 4, 10, 23, 57, 132, 301, 701, 1636, 3898, 8583, 20462]...: 10266580: ACCEPTED IN 19 TRIES, (AVG 540346.3157894737)
[1, 4, 10, 23, 57, 132, 301, 701, 1636, 3898, 8583, 20483]...: 14594166: ACCEPTED IN 27 TRIES, (AVG 540524.6666666666)
[1, 4, 10, 23, 57, 132, 301, 701, 1636, 3898, 8583, 20484]...: 14596589: ACCEPTED IN 27 TRIES, (AVG 540614.4074074074)
[1, 4, 10, 23, 57, 132, 301, 701, 1636, 3898, 8583, 20485]...: 13514237: ACCEPTED IN 25 TRIES, (AVG 540569.48)
[1, 4, 10, 23, 57, 132, 301, 701, 1636, 3898, 8583, 20486]...: 16759571: ACCEPTED IN 31 TRIES, (AVG 540631.3225806452)
[1, 4, 10, 23, 57, 132, 301, 701, 1636, 3898, 8583, 20487]...: 16219037: ACCEPTED IN 30 TRIES, (AVG 540634.5666666667)
[1, 4, 10, 23, 57, 132, 301, 701, 1636, 3898, 8583, 20488]...: 15679040: ACCEPTED IN 29 TRIES, (AVG 540656.551724138)
[1, 4, 10, 23, 57, 132, 301, 701, 1636, 3898, 8583, 20489]...: 41653694: ACCEPTED IN 77 TRIES, (AVG 540957.064935065)
[1, 4, 10, 23, 57, 132, 301, 701, 1636, 3898, 8583, 20490]...: 12432089: ACCEPTED IN 23 TRIES, (AVG 540525.6086956522)
[1, 4, 10, 23, 57, 132, 301, 701, 1636, 3898, 8583, 20491]...: 9183642: ACCEPTED IN 17 TRIES, (AVG 540214.2352941176)
[1, 4, 10, 23, 57, 132, 301, 701, 1636, 3898, 8583, 20492]...: 24335882: ACCEPTED IN 45 TRIES, (AVG 540797.3777777777)
[1, 4, 10, 23, 57, 132, 301, 701, 1636, 3898, 8583, 20493]...: 16760753: ACCEPTED IN 31 TRIES, (AVG 540669.4516129033)
[1, 4, 10, 23, 57, 132, 301, 701, 1636, 3898, 8583, 20494]...: 12431654: ACCEPTED IN 23 TRIES, (AVG 540506.695652174)
[1, 4, 10, 23, 57, 132, 301, 701, 1636, 3898, 8583, 20516]...: 16220236: ACCEPTED IN 30 TRIES, (AVG 540674.5333333333)
[1, 4, 10, 23, 57, 132, 301, 701, 1636, 3898, 8583, 20519]...: 14596058: ACCEPTED IN 27 TRIES, (AVG 540594.7407407408)
[1, 4, 10, 23, 57, 132, 301, 701, 1636, 3898, 8583, 20520]...: 14596438: ACCEPTED IN 27 TRIES, (AVG 540608.8148148148)
[1, 4, 10, 23, 57, 132, 301, 701, 1636, 3898, 8583, 20521]...: 17843141: ACCEPTED IN 33 TRIES, (AVG 540701.2424242424)
[1, 4, 10, 23, 57, 132, 301, 701, 1636, 3898, 8583, 20522]...: 7561872: ACCEPTED IN 14 TRIES, (AVG 540133.7142857143)
[1, 4, 10, 23, 57, 132, 301, 701, 1636, 3898, 8583, 20523]...: 14596274: ACCEPTED IN 27 TRIES, (AVG 540602.7407407408)
[1, 4, 10, 23, 57, 132, 301, 701, 1636, 3898, 8583, 20524]...: 16220220: ACCEPTED IN 30 TRIES, (AVG 540674.0)
[1, 4, 10, 23, 57, 132, 301, 701, 1636, 3898, 8583, 20525]...: 19465906: ACCEPTED IN 36 TRIES, (AVG 540719.6111111111)
[1, 4, 10, 23, 57, 132, 301, 701, 1636, 3898, 8583, 20526]...: 12429015: ACCEPTED IN 23 TRIES, (AVG 540391.9565217391)
[1, 4, 10, 23, 57, 132, 301, 701, 1636, 3898, 8583, 20527]...: 16219640: ACCEPTED IN 30 TRIES, (AVG 540654.6666666666)
[1, 4, 10, 23, 57, 132, 301, 701, 1636, 3898, 8583, 20529]...: 15137894: ACCEPTED IN 28 TRIES, (AVG 540639.0714285715)
[1, 4, 10, 23, 57, 132, 301, 701, 1636, 3898, 8583, 20551]...: 14054771: ACCEPTED IN 26 TRIES, (AVG 540568.1153846154)
[1, 4, 10, 23, 57, 132, 301, 701, 1636, 3898, 8583, 20552]...: 22712212: ACCEPTED IN 42 TRIES, (AVG 540766.9523809524)
[1, 4, 10, 23, 57, 132, 301, 701, 1636, 3898, 8583, 20553]...: 12432141: ACCEPTED IN 23 TRIES, (AVG 540527.8695652174)
[1, 4, 10, 23, 57, 132, 301, 701, 1636, 3898, 8583, 20554]...: 20548509: ACCEPTED IN 38 TRIES, (AVG 540750.2368421053)
[1, 4, 10, 23, 57, 132, 301, 701, 1636, 3898, 8583, 20555]...: 12431180: ACCEPTED IN 23 TRIES, (AVG 540486.0869565217)
[1, 4, 10, 23, 57, 132, 301, 701, 1636, 3898, 8583, 20556]...: 11890097: ACCEPTED IN 22 TRIES, (AVG 540458.9545454546)
[1, 4, 10, 23, 57, 132, 301, 701, 1636, 3898, 8583, 20557]...: 23794305: ACCEPTED IN 44 TRIES, (AVG 540779.6590909091)
[1, 4, 10, 23, 57, 132, 301, 701, 1636, 3898, 8583, 20558]...: 12972692: ACCEPTED IN 24 TRIES, (AVG 540528.8333333334)
[1, 4, 10, 23, 57, 132, 301, 701, 1636, 3898, 8583, 20559]...: 21631447: ACCEPTED IN 40 TRIES, (AVG 540786.175)
[1, 4, 10, 23, 57, 132, 301, 701, 1636, 3898, 8583, 20560]...: 23794947: ACCEPTED IN 44 TRIES, (AVG 540794.25)
[1, 4, 10, 23, 57, 132, 301, 701, 1636, 3898, 8583, 20561]...: 20007905: ACCEPTED IN 37 TRIES, (AVG 540754.1891891892)
[1, 4, 10, 23, 57, 132, 301, 701, 1636, 3898, 8583, 20562]...: 12431512: ACCEPTED IN 23 TRIES, (AVG 540500.5217391305)
[1, 4, 10, 23, 57, 132, 301, 701, 1636, 3898, 8583, 20583]...: 11890922: ACCEPTED IN 22 TRIES, (AVG 540496.4545454546)
[1, 4, 10, 23, 57, 132, 301, 701, 1636, 3898, 8583, 20584]...: 15137174: ACCEPTED IN 28 TRIES, (AVG 540613.3571428572)
[1, 4, 10, 23, 57, 132, 301, 701, 1636, 3898, 8583, 20585]...: 12972546: ACCEPTED IN 24 TRIES, (AVG 540522.75)
[1, 4, 10, 23, 57, 132, 301, 701, 1636, 3898, 8583, 20586]...: 12431770: ACCEPTED IN 23 TRIES, (AVG 540511.7391304348)
[1, 4, 10, 23, 57, 132, 301, 701, 1636, 3898, 8583, 20587]...: 13513903: ACCEPTED IN 25 TRIES, (AVG 540556.12)
[1, 4, 10, 23, 57, 132, 301, 701, 1636, 3898, 8583, 20588]...: 15136661: ACCEPTED IN 28 TRIES, (AVG 540595.0357142857)
[1, 4, 10, 23, 57, 132, 301, 701, 1636, 3898, 8583, 20589]...: 12971959: ACCEPTED IN 24 TRIES, (AVG 540498.2916666666)
[1, 4, 10, 23, 57, 132, 301, 701, 1636, 3898, 8583, 20590]...: 17302201: ACCEPTED IN 32 TRIES, (AVG 540693.78125)
[1, 4, 10, 23, 57, 132, 301, 701, 1636, 3898, 8583, 20591]...: 14055601: ACCEPTED IN 26 TRIES, (AVG 540600.0384615385)
[1, 4, 10, 23, 57, 132, 301, 701, 1636, 3898, 8583, 20592]...: 20548468: ACCEPTED IN 38 TRIES, (AVG 540749.1578947369)
[1, 4, 10, 23, 57, 132, 301, 701, 1636, 3898, 8583, 20593]...: 27041566: ACCEPTED IN 50 TRIES, (AVG 540831.32)
[1, 4, 10, 23, 57, 132, 301, 701, 1636, 3898, 8583, 20594]...: 38948005: ACCEPTED IN 72 TRIES, (AVG 540944.5138888889)
[1, 4, 10, 23, 57, 132, 301, 701, 1636, 3898, 8583, 20596]...: 21090449: ACCEPTED IN 39 TRIES, (AVG 540780.7435897436)
