[1, 4, 10, 23, 57, 132, 301, 701, 1654, 3887, 8585, 18893]...: 150418990: ACCEPTED IN 278 TRIES, (AVG 541075.5035971223)
[1, 4, 10, 23, 57, 132, 301, 701, 1654, 3887, 8585, 18934]...: 84400769: ACCEPTED IN 156 TRIES, (AVG 541030.5705128205)
[1, 4, 10, 23, 57, 132, 301, 701, 1654, 3887, 8585, 18938]...: 37324009: ACCEPTED IN 69 TRIES, (AVG 540927.6666666666)
[1, 4, 10, 23, 57, 132, 301, 701, 1654, 3887, 8585, 18975]...: 55721993: ACCEPTED IN 103 TRIES, (AVG 540990.2233009709)
[1, 4, 10, 23, 57, 132, 301, 701, 1654, 3887, 8585, 18988]...: 34076439: ACCEPTED IN 63 TRIES, (AVG 540895.8571428572)
[1, 4, 10, 23, 57, 132, 301, 701, 1654, 3887, 8585, 19025]...: 38945155: ACCEPTED IN 72 TRIES, (AVG 540904.9305555555)
[1, 4, 10, 23, 57, 132, 301, 701, 1654, 3887, 8585, 19029]...: 151503120: ACCEPTED IN 280 TRIES, (AVG 541082.5714285715)
[1, 4, 10, 23, 57, 132, 301, 701, 1654, 3887, 8585, 19062]...: 86024740: ACCEPTED IN 159 TRIES, (AVG 541036.1006289308)
[1, 4, 10, 23, 57, 132, 301, 701, 1654, 3887, 8585, 19066]...: 94684998: ACCEPTED IN 175 TRIES, (AVG 541057.1314285714)
[1, 4, 10, 23, 57, 132, 301, 701, 1654, 3887, 8585, 19070]...: 25418766: ACCEPTED IN 47 TRIES, (AVG 540824.8085106383)
[1, 4, 10, 23, 57, 132, 301, 701, 1654, 3887, 8585, 19107]...: 23795678: ACCEPTED IN 44 TRIES, (AVG 540810.8636363636)
[1, 4, 10, 23, 57, 132, 301, 701, 1654, 3887, 8585, 19120]...: 12970904: ACCEPTED IN 24 TRIES, (AVG 540454.3333333334)
[1, 4, 10, 23, 57, 132, 301, 701, 1654, 3887, 8585, 19157]...: 36241611: ACCEPTED IN 67 TRIES, (AVG 540919.567164179)
[1, 4, 10, 23, 57, 132, 301, 701, 1654, 3887, 8585, 19161]...: 29206926: ACCEPTED IN 54 TRIES, (AVG 540869.0)
[1, 4, 10, 23, 57, 132, 301, 701, 1654, 3887, 8585, 19194]...: 63839968: ACCEPTED IN 118 TRIES, (AVG 541016.6779661017)
[1, 4, 10, 23, 57, 132, 301, 701, 1654, 3887, 8585, 19198]...: 55182057: ACCEPTED IN 102 TRIES, (AVG 541000.5588235294)
[1, 4, 10, 23, 57, 132, 301, 701, 1654, 3887, 8585, 19202]...: 15137184: ACCEPTED IN 28 TRIES, (AVG 540613.7142857143)
[1, 4, 10, 23, 57, 132, 301, 701, 1654, 3887, 8585, 19239]...: 25960479: ACCEPTED IN 48 TRIES, (AVG 540843.3125)
[1, 4, 10, 23, 57, 132, 301, 701, 1654, 3887, 8585, 19252]...: 21631536: ACCEPTED IN 40 TRIES, (AVG 540788.4)
[1, 4, 10, 23, 57, 132, 301, 701, 1654, 3887, 8585, 19289]...: 29206679: ACCEPTED IN 54 TRIES, (AVG 540864.425925926)
[1, 4, 10, 23, 57, 132, 301, 701, 1654, 3887, 8585, 19293]...: 36782900: ACCEPTED IN 68 TRIES, (AVG 540925.0)
[1, 4, 10, 23, 57, 132, 301, 701, 1654, 3887, 8585, 19326]...: 26501497: ACCEPTED IN 49 TRIES, (AVG 540846.8775510204)
[1, 4, 10, 23, 57, 132, 301, 701, 1654, 3887, 8585, 19330]...: 25417649: ACCEPTED IN 47 TRIES, (AVG 540801.0425531915)
[1, 4, 10, 23, 57, 132, 301, 701, 1654, 3887, 8585, 19363]...: 21090186: ACCEPTED IN 39 TRIES, (AVG 540774.0)
[1, 4, 10, 23, 57, 132, 301, 701, 1654, 3887, 8585, 19371]...: 7019504: ACCEPTED IN 13 TRIES, (AVG 539961.8461538461)
[1, 4, 10, 23, 57, 132, 301, 701, 1654, 3887, 8585, 19384]...: 15676917: ACCEPTED IN 29 TRIES, (AVG 540583.3448275862)
[1, 4, 10, 23, 57, 132, 301, 701, 1654, 3887, 8585, 19421]...: 10267366: ACCEPTED IN 19 TRIES, (AVG 540387.6842105263)
[1, 4, 10, 23, 57, 132, 301, 701, 1654, 3887, 8585, 19425]...: 25960655: ACCEPTED IN 48 TRIES, (AVG 540846.9791666666)
[1, 4, 10, 23, 57, 132, 301, 701, 1654, 3887, 8585, 19458]...: 15137688: ACCEPTED IN 28 TRIES, (AVG 540631.7142857143)
[1, 4, 10, 23, 57, 132, 301, 701, 1654, 3887, 8585, 19462]...: 29204590: ACCEPTED IN 54 TRIES, (AVG 540825.7407407408)
[1, 4, 10, 23, 57, 132, 301, 701, 1654, 3887, 8585, 19495]...: 14594686: ACCEPTED IN 27 TRIES, (AVG 540543.925925926)
[1, 4, 10, 23, 57, 132, 301, 701, 1654, 3887, 8585, 19503]...: 12432226: ACCEPTED IN 23 TRIES, (AVG 540531.5652173914)
[1, 4, 10, 23, 57, 132, 301, 701, 1654, 3887, 8585, 19553]...: 27582667: ACCEPTED IN 51 TRIES, (AVG 540836.6078431372)
[1, 4, 10, 23, 57, 132, 301, 701, 1654, 3887, 8585, 19557]...: 18925474: ACCEPTED IN 35 TRIES, (AVG 540727.8285714285)
[1, 4, 10, 23, 57, 132, 301, 701, 1654, 3887, 8585, 19590]...: 25418789: ACCEPTED IN 47 TRIES, (AVG 540825.2978723404)
[1, 4, 10, 23, 57, 132, 301, 701, 1654, 3887, 8585, 19594]...: 12431129: ACCEPTED IN 23 TRIES, (AVG 540483.8695652174)
[1, 4, 10, 23, 57, 132, 301, 701, 1654, 3887, 8585, 19627]...: 28666227: ACCEPTED IN 53 TRIES, (AVG 540872.2075471698)
[1, 4, 10, 23, 57, 132, 301, 701, 1654, 3887, 8585, 19631]...: 11891130: ACCEPTED IN 22 TRIES, (AVG 540505.9090909091)
[1, 4, 10, 23, 57, 132, 301, 701, 1654, 3887, 8585, 19664]...: 16759155: ACCEPTED IN 31 TRIES, (AVG 540617.9032258064)
[1, 4, 10, 23, 57, 132, 301, 701, 1654, 3887, 8585, 19685]...: 23794465: ACCEPTED IN 44 TRIES, (AVG 540783.2954545454)
[1, 4, 10, 23, 57, 132, 301, 701, 1654, 3887, 8585, 19689]...: 7019395: ACCEPTED IN 13 TRIES, (AVG 539953.4615384615)
[1, 4, 10, 23, 57, 132, 301, 701, 1654, 3887, 8585, 19722]...: 7019254: ACCEPTED IN 13 TRIES, (AVG 539942.6153846154)
[1, 4, 10, 23, 57, 132, 301, 701, 1654, 3887, 8585, 19726]...: 12971883: ACCEPTED IN 24 TRIES, (AVG 540495.125)
[1, 4, 10, 23, 57, 132, 301, 701, 1654, 3887, 8585, 19759]...: 15677598: ACCEPTED IN 29 TRIES, (AVG 540606.8275862068)
[1, 4, 10, 23, 57, 132, 301, 701, 1654, 3887, 8585, 19763]...: 16218759: ACCEPTED IN 30 TRIES, (AVG 540625.3)
[1, 4, 10, 23, 57, 132, 301, 701, 1654, 3887, 8585, 19796]...: 11890893: ACCEPTED IN 22 TRIES, (AVG 540495.1363636364)
[1, 4, 10, 23, 57, 132, 301, 701, 1654, 3887, 8585, 19821]...: 21631436: ACCEPTED IN 40 TRIES, (AVG 540785.9)
[1, 4, 10, 23, 57, 132, 301, 701, 1654, 3887, 8585, 19854]...: 5397194: ACCEPTED IN 10 TRIES, (AVG 539719.4)
[1, 4, 10, 23, 57, 132, 301, 701, 1654, 3887, 8585, 19858]...: 21090379: ACCEPTED IN 39 TRIES, (AVG 540778.9487179487)
[1, 4, 10, 23, 57, 132, 301, 701, 1654, 3887, 8585, 19891]...: 16216833: ACCEPTED IN 30 TRIES, (AVG 540561.1)
[1, 4, 10, 23, 57, 132, 301, 701, 1654, 3887, 8585, 19895]...: 15677302: ACCEPTED IN 29 TRIES, (AVG 540596.6206896552)
[1, 4, 10, 23, 57, 132, 301, 701, 1654, 3887, 8585, 19928]...: 14593345: ACCEPTED IN 27 TRIES, (AVG 540494.2592592592)
[1, 4, 10, 23, 57, 132, 301, 701, 1654, 3887, 8585, 19932]...: 17843600: ACCEPTED IN 33 TRIES, (AVG 540715.1515151515)
[1, 4, 10, 23, 57, 132, 301, 701, 1654, 3887, 8585, 19953]...: 14594370: ACCEPTED IN 27 TRIES, (AVG 540532.2222222222)
[1, 4, 10, 23, 57, 132, 301, 701, 1654, 3887, 8585, 19986]...: 10266875: ACCEPTED IN 19 TRIES, (AVG 540361.8421052631)
[1, 4, 10, 23, 57, 132, 301, 701, 1654, 3887, 8585, 19990]...: 23794635: ACCEPTED IN 44 TRIES, (AVG 540787.1590909091)
[1, 4, 10, 23, 57, 132, 301, 701, 1654, 3887, 8585, 20023]...: 17842536: ACCEPTED IN 33 TRIES, (AVG 540682.9090909091)
[1, 4, 10, 23, 57, 132, 301, 701, 1654, 3887, 8585, 20027]...: 27041693: ACCEPTED IN 50 TRIES, (AVG 540833.86)
[1, 4, 10, 23, 57, 132, 301, 701, 1654, 3887, 8585, 20060]...: 10808537: ACCEPTED IN 20 TRIES, (AVG 540426.85)
[1, 4, 10, 23, 57, 132, 301, 701, 1654, 3887, 8585, 20064]...: 18925905: ACCEPTED IN 35 TRIES, (AVG 540740.1428571428)
[1, 4, 10, 23, 57, 132, 301, 701, 1654, 3887, 8585, 20114]...: 29207491: ACCEPTED IN 54 TRIES, (AVG 540879.4629629629)
[1, 4, 10, 23, 57, 132, 301, 701, 1654, 3887, 8585, 20122]...: 20008213: ACCEPTED IN 37 TRIES, (AVG 540762.5135135135)
[1, 4, 10, 23, 57, 132, 301, 701, 1654, 3887, 8585, 20155]...: 19465757: ACCEPTED IN 36 TRIES, (AVG 540715.4722222222)
[1, 4, 10, 23, 57, 132, 301, 701, 1654, 3887, 8585, 20159]...: 29206705: ACCEPTED IN 54 TRIES, (AVG 540864.9074074074)
[1, 4, 10, 23, 57, 132, 301, 701, 1654, 3887, 8585, 20192]...: 16219910: ACCEPTED IN 30 TRIES, (AVG 540663.6666666666)
[1, 4, 10, 23, 57, 132, 301, 701, 1654, 3887, 8585, 20196]...: 14596843: ACCEPTED IN 27 TRIES, (AVG 540623.8148148148)
[1, 4, 10, 23, 57, 132, 301, 701, 1654, 3887, 8585, 20233]...: 20007873: ACCEPTED IN 37 TRIES, (AVG 540753.3243243244)
[1, 4, 10, 23, 57, 132, 301, 701, 1654, 3887, 8585, 20254]...: 37865353: ACCEPTED IN 70 TRIES, (AVG 540933.6142857143)
[1, 4, 10, 23, 57, 132, 301, 701, 1654, 3887, 8585, 20287]...: 20007693: ACCEPTED IN 37 TRIES, (AVG 540748.4594594594)
[1, 4, 10, 23, 57, 132, 301, 701, 1654, 3887, 8585, 20291]...: 26501595: ACCEPTED IN 49 TRIES, (AVG 540848.8775510204)
[1, 4, 10, 23, 57, 132, 301, 701, 1654, 3887, 8585, 20324]...: 27041875: ACCEPTED IN 50 TRIES, (AVG 540837.5)
[1, 4, 10, 23, 57, 132, 301, 701, 1654, 3887, 8585, 20328]...: 14596582: ACCEPTED IN 27 TRIES, (AVG 540614.1481481482)
[1, 4, 10, 23, 57, 132, 301, 701, 1654, 3887, 8585, 20365]...: 12972268: ACCEPTED IN 24 TRIES, (AVG 540511.1666666666)
[1, 4, 10, 23, 57, 132, 301, 701, 1654, 3887, 8585, 20378]...: 25960281: ACCEPTED IN 48 TRIES, (AVG 540839.1875)
[1, 4, 10, 23, 57, 132, 301, 701, 1654, 3887, 8585, 20415]...: 22713533: ACCEPTED IN 42 TRIES, (AVG 540798.4047619047)
[1, 4, 10, 23, 57, 132, 301, 701, 1654, 3887, 8585, 20419]...: 22713864: ACCEPTED IN 42 TRIES, (AVG 540806.2857142857)
[1, 4, 10, 23, 57, 132, 301, 701, 1654, 3887, 8585, 20423]...: 21630449: ACCEPTED IN 40 TRIES, (AVG 540761.225)
[1, 4, 10, 23, 57, 132, 301, 701, 1654, 3887, 8585, 20456]...: 7020631: ACCEPTED IN 13 TRIES, (AVG 540048.5384615385)
[1, 4, 10, 23, 57, 132, 301, 701, 1654, 3887, 8585, 20460]...: 21088677: ACCEPTED IN 39 TRIES, (AVG 540735.3076923077)
[1, 4, 10, 23, 57, 132, 301, 701, 1654, 3887, 8585, 20497]...: 11891199: ACCEPTED IN 22 TRIES, (AVG 540509.0454545454)
[1, 4, 10, 23, 57, 132, 301, 701, 1654, 3887, 8585, 20510]...: 20549331: ACCEPTED IN 38 TRIES, (AVG 540771.8684210526)
[1, 4, 10, 23, 57, 132, 301, 701, 1654, 3887, 8585, 20547]...: 36241875: ACCEPTED IN 67 TRIES, (AVG 540923.5074626865)
[1, 4, 10, 23, 57, 132, 301, 701, 1654, 3887, 8585, 20551]...: 20006999: ACCEPTED IN 37 TRIES, (AVG 540729.7027027027)
[1, 4, 10, 23, 57, 132, 301, 701, 1654, 3887, 8585, 20555]...: 20005934: ACCEPTED IN 37 TRIES, (AVG 540700.9189189189)
[1, 4, 10, 23, 57, 132, 301, 701, 1654, 3887, 8585, 20588]...: 18924342: ACCEPTED IN 35 TRIES, (AVG 540695.4857142858)
[1, 4, 10, 23, 57, 132, 301, 701, 1654, 3887, 8585, 20592]...: 8641444: ACCEPTED IN 16 TRIES, (AVG 540090.25)
