[1, 4, 10, 23, 57, 132, 301, 701, 1654, 3887, 9319, 20501]...: 15135943: ACCEPTED IN 28 TRIES, (AVG 540569.3928571428)
[1, 4, 10, 23, 57, 132, 301, 701, 1654, 3887, 9319, 20530]...: 4315288: ACCEPTED IN 8 TRIES, (AVG 539411.0)
[1, 4, 10, 23, 57, 132, 301, 701, 1654, 3887, 9319, 20534]...: 4855492: ACCEPTED IN 9 TRIES, (AVG 539499.1111111111)
[1, 4, 10, 23, 57, 132, 301, 701, 1654, 3887, 9319, 20538]...: 11889905: ACCEPTED IN 22 TRIES, (AVG 540450.2272727273)
[1, 4, 10, 23, 57, 132, 301, 701, 1654, 3887, 9319, 20571]...: 7561240: ACCEPTED IN 14 TRIES, (AVG 540088.5714285715)
[1, 4, 10, 23, 57, 132, 301, 701, 1654, 3887, 9319, 20575]...: 11348487: ACCEPTED IN 21 TRIES, (AVG 540404.1428571428)
[1, 4, 10, 23, 57, 132, 301, 701, 1654, 3887, 9319, 20588]...: 10267166: ACCEPTED IN 19 TRIES, (AVG 540377.1578947369)
[1, 4, 10, 23, 57, 132, 301, 701, 1654, 3887, 9319, 20608]...: 14596038: ACCEPTED IN 27 TRIES, (AVG 540594.0)
[1, 4, 10, 23, 57, 132, 301, 701, 1654, 3887, 9319, 20612]...: 9183186: ACCEPTED IN 17 TRIES, (AVG 540187.4117647059)
[1, 4, 10, 23, 57, 132, 301, 701, 1654, 3887, 9319, 20625]...: 13511839: ACCEPTED IN 25 TRIES, (AVG 540473.56)
[1, 4, 10, 23, 57, 132, 301, 701, 1654, 3887, 9319, 20629]...: 14596077: ACCEPTED IN 27 TRIES, (AVG 540595.4444444445)
[1, 4, 10, 23, 57, 132, 301, 701, 1654, 3887, 9319, 20662]...: 15137351: ACCEPTED IN 28 TRIES, (AVG 540619.6785714285)
[1, 4, 10, 23, 57, 132, 301, 701, 1654, 3887, 9319, 20666]...: 11349726: ACCEPTED IN 21 TRIES, (AVG 540463.1428571428)
[1, 4, 10, 23, 57, 132, 301, 701, 1654, 3887, 9319, 20670]...: 15136806: ACCEPTED IN 28 TRIES, (AVG 540600.2142857143)
[1, 4, 10, 23, 57, 132, 301, 701, 1654, 3887, 9319, 20703]...: 5397335: ACCEPTED IN 10 TRIES, (AVG 539733.5)
[1, 4, 10, 23, 57, 132, 301, 701, 1654, 3887, 9319, 20707]...: 10267576: ACCEPTED IN 19 TRIES, (AVG 540398.7368421053)
[1, 4, 10, 23, 57, 132, 301, 701, 1654, 3887, 9319, 20720]...: 12431826: ACCEPTED IN 23 TRIES, (AVG 540514.1739130435)
[1, 4, 10, 23, 57, 132, 301, 701, 1654, 3887, 9319, 20740]...: 11890824: ACCEPTED IN 22 TRIES, (AVG 540492.0)
[1, 4, 10, 23, 57, 132, 301, 701, 1654, 3887, 9319, 20744]...: 13512303: ACCEPTED IN 25 TRIES, (AVG 540492.12)
[1, 4, 10, 23, 57, 132, 301, 701, 1654, 3887, 9319, 20757]...: 8643606: ACCEPTED IN 16 TRIES, (AVG 540225.375)
[1, 4, 10, 23, 57, 132, 301, 701, 1654, 3887, 9319, 20761]...: 13513584: ACCEPTED IN 25 TRIES, (AVG 540543.36)
[1, 4, 10, 23, 57, 132, 301, 701, 1654, 3887, 9319, 20781]...: 15137458: ACCEPTED IN 28 TRIES, (AVG 540623.5)
[1, 4, 10, 23, 57, 132, 301, 701, 1654, 3887, 9319, 20794]...: 7020558: ACCEPTED IN 13 TRIES, (AVG 540042.9230769231)
[1, 4, 10, 23, 57, 132, 301, 701, 1654, 3887, 9319, 20798]...: 8642031: ACCEPTED IN 16 TRIES, (AVG 540126.9375)
[1, 4, 10, 23, 57, 132, 301, 701, 1654, 3887, 9319, 20802]...: 10267603: ACCEPTED IN 19 TRIES, (AVG 540400.1578947369)
[1, 4, 10, 23, 57, 132, 301, 701, 1654, 3887, 9319, 20831]...: 18384194: ACCEPTED IN 34 TRIES, (AVG 540711.5882352941)
[1, 4, 10, 23, 57, 132, 301, 701, 1654, 3887, 9319, 20835]...: 25958093: ACCEPTED IN 48 TRIES, (AVG 540793.6041666666)
[1, 4, 10, 23, 57, 132, 301, 701, 1654, 3887, 9319, 20839]...: 4315120: ACCEPTED IN 8 TRIES, (AVG 539390.0)
[1, 4, 10, 23, 57, 132, 301, 701, 1654, 3887, 9319, 20852]...: 8644161: ACCEPTED IN 16 TRIES, (AVG 540260.0625)
[1, 4, 10, 23, 57, 132, 301, 701, 1654, 3887, 9319, 20872]...: 14594408: ACCEPTED IN 27 TRIES, (AVG 540533.6296296297)
[1, 4, 10, 23, 57, 132, 301, 701, 1654, 3887, 9319, 20876]...: 23793612: ACCEPTED IN 44 TRIES, (AVG 540763.9090909091)
[1, 4, 10, 23, 57, 132, 301, 701, 1654, 3887, 9319, 20889]...: 4314576: ACCEPTED IN 8 TRIES, (AVG 539322.0)
[1, 4, 10, 23, 57, 132, 301, 701, 1654, 3887, 9319, 20893]...: 14595126: ACCEPTED IN 27 TRIES, (AVG 540560.2222222222)
[1, 4, 10, 23, 57, 132, 301, 701, 1654, 3887, 9319, 20913]...: 3773600: ACCEPTED IN 7 TRIES, (AVG 539085.7142857143)
[1, 4, 10, 23, 57, 132, 301, 701, 1654, 3887, 9319, 20926]...: 14595814: ACCEPTED IN 27 TRIES, (AVG 540585.7037037037)
[1, 4, 10, 23, 57, 132, 301, 701, 1654, 3887, 9319, 20930]...: 14596582: ACCEPTED IN 27 TRIES, (AVG 540614.1481481482)
[1, 4, 10, 23, 57, 132, 301, 701, 1654, 3887, 9319, 20963]...: 8641795: ACCEPTED IN 16 TRIES, (AVG 540112.1875)
[1, 4, 10, 23, 57, 132, 301, 701, 1654, 3887, 9319, 20967]...: 32993876: ACCEPTED IN 61 TRIES, (AVG 540883.2131147541)
[1, 4, 10, 23, 57, 132, 301, 701, 1654, 3887, 9319, 20971]...: 8643292: ACCEPTED IN 16 TRIES, (AVG 540205.75)
[1, 4, 10, 23, 57, 132, 301, 701, 1654, 3887, 9319, 21004]...: 8103108: ACCEPTED IN 15 TRIES, (AVG 540207.2)
[1, 4, 10, 23, 57, 132, 301, 701, 1654, 3887, 9319, 21008]...: 8644003: ACCEPTED IN 16 TRIES, (AVG 540250.1875)
[1, 4, 10, 23, 57, 132, 301, 701, 1654, 3887, 9319, 21021]...: 5938303: ACCEPTED IN 11 TRIES, (AVG 539845.7272727273)
[1, 4, 10, 23, 57, 132, 301, 701, 1654, 3887, 9319, 21025]...: 4856207: ACCEPTED IN 9 TRIES, (AVG 539578.5555555555)
[1, 4, 10, 23, 57, 132, 301, 701, 1654, 3887, 9319, 21045]...: 8642925: ACCEPTED IN 16 TRIES, (AVG 540182.8125)
[1, 4, 10, 23, 57, 132, 301, 701, 1654, 3887, 9319, 21058]...: 11889964: ACCEPTED IN 22 TRIES, (AVG 540452.9090909091)
[1, 4, 10, 23, 57, 132, 301, 701, 1654, 3887, 9319, 21062]...: 12431732: ACCEPTED IN 23 TRIES, (AVG 540510.0869565217)
[1, 4, 10, 23, 57, 132, 301, 701, 1654, 3887, 9319, 21095]...: 5395084: ACCEPTED IN 10 TRIES, (AVG 539508.4)
[1, 4, 10, 23, 57, 132, 301, 701, 1654, 3887, 9319, 21099]...: 3773807: ACCEPTED IN 7 TRIES, (AVG 539115.2857142857)
[1, 4, 10, 23, 57, 132, 301, 701, 1654, 3887, 9319, 21103]...: 9725779: ACCEPTED IN 18 TRIES, (AVG 540321.0555555555)
[1, 4, 10, 23, 57, 132, 301, 701, 1654, 3887, 9319, 21132]...: 7020370: ACCEPTED IN 13 TRIES, (AVG 540028.4615384615)
[1, 4, 10, 23, 57, 132, 301, 701, 1654, 3887, 9319, 21136]...: 15134458: ACCEPTED IN 28 TRIES, (AVG 540516.3571428572)
[1, 4, 10, 23, 57, 132, 301, 701, 1654, 3887, 9319, 21140]...: 12973150: ACCEPTED IN 24 TRIES, (AVG 540547.9166666666)
[1, 4, 10, 23, 57, 132, 301, 701, 1654, 3887, 9319, 21153]...: 4313765: ACCEPTED IN 8 TRIES, (AVG 539220.625)
[1, 4, 10, 23, 57, 132, 301, 701, 1654, 3887, 9319, 21157]...: 4314253: ACCEPTED IN 8 TRIES, (AVG 539281.625)
[1, 4, 10, 23, 57, 132, 301, 701, 1654, 3887, 9319, 21177]...: 9726533: ACCEPTED IN 18 TRIES, (AVG 540362.9444444445)
[1, 4, 10, 23, 57, 132, 301, 701, 1654, 3887, 9319, 21190]...: 4856118: ACCEPTED IN 9 TRIES, (AVG 539568.6666666666)
[1, 4, 10, 23, 57, 132, 301, 701, 1654, 3887, 9319, 21194]...: 9726581: ACCEPTED IN 18 TRIES, (AVG 540365.6111111111)
[1, 4, 10, 23, 57, 132, 301, 701, 1654, 3887, 9319, 21227]...: 10267618: ACCEPTED IN 19 TRIES, (AVG 540400.947368421)
[1, 4, 10, 23, 57, 132, 301, 701, 1654, 3887, 9319, 21231]...: 3773839: ACCEPTED IN 7 TRIES, (AVG 539119.8571428572)
[1, 4, 10, 23, 57, 132, 301, 701, 1654, 3887, 9319, 21264]...: 9724950: ACCEPTED IN 18 TRIES, (AVG 540275.0)
[1, 4, 10, 23, 57, 132, 301, 701, 1654, 3887, 9319, 21268]...: 20007990: ACCEPTED IN 37 TRIES, (AVG 540756.4864864865)
[1, 4, 10, 23, 57, 132, 301, 701, 1654, 3887, 9319, 21272]...: 9185169: ACCEPTED IN 17 TRIES, (AVG 540304.0588235294)
[1, 4, 10, 23, 57, 132, 301, 701, 1654, 3887, 9319, 21289]...: 5396872: ACCEPTED IN 10 TRIES, (AVG 539687.2)
[1, 4, 10, 23, 57, 132, 301, 701, 1654, 3887, 9319, 21309]...: 5937795: ACCEPTED IN 11 TRIES, (AVG 539799.5454545454)
[1, 4, 10, 23, 57, 132, 301, 701, 1654, 3887, 9319, 21322]...: 12431839: ACCEPTED IN 23 TRIES, (AVG 540514.7391304348)
[1, 4, 10, 23, 57, 132, 301, 701, 1654, 3887, 9319, 21326]...: 7562105: ACCEPTED IN 14 TRIES, (AVG 540150.3571428572)
[1, 4, 10, 23, 57, 132, 301, 701, 1654, 3887, 9319, 21359]...: 4856173: ACCEPTED IN 9 TRIES, (AVG 539574.7777777778)
[1, 4, 10, 23, 57, 132, 301, 701, 1654, 3887, 9319, 21363]...: 5395365: ACCEPTED IN 10 TRIES, (AVG 539536.5)
[1, 4, 10, 23, 57, 132, 301, 701, 1654, 3887, 9319, 21396]...: 5395517: ACCEPTED IN 10 TRIES, (AVG 539551.7)
[1, 4, 10, 23, 57, 132, 301, 701, 1654, 3887, 9319, 21400]...: 4314834: ACCEPTED IN 8 TRIES, (AVG 539354.25)
[1, 4, 10, 23, 57, 132, 301, 701, 1654, 3887, 9319, 21404]...: 15137753: ACCEPTED IN 28 TRIES, (AVG 540634.0357142857)
[1, 4, 10, 23, 57, 132, 301, 701, 1654, 3887, 9319, 21421]...: 10808907: ACCEPTED IN 20 TRIES, (AVG 540445.35)
[1, 4, 10, 23, 57, 132, 301, 701, 1654, 3887, 9319, 21433]...: 4315214: ACCEPTED IN 8 TRIES, (AVG 539401.75)
[1, 4, 10, 23, 57, 132, 301, 701, 1654, 3887, 9319, 21441]...: 3773943: ACCEPTED IN 7 TRIES, (AVG 539134.7142857143)
[1, 4, 10, 23, 57, 132, 301, 701, 1654, 3887, 9319, 21454]...: 3772955: ACCEPTED IN 7 TRIES, (AVG 538993.5714285715)
[1, 4, 10, 23, 57, 132, 301, 701, 1654, 3887, 9319, 21458]...: 4315089: ACCEPTED IN 8 TRIES, (AVG 539386.125)
[1, 4, 10, 23, 57, 132, 301, 701, 1654, 3887, 9319, 21491]...: 4311730: ACCEPTED IN 8 TRIES, (AVG 538966.25)
[1, 4, 10, 23, 57, 132, 301, 701, 1654, 3887, 9319, 21495]...: 13513587: ACCEPTED IN 25 TRIES, (AVG 540543.48)
[1, 4, 10, 23, 57, 132, 301, 701, 1654, 3887, 9319, 21528]...: 4314439: ACCEPTED IN 8 TRIES, (AVG 539304.875)
[1, 4, 10, 23, 57, 132, 301, 701, 1654, 3887, 9319, 21532]...: 4855938: ACCEPTED IN 9 TRIES, (AVG 539548.6666666666)
[1, 4, 10, 23, 57, 132, 301, 701, 1654, 3887, 9319, 21553]...: 4313505: ACCEPTED IN 8 TRIES, (AVG 539188.125)
[1, 4, 10, 23, 57, 132, 301, 701, 1654, 3887, 9319, 21565]...: 3774091: ACCEPTED IN 7 TRIES, (AVG 539155.8571428572)
[1, 4, 10, 23, 57, 132, 301, 701, 1654, 3887, 9319, 21573]...: 3232705: ACCEPTED IN 6 TRIES, (AVG 538784.1666666666)
[1, 4, 10, 23, 57, 132, 301, 701, 1654, 3887, 9319, 21582]...: 15137577: ACCEPTED IN 28 TRIES, (AVG 540627.75)
[1, 4, 10, 23, 57, 132, 301, 701, 1654, 3887, 9319, 21590]...: 3773731: ACCEPTED IN 7 TRIES, (AVG 539104.4285714285)
[1, 4, 10, 23, 57, 132, 301, 701, 1654, 3887, 9319, 21623]...: 4311332: ACCEPTED IN 8 TRIES, (AVG 538916.5)
[1, 4, 10, 23, 57, 132, 301, 701, 1654, 3887, 9319, 21627]...: 7019151: ACCEPTED IN 13 TRIES, (AVG 539934.6923076923)
[1, 4, 10, 23, 57, 132, 301, 701, 1654, 3887, 9319, 21660]...: 4314490: ACCEPTED IN 8 TRIES, (AVG 539311.25)
[1, 4, 10, 23, 57, 132, 301, 701, 1654, 3887, 9319, 21664]...: 4314943: ACCEPTED IN 8 TRIES, (AVG 539367.875)
[1, 4, 10, 23, 57, 132, 301, 701, 1654, 3887, 9319, 21697]...: 10807583: ACCEPTED IN 20 TRIES, (AVG 540379.15)
[1, 4, 10, 23, 57, 132, 301, 701, 1654, 3887, 9319, 21705]...: 3772831: ACCEPTED IN 7 TRIES, (AVG 538975.8571428572)
[1, 4, 10, 23, 57, 132, 301, 701, 1654, 3887, 9319, 21714]...: 3773335: ACCEPTED IN 7 TRIES, (AVG 539047.8571428572)
[1, 4, 10, 23, 57, 132, 301, 701, 1654, 3887, 9319, 21722]...: 5397245: ACCEPTED IN 10 TRIES, (AVG 539724.5)
[1, 4, 10, 23, 57, 132, 301, 701, 1654, 3887, 9319, 21734]...: 3229582: ACCEPTED IN 6 TRIES, (AVG 538263.6666666666)
[1, 4, 10, 23, 57, 132, 301, 701, 1654, 3887, 9319, 21755]...: 3773231: ACCEPTED IN 7 TRIES, (AVG 539033.0)
[1, 4, 10, 23, 57, 132, 301, 701, 1654, 3887, 9319, 21759]...: 3232919: ACCEPTED IN 6 TRIES, (AVG 538819.8333333334)
[1, 4, 10, 23, 57, 132, 301, 701, 1654, 3887, 9319, 21792]...: 8643590: ACCEPTED IN 16 TRIES, (AVG 540224.375)
[1, 4, 10, 23, 57, 132, 301, 701, 1654, 3887, 9319, 21796]...: 8103003: ACCEPTED IN 15 TRIES, (AVG 540200.2)
[1, 4, 10, 23, 57, 132, 301, 701, 1654, 3887, 9319, 21829]...: 8642156: ACCEPTED IN 16 TRIES, (AVG 540134.75)
[1, 4, 10, 23, 57, 132, 301, 701, 1654, 3887, 9319, 21833]...: 5396656: ACCEPTED IN 10 TRIES, (AVG 539665.6)
[1, 4, 10, 23, 57, 132, 301, 701, 1654, 3887, 9319, 21846]...: 7020578: ACCEPTED IN 13 TRIES, (AVG 540044.4615384615)
[1, 4, 10, 23, 57, 132, 301, 701, 1654, 3887, 9319, 21854]...: 14594662: ACCEPTED IN 27 TRIES, (AVG 540543.0370370371)
[1, 4, 10, 23, 57, 132, 301, 701, 1654, 3887, 9319, 21866]...: 9183744: ACCEPTED IN 17 TRIES, (AVG 540220.2352941176)
[1, 4, 10, 23, 57, 132, 301, 701, 1654, 3887, 9319, 21883]...: 4856334: ACCEPTED IN 9 TRIES, (AVG 539592.6666666666)
[1, 4, 10, 23, 57, 132, 301, 701, 1654, 3887, 9319, 21887]...: 3231771: ACCEPTED IN 6 TRIES, (AVG 538628.5)
[1, 4, 10, 23, 57, 132, 301, 701, 1654, 3887, 9319, 21891]...: 10267690: ACCEPTED IN 19 TRIES, (AVG 540404.7368421053)
[1, 4, 10, 23, 57, 132, 301, 701, 1654, 3887, 9319, 21924]...: 5397208: ACCEPTED IN 10 TRIES, (AVG 539720.8)
[1, 4, 10, 23, 57, 132, 301, 701, 1654, 3887, 9319, 21928]...: 4315091: ACCEPTED IN 8 TRIES, (AVG 539386.375)
[1, 4, 10, 23, 57, 132, 301, 701, 1654, 3887, 9319, 21961]...: 8102401: ACCEPTED IN 15 TRIES, (AVG 540160.0666666667)
[1, 4, 10, 23, 57, 132, 301, 701, 1654, 3887, 9319, 21965]...: 3232501: ACCEPTED IN 6 TRIES, (AVG 538750.1666666666)
[1, 4, 10, 23, 57, 132, 301, 701, 1654, 3887, 9319, 21978]...: 7018916: ACCEPTED IN 13 TRIES, (AVG 539916.6153846154)
[1, 4, 10, 23, 57, 132, 301, 701, 1654, 3887, 9319, 21998]...: 5396084: ACCEPTED IN 10 TRIES, (AVG 539608.4)
[1, 4, 10, 23, 57, 132, 301, 701, 1654, 3887, 9319, 22015]...: 12970587: ACCEPTED IN 24 TRIES, (AVG 540441.125)
[1, 4, 10, 23, 57, 132, 301, 701, 1654, 3887, 9319, 22019]...: 3232629: ACCEPTED IN 6 TRIES, (AVG 538771.5)
[1, 4, 10, 23, 57, 132, 301, 701, 1654, 3887, 9319, 22023]...: 3774130: ACCEPTED IN 7 TRIES, (AVG 539161.4285714285)
[1, 4, 10, 23, 57, 132, 301, 701, 1654, 3887, 9319, 22056]...: 9185230: ACCEPTED IN 17 TRIES, (AVG 540307.6470588235)
[1, 4, 10, 23, 57, 132, 301, 701, 1654, 3887, 9319, 22060]...: 5395676: ACCEPTED IN 10 TRIES, (AVG 539567.6)
[1, 4, 10, 23, 57, 132, 301, 701, 1654, 3887, 9319, 22093]...: 3772654: ACCEPTED IN 7 TRIES, (AVG 538950.5714285715)
[1, 4, 10, 23, 57, 132, 301, 701, 1654, 3887, 9319, 22097]...: 7019304: ACCEPTED IN 13 TRIES, (AVG 539946.4615384615)
[1, 4, 10, 23, 57, 132, 301, 701, 1654, 3887, 9319, 22110]...: 3773134: ACCEPTED IN 7 TRIES, (AVG 539019.1428571428)
[1, 4, 10, 23, 57, 132, 301, 701, 1654, 3887, 9319, 22130]...: 4314250: ACCEPTED IN 8 TRIES, (AVG 539281.25)
[1, 4, 10, 23, 57, 132, 301, 701, 1654, 3887, 9319, 22134]...: 5395893: ACCEPTED IN 10 TRIES, (AVG 539589.3)
[1, 4, 10, 23, 57, 132, 301, 701, 1654, 3887, 9319, 22147]...: 3772483: ACCEPTED IN 7 TRIES, (AVG 538926.1428571428)
[1, 4, 10, 23, 57, 132, 301, 701, 1654, 3887, 9319, 22151]...: 2691485: ACCEPTED IN 5 TRIES, (AVG 538297.0)
[1, 4, 10, 23, 57, 132, 301, 701, 1654, 3887, 9319, 22155]...: 3231369: ACCEPTED IN 6 TRIES, (AVG 538561.5)
[1, 4, 10, 23, 57, 132, 301, 701, 1654, 3887, 9319, 22184]...: 4313779: ACCEPTED IN 8 TRIES, (AVG 539222.375)
[1, 4, 10, 23, 57, 132, 301, 701, 1654, 3887, 9319, 22188]...: 3231052: ACCEPTED IN 6 TRIES, (AVG 538508.6666666666)
[1, 4, 10, 23, 57, 132, 301, 701, 1654, 3887, 9319, 22192]...: 11889616: ACCEPTED IN 22 TRIES, (AVG 540437.0909090909)
[1, 4, 10, 23, 57, 132, 301, 701, 1654, 3887, 9319, 22225]...: 3232024: ACCEPTED IN 6 TRIES, (AVG 538670.6666666666)
[1, 4, 10, 23, 57, 132, 301, 701, 1654, 3887, 9319, 22229]...: 3230911: ACCEPTED IN 6 TRIES, (AVG 538485.1666666666)
[1, 4, 10, 23, 57, 132, 301, 701, 1654, 3887, 9319, 22242]...: 2691840: ACCEPTED IN 5 TRIES, (AVG 538368.0)
[1, 4, 10, 23, 57, 132, 301, 701, 1654, 3887, 9319, 22262]...: 3232930: ACCEPTED IN 6 TRIES, (AVG 538821.6666666666)
[1, 4, 10, 23, 57, 132, 301, 701, 1654, 3887, 9319, 22266]...: 3231423: ACCEPTED IN 6 TRIES, (AVG 538570.5)
[1, 4, 10, 23, 57, 132, 301, 701, 1654, 3887, 9319, 22279]...: 3231662: ACCEPTED IN 6 TRIES, (AVG 538610.3333333334)
[1, 4, 10, 23, 57, 132, 301, 701, 1654, 3887, 9319, 22283]...: 3232171: ACCEPTED IN 6 TRIES, (AVG 538695.1666666666)
[1, 4, 10, 23, 57, 132, 301, 701, 1654, 3887, 9319, 22316]...: 3230153: ACCEPTED IN 6 TRIES, (AVG 538358.8333333334)
[1, 4, 10, 23, 57, 132, 301, 701, 1654, 3887, 9319, 22320]...: 3232871: ACCEPTED IN 6 TRIES, (AVG 538811.8333333334)
[1, 4, 10, 23, 57, 132, 301, 701, 1654, 3887, 9319, 22324]...: 3232955: ACCEPTED IN 6 TRIES, (AVG 538825.8333333334)
[1, 4, 10, 23, 57, 132, 301, 701, 1654, 3887, 9319, 22357]...: 4312711: ACCEPTED IN 8 TRIES, (AVG 539088.875)
[1, 4, 10, 23, 57, 132, 301, 701, 1654, 3887, 9319, 22361]...: 3230427: ACCEPTED IN 6 TRIES, (AVG 538404.5)
