[1, 4, 10, 23, 57, 132, 301, 701, 1654, 3887, 9273, 20400]...: 6478034: ACCEPTED IN 12 TRIES, (AVG 539836.1666666666)
[1, 4, 10, 23, 57, 132, 301, 701, 1654, 3887, 9273, 20401]...: 5937344: ACCEPTED IN 11 TRIES, (AVG 539758.5454545454)
[1, 4, 10, 23, 57, 132, 301, 701, 1654, 3887, 9273, 20433]...: 5396631: ACCEPTED IN 10 TRIES, (AVG 539663.1)
[1, 4, 10, 23, 57, 132, 301, 701, 1654, 3887, 9273, 20437]...: 6479387: ACCEPTED IN 12 TRIES, (AVG 539948.9166666666)
[1, 4, 10, 23, 57, 132, 301, 701, 1654, 3887, 9273, 20438]...: 9182333: ACCEPTED IN 17 TRIES, (AVG 540137.2352941176)
[1, 4, 10, 23, 57, 132, 301, 701, 1654, 3887, 9273, 20458]...: 9182575: ACCEPTED IN 17 TRIES, (AVG 540151.4705882353)
[1, 4, 10, 23, 57, 132, 301, 701, 1654, 3887, 9273, 20470]...: 6478286: ACCEPTED IN 12 TRIES, (AVG 539857.1666666666)
[1, 4, 10, 23, 57, 132, 301, 701, 1654, 3887, 9273, 20474]...: 5936832: ACCEPTED IN 11 TRIES, (AVG 539712.0)
[1, 4, 10, 23, 57, 132, 301, 701, 1654, 3887, 9273, 20487]...: 14596441: ACCEPTED IN 27 TRIES, (AVG 540608.925925926)
[1, 4, 10, 23, 57, 132, 301, 701, 1654, 3887, 9273, 20496]...: 9726279: ACCEPTED IN 18 TRIES, (AVG 540348.8333333334)
[1, 4, 10, 23, 57, 132, 301, 701, 1654, 3887, 9273, 20528]...: 12970865: ACCEPTED IN 24 TRIES, (AVG 540452.7083333334)
[1, 4, 10, 23, 57, 132, 301, 701, 1654, 3887, 9273, 20532]...: 5395459: ACCEPTED IN 10 TRIES, (AVG 539545.9)
[1, 4, 10, 23, 57, 132, 301, 701, 1654, 3887, 9273, 20533]...: 6478902: ACCEPTED IN 12 TRIES, (AVG 539908.5)
[1, 4, 10, 23, 57, 132, 301, 701, 1654, 3887, 9273, 20537]...: 4314973: ACCEPTED IN 8 TRIES, (AVG 539371.625)
[1, 4, 10, 23, 57, 132, 301, 701, 1654, 3887, 9273, 20565]...: 5396756: ACCEPTED IN 10 TRIES, (AVG 539675.6)
[1, 4, 10, 23, 57, 132, 301, 701, 1654, 3887, 9273, 20569]...: 8103058: ACCEPTED IN 15 TRIES, (AVG 540203.8666666667)
[1, 4, 10, 23, 57, 132, 301, 701, 1654, 3887, 9273, 20570]...: 11891013: ACCEPTED IN 22 TRIES, (AVG 540500.5909090909)
[1, 4, 10, 23, 57, 132, 301, 701, 1654, 3887, 9273, 20602]...: 4855414: ACCEPTED IN 9 TRIES, (AVG 539490.4444444445)
[1, 4, 10, 23, 57, 132, 301, 701, 1654, 3887, 9273, 20606]...: 5396172: ACCEPTED IN 10 TRIES, (AVG 539617.2)
[1, 4, 10, 23, 57, 132, 301, 701, 1654, 3887, 9273, 20619]...: 5938227: ACCEPTED IN 11 TRIES, (AVG 539838.8181818182)
[1, 4, 10, 23, 57, 132, 301, 701, 1654, 3887, 9273, 20628]...: 5936863: ACCEPTED IN 11 TRIES, (AVG 539714.8181818182)
[1, 4, 10, 23, 57, 132, 301, 701, 1654, 3887, 9273, 20643]...: 20547813: ACCEPTED IN 38 TRIES, (AVG 540731.9210526316)
[1, 4, 10, 23, 57, 132, 301, 701, 1654, 3887, 9273, 20660]...: 4855907: ACCEPTED IN 9 TRIES, (AVG 539545.2222222222)
[1, 4, 10, 23, 57, 132, 301, 701, 1654, 3887, 9273, 20664]...: 9724426: ACCEPTED IN 18 TRIES, (AVG 540245.8888888889)
[1, 4, 10, 23, 57, 132, 301, 701, 1654, 3887, 9273, 20665]...: 5396839: ACCEPTED IN 10 TRIES, (AVG 539683.9)
[1, 4, 10, 23, 57, 132, 301, 701, 1654, 3887, 9273, 20669]...: 7020853: ACCEPTED IN 13 TRIES, (AVG 540065.6153846154)
[1, 4, 10, 23, 57, 132, 301, 701, 1654, 3887, 9273, 20697]...: 4313968: ACCEPTED IN 8 TRIES, (AVG 539246.0)
[1, 4, 10, 23, 57, 132, 301, 701, 1654, 3887, 9273, 20701]...: 4855918: ACCEPTED IN 9 TRIES, (AVG 539546.4444444445)
[1, 4, 10, 23, 57, 132, 301, 701, 1654, 3887, 9273, 20702]...: 5938636: ACCEPTED IN 11 TRIES, (AVG 539876.0)
[1, 4, 10, 23, 57, 132, 301, 701, 1654, 3887, 9273, 20734]...: 9184983: ACCEPTED IN 17 TRIES, (AVG 540293.1176470588)
[1, 4, 10, 23, 57, 132, 301, 701, 1654, 3887, 9273, 20738]...: 8102709: ACCEPTED IN 15 TRIES, (AVG 540180.6)
[1, 4, 10, 23, 57, 132, 301, 701, 1654, 3887, 9273, 20739]...: 4315141: ACCEPTED IN 8 TRIES, (AVG 539392.625)
[1, 4, 10, 23, 57, 132, 301, 701, 1654, 3887, 9273, 20751]...: 5397457: ACCEPTED IN 10 TRIES, (AVG 539745.7)
[1, 4, 10, 23, 57, 132, 301, 701, 1654, 3887, 9273, 20760]...: 4852850: ACCEPTED IN 9 TRIES, (AVG 539205.5555555555)
[1, 4, 10, 23, 57, 132, 301, 701, 1654, 3887, 9273, 20775]...: 5396725: ACCEPTED IN 10 TRIES, (AVG 539672.5)
[1, 4, 10, 23, 57, 132, 301, 701, 1654, 3887, 9273, 20788]...: 8101916: ACCEPTED IN 15 TRIES, (AVG 540127.7333333333)
[1, 4, 10, 23, 57, 132, 301, 701, 1654, 3887, 9273, 20792]...: 14055347: ACCEPTED IN 26 TRIES, (AVG 540590.2692307692)
[1, 4, 10, 23, 57, 132, 301, 701, 1654, 3887, 9273, 20797]...: 5395343: ACCEPTED IN 10 TRIES, (AVG 539534.3)
[1, 4, 10, 23, 57, 132, 301, 701, 1654, 3887, 9273, 20801]...: 9725260: ACCEPTED IN 18 TRIES, (AVG 540292.2222222222)
[1, 4, 10, 23, 57, 132, 301, 701, 1654, 3887, 9273, 20829]...: 4855376: ACCEPTED IN 9 TRIES, (AVG 539486.2222222222)
[1, 4, 10, 23, 57, 132, 301, 701, 1654, 3887, 9273, 20833]...: 5397218: ACCEPTED IN 10 TRIES, (AVG 539721.8)
[1, 4, 10, 23, 57, 132, 301, 701, 1654, 3887, 9273, 20834]...: 5396099: ACCEPTED IN 10 TRIES, (AVG 539609.9)
[1, 4, 10, 23, 57, 132, 301, 701, 1654, 3887, 9273, 20838]...: 5937594: ACCEPTED IN 11 TRIES, (AVG 539781.2727272727)
[1, 4, 10, 23, 57, 132, 301, 701, 1654, 3887, 9273, 20866]...: 5396400: ACCEPTED IN 10 TRIES, (AVG 539640.0)
[1, 4, 10, 23, 57, 132, 301, 701, 1654, 3887, 9273, 20870]...: 6478830: ACCEPTED IN 12 TRIES, (AVG 539902.5)
[1, 4, 10, 23, 57, 132, 301, 701, 1654, 3887, 9273, 20871]...: 18923321: ACCEPTED IN 35 TRIES, (AVG 540666.3142857143)
[1, 4, 10, 23, 57, 132, 301, 701, 1654, 3887, 9273, 20883]...: 5938241: ACCEPTED IN 11 TRIES, (AVG 539840.0909090909)
[1, 4, 10, 23, 57, 132, 301, 701, 1654, 3887, 9273, 20895]...: 7561180: ACCEPTED IN 14 TRIES, (AVG 540084.2857142857)
[1, 4, 10, 23, 57, 132, 301, 701, 1654, 3887, 9273, 20907]...: 6478910: ACCEPTED IN 12 TRIES, (AVG 539909.1666666666)
[1, 4, 10, 23, 57, 132, 301, 701, 1654, 3887, 9273, 20920]...: 5397044: ACCEPTED IN 10 TRIES, (AVG 539704.4)
[1, 4, 10, 23, 57, 132, 301, 701, 1654, 3887, 9273, 20924]...: 5938451: ACCEPTED IN 11 TRIES, (AVG 539859.1818181818)
[1, 4, 10, 23, 57, 132, 301, 701, 1654, 3887, 9273, 20929]...: 5396964: ACCEPTED IN 10 TRIES, (AVG 539696.4)
[1, 4, 10, 23, 57, 132, 301, 701, 1654, 3887, 9273, 20933]...: 5938228: ACCEPTED IN 11 TRIES, (AVG 539838.9090909091)
[1, 4, 10, 23, 57, 132, 301, 701, 1654, 3887, 9273, 20961]...: 8101982: ACCEPTED IN 15 TRIES, (AVG 540132.1333333333)
[1, 4, 10, 23, 57, 132, 301, 701, 1654, 3887, 9273, 20965]...: 5937480: ACCEPTED IN 11 TRIES, (AVG 539770.9090909091)
[1, 4, 10, 23, 57, 132, 301, 701, 1654, 3887, 9273, 20966]...: 8100604: ACCEPTED IN 15 TRIES, (AVG 540040.2666666667)
[1, 4, 10, 23, 57, 132, 301, 701, 1654, 3887, 9273, 20970]...: 9183704: ACCEPTED IN 17 TRIES, (AVG 540217.8823529412)
[1, 4, 10, 23, 57, 132, 301, 701, 1654, 3887, 9273, 20998]...: 9183802: ACCEPTED IN 17 TRIES, (AVG 540223.6470588235)
[1, 4, 10, 23, 57, 132, 301, 701, 1654, 3887, 9273, 21002]...: 6479854: ACCEPTED IN 12 TRIES, (AVG 539987.8333333334)
[1, 4, 10, 23, 57, 132, 301, 701, 1654, 3887, 9273, 21003]...: 9185325: ACCEPTED IN 17 TRIES, (AVG 540313.2352941176)
[1, 4, 10, 23, 57, 132, 301, 701, 1654, 3887, 9273, 21015]...: 4855460: ACCEPTED IN 9 TRIES, (AVG 539495.5555555555)
[1, 4, 10, 23, 57, 132, 301, 701, 1654, 3887, 9273, 21027]...: 4856363: ACCEPTED IN 9 TRIES, (AVG 539595.8888888889)
[1, 4, 10, 23, 57, 132, 301, 701, 1654, 3887, 9273, 21039]...: 8643307: ACCEPTED IN 16 TRIES, (AVG 540206.6875)
[1, 4, 10, 23, 57, 132, 301, 701, 1654, 3887, 9273, 21040]...: 9725718: ACCEPTED IN 18 TRIES, (AVG 540317.6666666666)
[1, 4, 10, 23, 57, 132, 301, 701, 1654, 3887, 9273, 21052]...: 4856335: ACCEPTED IN 9 TRIES, (AVG 539592.7777777778)
[1, 4, 10, 23, 57, 132, 301, 701, 1654, 3887, 9273, 21056]...: 9184767: ACCEPTED IN 17 TRIES, (AVG 540280.4117647059)
[1, 4, 10, 23, 57, 132, 301, 701, 1654, 3887, 9273, 21061]...: 6478982: ACCEPTED IN 12 TRIES, (AVG 539915.1666666666)
[1, 4, 10, 23, 57, 132, 301, 701, 1654, 3887, 9273, 21065]...: 5396948: ACCEPTED IN 10 TRIES, (AVG 539694.8)
[1, 4, 10, 23, 57, 132, 301, 701, 1654, 3887, 9273, 21089]...: 5397177: ACCEPTED IN 10 TRIES, (AVG 539717.7)
[1, 4, 10, 23, 57, 132, 301, 701, 1654, 3887, 9273, 21093]...: 6479488: ACCEPTED IN 12 TRIES, (AVG 539957.3333333334)
[1, 4, 10, 23, 57, 132, 301, 701, 1654, 3887, 9273, 21098]...: 9184864: ACCEPTED IN 17 TRIES, (AVG 540286.1176470588)
[1, 4, 10, 23, 57, 132, 301, 701, 1654, 3887, 9273, 21102]...: 8101559: ACCEPTED IN 15 TRIES, (AVG 540103.9333333333)
[1, 4, 10, 23, 57, 132, 301, 701, 1654, 3887, 9273, 21130]...: 9723584: ACCEPTED IN 18 TRIES, (AVG 540199.1111111111)
[1, 4, 10, 23, 57, 132, 301, 701, 1654, 3887, 9273, 21134]...: 6478660: ACCEPTED IN 12 TRIES, (AVG 539888.3333333334)
[1, 4, 10, 23, 57, 132, 301, 701, 1654, 3887, 9273, 21135]...: 10267384: ACCEPTED IN 19 TRIES, (AVG 540388.6315789474)
[1, 4, 10, 23, 57, 132, 301, 701, 1654, 3887, 9273, 21139]...: 3773364: ACCEPTED IN 7 TRIES, (AVG 539052.0)
[1, 4, 10, 23, 57, 132, 301, 701, 1654, 3887, 9273, 21147]...: 6479283: ACCEPTED IN 12 TRIES, (AVG 539940.25)
[1, 4, 10, 23, 57, 132, 301, 701, 1654, 3887, 9273, 21159]...: 6478522: ACCEPTED IN 12 TRIES, (AVG 539876.8333333334)
[1, 4, 10, 23, 57, 132, 301, 701, 1654, 3887, 9273, 21171]...: 6477184: ACCEPTED IN 12 TRIES, (AVG 539765.3333333334)
[1, 4, 10, 23, 57, 132, 301, 701, 1654, 3887, 9273, 21172]...: 5935287: ACCEPTED IN 11 TRIES, (AVG 539571.5454545454)
[1, 4, 10, 23, 57, 132, 301, 701, 1654, 3887, 9273, 21184]...: 9184206: ACCEPTED IN 17 TRIES, (AVG 540247.4117647059)
[1, 4, 10, 23, 57, 132, 301, 701, 1654, 3887, 9273, 21188]...: 6479836: ACCEPTED IN 12 TRIES, (AVG 539986.3333333334)
[1, 4, 10, 23, 57, 132, 301, 701, 1654, 3887, 9273, 21197]...: 8102712: ACCEPTED IN 15 TRIES, (AVG 540180.8)
[1, 4, 10, 23, 57, 132, 301, 701, 1654, 3887, 9273, 21221]...: 4854009: ACCEPTED IN 9 TRIES, (AVG 539334.3333333334)
[1, 4, 10, 23, 57, 132, 301, 701, 1654, 3887, 9273, 21225]...: 8101457: ACCEPTED IN 15 TRIES, (AVG 540097.1333333333)
[1, 4, 10, 23, 57, 132, 301, 701, 1654, 3887, 9273, 21230]...: 8101948: ACCEPTED IN 15 TRIES, (AVG 540129.8666666667)
[1, 4, 10, 23, 57, 132, 301, 701, 1654, 3887, 9273, 21234]...: 6479761: ACCEPTED IN 12 TRIES, (AVG 539980.0833333334)
[1, 4, 10, 23, 57, 132, 301, 701, 1654, 3887, 9273, 21238]...: 5397369: ACCEPTED IN 10 TRIES, (AVG 539736.9)
[1, 4, 10, 23, 57, 132, 301, 701, 1654, 3887, 9273, 21262]...: 6478588: ACCEPTED IN 12 TRIES, (AVG 539882.3333333334)
[1, 4, 10, 23, 57, 132, 301, 701, 1654, 3887, 9273, 21266]...: 4315231: ACCEPTED IN 8 TRIES, (AVG 539403.875)
[1, 4, 10, 23, 57, 132, 301, 701, 1654, 3887, 9273, 21267]...: 5936812: ACCEPTED IN 11 TRIES, (AVG 539710.1818181818)
[1, 4, 10, 23, 57, 132, 301, 701, 1654, 3887, 9273, 21271]...: 6478745: ACCEPTED IN 12 TRIES, (AVG 539895.4166666666)
[1, 4, 10, 23, 57, 132, 301, 701, 1654, 3887, 9273, 21279]...: 4856277: ACCEPTED IN 9 TRIES, (AVG 539586.3333333334)
[1, 4, 10, 23, 57, 132, 301, 701, 1654, 3887, 9273, 21303]...: 5397501: ACCEPTED IN 10 TRIES, (AVG 539750.1)
[1, 4, 10, 23, 57, 132, 301, 701, 1654, 3887, 9273, 21304]...: 7020820: ACCEPTED IN 13 TRIES, (AVG 540063.0769230769)
[1, 4, 10, 23, 57, 132, 301, 701, 1654, 3887, 9273, 21316]...: 8101248: ACCEPTED IN 15 TRIES, (AVG 540083.2)
[1, 4, 10, 23, 57, 132, 301, 701, 1654, 3887, 9273, 21320]...: 4856038: ACCEPTED IN 9 TRIES, (AVG 539559.7777777778)
[1, 4, 10, 23, 57, 132, 301, 701, 1654, 3887, 9273, 21329]...: 4856376: ACCEPTED IN 9 TRIES, (AVG 539597.3333333334)
[1, 4, 10, 23, 57, 132, 301, 701, 1654, 3887, 9273, 21341]...: 5937319: ACCEPTED IN 11 TRIES, (AVG 539756.2727272727)
[1, 4, 10, 23, 57, 132, 301, 701, 1654, 3887, 9273, 21353]...: 8099986: ACCEPTED IN 15 TRIES, (AVG 539999.0666666667)
[1, 4, 10, 23, 57, 132, 301, 701, 1654, 3887, 9273, 21357]...: 5938267: ACCEPTED IN 11 TRIES, (AVG 539842.4545454546)
[1, 4, 10, 23, 57, 132, 301, 701, 1654, 3887, 9273, 21362]...: 4313408: ACCEPTED IN 8 TRIES, (AVG 539176.0)
[1, 4, 10, 23, 57, 132, 301, 701, 1654, 3887, 9273, 21366]...: 6479109: ACCEPTED IN 12 TRIES, (AVG 539925.75)
[1, 4, 10, 23, 57, 132, 301, 701, 1654, 3887, 9273, 21370]...: 5397504: ACCEPTED IN 10 TRIES, (AVG 539750.4)
[1, 4, 10, 23, 57, 132, 301, 701, 1654, 3887, 9273, 21390]...: 9725534: ACCEPTED IN 18 TRIES, (AVG 540307.4444444445)
[1, 4, 10, 23, 57, 132, 301, 701, 1654, 3887, 9273, 21394]...: 9184441: ACCEPTED IN 17 TRIES, (AVG 540261.2352941176)
[1, 4, 10, 23, 57, 132, 301, 701, 1654, 3887, 9273, 21399]...: 6479724: ACCEPTED IN 12 TRIES, (AVG 539977.0)
[1, 4, 10, 23, 57, 132, 301, 701, 1654, 3887, 9273, 21403]...: 8098297: ACCEPTED IN 15 TRIES, (AVG 539886.4666666667)
[1, 4, 10, 23, 57, 132, 301, 701, 1654, 3887, 9273, 21411]...: 8098567: ACCEPTED IN 15 TRIES, (AVG 539904.4666666667)
[1, 4, 10, 23, 57, 132, 301, 701, 1654, 3887, 9273, 21435]...: 4855121: ACCEPTED IN 9 TRIES, (AVG 539457.8888888889)
[1, 4, 10, 23, 57, 132, 301, 701, 1654, 3887, 9273, 21436]...: 5395830: ACCEPTED IN 10 TRIES, (AVG 539583.0)
[1, 4, 10, 23, 57, 132, 301, 701, 1654, 3887, 9273, 21440]...: 8101422: ACCEPTED IN 15 TRIES, (AVG 540094.8)
[1, 4, 10, 23, 57, 132, 301, 701, 1654, 3887, 9273, 21448]...: 7561786: ACCEPTED IN 14 TRIES, (AVG 540127.5714285715)
[1, 4, 10, 23, 57, 132, 301, 701, 1654, 3887, 9273, 21452]...: 8644295: ACCEPTED IN 16 TRIES, (AVG 540268.4375)
[1, 4, 10, 23, 57, 132, 301, 701, 1654, 3887, 9273, 21461]...: 4854597: ACCEPTED IN 9 TRIES, (AVG 539399.6666666666)
[1, 4, 10, 23, 57, 132, 301, 701, 1654, 3887, 9273, 21473]...: 7560853: ACCEPTED IN 14 TRIES, (AVG 540060.9285714285)
[1, 4, 10, 23, 57, 132, 301, 701, 1654, 3887, 9273, 21485]...: 5395728: ACCEPTED IN 10 TRIES, (AVG 539572.8)
[1, 4, 10, 23, 57, 132, 301, 701, 1654, 3887, 9273, 21489]...: 7560218: ACCEPTED IN 14 TRIES, (AVG 540015.5714285715)
[1, 4, 10, 23, 57, 132, 301, 701, 1654, 3887, 9273, 21490]...: 3773903: ACCEPTED IN 7 TRIES, (AVG 539129.0)
[1, 4, 10, 23, 57, 132, 301, 701, 1654, 3887, 9273, 21498]...: 4854401: ACCEPTED IN 9 TRIES, (AVG 539377.8888888889)
[1, 4, 10, 23, 57, 132, 301, 701, 1654, 3887, 9273, 21502]...: 5394594: ACCEPTED IN 10 TRIES, (AVG 539459.4)
[1, 4, 10, 23, 57, 132, 301, 701, 1654, 3887, 9273, 21522]...: 5938704: ACCEPTED IN 11 TRIES, (AVG 539882.1818181818)
[1, 4, 10, 23, 57, 132, 301, 701, 1654, 3887, 9273, 21526]...: 5395597: ACCEPTED IN 10 TRIES, (AVG 539559.7)
[1, 4, 10, 23, 57, 132, 301, 701, 1654, 3887, 9273, 21531]...: 4855195: ACCEPTED IN 9 TRIES, (AVG 539466.1111111111)
[1, 4, 10, 23, 57, 132, 301, 701, 1654, 3887, 9273, 21535]...: 7020777: ACCEPTED IN 13 TRIES, (AVG 540059.7692307692)
[1, 4, 10, 23, 57, 132, 301, 701, 1654, 3887, 9273, 21539]...: 4313027: ACCEPTED IN 8 TRIES, (AVG 539128.375)
[1, 4, 10, 23, 57, 132, 301, 701, 1654, 3887, 9273, 21543]...: 8101058: ACCEPTED IN 15 TRIES, (AVG 540070.5333333333)
[1, 4, 10, 23, 57, 132, 301, 701, 1654, 3887, 9273, 21567]...: 4854237: ACCEPTED IN 9 TRIES, (AVG 539359.6666666666)
[1, 4, 10, 23, 57, 132, 301, 701, 1654, 3887, 9273, 21568]...: 7020859: ACCEPTED IN 13 TRIES, (AVG 540066.0769230769)
[1, 4, 10, 23, 57, 132, 301, 701, 1654, 3887, 9273, 21572]...: 4855731: ACCEPTED IN 9 TRIES, (AVG 539525.6666666666)
[1, 4, 10, 23, 57, 132, 301, 701, 1654, 3887, 9273, 21580]...: 4854111: ACCEPTED IN 9 TRIES, (AVG 539345.6666666666)
[1, 4, 10, 23, 57, 132, 301, 701, 1654, 3887, 9273, 21584]...: 4856228: ACCEPTED IN 9 TRIES, (AVG 539580.8888888889)
[1, 4, 10, 23, 57, 132, 301, 701, 1654, 3887, 9273, 21596]...: 4854428: ACCEPTED IN 9 TRIES, (AVG 539380.8888888889)
[1, 4, 10, 23, 57, 132, 301, 701, 1654, 3887, 9273, 21605]...: 4853800: ACCEPTED IN 9 TRIES, (AVG 539311.1111111111)
[1, 4, 10, 23, 57, 132, 301, 701, 1654, 3887, 9273, 21617]...: 4853735: ACCEPTED IN 9 TRIES, (AVG 539303.8888888889)
[1, 4, 10, 23, 57, 132, 301, 701, 1654, 3887, 9273, 21621]...: 5938307: ACCEPTED IN 11 TRIES, (AVG 539846.0909090909)
[1, 4, 10, 23, 57, 132, 301, 701, 1654, 3887, 9273, 21622]...: 4314324: ACCEPTED IN 8 TRIES, (AVG 539290.5)
[1, 4, 10, 23, 57, 132, 301, 701, 1654, 3887, 9273, 21630]...: 4313278: ACCEPTED IN 8 TRIES, (AVG 539159.75)
[1, 4, 10, 23, 57, 132, 301, 701, 1654, 3887, 9273, 21634]...: 5936466: ACCEPTED IN 11 TRIES, (AVG 539678.7272727273)
[1, 4, 10, 23, 57, 132, 301, 701, 1654, 3887, 9273, 21642]...: 4855677: ACCEPTED IN 9 TRIES, (AVG 539519.6666666666)
[1, 4, 10, 23, 57, 132, 301, 701, 1654, 3887, 9273, 21654]...: 5394565: ACCEPTED IN 10 TRIES, (AVG 539456.5)
[1, 4, 10, 23, 57, 132, 301, 701, 1654, 3887, 9273, 21658]...: 8101838: ACCEPTED IN 15 TRIES, (AVG 540122.5333333333)
[1, 4, 10, 23, 57, 132, 301, 701, 1654, 3887, 9273, 21663]...: 4854479: ACCEPTED IN 9 TRIES, (AVG 539386.5555555555)
[1, 4, 10, 23, 57, 132, 301, 701, 1654, 3887, 9273, 21667]...: 4856041: ACCEPTED IN 9 TRIES, (AVG 539560.1111111111)
[1, 4, 10, 23, 57, 132, 301, 701, 1654, 3887, 9273, 21671]...: 4854192: ACCEPTED IN 9 TRIES, (AVG 539354.6666666666)
[1, 4, 10, 23, 57, 132, 301, 701, 1654, 3887, 9273, 21675]...: 4314471: ACCEPTED IN 8 TRIES, (AVG 539308.875)
[1, 4, 10, 23, 57, 132, 301, 701, 1654, 3887, 9273, 21691]...: 4312726: ACCEPTED IN 8 TRIES, (AVG 539090.75)
[1, 4, 10, 23, 57, 132, 301, 701, 1654, 3887, 9273, 21695]...: 8644018: ACCEPTED IN 16 TRIES, (AVG 540251.125)
[1, 4, 10, 23, 57, 132, 301, 701, 1654, 3887, 9273, 21700]...: 4853948: ACCEPTED IN 9 TRIES, (AVG 539327.5555555555)
[1, 4, 10, 23, 57, 132, 301, 701, 1654, 3887, 9273, 21704]...: 5938636: ACCEPTED IN 11 TRIES, (AVG 539876.0)
[1, 4, 10, 23, 57, 132, 301, 701, 1654, 3887, 9273, 21712]...: 4855718: ACCEPTED IN 9 TRIES, (AVG 539524.2222222222)
[1, 4, 10, 23, 57, 132, 301, 701, 1654, 3887, 9273, 21716]...: 4853218: ACCEPTED IN 9 TRIES, (AVG 539246.4444444445)
[1, 4, 10, 23, 57, 132, 301, 701, 1654, 3887, 9273, 21728]...: 4855166: ACCEPTED IN 9 TRIES, (AVG 539462.8888888889)
[1, 4, 10, 23, 57, 132, 301, 701, 1654, 3887, 9273, 21737]...: 4856091: ACCEPTED IN 9 TRIES, (AVG 539565.6666666666)
[1, 4, 10, 23, 57, 132, 301, 701, 1654, 3887, 9273, 21741]...: 4855826: ACCEPTED IN 9 TRIES, (AVG 539536.2222222222)
[1, 4, 10, 23, 57, 132, 301, 701, 1654, 3887, 9273, 21749]...: 4852461: ACCEPTED IN 9 TRIES, (AVG 539162.3333333334)
[1, 4, 10, 23, 57, 132, 301, 701, 1654, 3887, 9273, 21753]...: 4855477: ACCEPTED IN 9 TRIES, (AVG 539497.4444444445)
[1, 4, 10, 23, 57, 132, 301, 701, 1654, 3887, 9273, 21754]...: 7559555: ACCEPTED IN 14 TRIES, (AVG 539968.2142857143)
[1, 4, 10, 23, 57, 132, 301, 701, 1654, 3887, 9273, 21762]...: 5938493: ACCEPTED IN 11 TRIES, (AVG 539863.0)
[1, 4, 10, 23, 57, 132, 301, 701, 1654, 3887, 9273, 21766]...: 4854799: ACCEPTED IN 9 TRIES, (AVG 539422.1111111111)
[1, 4, 10, 23, 57, 132, 301, 701, 1654, 3887, 9273, 21774]...: 4853175: ACCEPTED IN 9 TRIES, (AVG 539241.6666666666)
[1, 4, 10, 23, 57, 132, 301, 701, 1654, 3887, 9273, 21786]...: 3773415: ACCEPTED IN 7 TRIES, (AVG 539059.2857142857)
[1, 4, 10, 23, 57, 132, 301, 701, 1654, 3887, 9273, 21790]...: 4854458: ACCEPTED IN 9 TRIES, (AVG 539384.2222222222)
[1, 4, 10, 23, 57, 132, 301, 701, 1654, 3887, 9273, 21791]...: 4855185: ACCEPTED IN 9 TRIES, (AVG 539465.0)
[1, 4, 10, 23, 57, 132, 301, 701, 1654, 3887, 9273, 21795]...: 4315267: ACCEPTED IN 8 TRIES, (AVG 539408.375)
[1, 4, 10, 23, 57, 132, 301, 701, 1654, 3887, 9273, 21799]...: 4856291: ACCEPTED IN 9 TRIES, (AVG 539587.8888888889)
[1, 4, 10, 23, 57, 132, 301, 701, 1654, 3887, 9273, 21803]...: 6478622: ACCEPTED IN 12 TRIES, (AVG 539885.1666666666)
[1, 4, 10, 23, 57, 132, 301, 701, 1654, 3887, 9273, 21807]...: 4855468: ACCEPTED IN 9 TRIES, (AVG 539496.4444444445)
[1, 4, 10, 23, 57, 132, 301, 701, 1654, 3887, 9273, 21823]...: 4856172: ACCEPTED IN 9 TRIES, (AVG 539574.6666666666)
[1, 4, 10, 23, 57, 132, 301, 701, 1654, 3887, 9273, 21827]...: 5395321: ACCEPTED IN 10 TRIES, (AVG 539532.1)
[1, 4, 10, 23, 57, 132, 301, 701, 1654, 3887, 9273, 21832]...: 7561798: ACCEPTED IN 14 TRIES, (AVG 540128.4285714285)
[1, 4, 10, 23, 57, 132, 301, 701, 1654, 3887, 9273, 21836]...: 4856222: ACCEPTED IN 9 TRIES, (AVG 539580.2222222222)
[1, 4, 10, 23, 57, 132, 301, 701, 1654, 3887, 9273, 21840]...: 4854495: ACCEPTED IN 9 TRIES, (AVG 539388.3333333334)
[1, 4, 10, 23, 57, 132, 301, 701, 1654, 3887, 9273, 21844]...: 4856000: ACCEPTED IN 9 TRIES, (AVG 539555.5555555555)
[1, 4, 10, 23, 57, 132, 301, 701, 1654, 3887, 9273, 21848]...: 4314493: ACCEPTED IN 8 TRIES, (AVG 539311.625)
[1, 4, 10, 23, 57, 132, 301, 701, 1654, 3887, 9273, 21860]...: 5937833: ACCEPTED IN 11 TRIES, (AVG 539803.0)
[1, 4, 10, 23, 57, 132, 301, 701, 1654, 3887, 9273, 21869]...: 7562005: ACCEPTED IN 14 TRIES, (AVG 540143.2142857143)
[1, 4, 10, 23, 57, 132, 301, 701, 1654, 3887, 9273, 21873]...: 7559966: ACCEPTED IN 14 TRIES, (AVG 539997.5714285715)
[1, 4, 10, 23, 57, 132, 301, 701, 1654, 3887, 9273, 21881]...: 4314517: ACCEPTED IN 8 TRIES, (AVG 539314.625)
[1, 4, 10, 23, 57, 132, 301, 701, 1654, 3887, 9273, 21885]...: 4852965: ACCEPTED IN 9 TRIES, (AVG 539218.3333333334)
[1, 4, 10, 23, 57, 132, 301, 701, 1654, 3887, 9273, 21886]...: 6477112: ACCEPTED IN 12 TRIES, (AVG 539759.3333333334)
[1, 4, 10, 23, 57, 132, 301, 701, 1654, 3887, 9273, 21898]...: 7561128: ACCEPTED IN 14 TRIES, (AVG 540080.5714285715)
[1, 4, 10, 23, 57, 132, 301, 701, 1654, 3887, 9273, 21906]...: 4856133: ACCEPTED IN 9 TRIES, (AVG 539570.3333333334)
[1, 4, 10, 23, 57, 132, 301, 701, 1654, 3887, 9273, 21918]...: 6479779: ACCEPTED IN 12 TRIES, (AVG 539981.5833333334)
[1, 4, 10, 23, 57, 132, 301, 701, 1654, 3887, 9273, 21922]...: 3773833: ACCEPTED IN 7 TRIES, (AVG 539119.0)
[1, 4, 10, 23, 57, 132, 301, 701, 1654, 3887, 9273, 21923]...: 4856279: ACCEPTED IN 9 TRIES, (AVG 539586.5555555555)
[1, 4, 10, 23, 57, 132, 301, 701, 1654, 3887, 9273, 21927]...: 4855653: ACCEPTED IN 9 TRIES, (AVG 539517.0)
[1, 4, 10, 23, 57, 132, 301, 701, 1654, 3887, 9273, 21931]...: 9726308: ACCEPTED IN 18 TRIES, (AVG 540350.4444444445)
[1, 4, 10, 23, 57, 132, 301, 701, 1654, 3887, 9273, 21935]...: 3772499: ACCEPTED IN 7 TRIES, (AVG 538928.4285714285)
[1, 4, 10, 23, 57, 132, 301, 701, 1654, 3887, 9273, 21939]...: 3232619: ACCEPTED IN 6 TRIES, (AVG 538769.8333333334)
[1, 4, 10, 23, 57, 132, 301, 701, 1654, 3887, 9273, 21943]...: 5936006: ACCEPTED IN 11 TRIES, (AVG 539636.9090909091)
[1, 4, 10, 23, 57, 132, 301, 701, 1654, 3887, 9273, 21955]...: 3232290: ACCEPTED IN 6 TRIES, (AVG 538715.0)
[1, 4, 10, 23, 57, 132, 301, 701, 1654, 3887, 9273, 21959]...: 3232110: ACCEPTED IN 6 TRIES, (AVG 538685.0)
[1, 4, 10, 23, 57, 132, 301, 701, 1654, 3887, 9273, 21964]...: 4856408: ACCEPTED IN 9 TRIES, (AVG 539600.8888888889)
[1, 4, 10, 23, 57, 132, 301, 701, 1654, 3887, 9273, 21968]...: 4852520: ACCEPTED IN 9 TRIES, (AVG 539168.8888888889)
[1, 4, 10, 23, 57, 132, 301, 701, 1654, 3887, 9273, 21972]...: 4312560: ACCEPTED IN 8 TRIES, (AVG 539070.0)
[1, 4, 10, 23, 57, 132, 301, 701, 1654, 3887, 9273, 21976]...: 7559972: ACCEPTED IN 14 TRIES, (AVG 539998.0)
[1, 4, 10, 23, 57, 132, 301, 701, 1654, 3887, 9273, 21980]...: 5397082: ACCEPTED IN 10 TRIES, (AVG 539708.2)
[1, 4, 10, 23, 57, 132, 301, 701, 1654, 3887, 9273, 21992]...: 4852666: ACCEPTED IN 9 TRIES, (AVG 539185.1111111111)
[1, 4, 10, 23, 57, 132, 301, 701, 1654, 3887, 9273, 21996]...: 6478816: ACCEPTED IN 12 TRIES, (AVG 539901.3333333334)
[1, 4, 10, 23, 57, 132, 301, 701, 1654, 3887, 9273, 22001]...: 4855279: ACCEPTED IN 9 TRIES, (AVG 539475.4444444445)
[1, 4, 10, 23, 57, 132, 301, 701, 1654, 3887, 9273, 22005]...: 4855998: ACCEPTED IN 9 TRIES, (AVG 539555.3333333334)
[1, 4, 10, 23, 57, 132, 301, 701, 1654, 3887, 9273, 22013]...: 4313675: ACCEPTED IN 8 TRIES, (AVG 539209.375)
[1, 4, 10, 23, 57, 132, 301, 701, 1654, 3887, 9273, 22017]...: 4854953: ACCEPTED IN 9 TRIES, (AVG 539439.2222222222)
[1, 4, 10, 23, 57, 132, 301, 701, 1654, 3887, 9273, 22018]...: 6478882: ACCEPTED IN 12 TRIES, (AVG 539906.8333333334)
[1, 4, 10, 23, 57, 132, 301, 701, 1654, 3887, 9273, 22030]...: 4856345: ACCEPTED IN 9 TRIES, (AVG 539593.8888888889)
[1, 4, 10, 23, 57, 132, 301, 701, 1654, 3887, 9273, 22038]...: 4853367: ACCEPTED IN 9 TRIES, (AVG 539263.0)
[1, 4, 10, 23, 57, 132, 301, 701, 1654, 3887, 9273, 22042]...: 4852697: ACCEPTED IN 9 TRIES, (AVG 539188.5555555555)
[1, 4, 10, 23, 57, 132, 301, 701, 1654, 3887, 9273, 22050]...: 4855678: ACCEPTED IN 9 TRIES, (AVG 539519.7777777778)
[1, 4, 10, 23, 57, 132, 301, 701, 1654, 3887, 9273, 22054]...: 4854398: ACCEPTED IN 9 TRIES, (AVG 539377.5555555555)
[1, 4, 10, 23, 57, 132, 301, 701, 1654, 3887, 9273, 22055]...: 4856286: ACCEPTED IN 9 TRIES, (AVG 539587.3333333334)
[1, 4, 10, 23, 57, 132, 301, 701, 1654, 3887, 9273, 22059]...: 4855101: ACCEPTED IN 9 TRIES, (AVG 539455.6666666666)
[1, 4, 10, 23, 57, 132, 301, 701, 1654, 3887, 9273, 22063]...: 4313092: ACCEPTED IN 8 TRIES, (AVG 539136.5)
[1, 4, 10, 23, 57, 132, 301, 701, 1654, 3887, 9273, 22067]...: 4313882: ACCEPTED IN 8 TRIES, (AVG 539235.25)
[1, 4, 10, 23, 57, 132, 301, 701, 1654, 3887, 9273, 22071]...: 3772417: ACCEPTED IN 7 TRIES, (AVG 538916.7142857143)
[1, 4, 10, 23, 57, 132, 301, 701, 1654, 3887, 9273, 22075]...: 4854564: ACCEPTED IN 9 TRIES, (AVG 539396.0)
[1, 4, 10, 23, 57, 132, 301, 701, 1654, 3887, 9273, 22087]...: 5936250: ACCEPTED IN 11 TRIES, (AVG 539659.0909090909)
[1, 4, 10, 23, 57, 132, 301, 701, 1654, 3887, 9273, 22091]...: 4855499: ACCEPTED IN 9 TRIES, (AVG 539499.8888888889)
[1, 4, 10, 23, 57, 132, 301, 701, 1654, 3887, 9273, 22092]...: 4856375: ACCEPTED IN 9 TRIES, (AVG 539597.2222222222)
[1, 4, 10, 23, 57, 132, 301, 701, 1654, 3887, 9273, 22096]...: 4855347: ACCEPTED IN 9 TRIES, (AVG 539483.0)
[1, 4, 10, 23, 57, 132, 301, 701, 1654, 3887, 9273, 22100]...: 4314975: ACCEPTED IN 8 TRIES, (AVG 539371.875)
[1, 4, 10, 23, 57, 132, 301, 701, 1654, 3887, 9273, 22104]...: 3774051: ACCEPTED IN 7 TRIES, (AVG 539150.1428571428)
[1, 4, 10, 23, 57, 132, 301, 701, 1654, 3887, 9273, 22108]...: 4854807: ACCEPTED IN 9 TRIES, (AVG 539423.0)
[1, 4, 10, 23, 57, 132, 301, 701, 1654, 3887, 9273, 22112]...: 4314270: ACCEPTED IN 8 TRIES, (AVG 539283.75)
[1, 4, 10, 23, 57, 132, 301, 701, 1654, 3887, 9273, 22124]...: 4855068: ACCEPTED IN 9 TRIES, (AVG 539452.0)
[1, 4, 10, 23, 57, 132, 301, 701, 1654, 3887, 9273, 22128]...: 3231745: ACCEPTED IN 6 TRIES, (AVG 538624.1666666666)
[1, 4, 10, 23, 57, 132, 301, 701, 1654, 3887, 9273, 22133]...: 4853096: ACCEPTED IN 9 TRIES, (AVG 539232.8888888889)
[1, 4, 10, 23, 57, 132, 301, 701, 1654, 3887, 9273, 22137]...: 4314745: ACCEPTED IN 8 TRIES, (AVG 539343.125)
[1, 4, 10, 23, 57, 132, 301, 701, 1654, 3887, 9273, 22141]...: 4853833: ACCEPTED IN 9 TRIES, (AVG 539314.7777777778)
[1, 4, 10, 23, 57, 132, 301, 701, 1654, 3887, 9273, 22145]...: 3774049: ACCEPTED IN 7 TRIES, (AVG 539149.8571428572)
[1, 4, 10, 23, 57, 132, 301, 701, 1654, 3887, 9273, 22150]...: 5936551: ACCEPTED IN 11 TRIES, (AVG 539686.4545454546)
[1, 4, 10, 23, 57, 132, 301, 701, 1654, 3887, 9273, 22162]...: 6476433: ACCEPTED IN 12 TRIES, (AVG 539702.75)
[1, 4, 10, 23, 57, 132, 301, 701, 1654, 3887, 9273, 22170]...: 4313150: ACCEPTED IN 8 TRIES, (AVG 539143.75)
[1, 4, 10, 23, 57, 132, 301, 701, 1654, 3887, 9273, 22174]...: 4851409: ACCEPTED IN 9 TRIES, (AVG 539045.4444444445)
[1, 4, 10, 23, 57, 132, 301, 701, 1654, 3887, 9273, 22182]...: 4854183: ACCEPTED IN 9 TRIES, (AVG 539353.6666666666)
[1, 4, 10, 23, 57, 132, 301, 701, 1654, 3887, 9273, 22186]...: 4313125: ACCEPTED IN 8 TRIES, (AVG 539140.625)
[1, 4, 10, 23, 57, 132, 301, 701, 1654, 3887, 9273, 22187]...: 4315295: ACCEPTED IN 8 TRIES, (AVG 539411.875)
[1, 4, 10, 23, 57, 132, 301, 701, 1654, 3887, 9273, 22191]...: 4853620: ACCEPTED IN 9 TRIES, (AVG 539291.1111111111)
[1, 4, 10, 23, 57, 132, 301, 701, 1654, 3887, 9273, 22199]...: 3232768: ACCEPTED IN 6 TRIES, (AVG 538794.6666666666)
[1, 4, 10, 23, 57, 132, 301, 701, 1654, 3887, 9273, 22203]...: 4853531: ACCEPTED IN 9 TRIES, (AVG 539281.2222222222)
[1, 4, 10, 23, 57, 132, 301, 701, 1654, 3887, 9273, 22207]...: 4853801: ACCEPTED IN 9 TRIES, (AVG 539311.2222222222)
[1, 4, 10, 23, 57, 132, 301, 701, 1654, 3887, 9273, 22219]...: 4853411: ACCEPTED IN 9 TRIES, (AVG 539267.8888888889)
[1, 4, 10, 23, 57, 132, 301, 701, 1654, 3887, 9273, 22223]...: 4313990: ACCEPTED IN 8 TRIES, (AVG 539248.75)
[1, 4, 10, 23, 57, 132, 301, 701, 1654, 3887, 9273, 22224]...: 5397019: ACCEPTED IN 10 TRIES, (AVG 539701.9)
[1, 4, 10, 23, 57, 132, 301, 701, 1654, 3887, 9273, 22228]...: 6478873: ACCEPTED IN 12 TRIES, (AVG 539906.0833333334)
[1, 4, 10, 23, 57, 132, 301, 701, 1654, 3887, 9273, 22232]...: 4853549: ACCEPTED IN 9 TRIES, (AVG 539283.2222222222)
[1, 4, 10, 23, 57, 132, 301, 701, 1654, 3887, 9273, 22236]...: 5938194: ACCEPTED IN 11 TRIES, (AVG 539835.8181818182)
[1, 4, 10, 23, 57, 132, 301, 701, 1654, 3887, 9273, 22240]...: 4313072: ACCEPTED IN 8 TRIES, (AVG 539134.0)
[1, 4, 10, 23, 57, 132, 301, 701, 1654, 3887, 9273, 22244]...: 5935903: ACCEPTED IN 11 TRIES, (AVG 539627.5454545454)
