[1, 4, 10, 23, 57, 132, 301, 701, 1654, 3858, 8689, 19145]...: 29205890: ACCEPTED IN 54 TRIES, (AVG 540849.8148148148)
[1, 4, 10, 23, 57, 132, 301, 701, 1654, 3858, 8689, 19149]...: 31912387: ACCEPTED IN 59 TRIES, (AVG 540887.9152542372)
[1, 4, 10, 23, 57, 132, 301, 701, 1654, 3858, 8689, 19178]...: 78991975: ACCEPTED IN 146 TRIES, (AVG 541040.9246575342)
[1, 4, 10, 23, 57, 132, 301, 701, 1654, 3858, 8689, 19182]...: 35700957: ACCEPTED IN 66 TRIES, (AVG 540923.5909090909)
[1, 4, 10, 23, 57, 132, 301, 701, 1654, 3858, 8689, 19186]...: 29747039: ACCEPTED IN 55 TRIES, (AVG 540855.2545454545)
[1, 4, 10, 23, 57, 132, 301, 701, 1654, 3858, 8689, 19207]...: 30830739: ACCEPTED IN 57 TRIES, (AVG 540890.1578947369)
[1, 4, 10, 23, 57, 132, 301, 701, 1654, 3858, 8689, 19211]...: 12972782: ACCEPTED IN 24 TRIES, (AVG 540532.5833333334)
[1, 4, 10, 23, 57, 132, 301, 701, 1654, 3858, 8689, 19215]...: 36782897: ACCEPTED IN 68 TRIES, (AVG 540924.9558823529)
[1, 4, 10, 23, 57, 132, 301, 701, 1654, 3858, 8689, 19244]...: 35699543: ACCEPTED IN 66 TRIES, (AVG 540902.1666666666)
[1, 4, 10, 23, 57, 132, 301, 701, 1654, 3858, 8689, 19252]...: 12432151: ACCEPTED IN 23 TRIES, (AVG 540528.304347826)
[1, 4, 10, 23, 57, 132, 301, 701, 1654, 3858, 8689, 19277]...: 9183119: ACCEPTED IN 17 TRIES, (AVG 540183.4705882353)
[1, 4, 10, 23, 57, 132, 301, 701, 1654, 3858, 8689, 19281]...: 27042049: ACCEPTED IN 50 TRIES, (AVG 540840.98)
[1, 4, 10, 23, 57, 132, 301, 701, 1654, 3858, 8689, 19310]...: 34618083: ACCEPTED IN 64 TRIES, (AVG 540907.546875)
[1, 4, 10, 23, 57, 132, 301, 701, 1654, 3858, 8689, 19314]...: 11349689: ACCEPTED IN 21 TRIES, (AVG 540461.380952381)
[1, 4, 10, 23, 57, 132, 301, 701, 1654, 3858, 8689, 19318]...: 15678721: ACCEPTED IN 29 TRIES, (AVG 540645.551724138)
[1, 4, 10, 23, 57, 132, 301, 701, 1654, 3858, 8689, 19347]...: 12971949: ACCEPTED IN 24 TRIES, (AVG 540497.875)
[1, 4, 10, 23, 57, 132, 301, 701, 1654, 3858, 8689, 19351]...: 27040823: ACCEPTED IN 50 TRIES, (AVG 540816.46)
[1, 4, 10, 23, 57, 132, 301, 701, 1654, 3858, 8689, 19376]...: 17301337: ACCEPTED IN 32 TRIES, (AVG 540666.78125)
[1, 4, 10, 23, 57, 132, 301, 701, 1654, 3858, 8689, 19384]...: 16220227: ACCEPTED IN 30 TRIES, (AVG 540674.2333333333)
[1, 4, 10, 23, 57, 132, 301, 701, 1654, 3858, 8689, 19409]...: 27042645: ACCEPTED IN 50 TRIES, (AVG 540852.9)
[1, 4, 10, 23, 57, 132, 301, 701, 1654, 3858, 8689, 19413]...: 16218803: ACCEPTED IN 30 TRIES, (AVG 540626.7666666667)
[1, 4, 10, 23, 57, 132, 301, 701, 1654, 3858, 8689, 19446]...: 29205937: ACCEPTED IN 54 TRIES, (AVG 540850.6851851852)
[1, 4, 10, 23, 57, 132, 301, 701, 1654, 3858, 8689, 19450]...: 25959322: ACCEPTED IN 48 TRIES, (AVG 540819.2083333334)
[1, 4, 10, 23, 57, 132, 301, 701, 1654, 3858, 8689, 19479]...: 14594780: ACCEPTED IN 27 TRIES, (AVG 540547.4074074074)
[1, 4, 10, 23, 57, 132, 301, 701, 1654, 3858, 8689, 19483]...: 27042794: ACCEPTED IN 50 TRIES, (AVG 540855.88)
[1, 4, 10, 23, 57, 132, 301, 701, 1654, 3858, 8689, 19508]...: 12431399: ACCEPTED IN 23 TRIES, (AVG 540495.6086956522)
[1, 4, 10, 23, 57, 132, 301, 701, 1654, 3858, 8689, 19516]...: 13513889: ACCEPTED IN 25 TRIES, (AVG 540555.56)
[1, 4, 10, 23, 57, 132, 301, 701, 1654, 3858, 8689, 19545]...: 17841918: ACCEPTED IN 33 TRIES, (AVG 540664.1818181818)
[1, 4, 10, 23, 57, 132, 301, 701, 1654, 3858, 8689, 19578]...: 24337139: ACCEPTED IN 45 TRIES, (AVG 540825.3111111111)
[1, 4, 10, 23, 57, 132, 301, 701, 1654, 3858, 8689, 19611]...: 9185395: ACCEPTED IN 17 TRIES, (AVG 540317.3529411765)
[1, 4, 10, 23, 57, 132, 301, 701, 1654, 3858, 8689, 19615]...: 12973107: ACCEPTED IN 24 TRIES, (AVG 540546.125)
[1, 4, 10, 23, 57, 132, 301, 701, 1654, 3858, 8689, 19648]...: 25419366: ACCEPTED IN 47 TRIES, (AVG 540837.5744680851)
[1, 4, 10, 23, 57, 132, 301, 701, 1654, 3858, 8689, 19652]...: 10808239: ACCEPTED IN 20 TRIES, (AVG 540411.95)
[1, 4, 10, 23, 57, 132, 301, 701, 1654, 3858, 8689, 19677]...: 18384106: ACCEPTED IN 34 TRIES, (AVG 540709.0)
[1, 4, 10, 23, 57, 132, 301, 701, 1654, 3858, 8689, 19710]...: 15678799: ACCEPTED IN 29 TRIES, (AVG 540648.2413793104)
[1, 4, 10, 23, 57, 132, 301, 701, 1654, 3858, 8689, 19714]...: 21090168: ACCEPTED IN 39 TRIES, (AVG 540773.5384615385)
[1, 4, 10, 23, 57, 132, 301, 701, 1654, 3858, 8689, 19747]...: 9726170: ACCEPTED IN 18 TRIES, (AVG 540342.7777777778)
[1, 4, 10, 23, 57, 132, 301, 701, 1654, 3858, 8689, 19751]...: 31370831: ACCEPTED IN 58 TRIES, (AVG 540876.3965517242)
[1, 4, 10, 23, 57, 132, 301, 701, 1654, 3858, 8689, 19776]...: 12431665: ACCEPTED IN 23 TRIES, (AVG 540507.1739130435)
[1, 4, 10, 23, 57, 132, 301, 701, 1654, 3858, 8689, 19780]...: 13514401: ACCEPTED IN 25 TRIES, (AVG 540576.04)
[1, 4, 10, 23, 57, 132, 301, 701, 1654, 3858, 8689, 19784]...: 29747104: ACCEPTED IN 55 TRIES, (AVG 540856.4363636364)
[1, 4, 10, 23, 57, 132, 301, 701, 1654, 3858, 8689, 19809]...: 18384440: ACCEPTED IN 34 TRIES, (AVG 540718.8235294118)
[1, 4, 10, 23, 57, 132, 301, 701, 1654, 3858, 8689, 19846]...: 9726389: ACCEPTED IN 18 TRIES, (AVG 540354.9444444445)
[1, 4, 10, 23, 57, 132, 301, 701, 1654, 3858, 8689, 19879]...: 15678632: ACCEPTED IN 29 TRIES, (AVG 540642.4827586206)
[1, 4, 10, 23, 57, 132, 301, 701, 1654, 3858, 8689, 19883]...: 12431334: ACCEPTED IN 23 TRIES, (AVG 540492.7826086957)
[1, 4, 10, 23, 57, 132, 301, 701, 1654, 3858, 8689, 19908]...: 9723661: ACCEPTED IN 18 TRIES, (AVG 540203.3888888889)
[1, 4, 10, 23, 57, 132, 301, 701, 1654, 3858, 8689, 19912]...: 26500432: ACCEPTED IN 49 TRIES, (AVG 540825.1428571428)
[1, 4, 10, 23, 57, 132, 301, 701, 1654, 3858, 8689, 19916]...: 16218107: ACCEPTED IN 30 TRIES, (AVG 540603.5666666667)
[1, 4, 10, 23, 57, 132, 301, 701, 1654, 3858, 8689, 19953]...: 29746199: ACCEPTED IN 55 TRIES, (AVG 540839.9818181818)
[1, 4, 10, 23, 57, 132, 301, 701, 1654, 3858, 8689, 20011]...: 14596715: ACCEPTED IN 27 TRIES, (AVG 540619.074074074)
[1, 4, 10, 23, 57, 132, 301, 701, 1654, 3858, 8689, 20015]...: 11349100: ACCEPTED IN 21 TRIES, (AVG 540433.3333333334)
[1, 4, 10, 23, 57, 132, 301, 701, 1654, 3858, 8689, 20048]...: 10808127: ACCEPTED IN 20 TRIES, (AVG 540406.35)
[1, 4, 10, 23, 57, 132, 301, 701, 1654, 3858, 8689, 20052]...: 9184336: ACCEPTED IN 17 TRIES, (AVG 540255.0588235294)
[1, 4, 10, 23, 57, 132, 301, 701, 1654, 3858, 8689, 20077]...: 10808281: ACCEPTED IN 20 TRIES, (AVG 540414.05)
[1, 4, 10, 23, 57, 132, 301, 701, 1654, 3858, 8689, 20085]...: 15137636: ACCEPTED IN 28 TRIES, (AVG 540629.8571428572)
[1, 4, 10, 23, 57, 132, 301, 701, 1654, 3858, 8689, 20147]...: 11891187: ACCEPTED IN 22 TRIES, (AVG 540508.5)
[1, 4, 10, 23, 57, 132, 301, 701, 1654, 3858, 8689, 20180]...: 13511782: ACCEPTED IN 25 TRIES, (AVG 540471.28)
[1, 4, 10, 23, 57, 132, 301, 701, 1654, 3858, 8689, 20184]...: 10807035: ACCEPTED IN 20 TRIES, (AVG 540351.75)
[1, 4, 10, 23, 57, 132, 301, 701, 1654, 3858, 8689, 20209]...: 10808245: ACCEPTED IN 20 TRIES, (AVG 540412.25)
[1, 4, 10, 23, 57, 132, 301, 701, 1654, 3858, 8689, 20217]...: 16219245: ACCEPTED IN 30 TRIES, (AVG 540641.5)
[1, 4, 10, 23, 57, 132, 301, 701, 1654, 3858, 8689, 20312]...: 9725664: ACCEPTED IN 18 TRIES, (AVG 540314.6666666666)
[1, 4, 10, 23, 57, 132, 301, 701, 1654, 3858, 8689, 20316]...: 12431836: ACCEPTED IN 23 TRIES, (AVG 540514.6086956522)
[1, 4, 10, 23, 57, 132, 301, 701, 1654, 3858, 8689, 20349]...: 9726245: ACCEPTED IN 18 TRIES, (AVG 540346.9444444445)
[1, 4, 10, 23, 57, 132, 301, 701, 1654, 3858, 8689, 20353]...: 15678259: ACCEPTED IN 29 TRIES, (AVG 540629.6206896552)
[1, 4, 10, 23, 57, 132, 301, 701, 1654, 3858, 8689, 20378]...: 10267724: ACCEPTED IN 19 TRIES, (AVG 540406.5263157894)
[1, 4, 10, 23, 57, 132, 301, 701, 1654, 3858, 8689, 20448]...: 9182773: ACCEPTED IN 17 TRIES, (AVG 540163.1176470588)
[1, 4, 10, 23, 57, 132, 301, 701, 1654, 3858, 8689, 20477]...: 9184840: ACCEPTED IN 17 TRIES, (AVG 540284.7058823529)
[1, 4, 10, 23, 57, 132, 301, 701, 1654, 3858, 8689, 20481]...: 12973140: ACCEPTED IN 24 TRIES, (AVG 540547.5)
[1, 4, 10, 23, 57, 132, 301, 701, 1654, 3858, 8689, 20485]...: 11349547: ACCEPTED IN 21 TRIES, (AVG 540454.619047619)
[1, 4, 10, 23, 57, 132, 301, 701, 1654, 3858, 8689, 20510]...: 10808313: ACCEPTED IN 20 TRIES, (AVG 540415.65)
[1, 4, 10, 23, 57, 132, 301, 701, 1654, 3858, 8689, 20609]...: 14055288: ACCEPTED IN 26 TRIES, (AVG 540588.0)
[1, 4, 10, 23, 57, 132, 301, 701, 1654, 3858, 8689, 20613]...: 7561672: ACCEPTED IN 14 TRIES, (AVG 540119.4285714285)
[1, 4, 10, 23, 57, 132, 301, 701, 1654, 3858, 8689, 20617]...: 14595142: ACCEPTED IN 27 TRIES, (AVG 540560.8148148148)
[1, 4, 10, 23, 57, 132, 301, 701, 1654, 3858, 8689, 20654]...: 9725707: ACCEPTED IN 18 TRIES, (AVG 540317.0555555555)
[1, 4, 10, 23, 57, 132, 301, 701, 1654, 3858, 8689, 20741]...: 11890948: ACCEPTED IN 22 TRIES, (AVG 540497.6363636364)
[1, 4, 10, 23, 57, 132, 301, 701, 1654, 3858, 8689, 20749]...: 7560769: ACCEPTED IN 14 TRIES, (AVG 540054.9285714285)
[1, 4, 10, 23, 57, 132, 301, 701, 1654, 3858, 8689, 20778]...: 16218645: ACCEPTED IN 30 TRIES, (AVG 540621.5)
[1, 4, 10, 23, 57, 132, 301, 701, 1654, 3858, 8689, 20786]...: 11889501: ACCEPTED IN 22 TRIES, (AVG 540431.8636363636)
