[1, 4, 10, 23, 57, 132, 301, 701, 1636, 3787, 8512, 18735]...: 64380094: ACCEPTED IN 119 TRIES, (AVG 541009.1932773109)
[1, 4, 10, 23, 57, 132, 301, 701, 1636, 3787, 8512, 18738]...: 59509461: ACCEPTED IN 110 TRIES, (AVG 540995.1)
[1, 4, 10, 23, 57, 132, 301, 701, 1636, 3787, 8512, 18739]...: 16758933: ACCEPTED IN 31 TRIES, (AVG 540610.7419354839)
[1, 4, 10, 23, 57, 132, 301, 701, 1636, 3787, 8512, 18740]...: 71415847: ACCEPTED IN 132 TRIES, (AVG 541029.1439393939)
[1, 4, 10, 23, 57, 132, 301, 701, 1636, 3787, 8512, 18741]...: 5936585: ACCEPTED IN 11 TRIES, (AVG 539689.5454545454)
[1, 4, 10, 23, 57, 132, 301, 701, 1636, 3787, 8512, 18742]...: 67085568: ACCEPTED IN 124 TRIES, (AVG 541012.6451612903)
[1, 4, 10, 23, 57, 132, 301, 701, 1636, 3787, 8512, 18743]...: 69790782: ACCEPTED IN 129 TRIES, (AVG 541013.8139534884)
[1, 4, 10, 23, 57, 132, 301, 701, 1636, 3787, 8512, 18744]...: 23795319: ACCEPTED IN 44 TRIES, (AVG 540802.7045454546)
[1, 4, 10, 23, 57, 132, 301, 701, 1636, 3787, 8512, 18745]...: 23254802: ACCEPTED IN 43 TRIES, (AVG 540809.3488372093)
[1, 4, 10, 23, 57, 132, 301, 701, 1636, 3787, 8512, 18746]...: 22711057: ACCEPTED IN 42 TRIES, (AVG 540739.4523809524)
[1, 4, 10, 23, 57, 132, 301, 701, 1636, 3787, 8512, 18747]...: 67086996: ACCEPTED IN 124 TRIES, (AVG 541024.1612903225)
[1, 4, 10, 23, 57, 132, 301, 701, 1636, 3787, 8512, 18748]...: 33534142: ACCEPTED IN 62 TRIES, (AVG 540873.2580645161)
[1, 4, 10, 23, 57, 132, 301, 701, 1636, 3787, 8512, 18751]...: 24337284: ACCEPTED IN 45 TRIES, (AVG 540828.5333333333)
[1, 4, 10, 23, 57, 132, 301, 701, 1636, 3787, 8512, 18771]...: 15137900: ACCEPTED IN 28 TRIES, (AVG 540639.2857142857)
[1, 4, 10, 23, 57, 132, 301, 701, 1636, 3787, 8512, 18772]...: 82238846: ACCEPTED IN 152 TRIES, (AVG 541045.0394736842)
[1, 4, 10, 23, 57, 132, 301, 701, 1636, 3787, 8512, 18773]...: 13514123: ACCEPTED IN 25 TRIES, (AVG 540564.92)
[1, 4, 10, 23, 57, 132, 301, 701, 1636, 3787, 8512, 18774]...: 23795071: ACCEPTED IN 44 TRIES, (AVG 540797.0681818182)
[1, 4, 10, 23, 57, 132, 301, 701, 1636, 3787, 8512, 18776]...: 25960482: ACCEPTED IN 48 TRIES, (AVG 540843.375)
[1, 4, 10, 23, 57, 132, 301, 701, 1636, 3787, 8512, 18777]...: 17841804: ACCEPTED IN 33 TRIES, (AVG 540660.7272727273)
[1, 4, 10, 23, 57, 132, 301, 701, 1636, 3787, 8512, 18778]...: 16761194: ACCEPTED IN 31 TRIES, (AVG 540683.6774193548)
[1, 4, 10, 23, 57, 132, 301, 701, 1636, 3787, 8512, 18779]...: 76285991: ACCEPTED IN 141 TRIES, (AVG 541035.3971631206)
[1, 4, 10, 23, 57, 132, 301, 701, 1636, 3787, 8512, 18780]...: 27583084: ACCEPTED IN 51 TRIES, (AVG 540844.7843137255)
[1, 4, 10, 23, 57, 132, 301, 701, 1636, 3787, 8512, 18781]...: 16220056: ACCEPTED IN 30 TRIES, (AVG 540668.5333333333)
[1, 4, 10, 23, 57, 132, 301, 701, 1636, 3787, 8512, 18782]...: 12431424: ACCEPTED IN 23 TRIES, (AVG 540496.695652174)
[1, 4, 10, 23, 57, 132, 301, 701, 1636, 3787, 8512, 18803]...: 25960476: ACCEPTED IN 48 TRIES, (AVG 540843.25)
[1, 4, 10, 23, 57, 132, 301, 701, 1636, 3787, 8512, 18805]...: 17300377: ACCEPTED IN 32 TRIES, (AVG 540636.78125)
[1, 4, 10, 23, 57, 132, 301, 701, 1636, 3787, 8512, 18806]...: 10266655: ACCEPTED IN 19 TRIES, (AVG 540350.2631578947)
[1, 4, 10, 23, 57, 132, 301, 701, 1636, 3787, 8512, 18807]...: 10267192: ACCEPTED IN 19 TRIES, (AVG 540378.5263157894)
[1, 4, 10, 23, 57, 132, 301, 701, 1636, 3787, 8512, 18808]...: 25418600: ACCEPTED IN 47 TRIES, (AVG 540821.2765957447)
[1, 4, 10, 23, 57, 132, 301, 701, 1636, 3787, 8512, 18809]...: 60052039: ACCEPTED IN 111 TRIES, (AVG 541009.3603603604)
[1, 4, 10, 23, 57, 132, 301, 701, 1636, 3787, 8512, 18810]...: 9723654: ACCEPTED IN 18 TRIES, (AVG 540203.0)
[1, 4, 10, 23, 57, 132, 301, 701, 1636, 3787, 8512, 18811]...: 30288060: ACCEPTED IN 56 TRIES, (AVG 540858.2142857143)
[1, 4, 10, 23, 57, 132, 301, 701, 1636, 3787, 8512, 18812]...: 9726518: ACCEPTED IN 18 TRIES, (AVG 540362.1111111111)
[1, 4, 10, 23, 57, 132, 301, 701, 1636, 3787, 8512, 18813]...: 80614105: ACCEPTED IN 149 TRIES, (AVG 541034.2617449665)
[1, 4, 10, 23, 57, 132, 301, 701, 1636, 3787, 8512, 18814]...: 17843091: ACCEPTED IN 33 TRIES, (AVG 540699.7272727273)
[1, 4, 10, 23, 57, 132, 301, 701, 1636, 3787, 8512, 18815]...: 29748294: ACCEPTED IN 55 TRIES, (AVG 540878.0727272728)
[1, 4, 10, 23, 57, 132, 301, 701, 1636, 3787, 8512, 18838]...: 10267700: ACCEPTED IN 19 TRIES, (AVG 540405.2631578947)
[1, 4, 10, 23, 57, 132, 301, 701, 1636, 3787, 8512, 18839]...: 133105572: ACCEPTED IN 246 TRIES, (AVG 541079.5609756098)
[1, 4, 10, 23, 57, 132, 301, 701, 1636, 3787, 8512, 18840]...: 6479683: ACCEPTED IN 12 TRIES, (AVG 539973.5833333334)
[1, 4, 10, 23, 57, 132, 301, 701, 1636, 3787, 8512, 18841]...: 40570999: ACCEPTED IN 75 TRIES, (AVG 540946.6533333333)
[1, 4, 10, 23, 57, 132, 301, 701, 1636, 3787, 8512, 18842]...: 9185310: ACCEPTED IN 17 TRIES, (AVG 540312.3529411765)
[1, 4, 10, 23, 57, 132, 301, 701, 1636, 3787, 8512, 18843]...: 12973311: ACCEPTED IN 24 TRIES, (AVG 540554.625)
[1, 4, 10, 23, 57, 132, 301, 701, 1636, 3787, 8512, 18844]...: 11890846: ACCEPTED IN 22 TRIES, (AVG 540493.0)
[1, 4, 10, 23, 57, 132, 301, 701, 1636, 3787, 8512, 18845]...: 5397437: ACCEPTED IN 10 TRIES, (AVG 539743.7)
[1, 4, 10, 23, 57, 132, 301, 701, 1636, 3787, 8512, 18846]...: 12432150: ACCEPTED IN 23 TRIES, (AVG 540528.2608695652)
[1, 4, 10, 23, 57, 132, 301, 701, 1636, 3787, 8512, 18847]...: 11348544: ACCEPTED IN 21 TRIES, (AVG 540406.8571428572)
[1, 4, 10, 23, 57, 132, 301, 701, 1636, 3787, 8512, 18849]...: 8101636: ACCEPTED IN 15 TRIES, (AVG 540109.0666666667)
[1, 4, 10, 23, 57, 132, 301, 701, 1636, 3787, 8512, 18850]...: 11890401: ACCEPTED IN 22 TRIES, (AVG 540472.7727272727)
[1, 4, 10, 23, 57, 132, 301, 701, 1636, 3787, 8512, 18870]...: 18924830: ACCEPTED IN 35 TRIES, (AVG 540709.4285714285)
[1, 4, 10, 23, 57, 132, 301, 701, 1636, 3787, 8512, 18871]...: 7561299: ACCEPTED IN 14 TRIES, (AVG 540092.7857142857)
[1, 4, 10, 23, 57, 132, 301, 701, 1636, 3787, 8512, 18872]...: 9185059: ACCEPTED IN 17 TRIES, (AVG 540297.5882352941)
[1, 4, 10, 23, 57, 132, 301, 701, 1636, 3787, 8512, 18873]...: 18922943: ACCEPTED IN 35 TRIES, (AVG 540655.5142857142)
[1, 4, 10, 23, 57, 132, 301, 701, 1636, 3787, 8512, 18874]...: 75744559: ACCEPTED IN 140 TRIES, (AVG 541032.5642857143)
[1, 4, 10, 23, 57, 132, 301, 701, 1636, 3787, 8512, 18875]...: 16760828: ACCEPTED IN 31 TRIES, (AVG 540671.8709677419)
[1, 4, 10, 23, 57, 132, 301, 701, 1636, 3787, 8512, 18876]...: 14595415: ACCEPTED IN 27 TRIES, (AVG 540570.925925926)
[1, 4, 10, 23, 57, 132, 301, 701, 1636, 3787, 8512, 18877]...: 33535451: ACCEPTED IN 62 TRIES, (AVG 540894.3709677419)
[1, 4, 10, 23, 57, 132, 301, 701, 1636, 3787, 8512, 18878]...: 6478835: ACCEPTED IN 12 TRIES, (AVG 539902.9166666666)
[1, 4, 10, 23, 57, 132, 301, 701, 1636, 3787, 8512, 18879]...: 15137366: ACCEPTED IN 28 TRIES, (AVG 540620.2142857143)
[1, 4, 10, 23, 57, 132, 301, 701, 1636, 3787, 8512, 18880]...: 16761013: ACCEPTED IN 31 TRIES, (AVG 540677.8387096775)
[1, 4, 10, 23, 57, 132, 301, 701, 1636, 3787, 8512, 18881]...: 30830825: ACCEPTED IN 57 TRIES, (AVG 540891.6666666666)
[1, 4, 10, 23, 57, 132, 301, 701, 1636, 3787, 8512, 18882]...: 15677082: ACCEPTED IN 29 TRIES, (AVG 540589.0344827586)
[1, 4, 10, 23, 57, 132, 301, 701, 1636, 3787, 8512, 18883]...: 10267213: ACCEPTED IN 19 TRIES, (AVG 540379.6315789474)
[1, 4, 10, 23, 57, 132, 301, 701, 1636, 3787, 8512, 18904]...: 34075715: ACCEPTED IN 63 TRIES, (AVG 540884.3650793651)
[1, 4, 10, 23, 57, 132, 301, 701, 1636, 3787, 8512, 18905]...: 32995483: ACCEPTED IN 61 TRIES, (AVG 540909.5573770492)
[1, 4, 10, 23, 57, 132, 301, 701, 1636, 3787, 8512, 18906]...: 32993624: ACCEPTED IN 61 TRIES, (AVG 540879.0819672131)
[1, 4, 10, 23, 57, 132, 301, 701, 1636, 3787, 8512, 18907]...: 5396320: ACCEPTED IN 10 TRIES, (AVG 539632.0)
[1, 4, 10, 23, 57, 132, 301, 701, 1636, 3787, 8512, 18908]...: 9182014: ACCEPTED IN 17 TRIES, (AVG 540118.4705882353)
[1, 4, 10, 23, 57, 132, 301, 701, 1636, 3787, 8512, 18909]...: 60592852: ACCEPTED IN 112 TRIES, (AVG 541007.6071428572)
[1, 4, 10, 23, 57, 132, 301, 701, 1636, 3787, 8512, 18910]...: 23794552: ACCEPTED IN 44 TRIES, (AVG 540785.2727272727)
[1, 4, 10, 23, 57, 132, 301, 701, 1636, 3787, 8512, 18911]...: 7562074: ACCEPTED IN 14 TRIES, (AVG 540148.1428571428)
[1, 4, 10, 23, 57, 132, 301, 701, 1636, 3787, 8512, 18912]...: 22711785: ACCEPTED IN 42 TRIES, (AVG 540756.7857142857)
[1, 4, 10, 23, 57, 132, 301, 701, 1636, 3787, 8512, 18913]...: 26500615: ACCEPTED IN 49 TRIES, (AVG 540828.8775510204)
[1, 4, 10, 23, 57, 132, 301, 701, 1636, 3787, 8512, 18914]...: 9185057: ACCEPTED IN 17 TRIES, (AVG 540297.4705882353)
[1, 4, 10, 23, 57, 132, 301, 701, 1636, 3787, 8512, 18917]...: 6479592: ACCEPTED IN 12 TRIES, (AVG 539966.0)
[1, 4, 10, 23, 57, 132, 301, 701, 1636, 3787, 8512, 18937]...: 14055350: ACCEPTED IN 26 TRIES, (AVG 540590.3846153846)
[1, 4, 10, 23, 57, 132, 301, 701, 1636, 3787, 8512, 18938]...: 9725771: ACCEPTED IN 18 TRIES, (AVG 540320.6111111111)
[1, 4, 10, 23, 57, 132, 301, 701, 1636, 3787, 8512, 18940]...: 10267457: ACCEPTED IN 19 TRIES, (AVG 540392.4736842106)
[1, 4, 10, 23, 57, 132, 301, 701, 1636, 3787, 8512, 18942]...: 9726354: ACCEPTED IN 18 TRIES, (AVG 540353.0)
[1, 4, 10, 23, 57, 132, 301, 701, 1636, 3787, 8512, 18943]...: 58428109: ACCEPTED IN 108 TRIES, (AVG 541001.0092592592)
[1, 4, 10, 23, 57, 132, 301, 701, 1636, 3787, 8512, 18944]...: 12972697: ACCEPTED IN 24 TRIES, (AVG 540529.0416666666)
[1, 4, 10, 23, 57, 132, 301, 701, 1636, 3787, 8512, 18945]...: 30830572: ACCEPTED IN 57 TRIES, (AVG 540887.2280701754)
[1, 4, 10, 23, 57, 132, 301, 701, 1636, 3787, 8512, 18946]...: 9183393: ACCEPTED IN 17 TRIES, (AVG 540199.5882352941)
[1, 4, 10, 23, 57, 132, 301, 701, 1636, 3787, 8512, 18947]...: 80613974: ACCEPTED IN 149 TRIES, (AVG 541033.3825503356)
[1, 4, 10, 23, 57, 132, 301, 701, 1636, 3787, 8512, 18948]...: 33536072: ACCEPTED IN 62 TRIES, (AVG 540904.3870967742)
[1, 4, 10, 23, 57, 132, 301, 701, 1636, 3787, 8512, 18949]...: 9183523: ACCEPTED IN 17 TRIES, (AVG 540207.2352941176)
[1, 4, 10, 23, 57, 132, 301, 701, 1636, 3787, 8512, 18972]...: 42735303: ACCEPTED IN 79 TRIES, (AVG 540953.2025316455)
[1, 4, 10, 23, 57, 132, 301, 701, 1636, 3787, 8512, 18973]...: 16219636: ACCEPTED IN 30 TRIES, (AVG 540654.5333333333)
[1, 4, 10, 23, 57, 132, 301, 701, 1636, 3787, 8512, 18974]...: 5937930: ACCEPTED IN 11 TRIES, (AVG 539811.8181818182)
[1, 4, 10, 23, 57, 132, 301, 701, 1636, 3787, 8512, 18975]...: 11349892: ACCEPTED IN 21 TRIES, (AVG 540471.0476190476)
[1, 4, 10, 23, 57, 132, 301, 701, 1636, 3787, 8512, 18976]...: 11350039: ACCEPTED IN 21 TRIES, (AVG 540478.0476190476)
[1, 4, 10, 23, 57, 132, 301, 701, 1636, 3787, 8512, 18979]...: 13514305: ACCEPTED IN 25 TRIES, (AVG 540572.2)
[1, 4, 10, 23, 57, 132, 301, 701, 1636, 3787, 8512, 18980]...: 30289242: ACCEPTED IN 56 TRIES, (AVG 540879.3214285715)
[1, 4, 10, 23, 57, 132, 301, 701, 1636, 3787, 8512, 18981]...: 23794025: ACCEPTED IN 44 TRIES, (AVG 540773.2954545454)
[1, 4, 10, 23, 57, 132, 301, 701, 1636, 3787, 8512, 18982]...: 17843498: ACCEPTED IN 33 TRIES, (AVG 540712.0606060605)
[1, 4, 10, 23, 57, 132, 301, 701, 1636, 3787, 8512, 19003]...: 16220087: ACCEPTED IN 30 TRIES, (AVG 540669.5666666667)
[1, 4, 10, 23, 57, 132, 301, 701, 1636, 3787, 8512, 19004]...: 12428587: ACCEPTED IN 23 TRIES, (AVG 540373.3478260869)
[1, 4, 10, 23, 57, 132, 301, 701, 1636, 3787, 8512, 19005]...: 34618120: ACCEPTED IN 64 TRIES, (AVG 540908.125)
[1, 4, 10, 23, 57, 132, 301, 701, 1636, 3787, 8512, 19006]...: 60051269: ACCEPTED IN 111 TRIES, (AVG 541002.4234234234)
[1, 4, 10, 23, 57, 132, 301, 701, 1636, 3787, 8512, 19007]...: 25417890: ACCEPTED IN 47 TRIES, (AVG 540806.1702127659)
[1, 4, 10, 23, 57, 132, 301, 701, 1636, 3787, 8512, 19008]...: 22713633: ACCEPTED IN 42 TRIES, (AVG 540800.7857142857)
[1, 4, 10, 23, 57, 132, 301, 701, 1636, 3787, 8512, 19009]...: 7560690: ACCEPTED IN 14 TRIES, (AVG 540049.2857142857)
[1, 4, 10, 23, 57, 132, 301, 701, 1636, 3787, 8512, 19010]...: 9725442: ACCEPTED IN 18 TRIES, (AVG 540302.3333333334)
[1, 4, 10, 23, 57, 132, 301, 701, 1636, 3787, 8512, 19011]...: 14594765: ACCEPTED IN 27 TRIES, (AVG 540546.8518518518)
[1, 4, 10, 23, 57, 132, 301, 701, 1636, 3787, 8512, 19012]...: 16761234: ACCEPTED IN 31 TRIES, (AVG 540684.9677419355)
[1, 4, 10, 23, 57, 132, 301, 701, 1636, 3787, 8512, 19013]...: 9184899: ACCEPTED IN 17 TRIES, (AVG 540288.1764705882)
[1, 4, 10, 23, 57, 132, 301, 701, 1636, 3787, 8512, 19014]...: 25418271: ACCEPTED IN 47 TRIES, (AVG 540814.2765957447)
[1, 4, 10, 23, 57, 132, 301, 701, 1636, 3787, 8512, 19015]...: 18382653: ACCEPTED IN 34 TRIES, (AVG 540666.2647058824)
[1, 4, 10, 23, 57, 132, 301, 701, 1636, 3787, 8512, 19016]...: 4855649: ACCEPTED IN 9 TRIES, (AVG 539516.5555555555)
[1, 4, 10, 23, 57, 132, 301, 701, 1636, 3787, 8512, 19036]...: 12429961: ACCEPTED IN 23 TRIES, (AVG 540433.0869565217)
[1, 4, 10, 23, 57, 132, 301, 701, 1636, 3787, 8512, 19039]...: 15137788: ACCEPTED IN 28 TRIES, (AVG 540635.2857142857)
[1, 4, 10, 23, 57, 132, 301, 701, 1636, 3787, 8512, 19040]...: 23254312: ACCEPTED IN 43 TRIES, (AVG 540797.9534883721)
[1, 4, 10, 23, 57, 132, 301, 701, 1636, 3787, 8512, 19041]...: 25418569: ACCEPTED IN 47 TRIES, (AVG 540820.6170212766)
[1, 4, 10, 23, 57, 132, 301, 701, 1636, 3787, 8512, 19042]...: 35699948: ACCEPTED IN 66 TRIES, (AVG 540908.303030303)
[1, 4, 10, 23, 57, 132, 301, 701, 1636, 3787, 8512, 19043]...: 40028974: ACCEPTED IN 74 TRIES, (AVG 540932.0810810811)
[1, 4, 10, 23, 57, 132, 301, 701, 1636, 3787, 8512, 19044]...: 25959322: ACCEPTED IN 48 TRIES, (AVG 540819.2083333334)
[1, 4, 10, 23, 57, 132, 301, 701, 1636, 3787, 8512, 19045]...: 8102713: ACCEPTED IN 15 TRIES, (AVG 540180.8666666667)
[1, 4, 10, 23, 57, 132, 301, 701, 1636, 3787, 8512, 19046]...: 41653275: ACCEPTED IN 77 TRIES, (AVG 540951.6233766234)
[1, 4, 10, 23, 57, 132, 301, 701, 1636, 3787, 8512, 19047]...: 5937719: ACCEPTED IN 11 TRIES, (AVG 539792.6363636364)
[1, 4, 10, 23, 57, 132, 301, 701, 1636, 3787, 8512, 19048]...: 4856419: ACCEPTED IN 9 TRIES, (AVG 539602.1111111111)
[1, 4, 10, 23, 57, 132, 301, 701, 1636, 3787, 8512, 19049]...: 7561255: ACCEPTED IN 14 TRIES, (AVG 540089.6428571428)
[1, 4, 10, 23, 57, 132, 301, 701, 1636, 3787, 8512, 19072]...: 7561449: ACCEPTED IN 14 TRIES, (AVG 540103.5)
[1, 4, 10, 23, 57, 132, 301, 701, 1636, 3787, 8512, 19073]...: 8103070: ACCEPTED IN 15 TRIES, (AVG 540204.6666666666)
[1, 4, 10, 23, 57, 132, 301, 701, 1636, 3787, 8512, 19074]...: 14596259: ACCEPTED IN 27 TRIES, (AVG 540602.1851851852)
[1, 4, 10, 23, 57, 132, 301, 701, 1636, 3787, 8512, 19075]...: 14596502: ACCEPTED IN 27 TRIES, (AVG 540611.1851851852)
[1, 4, 10, 23, 57, 132, 301, 701, 1636, 3787, 8512, 19076]...: 22712352: ACCEPTED IN 42 TRIES, (AVG 540770.2857142857)
[1, 4, 10, 23, 57, 132, 301, 701, 1636, 3787, 8512, 19077]...: 11349051: ACCEPTED IN 21 TRIES, (AVG 540431.0)
[1, 4, 10, 23, 57, 132, 301, 701, 1636, 3787, 8512, 19078]...: 12972095: ACCEPTED IN 24 TRIES, (AVG 540503.9583333334)
[1, 4, 10, 23, 57, 132, 301, 701, 1636, 3787, 8512, 19079]...: 68709087: ACCEPTED IN 127 TRIES, (AVG 541016.4330708662)
[1, 4, 10, 23, 57, 132, 301, 701, 1636, 3787, 8512, 19080]...: 65463384: ACCEPTED IN 121 TRIES, (AVG 541019.7024793389)
[1, 4, 10, 23, 57, 132, 301, 701, 1636, 3787, 8512, 19081]...: 30830784: ACCEPTED IN 57 TRIES, (AVG 540890.947368421)
[1, 4, 10, 23, 57, 132, 301, 701, 1636, 3787, 8512, 19083]...: 25419085: ACCEPTED IN 47 TRIES, (AVG 540831.5957446808)
[1, 4, 10, 23, 57, 132, 301, 701, 1636, 3787, 8512, 19104]...: 22712079: ACCEPTED IN 42 TRIES, (AVG 540763.7857142857)
[1, 4, 10, 23, 57, 132, 301, 701, 1636, 3787, 8512, 19106]...: 22713598: ACCEPTED IN 42 TRIES, (AVG 540799.9523809524)
[1, 4, 10, 23, 57, 132, 301, 701, 1636, 3787, 8512, 19107]...: 14596884: ACCEPTED IN 27 TRIES, (AVG 540625.3333333334)
[1, 4, 10, 23, 57, 132, 301, 701, 1636, 3787, 8512, 19108]...: 24336812: ACCEPTED IN 45 TRIES, (AVG 540818.0444444445)
[1, 4, 10, 23, 57, 132, 301, 701, 1636, 3787, 8512, 19109]...: 16220261: ACCEPTED IN 30 TRIES, (AVG 540675.3666666667)
[1, 4, 10, 23, 57, 132, 301, 701, 1636, 3787, 8512, 19110]...: 12430607: ACCEPTED IN 23 TRIES, (AVG 540461.1739130435)
[1, 4, 10, 23, 57, 132, 301, 701, 1636, 3787, 8512, 19111]...: 8102441: ACCEPTED IN 15 TRIES, (AVG 540162.7333333333)
[1, 4, 10, 23, 57, 132, 301, 701, 1636, 3787, 8512, 19112]...: 17301869: ACCEPTED IN 32 TRIES, (AVG 540683.40625)
[1, 4, 10, 23, 57, 132, 301, 701, 1636, 3787, 8512, 19113]...: 12431090: ACCEPTED IN 23 TRIES, (AVG 540482.1739130435)
[1, 4, 10, 23, 57, 132, 301, 701, 1636, 3787, 8512, 19114]...: 9185197: ACCEPTED IN 17 TRIES, (AVG 540305.7058823529)
[1, 4, 10, 23, 57, 132, 301, 701, 1636, 3787, 8512, 19115]...: 10267676: ACCEPTED IN 19 TRIES, (AVG 540404.0)
[1, 4, 10, 23, 57, 132, 301, 701, 1636, 3787, 8512, 19116]...: 19466121: ACCEPTED IN 36 TRIES, (AVG 540725.5833333334)
[1, 4, 10, 23, 57, 132, 301, 701, 1636, 3787, 8512, 19135]...: 23253763: ACCEPTED IN 43 TRIES, (AVG 540785.1860465116)
[1, 4, 10, 23, 57, 132, 301, 701, 1636, 3787, 8512, 19138]...: 11890783: ACCEPTED IN 22 TRIES, (AVG 540490.1363636364)
[1, 4, 10, 23, 57, 132, 301, 701, 1636, 3787, 8512, 19139]...: 11348858: ACCEPTED IN 21 TRIES, (AVG 540421.8095238095)
[1, 4, 10, 23, 57, 132, 301, 701, 1636, 3787, 8512, 19140]...: 14054960: ACCEPTED IN 26 TRIES, (AVG 540575.3846153846)
[1, 4, 10, 23, 57, 132, 301, 701, 1636, 3787, 8512, 19141]...: 21090095: ACCEPTED IN 39 TRIES, (AVG 540771.6666666666)
[1, 4, 10, 23, 57, 132, 301, 701, 1636, 3787, 8512, 19142]...: 5938488: ACCEPTED IN 11 TRIES, (AVG 539862.5454545454)
[1, 4, 10, 23, 57, 132, 301, 701, 1636, 3787, 8512, 19143]...: 24337051: ACCEPTED IN 45 TRIES, (AVG 540823.3555555556)
[1, 4, 10, 23, 57, 132, 301, 701, 1636, 3787, 8512, 19144]...: 24877447: ACCEPTED IN 46 TRIES, (AVG 540814.0652173914)
[1, 4, 10, 23, 57, 132, 301, 701, 1636, 3787, 8512, 19145]...: 5938675: ACCEPTED IN 11 TRIES, (AVG 539879.5454545454)
[1, 4, 10, 23, 57, 132, 301, 701, 1636, 3787, 8512, 19146]...: 20548383: ACCEPTED IN 38 TRIES, (AVG 540746.9210526316)
[1, 4, 10, 23, 57, 132, 301, 701, 1636, 3787, 8512, 19147]...: 12972585: ACCEPTED IN 24 TRIES, (AVG 540524.375)
[1, 4, 10, 23, 57, 132, 301, 701, 1636, 3787, 8512, 19148]...: 17301631: ACCEPTED IN 32 TRIES, (AVG 540675.96875)
[1, 4, 10, 23, 57, 132, 301, 701, 1636, 3787, 8512, 19150]...: 5937792: ACCEPTED IN 11 TRIES, (AVG 539799.2727272727)
[1, 4, 10, 23, 57, 132, 301, 701, 1636, 3787, 8512, 19151]...: 26501178: ACCEPTED IN 49 TRIES, (AVG 540840.3673469388)
[1, 4, 10, 23, 57, 132, 301, 701, 1636, 3787, 8512, 19171]...: 10264930: ACCEPTED IN 19 TRIES, (AVG 540259.4736842106)
[1, 4, 10, 23, 57, 132, 301, 701, 1636, 3787, 8512, 19172]...: 29747974: ACCEPTED IN 55 TRIES, (AVG 540872.2545454545)
[1, 4, 10, 23, 57, 132, 301, 701, 1636, 3787, 8512, 19173]...: 15137854: ACCEPTED IN 28 TRIES, (AVG 540637.6428571428)
[1, 4, 10, 23, 57, 132, 301, 701, 1636, 3787, 8512, 19174]...: 16759958: ACCEPTED IN 31 TRIES, (AVG 540643.8064516129)
[1, 4, 10, 23, 57, 132, 301, 701, 1636, 3787, 8512, 19176]...: 16758719: ACCEPTED IN 31 TRIES, (AVG 540603.8387096775)
[1, 4, 10, 23, 57, 132, 301, 701, 1636, 3787, 8512, 19177]...: 10266854: ACCEPTED IN 19 TRIES, (AVG 540360.7368421053)
[1, 4, 10, 23, 57, 132, 301, 701, 1636, 3787, 8512, 19178]...: 67086937: ACCEPTED IN 124 TRIES, (AVG 541023.6854838709)
[1, 4, 10, 23, 57, 132, 301, 701, 1636, 3787, 8512, 19179]...: 6478017: ACCEPTED IN 12 TRIES, (AVG 539834.75)
[1, 4, 10, 23, 57, 132, 301, 701, 1636, 3787, 8512, 19180]...: 24336413: ACCEPTED IN 45 TRIES, (AVG 540809.1777777778)
[1, 4, 10, 23, 57, 132, 301, 701, 1636, 3787, 8512, 19181]...: 9185381: ACCEPTED IN 17 TRIES, (AVG 540316.5294117647)
[1, 4, 10, 23, 57, 132, 301, 701, 1636, 3787, 8512, 19182]...: 18383860: ACCEPTED IN 34 TRIES, (AVG 540701.7647058824)
[1, 4, 10, 23, 57, 132, 301, 701, 1636, 3787, 8512, 19205]...: 5397315: ACCEPTED IN 10 TRIES, (AVG 539731.5)
[1, 4, 10, 23, 57, 132, 301, 701, 1636, 3787, 8512, 19206]...: 10267098: ACCEPTED IN 19 TRIES, (AVG 540373.5789473684)
[1, 4, 10, 23, 57, 132, 301, 701, 1636, 3787, 8512, 19207]...: 4855325: ACCEPTED IN 9 TRIES, (AVG 539480.5555555555)
[1, 4, 10, 23, 57, 132, 301, 701, 1636, 3787, 8512, 19208]...: 18384078: ACCEPTED IN 34 TRIES, (AVG 540708.1764705882)
[1, 4, 10, 23, 57, 132, 301, 701, 1636, 3787, 8512, 19209]...: 38404907: ACCEPTED IN 71 TRIES, (AVG 540914.1830985915)
[1, 4, 10, 23, 57, 132, 301, 701, 1636, 3787, 8512, 19210]...: 16759602: ACCEPTED IN 31 TRIES, (AVG 540632.3225806452)
[1, 4, 10, 23, 57, 132, 301, 701, 1636, 3787, 8512, 19211]...: 33535919: ACCEPTED IN 62 TRIES, (AVG 540901.9193548387)
[1, 4, 10, 23, 57, 132, 301, 701, 1636, 3787, 8512, 19212]...: 16219780: ACCEPTED IN 30 TRIES, (AVG 540659.3333333334)
[1, 4, 10, 23, 57, 132, 301, 701, 1636, 3787, 8512, 19213]...: 10266387: ACCEPTED IN 19 TRIES, (AVG 540336.1578947369)
[1, 4, 10, 23, 57, 132, 301, 701, 1636, 3787, 8512, 19214]...: 15138026: ACCEPTED IN 28 TRIES, (AVG 540643.7857142857)
[1, 4, 10, 23, 57, 132, 301, 701, 1636, 3787, 8512, 19215]...: 11890938: ACCEPTED IN 22 TRIES, (AVG 540497.1818181818)
[1, 4, 10, 23, 57, 132, 301, 701, 1636, 3787, 8512, 19238]...: 12430929: ACCEPTED IN 23 TRIES, (AVG 540475.1739130435)
[1, 4, 10, 23, 57, 132, 301, 701, 1636, 3787, 8512, 19239]...: 33536581: ACCEPTED IN 62 TRIES, (AVG 540912.5967741936)
[1, 4, 10, 23, 57, 132, 301, 701, 1636, 3787, 8512, 19240]...: 10267670: ACCEPTED IN 19 TRIES, (AVG 540403.6842105263)
[1, 4, 10, 23, 57, 132, 301, 701, 1636, 3787, 8512, 19241]...: 9725733: ACCEPTED IN 18 TRIES, (AVG 540318.5)
[1, 4, 10, 23, 57, 132, 301, 701, 1636, 3787, 8512, 19242]...: 16759666: ACCEPTED IN 31 TRIES, (AVG 540634.3870967742)
[1, 4, 10, 23, 57, 132, 301, 701, 1636, 3787, 8512, 19243]...: 29747880: ACCEPTED IN 55 TRIES, (AVG 540870.5454545454)
[1, 4, 10, 23, 57, 132, 301, 701, 1636, 3787, 8512, 19244]...: 9185304: ACCEPTED IN 17 TRIES, (AVG 540312.0)
[1, 4, 10, 23, 57, 132, 301, 701, 1636, 3787, 8512, 19245]...: 8103175: ACCEPTED IN 15 TRIES, (AVG 540211.6666666666)
[1, 4, 10, 23, 57, 132, 301, 701, 1636, 3787, 8512, 19246]...: 5397265: ACCEPTED IN 10 TRIES, (AVG 539726.5)
[1, 4, 10, 23, 57, 132, 301, 701, 1636, 3787, 8512, 19247]...: 15137191: ACCEPTED IN 28 TRIES, (AVG 540613.9642857143)
[1, 4, 10, 23, 57, 132, 301, 701, 1636, 3787, 8512, 19248]...: 9725109: ACCEPTED IN 18 TRIES, (AVG 540283.8333333334)
[1, 4, 10, 23, 57, 132, 301, 701, 1636, 3787, 8512, 19249]...: 17842665: ACCEPTED IN 33 TRIES, (AVG 540686.8181818182)
[1, 4, 10, 23, 57, 132, 301, 701, 1636, 3787, 8512, 19250]...: 9184994: ACCEPTED IN 17 TRIES, (AVG 540293.7647058824)
[1, 4, 10, 23, 57, 132, 301, 701, 1636, 3787, 8512, 19270]...: 7019809: ACCEPTED IN 13 TRIES, (AVG 539985.3076923077)
[1, 4, 10, 23, 57, 132, 301, 701, 1636, 3787, 8512, 19273]...: 12973475: ACCEPTED IN 24 TRIES, (AVG 540561.4583333334)
[1, 4, 10, 23, 57, 132, 301, 701, 1636, 3787, 8512, 19274]...: 14055117: ACCEPTED IN 26 TRIES, (AVG 540581.4230769231)
[1, 4, 10, 23, 57, 132, 301, 701, 1636, 3787, 8512, 19275]...: 9184652: ACCEPTED IN 17 TRIES, (AVG 540273.6470588235)
[1, 4, 10, 23, 57, 132, 301, 701, 1636, 3787, 8512, 19276]...: 6478814: ACCEPTED IN 12 TRIES, (AVG 539901.1666666666)
[1, 4, 10, 23, 57, 132, 301, 701, 1636, 3787, 8512, 19277]...: 13512605: ACCEPTED IN 25 TRIES, (AVG 540504.2)
[1, 4, 10, 23, 57, 132, 301, 701, 1636, 3787, 8512, 19278]...: 12430449: ACCEPTED IN 23 TRIES, (AVG 540454.304347826)
[1, 4, 10, 23, 57, 132, 301, 701, 1636, 3787, 8512, 19279]...: 7020970: ACCEPTED IN 13 TRIES, (AVG 540074.6153846154)
[1, 4, 10, 23, 57, 132, 301, 701, 1636, 3787, 8512, 19280]...: 10266803: ACCEPTED IN 19 TRIES, (AVG 540358.052631579)
[1, 4, 10, 23, 57, 132, 301, 701, 1636, 3787, 8512, 19281]...: 5938679: ACCEPTED IN 11 TRIES, (AVG 539879.9090909091)
[1, 4, 10, 23, 57, 132, 301, 701, 1636, 3787, 8512, 19282]...: 9725858: ACCEPTED IN 18 TRIES, (AVG 540325.4444444445)
[1, 4, 10, 23, 57, 132, 301, 701, 1636, 3787, 8512, 19283]...: 12432333: ACCEPTED IN 23 TRIES, (AVG 540536.2173913043)
[1, 4, 10, 23, 57, 132, 301, 701, 1636, 3787, 8512, 19304]...: 5395984: ACCEPTED IN 10 TRIES, (AVG 539598.4)
[1, 4, 10, 23, 57, 132, 301, 701, 1636, 3787, 8512, 19305]...: 20007565: ACCEPTED IN 37 TRIES, (AVG 540745.0)
[1, 4, 10, 23, 57, 132, 301, 701, 1636, 3787, 8512, 19306]...: 6479258: ACCEPTED IN 12 TRIES, (AVG 539938.1666666666)
[1, 4, 10, 23, 57, 132, 301, 701, 1636, 3787, 8512, 19307]...: 8102571: ACCEPTED IN 15 TRIES, (AVG 540171.4)
[1, 4, 10, 23, 57, 132, 301, 701, 1636, 3787, 8512, 19308]...: 11890820: ACCEPTED IN 22 TRIES, (AVG 540491.8181818182)
[1, 4, 10, 23, 57, 132, 301, 701, 1636, 3787, 8512, 19309]...: 11890531: ACCEPTED IN 22 TRIES, (AVG 540478.6818181818)
[1, 4, 10, 23, 57, 132, 301, 701, 1636, 3787, 8512, 19310]...: 25419270: ACCEPTED IN 47 TRIES, (AVG 540835.5319148937)
[1, 4, 10, 23, 57, 132, 301, 701, 1636, 3787, 8512, 19311]...: 23253748: ACCEPTED IN 43 TRIES, (AVG 540784.8372093023)
[1, 4, 10, 23, 57, 132, 301, 701, 1636, 3787, 8512, 19312]...: 11888637: ACCEPTED IN 22 TRIES, (AVG 540392.5909090909)
[1, 4, 10, 23, 57, 132, 301, 701, 1636, 3787, 8512, 19313]...: 9725210: ACCEPTED IN 18 TRIES, (AVG 540289.4444444445)
[1, 4, 10, 23, 57, 132, 301, 701, 1636, 3787, 8512, 19314]...: 9726278: ACCEPTED IN 18 TRIES, (AVG 540348.7777777778)
[1, 4, 10, 23, 57, 132, 301, 701, 1636, 3787, 8512, 19317]...: 5937424: ACCEPTED IN 11 TRIES, (AVG 539765.8181818182)
[1, 4, 10, 23, 57, 132, 301, 701, 1636, 3787, 8512, 19337]...: 15137614: ACCEPTED IN 28 TRIES, (AVG 540629.0714285715)
[1, 4, 10, 23, 57, 132, 301, 701, 1636, 3787, 8512, 19338]...: 10808630: ACCEPTED IN 20 TRIES, (AVG 540431.5)
[1, 4, 10, 23, 57, 132, 301, 701, 1636, 3787, 8512, 19340]...: 16218986: ACCEPTED IN 30 TRIES, (AVG 540632.8666666667)
[1, 4, 10, 23, 57, 132, 301, 701, 1636, 3787, 8512, 19341]...: 5397494: ACCEPTED IN 10 TRIES, (AVG 539749.4)
[1, 4, 10, 23, 57, 132, 301, 701, 1636, 3787, 8512, 19342]...: 7019867: ACCEPTED IN 13 TRIES, (AVG 539989.7692307692)
[1, 4, 10, 23, 57, 132, 301, 701, 1636, 3787, 8512, 19343]...: 10806617: ACCEPTED IN 20 TRIES, (AVG 540330.85)
[1, 4, 10, 23, 57, 132, 301, 701, 1636, 3787, 8512, 19344]...: 17843012: ACCEPTED IN 33 TRIES, (AVG 540697.3333333334)
[1, 4, 10, 23, 57, 132, 301, 701, 1636, 3787, 8512, 19345]...: 9183747: ACCEPTED IN 17 TRIES, (AVG 540220.4117647059)
[1, 4, 10, 23, 57, 132, 301, 701, 1636, 3787, 8512, 19346]...: 8103030: ACCEPTED IN 15 TRIES, (AVG 540202.0)
[1, 4, 10, 23, 57, 132, 301, 701, 1636, 3787, 8512, 19347]...: 17301970: ACCEPTED IN 32 TRIES, (AVG 540686.5625)
[1, 4, 10, 23, 57, 132, 301, 701, 1636, 3787, 8512, 19348]...: 6478965: ACCEPTED IN 12 TRIES, (AVG 539913.75)
[1, 4, 10, 23, 57, 132, 301, 701, 1636, 3787, 8512, 19349]...: 17842716: ACCEPTED IN 33 TRIES, (AVG 540688.3636363636)
[1, 4, 10, 23, 57, 132, 301, 701, 1636, 3787, 8512, 19350]...: 11349331: ACCEPTED IN 21 TRIES, (AVG 540444.3333333334)
[1, 4, 10, 23, 57, 132, 301, 701, 1636, 3787, 8512, 19372]...: 8102762: ACCEPTED IN 15 TRIES, (AVG 540184.1333333333)
[1, 4, 10, 23, 57, 132, 301, 701, 1636, 3787, 8512, 19373]...: 9725013: ACCEPTED IN 18 TRIES, (AVG 540278.5)
[1, 4, 10, 23, 57, 132, 301, 701, 1636, 3787, 8512, 19374]...: 12431721: ACCEPTED IN 23 TRIES, (AVG 540509.6086956522)
[1, 4, 10, 23, 57, 132, 301, 701, 1636, 3787, 8512, 19375]...: 11348973: ACCEPTED IN 21 TRIES, (AVG 540427.2857142857)
[1, 4, 10, 23, 57, 132, 301, 701, 1636, 3787, 8512, 19376]...: 9724885: ACCEPTED IN 18 TRIES, (AVG 540271.3888888889)
[1, 4, 10, 23, 57, 132, 301, 701, 1636, 3787, 8512, 19377]...: 15137428: ACCEPTED IN 28 TRIES, (AVG 540622.4285714285)
[1, 4, 10, 23, 57, 132, 301, 701, 1636, 3787, 8512, 19378]...: 5397525: ACCEPTED IN 10 TRIES, (AVG 539752.5)
[1, 4, 10, 23, 57, 132, 301, 701, 1636, 3787, 8512, 19379]...: 17301390: ACCEPTED IN 32 TRIES, (AVG 540668.4375)
[1, 4, 10, 23, 57, 132, 301, 701, 1636, 3787, 8512, 19380]...: 7561840: ACCEPTED IN 14 TRIES, (AVG 540131.4285714285)
[1, 4, 10, 23, 57, 132, 301, 701, 1636, 3787, 8512, 19381]...: 7561826: ACCEPTED IN 14 TRIES, (AVG 540130.4285714285)
[1, 4, 10, 23, 57, 132, 301, 701, 1636, 3787, 8512, 19382]...: 10267284: ACCEPTED IN 19 TRIES, (AVG 540383.3684210526)
[1, 4, 10, 23, 57, 132, 301, 701, 1636, 3787, 8512, 19384]...: 8102767: ACCEPTED IN 15 TRIES, (AVG 540184.4666666667)
[1, 4, 10, 23, 57, 132, 301, 701, 1636, 3787, 8512, 19405]...: 9723530: ACCEPTED IN 18 TRIES, (AVG 540196.1111111111)
[1, 4, 10, 23, 57, 132, 301, 701, 1636, 3787, 8512, 19407]...: 9724655: ACCEPTED IN 18 TRIES, (AVG 540258.6111111111)
[1, 4, 10, 23, 57, 132, 301, 701, 1636, 3787, 8512, 19408]...: 18925468: ACCEPTED IN 35 TRIES, (AVG 540727.6571428571)
[1, 4, 10, 23, 57, 132, 301, 701, 1636, 3787, 8512, 19409]...: 17302512: ACCEPTED IN 32 TRIES, (AVG 540703.5)
[1, 4, 10, 23, 57, 132, 301, 701, 1636, 3787, 8512, 19410]...: 9184758: ACCEPTED IN 17 TRIES, (AVG 540279.8823529412)
[1, 4, 10, 23, 57, 132, 301, 701, 1636, 3787, 8512, 19411]...: 9725614: ACCEPTED IN 18 TRIES, (AVG 540311.8888888889)
[1, 4, 10, 23, 57, 132, 301, 701, 1636, 3787, 8512, 19412]...: 7020704: ACCEPTED IN 13 TRIES, (AVG 540054.1538461539)
[1, 4, 10, 23, 57, 132, 301, 701, 1636, 3787, 8512, 19413]...: 10265795: ACCEPTED IN 19 TRIES, (AVG 540305.0)
[1, 4, 10, 23, 57, 132, 301, 701, 1636, 3787, 8512, 19414]...: 5397311: ACCEPTED IN 10 TRIES, (AVG 539731.1)
[1, 4, 10, 23, 57, 132, 301, 701, 1636, 3787, 8512, 19415]...: 19466661: ACCEPTED IN 36 TRIES, (AVG 540740.5833333334)
[1, 4, 10, 23, 57, 132, 301, 701, 1636, 3787, 8512, 19416]...: 8102231: ACCEPTED IN 15 TRIES, (AVG 540148.7333333333)
[1, 4, 10, 23, 57, 132, 301, 701, 1636, 3787, 8512, 19436]...: 11349914: ACCEPTED IN 21 TRIES, (AVG 540472.0952380953)
[1, 4, 10, 23, 57, 132, 301, 701, 1636, 3787, 8512, 19439]...: 24336287: ACCEPTED IN 45 TRIES, (AVG 540806.3777777777)
[1, 4, 10, 23, 57, 132, 301, 701, 1636, 3787, 8512, 19440]...: 15678912: ACCEPTED IN 29 TRIES, (AVG 540652.1379310344)
[1, 4, 10, 23, 57, 132, 301, 701, 1636, 3787, 8512, 19441]...: 4856019: ACCEPTED IN 9 TRIES, (AVG 539557.6666666666)
[1, 4, 10, 23, 57, 132, 301, 701, 1636, 3787, 8512, 19442]...: 15678940: ACCEPTED IN 29 TRIES, (AVG 540653.1034482758)
[1, 4, 10, 23, 57, 132, 301, 701, 1636, 3787, 8512, 19443]...: 7020854: ACCEPTED IN 13 TRIES, (AVG 540065.6923076923)
[1, 4, 10, 23, 57, 132, 301, 701, 1636, 3787, 8512, 19444]...: 9185209: ACCEPTED IN 17 TRIES, (AVG 540306.4117647059)
[1, 4, 10, 23, 57, 132, 301, 701, 1636, 3787, 8512, 19445]...: 7019986: ACCEPTED IN 13 TRIES, (AVG 539998.9230769231)
[1, 4, 10, 23, 57, 132, 301, 701, 1636, 3787, 8512, 19446]...: 12431934: ACCEPTED IN 23 TRIES, (AVG 540518.8695652174)
[1, 4, 10, 23, 57, 132, 301, 701, 1636, 3787, 8512, 19447]...: 7020942: ACCEPTED IN 13 TRIES, (AVG 540072.4615384615)
[1, 4, 10, 23, 57, 132, 301, 701, 1636, 3787, 8512, 19448]...: 5397111: ACCEPTED IN 10 TRIES, (AVG 539711.1)
[1, 4, 10, 23, 57, 132, 301, 701, 1636, 3787, 8512, 19449]...: 9726058: ACCEPTED IN 18 TRIES, (AVG 540336.5555555555)
[1, 4, 10, 23, 57, 132, 301, 701, 1636, 3787, 8512, 19452]...: 17302072: ACCEPTED IN 32 TRIES, (AVG 540689.75)
[1, 4, 10, 23, 57, 132, 301, 701, 1636, 3787, 8512, 19472]...: 12972113: ACCEPTED IN 24 TRIES, (AVG 540504.7083333334)
[1, 4, 10, 23, 57, 132, 301, 701, 1636, 3787, 8512, 19473]...: 6478259: ACCEPTED IN 12 TRIES, (AVG 539854.9166666666)
[1, 4, 10, 23, 57, 132, 301, 701, 1636, 3787, 8512, 19474]...: 5937804: ACCEPTED IN 11 TRIES, (AVG 539800.3636363636)
[1, 4, 10, 23, 57, 132, 301, 701, 1636, 3787, 8512, 19475]...: 10267003: ACCEPTED IN 19 TRIES, (AVG 540368.5789473684)
[1, 4, 10, 23, 57, 132, 301, 701, 1636, 3787, 8512, 19476]...: 9185034: ACCEPTED IN 17 TRIES, (AVG 540296.1176470588)
[1, 4, 10, 23, 57, 132, 301, 701, 1636, 3787, 8512, 19477]...: 5396170: ACCEPTED IN 10 TRIES, (AVG 539617.0)
[1, 4, 10, 23, 57, 132, 301, 701, 1636, 3787, 8512, 19478]...: 7560093: ACCEPTED IN 14 TRIES, (AVG 540006.6428571428)
[1, 4, 10, 23, 57, 132, 301, 701, 1636, 3787, 8512, 19479]...: 15136658: ACCEPTED IN 28 TRIES, (AVG 540594.9285714285)
[1, 4, 10, 23, 57, 132, 301, 701, 1636, 3787, 8512, 19480]...: 6479650: ACCEPTED IN 12 TRIES, (AVG 539970.8333333334)
[1, 4, 10, 23, 57, 132, 301, 701, 1636, 3787, 8512, 19481]...: 4313998: ACCEPTED IN 8 TRIES, (AVG 539249.75)
[1, 4, 10, 23, 57, 132, 301, 701, 1636, 3787, 8512, 19482]...: 10267222: ACCEPTED IN 19 TRIES, (AVG 540380.1052631579)
[1, 4, 10, 23, 57, 132, 301, 701, 1636, 3787, 8512, 19483]...: 4856349: ACCEPTED IN 9 TRIES, (AVG 539594.3333333334)
[1, 4, 10, 23, 57, 132, 301, 701, 1636, 3787, 8512, 19504]...: 5397069: ACCEPTED IN 10 TRIES, (AVG 539706.9)
[1, 4, 10, 23, 57, 132, 301, 701, 1636, 3787, 8512, 19506]...: 11890779: ACCEPTED IN 22 TRIES, (AVG 540489.9545454546)
[1, 4, 10, 23, 57, 132, 301, 701, 1636, 3787, 8512, 19507]...: 16761222: ACCEPTED IN 31 TRIES, (AVG 540684.5806451613)
[1, 4, 10, 23, 57, 132, 301, 701, 1636, 3787, 8512, 19508]...: 5936783: ACCEPTED IN 11 TRIES, (AVG 539707.5454545454)
[1, 4, 10, 23, 57, 132, 301, 701, 1636, 3787, 8512, 19509]...: 5935892: ACCEPTED IN 11 TRIES, (AVG 539626.5454545454)
[1, 4, 10, 23, 57, 132, 301, 701, 1636, 3787, 8512, 19510]...: 10266551: ACCEPTED IN 19 TRIES, (AVG 540344.7894736842)
[1, 4, 10, 23, 57, 132, 301, 701, 1636, 3787, 8512, 19511]...: 9725316: ACCEPTED IN 18 TRIES, (AVG 540295.3333333334)
[1, 4, 10, 23, 57, 132, 301, 701, 1636, 3787, 8512, 19512]...: 14596617: ACCEPTED IN 27 TRIES, (AVG 540615.4444444445)
[1, 4, 10, 23, 57, 132, 301, 701, 1636, 3787, 8512, 19513]...: 5936561: ACCEPTED IN 11 TRIES, (AVG 539687.3636363636)
[1, 4, 10, 23, 57, 132, 301, 701, 1636, 3787, 8512, 19514]...: 12430382: ACCEPTED IN 23 TRIES, (AVG 540451.3913043478)
[1, 4, 10, 23, 57, 132, 301, 701, 1636, 3787, 8512, 19515]...: 12430745: ACCEPTED IN 23 TRIES, (AVG 540467.1739130435)
[1, 4, 10, 23, 57, 132, 301, 701, 1636, 3787, 8512, 19516]...: 12431396: ACCEPTED IN 23 TRIES, (AVG 540495.4782608695)
[1, 4, 10, 23, 57, 132, 301, 701, 1636, 3787, 8512, 19539]...: 5393262: ACCEPTED IN 10 TRIES, (AVG 539326.2)
[1, 4, 10, 23, 57, 132, 301, 701, 1636, 3787, 8512, 19540]...: 7020628: ACCEPTED IN 13 TRIES, (AVG 540048.3076923077)
[1, 4, 10, 23, 57, 132, 301, 701, 1636, 3787, 8512, 19541]...: 10265534: ACCEPTED IN 19 TRIES, (AVG 540291.2631578947)
[1, 4, 10, 23, 57, 132, 301, 701, 1636, 3787, 8512, 19542]...: 17302011: ACCEPTED IN 32 TRIES, (AVG 540687.84375)
[1, 4, 10, 23, 57, 132, 301, 701, 1636, 3787, 8512, 19543]...: 9725163: ACCEPTED IN 18 TRIES, (AVG 540286.8333333334)
[1, 4, 10, 23, 57, 132, 301, 701, 1636, 3787, 8512, 19544]...: 8643796: ACCEPTED IN 16 TRIES, (AVG 540237.25)
[1, 4, 10, 23, 57, 132, 301, 701, 1636, 3787, 8512, 19545]...: 12430438: ACCEPTED IN 23 TRIES, (AVG 540453.8260869565)
[1, 4, 10, 23, 57, 132, 301, 701, 1636, 3787, 8512, 19546]...: 15677457: ACCEPTED IN 29 TRIES, (AVG 540601.9655172414)
[1, 4, 10, 23, 57, 132, 301, 701, 1636, 3787, 8512, 19547]...: 11349707: ACCEPTED IN 21 TRIES, (AVG 540462.2380952381)
[1, 4, 10, 23, 57, 132, 301, 701, 1636, 3787, 8512, 19548]...: 18382905: ACCEPTED IN 34 TRIES, (AVG 540673.6764705882)
[1, 4, 10, 23, 57, 132, 301, 701, 1636, 3787, 8512, 19551]...: 7019266: ACCEPTED IN 13 TRIES, (AVG 539943.5384615385)
[1, 4, 10, 23, 57, 132, 301, 701, 1636, 3787, 8512, 19571]...: 5396348: ACCEPTED IN 10 TRIES, (AVG 539634.8)
[1, 4, 10, 23, 57, 132, 301, 701, 1636, 3787, 8512, 19572]...: 7561981: ACCEPTED IN 14 TRIES, (AVG 540141.5)
[1, 4, 10, 23, 57, 132, 301, 701, 1636, 3787, 8512, 19573]...: 7019738: ACCEPTED IN 13 TRIES, (AVG 539979.8461538461)
[1, 4, 10, 23, 57, 132, 301, 701, 1636, 3787, 8512, 19574]...: 9185149: ACCEPTED IN 17 TRIES, (AVG 540302.8823529412)
[1, 4, 10, 23, 57, 132, 301, 701, 1636, 3787, 8512, 19575]...: 7561854: ACCEPTED IN 14 TRIES, (AVG 540132.4285714285)
[1, 4, 10, 23, 57, 132, 301, 701, 1636, 3787, 8512, 19576]...: 8643750: ACCEPTED IN 16 TRIES, (AVG 540234.375)
[1, 4, 10, 23, 57, 132, 301, 701, 1636, 3787, 8512, 19577]...: 9183603: ACCEPTED IN 17 TRIES, (AVG 540211.9411764706)
[1, 4, 10, 23, 57, 132, 301, 701, 1636, 3787, 8512, 19578]...: 9184393: ACCEPTED IN 17 TRIES, (AVG 540258.4117647059)
[1, 4, 10, 23, 57, 132, 301, 701, 1636, 3787, 8512, 19579]...: 4856172: ACCEPTED IN 9 TRIES, (AVG 539574.6666666666)
[1, 4, 10, 23, 57, 132, 301, 701, 1636, 3787, 8512, 19580]...: 11888510: ACCEPTED IN 22 TRIES, (AVG 540386.8181818182)
[1, 4, 10, 23, 57, 132, 301, 701, 1636, 3787, 8512, 19581]...: 30289229: ACCEPTED IN 56 TRIES, (AVG 540879.0892857143)
[1, 4, 10, 23, 57, 132, 301, 701, 1636, 3787, 8512, 19582]...: 8644236: ACCEPTED IN 16 TRIES, (AVG 540264.75)
[1, 4, 10, 23, 57, 132, 301, 701, 1636, 3787, 8512, 19583]...: 5937107: ACCEPTED IN 11 TRIES, (AVG 539737.0)
[1, 4, 10, 23, 57, 132, 301, 701, 1636, 3787, 8512, 19584]...: 5396492: ACCEPTED IN 10 TRIES, (AVG 539649.2)
[1, 4, 10, 23, 57, 132, 301, 701, 1636, 3787, 8512, 19605]...: 7561729: ACCEPTED IN 14 TRIES, (AVG 540123.5)
[1, 4, 10, 23, 57, 132, 301, 701, 1636, 3787, 8512, 19606]...: 5938656: ACCEPTED IN 11 TRIES, (AVG 539877.8181818182)
[1, 4, 10, 23, 57, 132, 301, 701, 1636, 3787, 8512, 19607]...: 6479723: ACCEPTED IN 12 TRIES, (AVG 539976.9166666666)
[1, 4, 10, 23, 57, 132, 301, 701, 1636, 3787, 8512, 19608]...: 37865586: ACCEPTED IN 70 TRIES, (AVG 540936.9428571429)
[1, 4, 10, 23, 57, 132, 301, 701, 1636, 3787, 8512, 19609]...: 13512428: ACCEPTED IN 25 TRIES, (AVG 540497.12)
[1, 4, 10, 23, 57, 132, 301, 701, 1636, 3787, 8512, 19610]...: 14055712: ACCEPTED IN 26 TRIES, (AVG 540604.3076923077)
[1, 4, 10, 23, 57, 132, 301, 701, 1636, 3787, 8512, 19611]...: 8102530: ACCEPTED IN 15 TRIES, (AVG 540168.6666666666)
[1, 4, 10, 23, 57, 132, 301, 701, 1636, 3787, 8512, 19612]...: 8642732: ACCEPTED IN 16 TRIES, (AVG 540170.75)
[1, 4, 10, 23, 57, 132, 301, 701, 1636, 3787, 8512, 19613]...: 10808103: ACCEPTED IN 20 TRIES, (AVG 540405.15)
[1, 4, 10, 23, 57, 132, 301, 701, 1636, 3787, 8512, 19614]...: 8102984: ACCEPTED IN 15 TRIES, (AVG 540198.9333333333)
[1, 4, 10, 23, 57, 132, 301, 701, 1636, 3787, 8512, 19615]...: 7561929: ACCEPTED IN 14 TRIES, (AVG 540137.7857142857)
[1, 4, 10, 23, 57, 132, 301, 701, 1636, 3787, 8512, 19618]...: 7560626: ACCEPTED IN 14 TRIES, (AVG 540044.7142857143)
[1, 4, 10, 23, 57, 132, 301, 701, 1636, 3787, 8512, 19638]...: 16761161: ACCEPTED IN 31 TRIES, (AVG 540682.6129032258)
[1, 4, 10, 23, 57, 132, 301, 701, 1636, 3787, 8512, 19639]...: 5397150: ACCEPTED IN 10 TRIES, (AVG 539715.0)
[1, 4, 10, 23, 57, 132, 301, 701, 1636, 3787, 8512, 19641]...: 6479734: ACCEPTED IN 12 TRIES, (AVG 539977.8333333334)
[1, 4, 10, 23, 57, 132, 301, 701, 1636, 3787, 8512, 19642]...: 10808278: ACCEPTED IN 20 TRIES, (AVG 540413.9)
[1, 4, 10, 23, 57, 132, 301, 701, 1636, 3787, 8512, 19643]...: 14055511: ACCEPTED IN 26 TRIES, (AVG 540596.5769230769)
[1, 4, 10, 23, 57, 132, 301, 701, 1636, 3787, 8512, 19644]...: 7020051: ACCEPTED IN 13 TRIES, (AVG 540003.9230769231)
[1, 4, 10, 23, 57, 132, 301, 701, 1636, 3787, 8512, 19645]...: 25958258: ACCEPTED IN 48 TRIES, (AVG 540797.0416666666)
[1, 4, 10, 23, 57, 132, 301, 701, 1636, 3787, 8512, 19646]...: 23253860: ACCEPTED IN 43 TRIES, (AVG 540787.4418604651)
[1, 4, 10, 23, 57, 132, 301, 701, 1636, 3787, 8512, 19647]...: 5396243: ACCEPTED IN 10 TRIES, (AVG 539624.3)
[1, 4, 10, 23, 57, 132, 301, 701, 1636, 3787, 8512, 19648]...: 7020472: ACCEPTED IN 13 TRIES, (AVG 540036.3076923077)
[1, 4, 10, 23, 57, 132, 301, 701, 1636, 3787, 8512, 19649]...: 6479765: ACCEPTED IN 12 TRIES, (AVG 539980.4166666666)
[1, 4, 10, 23, 57, 132, 301, 701, 1636, 3787, 8512, 19650]...: 11349744: ACCEPTED IN 21 TRIES, (AVG 540464.0)
[1, 4, 10, 23, 57, 132, 301, 701, 1636, 3787, 8512, 19673]...: 15137909: ACCEPTED IN 28 TRIES, (AVG 540639.6071428572)
[1, 4, 10, 23, 57, 132, 301, 701, 1636, 3787, 8512, 19674]...: 9726499: ACCEPTED IN 18 TRIES, (AVG 540361.0555555555)
[1, 4, 10, 23, 57, 132, 301, 701, 1636, 3787, 8512, 19675]...: 5397011: ACCEPTED IN 10 TRIES, (AVG 539701.1)
[1, 4, 10, 23, 57, 132, 301, 701, 1636, 3787, 8512, 19676]...: 5397395: ACCEPTED IN 10 TRIES, (AVG 539739.5)
[1, 4, 10, 23, 57, 132, 301, 701, 1636, 3787, 8512, 19677]...: 9726427: ACCEPTED IN 18 TRIES, (AVG 540357.0555555555)
[1, 4, 10, 23, 57, 132, 301, 701, 1636, 3787, 8512, 19678]...: 9725633: ACCEPTED IN 18 TRIES, (AVG 540312.9444444445)
[1, 4, 10, 23, 57, 132, 301, 701, 1636, 3787, 8512, 19679]...: 5397320: ACCEPTED IN 10 TRIES, (AVG 539732.0)
[1, 4, 10, 23, 57, 132, 301, 701, 1636, 3787, 8512, 19680]...: 11889945: ACCEPTED IN 22 TRIES, (AVG 540452.0454545454)
[1, 4, 10, 23, 57, 132, 301, 701, 1636, 3787, 8512, 19681]...: 7561711: ACCEPTED IN 14 TRIES, (AVG 540122.2142857143)
[1, 4, 10, 23, 57, 132, 301, 701, 1636, 3787, 8512, 19682]...: 11349403: ACCEPTED IN 21 TRIES, (AVG 540447.7619047619)
[1, 4, 10, 23, 57, 132, 301, 701, 1636, 3787, 8512, 19683]...: 16219261: ACCEPTED IN 30 TRIES, (AVG 540642.0333333333)
[1, 4, 10, 23, 57, 132, 301, 701, 1636, 3787, 8512, 19705]...: 13512547: ACCEPTED IN 25 TRIES, (AVG 540501.88)
[1, 4, 10, 23, 57, 132, 301, 701, 1636, 3787, 8512, 19706]...: 12971609: ACCEPTED IN 24 TRIES, (AVG 540483.7083333334)
[1, 4, 10, 23, 57, 132, 301, 701, 1636, 3787, 8512, 19707]...: 5397024: ACCEPTED IN 10 TRIES, (AVG 539702.4)
[1, 4, 10, 23, 57, 132, 301, 701, 1636, 3787, 8512, 19708]...: 7020941: ACCEPTED IN 13 TRIES, (AVG 540072.3846153846)
[1, 4, 10, 23, 57, 132, 301, 701, 1636, 3787, 8512, 19709]...: 4315086: ACCEPTED IN 8 TRIES, (AVG 539385.75)
[1, 4, 10, 23, 57, 132, 301, 701, 1636, 3787, 8512, 19710]...: 8101131: ACCEPTED IN 15 TRIES, (AVG 540075.4)
[1, 4, 10, 23, 57, 132, 301, 701, 1636, 3787, 8512, 19711]...: 14055030: ACCEPTED IN 26 TRIES, (AVG 540578.0769230769)
[1, 4, 10, 23, 57, 132, 301, 701, 1636, 3787, 8512, 19712]...: 15677012: ACCEPTED IN 29 TRIES, (AVG 540586.6206896552)
[1, 4, 10, 23, 57, 132, 301, 701, 1636, 3787, 8512, 19713]...: 9726211: ACCEPTED IN 18 TRIES, (AVG 540345.0555555555)
[1, 4, 10, 23, 57, 132, 301, 701, 1636, 3787, 8512, 19714]...: 7561934: ACCEPTED IN 14 TRIES, (AVG 540138.1428571428)
[1, 4, 10, 23, 57, 132, 301, 701, 1636, 3787, 8512, 19715]...: 14596673: ACCEPTED IN 27 TRIES, (AVG 540617.5185185185)
[1, 4, 10, 23, 57, 132, 301, 701, 1636, 3787, 8512, 19716]...: 11888813: ACCEPTED IN 22 TRIES, (AVG 540400.5909090909)
[1, 4, 10, 23, 57, 132, 301, 701, 1636, 3787, 8512, 19717]...: 6479674: ACCEPTED IN 12 TRIES, (AVG 539972.8333333334)
[1, 4, 10, 23, 57, 132, 301, 701, 1636, 3787, 8512, 19737]...: 5938483: ACCEPTED IN 11 TRIES, (AVG 539862.0909090909)
[1, 4, 10, 23, 57, 132, 301, 701, 1636, 3787, 8512, 19740]...: 22171230: ACCEPTED IN 41 TRIES, (AVG 540761.7073170731)
[1, 4, 10, 23, 57, 132, 301, 701, 1636, 3787, 8512, 19741]...: 5938504: ACCEPTED IN 11 TRIES, (AVG 539864.0)
[1, 4, 10, 23, 57, 132, 301, 701, 1636, 3787, 8512, 19742]...: 5937842: ACCEPTED IN 11 TRIES, (AVG 539803.8181818182)
[1, 4, 10, 23, 57, 132, 301, 701, 1636, 3787, 8512, 19743]...: 8102809: ACCEPTED IN 15 TRIES, (AVG 540187.2666666667)
[1, 4, 10, 23, 57, 132, 301, 701, 1636, 3787, 8512, 19744]...: 17302336: ACCEPTED IN 32 TRIES, (AVG 540698.0)
[1, 4, 10, 23, 57, 132, 301, 701, 1636, 3787, 8512, 19745]...: 12432331: ACCEPTED IN 23 TRIES, (AVG 540536.1304347826)
[1, 4, 10, 23, 57, 132, 301, 701, 1636, 3787, 8512, 19746]...: 8101658: ACCEPTED IN 15 TRIES, (AVG 540110.5333333333)
[1, 4, 10, 23, 57, 132, 301, 701, 1636, 3787, 8512, 19747]...: 11889166: ACCEPTED IN 22 TRIES, (AVG 540416.6363636364)
[1, 4, 10, 23, 57, 132, 301, 701, 1636, 3787, 8512, 19748]...: 22711648: ACCEPTED IN 42 TRIES, (AVG 540753.5238095238)
[1, 4, 10, 23, 57, 132, 301, 701, 1636, 3787, 8512, 19749]...: 5397227: ACCEPTED IN 10 TRIES, (AVG 539722.7)
[1, 4, 10, 23, 57, 132, 301, 701, 1636, 3787, 8512, 19750]...: 14594390: ACCEPTED IN 27 TRIES, (AVG 540532.9629629629)
[1, 4, 10, 23, 57, 132, 301, 701, 1636, 3787, 8512, 19773]...: 4855723: ACCEPTED IN 9 TRIES, (AVG 539524.7777777778)
[1, 4, 10, 23, 57, 132, 301, 701, 1636, 3787, 8512, 19774]...: 8643999: ACCEPTED IN 16 TRIES, (AVG 540249.9375)
[1, 4, 10, 23, 57, 132, 301, 701, 1636, 3787, 8512, 19775]...: 5938502: ACCEPTED IN 11 TRIES, (AVG 539863.8181818182)
[1, 4, 10, 23, 57, 132, 301, 701, 1636, 3787, 8512, 19776]...: 6479101: ACCEPTED IN 12 TRIES, (AVG 539925.0833333334)
[1, 4, 10, 23, 57, 132, 301, 701, 1636, 3787, 8512, 19777]...: 10808451: ACCEPTED IN 20 TRIES, (AVG 540422.55)
[1, 4, 10, 23, 57, 132, 301, 701, 1636, 3787, 8512, 19778]...: 6479447: ACCEPTED IN 12 TRIES, (AVG 539953.9166666666)
[1, 4, 10, 23, 57, 132, 301, 701, 1636, 3787, 8512, 19779]...: 13514330: ACCEPTED IN 25 TRIES, (AVG 540573.2)
[1, 4, 10, 23, 57, 132, 301, 701, 1636, 3787, 8512, 19780]...: 11890874: ACCEPTED IN 22 TRIES, (AVG 540494.2727272727)
[1, 4, 10, 23, 57, 132, 301, 701, 1636, 3787, 8512, 19781]...: 10267159: ACCEPTED IN 19 TRIES, (AVG 540376.7894736842)
[1, 4, 10, 23, 57, 132, 301, 701, 1636, 3787, 8512, 19782]...: 18924000: ACCEPTED IN 35 TRIES, (AVG 540685.7142857143)
[1, 4, 10, 23, 57, 132, 301, 701, 1636, 3787, 8512, 19784]...: 11891086: ACCEPTED IN 22 TRIES, (AVG 540503.9090909091)
[1, 4, 10, 23, 57, 132, 301, 701, 1636, 3787, 8512, 19805]...: 5393864: ACCEPTED IN 10 TRIES, (AVG 539386.4)
[1, 4, 10, 23, 57, 132, 301, 701, 1636, 3787, 8512, 19806]...: 6479209: ACCEPTED IN 12 TRIES, (AVG 539934.0833333334)
[1, 4, 10, 23, 57, 132, 301, 701, 1636, 3787, 8512, 19807]...: 7558944: ACCEPTED IN 14 TRIES, (AVG 539924.5714285715)
[1, 4, 10, 23, 57, 132, 301, 701, 1636, 3787, 8512, 19808]...: 5396546: ACCEPTED IN 10 TRIES, (AVG 539654.6)
[1, 4, 10, 23, 57, 132, 301, 701, 1636, 3787, 8512, 19809]...: 19465790: ACCEPTED IN 36 TRIES, (AVG 540716.3888888889)
[1, 4, 10, 23, 57, 132, 301, 701, 1636, 3787, 8512, 19810]...: 10267348: ACCEPTED IN 19 TRIES, (AVG 540386.7368421053)
[1, 4, 10, 23, 57, 132, 301, 701, 1636, 3787, 8512, 19811]...: 8102826: ACCEPTED IN 15 TRIES, (AVG 540188.4)
[1, 4, 10, 23, 57, 132, 301, 701, 1636, 3787, 8512, 19812]...: 5396903: ACCEPTED IN 10 TRIES, (AVG 539690.3)
[1, 4, 10, 23, 57, 132, 301, 701, 1636, 3787, 8512, 19813]...: 12430235: ACCEPTED IN 23 TRIES, (AVG 540445.0)
[1, 4, 10, 23, 57, 132, 301, 701, 1636, 3787, 8512, 19814]...: 9185229: ACCEPTED IN 17 TRIES, (AVG 540307.5882352941)
[1, 4, 10, 23, 57, 132, 301, 701, 1636, 3787, 8512, 19815]...: 14596697: ACCEPTED IN 27 TRIES, (AVG 540618.4074074074)
[1, 4, 10, 23, 57, 132, 301, 701, 1636, 3787, 8512, 19816]...: 12431986: ACCEPTED IN 23 TRIES, (AVG 540521.1304347826)
[1, 4, 10, 23, 57, 132, 301, 701, 1636, 3787, 8512, 19817]...: 19467091: ACCEPTED IN 36 TRIES, (AVG 540752.5277777778)
[1, 4, 10, 23, 57, 132, 301, 701, 1636, 3787, 8512, 19839]...: 4855577: ACCEPTED IN 9 TRIES, (AVG 539508.5555555555)
[1, 4, 10, 23, 57, 132, 301, 701, 1636, 3787, 8512, 19840]...: 10266982: ACCEPTED IN 19 TRIES, (AVG 540367.4736842106)
[1, 4, 10, 23, 57, 132, 301, 701, 1636, 3787, 8512, 19841]...: 4855143: ACCEPTED IN 9 TRIES, (AVG 539460.3333333334)
[1, 4, 10, 23, 57, 132, 301, 701, 1636, 3787, 8512, 19842]...: 4313019: ACCEPTED IN 8 TRIES, (AVG 539127.375)
[1, 4, 10, 23, 57, 132, 301, 701, 1636, 3787, 8512, 19843]...: 10807932: ACCEPTED IN 20 TRIES, (AVG 540396.6)
[1, 4, 10, 23, 57, 132, 301, 701, 1636, 3787, 8512, 19844]...: 7560818: ACCEPTED IN 14 TRIES, (AVG 540058.4285714285)
[1, 4, 10, 23, 57, 132, 301, 701, 1636, 3787, 8512, 19845]...: 8099153: ACCEPTED IN 15 TRIES, (AVG 539943.5333333333)
[1, 4, 10, 23, 57, 132, 301, 701, 1636, 3787, 8512, 19846]...: 5394548: ACCEPTED IN 10 TRIES, (AVG 539454.8)
[1, 4, 10, 23, 57, 132, 301, 701, 1636, 3787, 8512, 19847]...: 22170567: ACCEPTED IN 41 TRIES, (AVG 540745.5365853659)
[1, 4, 10, 23, 57, 132, 301, 701, 1636, 3787, 8512, 19848]...: 12429912: ACCEPTED IN 23 TRIES, (AVG 540430.9565217391)
[1, 4, 10, 23, 57, 132, 301, 701, 1636, 3787, 8512, 19849]...: 8101566: ACCEPTED IN 15 TRIES, (AVG 540104.4)
[1, 4, 10, 23, 57, 132, 301, 701, 1636, 3787, 8512, 19852]...: 7019430: ACCEPTED IN 13 TRIES, (AVG 539956.1538461539)
[1, 4, 10, 23, 57, 132, 301, 701, 1636, 3787, 8512, 19872]...: 12431108: ACCEPTED IN 23 TRIES, (AVG 540482.9565217391)
[1, 4, 10, 23, 57, 132, 301, 701, 1636, 3787, 8512, 19874]...: 13512763: ACCEPTED IN 25 TRIES, (AVG 540510.52)
[1, 4, 10, 23, 57, 132, 301, 701, 1636, 3787, 8512, 19875]...: 9184106: ACCEPTED IN 17 TRIES, (AVG 540241.5294117647)
[1, 4, 10, 23, 57, 132, 301, 701, 1636, 3787, 8512, 19876]...: 11348572: ACCEPTED IN 21 TRIES, (AVG 540408.1904761905)
[1, 4, 10, 23, 57, 132, 301, 701, 1636, 3787, 8512, 19877]...: 11890555: ACCEPTED IN 22 TRIES, (AVG 540479.7727272727)
[1, 4, 10, 23, 57, 132, 301, 701, 1636, 3787, 8512, 19878]...: 15677770: ACCEPTED IN 29 TRIES, (AVG 540612.7586206896)
[1, 4, 10, 23, 57, 132, 301, 701, 1636, 3787, 8512, 19879]...: 22172566: ACCEPTED IN 41 TRIES, (AVG 540794.2926829269)
[1, 4, 10, 23, 57, 132, 301, 701, 1636, 3787, 8512, 19880]...: 8102488: ACCEPTED IN 15 TRIES, (AVG 540165.8666666667)
[1, 4, 10, 23, 57, 132, 301, 701, 1636, 3787, 8512, 19881]...: 5937995: ACCEPTED IN 11 TRIES, (AVG 539817.7272727273)
[1, 4, 10, 23, 57, 132, 301, 701, 1636, 3787, 8512, 19882]...: 11890383: ACCEPTED IN 22 TRIES, (AVG 540471.9545454546)
[1, 4, 10, 23, 57, 132, 301, 701, 1636, 3787, 8512, 19883]...: 12432007: ACCEPTED IN 23 TRIES, (AVG 540522.0434782609)
[1, 4, 10, 23, 57, 132, 301, 701, 1636, 3787, 8512, 19906]...: 4855086: ACCEPTED IN 9 TRIES, (AVG 539454.0)
[1, 4, 10, 23, 57, 132, 301, 701, 1636, 3787, 8512, 19907]...: 8100741: ACCEPTED IN 15 TRIES, (AVG 540049.4)
[1, 4, 10, 23, 57, 132, 301, 701, 1636, 3787, 8512, 19908]...: 5396376: ACCEPTED IN 10 TRIES, (AVG 539637.6)
[1, 4, 10, 23, 57, 132, 301, 701, 1636, 3787, 8512, 19909]...: 13514249: ACCEPTED IN 25 TRIES, (AVG 540569.96)
[1, 4, 10, 23, 57, 132, 301, 701, 1636, 3787, 8512, 19910]...: 24336532: ACCEPTED IN 45 TRIES, (AVG 540811.8222222222)
[1, 4, 10, 23, 57, 132, 301, 701, 1636, 3787, 8512, 19911]...: 4856401: ACCEPTED IN 9 TRIES, (AVG 539600.1111111111)
[1, 4, 10, 23, 57, 132, 301, 701, 1636, 3787, 8512, 19912]...: 13513894: ACCEPTED IN 25 TRIES, (AVG 540555.76)
[1, 4, 10, 23, 57, 132, 301, 701, 1636, 3787, 8512, 19913]...: 7019586: ACCEPTED IN 13 TRIES, (AVG 539968.1538461539)
[1, 4, 10, 23, 57, 132, 301, 701, 1636, 3787, 8512, 19914]...: 6479087: ACCEPTED IN 12 TRIES, (AVG 539923.9166666666)
[1, 4, 10, 23, 57, 132, 301, 701, 1636, 3787, 8512, 19915]...: 10808930: ACCEPTED IN 20 TRIES, (AVG 540446.5)
[1, 4, 10, 23, 57, 132, 301, 701, 1636, 3787, 8512, 19916]...: 6479372: ACCEPTED IN 12 TRIES, (AVG 539947.6666666666)
[1, 4, 10, 23, 57, 132, 301, 701, 1636, 3787, 8512, 19938]...: 5396724: ACCEPTED IN 10 TRIES, (AVG 539672.4)
[1, 4, 10, 23, 57, 132, 301, 701, 1636, 3787, 8512, 19939]...: 9726418: ACCEPTED IN 18 TRIES, (AVG 540356.5555555555)
[1, 4, 10, 23, 57, 132, 301, 701, 1636, 3787, 8512, 19940]...: 5396891: ACCEPTED IN 10 TRIES, (AVG 539689.1)
[1, 4, 10, 23, 57, 132, 301, 701, 1636, 3787, 8512, 19941]...: 5395044: ACCEPTED IN 10 TRIES, (AVG 539504.4)
[1, 4, 10, 23, 57, 132, 301, 701, 1636, 3787, 8512, 19942]...: 7561737: ACCEPTED IN 14 TRIES, (AVG 540124.0714285715)
[1, 4, 10, 23, 57, 132, 301, 701, 1636, 3787, 8512, 19943]...: 7020590: ACCEPTED IN 13 TRIES, (AVG 540045.3846153846)
[1, 4, 10, 23, 57, 132, 301, 701, 1636, 3787, 8512, 19944]...: 5938137: ACCEPTED IN 11 TRIES, (AVG 539830.6363636364)
[1, 4, 10, 23, 57, 132, 301, 701, 1636, 3787, 8512, 19945]...: 16761160: ACCEPTED IN 31 TRIES, (AVG 540682.5806451613)
[1, 4, 10, 23, 57, 132, 301, 701, 1636, 3787, 8512, 19946]...: 18924102: ACCEPTED IN 35 TRIES, (AVG 540688.6285714286)
[1, 4, 10, 23, 57, 132, 301, 701, 1636, 3787, 8512, 19947]...: 4854766: ACCEPTED IN 9 TRIES, (AVG 539418.4444444445)
[1, 4, 10, 23, 57, 132, 301, 701, 1636, 3787, 8512, 19948]...: 6478939: ACCEPTED IN 12 TRIES, (AVG 539911.5833333334)
[1, 4, 10, 23, 57, 132, 301, 701, 1636, 3787, 8512, 19949]...: 10267376: ACCEPTED IN 19 TRIES, (AVG 540388.2105263158)
[1, 4, 10, 23, 57, 132, 301, 701, 1636, 3787, 8512, 19950]...: 16220208: ACCEPTED IN 30 TRIES, (AVG 540673.6)
[1, 4, 10, 23, 57, 132, 301, 701, 1636, 3787, 8512, 19951]...: 4856020: ACCEPTED IN 9 TRIES, (AVG 539557.7777777778)
[1, 4, 10, 23, 57, 132, 301, 701, 1636, 3787, 8512, 19971]...: 9725864: ACCEPTED IN 18 TRIES, (AVG 540325.7777777778)
[1, 4, 10, 23, 57, 132, 301, 701, 1636, 3787, 8512, 19974]...: 7561889: ACCEPTED IN 14 TRIES, (AVG 540134.9285714285)
[1, 4, 10, 23, 57, 132, 301, 701, 1636, 3787, 8512, 19975]...: 7561946: ACCEPTED IN 14 TRIES, (AVG 540139.0)
[1, 4, 10, 23, 57, 132, 301, 701, 1636, 3787, 8512, 19976]...: 7020963: ACCEPTED IN 13 TRIES, (AVG 540074.0769230769)
[1, 4, 10, 23, 57, 132, 301, 701, 1636, 3787, 8512, 19977]...: 8102531: ACCEPTED IN 15 TRIES, (AVG 540168.7333333333)
[1, 4, 10, 23, 57, 132, 301, 701, 1636, 3787, 8512, 19978]...: 5395526: ACCEPTED IN 10 TRIES, (AVG 539552.6)
[1, 4, 10, 23, 57, 132, 301, 701, 1636, 3787, 8512, 19979]...: 5936978: ACCEPTED IN 11 TRIES, (AVG 539725.2727272727)
[1, 4, 10, 23, 57, 132, 301, 701, 1636, 3787, 8512, 19980]...: 12431758: ACCEPTED IN 23 TRIES, (AVG 540511.2173913043)
[1, 4, 10, 23, 57, 132, 301, 701, 1636, 3787, 8512, 19981]...: 6479295: ACCEPTED IN 12 TRIES, (AVG 539941.25)
[1, 4, 10, 23, 57, 132, 301, 701, 1636, 3787, 8512, 19982]...: 15678292: ACCEPTED IN 29 TRIES, (AVG 540630.7586206896)
[1, 4, 10, 23, 57, 132, 301, 701, 1636, 3787, 8512, 19983]...: 9185031: ACCEPTED IN 17 TRIES, (AVG 540295.9411764706)
[1, 4, 10, 23, 57, 132, 301, 701, 1636, 3787, 8512, 19984]...: 10807687: ACCEPTED IN 20 TRIES, (AVG 540384.35)
[1, 4, 10, 23, 57, 132, 301, 701, 1636, 3787, 8512, 20006]...: 7561676: ACCEPTED IN 14 TRIES, (AVG 540119.7142857143)
[1, 4, 10, 23, 57, 132, 301, 701, 1636, 3787, 8512, 20007]...: 7018953: ACCEPTED IN 13 TRIES, (AVG 539919.4615384615)
[1, 4, 10, 23, 57, 132, 301, 701, 1636, 3787, 8512, 20008]...: 10808887: ACCEPTED IN 20 TRIES, (AVG 540444.35)
[1, 4, 10, 23, 57, 132, 301, 701, 1636, 3787, 8512, 20009]...: 8102719: ACCEPTED IN 15 TRIES, (AVG 540181.2666666667)
[1, 4, 10, 23, 57, 132, 301, 701, 1636, 3787, 8512, 20010]...: 7561996: ACCEPTED IN 14 TRIES, (AVG 540142.5714285715)
[1, 4, 10, 23, 57, 132, 301, 701, 1636, 3787, 8512, 20011]...: 4855378: ACCEPTED IN 9 TRIES, (AVG 539486.4444444445)
[1, 4, 10, 23, 57, 132, 301, 701, 1636, 3787, 8512, 20012]...: 8102048: ACCEPTED IN 15 TRIES, (AVG 540136.5333333333)
[1, 4, 10, 23, 57, 132, 301, 701, 1636, 3787, 8512, 20013]...: 8102939: ACCEPTED IN 15 TRIES, (AVG 540195.9333333333)
[1, 4, 10, 23, 57, 132, 301, 701, 1636, 3787, 8512, 20014]...: 9184485: ACCEPTED IN 17 TRIES, (AVG 540263.8235294118)
[1, 4, 10, 23, 57, 132, 301, 701, 1636, 3787, 8512, 20015]...: 10267529: ACCEPTED IN 19 TRIES, (AVG 540396.2631578947)
[1, 4, 10, 23, 57, 132, 301, 701, 1636, 3787, 8512, 20018]...: 4855781: ACCEPTED IN 9 TRIES, (AVG 539531.2222222222)
[1, 4, 10, 23, 57, 132, 301, 701, 1636, 3787, 8512, 20038]...: 7020245: ACCEPTED IN 13 TRIES, (AVG 540018.8461538461)
[1, 4, 10, 23, 57, 132, 301, 701, 1636, 3787, 8512, 20039]...: 5935931: ACCEPTED IN 11 TRIES, (AVG 539630.0909090909)
[1, 4, 10, 23, 57, 132, 301, 701, 1636, 3787, 8512, 20041]...: 9726382: ACCEPTED IN 18 TRIES, (AVG 540354.5555555555)
[1, 4, 10, 23, 57, 132, 301, 701, 1636, 3787, 8512, 20042]...: 5396795: ACCEPTED IN 10 TRIES, (AVG 539679.5)
[1, 4, 10, 23, 57, 132, 301, 701, 1636, 3787, 8512, 20043]...: 8644094: ACCEPTED IN 16 TRIES, (AVG 540255.875)
[1, 4, 10, 23, 57, 132, 301, 701, 1636, 3787, 8512, 20044]...: 4855275: ACCEPTED IN 9 TRIES, (AVG 539475.0)
[1, 4, 10, 23, 57, 132, 301, 701, 1636, 3787, 8512, 20045]...: 6478617: ACCEPTED IN 12 TRIES, (AVG 539884.75)
[1, 4, 10, 23, 57, 132, 301, 701, 1636, 3787, 8512, 20046]...: 9185338: ACCEPTED IN 17 TRIES, (AVG 540314.0)
[1, 4, 10, 23, 57, 132, 301, 701, 1636, 3787, 8512, 20047]...: 5396410: ACCEPTED IN 10 TRIES, (AVG 539641.0)
[1, 4, 10, 23, 57, 132, 301, 701, 1636, 3787, 8512, 20048]...: 8101815: ACCEPTED IN 15 TRIES, (AVG 540121.0)
[1, 4, 10, 23, 57, 132, 301, 701, 1636, 3787, 8512, 20049]...: 12429964: ACCEPTED IN 23 TRIES, (AVG 540433.2173913043)
[1, 4, 10, 23, 57, 132, 301, 701, 1636, 3787, 8512, 20050]...: 9184699: ACCEPTED IN 17 TRIES, (AVG 540276.4117647059)
[1, 4, 10, 23, 57, 132, 301, 701, 1636, 3787, 8512, 20051]...: 8644017: ACCEPTED IN 16 TRIES, (AVG 540251.0625)
[1, 4, 10, 23, 57, 132, 301, 701, 1636, 3787, 8512, 20070]...: 5396944: ACCEPTED IN 10 TRIES, (AVG 539694.4)
[1, 4, 10, 23, 57, 132, 301, 701, 1636, 3787, 8512, 20073]...: 7560359: ACCEPTED IN 14 TRIES, (AVG 540025.6428571428)
[1, 4, 10, 23, 57, 132, 301, 701, 1636, 3787, 8512, 20074]...: 3232377: ACCEPTED IN 6 TRIES, (AVG 538729.5)
[1, 4, 10, 23, 57, 132, 301, 701, 1636, 3787, 8512, 20075]...: 8101173: ACCEPTED IN 15 TRIES, (AVG 540078.2)
[1, 4, 10, 23, 57, 132, 301, 701, 1636, 3787, 8512, 20076]...: 12431466: ACCEPTED IN 23 TRIES, (AVG 540498.5217391305)
[1, 4, 10, 23, 57, 132, 301, 701, 1636, 3787, 8512, 20077]...: 12431149: ACCEPTED IN 23 TRIES, (AVG 540484.7391304348)
[1, 4, 10, 23, 57, 132, 301, 701, 1636, 3787, 8512, 20078]...: 6478317: ACCEPTED IN 12 TRIES, (AVG 539859.75)
[1, 4, 10, 23, 57, 132, 301, 701, 1636, 3787, 8512, 20079]...: 8644298: ACCEPTED IN 16 TRIES, (AVG 540268.625)
[1, 4, 10, 23, 57, 132, 301, 701, 1636, 3787, 8512, 20080]...: 5396642: ACCEPTED IN 10 TRIES, (AVG 539664.2)
[1, 4, 10, 23, 57, 132, 301, 701, 1636, 3787, 8512, 20081]...: 6479391: ACCEPTED IN 12 TRIES, (AVG 539949.25)
[1, 4, 10, 23, 57, 132, 301, 701, 1636, 3787, 8512, 20082]...: 9185225: ACCEPTED IN 17 TRIES, (AVG 540307.3529411765)
[1, 4, 10, 23, 57, 132, 301, 701, 1636, 3787, 8512, 20083]...: 9724378: ACCEPTED IN 18 TRIES, (AVG 540243.2222222222)
[1, 4, 10, 23, 57, 132, 301, 701, 1636, 3787, 8512, 20085]...: 4856157: ACCEPTED IN 9 TRIES, (AVG 539573.0)
[1, 4, 10, 23, 57, 132, 301, 701, 1636, 3787, 8512, 20106]...: 11348431: ACCEPTED IN 21 TRIES, (AVG 540401.4761904762)
[1, 4, 10, 23, 57, 132, 301, 701, 1636, 3787, 8512, 20107]...: 11890955: ACCEPTED IN 22 TRIES, (AVG 540497.9545454546)
[1, 4, 10, 23, 57, 132, 301, 701, 1636, 3787, 8512, 20108]...: 5397134: ACCEPTED IN 10 TRIES, (AVG 539713.4)
[1, 4, 10, 23, 57, 132, 301, 701, 1636, 3787, 8512, 20109]...: 12431593: ACCEPTED IN 23 TRIES, (AVG 540504.0434782609)
[1, 4, 10, 23, 57, 132, 301, 701, 1636, 3787, 8512, 20110]...: 13513428: ACCEPTED IN 25 TRIES, (AVG 540537.12)
[1, 4, 10, 23, 57, 132, 301, 701, 1636, 3787, 8512, 20111]...: 12431860: ACCEPTED IN 23 TRIES, (AVG 540515.6521739131)
[1, 4, 10, 23, 57, 132, 301, 701, 1636, 3787, 8512, 20112]...: 33534858: ACCEPTED IN 62 TRIES, (AVG 540884.8064516129)
[1, 4, 10, 23, 57, 132, 301, 701, 1636, 3787, 8512, 20113]...: 38406574: ACCEPTED IN 71 TRIES, (AVG 540937.661971831)
[1, 4, 10, 23, 57, 132, 301, 701, 1636, 3787, 8512, 20114]...: 7561982: ACCEPTED IN 14 TRIES, (AVG 540141.5714285715)
[1, 4, 10, 23, 57, 132, 301, 701, 1636, 3787, 8512, 20115]...: 8643604: ACCEPTED IN 16 TRIES, (AVG 540225.25)
[1, 4, 10, 23, 57, 132, 301, 701, 1636, 3787, 8512, 20116]...: 6478400: ACCEPTED IN 12 TRIES, (AVG 539866.6666666666)
[1, 4, 10, 23, 57, 132, 301, 701, 1636, 3787, 8512, 20117]...: 5938656: ACCEPTED IN 11 TRIES, (AVG 539877.8181818182)
[1, 4, 10, 23, 57, 132, 301, 701, 1636, 3787, 8512, 20138]...: 10807796: ACCEPTED IN 20 TRIES, (AVG 540389.8)
[1, 4, 10, 23, 57, 132, 301, 701, 1636, 3787, 8512, 20140]...: 5937469: ACCEPTED IN 11 TRIES, (AVG 539769.9090909091)
[1, 4, 10, 23, 57, 132, 301, 701, 1636, 3787, 8512, 20141]...: 9185272: ACCEPTED IN 17 TRIES, (AVG 540310.1176470588)
[1, 4, 10, 23, 57, 132, 301, 701, 1636, 3787, 8512, 20142]...: 4855420: ACCEPTED IN 9 TRIES, (AVG 539491.1111111111)
[1, 4, 10, 23, 57, 132, 301, 701, 1636, 3787, 8512, 20143]...: 6479844: ACCEPTED IN 12 TRIES, (AVG 539987.0)
[1, 4, 10, 23, 57, 132, 301, 701, 1636, 3787, 8512, 20144]...: 4855667: ACCEPTED IN 9 TRIES, (AVG 539518.5555555555)
[1, 4, 10, 23, 57, 132, 301, 701, 1636, 3787, 8512, 20145]...: 18381973: ACCEPTED IN 34 TRIES, (AVG 540646.2647058824)
[1, 4, 10, 23, 57, 132, 301, 701, 1636, 3787, 8512, 20146]...: 6479523: ACCEPTED IN 12 TRIES, (AVG 539960.25)
[1, 4, 10, 23, 57, 132, 301, 701, 1636, 3787, 8512, 20147]...: 11890758: ACCEPTED IN 22 TRIES, (AVG 540489.0)
[1, 4, 10, 23, 57, 132, 301, 701, 1636, 3787, 8512, 20148]...: 15137130: ACCEPTED IN 28 TRIES, (AVG 540611.7857142857)
[1, 4, 10, 23, 57, 132, 301, 701, 1636, 3787, 8512, 20149]...: 4855813: ACCEPTED IN 9 TRIES, (AVG 539534.7777777778)
[1, 4, 10, 23, 57, 132, 301, 701, 1636, 3787, 8512, 20150]...: 7020292: ACCEPTED IN 13 TRIES, (AVG 540022.4615384615)
[1, 4, 10, 23, 57, 132, 301, 701, 1636, 3787, 8512, 20153]...: 5396748: ACCEPTED IN 10 TRIES, (AVG 539674.8)
[1, 4, 10, 23, 57, 132, 301, 701, 1636, 3787, 8512, 20173]...: 9726300: ACCEPTED IN 18 TRIES, (AVG 540350.0)
[1, 4, 10, 23, 57, 132, 301, 701, 1636, 3787, 8512, 20174]...: 5396507: ACCEPTED IN 10 TRIES, (AVG 539650.7)
[1, 4, 10, 23, 57, 132, 301, 701, 1636, 3787, 8512, 20175]...: 4855293: ACCEPTED IN 9 TRIES, (AVG 539477.0)
[1, 4, 10, 23, 57, 132, 301, 701, 1636, 3787, 8512, 20176]...: 8103128: ACCEPTED IN 15 TRIES, (AVG 540208.5333333333)
[1, 4, 10, 23, 57, 132, 301, 701, 1636, 3787, 8512, 20177]...: 6479756: ACCEPTED IN 12 TRIES, (AVG 539979.6666666666)
[1, 4, 10, 23, 57, 132, 301, 701, 1636, 3787, 8512, 20178]...: 5396212: ACCEPTED IN 10 TRIES, (AVG 539621.2)
[1, 4, 10, 23, 57, 132, 301, 701, 1636, 3787, 8512, 20179]...: 15677595: ACCEPTED IN 29 TRIES, (AVG 540606.724137931)
[1, 4, 10, 23, 57, 132, 301, 701, 1636, 3787, 8512, 20180]...: 4855915: ACCEPTED IN 9 TRIES, (AVG 539546.1111111111)
[1, 4, 10, 23, 57, 132, 301, 701, 1636, 3787, 8512, 20181]...: 7560464: ACCEPTED IN 14 TRIES, (AVG 540033.1428571428)
[1, 4, 10, 23, 57, 132, 301, 701, 1636, 3787, 8512, 20182]...: 10807843: ACCEPTED IN 20 TRIES, (AVG 540392.15)
[1, 4, 10, 23, 57, 132, 301, 701, 1636, 3787, 8512, 20183]...: 10267161: ACCEPTED IN 19 TRIES, (AVG 540376.8947368421)
[1, 4, 10, 23, 57, 132, 301, 701, 1636, 3787, 8512, 20184]...: 6479635: ACCEPTED IN 12 TRIES, (AVG 539969.5833333334)
[1, 4, 10, 23, 57, 132, 301, 701, 1636, 3787, 8512, 20205]...: 4314211: ACCEPTED IN 8 TRIES, (AVG 539276.375)
[1, 4, 10, 23, 57, 132, 301, 701, 1636, 3787, 8512, 20207]...: 5397441: ACCEPTED IN 10 TRIES, (AVG 539744.1)
[1, 4, 10, 23, 57, 132, 301, 701, 1636, 3787, 8512, 20208]...: 18922668: ACCEPTED IN 35 TRIES, (AVG 540647.6571428571)
[1, 4, 10, 23, 57, 132, 301, 701, 1636, 3787, 8512, 20209]...: 10267400: ACCEPTED IN 19 TRIES, (AVG 540389.4736842106)
[1, 4, 10, 23, 57, 132, 301, 701, 1636, 3787, 8512, 20210]...: 4855357: ACCEPTED IN 9 TRIES, (AVG 539484.1111111111)
[1, 4, 10, 23, 57, 132, 301, 701, 1636, 3787, 8512, 20211]...: 2690785: ACCEPTED IN 5 TRIES, (AVG 538157.0)
[1, 4, 10, 23, 57, 132, 301, 701, 1636, 3787, 8512, 20212]...: 10267447: ACCEPTED IN 19 TRIES, (AVG 540391.947368421)
[1, 4, 10, 23, 57, 132, 301, 701, 1636, 3787, 8512, 20213]...: 12430178: ACCEPTED IN 23 TRIES, (AVG 540442.5217391305)
[1, 4, 10, 23, 57, 132, 301, 701, 1636, 3787, 8512, 20214]...: 8102838: ACCEPTED IN 15 TRIES, (AVG 540189.2)
[1, 4, 10, 23, 57, 132, 301, 701, 1636, 3787, 8512, 20215]...: 6479210: ACCEPTED IN 12 TRIES, (AVG 539934.1666666666)
[1, 4, 10, 23, 57, 132, 301, 701, 1636, 3787, 8512, 20216]...: 6478866: ACCEPTED IN 12 TRIES, (AVG 539905.5)
[1, 4, 10, 23, 57, 132, 301, 701, 1636, 3787, 8512, 20217]...: 10808540: ACCEPTED IN 20 TRIES, (AVG 540427.0)
[1, 4, 10, 23, 57, 132, 301, 701, 1636, 3787, 8512, 20239]...: 5395432: ACCEPTED IN 10 TRIES, (AVG 539543.2)
[1, 4, 10, 23, 57, 132, 301, 701, 1636, 3787, 8512, 20240]...: 7020250: ACCEPTED IN 13 TRIES, (AVG 540019.2307692308)
[1, 4, 10, 23, 57, 132, 301, 701, 1636, 3787, 8512, 20241]...: 12431816: ACCEPTED IN 23 TRIES, (AVG 540513.7391304348)
[1, 4, 10, 23, 57, 132, 301, 701, 1636, 3787, 8512, 20242]...: 6478891: ACCEPTED IN 12 TRIES, (AVG 539907.5833333334)
[1, 4, 10, 23, 57, 132, 301, 701, 1636, 3787, 8512, 20243]...: 11349608: ACCEPTED IN 21 TRIES, (AVG 540457.5238095238)
[1, 4, 10, 23, 57, 132, 301, 701, 1636, 3787, 8512, 20244]...: 6479385: ACCEPTED IN 12 TRIES, (AVG 539948.75)
[1, 4, 10, 23, 57, 132, 301, 701, 1636, 3787, 8512, 20245]...: 4856443: ACCEPTED IN 9 TRIES, (AVG 539604.7777777778)
[1, 4, 10, 23, 57, 132, 301, 701, 1636, 3787, 8512, 20246]...: 13514346: ACCEPTED IN 25 TRIES, (AVG 540573.84)
[1, 4, 10, 23, 57, 132, 301, 701, 1636, 3787, 8512, 20247]...: 4854785: ACCEPTED IN 9 TRIES, (AVG 539420.5555555555)
[1, 4, 10, 23, 57, 132, 301, 701, 1636, 3787, 8512, 20248]...: 9726466: ACCEPTED IN 18 TRIES, (AVG 540359.2222222222)
[1, 4, 10, 23, 57, 132, 301, 701, 1636, 3787, 8512, 20249]...: 7018754: ACCEPTED IN 13 TRIES, (AVG 539904.1538461539)
[1, 4, 10, 23, 57, 132, 301, 701, 1636, 3787, 8512, 20252]...: 12431064: ACCEPTED IN 23 TRIES, (AVG 540481.0434782609)
[1, 4, 10, 23, 57, 132, 301, 701, 1636, 3787, 8512, 20272]...: 9726175: ACCEPTED IN 18 TRIES, (AVG 540343.0555555555)
[1, 4, 10, 23, 57, 132, 301, 701, 1636, 3787, 8512, 20273]...: 5937213: ACCEPTED IN 11 TRIES, (AVG 539746.6363636364)
[1, 4, 10, 23, 57, 132, 301, 701, 1636, 3787, 8512, 20274]...: 6479142: ACCEPTED IN 12 TRIES, (AVG 539928.5)
[1, 4, 10, 23, 57, 132, 301, 701, 1636, 3787, 8512, 20275]...: 8643290: ACCEPTED IN 16 TRIES, (AVG 540205.625)
[1, 4, 10, 23, 57, 132, 301, 701, 1636, 3787, 8512, 20276]...: 9726110: ACCEPTED IN 18 TRIES, (AVG 540339.4444444445)
[1, 4, 10, 23, 57, 132, 301, 701, 1636, 3787, 8512, 20277]...: 21090255: ACCEPTED IN 39 TRIES, (AVG 540775.7692307692)
[1, 4, 10, 23, 57, 132, 301, 701, 1636, 3787, 8512, 20278]...: 8101334: ACCEPTED IN 15 TRIES, (AVG 540088.9333333333)
[1, 4, 10, 23, 57, 132, 301, 701, 1636, 3787, 8512, 20279]...: 7560335: ACCEPTED IN 14 TRIES, (AVG 540023.9285714285)
[1, 4, 10, 23, 57, 132, 301, 701, 1636, 3787, 8512, 20280]...: 5397285: ACCEPTED IN 10 TRIES, (AVG 539728.5)
[1, 4, 10, 23, 57, 132, 301, 701, 1636, 3787, 8512, 20281]...: 5938292: ACCEPTED IN 11 TRIES, (AVG 539844.7272727273)
[1, 4, 10, 23, 57, 132, 301, 701, 1636, 3787, 8512, 20282]...: 12431221: ACCEPTED IN 23 TRIES, (AVG 540487.8695652174)
[1, 4, 10, 23, 57, 132, 301, 701, 1636, 3787, 8512, 20283]...: 17301004: ACCEPTED IN 32 TRIES, (AVG 540656.375)
[1, 4, 10, 23, 57, 132, 301, 701, 1636, 3787, 8512, 20284]...: 12430592: ACCEPTED IN 23 TRIES, (AVG 540460.5217391305)
[1, 4, 10, 23, 57, 132, 301, 701, 1636, 3787, 8512, 20285]...: 8102260: ACCEPTED IN 15 TRIES, (AVG 540150.6666666666)
[1, 4, 10, 23, 57, 132, 301, 701, 1636, 3787, 8512, 20307]...: 8644153: ACCEPTED IN 16 TRIES, (AVG 540259.5625)
[1, 4, 10, 23, 57, 132, 301, 701, 1636, 3787, 8512, 20308]...: 6475027: ACCEPTED IN 12 TRIES, (AVG 539585.5833333334)
[1, 4, 10, 23, 57, 132, 301, 701, 1636, 3787, 8512, 20309]...: 5938693: ACCEPTED IN 11 TRIES, (AVG 539881.1818181818)
[1, 4, 10, 23, 57, 132, 301, 701, 1636, 3787, 8512, 20310]...: 7562019: ACCEPTED IN 14 TRIES, (AVG 540144.2142857143)
[1, 4, 10, 23, 57, 132, 301, 701, 1636, 3787, 8512, 20311]...: 6479625: ACCEPTED IN 12 TRIES, (AVG 539968.75)
[1, 4, 10, 23, 57, 132, 301, 701, 1636, 3787, 8512, 20312]...: 13514456: ACCEPTED IN 25 TRIES, (AVG 540578.24)
[1, 4, 10, 23, 57, 132, 301, 701, 1636, 3787, 8512, 20313]...: 7019453: ACCEPTED IN 13 TRIES, (AVG 539957.9230769231)
[1, 4, 10, 23, 57, 132, 301, 701, 1636, 3787, 8512, 20314]...: 11349361: ACCEPTED IN 21 TRIES, (AVG 540445.7619047619)
[1, 4, 10, 23, 57, 132, 301, 701, 1636, 3787, 8512, 20315]...: 4854346: ACCEPTED IN 9 TRIES, (AVG 539371.7777777778)
[1, 4, 10, 23, 57, 132, 301, 701, 1636, 3787, 8512, 20316]...: 10808509: ACCEPTED IN 20 TRIES, (AVG 540425.45)
[1, 4, 10, 23, 57, 132, 301, 701, 1636, 3787, 8512, 20319]...: 12431834: ACCEPTED IN 23 TRIES, (AVG 540514.5217391305)
[1, 4, 10, 23, 57, 132, 301, 701, 1636, 3787, 8512, 20339]...: 6479531: ACCEPTED IN 12 TRIES, (AVG 539960.9166666666)
[1, 4, 10, 23, 57, 132, 301, 701, 1636, 3787, 8512, 20340]...: 13513754: ACCEPTED IN 25 TRIES, (AVG 540550.16)
[1, 4, 10, 23, 57, 132, 301, 701, 1636, 3787, 8512, 20342]...: 8102748: ACCEPTED IN 15 TRIES, (AVG 540183.2)
[1, 4, 10, 23, 57, 132, 301, 701, 1636, 3787, 8512, 20343]...: 7561698: ACCEPTED IN 14 TRIES, (AVG 540121.2857142857)
[1, 4, 10, 23, 57, 132, 301, 701, 1636, 3787, 8512, 20344]...: 11890311: ACCEPTED IN 22 TRIES, (AVG 540468.6818181818)
[1, 4, 10, 23, 57, 132, 301, 701, 1636, 3787, 8512, 20345]...: 8100889: ACCEPTED IN 15 TRIES, (AVG 540059.2666666667)
[1, 4, 10, 23, 57, 132, 301, 701, 1636, 3787, 8512, 20346]...: 3233022: ACCEPTED IN 6 TRIES, (AVG 538837.0)
[1, 4, 10, 23, 57, 132, 301, 701, 1636, 3787, 8512, 20347]...: 10808156: ACCEPTED IN 20 TRIES, (AVG 540407.8)
[1, 4, 10, 23, 57, 132, 301, 701, 1636, 3787, 8512, 20348]...: 19466873: ACCEPTED IN 36 TRIES, (AVG 540746.4722222222)
[1, 4, 10, 23, 57, 132, 301, 701, 1636, 3787, 8512, 20349]...: 8102150: ACCEPTED IN 15 TRIES, (AVG 540143.3333333334)
[1, 4, 10, 23, 57, 132, 301, 701, 1636, 3787, 8512, 20350]...: 16219447: ACCEPTED IN 30 TRIES, (AVG 540648.2333333333)
[1, 4, 10, 23, 57, 132, 301, 701, 1636, 3787, 8512, 20351]...: 10266172: ACCEPTED IN 19 TRIES, (AVG 540324.8421052631)
[1, 4, 10, 23, 57, 132, 301, 701, 1636, 3787, 8512, 20371]...: 11349801: ACCEPTED IN 21 TRIES, (AVG 540466.7142857143)
[1, 4, 10, 23, 57, 132, 301, 701, 1636, 3787, 8512, 20374]...: 6478683: ACCEPTED IN 12 TRIES, (AVG 539890.25)
[1, 4, 10, 23, 57, 132, 301, 701, 1636, 3787, 8512, 20375]...: 5396545: ACCEPTED IN 10 TRIES, (AVG 539654.5)
[1, 4, 10, 23, 57, 132, 301, 701, 1636, 3787, 8512, 20376]...: 5937791: ACCEPTED IN 11 TRIES, (AVG 539799.1818181818)
[1, 4, 10, 23, 57, 132, 301, 701, 1636, 3787, 8512, 20377]...: 11889222: ACCEPTED IN 22 TRIES, (AVG 540419.1818181818)
[1, 4, 10, 23, 57, 132, 301, 701, 1636, 3787, 8512, 20378]...: 16761078: ACCEPTED IN 31 TRIES, (AVG 540679.9354838709)
[1, 4, 10, 23, 57, 132, 301, 701, 1636, 3787, 8512, 20379]...: 8101706: ACCEPTED IN 15 TRIES, (AVG 540113.7333333333)
[1, 4, 10, 23, 57, 132, 301, 701, 1636, 3787, 8512, 20380]...: 8102984: ACCEPTED IN 15 TRIES, (AVG 540198.9333333333)
[1, 4, 10, 23, 57, 132, 301, 701, 1636, 3787, 8512, 20381]...: 9184666: ACCEPTED IN 17 TRIES, (AVG 540274.4705882353)
[1, 4, 10, 23, 57, 132, 301, 701, 1636, 3787, 8512, 20382]...: 9726126: ACCEPTED IN 18 TRIES, (AVG 540340.3333333334)
[1, 4, 10, 23, 57, 132, 301, 701, 1636, 3787, 8512, 20383]...: 10808887: ACCEPTED IN 20 TRIES, (AVG 540444.35)
[1, 4, 10, 23, 57, 132, 301, 701, 1636, 3787, 8512, 20384]...: 10265953: ACCEPTED IN 19 TRIES, (AVG 540313.3157894737)
[1, 4, 10, 23, 57, 132, 301, 701, 1636, 3787, 8512, 20406]...: 11349280: ACCEPTED IN 21 TRIES, (AVG 540441.9047619047)
[1, 4, 10, 23, 57, 132, 301, 701, 1636, 3787, 8512, 20407]...: 5935219: ACCEPTED IN 11 TRIES, (AVG 539565.3636363636)
[1, 4, 10, 23, 57, 132, 301, 701, 1636, 3787, 8512, 20408]...: 11889962: ACCEPTED IN 22 TRIES, (AVG 540452.8181818182)
[1, 4, 10, 23, 57, 132, 301, 701, 1636, 3787, 8512, 20409]...: 8644391: ACCEPTED IN 16 TRIES, (AVG 540274.4375)
[1, 4, 10, 23, 57, 132, 301, 701, 1636, 3787, 8512, 20410]...: 8102980: ACCEPTED IN 15 TRIES, (AVG 540198.6666666666)
[1, 4, 10, 23, 57, 132, 301, 701, 1636, 3787, 8512, 20411]...: 14595929: ACCEPTED IN 27 TRIES, (AVG 540589.9629629629)
[1, 4, 10, 23, 57, 132, 301, 701, 1636, 3787, 8512, 20412]...: 7020130: ACCEPTED IN 13 TRIES, (AVG 540010.0)
[1, 4, 10, 23, 57, 132, 301, 701, 1636, 3787, 8512, 20413]...: 7020428: ACCEPTED IN 13 TRIES, (AVG 540032.9230769231)
[1, 4, 10, 23, 57, 132, 301, 701, 1636, 3787, 8512, 20414]...: 7560481: ACCEPTED IN 14 TRIES, (AVG 540034.3571428572)
[1, 4, 10, 23, 57, 132, 301, 701, 1636, 3787, 8512, 20415]...: 16759383: ACCEPTED IN 31 TRIES, (AVG 540625.2580645161)
[1, 4, 10, 23, 57, 132, 301, 701, 1636, 3787, 8512, 20416]...: 5397041: ACCEPTED IN 10 TRIES, (AVG 539704.1)
[1, 4, 10, 23, 57, 132, 301, 701, 1636, 3787, 8512, 20417]...: 8101673: ACCEPTED IN 15 TRIES, (AVG 540111.5333333333)
[1, 4, 10, 23, 57, 132, 301, 701, 1636, 3787, 8512, 20418]...: 9725968: ACCEPTED IN 18 TRIES, (AVG 540331.5555555555)
