[1, 4, 10, 23, 57, 132, 301, 701, 1636, 3724, 8725, 19204]...: 9726419: ACCEPTED IN 18 TRIES, (AVG 540356.6111111111)
[1, 4, 10, 23, 57, 132, 301, 701, 1636, 3724, 8725, 19208]...: 15137966: ACCEPTED IN 28 TRIES, (AVG 540641.6428571428)
[1, 4, 10, 23, 57, 132, 301, 701, 1636, 3724, 8725, 19209]...: 12972486: ACCEPTED IN 24 TRIES, (AVG 540520.25)
[1, 4, 10, 23, 57, 132, 301, 701, 1636, 3724, 8725, 19241]...: 7560666: ACCEPTED IN 14 TRIES, (AVG 540047.5714285715)
[1, 4, 10, 23, 57, 132, 301, 701, 1636, 3724, 8725, 19242]...: 12432179: ACCEPTED IN 23 TRIES, (AVG 540529.5217391305)
[1, 4, 10, 23, 57, 132, 301, 701, 1636, 3724, 8725, 19274]...: 7019173: ACCEPTED IN 13 TRIES, (AVG 539936.3846153846)
[1, 4, 10, 23, 57, 132, 301, 701, 1636, 3724, 8725, 19275]...: 7561426: ACCEPTED IN 14 TRIES, (AVG 540101.8571428572)
[1, 4, 10, 23, 57, 132, 301, 701, 1636, 3724, 8725, 19299]...: 19465114: ACCEPTED IN 36 TRIES, (AVG 540697.6111111111)
[1, 4, 10, 23, 57, 132, 301, 701, 1636, 3724, 8725, 19306]...: 9726032: ACCEPTED IN 18 TRIES, (AVG 540335.1111111111)
[1, 4, 10, 23, 57, 132, 301, 701, 1636, 3724, 8725, 19307]...: 12971830: ACCEPTED IN 24 TRIES, (AVG 540492.9166666666)
[1, 4, 10, 23, 57, 132, 301, 701, 1636, 3724, 8725, 19312]...: 6479675: ACCEPTED IN 12 TRIES, (AVG 539972.9166666666)
[1, 4, 10, 23, 57, 132, 301, 701, 1636, 3724, 8725, 19341]...: 11890283: ACCEPTED IN 22 TRIES, (AVG 540467.4090909091)
[1, 4, 10, 23, 57, 132, 301, 701, 1636, 3724, 8725, 19343]...: 8103193: ACCEPTED IN 15 TRIES, (AVG 540212.8666666667)
[1, 4, 10, 23, 57, 132, 301, 701, 1636, 3724, 8725, 19344]...: 20006988: ACCEPTED IN 37 TRIES, (AVG 540729.4054054054)
[1, 4, 10, 23, 57, 132, 301, 701, 1636, 3724, 8725, 19373]...: 4855305: ACCEPTED IN 9 TRIES, (AVG 539478.3333333334)
[1, 4, 10, 23, 57, 132, 301, 701, 1636, 3724, 8725, 19374]...: 8644207: ACCEPTED IN 16 TRIES, (AVG 540262.9375)
[1, 4, 10, 23, 57, 132, 301, 701, 1636, 3724, 8725, 19406]...: 19465458: ACCEPTED IN 36 TRIES, (AVG 540707.1666666666)
[1, 4, 10, 23, 57, 132, 301, 701, 1636, 3724, 8725, 19411]...: 8643781: ACCEPTED IN 16 TRIES, (AVG 540236.3125)
[1, 4, 10, 23, 57, 132, 301, 701, 1636, 3724, 8725, 19431]...: 11350078: ACCEPTED IN 21 TRIES, (AVG 540479.9047619047)
[1, 4, 10, 23, 57, 132, 301, 701, 1636, 3724, 8725, 19442]...: 5396212: ACCEPTED IN 10 TRIES, (AVG 539621.2)
[1, 4, 10, 23, 57, 132, 301, 701, 1636, 3724, 8725, 19443]...: 7561442: ACCEPTED IN 14 TRIES, (AVG 540103.0)
[1, 4, 10, 23, 57, 132, 301, 701, 1636, 3724, 8725, 19444]...: 14596825: ACCEPTED IN 27 TRIES, (AVG 540623.1481481482)
[1, 4, 10, 23, 57, 132, 301, 701, 1636, 3724, 8725, 19473]...: 15137654: ACCEPTED IN 28 TRIES, (AVG 540630.5)
[1, 4, 10, 23, 57, 132, 301, 701, 1636, 3724, 8725, 19475]...: 20006714: ACCEPTED IN 37 TRIES, (AVG 540722.0)
[1, 4, 10, 23, 57, 132, 301, 701, 1636, 3724, 8725, 19476]...: 35159953: ACCEPTED IN 65 TRIES, (AVG 540922.3538461538)
[1, 4, 10, 23, 57, 132, 301, 701, 1636, 3724, 8725, 19505]...: 19466743: ACCEPTED IN 36 TRIES, (AVG 540742.8611111111)
[1, 4, 10, 23, 57, 132, 301, 701, 1636, 3724, 8725, 19509]...: 16219806: ACCEPTED IN 30 TRIES, (AVG 540660.2)
[1, 4, 10, 23, 57, 132, 301, 701, 1636, 3724, 8725, 19510]...: 18384358: ACCEPTED IN 34 TRIES, (AVG 540716.4117647059)
[1, 4, 10, 23, 57, 132, 301, 701, 1636, 3724, 8725, 19542]...: 18925623: ACCEPTED IN 35 TRIES, (AVG 540732.0857142857)
[1, 4, 10, 23, 57, 132, 301, 701, 1636, 3724, 8725, 19543]...: 5937999: ACCEPTED IN 11 TRIES, (AVG 539818.0909090909)
[1, 4, 10, 23, 57, 132, 301, 701, 1636, 3724, 8725, 19574]...: 21090420: ACCEPTED IN 39 TRIES, (AVG 540780.0)
[1, 4, 10, 23, 57, 132, 301, 701, 1636, 3724, 8725, 19575]...: 15136663: ACCEPTED IN 28 TRIES, (AVG 540595.1071428572)
[1, 4, 10, 23, 57, 132, 301, 701, 1636, 3724, 8725, 19576]...: 14055196: ACCEPTED IN 26 TRIES, (AVG 540584.4615384615)
[1, 4, 10, 23, 57, 132, 301, 701, 1636, 3724, 8725, 19607]...: 21631002: ACCEPTED IN 40 TRIES, (AVG 540775.05)
[1, 4, 10, 23, 57, 132, 301, 701, 1636, 3724, 8725, 19608]...: 8644241: ACCEPTED IN 16 TRIES, (AVG 540265.0625)
[1, 4, 10, 23, 57, 132, 301, 701, 1636, 3724, 8725, 19609]...: 7562102: ACCEPTED IN 14 TRIES, (AVG 540150.1428571428)
[1, 4, 10, 23, 57, 132, 301, 701, 1636, 3724, 8725, 19642]...: 17300994: ACCEPTED IN 32 TRIES, (AVG 540656.0625)
[1, 4, 10, 23, 57, 132, 301, 701, 1636, 3724, 8725, 19645]...: 9725684: ACCEPTED IN 18 TRIES, (AVG 540315.7777777778)
[1, 4, 10, 23, 57, 132, 301, 701, 1636, 3724, 8725, 19674]...: 27581339: ACCEPTED IN 51 TRIES, (AVG 540810.568627451)
[1, 4, 10, 23, 57, 132, 301, 701, 1636, 3724, 8725, 19675]...: 10267304: ACCEPTED IN 19 TRIES, (AVG 540384.4210526316)
[1, 4, 10, 23, 57, 132, 301, 701, 1636, 3724, 8725, 19706]...: 7560847: ACCEPTED IN 14 TRIES, (AVG 540060.5)
[1, 4, 10, 23, 57, 132, 301, 701, 1636, 3724, 8725, 19707]...: 7561240: ACCEPTED IN 14 TRIES, (AVG 540088.5714285715)
[1, 4, 10, 23, 57, 132, 301, 701, 1636, 3724, 8725, 19712]...: 9726288: ACCEPTED IN 18 TRIES, (AVG 540349.3333333334)
[1, 4, 10, 23, 57, 132, 301, 701, 1636, 3724, 8725, 19741]...: 17302336: ACCEPTED IN 32 TRIES, (AVG 540698.0)
[1, 4, 10, 23, 57, 132, 301, 701, 1636, 3724, 8725, 19743]...: 8103105: ACCEPTED IN 15 TRIES, (AVG 540207.0)
[1, 4, 10, 23, 57, 132, 301, 701, 1636, 3724, 8725, 19744]...: 8103080: ACCEPTED IN 15 TRIES, (AVG 540205.3333333334)
[1, 4, 10, 23, 57, 132, 301, 701, 1636, 3724, 8725, 19774]...: 5937783: ACCEPTED IN 11 TRIES, (AVG 539798.4545454546)
[1, 4, 10, 23, 57, 132, 301, 701, 1636, 3724, 8725, 19776]...: 7560179: ACCEPTED IN 14 TRIES, (AVG 540012.7857142857)
[1, 4, 10, 23, 57, 132, 301, 701, 1636, 3724, 8725, 19777]...: 12973480: ACCEPTED IN 24 TRIES, (AVG 540561.6666666666)
[1, 4, 10, 23, 57, 132, 301, 701, 1636, 3724, 8725, 19806]...: 8102176: ACCEPTED IN 15 TRIES, (AVG 540145.0666666667)
[1, 4, 10, 23, 57, 132, 301, 701, 1636, 3724, 8725, 19810]...: 17301656: ACCEPTED IN 32 TRIES, (AVG 540676.75)
[1, 4, 10, 23, 57, 132, 301, 701, 1636, 3724, 8725, 19811]...: 9726186: ACCEPTED IN 18 TRIES, (AVG 540343.6666666666)
[1, 4, 10, 23, 57, 132, 301, 701, 1636, 3724, 8725, 19843]...: 12971741: ACCEPTED IN 24 TRIES, (AVG 540489.2083333334)
[1, 4, 10, 23, 57, 132, 301, 701, 1636, 3724, 8725, 19844]...: 9184205: ACCEPTED IN 17 TRIES, (AVG 540247.3529411765)
[1, 4, 10, 23, 57, 132, 301, 701, 1636, 3724, 8725, 19873]...: 9185520: ACCEPTED IN 17 TRIES, (AVG 540324.7058823529)
[1, 4, 10, 23, 57, 132, 301, 701, 1636, 3724, 8725, 19875]...: 5396843: ACCEPTED IN 10 TRIES, (AVG 539684.3)
[1, 4, 10, 23, 57, 132, 301, 701, 1636, 3724, 8725, 19876]...: 12973471: ACCEPTED IN 24 TRIES, (AVG 540561.2916666666)
[1, 4, 10, 23, 57, 132, 301, 701, 1636, 3724, 8725, 19908]...: 8102624: ACCEPTED IN 15 TRIES, (AVG 540174.9333333333)
[1, 4, 10, 23, 57, 132, 301, 701, 1636, 3724, 8725, 19909]...: 12971779: ACCEPTED IN 24 TRIES, (AVG 540490.7916666666)
[1, 4, 10, 23, 57, 132, 301, 701, 1636, 3724, 8725, 19910]...: 9725315: ACCEPTED IN 18 TRIES, (AVG 540295.2777777778)
[1, 4, 10, 23, 57, 132, 301, 701, 1636, 3724, 8725, 19943]...: 18925768: ACCEPTED IN 35 TRIES, (AVG 540736.2285714286)
[1, 4, 10, 23, 57, 132, 301, 701, 1636, 3724, 8725, 19946]...: 8642886: ACCEPTED IN 16 TRIES, (AVG 540180.375)
[1, 4, 10, 23, 57, 132, 301, 701, 1636, 3724, 8725, 19975]...: 9726415: ACCEPTED IN 18 TRIES, (AVG 540356.3888888889)
[1, 4, 10, 23, 57, 132, 301, 701, 1636, 3724, 8725, 19976]...: 11891050: ACCEPTED IN 22 TRIES, (AVG 540502.2727272727)
[1, 4, 10, 23, 57, 132, 301, 701, 1636, 3724, 8725, 20007]...: 7560744: ACCEPTED IN 14 TRIES, (AVG 540053.1428571428)
[1, 4, 10, 23, 57, 132, 301, 701, 1636, 3724, 8725, 20008]...: 7020210: ACCEPTED IN 13 TRIES, (AVG 540016.1538461539)
[1, 4, 10, 23, 57, 132, 301, 701, 1636, 3724, 8725, 20013]...: 9185187: ACCEPTED IN 17 TRIES, (AVG 540305.1176470588)
[1, 4, 10, 23, 57, 132, 301, 701, 1636, 3724, 8725, 20042]...: 6477089: ACCEPTED IN 12 TRIES, (AVG 539757.4166666666)
[1, 4, 10, 23, 57, 132, 301, 701, 1636, 3724, 8725, 20044]...: 3773936: ACCEPTED IN 7 TRIES, (AVG 539133.7142857143)
[1, 4, 10, 23, 57, 132, 301, 701, 1636, 3724, 8725, 20045]...: 7561402: ACCEPTED IN 14 TRIES, (AVG 540100.1428571428)
[1, 4, 10, 23, 57, 132, 301, 701, 1636, 3724, 8725, 20075]...: 5936542: ACCEPTED IN 11 TRIES, (AVG 539685.6363636364)
[1, 4, 10, 23, 57, 132, 301, 701, 1636, 3724, 8725, 20077]...: 9184208: ACCEPTED IN 17 TRIES, (AVG 540247.5294117647)
[1, 4, 10, 23, 57, 132, 301, 701, 1636, 3724, 8725, 20078]...: 3770873: ACCEPTED IN 7 TRIES, (AVG 538696.1428571428)
[1, 4, 10, 23, 57, 132, 301, 701, 1636, 3724, 8725, 20107]...: 7560650: ACCEPTED IN 14 TRIES, (AVG 540046.4285714285)
[1, 4, 10, 23, 57, 132, 301, 701, 1636, 3724, 8725, 20112]...: 5397339: ACCEPTED IN 10 TRIES, (AVG 539733.9)
[1, 4, 10, 23, 57, 132, 301, 701, 1636, 3724, 8725, 20143]...: 7559363: ACCEPTED IN 14 TRIES, (AVG 539954.5)
[1, 4, 10, 23, 57, 132, 301, 701, 1636, 3724, 8725, 20144]...: 11889706: ACCEPTED IN 22 TRIES, (AVG 540441.1818181818)
[1, 4, 10, 23, 57, 132, 301, 701, 1636, 3724, 8725, 20145]...: 5938165: ACCEPTED IN 11 TRIES, (AVG 539833.1818181818)
[1, 4, 10, 23, 57, 132, 301, 701, 1636, 3724, 8725, 20174]...: 9181827: ACCEPTED IN 17 TRIES, (AVG 540107.4705882353)
[1, 4, 10, 23, 57, 132, 301, 701, 1636, 3724, 8725, 20176]...: 10265975: ACCEPTED IN 19 TRIES, (AVG 540314.4736842106)
[1, 4, 10, 23, 57, 132, 301, 701, 1636, 3724, 8725, 20177]...: 5396722: ACCEPTED IN 10 TRIES, (AVG 539672.2)
[1, 4, 10, 23, 57, 132, 301, 701, 1636, 3724, 8725, 20209]...: 11889765: ACCEPTED IN 22 TRIES, (AVG 540443.8636363636)
[1, 4, 10, 23, 57, 132, 301, 701, 1636, 3724, 8725, 20210]...: 9183345: ACCEPTED IN 17 TRIES, (AVG 540196.7647058824)
[1, 4, 10, 23, 57, 132, 301, 701, 1636, 3724, 8725, 20211]...: 10808282: ACCEPTED IN 20 TRIES, (AVG 540414.1)
[1, 4, 10, 23, 57, 132, 301, 701, 1636, 3724, 8725, 20244]...: 8642678: ACCEPTED IN 16 TRIES, (AVG 540167.375)
[1, 4, 10, 23, 57, 132, 301, 701, 1636, 3724, 8725, 20247]...: 4312652: ACCEPTED IN 8 TRIES, (AVG 539081.5)
[1, 4, 10, 23, 57, 132, 301, 701, 1636, 3724, 8725, 20275]...: 5938472: ACCEPTED IN 11 TRIES, (AVG 539861.0909090909)
[1, 4, 10, 23, 57, 132, 301, 701, 1636, 3724, 8725, 20276]...: 8101794: ACCEPTED IN 15 TRIES, (AVG 540119.6)
[1, 4, 10, 23, 57, 132, 301, 701, 1636, 3724, 8725, 20277]...: 8101740: ACCEPTED IN 15 TRIES, (AVG 540116.0)
[1, 4, 10, 23, 57, 132, 301, 701, 1636, 3724, 8725, 20308]...: 8643965: ACCEPTED IN 16 TRIES, (AVG 540247.8125)
[1, 4, 10, 23, 57, 132, 301, 701, 1636, 3724, 8725, 20309]...: 4314643: ACCEPTED IN 8 TRIES, (AVG 539330.375)
[1, 4, 10, 23, 57, 132, 301, 701, 1636, 3724, 8725, 20310]...: 4315214: ACCEPTED IN 8 TRIES, (AVG 539401.75)
[1, 4, 10, 23, 57, 132, 301, 701, 1636, 3724, 8725, 20343]...: 8101233: ACCEPTED IN 15 TRIES, (AVG 540082.2)
[1, 4, 10, 23, 57, 132, 301, 701, 1636, 3724, 8725, 20346]...: 7019841: ACCEPTED IN 13 TRIES, (AVG 539987.7692307692)
[1, 4, 10, 23, 57, 132, 301, 701, 1636, 3724, 8725, 20376]...: 10808671: ACCEPTED IN 20 TRIES, (AVG 540433.55)
[1, 4, 10, 23, 57, 132, 301, 701, 1636, 3724, 8725, 20377]...: 5937997: ACCEPTED IN 11 TRIES, (AVG 539817.9090909091)
[1, 4, 10, 23, 57, 132, 301, 701, 1636, 3724, 8725, 20378]...: 10808746: ACCEPTED IN 20 TRIES, (AVG 540437.3)
[1, 4, 10, 23, 57, 132, 301, 701, 1636, 3724, 8725, 20379]...: 8643339: ACCEPTED IN 16 TRIES, (AVG 540208.6875)
[1, 4, 10, 23, 57, 132, 301, 701, 1636, 3724, 8725, 20407]...: 4315018: ACCEPTED IN 8 TRIES, (AVG 539377.25)
[1, 4, 10, 23, 57, 132, 301, 701, 1636, 3724, 8725, 20408]...: 5396225: ACCEPTED IN 10 TRIES, (AVG 539622.5)
[1, 4, 10, 23, 57, 132, 301, 701, 1636, 3724, 8725, 20413]...: 5396034: ACCEPTED IN 10 TRIES, (AVG 539603.4)
[1, 4, 10, 23, 57, 132, 301, 701, 1636, 3724, 8725, 20442]...: 8644252: ACCEPTED IN 16 TRIES, (AVG 540265.75)
[1, 4, 10, 23, 57, 132, 301, 701, 1636, 3724, 8725, 20444]...: 5397002: ACCEPTED IN 10 TRIES, (AVG 539700.2)
[1, 4, 10, 23, 57, 132, 301, 701, 1636, 3724, 8725, 20445]...: 9725992: ACCEPTED IN 18 TRIES, (AVG 540332.8888888889)
[1, 4, 10, 23, 57, 132, 301, 701, 1636, 3724, 8725, 20475]...: 8643396: ACCEPTED IN 16 TRIES, (AVG 540212.25)
[1, 4, 10, 23, 57, 132, 301, 701, 1636, 3724, 8725, 20477]...: 10266809: ACCEPTED IN 19 TRIES, (AVG 540358.3684210526)
[1, 4, 10, 23, 57, 132, 301, 701, 1636, 3724, 8725, 20478]...: 12431346: ACCEPTED IN 23 TRIES, (AVG 540493.304347826)
[1, 4, 10, 23, 57, 132, 301, 701, 1636, 3724, 8725, 20509]...: 8102331: ACCEPTED IN 15 TRIES, (AVG 540155.4)
[1, 4, 10, 23, 57, 132, 301, 701, 1636, 3724, 8725, 20510]...: 8643844: ACCEPTED IN 16 TRIES, (AVG 540240.25)
[1, 4, 10, 23, 57, 132, 301, 701, 1636, 3724, 8725, 20511]...: 8642919: ACCEPTED IN 16 TRIES, (AVG 540182.4375)
[1, 4, 10, 23, 57, 132, 301, 701, 1636, 3724, 8725, 20512]...: 10808702: ACCEPTED IN 20 TRIES, (AVG 540435.1)
[1, 4, 10, 23, 57, 132, 301, 701, 1636, 3724, 8725, 20544]...: 12970117: ACCEPTED IN 24 TRIES, (AVG 540421.5416666666)
[1, 4, 10, 23, 57, 132, 301, 701, 1636, 3724, 8725, 20545]...: 5937921: ACCEPTED IN 11 TRIES, (AVG 539811.0)
[1, 4, 10, 23, 57, 132, 301, 701, 1636, 3724, 8725, 20574]...: 5937381: ACCEPTED IN 11 TRIES, (AVG 539761.9090909091)
[1, 4, 10, 23, 57, 132, 301, 701, 1636, 3724, 8725, 20576]...: 5395596: ACCEPTED IN 10 TRIES, (AVG 539559.6)
[1, 4, 10, 23, 57, 132, 301, 701, 1636, 3724, 8725, 20577]...: 9184980: ACCEPTED IN 17 TRIES, (AVG 540292.9411764706)
[1, 4, 10, 23, 57, 132, 301, 701, 1636, 3724, 8725, 20609]...: 11349465: ACCEPTED IN 21 TRIES, (AVG 540450.7142857143)
[1, 4, 10, 23, 57, 132, 301, 701, 1636, 3724, 8725, 20610]...: 8102716: ACCEPTED IN 15 TRIES, (AVG 540181.0666666667)
[1, 4, 10, 23, 57, 132, 301, 701, 1636, 3724, 8725, 20611]...: 8102962: ACCEPTED IN 15 TRIES, (AVG 540197.4666666667)
[1, 4, 10, 23, 57, 132, 301, 701, 1636, 3724, 8725, 20641]...: 8103246: ACCEPTED IN 15 TRIES, (AVG 540216.4)
[1, 4, 10, 23, 57, 132, 301, 701, 1636, 3724, 8725, 20644]...: 8643809: ACCEPTED IN 16 TRIES, (AVG 540238.0625)
[1, 4, 10, 23, 57, 132, 301, 701, 1636, 3724, 8725, 20647]...: 7561341: ACCEPTED IN 14 TRIES, (AVG 540095.7857142857)
[1, 4, 10, 23, 57, 132, 301, 701, 1636, 3724, 8725, 20676]...: 12431473: ACCEPTED IN 23 TRIES, (AVG 540498.8260869565)
[1, 4, 10, 23, 57, 132, 301, 701, 1636, 3724, 8725, 20677]...: 5934886: ACCEPTED IN 11 TRIES, (AVG 539535.0909090909)
[1, 4, 10, 23, 57, 132, 301, 701, 1636, 3724, 8725, 20678]...: 9184023: ACCEPTED IN 17 TRIES, (AVG 540236.6470588235)
[1, 4, 10, 23, 57, 132, 301, 701, 1636, 3724, 8725, 20679]...: 6478655: ACCEPTED IN 12 TRIES, (AVG 539887.9166666666)
[1, 4, 10, 23, 57, 132, 301, 701, 1636, 3724, 8725, 20708]...: 9726531: ACCEPTED IN 18 TRIES, (AVG 540362.8333333334)
[1, 4, 10, 23, 57, 132, 301, 701, 1636, 3724, 8725, 20709]...: 5397120: ACCEPTED IN 10 TRIES, (AVG 539712.0)
[1, 4, 10, 23, 57, 132, 301, 701, 1636, 3724, 8725, 20714]...: 9725600: ACCEPTED IN 18 TRIES, (AVG 540311.1111111111)
[1, 4, 10, 23, 57, 132, 301, 701, 1636, 3724, 8725, 20743]...: 4312501: ACCEPTED IN 8 TRIES, (AVG 539062.625)
[1, 4, 10, 23, 57, 132, 301, 701, 1636, 3724, 8725, 20745]...: 8102828: ACCEPTED IN 15 TRIES, (AVG 540188.5333333333)
[1, 4, 10, 23, 57, 132, 301, 701, 1636, 3724, 8725, 20746]...: 8643910: ACCEPTED IN 16 TRIES, (AVG 540244.375)
[1, 4, 10, 23, 57, 132, 301, 701, 1636, 3724, 8725, 20776]...: 5935277: ACCEPTED IN 11 TRIES, (AVG 539570.6363636364)
[1, 4, 10, 23, 57, 132, 301, 701, 1636, 3724, 8725, 20778]...: 5396990: ACCEPTED IN 10 TRIES, (AVG 539699.0)
[1, 4, 10, 23, 57, 132, 301, 701, 1636, 3724, 8725, 20779]...: 8643153: ACCEPTED IN 16 TRIES, (AVG 540197.0625)
[1, 4, 10, 23, 57, 132, 301, 701, 1636, 3724, 8725, 20808]...: 9184173: ACCEPTED IN 17 TRIES, (AVG 540245.4705882353)
[1, 4, 10, 23, 57, 132, 301, 701, 1636, 3724, 8725, 20810]...: 5937837: ACCEPTED IN 11 TRIES, (AVG 539803.3636363636)
[1, 4, 10, 23, 57, 132, 301, 701, 1636, 3724, 8725, 20811]...: 17300478: ACCEPTED IN 32 TRIES, (AVG 540639.9375)
[1, 4, 10, 23, 57, 132, 301, 701, 1636, 3724, 8725, 20813]...: 9183002: ACCEPTED IN 17 TRIES, (AVG 540176.5882352941)
[1, 4, 10, 23, 57, 132, 301, 701, 1636, 3724, 8725, 20844]...: 4314258: ACCEPTED IN 8 TRIES, (AVG 539282.25)
[1, 4, 10, 23, 57, 132, 301, 701, 1636, 3724, 8725, 20845]...: 4314728: ACCEPTED IN 8 TRIES, (AVG 539341.0)
[1, 4, 10, 23, 57, 132, 301, 701, 1636, 3724, 8725, 20846]...: 5397235: ACCEPTED IN 10 TRIES, (AVG 539723.5)
[1, 4, 10, 23, 57, 132, 301, 701, 1636, 3724, 8725, 20875]...: 5397222: ACCEPTED IN 10 TRIES, (AVG 539722.2)
[1, 4, 10, 23, 57, 132, 301, 701, 1636, 3724, 8725, 20877]...: 7020704: ACCEPTED IN 13 TRIES, (AVG 540054.1538461539)
[1, 4, 10, 23, 57, 132, 301, 701, 1636, 3724, 8725, 20878]...: 7020816: ACCEPTED IN 13 TRIES, (AVG 540062.7692307692)
[1, 4, 10, 23, 57, 132, 301, 701, 1636, 3724, 8725, 20910]...: 4313824: ACCEPTED IN 8 TRIES, (AVG 539228.0)
[1, 4, 10, 23, 57, 132, 301, 701, 1636, 3724, 8725, 20911]...: 3772393: ACCEPTED IN 7 TRIES, (AVG 538913.2857142857)
[1, 4, 10, 23, 57, 132, 301, 701, 1636, 3724, 8725, 20912]...: 9726420: ACCEPTED IN 18 TRIES, (AVG 540356.6666666666)
