[1, 4, 10, 23, 57, 132, 301, 701, 1636, 3723, 8901, 19616]...: 17302433: ACCEPTED IN 32 TRIES, (AVG 540701.03125)
[1, 4, 10, 23, 57, 132, 301, 701, 1636, 3723, 8901, 19648]...: 14054841: ACCEPTED IN 26 TRIES, (AVG 540570.8076923077)
[1, 4, 10, 23, 57, 132, 301, 701, 1636, 3723, 8901, 19695]...: 12430753: ACCEPTED IN 23 TRIES, (AVG 540467.5217391305)
[1, 4, 10, 23, 57, 132, 301, 701, 1636, 3723, 8901, 19715]...: 14596884: ACCEPTED IN 27 TRIES, (AVG 540625.3333333334)
[1, 4, 10, 23, 57, 132, 301, 701, 1636, 3723, 8901, 19747]...: 9182739: ACCEPTED IN 17 TRIES, (AVG 540161.1176470588)
[1, 4, 10, 23, 57, 132, 301, 701, 1636, 3723, 8901, 19783]...: 6478781: ACCEPTED IN 12 TRIES, (AVG 539898.4166666666)
[1, 4, 10, 23, 57, 132, 301, 701, 1636, 3723, 8901, 19814]...: 9185179: ACCEPTED IN 17 TRIES, (AVG 540304.6470588235)
[1, 4, 10, 23, 57, 132, 301, 701, 1636, 3723, 8901, 19850]...: 16758298: ACCEPTED IN 31 TRIES, (AVG 540590.2580645161)
[1, 4, 10, 23, 57, 132, 301, 701, 1636, 3723, 8901, 19882]...: 14055407: ACCEPTED IN 26 TRIES, (AVG 540592.5769230769)
[1, 4, 10, 23, 57, 132, 301, 701, 1636, 3723, 8901, 19913]...: 8644291: ACCEPTED IN 16 TRIES, (AVG 540268.1875)
[1, 4, 10, 23, 57, 132, 301, 701, 1636, 3723, 8901, 19917]...: 12431226: ACCEPTED IN 23 TRIES, (AVG 540488.0869565217)
[1, 4, 10, 23, 57, 132, 301, 701, 1636, 3723, 8901, 19949]...: 15679140: ACCEPTED IN 29 TRIES, (AVG 540660.0)
[1, 4, 10, 23, 57, 132, 301, 701, 1636, 3723, 8901, 20016]...: 14053396: ACCEPTED IN 26 TRIES, (AVG 540515.2307692308)
[1, 4, 10, 23, 57, 132, 301, 701, 1636, 3723, 8901, 20048]...: 11890694: ACCEPTED IN 22 TRIES, (AVG 540486.0909090909)
[1, 4, 10, 23, 57, 132, 301, 701, 1636, 3723, 8901, 20084]...: 12429891: ACCEPTED IN 23 TRIES, (AVG 540430.0434782609)
[1, 4, 10, 23, 57, 132, 301, 701, 1636, 3723, 8901, 20115]...: 9184655: ACCEPTED IN 17 TRIES, (AVG 540273.8235294118)
[1, 4, 10, 23, 57, 132, 301, 701, 1636, 3723, 8901, 20147]...: 11891186: ACCEPTED IN 22 TRIES, (AVG 540508.4545454546)
[1, 4, 10, 23, 57, 132, 301, 701, 1636, 3723, 8901, 20151]...: 6477669: ACCEPTED IN 12 TRIES, (AVG 539805.75)
[1, 4, 10, 23, 57, 132, 301, 701, 1636, 3723, 8901, 20183]...: 11348069: ACCEPTED IN 21 TRIES, (AVG 540384.2380952381)
[1, 4, 10, 23, 57, 132, 301, 701, 1636, 3723, 8901, 20214]...: 3774169: ACCEPTED IN 7 TRIES, (AVG 539167.0)
[1, 4, 10, 23, 57, 132, 301, 701, 1636, 3723, 8901, 20250]...: 7561524: ACCEPTED IN 14 TRIES, (AVG 540108.8571428572)
[1, 4, 10, 23, 57, 132, 301, 701, 1636, 3723, 8901, 20317]...: 10264906: ACCEPTED IN 19 TRIES, (AVG 540258.2105263158)
[1, 4, 10, 23, 57, 132, 301, 701, 1636, 3723, 8901, 20349]...: 7560033: ACCEPTED IN 14 TRIES, (AVG 540002.3571428572)
[1, 4, 10, 23, 57, 132, 301, 701, 1636, 3723, 8901, 20385]...: 8102152: ACCEPTED IN 15 TRIES, (AVG 540143.4666666667)
[1, 4, 10, 23, 57, 132, 301, 701, 1636, 3723, 8901, 20416]...: 6478871: ACCEPTED IN 12 TRIES, (AVG 539905.9166666666)
[1, 4, 10, 23, 57, 132, 301, 701, 1636, 3723, 8901, 20448]...: 9183162: ACCEPTED IN 17 TRIES, (AVG 540186.0)
[1, 4, 10, 23, 57, 132, 301, 701, 1636, 3723, 8901, 20484]...: 6478114: ACCEPTED IN 12 TRIES, (AVG 539842.8333333334)
[1, 4, 10, 23, 57, 132, 301, 701, 1636, 3723, 8901, 20515]...: 7559465: ACCEPTED IN 14 TRIES, (AVG 539961.7857142857)
[1, 4, 10, 23, 57, 132, 301, 701, 1636, 3723, 8901, 20551]...: 14055648: ACCEPTED IN 26 TRIES, (AVG 540601.8461538461)
[1, 4, 10, 23, 57, 132, 301, 701, 1636, 3723, 8901, 20583]...: 9185113: ACCEPTED IN 17 TRIES, (AVG 540300.7647058824)
[1, 4, 10, 23, 57, 132, 301, 701, 1636, 3723, 8901, 20618]...: 7020613: ACCEPTED IN 13 TRIES, (AVG 540047.1538461539)
[1, 4, 10, 23, 57, 132, 301, 701, 1636, 3723, 8901, 20650]...: 5396461: ACCEPTED IN 10 TRIES, (AVG 539646.1)
[1, 4, 10, 23, 57, 132, 301, 701, 1636, 3723, 8901, 20749]...: 6479702: ACCEPTED IN 12 TRIES, (AVG 539975.1666666666)
[1, 4, 10, 23, 57, 132, 301, 701, 1636, 3723, 8901, 20785]...: 7561603: ACCEPTED IN 14 TRIES, (AVG 540114.5)
[1, 4, 10, 23, 57, 132, 301, 701, 1636, 3723, 8901, 20816]...: 7020681: ACCEPTED IN 13 TRIES, (AVG 540052.3846153846)
[1, 4, 10, 23, 57, 132, 301, 701, 1636, 3723, 8901, 20817]...: 5397146: ACCEPTED IN 10 TRIES, (AVG 539714.6)
[1, 4, 10, 23, 57, 132, 301, 701, 1636, 3723, 8901, 20848]...: 7561622: ACCEPTED IN 14 TRIES, (AVG 540115.8571428572)
[1, 4, 10, 23, 57, 132, 301, 701, 1636, 3723, 8901, 20852]...: 6477399: ACCEPTED IN 12 TRIES, (AVG 539783.25)
[1, 4, 10, 23, 57, 132, 301, 701, 1636, 3723, 8901, 20884]...: 10808415: ACCEPTED IN 20 TRIES, (AVG 540420.75)
[1, 4, 10, 23, 57, 132, 301, 701, 1636, 3723, 8901, 20951]...: 4314594: ACCEPTED IN 8 TRIES, (AVG 539324.25)
[1, 4, 10, 23, 57, 132, 301, 701, 1636, 3723, 8901, 21050]...: 4314395: ACCEPTED IN 8 TRIES, (AVG 539299.375)
[1, 4, 10, 23, 57, 132, 301, 701, 1636, 3723, 8901, 21082]...: 4314354: ACCEPTED IN 8 TRIES, (AVG 539294.25)
[1, 4, 10, 23, 57, 132, 301, 701, 1636, 3723, 8901, 21086]...: 6479675: ACCEPTED IN 12 TRIES, (AVG 539972.9166666666)
[1, 4, 10, 23, 57, 132, 301, 701, 1636, 3723, 8901, 21117]...: 8101653: ACCEPTED IN 15 TRIES, (AVG 540110.2)
[1, 4, 10, 23, 57, 132, 301, 701, 1636, 3723, 8901, 21118]...: 5938499: ACCEPTED IN 11 TRIES, (AVG 539863.5454545454)
[1, 4, 10, 23, 57, 132, 301, 701, 1636, 3723, 8901, 21149]...: 12971508: ACCEPTED IN 24 TRIES, (AVG 540479.5)
[1, 4, 10, 23, 57, 132, 301, 701, 1636, 3723, 8901, 21185]...: 6479566: ACCEPTED IN 12 TRIES, (AVG 539963.8333333334)
[1, 4, 10, 23, 57, 132, 301, 701, 1636, 3723, 8901, 21252]...: 4313513: ACCEPTED IN 8 TRIES, (AVG 539189.125)
[1, 4, 10, 23, 57, 132, 301, 701, 1636, 3723, 8901, 21284]...: 11348791: ACCEPTED IN 21 TRIES, (AVG 540418.619047619)
[1, 4, 10, 23, 57, 132, 301, 701, 1636, 3723, 8901, 21351]...: 6478172: ACCEPTED IN 12 TRIES, (AVG 539847.6666666666)
