[1, 4, 10, 23, 57, 132, 301, 701, 1636, 3723, 8338, 18629]...: 537013: ACCEPTED IN 1 TRIES, (AVG 537013.0)
[1, 4, 10, 23, 57, 132, 301, 701, 1636, 3723, 8338, 18960]...: 537486: ACCEPTED IN 1 TRIES, (AVG 537486.0)
[1, 4, 10, 23, 57, 132, 301, 701, 1636, 3723, 8338, 19226]...: 1616222: ACCEPTED IN 3 TRIES, (AVG 538740.6666666666)
[1, 4, 10, 23, 57, 132, 301, 701, 1636, 3723, 8338, 19389]...: 1076202: ACCEPTED IN 2 TRIES, (AVG 538101.0)
[1, 4, 10, 23, 57, 132, 301, 701, 1636, 3723, 8338, 19461]...: 2694991: ACCEPTED IN 5 TRIES, (AVG 538998.2)
[1, 4, 10, 23, 57, 132, 301, 701, 1636, 3723, 8338, 19526]...: 537529: ACCEPTED IN 1 TRIES, (AVG 537529.0)
[1, 4, 10, 23, 57, 132, 301, 701, 1636, 3723, 8338, 19593]...: 1076446: ACCEPTED IN 2 TRIES, (AVG 538223.0)
[1, 4, 10, 23, 57, 132, 301, 701, 1636, 3723, 8338, 19594]...: 2694996: ACCEPTED IN 5 TRIES, (AVG 538999.2)
[1, 4, 10, 23, 57, 132, 301, 701, 1636, 3723, 8338, 19595]...: 536635: ACCEPTED IN 1 TRIES, (AVG 536635.0)
[1, 4, 10, 23, 57, 132, 301, 701, 1636, 3723, 8338, 19626]...: 2694880: ACCEPTED IN 5 TRIES, (AVG 538976.0)
[1, 4, 10, 23, 57, 132, 301, 701, 1636, 3723, 8338, 19658]...: 537483: ACCEPTED IN 1 TRIES, (AVG 537483.0)
[1, 4, 10, 23, 57, 132, 301, 701, 1636, 3723, 8338, 19661]...: 537466: ACCEPTED IN 1 TRIES, (AVG 537466.0)
[1, 4, 10, 23, 57, 132, 301, 701, 1636, 3723, 8338, 19695]...: 1076574: ACCEPTED IN 2 TRIES, (AVG 538287.0)
[1, 4, 10, 23, 57, 132, 301, 701, 1636, 3723, 8338, 19727]...: 537152: ACCEPTED IN 1 TRIES, (AVG 537152.0)
[1, 4, 10, 23, 57, 132, 301, 701, 1636, 3723, 8338, 19793]...: 536430: ACCEPTED IN 1 TRIES, (AVG 536430.0)
[1, 4, 10, 23, 57, 132, 301, 701, 1636, 3723, 8338, 19857]...: 537369: ACCEPTED IN 1 TRIES, (AVG 537369.0)
[1, 4, 10, 23, 57, 132, 301, 701, 1636, 3723, 8338, 19860]...: 2155696: ACCEPTED IN 4 TRIES, (AVG 538924.0)
[1, 4, 10, 23, 57, 132, 301, 701, 1636, 3723, 8338, 19861]...: 1076951: ACCEPTED IN 2 TRIES, (AVG 538475.5)
[1, 4, 10, 23, 57, 132, 301, 701, 1636, 3723, 8338, 19894]...: 536933: ACCEPTED IN 1 TRIES, (AVG 536933.0)
[1, 4, 10, 23, 57, 132, 301, 701, 1636, 3723, 8338, 19895]...: 1076206: ACCEPTED IN 2 TRIES, (AVG 538103.0)
[1, 4, 10, 23, 57, 132, 301, 701, 1636, 3723, 8338, 19956]...: 537501: ACCEPTED IN 1 TRIES, (AVG 537501.0)
