[1, 4, 10, 23, 57, 132, 301, 701, 1654, 3937, 9323, 20513]...: 10267402: ACCEPTED IN 19 TRIES, (AVG 540389.5789473684)
[1, 4, 10, 23, 57, 132, 301, 701, 1654, 3937, 9323, 20538]...: 9184862: ACCEPTED IN 17 TRIES, (AVG 540286.0)
[1, 4, 10, 23, 57, 132, 301, 701, 1654, 3937, 9323, 20542]...: 10267013: ACCEPTED IN 19 TRIES, (AVG 540369.1052631579)
[1, 4, 10, 23, 57, 132, 301, 701, 1654, 3937, 9323, 20546]...: 9182349: ACCEPTED IN 17 TRIES, (AVG 540138.1764705882)
[1, 4, 10, 23, 57, 132, 301, 701, 1654, 3937, 9323, 20550]...: 12430591: ACCEPTED IN 23 TRIES, (AVG 540460.4782608695)
[1, 4, 10, 23, 57, 132, 301, 701, 1654, 3937, 9323, 20579]...: 12430782: ACCEPTED IN 23 TRIES, (AVG 540468.7826086957)
[1, 4, 10, 23, 57, 132, 301, 701, 1654, 3937, 9323, 20583]...: 10265837: ACCEPTED IN 19 TRIES, (AVG 540307.2105263158)
[1, 4, 10, 23, 57, 132, 301, 701, 1654, 3937, 9323, 20587]...: 9183013: ACCEPTED IN 17 TRIES, (AVG 540177.2352941176)
[1, 4, 10, 23, 57, 132, 301, 701, 1654, 3937, 9323, 20596]...: 9183622: ACCEPTED IN 17 TRIES, (AVG 540213.0588235294)
[1, 4, 10, 23, 57, 132, 301, 701, 1654, 3937, 9323, 20608]...: 9185456: ACCEPTED IN 17 TRIES, (AVG 540320.9411764706)
[1, 4, 10, 23, 57, 132, 301, 701, 1654, 3937, 9323, 20620]...: 8642001: ACCEPTED IN 16 TRIES, (AVG 540125.0625)
[1, 4, 10, 23, 57, 132, 301, 701, 1654, 3937, 9323, 20633]...: 14055137: ACCEPTED IN 26 TRIES, (AVG 540582.1923076923)
[1, 4, 10, 23, 57, 132, 301, 701, 1654, 3937, 9323, 20637]...: 10267296: ACCEPTED IN 19 TRIES, (AVG 540384.0)
[1, 4, 10, 23, 57, 132, 301, 701, 1654, 3937, 9323, 20670]...: 12973197: ACCEPTED IN 24 TRIES, (AVG 540549.875)
[1, 4, 10, 23, 57, 132, 301, 701, 1654, 3937, 9323, 20674]...: 14055620: ACCEPTED IN 26 TRIES, (AVG 540600.7692307692)
[1, 4, 10, 23, 57, 132, 301, 701, 1654, 3937, 9323, 20678]...: 14054723: ACCEPTED IN 26 TRIES, (AVG 540566.2692307692)
[1, 4, 10, 23, 57, 132, 301, 701, 1654, 3937, 9323, 20682]...: 9185066: ACCEPTED IN 17 TRIES, (AVG 540298.0)
[1, 4, 10, 23, 57, 132, 301, 701, 1654, 3937, 9323, 20711]...: 11349529: ACCEPTED IN 21 TRIES, (AVG 540453.7619047619)
[1, 4, 10, 23, 57, 132, 301, 701, 1654, 3937, 9323, 20715]...: 5938509: ACCEPTED IN 11 TRIES, (AVG 539864.4545454546)
[1, 4, 10, 23, 57, 132, 301, 701, 1654, 3937, 9323, 20719]...: 12972082: ACCEPTED IN 24 TRIES, (AVG 540503.4166666666)
[1, 4, 10, 23, 57, 132, 301, 701, 1654, 3937, 9323, 20728]...: 8100155: ACCEPTED IN 15 TRIES, (AVG 540010.3333333334)
[1, 4, 10, 23, 57, 132, 301, 701, 1654, 3937, 9323, 20752]...: 14595824: ACCEPTED IN 27 TRIES, (AVG 540586.074074074)
[1, 4, 10, 23, 57, 132, 301, 701, 1654, 3937, 9323, 20765]...: 9182861: ACCEPTED IN 17 TRIES, (AVG 540168.2941176471)
[1, 4, 10, 23, 57, 132, 301, 701, 1654, 3937, 9323, 20769]...: 14053738: ACCEPTED IN 26 TRIES, (AVG 540528.3846153846)
[1, 4, 10, 23, 57, 132, 301, 701, 1654, 3937, 9323, 20802]...: 10265675: ACCEPTED IN 19 TRIES, (AVG 540298.6842105263)
[1, 4, 10, 23, 57, 132, 301, 701, 1654, 3937, 9323, 20806]...: 9185068: ACCEPTED IN 17 TRIES, (AVG 540298.1176470588)
[1, 4, 10, 23, 57, 132, 301, 701, 1654, 3937, 9323, 20810]...: 9184249: ACCEPTED IN 17 TRIES, (AVG 540249.9411764706)
[1, 4, 10, 23, 57, 132, 301, 701, 1654, 3937, 9323, 20814]...: 9182722: ACCEPTED IN 17 TRIES, (AVG 540160.1176470588)
[1, 4, 10, 23, 57, 132, 301, 701, 1654, 3937, 9323, 20839]...: 12972498: ACCEPTED IN 24 TRIES, (AVG 540520.75)
[1, 4, 10, 23, 57, 132, 301, 701, 1654, 3937, 9323, 20843]...: 9725803: ACCEPTED IN 18 TRIES, (AVG 540322.3888888889)
[1, 4, 10, 23, 57, 132, 301, 701, 1654, 3937, 9323, 20847]...: 4314763: ACCEPTED IN 8 TRIES, (AVG 539345.375)
[1, 4, 10, 23, 57, 132, 301, 701, 1654, 3937, 9323, 20851]...: 10266913: ACCEPTED IN 19 TRIES, (AVG 540363.8421052631)
[1, 4, 10, 23, 57, 132, 301, 701, 1654, 3937, 9323, 20860]...: 10808779: ACCEPTED IN 20 TRIES, (AVG 540438.95)
[1, 4, 10, 23, 57, 132, 301, 701, 1654, 3937, 9323, 20884]...: 7020210: ACCEPTED IN 13 TRIES, (AVG 540016.1538461539)
[1, 4, 10, 23, 57, 132, 301, 701, 1654, 3937, 9323, 20888]...: 9724062: ACCEPTED IN 18 TRIES, (AVG 540225.6666666666)
[1, 4, 10, 23, 57, 132, 301, 701, 1654, 3937, 9323, 20897]...: 9184825: ACCEPTED IN 17 TRIES, (AVG 540283.8235294118)
[1, 4, 10, 23, 57, 132, 301, 701, 1654, 3937, 9323, 20901]...: 6478390: ACCEPTED IN 12 TRIES, (AVG 539865.8333333334)
[1, 4, 10, 23, 57, 132, 301, 701, 1654, 3937, 9323, 20934]...: 9184917: ACCEPTED IN 17 TRIES, (AVG 540289.2352941176)
[1, 4, 10, 23, 57, 132, 301, 701, 1654, 3937, 9323, 20938]...: 9724717: ACCEPTED IN 18 TRIES, (AVG 540262.0555555555)
[1, 4, 10, 23, 57, 132, 301, 701, 1654, 3937, 9323, 20942]...: 7020166: ACCEPTED IN 13 TRIES, (AVG 540012.7692307692)
[1, 4, 10, 23, 57, 132, 301, 701, 1654, 3937, 9323, 20971]...: 10267011: ACCEPTED IN 19 TRIES, (AVG 540369.0)
[1, 4, 10, 23, 57, 132, 301, 701, 1654, 3937, 9323, 20975]...: 12431837: ACCEPTED IN 23 TRIES, (AVG 540514.6521739131)
[1, 4, 10, 23, 57, 132, 301, 701, 1654, 3937, 9323, 20979]...: 9724756: ACCEPTED IN 18 TRIES, (AVG 540264.2222222222)
[1, 4, 10, 23, 57, 132, 301, 701, 1654, 3937, 9323, 20983]...: 11347491: ACCEPTED IN 21 TRIES, (AVG 540356.7142857143)
[1, 4, 10, 23, 57, 132, 301, 701, 1654, 3937, 9323, 21016]...: 11887542: ACCEPTED IN 22 TRIES, (AVG 540342.8181818182)
[1, 4, 10, 23, 57, 132, 301, 701, 1654, 3937, 9323, 21020]...: 12972589: ACCEPTED IN 24 TRIES, (AVG 540524.5416666666)
[1, 4, 10, 23, 57, 132, 301, 701, 1654, 3937, 9323, 21029]...: 10267056: ACCEPTED IN 19 TRIES, (AVG 540371.3684210526)
[1, 4, 10, 23, 57, 132, 301, 701, 1654, 3937, 9323, 21033]...: 9184276: ACCEPTED IN 17 TRIES, (AVG 540251.5294117647)
[1, 4, 10, 23, 57, 132, 301, 701, 1654, 3937, 9323, 21045]...: 8644103: ACCEPTED IN 16 TRIES, (AVG 540256.4375)
[1, 4, 10, 23, 57, 132, 301, 701, 1654, 3937, 9323, 21066]...: 9726337: ACCEPTED IN 18 TRIES, (AVG 540352.0555555555)
[1, 4, 10, 23, 57, 132, 301, 701, 1654, 3937, 9323, 21070]...: 12430695: ACCEPTED IN 23 TRIES, (AVG 540465.0)
[1, 4, 10, 23, 57, 132, 301, 701, 1654, 3937, 9323, 21074]...: 10265675: ACCEPTED IN 19 TRIES, (AVG 540298.6842105263)
[1, 4, 10, 23, 57, 132, 301, 701, 1654, 3937, 9323, 21103]...: 10267011: ACCEPTED IN 19 TRIES, (AVG 540369.0)
[1, 4, 10, 23, 57, 132, 301, 701, 1654, 3937, 9323, 21107]...: 9724902: ACCEPTED IN 18 TRIES, (AVG 540272.3333333334)
[1, 4, 10, 23, 57, 132, 301, 701, 1654, 3937, 9323, 21111]...: 9726493: ACCEPTED IN 18 TRIES, (AVG 540360.7222222222)
[1, 4, 10, 23, 57, 132, 301, 701, 1654, 3937, 9323, 21115]...: 15678060: ACCEPTED IN 29 TRIES, (AVG 540622.7586206896)
[1, 4, 10, 23, 57, 132, 301, 701, 1654, 3937, 9323, 21140]...: 9181605: ACCEPTED IN 17 TRIES, (AVG 540094.4117647059)
[1, 4, 10, 23, 57, 132, 301, 701, 1654, 3937, 9323, 21144]...: 10807764: ACCEPTED IN 20 TRIES, (AVG 540388.2)
[1, 4, 10, 23, 57, 132, 301, 701, 1654, 3937, 9323, 21148]...: 8643914: ACCEPTED IN 16 TRIES, (AVG 540244.625)
[1, 4, 10, 23, 57, 132, 301, 701, 1654, 3937, 9323, 21152]...: 8101777: ACCEPTED IN 15 TRIES, (AVG 540118.4666666667)
[1, 4, 10, 23, 57, 132, 301, 701, 1654, 3937, 9323, 21161]...: 9184723: ACCEPTED IN 17 TRIES, (AVG 540277.8235294118)
[1, 4, 10, 23, 57, 132, 301, 701, 1654, 3937, 9323, 21165]...: 8643400: ACCEPTED IN 16 TRIES, (AVG 540212.5)
[1, 4, 10, 23, 57, 132, 301, 701, 1654, 3937, 9323, 21177]...: 9183663: ACCEPTED IN 17 TRIES, (AVG 540215.4705882353)
[1, 4, 10, 23, 57, 132, 301, 701, 1654, 3937, 9323, 21189]...: 9725648: ACCEPTED IN 18 TRIES, (AVG 540313.7777777778)
[1, 4, 10, 23, 57, 132, 301, 701, 1654, 3937, 9323, 21198]...: 6478730: ACCEPTED IN 12 TRIES, (AVG 539894.1666666666)
[1, 4, 10, 23, 57, 132, 301, 701, 1654, 3937, 9323, 21202]...: 16219175: ACCEPTED IN 30 TRIES, (AVG 540639.1666666666)
[1, 4, 10, 23, 57, 132, 301, 701, 1654, 3937, 9323, 21206]...: 9725399: ACCEPTED IN 18 TRIES, (AVG 540299.9444444445)
[1, 4, 10, 23, 57, 132, 301, 701, 1654, 3937, 9323, 21235]...: 9725931: ACCEPTED IN 18 TRIES, (AVG 540329.5)
[1, 4, 10, 23, 57, 132, 301, 701, 1654, 3937, 9323, 21239]...: 9724397: ACCEPTED IN 18 TRIES, (AVG 540244.2777777778)
[1, 4, 10, 23, 57, 132, 301, 701, 1654, 3937, 9323, 21243]...: 4856285: ACCEPTED IN 9 TRIES, (AVG 539587.2222222222)
[1, 4, 10, 23, 57, 132, 301, 701, 1654, 3937, 9323, 21272]...: 9183951: ACCEPTED IN 17 TRIES, (AVG 540232.4117647059)
[1, 4, 10, 23, 57, 132, 301, 701, 1654, 3937, 9323, 21276]...: 5938578: ACCEPTED IN 11 TRIES, (AVG 539870.7272727273)
[1, 4, 10, 23, 57, 132, 301, 701, 1654, 3937, 9323, 21280]...: 9184801: ACCEPTED IN 17 TRIES, (AVG 540282.4117647059)
[1, 4, 10, 23, 57, 132, 301, 701, 1654, 3937, 9323, 21284]...: 5394767: ACCEPTED IN 10 TRIES, (AVG 539476.7)
[1, 4, 10, 23, 57, 132, 301, 701, 1654, 3937, 9323, 21297]...: 6477853: ACCEPTED IN 12 TRIES, (AVG 539821.0833333334)
[1, 4, 10, 23, 57, 132, 301, 701, 1654, 3937, 9323, 21309]...: 9726360: ACCEPTED IN 18 TRIES, (AVG 540353.3333333334)
[1, 4, 10, 23, 57, 132, 301, 701, 1654, 3937, 9323, 21321]...: 9184588: ACCEPTED IN 17 TRIES, (AVG 540269.8823529412)
[1, 4, 10, 23, 57, 132, 301, 701, 1654, 3937, 9323, 21330]...: 8102181: ACCEPTED IN 15 TRIES, (AVG 540145.4)
[1, 4, 10, 23, 57, 132, 301, 701, 1654, 3937, 9323, 21334]...: 11891102: ACCEPTED IN 22 TRIES, (AVG 540504.6363636364)
[1, 4, 10, 23, 57, 132, 301, 701, 1654, 3937, 9323, 21338]...: 7020989: ACCEPTED IN 13 TRIES, (AVG 540076.0769230769)
[1, 4, 10, 23, 57, 132, 301, 701, 1654, 3937, 9323, 21367]...: 9184129: ACCEPTED IN 17 TRIES, (AVG 540242.8823529412)
[1, 4, 10, 23, 57, 132, 301, 701, 1654, 3937, 9323, 21371]...: 14055178: ACCEPTED IN 26 TRIES, (AVG 540583.7692307692)
[1, 4, 10, 23, 57, 132, 301, 701, 1654, 3937, 9323, 21375]...: 5396775: ACCEPTED IN 10 TRIES, (AVG 539677.5)
[1, 4, 10, 23, 57, 132, 301, 701, 1654, 3937, 9323, 21404]...: 5397454: ACCEPTED IN 10 TRIES, (AVG 539745.4)
[1, 4, 10, 23, 57, 132, 301, 701, 1654, 3937, 9323, 21408]...: 9726494: ACCEPTED IN 18 TRIES, (AVG 540360.7777777778)
[1, 4, 10, 23, 57, 132, 301, 701, 1654, 3937, 9323, 21412]...: 5396292: ACCEPTED IN 10 TRIES, (AVG 539629.2)
[1, 4, 10, 23, 57, 132, 301, 701, 1654, 3937, 9323, 21416]...: 9185428: ACCEPTED IN 17 TRIES, (AVG 540319.2941176471)
[1, 4, 10, 23, 57, 132, 301, 701, 1654, 3937, 9323, 21429]...: 9184095: ACCEPTED IN 17 TRIES, (AVG 540240.8823529412)
[1, 4, 10, 23, 57, 132, 301, 701, 1654, 3937, 9323, 21441]...: 10808424: ACCEPTED IN 20 TRIES, (AVG 540421.2)
[1, 4, 10, 23, 57, 132, 301, 701, 1654, 3937, 9323, 21445]...: 8102012: ACCEPTED IN 15 TRIES, (AVG 540134.1333333333)
[1, 4, 10, 23, 57, 132, 301, 701, 1654, 3937, 9323, 21453]...: 9726244: ACCEPTED IN 18 TRIES, (AVG 540346.8888888889)
[1, 4, 10, 23, 57, 132, 301, 701, 1654, 3937, 9323, 21462]...: 6478554: ACCEPTED IN 12 TRIES, (AVG 539879.5)
[1, 4, 10, 23, 57, 132, 301, 701, 1654, 3937, 9323, 21466]...: 10265878: ACCEPTED IN 19 TRIES, (AVG 540309.3684210526)
[1, 4, 10, 23, 57, 132, 301, 701, 1654, 3937, 9323, 21470]...: 12429194: ACCEPTED IN 23 TRIES, (AVG 540399.7391304348)
[1, 4, 10, 23, 57, 132, 301, 701, 1654, 3937, 9323, 21499]...: 4315199: ACCEPTED IN 8 TRIES, (AVG 539399.875)
[1, 4, 10, 23, 57, 132, 301, 701, 1654, 3937, 9323, 21503]...: 9724939: ACCEPTED IN 18 TRIES, (AVG 540274.3888888889)
[1, 4, 10, 23, 57, 132, 301, 701, 1654, 3937, 9323, 21507]...: 9182180: ACCEPTED IN 17 TRIES, (AVG 540128.2352941176)
[1, 4, 10, 23, 57, 132, 301, 701, 1654, 3937, 9323, 21536]...: 7560280: ACCEPTED IN 14 TRIES, (AVG 540020.0)
[1, 4, 10, 23, 57, 132, 301, 701, 1654, 3937, 9323, 21540]...: 10265432: ACCEPTED IN 19 TRIES, (AVG 540285.8947368421)
[1, 4, 10, 23, 57, 132, 301, 701, 1654, 3937, 9323, 21544]...: 9185440: ACCEPTED IN 17 TRIES, (AVG 540320.0)
[1, 4, 10, 23, 57, 132, 301, 701, 1654, 3937, 9323, 21561]...: 5396629: ACCEPTED IN 10 TRIES, (AVG 539662.9)
[1, 4, 10, 23, 57, 132, 301, 701, 1654, 3937, 9323, 21573]...: 10267349: ACCEPTED IN 19 TRIES, (AVG 540386.7894736842)
[1, 4, 10, 23, 57, 132, 301, 701, 1654, 3937, 9323, 21577]...: 9723477: ACCEPTED IN 18 TRIES, (AVG 540193.1666666666)
[1, 4, 10, 23, 57, 132, 301, 701, 1654, 3937, 9323, 21585]...: 6477745: ACCEPTED IN 12 TRIES, (AVG 539812.0833333334)
[1, 4, 10, 23, 57, 132, 301, 701, 1654, 3937, 9323, 21590]...: 5395582: ACCEPTED IN 10 TRIES, (AVG 539558.2)
[1, 4, 10, 23, 57, 132, 301, 701, 1654, 3937, 9323, 21598]...: 7020712: ACCEPTED IN 13 TRIES, (AVG 540054.7692307692)
[1, 4, 10, 23, 57, 132, 301, 701, 1654, 3937, 9323, 21602]...: 10265896: ACCEPTED IN 19 TRIES, (AVG 540310.3157894737)
[1, 4, 10, 23, 57, 132, 301, 701, 1654, 3937, 9323, 21631]...: 9183745: ACCEPTED IN 17 TRIES, (AVG 540220.2941176471)
[1, 4, 10, 23, 57, 132, 301, 701, 1654, 3937, 9323, 21635]...: 5397354: ACCEPTED IN 10 TRIES, (AVG 539735.4)
[1, 4, 10, 23, 57, 132, 301, 701, 1654, 3937, 9323, 21639]...: 6478010: ACCEPTED IN 12 TRIES, (AVG 539834.1666666666)
[1, 4, 10, 23, 57, 132, 301, 701, 1654, 3937, 9323, 21668]...: 7561742: ACCEPTED IN 14 TRIES, (AVG 540124.4285714285)
[1, 4, 10, 23, 57, 132, 301, 701, 1654, 3937, 9323, 21672]...: 10266750: ACCEPTED IN 19 TRIES, (AVG 540355.2631578947)
[1, 4, 10, 23, 57, 132, 301, 701, 1654, 3937, 9323, 21676]...: 8102877: ACCEPTED IN 15 TRIES, (AVG 540191.8)
[1, 4, 10, 23, 57, 132, 301, 701, 1654, 3937, 9323, 21705]...: 9725606: ACCEPTED IN 18 TRIES, (AVG 540311.4444444445)
[1, 4, 10, 23, 57, 132, 301, 701, 1654, 3937, 9323, 21709]...: 9183553: ACCEPTED IN 17 TRIES, (AVG 540209.0)
[1, 4, 10, 23, 57, 132, 301, 701, 1654, 3937, 9323, 21717]...: 10806549: ACCEPTED IN 20 TRIES, (AVG 540327.45)
[1, 4, 10, 23, 57, 132, 301, 701, 1654, 3937, 9323, 21722]...: 11349819: ACCEPTED IN 21 TRIES, (AVG 540467.5714285715)
[1, 4, 10, 23, 57, 132, 301, 701, 1654, 3937, 9323, 21730]...: 10808320: ACCEPTED IN 20 TRIES, (AVG 540416.0)
[1, 4, 10, 23, 57, 132, 301, 701, 1654, 3937, 9323, 21734]...: 10807758: ACCEPTED IN 20 TRIES, (AVG 540387.9)
[1, 4, 10, 23, 57, 132, 301, 701, 1654, 3937, 9323, 21746]...: 10266840: ACCEPTED IN 19 TRIES, (AVG 540360.0)
[1, 4, 10, 23, 57, 132, 301, 701, 1654, 3937, 9323, 21763]...: 9183315: ACCEPTED IN 17 TRIES, (AVG 540195.0)
[1, 4, 10, 23, 57, 132, 301, 701, 1654, 3937, 9323, 21767]...: 8643850: ACCEPTED IN 16 TRIES, (AVG 540240.625)
[1, 4, 10, 23, 57, 132, 301, 701, 1654, 3937, 9323, 21771]...: 7560712: ACCEPTED IN 14 TRIES, (AVG 540050.8571428572)
[1, 4, 10, 23, 57, 132, 301, 701, 1654, 3937, 9323, 21800]...: 6477847: ACCEPTED IN 12 TRIES, (AVG 539820.5833333334)
[1, 4, 10, 23, 57, 132, 301, 701, 1654, 3937, 9323, 21804]...: 8102969: ACCEPTED IN 15 TRIES, (AVG 540197.9333333333)
[1, 4, 10, 23, 57, 132, 301, 701, 1654, 3937, 9323, 21808]...: 6478613: ACCEPTED IN 12 TRIES, (AVG 539884.4166666666)
[1, 4, 10, 23, 57, 132, 301, 701, 1654, 3937, 9323, 21837]...: 5938589: ACCEPTED IN 11 TRIES, (AVG 539871.7272727273)
[1, 4, 10, 23, 57, 132, 301, 701, 1654, 3937, 9323, 21841]...: 9182353: ACCEPTED IN 17 TRIES, (AVG 540138.4117647059)
[1, 4, 10, 23, 57, 132, 301, 701, 1654, 3937, 9323, 21845]...: 9181355: ACCEPTED IN 17 TRIES, (AVG 540079.7058823529)
[1, 4, 10, 23, 57, 132, 301, 701, 1654, 3937, 9323, 21854]...: 8102297: ACCEPTED IN 15 TRIES, (AVG 540153.1333333333)
[1, 4, 10, 23, 57, 132, 301, 701, 1654, 3937, 9323, 21862]...: 6478568: ACCEPTED IN 12 TRIES, (AVG 539880.6666666666)
[1, 4, 10, 23, 57, 132, 301, 701, 1654, 3937, 9323, 21866]...: 4856068: ACCEPTED IN 9 TRIES, (AVG 539563.1111111111)
[1, 4, 10, 23, 57, 132, 301, 701, 1654, 3937, 9323, 21878]...: 4856417: ACCEPTED IN 9 TRIES, (AVG 539601.8888888889)
[1, 4, 10, 23, 57, 132, 301, 701, 1654, 3937, 9323, 21891]...: 6479161: ACCEPTED IN 12 TRIES, (AVG 539930.0833333334)
[1, 4, 10, 23, 57, 132, 301, 701, 1654, 3937, 9323, 21895]...: 8101629: ACCEPTED IN 15 TRIES, (AVG 540108.6)
[1, 4, 10, 23, 57, 132, 301, 701, 1654, 3937, 9323, 21899]...: 9723502: ACCEPTED IN 18 TRIES, (AVG 540194.5555555555)
[1, 4, 10, 23, 57, 132, 301, 701, 1654, 3937, 9323, 21903]...: 6479515: ACCEPTED IN 12 TRIES, (AVG 539959.5833333334)
[1, 4, 10, 23, 57, 132, 301, 701, 1654, 3937, 9323, 21932]...: 9726491: ACCEPTED IN 18 TRIES, (AVG 540360.6111111111)
[1, 4, 10, 23, 57, 132, 301, 701, 1654, 3937, 9323, 21936]...: 9726219: ACCEPTED IN 18 TRIES, (AVG 540345.5)
[1, 4, 10, 23, 57, 132, 301, 701, 1654, 3937, 9323, 21940]...: 5397207: ACCEPTED IN 10 TRIES, (AVG 539720.7)
[1, 4, 10, 23, 57, 132, 301, 701, 1654, 3937, 9323, 21969]...: 5938318: ACCEPTED IN 11 TRIES, (AVG 539847.0909090909)
[1, 4, 10, 23, 57, 132, 301, 701, 1654, 3937, 9323, 21973]...: 8102110: ACCEPTED IN 15 TRIES, (AVG 540140.6666666666)
[1, 4, 10, 23, 57, 132, 301, 701, 1654, 3937, 9323, 21977]...: 7020295: ACCEPTED IN 13 TRIES, (AVG 540022.6923076923)
[1, 4, 10, 23, 57, 132, 301, 701, 1654, 3937, 9323, 21986]...: 8101330: ACCEPTED IN 15 TRIES, (AVG 540088.6666666666)
[1, 4, 10, 23, 57, 132, 301, 701, 1654, 3937, 9323, 21998]...: 7561746: ACCEPTED IN 14 TRIES, (AVG 540124.7142857143)
[1, 4, 10, 23, 57, 132, 301, 701, 1654, 3937, 9323, 22010]...: 9185370: ACCEPTED IN 17 TRIES, (AVG 540315.8823529412)
[1, 4, 10, 23, 57, 132, 301, 701, 1654, 3937, 9323, 22023]...: 9183176: ACCEPTED IN 17 TRIES, (AVG 540186.8235294118)
[1, 4, 10, 23, 57, 132, 301, 701, 1654, 3937, 9323, 22027]...: 5938702: ACCEPTED IN 11 TRIES, (AVG 539882.0)
[1, 4, 10, 23, 57, 132, 301, 701, 1654, 3937, 9323, 22031]...: 6478352: ACCEPTED IN 12 TRIES, (AVG 539862.6666666666)
[1, 4, 10, 23, 57, 132, 301, 701, 1654, 3937, 9323, 22035]...: 7020675: ACCEPTED IN 13 TRIES, (AVG 540051.9230769231)
[1, 4, 10, 23, 57, 132, 301, 701, 1654, 3937, 9323, 22064]...: 8643579: ACCEPTED IN 16 TRIES, (AVG 540223.6875)
[1, 4, 10, 23, 57, 132, 301, 701, 1654, 3937, 9323, 22068]...: 9184156: ACCEPTED IN 17 TRIES, (AVG 540244.4705882353)
[1, 4, 10, 23, 57, 132, 301, 701, 1654, 3937, 9323, 22072]...: 9184963: ACCEPTED IN 17 TRIES, (AVG 540291.9411764706)
[1, 4, 10, 23, 57, 132, 301, 701, 1654, 3937, 9323, 22101]...: 6478819: ACCEPTED IN 12 TRIES, (AVG 539901.5833333334)
[1, 4, 10, 23, 57, 132, 301, 701, 1654, 3937, 9323, 22105]...: 6479820: ACCEPTED IN 12 TRIES, (AVG 539985.0)
[1, 4, 10, 23, 57, 132, 301, 701, 1654, 3937, 9323, 22109]...: 4315205: ACCEPTED IN 8 TRIES, (AVG 539400.625)
[1, 4, 10, 23, 57, 132, 301, 701, 1654, 3937, 9323, 22118]...: 8102700: ACCEPTED IN 15 TRIES, (AVG 540180.0)
[1, 4, 10, 23, 57, 132, 301, 701, 1654, 3937, 9323, 22130]...: 8101121: ACCEPTED IN 15 TRIES, (AVG 540074.7333333333)
[1, 4, 10, 23, 57, 132, 301, 701, 1654, 3937, 9323, 22142]...: 5397218: ACCEPTED IN 10 TRIES, (AVG 539721.8)
[1, 4, 10, 23, 57, 132, 301, 701, 1654, 3937, 9323, 22146]...: 9185521: ACCEPTED IN 17 TRIES, (AVG 540324.7647058824)
[1, 4, 10, 23, 57, 132, 301, 701, 1654, 3937, 9323, 22155]...: 9725214: ACCEPTED IN 18 TRIES, (AVG 540289.6666666666)
[1, 4, 10, 23, 57, 132, 301, 701, 1654, 3937, 9323, 22159]...: 9182014: ACCEPTED IN 17 TRIES, (AVG 540118.4705882353)
[1, 4, 10, 23, 57, 132, 301, 701, 1654, 3937, 9323, 22163]...: 7561822: ACCEPTED IN 14 TRIES, (AVG 540130.1428571428)
[1, 4, 10, 23, 57, 132, 301, 701, 1654, 3937, 9323, 22167]...: 6479183: ACCEPTED IN 12 TRIES, (AVG 539931.9166666666)
[1, 4, 10, 23, 57, 132, 301, 701, 1654, 3937, 9323, 22192]...: 7561124: ACCEPTED IN 14 TRIES, (AVG 540080.2857142857)
[1, 4, 10, 23, 57, 132, 301, 701, 1654, 3937, 9323, 22196]...: 9185123: ACCEPTED IN 17 TRIES, (AVG 540301.3529411765)
[1, 4, 10, 23, 57, 132, 301, 701, 1654, 3937, 9323, 22200]...: 5396908: ACCEPTED IN 10 TRIES, (AVG 539690.8)
[1, 4, 10, 23, 57, 132, 301, 701, 1654, 3937, 9323, 22204]...: 9722594: ACCEPTED IN 18 TRIES, (AVG 540144.1111111111)
[1, 4, 10, 23, 57, 132, 301, 701, 1654, 3937, 9323, 22233]...: 5396934: ACCEPTED IN 10 TRIES, (AVG 539693.4)
[1, 4, 10, 23, 57, 132, 301, 701, 1654, 3937, 9323, 22237]...: 8642029: ACCEPTED IN 16 TRIES, (AVG 540126.8125)
[1, 4, 10, 23, 57, 132, 301, 701, 1654, 3937, 9323, 22241]...: 9184176: ACCEPTED IN 17 TRIES, (AVG 540245.6470588235)
[1, 4, 10, 23, 57, 132, 301, 701, 1654, 3937, 9323, 22250]...: 9724924: ACCEPTED IN 18 TRIES, (AVG 540273.5555555555)
[1, 4, 10, 23, 57, 132, 301, 701, 1654, 3937, 9323, 22262]...: 5396963: ACCEPTED IN 10 TRIES, (AVG 539696.3)
[1, 4, 10, 23, 57, 132, 301, 701, 1654, 3937, 9323, 22274]...: 10267084: ACCEPTED IN 19 TRIES, (AVG 540372.8421052631)
[1, 4, 10, 23, 57, 132, 301, 701, 1654, 3937, 9323, 22278]...: 3232249: ACCEPTED IN 6 TRIES, (AVG 538708.1666666666)
[1, 4, 10, 23, 57, 132, 301, 701, 1654, 3937, 9323, 22287]...: 5937805: ACCEPTED IN 11 TRIES, (AVG 539800.4545454546)
[1, 4, 10, 23, 57, 132, 301, 701, 1654, 3937, 9323, 22291]...: 5396612: ACCEPTED IN 10 TRIES, (AVG 539661.2)
[1, 4, 10, 23, 57, 132, 301, 701, 1654, 3937, 9323, 22324]...: 4314792: ACCEPTED IN 8 TRIES, (AVG 539349.0)
[1, 4, 10, 23, 57, 132, 301, 701, 1654, 3937, 9323, 22328]...: 6479035: ACCEPTED IN 12 TRIES, (AVG 539919.5833333334)
[1, 4, 10, 23, 57, 132, 301, 701, 1654, 3937, 9323, 22332]...: 9183706: ACCEPTED IN 17 TRIES, (AVG 540218.0)
[1, 4, 10, 23, 57, 132, 301, 701, 1654, 3937, 9323, 22336]...: 5936875: ACCEPTED IN 11 TRIES, (AVG 539715.9090909091)
[1, 4, 10, 23, 57, 132, 301, 701, 1654, 3937, 9323, 22365]...: 9182752: ACCEPTED IN 17 TRIES, (AVG 540161.8823529412)
[1, 4, 10, 23, 57, 132, 301, 701, 1654, 3937, 9323, 22369]...: 10805757: ACCEPTED IN 20 TRIES, (AVG 540287.85)
[1, 4, 10, 23, 57, 132, 301, 701, 1654, 3937, 9323, 22373]...: 8644172: ACCEPTED IN 16 TRIES, (AVG 540260.75)
