[1, 4, 10, 23, 57, 132, 301, 701, 1654, 3937, 9018, 19841]...: 6479177: ACCEPTED IN 12 TRIES, (AVG 539931.4166666666)
[1, 4, 10, 23, 57, 132, 301, 701, 1654, 3937, 9018, 19854]...: 13512956: ACCEPTED IN 25 TRIES, (AVG 540518.24)
[1, 4, 10, 23, 57, 132, 301, 701, 1654, 3937, 9018, 19878]...: 22713754: ACCEPTED IN 42 TRIES, (AVG 540803.6666666666)
[1, 4, 10, 23, 57, 132, 301, 701, 1654, 3937, 9018, 19891]...: 7019607: ACCEPTED IN 13 TRIES, (AVG 539969.7692307692)
[1, 4, 10, 23, 57, 132, 301, 701, 1654, 3937, 9018, 19895]...: 11890209: ACCEPTED IN 22 TRIES, (AVG 540464.0454545454)
[1, 4, 10, 23, 57, 132, 301, 701, 1654, 3937, 9018, 19899]...: 11348483: ACCEPTED IN 21 TRIES, (AVG 540403.9523809524)
[1, 4, 10, 23, 57, 132, 301, 701, 1654, 3937, 9018, 19928]...: 22171123: ACCEPTED IN 41 TRIES, (AVG 540759.0975609756)
[1, 4, 10, 23, 57, 132, 301, 701, 1654, 3937, 9018, 19932]...: 18383900: ACCEPTED IN 34 TRIES, (AVG 540702.9411764706)
[1, 4, 10, 23, 57, 132, 301, 701, 1654, 3937, 9018, 19936]...: 7020904: ACCEPTED IN 13 TRIES, (AVG 540069.5384615385)
[1, 4, 10, 23, 57, 132, 301, 701, 1654, 3937, 9018, 19969]...: 5935505: ACCEPTED IN 11 TRIES, (AVG 539591.3636363636)
[1, 4, 10, 23, 57, 132, 301, 701, 1654, 3937, 9018, 19973]...: 5936652: ACCEPTED IN 11 TRIES, (AVG 539695.6363636364)
[1, 4, 10, 23, 57, 132, 301, 701, 1654, 3937, 9018, 19986]...: 8101669: ACCEPTED IN 15 TRIES, (AVG 540111.2666666667)
[1, 4, 10, 23, 57, 132, 301, 701, 1654, 3937, 9018, 20010]...: 11889033: ACCEPTED IN 22 TRIES, (AVG 540410.5909090909)
[1, 4, 10, 23, 57, 132, 301, 701, 1654, 3937, 9018, 20023]...: 10267562: ACCEPTED IN 19 TRIES, (AVG 540398.0)
[1, 4, 10, 23, 57, 132, 301, 701, 1654, 3937, 9018, 20027]...: 7020858: ACCEPTED IN 13 TRIES, (AVG 540066.0)
[1, 4, 10, 23, 57, 132, 301, 701, 1654, 3937, 9018, 20060]...: 15136905: ACCEPTED IN 28 TRIES, (AVG 540603.75)
[1, 4, 10, 23, 57, 132, 301, 701, 1654, 3937, 9018, 20064]...: 9725401: ACCEPTED IN 18 TRIES, (AVG 540300.0555555555)
[1, 4, 10, 23, 57, 132, 301, 701, 1654, 3937, 9018, 20068]...: 6478237: ACCEPTED IN 12 TRIES, (AVG 539853.0833333334)
[1, 4, 10, 23, 57, 132, 301, 701, 1654, 3937, 9018, 20101]...: 27040690: ACCEPTED IN 50 TRIES, (AVG 540813.8)
[1, 4, 10, 23, 57, 132, 301, 701, 1654, 3937, 9018, 20105]...: 9725671: ACCEPTED IN 18 TRIES, (AVG 540315.0555555555)
[1, 4, 10, 23, 57, 132, 301, 701, 1654, 3937, 9018, 20118]...: 5937561: ACCEPTED IN 11 TRIES, (AVG 539778.2727272727)
[1, 4, 10, 23, 57, 132, 301, 701, 1654, 3937, 9018, 20142]...: 7019042: ACCEPTED IN 13 TRIES, (AVG 539926.3076923077)
[1, 4, 10, 23, 57, 132, 301, 701, 1654, 3937, 9018, 20155]...: 11888340: ACCEPTED IN 22 TRIES, (AVG 540379.0909090909)
[1, 4, 10, 23, 57, 132, 301, 701, 1654, 3937, 9018, 20159]...: 8642380: ACCEPTED IN 16 TRIES, (AVG 540148.75)
[1, 4, 10, 23, 57, 132, 301, 701, 1654, 3937, 9018, 20192]...: 13514375: ACCEPTED IN 25 TRIES, (AVG 540575.0)
[1, 4, 10, 23, 57, 132, 301, 701, 1654, 3937, 9018, 20196]...: 11347060: ACCEPTED IN 21 TRIES, (AVG 540336.1904761905)
[1, 4, 10, 23, 57, 132, 301, 701, 1654, 3937, 9018, 20200]...: 10808559: ACCEPTED IN 20 TRIES, (AVG 540427.95)
[1, 4, 10, 23, 57, 132, 301, 701, 1654, 3937, 9018, 20229]...: 11890673: ACCEPTED IN 22 TRIES, (AVG 540485.1363636364)
[1, 4, 10, 23, 57, 132, 301, 701, 1654, 3937, 9018, 20233]...: 9724427: ACCEPTED IN 18 TRIES, (AVG 540245.9444444445)
[1, 4, 10, 23, 57, 132, 301, 701, 1654, 3937, 9018, 20237]...: 11350030: ACCEPTED IN 21 TRIES, (AVG 540477.619047619)
[1, 4, 10, 23, 57, 132, 301, 701, 1654, 3937, 9018, 20250]...: 10808658: ACCEPTED IN 20 TRIES, (AVG 540432.9)
[1, 4, 10, 23, 57, 132, 301, 701, 1654, 3937, 9018, 20274]...: 6477957: ACCEPTED IN 12 TRIES, (AVG 539829.75)
[1, 4, 10, 23, 57, 132, 301, 701, 1654, 3937, 9018, 20287]...: 9726207: ACCEPTED IN 18 TRIES, (AVG 540344.8333333334)
[1, 4, 10, 23, 57, 132, 301, 701, 1654, 3937, 9018, 20291]...: 4313024: ACCEPTED IN 8 TRIES, (AVG 539128.0)
[1, 4, 10, 23, 57, 132, 301, 701, 1654, 3937, 9018, 20324]...: 10807084: ACCEPTED IN 20 TRIES, (AVG 540354.2)
[1, 4, 10, 23, 57, 132, 301, 701, 1654, 3937, 9018, 20328]...: 15678117: ACCEPTED IN 29 TRIES, (AVG 540624.724137931)
[1, 4, 10, 23, 57, 132, 301, 701, 1654, 3937, 9018, 20361]...: 11889407: ACCEPTED IN 22 TRIES, (AVG 540427.5909090909)
[1, 4, 10, 23, 57, 132, 301, 701, 1654, 3937, 9018, 20365]...: 6479599: ACCEPTED IN 12 TRIES, (AVG 539966.5833333334)
[1, 4, 10, 23, 57, 132, 301, 701, 1654, 3937, 9018, 20369]...: 16219100: ACCEPTED IN 30 TRIES, (AVG 540636.6666666666)
[1, 4, 10, 23, 57, 132, 301, 701, 1654, 3937, 9018, 20406]...: 5396415: ACCEPTED IN 10 TRIES, (AVG 539641.5)
[1, 4, 10, 23, 57, 132, 301, 701, 1654, 3937, 9018, 20419]...: 9184006: ACCEPTED IN 17 TRIES, (AVG 540235.6470588235)
[1, 4, 10, 23, 57, 132, 301, 701, 1654, 3937, 9018, 20423]...: 9726328: ACCEPTED IN 18 TRIES, (AVG 540351.5555555555)
[1, 4, 10, 23, 57, 132, 301, 701, 1654, 3937, 9018, 20456]...: 7020249: ACCEPTED IN 13 TRIES, (AVG 540019.1538461539)
[1, 4, 10, 23, 57, 132, 301, 701, 1654, 3937, 9018, 20460]...: 18384810: ACCEPTED IN 34 TRIES, (AVG 540729.7058823529)
[1, 4, 10, 23, 57, 132, 301, 701, 1654, 3937, 9018, 20493]...: 4855939: ACCEPTED IN 9 TRIES, (AVG 539548.7777777778)
[1, 4, 10, 23, 57, 132, 301, 701, 1654, 3937, 9018, 20497]...: 5936682: ACCEPTED IN 11 TRIES, (AVG 539698.3636363636)
[1, 4, 10, 23, 57, 132, 301, 701, 1654, 3937, 9018, 20501]...: 5938501: ACCEPTED IN 11 TRIES, (AVG 539863.7272727273)
[1, 4, 10, 23, 57, 132, 301, 701, 1654, 3937, 9018, 20530]...: 10265789: ACCEPTED IN 19 TRIES, (AVG 540304.6842105263)
[1, 4, 10, 23, 57, 132, 301, 701, 1654, 3937, 9018, 20538]...: 10807190: ACCEPTED IN 20 TRIES, (AVG 540359.5)
[1, 4, 10, 23, 57, 132, 301, 701, 1654, 3937, 9018, 20551]...: 14055513: ACCEPTED IN 26 TRIES, (AVG 540596.6538461539)
[1, 4, 10, 23, 57, 132, 301, 701, 1654, 3937, 9018, 20555]...: 11348116: ACCEPTED IN 21 TRIES, (AVG 540386.4761904762)
[1, 4, 10, 23, 57, 132, 301, 701, 1654, 3937, 9018, 20588]...: 17842623: ACCEPTED IN 33 TRIES, (AVG 540685.5454545454)
[1, 4, 10, 23, 57, 132, 301, 701, 1654, 3937, 9018, 20592]...: 9725176: ACCEPTED IN 18 TRIES, (AVG 540287.5555555555)
[1, 4, 10, 23, 57, 132, 301, 701, 1654, 3937, 9018, 20625]...: 4855576: ACCEPTED IN 9 TRIES, (AVG 539508.4444444445)
[1, 4, 10, 23, 57, 132, 301, 701, 1654, 3937, 9018, 20629]...: 11890706: ACCEPTED IN 22 TRIES, (AVG 540486.6363636364)
[1, 4, 10, 23, 57, 132, 301, 701, 1654, 3937, 9018, 20662]...: 10808298: ACCEPTED IN 20 TRIES, (AVG 540414.9)
[1, 4, 10, 23, 57, 132, 301, 701, 1654, 3937, 9018, 20670]...: 8644244: ACCEPTED IN 16 TRIES, (AVG 540265.25)
[1, 4, 10, 23, 57, 132, 301, 701, 1654, 3937, 9018, 20687]...: 7019517: ACCEPTED IN 13 TRIES, (AVG 539962.8461538461)
[1, 4, 10, 23, 57, 132, 301, 701, 1654, 3937, 9018, 20720]...: 7020467: ACCEPTED IN 13 TRIES, (AVG 540035.9230769231)
[1, 4, 10, 23, 57, 132, 301, 701, 1654, 3937, 9018, 20724]...: 7020678: ACCEPTED IN 13 TRIES, (AVG 540052.1538461539)
[1, 4, 10, 23, 57, 132, 301, 701, 1654, 3937, 9018, 20757]...: 3774034: ACCEPTED IN 7 TRIES, (AVG 539147.7142857143)
[1, 4, 10, 23, 57, 132, 301, 701, 1654, 3937, 9018, 20761]...: 11890313: ACCEPTED IN 22 TRIES, (AVG 540468.7727272727)
[1, 4, 10, 23, 57, 132, 301, 701, 1654, 3937, 9018, 20794]...: 7561950: ACCEPTED IN 14 TRIES, (AVG 540139.2857142857)
[1, 4, 10, 23, 57, 132, 301, 701, 1654, 3937, 9018, 20802]...: 16219610: ACCEPTED IN 30 TRIES, (AVG 540653.6666666666)
[1, 4, 10, 23, 57, 132, 301, 701, 1654, 3937, 9018, 20819]...: 7562123: ACCEPTED IN 14 TRIES, (AVG 540151.6428571428)
[1, 4, 10, 23, 57, 132, 301, 701, 1654, 3937, 9018, 20831]...: 11346878: ACCEPTED IN 21 TRIES, (AVG 540327.5238095238)
[1, 4, 10, 23, 57, 132, 301, 701, 1654, 3937, 9018, 20852]...: 17302495: ACCEPTED IN 32 TRIES, (AVG 540702.96875)
[1, 4, 10, 23, 57, 132, 301, 701, 1654, 3937, 9018, 20856]...: 10266144: ACCEPTED IN 19 TRIES, (AVG 540323.3684210526)
[1, 4, 10, 23, 57, 132, 301, 701, 1654, 3937, 9018, 20889]...: 7020188: ACCEPTED IN 13 TRIES, (AVG 540014.4615384615)
[1, 4, 10, 23, 57, 132, 301, 701, 1654, 3937, 9018, 20893]...: 11348792: ACCEPTED IN 21 TRIES, (AVG 540418.6666666666)
[1, 4, 10, 23, 57, 132, 301, 701, 1654, 3937, 9018, 20926]...: 7562020: ACCEPTED IN 14 TRIES, (AVG 540144.2857142857)
[1, 4, 10, 23, 57, 132, 301, 701, 1654, 3937, 9018, 20930]...: 11889317: ACCEPTED IN 22 TRIES, (AVG 540423.5)
[1, 4, 10, 23, 57, 132, 301, 701, 1654, 3937, 9018, 20951]...: 11890539: ACCEPTED IN 22 TRIES, (AVG 540479.0454545454)
[1, 4, 10, 23, 57, 132, 301, 701, 1654, 3937, 9018, 20963]...: 11349827: ACCEPTED IN 21 TRIES, (AVG 540467.9523809524)
[1, 4, 10, 23, 57, 132, 301, 701, 1654, 3937, 9018, 20980]...: 7019716: ACCEPTED IN 13 TRIES, (AVG 539978.1538461539)
[1, 4, 10, 23, 57, 132, 301, 701, 1654, 3937, 9018, 20988]...: 7020691: ACCEPTED IN 13 TRIES, (AVG 540053.1538461539)
[1, 4, 10, 23, 57, 132, 301, 701, 1654, 3937, 9018, 21021]...: 20006334: ACCEPTED IN 37 TRIES, (AVG 540711.7297297297)
[1, 4, 10, 23, 57, 132, 301, 701, 1654, 3937, 9018, 21025]...: 9185511: ACCEPTED IN 17 TRIES, (AVG 540324.1764705882)
[1, 4, 10, 23, 57, 132, 301, 701, 1654, 3937, 9018, 21058]...: 9726586: ACCEPTED IN 18 TRIES, (AVG 540365.8888888889)
[1, 4, 10, 23, 57, 132, 301, 701, 1654, 3937, 9018, 21062]...: 5938346: ACCEPTED IN 11 TRIES, (AVG 539849.6363636364)
[1, 4, 10, 23, 57, 132, 301, 701, 1654, 3937, 9018, 21095]...: 7018516: ACCEPTED IN 13 TRIES, (AVG 539885.8461538461)
[1, 4, 10, 23, 57, 132, 301, 701, 1654, 3937, 9018, 21112]...: 10806614: ACCEPTED IN 20 TRIES, (AVG 540330.7)
[1, 4, 10, 23, 57, 132, 301, 701, 1654, 3937, 9018, 21120]...: 11889253: ACCEPTED IN 22 TRIES, (AVG 540420.5909090909)
[1, 4, 10, 23, 57, 132, 301, 701, 1654, 3937, 9018, 21153]...: 15137984: ACCEPTED IN 28 TRIES, (AVG 540642.2857142857)
[1, 4, 10, 23, 57, 132, 301, 701, 1654, 3937, 9018, 21157]...: 9724700: ACCEPTED IN 18 TRIES, (AVG 540261.1111111111)
[1, 4, 10, 23, 57, 132, 301, 701, 1654, 3937, 9018, 21190]...: 11349447: ACCEPTED IN 21 TRIES, (AVG 540449.8571428572)
[1, 4, 10, 23, 57, 132, 301, 701, 1654, 3937, 9018, 21194]...: 4854333: ACCEPTED IN 9 TRIES, (AVG 539370.3333333334)
[1, 4, 10, 23, 57, 132, 301, 701, 1654, 3937, 9018, 21227]...: 10808231: ACCEPTED IN 20 TRIES, (AVG 540411.55)
[1, 4, 10, 23, 57, 132, 301, 701, 1654, 3937, 9018, 21231]...: 5937816: ACCEPTED IN 11 TRIES, (AVG 539801.4545454546)
[1, 4, 10, 23, 57, 132, 301, 701, 1654, 3937, 9018, 21244]...: 3773350: ACCEPTED IN 7 TRIES, (AVG 539050.0)
[1, 4, 10, 23, 57, 132, 301, 701, 1654, 3937, 9018, 21252]...: 9726583: ACCEPTED IN 18 TRIES, (AVG 540365.7222222222)
[1, 4, 10, 23, 57, 132, 301, 701, 1654, 3937, 9018, 21281]...: 8102469: ACCEPTED IN 15 TRIES, (AVG 540164.6)
[1, 4, 10, 23, 57, 132, 301, 701, 1654, 3937, 9018, 21285]...: 10808188: ACCEPTED IN 20 TRIES, (AVG 540409.4)
[1, 4, 10, 23, 57, 132, 301, 701, 1654, 3937, 9018, 21289]...: 11890960: ACCEPTED IN 22 TRIES, (AVG 540498.1818181818)
[1, 4, 10, 23, 57, 132, 301, 701, 1654, 3937, 9018, 21322]...: 9726591: ACCEPTED IN 18 TRIES, (AVG 540366.1666666666)
[1, 4, 10, 23, 57, 132, 301, 701, 1654, 3937, 9018, 21326]...: 8101762: ACCEPTED IN 15 TRIES, (AVG 540117.4666666667)
[1, 4, 10, 23, 57, 132, 301, 701, 1654, 3937, 9018, 21359]...: 5396738: ACCEPTED IN 10 TRIES, (AVG 539673.8)
[1, 4, 10, 23, 57, 132, 301, 701, 1654, 3937, 9018, 21363]...: 7020312: ACCEPTED IN 13 TRIES, (AVG 540024.0)
[1, 4, 10, 23, 57, 132, 301, 701, 1654, 3937, 9018, 21376]...: 8643771: ACCEPTED IN 16 TRIES, (AVG 540235.6875)
[1, 4, 10, 23, 57, 132, 301, 701, 1654, 3937, 9018, 21413]...: 10806558: ACCEPTED IN 20 TRIES, (AVG 540327.9)
[1, 4, 10, 23, 57, 132, 301, 701, 1654, 3937, 9018, 21417]...: 9725883: ACCEPTED IN 18 TRIES, (AVG 540326.8333333334)
[1, 4, 10, 23, 57, 132, 301, 701, 1654, 3937, 9018, 21421]...: 6478399: ACCEPTED IN 12 TRIES, (AVG 539866.5833333334)
[1, 4, 10, 23, 57, 132, 301, 701, 1654, 3937, 9018, 21454]...: 11888405: ACCEPTED IN 22 TRIES, (AVG 540382.0454545454)
[1, 4, 10, 23, 57, 132, 301, 701, 1654, 3937, 9018, 21458]...: 6479076: ACCEPTED IN 12 TRIES, (AVG 539923.0)
[1, 4, 10, 23, 57, 132, 301, 701, 1654, 3937, 9018, 21491]...: 5938372: ACCEPTED IN 11 TRIES, (AVG 539852.0)
[1, 4, 10, 23, 57, 132, 301, 701, 1654, 3937, 9018, 21495]...: 11349889: ACCEPTED IN 21 TRIES, (AVG 540470.9047619047)
[1, 4, 10, 23, 57, 132, 301, 701, 1654, 3937, 9018, 21508]...: 4314862: ACCEPTED IN 8 TRIES, (AVG 539357.75)
[1, 4, 10, 23, 57, 132, 301, 701, 1654, 3937, 9018, 21532]...: 6478288: ACCEPTED IN 12 TRIES, (AVG 539857.3333333334)
[1, 4, 10, 23, 57, 132, 301, 701, 1654, 3937, 9018, 21545]...: 10266665: ACCEPTED IN 19 TRIES, (AVG 540350.7894736842)
[1, 4, 10, 23, 57, 132, 301, 701, 1654, 3937, 9018, 21549]...: 11888181: ACCEPTED IN 22 TRIES, (AVG 540371.8636363636)
[1, 4, 10, 23, 57, 132, 301, 701, 1654, 3937, 9018, 21553]...: 8101949: ACCEPTED IN 15 TRIES, (AVG 540129.9333333333)
[1, 4, 10, 23, 57, 132, 301, 701, 1654, 3937, 9018, 21582]...: 10267296: ACCEPTED IN 19 TRIES, (AVG 540384.0)
[1, 4, 10, 23, 57, 132, 301, 701, 1654, 3937, 9018, 21586]...: 6479114: ACCEPTED IN 12 TRIES, (AVG 539926.1666666666)
[1, 4, 10, 23, 57, 132, 301, 701, 1654, 3937, 9018, 21590]...: 4855467: ACCEPTED IN 9 TRIES, (AVG 539496.3333333334)
[1, 4, 10, 23, 57, 132, 301, 701, 1654, 3937, 9018, 21623]...: 9185482: ACCEPTED IN 17 TRIES, (AVG 540322.4705882353)
[1, 4, 10, 23, 57, 132, 301, 701, 1654, 3937, 9018, 21627]...: 5395989: ACCEPTED IN 10 TRIES, (AVG 539598.9)
[1, 4, 10, 23, 57, 132, 301, 701, 1654, 3937, 9018, 21640]...: 7020527: ACCEPTED IN 13 TRIES, (AVG 540040.5384615385)
