[1, 4, 10, 23, 57, 132, 301, 701, 1636, 3654, 8601, 18927]...: 13513252: ACCEPTED IN 25 TRIES, (AVG 540530.08)
[1, 4, 10, 23, 57, 132, 301, 701, 1636, 3654, 8601, 18948]...: 4315172: ACCEPTED IN 8 TRIES, (AVG 539396.5)
[1, 4, 10, 23, 57, 132, 301, 701, 1636, 3654, 8601, 18981]...: 10267347: ACCEPTED IN 19 TRIES, (AVG 540386.6842105263)
[1, 4, 10, 23, 57, 132, 301, 701, 1636, 3654, 8601, 18985]...: 10267201: ACCEPTED IN 19 TRIES, (AVG 540379.0)
[1, 4, 10, 23, 57, 132, 301, 701, 1636, 3654, 8601, 19015]...: 24335939: ACCEPTED IN 45 TRIES, (AVG 540798.6444444444)
[1, 4, 10, 23, 57, 132, 301, 701, 1636, 3654, 8601, 19018]...: 16219475: ACCEPTED IN 30 TRIES, (AVG 540649.1666666666)
[1, 4, 10, 23, 57, 132, 301, 701, 1636, 3654, 8601, 19022]...: 12972404: ACCEPTED IN 24 TRIES, (AVG 540516.8333333334)
[1, 4, 10, 23, 57, 132, 301, 701, 1636, 3654, 8601, 19048]...: 12973035: ACCEPTED IN 24 TRIES, (AVG 540543.125)
[1, 4, 10, 23, 57, 132, 301, 701, 1636, 3654, 8601, 19059]...: 11347480: ACCEPTED IN 21 TRIES, (AVG 540356.1904761905)
[1, 4, 10, 23, 57, 132, 301, 701, 1636, 3654, 8601, 19080]...: 10808646: ACCEPTED IN 20 TRIES, (AVG 540432.3)
[1, 4, 10, 23, 57, 132, 301, 701, 1636, 3654, 8601, 19117]...: 10266488: ACCEPTED IN 19 TRIES, (AVG 540341.4736842106)
[1, 4, 10, 23, 57, 132, 301, 701, 1636, 3654, 8601, 19147]...: 12430147: ACCEPTED IN 23 TRIES, (AVG 540441.1739130435)
[1, 4, 10, 23, 57, 132, 301, 701, 1636, 3654, 8601, 19150]...: 9726048: ACCEPTED IN 18 TRIES, (AVG 540336.0)
[1, 4, 10, 23, 57, 132, 301, 701, 1636, 3654, 8601, 19154]...: 12428793: ACCEPTED IN 23 TRIES, (AVG 540382.304347826)
[1, 4, 10, 23, 57, 132, 301, 701, 1636, 3654, 8601, 19184]...: 9724716: ACCEPTED IN 18 TRIES, (AVG 540262.0)
[1, 4, 10, 23, 57, 132, 301, 701, 1636, 3654, 8601, 19191]...: 12430644: ACCEPTED IN 23 TRIES, (AVG 540462.7826086957)
[1, 4, 10, 23, 57, 132, 301, 701, 1636, 3654, 8601, 19249]...: 16219473: ACCEPTED IN 30 TRIES, (AVG 540649.1)
[1, 4, 10, 23, 57, 132, 301, 701, 1636, 3654, 8601, 19282]...: 14055608: ACCEPTED IN 26 TRIES, (AVG 540600.3076923077)
[1, 4, 10, 23, 57, 132, 301, 701, 1636, 3654, 8601, 19283]...: 12431069: ACCEPTED IN 23 TRIES, (AVG 540481.2608695652)
[1, 4, 10, 23, 57, 132, 301, 701, 1636, 3654, 8601, 19286]...: 11889401: ACCEPTED IN 22 TRIES, (AVG 540427.3181818182)
[1, 4, 10, 23, 57, 132, 301, 701, 1636, 3654, 8601, 19316]...: 16218892: ACCEPTED IN 30 TRIES, (AVG 540629.7333333333)
[1, 4, 10, 23, 57, 132, 301, 701, 1636, 3654, 8601, 19323]...: 16217295: ACCEPTED IN 30 TRIES, (AVG 540576.5)
[1, 4, 10, 23, 57, 132, 301, 701, 1636, 3654, 8601, 19381]...: 12972434: ACCEPTED IN 24 TRIES, (AVG 540518.0833333334)
[1, 4, 10, 23, 57, 132, 301, 701, 1636, 3654, 8601, 19415]...: 15137194: ACCEPTED IN 28 TRIES, (AVG 540614.0714285715)
[1, 4, 10, 23, 57, 132, 301, 701, 1636, 3654, 8601, 19418]...: 10807253: ACCEPTED IN 20 TRIES, (AVG 540362.65)
[1, 4, 10, 23, 57, 132, 301, 701, 1636, 3654, 8601, 19448]...: 7020684: ACCEPTED IN 13 TRIES, (AVG 540052.6153846154)
[1, 4, 10, 23, 57, 132, 301, 701, 1636, 3654, 8601, 19455]...: 5397345: ACCEPTED IN 10 TRIES, (AVG 539734.5)
[1, 4, 10, 23, 57, 132, 301, 701, 1636, 3654, 8601, 19485]...: 11890547: ACCEPTED IN 22 TRIES, (AVG 540479.4090909091)
[1, 4, 10, 23, 57, 132, 301, 701, 1636, 3654, 8601, 19517]...: 12430307: ACCEPTED IN 23 TRIES, (AVG 540448.1304347826)
[1, 4, 10, 23, 57, 132, 301, 701, 1636, 3654, 8601, 19547]...: 9185400: ACCEPTED IN 17 TRIES, (AVG 540317.6470588235)
[1, 4, 10, 23, 57, 132, 301, 701, 1636, 3654, 8601, 19550]...: 10806987: ACCEPTED IN 20 TRIES, (AVG 540349.35)
[1, 4, 10, 23, 57, 132, 301, 701, 1636, 3654, 8601, 19584]...: 11346967: ACCEPTED IN 21 TRIES, (AVG 540331.7619047619)
[1, 4, 10, 23, 57, 132, 301, 701, 1636, 3654, 8601, 19587]...: 4856163: ACCEPTED IN 9 TRIES, (AVG 539573.6666666666)
[1, 4, 10, 23, 57, 132, 301, 701, 1636, 3654, 8601, 19617]...: 5396702: ACCEPTED IN 10 TRIES, (AVG 539670.2)
[1, 4, 10, 23, 57, 132, 301, 701, 1636, 3654, 8601, 19649]...: 14055662: ACCEPTED IN 26 TRIES, (AVG 540602.3846153846)
[1, 4, 10, 23, 57, 132, 301, 701, 1636, 3654, 8601, 19682]...: 5938701: ACCEPTED IN 11 TRIES, (AVG 539881.9090909091)
[1, 4, 10, 23, 57, 132, 301, 701, 1636, 3654, 8601, 19716]...: 12431727: ACCEPTED IN 23 TRIES, (AVG 540509.8695652174)
[1, 4, 10, 23, 57, 132, 301, 701, 1636, 3654, 8601, 19719]...: 14055482: ACCEPTED IN 26 TRIES, (AVG 540595.4615384615)
[1, 4, 10, 23, 57, 132, 301, 701, 1636, 3654, 8601, 19749]...: 9725557: ACCEPTED IN 18 TRIES, (AVG 540308.7222222222)
[1, 4, 10, 23, 57, 132, 301, 701, 1636, 3654, 8601, 19781]...: 4855338: ACCEPTED IN 9 TRIES, (AVG 539482.0)
[1, 4, 10, 23, 57, 132, 301, 701, 1636, 3654, 8601, 19818]...: 5938121: ACCEPTED IN 11 TRIES, (AVG 539829.1818181818)
[1, 4, 10, 23, 57, 132, 301, 701, 1636, 3654, 8601, 19848]...: 9184500: ACCEPTED IN 17 TRIES, (AVG 540264.7058823529)
[1, 4, 10, 23, 57, 132, 301, 701, 1636, 3654, 8601, 19851]...: 10808470: ACCEPTED IN 20 TRIES, (AVG 540423.5)
[1, 4, 10, 23, 57, 132, 301, 701, 1636, 3654, 8601, 19885]...: 5935033: ACCEPTED IN 11 TRIES, (AVG 539548.4545454546)
[1, 4, 10, 23, 57, 132, 301, 701, 1636, 3654, 8601, 19950]...: 11348868: ACCEPTED IN 21 TRIES, (AVG 540422.2857142857)
[1, 4, 10, 23, 57, 132, 301, 701, 1636, 3654, 8601, 19983]...: 12431864: ACCEPTED IN 23 TRIES, (AVG 540515.8260869565)
[1, 4, 10, 23, 57, 132, 301, 701, 1636, 3654, 8601, 19984]...: 6479096: ACCEPTED IN 12 TRIES, (AVG 539924.6666666666)
[1, 4, 10, 23, 57, 132, 301, 701, 1636, 3654, 8601, 20015]...: 6479817: ACCEPTED IN 12 TRIES, (AVG 539984.75)
[1, 4, 10, 23, 57, 132, 301, 701, 1636, 3654, 8601, 20017]...: 12431475: ACCEPTED IN 23 TRIES, (AVG 540498.9130434783)
[1, 4, 10, 23, 57, 132, 301, 701, 1636, 3654, 8601, 20082]...: 7020748: ACCEPTED IN 13 TRIES, (AVG 540057.5384615385)
[1, 4, 10, 23, 57, 132, 301, 701, 1636, 3654, 8601, 20116]...: 6479057: ACCEPTED IN 12 TRIES, (AVG 539921.4166666666)
[1, 4, 10, 23, 57, 132, 301, 701, 1636, 3654, 8601, 20119]...: 9184898: ACCEPTED IN 17 TRIES, (AVG 540288.1176470588)
[1, 4, 10, 23, 57, 132, 301, 701, 1636, 3654, 8601, 20149]...: 5397436: ACCEPTED IN 10 TRIES, (AVG 539743.6)
[1, 4, 10, 23, 57, 132, 301, 701, 1636, 3654, 8601, 20186]...: 5937566: ACCEPTED IN 11 TRIES, (AVG 539778.7272727273)
[1, 4, 10, 23, 57, 132, 301, 701, 1636, 3654, 8601, 20217]...: 12431526: ACCEPTED IN 23 TRIES, (AVG 540501.1304347826)
[1, 4, 10, 23, 57, 132, 301, 701, 1636, 3654, 8601, 20218]...: 8103236: ACCEPTED IN 15 TRIES, (AVG 540215.7333333333)
[1, 4, 10, 23, 57, 132, 301, 701, 1636, 3654, 8601, 20248]...: 6479539: ACCEPTED IN 12 TRIES, (AVG 539961.5833333334)
[1, 4, 10, 23, 57, 132, 301, 701, 1636, 3654, 8601, 20251]...: 11349798: ACCEPTED IN 21 TRIES, (AVG 540466.5714285715)
[1, 4, 10, 23, 57, 132, 301, 701, 1636, 3654, 8601, 20285]...: 5938538: ACCEPTED IN 11 TRIES, (AVG 539867.0909090909)
[1, 4, 10, 23, 57, 132, 301, 701, 1636, 3654, 8601, 20316]...: 4855313: ACCEPTED IN 9 TRIES, (AVG 539479.2222222222)
[1, 4, 10, 23, 57, 132, 301, 701, 1636, 3654, 8601, 20318]...: 14596126: ACCEPTED IN 27 TRIES, (AVG 540597.2592592592)
[1, 4, 10, 23, 57, 132, 301, 701, 1636, 3654, 8601, 20350]...: 5938435: ACCEPTED IN 11 TRIES, (AVG 539857.7272727273)
[1, 4, 10, 23, 57, 132, 301, 701, 1636, 3654, 8601, 20383]...: 11349000: ACCEPTED IN 21 TRIES, (AVG 540428.5714285715)
[1, 4, 10, 23, 57, 132, 301, 701, 1636, 3654, 8601, 20417]...: 2150031: ACCEPTED IN 4 TRIES, (AVG 537507.75)
[1, 4, 10, 23, 57, 132, 301, 701, 1636, 3654, 8601, 20420]...: 7020620: ACCEPTED IN 13 TRIES, (AVG 540047.6923076923)
[1, 4, 10, 23, 57, 132, 301, 701, 1636, 3654, 8601, 20450]...: 14051843: ACCEPTED IN 26 TRIES, (AVG 540455.5)
[1, 4, 10, 23, 57, 132, 301, 701, 1636, 3654, 8601, 20482]...: 5937945: ACCEPTED IN 11 TRIES, (AVG 539813.1818181818)
[1, 4, 10, 23, 57, 132, 301, 701, 1636, 3654, 8601, 20519]...: 11349233: ACCEPTED IN 21 TRIES, (AVG 540439.6666666666)
[1, 4, 10, 23, 57, 132, 301, 701, 1636, 3654, 8601, 20549]...: 4314933: ACCEPTED IN 8 TRIES, (AVG 539366.625)
[1, 4, 10, 23, 57, 132, 301, 701, 1636, 3654, 8601, 20552]...: 11349936: ACCEPTED IN 21 TRIES, (AVG 540473.1428571428)
[1, 4, 10, 23, 57, 132, 301, 701, 1636, 3654, 8601, 20586]...: 6479456: ACCEPTED IN 12 TRIES, (AVG 539954.6666666666)
[1, 4, 10, 23, 57, 132, 301, 701, 1636, 3654, 8601, 20617]...: 5396796: ACCEPTED IN 10 TRIES, (AVG 539679.6)
