[1, 4, 10, 23, 57, 132, 301, 701, 1636, 3654, 8685, 19119]...: 9725664: ACCEPTED IN 18 TRIES, (AVG 540314.6666666666)
[1, 4, 10, 23, 57, 132, 301, 701, 1636, 3654, 8685, 19121]...: 14054553: ACCEPTED IN 26 TRIES, (AVG 540559.7307692308)
[1, 4, 10, 23, 57, 132, 301, 701, 1636, 3654, 8685, 19122]...: 11349705: ACCEPTED IN 21 TRIES, (AVG 540462.1428571428)
[1, 4, 10, 23, 57, 132, 301, 701, 1636, 3654, 8685, 19123]...: 11349812: ACCEPTED IN 21 TRIES, (AVG 540467.2380952381)
[1, 4, 10, 23, 57, 132, 301, 701, 1636, 3654, 8685, 19124]...: 13513815: ACCEPTED IN 25 TRIES, (AVG 540552.6)
[1, 4, 10, 23, 57, 132, 301, 701, 1636, 3654, 8685, 19126]...: 7019517: ACCEPTED IN 13 TRIES, (AVG 539962.8461538461)
[1, 4, 10, 23, 57, 132, 301, 701, 1636, 3654, 8685, 19127]...: 9183473: ACCEPTED IN 17 TRIES, (AVG 540204.2941176471)
[1, 4, 10, 23, 57, 132, 301, 701, 1636, 3654, 8685, 19128]...: 12432047: ACCEPTED IN 23 TRIES, (AVG 540523.7826086957)
[1, 4, 10, 23, 57, 132, 301, 701, 1636, 3654, 8685, 19153]...: 10267417: ACCEPTED IN 19 TRIES, (AVG 540390.3684210526)
[1, 4, 10, 23, 57, 132, 301, 701, 1636, 3654, 8685, 19154]...: 29748392: ACCEPTED IN 55 TRIES, (AVG 540879.8545454545)
[1, 4, 10, 23, 57, 132, 301, 701, 1636, 3654, 8685, 19155]...: 9725226: ACCEPTED IN 18 TRIES, (AVG 540290.3333333334)
[1, 4, 10, 23, 57, 132, 301, 701, 1636, 3654, 8685, 19156]...: 17302373: ACCEPTED IN 32 TRIES, (AVG 540699.15625)
[1, 4, 10, 23, 57, 132, 301, 701, 1636, 3654, 8685, 19157]...: 8644245: ACCEPTED IN 16 TRIES, (AVG 540265.3125)
[1, 4, 10, 23, 57, 132, 301, 701, 1636, 3654, 8685, 19158]...: 25417523: ACCEPTED IN 47 TRIES, (AVG 540798.3617021276)
[1, 4, 10, 23, 57, 132, 301, 701, 1636, 3654, 8685, 19159]...: 11348601: ACCEPTED IN 21 TRIES, (AVG 540409.5714285715)
[1, 4, 10, 23, 57, 132, 301, 701, 1636, 3654, 8685, 19160]...: 10266594: ACCEPTED IN 19 TRIES, (AVG 540347.052631579)
[1, 4, 10, 23, 57, 132, 301, 701, 1636, 3654, 8685, 19161]...: 19467099: ACCEPTED IN 36 TRIES, (AVG 540752.75)
[1, 4, 10, 23, 57, 132, 301, 701, 1636, 3654, 8685, 19164]...: 7560919: ACCEPTED IN 14 TRIES, (AVG 540065.6428571428)
[1, 4, 10, 23, 57, 132, 301, 701, 1636, 3654, 8685, 19186]...: 15137539: ACCEPTED IN 28 TRIES, (AVG 540626.3928571428)
[1, 4, 10, 23, 57, 132, 301, 701, 1636, 3654, 8685, 19187]...: 12973333: ACCEPTED IN 24 TRIES, (AVG 540555.5416666666)
[1, 4, 10, 23, 57, 132, 301, 701, 1636, 3654, 8685, 19189]...: 10807028: ACCEPTED IN 20 TRIES, (AVG 540351.4)
[1, 4, 10, 23, 57, 132, 301, 701, 1636, 3654, 8685, 19190]...: 17843252: ACCEPTED IN 33 TRIES, (AVG 540704.6060606061)
[1, 4, 10, 23, 57, 132, 301, 701, 1636, 3654, 8685, 19191]...: 7020676: ACCEPTED IN 13 TRIES, (AVG 540052.0)
[1, 4, 10, 23, 57, 132, 301, 701, 1636, 3654, 8685, 19192]...: 12429851: ACCEPTED IN 23 TRIES, (AVG 540428.304347826)
[1, 4, 10, 23, 57, 132, 301, 701, 1636, 3654, 8685, 19193]...: 11349813: ACCEPTED IN 21 TRIES, (AVG 540467.2857142857)
[1, 4, 10, 23, 57, 132, 301, 701, 1636, 3654, 8685, 19194]...: 11349124: ACCEPTED IN 21 TRIES, (AVG 540434.4761904762)
[1, 4, 10, 23, 57, 132, 301, 701, 1636, 3654, 8685, 19221]...: 14596278: ACCEPTED IN 27 TRIES, (AVG 540602.8888888889)
[1, 4, 10, 23, 57, 132, 301, 701, 1636, 3654, 8685, 19222]...: 7020532: ACCEPTED IN 13 TRIES, (AVG 540040.9230769231)
[1, 4, 10, 23, 57, 132, 301, 701, 1636, 3654, 8685, 19223]...: 12431376: ACCEPTED IN 23 TRIES, (AVG 540494.6086956522)
[1, 4, 10, 23, 57, 132, 301, 701, 1636, 3654, 8685, 19224]...: 7020728: ACCEPTED IN 13 TRIES, (AVG 540056.0)
[1, 4, 10, 23, 57, 132, 301, 701, 1636, 3654, 8685, 19225]...: 14055246: ACCEPTED IN 26 TRIES, (AVG 540586.3846153846)
[1, 4, 10, 23, 57, 132, 301, 701, 1636, 3654, 8685, 19226]...: 5936220: ACCEPTED IN 11 TRIES, (AVG 539656.3636363636)
[1, 4, 10, 23, 57, 132, 301, 701, 1636, 3654, 8685, 19227]...: 14596274: ACCEPTED IN 27 TRIES, (AVG 540602.7407407408)
[1, 4, 10, 23, 57, 132, 301, 701, 1636, 3654, 8685, 19229]...: 9184513: ACCEPTED IN 17 TRIES, (AVG 540265.4705882353)
[1, 4, 10, 23, 57, 132, 301, 701, 1636, 3654, 8685, 19253]...: 14596597: ACCEPTED IN 27 TRIES, (AVG 540614.7037037037)
[1, 4, 10, 23, 57, 132, 301, 701, 1636, 3654, 8685, 19254]...: 12431533: ACCEPTED IN 23 TRIES, (AVG 540501.4347826086)
[1, 4, 10, 23, 57, 132, 301, 701, 1636, 3654, 8685, 19255]...: 10265673: ACCEPTED IN 19 TRIES, (AVG 540298.5789473684)
[1, 4, 10, 23, 57, 132, 301, 701, 1636, 3654, 8685, 19256]...: 7560101: ACCEPTED IN 14 TRIES, (AVG 540007.2142857143)
[1, 4, 10, 23, 57, 132, 301, 701, 1636, 3654, 8685, 19257]...: 7019253: ACCEPTED IN 13 TRIES, (AVG 539942.5384615385)
[1, 4, 10, 23, 57, 132, 301, 701, 1636, 3654, 8685, 19258]...: 8102890: ACCEPTED IN 15 TRIES, (AVG 540192.6666666666)
[1, 4, 10, 23, 57, 132, 301, 701, 1636, 3654, 8685, 19259]...: 11890945: ACCEPTED IN 22 TRIES, (AVG 540497.5)
[1, 4, 10, 23, 57, 132, 301, 701, 1636, 3654, 8685, 19260]...: 19466549: ACCEPTED IN 36 TRIES, (AVG 540737.4722222222)
[1, 4, 10, 23, 57, 132, 301, 701, 1636, 3654, 8685, 19264]...: 13513567: ACCEPTED IN 25 TRIES, (AVG 540542.68)
[1, 4, 10, 23, 57, 132, 301, 701, 1636, 3654, 8685, 19285]...: 21089166: ACCEPTED IN 39 TRIES, (AVG 540747.8461538461)
[1, 4, 10, 23, 57, 132, 301, 701, 1636, 3654, 8685, 19286]...: 26501852: ACCEPTED IN 49 TRIES, (AVG 540854.1224489796)
[1, 4, 10, 23, 57, 132, 301, 701, 1636, 3654, 8685, 19288]...: 14055072: ACCEPTED IN 26 TRIES, (AVG 540579.6923076923)
[1, 4, 10, 23, 57, 132, 301, 701, 1636, 3654, 8685, 19289]...: 14055595: ACCEPTED IN 26 TRIES, (AVG 540599.8076923077)
[1, 4, 10, 23, 57, 132, 301, 701, 1636, 3654, 8685, 19290]...: 10266165: ACCEPTED IN 19 TRIES, (AVG 540324.4736842106)
[1, 4, 10, 23, 57, 132, 301, 701, 1636, 3654, 8685, 19291]...: 13513819: ACCEPTED IN 25 TRIES, (AVG 540552.76)
[1, 4, 10, 23, 57, 132, 301, 701, 1636, 3654, 8685, 19292]...: 14594182: ACCEPTED IN 27 TRIES, (AVG 540525.2592592592)
[1, 4, 10, 23, 57, 132, 301, 701, 1636, 3654, 8685, 19293]...: 7020145: ACCEPTED IN 13 TRIES, (AVG 540011.1538461539)
[1, 4, 10, 23, 57, 132, 301, 701, 1636, 3654, 8685, 19296]...: 27042501: ACCEPTED IN 50 TRIES, (AVG 540850.02)
[1, 4, 10, 23, 57, 132, 301, 701, 1636, 3654, 8685, 19321]...: 17299631: ACCEPTED IN 32 TRIES, (AVG 540613.46875)
[1, 4, 10, 23, 57, 132, 301, 701, 1636, 3654, 8685, 19322]...: 9723537: ACCEPTED IN 18 TRIES, (AVG 540196.5)
[1, 4, 10, 23, 57, 132, 301, 701, 1636, 3654, 8685, 19323]...: 10266955: ACCEPTED IN 19 TRIES, (AVG 540366.052631579)
[1, 4, 10, 23, 57, 132, 301, 701, 1636, 3654, 8685, 19324]...: 9724992: ACCEPTED IN 18 TRIES, (AVG 540277.3333333334)
[1, 4, 10, 23, 57, 132, 301, 701, 1636, 3654, 8685, 19325]...: 11349509: ACCEPTED IN 21 TRIES, (AVG 540452.8095238095)
[1, 4, 10, 23, 57, 132, 301, 701, 1636, 3654, 8685, 19326]...: 10807469: ACCEPTED IN 20 TRIES, (AVG 540373.45)
[1, 4, 10, 23, 57, 132, 301, 701, 1636, 3654, 8685, 19328]...: 10807966: ACCEPTED IN 20 TRIES, (AVG 540398.3)
[1, 4, 10, 23, 57, 132, 301, 701, 1636, 3654, 8685, 19353]...: 22713896: ACCEPTED IN 42 TRIES, (AVG 540807.0476190476)
[1, 4, 10, 23, 57, 132, 301, 701, 1636, 3654, 8685, 19355]...: 9184943: ACCEPTED IN 17 TRIES, (AVG 540290.7647058824)
[1, 4, 10, 23, 57, 132, 301, 701, 1636, 3654, 8685, 19356]...: 12972041: ACCEPTED IN 24 TRIES, (AVG 540501.7083333334)
[1, 4, 10, 23, 57, 132, 301, 701, 1636, 3654, 8685, 19357]...: 11890999: ACCEPTED IN 22 TRIES, (AVG 540499.9545454546)
[1, 4, 10, 23, 57, 132, 301, 701, 1636, 3654, 8685, 19358]...: 14595977: ACCEPTED IN 27 TRIES, (AVG 540591.7407407408)
[1, 4, 10, 23, 57, 132, 301, 701, 1636, 3654, 8685, 19359]...: 8102121: ACCEPTED IN 15 TRIES, (AVG 540141.4)
[1, 4, 10, 23, 57, 132, 301, 701, 1636, 3654, 8685, 19360]...: 8103165: ACCEPTED IN 15 TRIES, (AVG 540211.0)
[1, 4, 10, 23, 57, 132, 301, 701, 1636, 3654, 8685, 19361]...: 8103088: ACCEPTED IN 15 TRIES, (AVG 540205.8666666667)
[1, 4, 10, 23, 57, 132, 301, 701, 1636, 3654, 8685, 19362]...: 15137277: ACCEPTED IN 28 TRIES, (AVG 540617.0357142857)
[1, 4, 10, 23, 57, 132, 301, 701, 1636, 3654, 8685, 19363]...: 11349449: ACCEPTED IN 21 TRIES, (AVG 540449.9523809524)
[1, 4, 10, 23, 57, 132, 301, 701, 1636, 3654, 8685, 19385]...: 7561967: ACCEPTED IN 14 TRIES, (AVG 540140.5)
[1, 4, 10, 23, 57, 132, 301, 701, 1636, 3654, 8685, 19387]...: 14055443: ACCEPTED IN 26 TRIES, (AVG 540593.9615384615)
[1, 4, 10, 23, 57, 132, 301, 701, 1636, 3654, 8685, 19389]...: 9726411: ACCEPTED IN 18 TRIES, (AVG 540356.1666666666)
[1, 4, 10, 23, 57, 132, 301, 701, 1636, 3654, 8685, 19390]...: 14054817: ACCEPTED IN 26 TRIES, (AVG 540569.8846153846)
[1, 4, 10, 23, 57, 132, 301, 701, 1636, 3654, 8685, 19391]...: 10808237: ACCEPTED IN 20 TRIES, (AVG 540411.85)
[1, 4, 10, 23, 57, 132, 301, 701, 1636, 3654, 8685, 19392]...: 7561702: ACCEPTED IN 14 TRIES, (AVG 540121.5714285715)
[1, 4, 10, 23, 57, 132, 301, 701, 1636, 3654, 8685, 19395]...: 19465678: ACCEPTED IN 36 TRIES, (AVG 540713.2777777778)
[1, 4, 10, 23, 57, 132, 301, 701, 1636, 3654, 8685, 19396]...: 27042450: ACCEPTED IN 50 TRIES, (AVG 540849.0)
[1, 4, 10, 23, 57, 132, 301, 701, 1636, 3654, 8685, 19398]...: 14054491: ACCEPTED IN 26 TRIES, (AVG 540557.3461538461)
[1, 4, 10, 23, 57, 132, 301, 701, 1636, 3654, 8685, 19420]...: 17301385: ACCEPTED IN 32 TRIES, (AVG 540668.28125)
[1, 4, 10, 23, 57, 132, 301, 701, 1636, 3654, 8685, 19422]...: 3773995: ACCEPTED IN 7 TRIES, (AVG 539142.1428571428)
[1, 4, 10, 23, 57, 132, 301, 701, 1636, 3654, 8685, 19423]...: 9182094: ACCEPTED IN 17 TRIES, (AVG 540123.1764705882)
[1, 4, 10, 23, 57, 132, 301, 701, 1636, 3654, 8685, 19424]...: 14054243: ACCEPTED IN 26 TRIES, (AVG 540547.8076923077)
[1, 4, 10, 23, 57, 132, 301, 701, 1636, 3654, 8685, 19425]...: 10808830: ACCEPTED IN 20 TRIES, (AVG 540441.5)
[1, 4, 10, 23, 57, 132, 301, 701, 1636, 3654, 8685, 19427]...: 12431882: ACCEPTED IN 23 TRIES, (AVG 540516.6086956522)
[1, 4, 10, 23, 57, 132, 301, 701, 1636, 3654, 8685, 19428]...: 3232332: ACCEPTED IN 6 TRIES, (AVG 538722.0)
[1, 4, 10, 23, 57, 132, 301, 701, 1636, 3654, 8685, 19429]...: 10267461: ACCEPTED IN 19 TRIES, (AVG 540392.6842105263)
[1, 4, 10, 23, 57, 132, 301, 701, 1636, 3654, 8685, 19454]...: 6479208: ACCEPTED IN 12 TRIES, (AVG 539934.0)
[1, 4, 10, 23, 57, 132, 301, 701, 1636, 3654, 8685, 19455]...: 7020331: ACCEPTED IN 13 TRIES, (AVG 540025.4615384615)
[1, 4, 10, 23, 57, 132, 301, 701, 1636, 3654, 8685, 19456]...: 10808654: ACCEPTED IN 20 TRIES, (AVG 540432.7)
[1, 4, 10, 23, 57, 132, 301, 701, 1636, 3654, 8685, 19457]...: 9185108: ACCEPTED IN 17 TRIES, (AVG 540300.4705882353)
[1, 4, 10, 23, 57, 132, 301, 701, 1636, 3654, 8685, 19458]...: 17302565: ACCEPTED IN 32 TRIES, (AVG 540705.15625)
[1, 4, 10, 23, 57, 132, 301, 701, 1636, 3654, 8685, 19459]...: 12973121: ACCEPTED IN 24 TRIES, (AVG 540546.7083333334)
[1, 4, 10, 23, 57, 132, 301, 701, 1636, 3654, 8685, 19460]...: 9184964: ACCEPTED IN 17 TRIES, (AVG 540292.0)
[1, 4, 10, 23, 57, 132, 301, 701, 1636, 3654, 8685, 19461]...: 4855276: ACCEPTED IN 9 TRIES, (AVG 539475.1111111111)
[1, 4, 10, 23, 57, 132, 301, 701, 1636, 3654, 8685, 19462]...: 16218759: ACCEPTED IN 30 TRIES, (AVG 540625.3)
[1, 4, 10, 23, 57, 132, 301, 701, 1636, 3654, 8685, 19465]...: 7020120: ACCEPTED IN 13 TRIES, (AVG 540009.2307692308)
[1, 4, 10, 23, 57, 132, 301, 701, 1636, 3654, 8685, 19487]...: 9726151: ACCEPTED IN 18 TRIES, (AVG 540341.7222222222)
[1, 4, 10, 23, 57, 132, 301, 701, 1636, 3654, 8685, 19488]...: 8103193: ACCEPTED IN 15 TRIES, (AVG 540212.8666666667)
[1, 4, 10, 23, 57, 132, 301, 701, 1636, 3654, 8685, 19489]...: 10266834: ACCEPTED IN 19 TRIES, (AVG 540359.6842105263)
[1, 4, 10, 23, 57, 132, 301, 701, 1636, 3654, 8685, 19490]...: 9725386: ACCEPTED IN 18 TRIES, (AVG 540299.2222222222)
[1, 4, 10, 23, 57, 132, 301, 701, 1636, 3654, 8685, 19491]...: 7561326: ACCEPTED IN 14 TRIES, (AVG 540094.7142857143)
[1, 4, 10, 23, 57, 132, 301, 701, 1636, 3654, 8685, 19492]...: 9185438: ACCEPTED IN 17 TRIES, (AVG 540319.8823529412)
[1, 4, 10, 23, 57, 132, 301, 701, 1636, 3654, 8685, 19493]...: 10267367: ACCEPTED IN 19 TRIES, (AVG 540387.7368421053)
[1, 4, 10, 23, 57, 132, 301, 701, 1636, 3654, 8685, 19494]...: 25418632: ACCEPTED IN 47 TRIES, (AVG 540821.9574468085)
[1, 4, 10, 23, 57, 132, 301, 701, 1636, 3654, 8685, 19495]...: 14055284: ACCEPTED IN 26 TRIES, (AVG 540587.8461538461)
[1, 4, 10, 23, 57, 132, 301, 701, 1636, 3654, 8685, 19519]...: 7561295: ACCEPTED IN 14 TRIES, (AVG 540092.5)
[1, 4, 10, 23, 57, 132, 301, 701, 1636, 3654, 8685, 19522]...: 10806778: ACCEPTED IN 20 TRIES, (AVG 540338.9)
[1, 4, 10, 23, 57, 132, 301, 701, 1636, 3654, 8685, 19523]...: 12971921: ACCEPTED IN 24 TRIES, (AVG 540496.7083333334)
[1, 4, 10, 23, 57, 132, 301, 701, 1636, 3654, 8685, 19524]...: 12972448: ACCEPTED IN 24 TRIES, (AVG 540518.6666666666)
[1, 4, 10, 23, 57, 132, 301, 701, 1636, 3654, 8685, 19526]...: 17300483: ACCEPTED IN 32 TRIES, (AVG 540640.09375)
[1, 4, 10, 23, 57, 132, 301, 701, 1636, 3654, 8685, 19527]...: 7020973: ACCEPTED IN 13 TRIES, (AVG 540074.8461538461)
[1, 4, 10, 23, 57, 132, 301, 701, 1636, 3654, 8685, 19528]...: 11347946: ACCEPTED IN 21 TRIES, (AVG 540378.380952381)
[1, 4, 10, 23, 57, 132, 301, 701, 1636, 3654, 8685, 19530]...: 9183467: ACCEPTED IN 17 TRIES, (AVG 540203.9411764706)
[1, 4, 10, 23, 57, 132, 301, 701, 1636, 3654, 8685, 19554]...: 21090383: ACCEPTED IN 39 TRIES, (AVG 540779.0512820513)
[1, 4, 10, 23, 57, 132, 301, 701, 1636, 3654, 8685, 19555]...: 5937501: ACCEPTED IN 11 TRIES, (AVG 539772.8181818182)
[1, 4, 10, 23, 57, 132, 301, 701, 1636, 3654, 8685, 19556]...: 15137078: ACCEPTED IN 28 TRIES, (AVG 540609.9285714285)
[1, 4, 10, 23, 57, 132, 301, 701, 1636, 3654, 8685, 19557]...: 11891175: ACCEPTED IN 22 TRIES, (AVG 540507.9545454546)
[1, 4, 10, 23, 57, 132, 301, 701, 1636, 3654, 8685, 19558]...: 13512968: ACCEPTED IN 25 TRIES, (AVG 540518.72)
[1, 4, 10, 23, 57, 132, 301, 701, 1636, 3654, 8685, 19559]...: 16219342: ACCEPTED IN 30 TRIES, (AVG 540644.7333333333)
[1, 4, 10, 23, 57, 132, 301, 701, 1636, 3654, 8685, 19560]...: 7019995: ACCEPTED IN 13 TRIES, (AVG 539999.6153846154)
[1, 4, 10, 23, 57, 132, 301, 701, 1636, 3654, 8685, 19561]...: 9724278: ACCEPTED IN 18 TRIES, (AVG 540237.6666666666)
[1, 4, 10, 23, 57, 132, 301, 701, 1636, 3654, 8685, 19565]...: 7020472: ACCEPTED IN 13 TRIES, (AVG 540036.3076923077)
[1, 4, 10, 23, 57, 132, 301, 701, 1636, 3654, 8685, 19586]...: 10806154: ACCEPTED IN 20 TRIES, (AVG 540307.7)
[1, 4, 10, 23, 57, 132, 301, 701, 1636, 3654, 8685, 19587]...: 5936355: ACCEPTED IN 11 TRIES, (AVG 539668.6363636364)
[1, 4, 10, 23, 57, 132, 301, 701, 1636, 3654, 8685, 19589]...: 5396454: ACCEPTED IN 10 TRIES, (AVG 539645.4)
[1, 4, 10, 23, 57, 132, 301, 701, 1636, 3654, 8685, 19590]...: 9724933: ACCEPTED IN 18 TRIES, (AVG 540274.0555555555)
[1, 4, 10, 23, 57, 132, 301, 701, 1636, 3654, 8685, 19591]...: 5936814: ACCEPTED IN 11 TRIES, (AVG 539710.3636363636)
[1, 4, 10, 23, 57, 132, 301, 701, 1636, 3654, 8685, 19592]...: 6479436: ACCEPTED IN 12 TRIES, (AVG 539953.0)
[1, 4, 10, 23, 57, 132, 301, 701, 1636, 3654, 8685, 19593]...: 6479770: ACCEPTED IN 12 TRIES, (AVG 539980.8333333334)
[1, 4, 10, 23, 57, 132, 301, 701, 1636, 3654, 8685, 19594]...: 17299515: ACCEPTED IN 32 TRIES, (AVG 540609.84375)
[1, 4, 10, 23, 57, 132, 301, 701, 1636, 3654, 8685, 19597]...: 14054242: ACCEPTED IN 26 TRIES, (AVG 540547.7692307692)
[1, 4, 10, 23, 57, 132, 301, 701, 1636, 3654, 8685, 19621]...: 9184291: ACCEPTED IN 17 TRIES, (AVG 540252.4117647059)
[1, 4, 10, 23, 57, 132, 301, 701, 1636, 3654, 8685, 19622]...: 17300093: ACCEPTED IN 32 TRIES, (AVG 540627.90625)
[1, 4, 10, 23, 57, 132, 301, 701, 1636, 3654, 8685, 19623]...: 8103055: ACCEPTED IN 15 TRIES, (AVG 540203.6666666666)
[1, 4, 10, 23, 57, 132, 301, 701, 1636, 3654, 8685, 19624]...: 4312134: ACCEPTED IN 8 TRIES, (AVG 539016.75)
[1, 4, 10, 23, 57, 132, 301, 701, 1636, 3654, 8685, 19625]...: 16761081: ACCEPTED IN 31 TRIES, (AVG 540680.0322580645)
[1, 4, 10, 23, 57, 132, 301, 701, 1636, 3654, 8685, 19626]...: 11349639: ACCEPTED IN 21 TRIES, (AVG 540459.0)
[1, 4, 10, 23, 57, 132, 301, 701, 1636, 3654, 8685, 19627]...: 19465394: ACCEPTED IN 36 TRIES, (AVG 540705.3888888889)
[1, 4, 10, 23, 57, 132, 301, 701, 1636, 3654, 8685, 19629]...: 10808643: ACCEPTED IN 20 TRIES, (AVG 540432.15)
[1, 4, 10, 23, 57, 132, 301, 701, 1636, 3654, 8685, 19654]...: 6479242: ACCEPTED IN 12 TRIES, (AVG 539936.8333333334)
[1, 4, 10, 23, 57, 132, 301, 701, 1636, 3654, 8685, 19656]...: 10808463: ACCEPTED IN 20 TRIES, (AVG 540423.15)
[1, 4, 10, 23, 57, 132, 301, 701, 1636, 3654, 8685, 19657]...: 8103087: ACCEPTED IN 15 TRIES, (AVG 540205.8)
[1, 4, 10, 23, 57, 132, 301, 701, 1636, 3654, 8685, 19658]...: 9725189: ACCEPTED IN 18 TRIES, (AVG 540288.2777777778)
[1, 4, 10, 23, 57, 132, 301, 701, 1636, 3654, 8685, 19659]...: 10267077: ACCEPTED IN 19 TRIES, (AVG 540372.4736842106)
[1, 4, 10, 23, 57, 132, 301, 701, 1636, 3654, 8685, 19660]...: 9184541: ACCEPTED IN 17 TRIES, (AVG 540267.1176470588)
[1, 4, 10, 23, 57, 132, 301, 701, 1636, 3654, 8685, 19661]...: 6479283: ACCEPTED IN 12 TRIES, (AVG 539940.25)
[1, 4, 10, 23, 57, 132, 301, 701, 1636, 3654, 8685, 19662]...: 7020967: ACCEPTED IN 13 TRIES, (AVG 540074.3846153846)
[1, 4, 10, 23, 57, 132, 301, 701, 1636, 3654, 8685, 19663]...: 12972705: ACCEPTED IN 24 TRIES, (AVG 540529.375)
[1, 4, 10, 23, 57, 132, 301, 701, 1636, 3654, 8685, 19664]...: 12970780: ACCEPTED IN 24 TRIES, (AVG 540449.1666666666)
[1, 4, 10, 23, 57, 132, 301, 701, 1636, 3654, 8685, 19686]...: 5938560: ACCEPTED IN 11 TRIES, (AVG 539869.0909090909)
[1, 4, 10, 23, 57, 132, 301, 701, 1636, 3654, 8685, 19688]...: 11348710: ACCEPTED IN 21 TRIES, (AVG 540414.7619047619)
[1, 4, 10, 23, 57, 132, 301, 701, 1636, 3654, 8685, 19689]...: 9184588: ACCEPTED IN 17 TRIES, (AVG 540269.8823529412)
[1, 4, 10, 23, 57, 132, 301, 701, 1636, 3654, 8685, 19690]...: 14054209: ACCEPTED IN 26 TRIES, (AVG 540546.5)
[1, 4, 10, 23, 57, 132, 301, 701, 1636, 3654, 8685, 19691]...: 9725366: ACCEPTED IN 18 TRIES, (AVG 540298.1111111111)
[1, 4, 10, 23, 57, 132, 301, 701, 1636, 3654, 8685, 19692]...: 17843187: ACCEPTED IN 33 TRIES, (AVG 540702.6363636364)
[1, 4, 10, 23, 57, 132, 301, 701, 1636, 3654, 8685, 19693]...: 10267341: ACCEPTED IN 19 TRIES, (AVG 540386.3684210526)
[1, 4, 10, 23, 57, 132, 301, 701, 1636, 3654, 8685, 19696]...: 8101867: ACCEPTED IN 15 TRIES, (AVG 540124.4666666667)
[1, 4, 10, 23, 57, 132, 301, 701, 1636, 3654, 8685, 19697]...: 10808656: ACCEPTED IN 20 TRIES, (AVG 540432.8)
[1, 4, 10, 23, 57, 132, 301, 701, 1636, 3654, 8685, 19699]...: 10267604: ACCEPTED IN 19 TRIES, (AVG 540400.2105263158)
[1, 4, 10, 23, 57, 132, 301, 701, 1636, 3654, 8685, 19721]...: 6478858: ACCEPTED IN 12 TRIES, (AVG 539904.8333333334)
[1, 4, 10, 23, 57, 132, 301, 701, 1636, 3654, 8685, 19722]...: 8099613: ACCEPTED IN 15 TRIES, (AVG 539974.2)
[1, 4, 10, 23, 57, 132, 301, 701, 1636, 3654, 8685, 19723]...: 5937496: ACCEPTED IN 11 TRIES, (AVG 539772.3636363636)
[1, 4, 10, 23, 57, 132, 301, 701, 1636, 3654, 8685, 19724]...: 10807224: ACCEPTED IN 20 TRIES, (AVG 540361.2)
[1, 4, 10, 23, 57, 132, 301, 701, 1636, 3654, 8685, 19725]...: 9722933: ACCEPTED IN 18 TRIES, (AVG 540162.9444444445)
[1, 4, 10, 23, 57, 132, 301, 701, 1636, 3654, 8685, 19726]...: 6477888: ACCEPTED IN 12 TRIES, (AVG 539824.0)
[1, 4, 10, 23, 57, 132, 301, 701, 1636, 3654, 8685, 19728]...: 14054425: ACCEPTED IN 26 TRIES, (AVG 540554.8076923077)
[1, 4, 10, 23, 57, 132, 301, 701, 1636, 3654, 8685, 19729]...: 10266412: ACCEPTED IN 19 TRIES, (AVG 540337.4736842106)
[1, 4, 10, 23, 57, 132, 301, 701, 1636, 3654, 8685, 19730]...: 10266006: ACCEPTED IN 19 TRIES, (AVG 540316.1052631579)
[1, 4, 10, 23, 57, 132, 301, 701, 1636, 3654, 8685, 19753]...: 12431607: ACCEPTED IN 23 TRIES, (AVG 540504.6521739131)
[1, 4, 10, 23, 57, 132, 301, 701, 1636, 3654, 8685, 19755]...: 4314092: ACCEPTED IN 8 TRIES, (AVG 539261.5)
[1, 4, 10, 23, 57, 132, 301, 701, 1636, 3654, 8685, 19756]...: 11349577: ACCEPTED IN 21 TRIES, (AVG 540456.0476190476)
[1, 4, 10, 23, 57, 132, 301, 701, 1636, 3654, 8685, 19757]...: 7020766: ACCEPTED IN 13 TRIES, (AVG 540058.9230769231)
[1, 4, 10, 23, 57, 132, 301, 701, 1636, 3654, 8685, 19758]...: 11888950: ACCEPTED IN 22 TRIES, (AVG 540406.8181818182)
[1, 4, 10, 23, 57, 132, 301, 701, 1636, 3654, 8685, 19759]...: 5938692: ACCEPTED IN 11 TRIES, (AVG 539881.0909090909)
[1, 4, 10, 23, 57, 132, 301, 701, 1636, 3654, 8685, 19760]...: 5938397: ACCEPTED IN 11 TRIES, (AVG 539854.2727272727)
[1, 4, 10, 23, 57, 132, 301, 701, 1636, 3654, 8685, 19761]...: 9725636: ACCEPTED IN 18 TRIES, (AVG 540313.1111111111)
[1, 4, 10, 23, 57, 132, 301, 701, 1636, 3654, 8685, 19762]...: 3232910: ACCEPTED IN 6 TRIES, (AVG 538818.3333333334)
[1, 4, 10, 23, 57, 132, 301, 701, 1636, 3654, 8685, 19763]...: 5938154: ACCEPTED IN 11 TRIES, (AVG 539832.1818181818)
[1, 4, 10, 23, 57, 132, 301, 701, 1636, 3654, 8685, 19788]...: 23253961: ACCEPTED IN 43 TRIES, (AVG 540789.7906976744)
[1, 4, 10, 23, 57, 132, 301, 701, 1636, 3654, 8685, 19789]...: 8102936: ACCEPTED IN 15 TRIES, (AVG 540195.7333333333)
[1, 4, 10, 23, 57, 132, 301, 701, 1636, 3654, 8685, 19790]...: 6479466: ACCEPTED IN 12 TRIES, (AVG 539955.5)
[1, 4, 10, 23, 57, 132, 301, 701, 1636, 3654, 8685, 19791]...: 14596890: ACCEPTED IN 27 TRIES, (AVG 540625.5555555555)
[1, 4, 10, 23, 57, 132, 301, 701, 1636, 3654, 8685, 19792]...: 11350061: ACCEPTED IN 21 TRIES, (AVG 540479.0952380953)
[1, 4, 10, 23, 57, 132, 301, 701, 1636, 3654, 8685, 19793]...: 13513709: ACCEPTED IN 25 TRIES, (AVG 540548.36)
[1, 4, 10, 23, 57, 132, 301, 701, 1636, 3654, 8685, 19794]...: 6479607: ACCEPTED IN 12 TRIES, (AVG 539967.25)
[1, 4, 10, 23, 57, 132, 301, 701, 1636, 3654, 8685, 19795]...: 22713059: ACCEPTED IN 42 TRIES, (AVG 540787.119047619)
[1, 4, 10, 23, 57, 132, 301, 701, 1636, 3654, 8685, 19796]...: 7020164: ACCEPTED IN 13 TRIES, (AVG 540012.6153846154)
[1, 4, 10, 23, 57, 132, 301, 701, 1636, 3654, 8685, 19798]...: 12432296: ACCEPTED IN 23 TRIES, (AVG 540534.6086956522)
[1, 4, 10, 23, 57, 132, 301, 701, 1636, 3654, 8685, 19820]...: 7020060: ACCEPTED IN 13 TRIES, (AVG 540004.6153846154)
[1, 4, 10, 23, 57, 132, 301, 701, 1636, 3654, 8685, 19823]...: 4314862: ACCEPTED IN 8 TRIES, (AVG 539357.75)
[1, 4, 10, 23, 57, 132, 301, 701, 1636, 3654, 8685, 19824]...: 10265594: ACCEPTED IN 19 TRIES, (AVG 540294.4210526316)
[1, 4, 10, 23, 57, 132, 301, 701, 1636, 3654, 8685, 19825]...: 11350049: ACCEPTED IN 21 TRIES, (AVG 540478.5238095238)
[1, 4, 10, 23, 57, 132, 301, 701, 1636, 3654, 8685, 19827]...: 12432073: ACCEPTED IN 23 TRIES, (AVG 540524.9130434783)
[1, 4, 10, 23, 57, 132, 301, 701, 1636, 3654, 8685, 19828]...: 14595108: ACCEPTED IN 27 TRIES, (AVG 540559.5555555555)
[1, 4, 10, 23, 57, 132, 301, 701, 1636, 3654, 8685, 19829]...: 7560948: ACCEPTED IN 14 TRIES, (AVG 540067.7142857143)
[1, 4, 10, 23, 57, 132, 301, 701, 1636, 3654, 8685, 19831]...: 14596693: ACCEPTED IN 27 TRIES, (AVG 540618.2592592592)
[1, 4, 10, 23, 57, 132, 301, 701, 1636, 3654, 8685, 19854]...: 10808646: ACCEPTED IN 20 TRIES, (AVG 540432.3)
[1, 4, 10, 23, 57, 132, 301, 701, 1636, 3654, 8685, 19855]...: 12431813: ACCEPTED IN 23 TRIES, (AVG 540513.6086956522)
[1, 4, 10, 23, 57, 132, 301, 701, 1636, 3654, 8685, 19856]...: 13514131: ACCEPTED IN 25 TRIES, (AVG 540565.24)
[1, 4, 10, 23, 57, 132, 301, 701, 1636, 3654, 8685, 19857]...: 10266914: ACCEPTED IN 19 TRIES, (AVG 540363.8947368421)
[1, 4, 10, 23, 57, 132, 301, 701, 1636, 3654, 8685, 19858]...: 12430046: ACCEPTED IN 23 TRIES, (AVG 540436.7826086957)
[1, 4, 10, 23, 57, 132, 301, 701, 1636, 3654, 8685, 19859]...: 7019065: ACCEPTED IN 13 TRIES, (AVG 539928.0769230769)
[1, 4, 10, 23, 57, 132, 301, 701, 1636, 3654, 8685, 19860]...: 12431953: ACCEPTED IN 23 TRIES, (AVG 540519.695652174)
[1, 4, 10, 23, 57, 132, 301, 701, 1636, 3654, 8685, 19861]...: 5396159: ACCEPTED IN 10 TRIES, (AVG 539615.9)
[1, 4, 10, 23, 57, 132, 301, 701, 1636, 3654, 8685, 19862]...: 8644019: ACCEPTED IN 16 TRIES, (AVG 540251.1875)
[1, 4, 10, 23, 57, 132, 301, 701, 1636, 3654, 8685, 19866]...: 8103004: ACCEPTED IN 15 TRIES, (AVG 540200.2666666667)
[1, 4, 10, 23, 57, 132, 301, 701, 1636, 3654, 8685, 19887]...: 4855038: ACCEPTED IN 9 TRIES, (AVG 539448.6666666666)
[1, 4, 10, 23, 57, 132, 301, 701, 1636, 3654, 8685, 19888]...: 9183713: ACCEPTED IN 17 TRIES, (AVG 540218.4117647059)
[1, 4, 10, 23, 57, 132, 301, 701, 1636, 3654, 8685, 19890]...: 8644080: ACCEPTED IN 16 TRIES, (AVG 540255.0)
[1, 4, 10, 23, 57, 132, 301, 701, 1636, 3654, 8685, 19891]...: 9183619: ACCEPTED IN 17 TRIES, (AVG 540212.8823529412)
[1, 4, 10, 23, 57, 132, 301, 701, 1636, 3654, 8685, 19892]...: 3772279: ACCEPTED IN 7 TRIES, (AVG 538897.0)
[1, 4, 10, 23, 57, 132, 301, 701, 1636, 3654, 8685, 19893]...: 13514105: ACCEPTED IN 25 TRIES, (AVG 540564.2)
[1, 4, 10, 23, 57, 132, 301, 701, 1636, 3654, 8685, 19894]...: 4856048: ACCEPTED IN 9 TRIES, (AVG 539560.8888888889)
[1, 4, 10, 23, 57, 132, 301, 701, 1636, 3654, 8685, 19895]...: 9183991: ACCEPTED IN 17 TRIES, (AVG 540234.7647058824)
[1, 4, 10, 23, 57, 132, 301, 701, 1636, 3654, 8685, 19922]...: 8643602: ACCEPTED IN 16 TRIES, (AVG 540225.125)
[1, 4, 10, 23, 57, 132, 301, 701, 1636, 3654, 8685, 19923]...: 14596030: ACCEPTED IN 27 TRIES, (AVG 540593.7037037037)
[1, 4, 10, 23, 57, 132, 301, 701, 1636, 3654, 8685, 19924]...: 10808586: ACCEPTED IN 20 TRIES, (AVG 540429.3)
[1, 4, 10, 23, 57, 132, 301, 701, 1636, 3654, 8685, 19925]...: 12430080: ACCEPTED IN 23 TRIES, (AVG 540438.2608695652)
[1, 4, 10, 23, 57, 132, 301, 701, 1636, 3654, 8685, 19926]...: 9185505: ACCEPTED IN 17 TRIES, (AVG 540323.8235294118)
[1, 4, 10, 23, 57, 132, 301, 701, 1636, 3654, 8685, 19927]...: 5395743: ACCEPTED IN 10 TRIES, (AVG 539574.3)
[1, 4, 10, 23, 57, 132, 301, 701, 1636, 3654, 8685, 19928]...: 9184629: ACCEPTED IN 17 TRIES, (AVG 540272.2941176471)
[1, 4, 10, 23, 57, 132, 301, 701, 1636, 3654, 8685, 19930]...: 6478965: ACCEPTED IN 12 TRIES, (AVG 539913.75)
[1, 4, 10, 23, 57, 132, 301, 701, 1636, 3654, 8685, 19955]...: 15136383: ACCEPTED IN 28 TRIES, (AVG 540585.1071428572)
[1, 4, 10, 23, 57, 132, 301, 701, 1636, 3654, 8685, 19956]...: 4313647: ACCEPTED IN 8 TRIES, (AVG 539205.875)
[1, 4, 10, 23, 57, 132, 301, 701, 1636, 3654, 8685, 19957]...: 4314512: ACCEPTED IN 8 TRIES, (AVG 539314.0)
[1, 4, 10, 23, 57, 132, 301, 701, 1636, 3654, 8685, 19958]...: 9726131: ACCEPTED IN 18 TRIES, (AVG 540340.6111111111)
[1, 4, 10, 23, 57, 132, 301, 701, 1636, 3654, 8685, 19959]...: 10267515: ACCEPTED IN 19 TRIES, (AVG 540395.5263157894)
[1, 4, 10, 23, 57, 132, 301, 701, 1636, 3654, 8685, 19960]...: 9725596: ACCEPTED IN 18 TRIES, (AVG 540310.8888888889)
[1, 4, 10, 23, 57, 132, 301, 701, 1636, 3654, 8685, 19961]...: 9184442: ACCEPTED IN 17 TRIES, (AVG 540261.2941176471)
[1, 4, 10, 23, 57, 132, 301, 701, 1636, 3654, 8685, 19962]...: 14596213: ACCEPTED IN 27 TRIES, (AVG 540600.4814814815)
[1, 4, 10, 23, 57, 132, 301, 701, 1636, 3654, 8685, 19963]...: 4314018: ACCEPTED IN 8 TRIES, (AVG 539252.25)
[1, 4, 10, 23, 57, 132, 301, 701, 1636, 3654, 8685, 19964]...: 11347647: ACCEPTED IN 21 TRIES, (AVG 540364.1428571428)
[1, 4, 10, 23, 57, 132, 301, 701, 1636, 3654, 8685, 19965]...: 9184711: ACCEPTED IN 17 TRIES, (AVG 540277.1176470588)
[1, 4, 10, 23, 57, 132, 301, 701, 1636, 3654, 8685, 19986]...: 14596574: ACCEPTED IN 27 TRIES, (AVG 540613.8518518518)
[1, 4, 10, 23, 57, 132, 301, 701, 1636, 3654, 8685, 19987]...: 5937625: ACCEPTED IN 11 TRIES, (AVG 539784.0909090909)
[1, 4, 10, 23, 57, 132, 301, 701, 1636, 3654, 8685, 19989]...: 10808056: ACCEPTED IN 20 TRIES, (AVG 540402.8)
[1, 4, 10, 23, 57, 132, 301, 701, 1636, 3654, 8685, 19990]...: 10267447: ACCEPTED IN 19 TRIES, (AVG 540391.947368421)
[1, 4, 10, 23, 57, 132, 301, 701, 1636, 3654, 8685, 19991]...: 12429634: ACCEPTED IN 23 TRIES, (AVG 540418.8695652174)
[1, 4, 10, 23, 57, 132, 301, 701, 1636, 3654, 8685, 19992]...: 3232801: ACCEPTED IN 6 TRIES, (AVG 538800.1666666666)
[1, 4, 10, 23, 57, 132, 301, 701, 1636, 3654, 8685, 19993]...: 5938108: ACCEPTED IN 11 TRIES, (AVG 539828.0)
[1, 4, 10, 23, 57, 132, 301, 701, 1636, 3654, 8685, 19994]...: 7019832: ACCEPTED IN 13 TRIES, (AVG 539987.0769230769)
[1, 4, 10, 23, 57, 132, 301, 701, 1636, 3654, 8685, 19997]...: 10267775: ACCEPTED IN 19 TRIES, (AVG 540409.2105263158)
[1, 4, 10, 23, 57, 132, 301, 701, 1636, 3654, 8685, 19998]...: 12432033: ACCEPTED IN 23 TRIES, (AVG 540523.1739130435)
[1, 4, 10, 23, 57, 132, 301, 701, 1636, 3654, 8685, 20022]...: 7019026: ACCEPTED IN 13 TRIES, (AVG 539925.0769230769)
[1, 4, 10, 23, 57, 132, 301, 701, 1636, 3654, 8685, 20023]...: 8101742: ACCEPTED IN 15 TRIES, (AVG 540116.1333333333)
[1, 4, 10, 23, 57, 132, 301, 701, 1636, 3654, 8685, 20024]...: 9185358: ACCEPTED IN 17 TRIES, (AVG 540315.1764705882)
[1, 4, 10, 23, 57, 132, 301, 701, 1636, 3654, 8685, 20025]...: 8101598: ACCEPTED IN 15 TRIES, (AVG 540106.5333333333)
[1, 4, 10, 23, 57, 132, 301, 701, 1636, 3654, 8685, 20026]...: 9181848: ACCEPTED IN 17 TRIES, (AVG 540108.7058823529)
[1, 4, 10, 23, 57, 132, 301, 701, 1636, 3654, 8685, 20027]...: 6478662: ACCEPTED IN 12 TRIES, (AVG 539888.5)
[1, 4, 10, 23, 57, 132, 301, 701, 1636, 3654, 8685, 20029]...: 17301810: ACCEPTED IN 32 TRIES, (AVG 540681.5625)
[1, 4, 10, 23, 57, 132, 301, 701, 1636, 3654, 8685, 20054]...: 9182931: ACCEPTED IN 17 TRIES, (AVG 540172.4117647059)
[1, 4, 10, 23, 57, 132, 301, 701, 1636, 3654, 8685, 20056]...: 7020623: ACCEPTED IN 13 TRIES, (AVG 540047.9230769231)
[1, 4, 10, 23, 57, 132, 301, 701, 1636, 3654, 8685, 20057]...: 9724446: ACCEPTED IN 18 TRIES, (AVG 540247.0)
[1, 4, 10, 23, 57, 132, 301, 701, 1636, 3654, 8685, 20058]...: 10807875: ACCEPTED IN 20 TRIES, (AVG 540393.75)
[1, 4, 10, 23, 57, 132, 301, 701, 1636, 3654, 8685, 20059]...: 9182990: ACCEPTED IN 17 TRIES, (AVG 540175.8823529412)
[1, 4, 10, 23, 57, 132, 301, 701, 1636, 3654, 8685, 20060]...: 6478970: ACCEPTED IN 12 TRIES, (AVG 539914.1666666666)
[1, 4, 10, 23, 57, 132, 301, 701, 1636, 3654, 8685, 20061]...: 12431454: ACCEPTED IN 23 TRIES, (AVG 540498.0)
[1, 4, 10, 23, 57, 132, 301, 701, 1636, 3654, 8685, 20062]...: 10808383: ACCEPTED IN 20 TRIES, (AVG 540419.15)
[1, 4, 10, 23, 57, 132, 301, 701, 1636, 3654, 8685, 20063]...: 9726191: ACCEPTED IN 18 TRIES, (AVG 540343.9444444445)
[1, 4, 10, 23, 57, 132, 301, 701, 1636, 3654, 8685, 20064]...: 9185082: ACCEPTED IN 17 TRIES, (AVG 540298.9411764706)
[1, 4, 10, 23, 57, 132, 301, 701, 1636, 3654, 8685, 20088]...: 4314627: ACCEPTED IN 8 TRIES, (AVG 539328.375)
[1, 4, 10, 23, 57, 132, 301, 701, 1636, 3654, 8685, 20089]...: 12431222: ACCEPTED IN 23 TRIES, (AVG 540487.9130434783)
[1, 4, 10, 23, 57, 132, 301, 701, 1636, 3654, 8685, 20090]...: 9724848: ACCEPTED IN 18 TRIES, (AVG 540269.3333333334)
[1, 4, 10, 23, 57, 132, 301, 701, 1636, 3654, 8685, 20091]...: 9184568: ACCEPTED IN 17 TRIES, (AVG 540268.7058823529)
[1, 4, 10, 23, 57, 132, 301, 701, 1636, 3654, 8685, 20092]...: 8643126: ACCEPTED IN 16 TRIES, (AVG 540195.375)
[1, 4, 10, 23, 57, 132, 301, 701, 1636, 3654, 8685, 20093]...: 3773896: ACCEPTED IN 7 TRIES, (AVG 539128.0)
[1, 4, 10, 23, 57, 132, 301, 701, 1636, 3654, 8685, 20094]...: 7020122: ACCEPTED IN 13 TRIES, (AVG 540009.3846153846)
[1, 4, 10, 23, 57, 132, 301, 701, 1636, 3654, 8685, 20095]...: 8644349: ACCEPTED IN 16 TRIES, (AVG 540271.8125)
[1, 4, 10, 23, 57, 132, 301, 701, 1636, 3654, 8685, 20096]...: 9183608: ACCEPTED IN 17 TRIES, (AVG 540212.2352941176)
[1, 4, 10, 23, 57, 132, 301, 701, 1636, 3654, 8685, 20097]...: 10807952: ACCEPTED IN 20 TRIES, (AVG 540397.6)
[1, 4, 10, 23, 57, 132, 301, 701, 1636, 3654, 8685, 20099]...: 9183129: ACCEPTED IN 17 TRIES, (AVG 540184.0588235294)
[1, 4, 10, 23, 57, 132, 301, 701, 1636, 3654, 8685, 20121]...: 9184291: ACCEPTED IN 17 TRIES, (AVG 540252.4117647059)
[1, 4, 10, 23, 57, 132, 301, 701, 1636, 3654, 8685, 20124]...: 12971680: ACCEPTED IN 24 TRIES, (AVG 540486.6666666666)
[1, 4, 10, 23, 57, 132, 301, 701, 1636, 3654, 8685, 20125]...: 5938627: ACCEPTED IN 11 TRIES, (AVG 539875.1818181818)
[1, 4, 10, 23, 57, 132, 301, 701, 1636, 3654, 8685, 20126]...: 9184266: ACCEPTED IN 17 TRIES, (AVG 540250.9411764706)
[1, 4, 10, 23, 57, 132, 301, 701, 1636, 3654, 8685, 20128]...: 7561435: ACCEPTED IN 14 TRIES, (AVG 540102.5)
[1, 4, 10, 23, 57, 132, 301, 701, 1636, 3654, 8685, 20129]...: 4314229: ACCEPTED IN 8 TRIES, (AVG 539278.625)
[1, 4, 10, 23, 57, 132, 301, 701, 1636, 3654, 8685, 20130]...: 3773055: ACCEPTED IN 7 TRIES, (AVG 539007.8571428572)
[1, 4, 10, 23, 57, 132, 301, 701, 1636, 3654, 8685, 20155]...: 3772112: ACCEPTED IN 7 TRIES, (AVG 538873.1428571428)
[1, 4, 10, 23, 57, 132, 301, 701, 1636, 3654, 8685, 20156]...: 6478122: ACCEPTED IN 12 TRIES, (AVG 539843.5)
[1, 4, 10, 23, 57, 132, 301, 701, 1636, 3654, 8685, 20157]...: 5397085: ACCEPTED IN 10 TRIES, (AVG 539708.5)
[1, 4, 10, 23, 57, 132, 301, 701, 1636, 3654, 8685, 20158]...: 6479630: ACCEPTED IN 12 TRIES, (AVG 539969.1666666666)
[1, 4, 10, 23, 57, 132, 301, 701, 1636, 3654, 8685, 20159]...: 7020483: ACCEPTED IN 13 TRIES, (AVG 540037.1538461539)
[1, 4, 10, 23, 57, 132, 301, 701, 1636, 3654, 8685, 20160]...: 4314708: ACCEPTED IN 8 TRIES, (AVG 539338.5)
[1, 4, 10, 23, 57, 132, 301, 701, 1636, 3654, 8685, 20161]...: 6478586: ACCEPTED IN 12 TRIES, (AVG 539882.1666666666)
[1, 4, 10, 23, 57, 132, 301, 701, 1636, 3654, 8685, 20162]...: 7018228: ACCEPTED IN 13 TRIES, (AVG 539863.6923076923)
[1, 4, 10, 23, 57, 132, 301, 701, 1636, 3654, 8685, 20163]...: 9185131: ACCEPTED IN 17 TRIES, (AVG 540301.8235294118)
[1, 4, 10, 23, 57, 132, 301, 701, 1636, 3654, 8685, 20167]...: 4314536: ACCEPTED IN 8 TRIES, (AVG 539317.0)
[1, 4, 10, 23, 57, 132, 301, 701, 1636, 3654, 8685, 20188]...: 12972169: ACCEPTED IN 24 TRIES, (AVG 540507.0416666666)
[1, 4, 10, 23, 57, 132, 301, 701, 1636, 3654, 8685, 20189]...: 3773883: ACCEPTED IN 7 TRIES, (AVG 539126.1428571428)
[1, 4, 10, 23, 57, 132, 301, 701, 1636, 3654, 8685, 20190]...: 7020026: ACCEPTED IN 13 TRIES, (AVG 540002.0)
[1, 4, 10, 23, 57, 132, 301, 701, 1636, 3654, 8685, 20191]...: 6479830: ACCEPTED IN 12 TRIES, (AVG 539985.8333333334)
[1, 4, 10, 23, 57, 132, 301, 701, 1636, 3654, 8685, 20192]...: 10808809: ACCEPTED IN 20 TRIES, (AVG 540440.45)
[1, 4, 10, 23, 57, 132, 301, 701, 1636, 3654, 8685, 20193]...: 9183645: ACCEPTED IN 17 TRIES, (AVG 540214.4117647059)
[1, 4, 10, 23, 57, 132, 301, 701, 1636, 3654, 8685, 20194]...: 3232740: ACCEPTED IN 6 TRIES, (AVG 538790.0)
[1, 4, 10, 23, 57, 132, 301, 701, 1636, 3654, 8685, 20195]...: 8101431: ACCEPTED IN 15 TRIES, (AVG 540095.4)
[1, 4, 10, 23, 57, 132, 301, 701, 1636, 3654, 8685, 20196]...: 6479773: ACCEPTED IN 12 TRIES, (AVG 539981.0833333334)
[1, 4, 10, 23, 57, 132, 301, 701, 1636, 3654, 8685, 20220]...: 9184978: ACCEPTED IN 17 TRIES, (AVG 540292.8235294118)
[1, 4, 10, 23, 57, 132, 301, 701, 1636, 3654, 8685, 20223]...: 6478792: ACCEPTED IN 12 TRIES, (AVG 539899.3333333334)
[1, 4, 10, 23, 57, 132, 301, 701, 1636, 3654, 8685, 20224]...: 9184270: ACCEPTED IN 17 TRIES, (AVG 540251.1764705882)
[1, 4, 10, 23, 57, 132, 301, 701, 1636, 3654, 8685, 20225]...: 7019206: ACCEPTED IN 13 TRIES, (AVG 539938.9230769231)
[1, 4, 10, 23, 57, 132, 301, 701, 1636, 3654, 8685, 20226]...: 9725701: ACCEPTED IN 18 TRIES, (AVG 540316.7222222222)
[1, 4, 10, 23, 57, 132, 301, 701, 1636, 3654, 8685, 20227]...: 10804622: ACCEPTED IN 20 TRIES, (AVG 540231.1)
[1, 4, 10, 23, 57, 132, 301, 701, 1636, 3654, 8685, 20228]...: 9722609: ACCEPTED IN 18 TRIES, (AVG 540144.9444444445)
[1, 4, 10, 23, 57, 132, 301, 701, 1636, 3654, 8685, 20229]...: 3773400: ACCEPTED IN 7 TRIES, (AVG 539057.1428571428)
[1, 4, 10, 23, 57, 132, 301, 701, 1636, 3654, 8685, 20231]...: 11891097: ACCEPTED IN 22 TRIES, (AVG 540504.4090909091)
[1, 4, 10, 23, 57, 132, 301, 701, 1636, 3654, 8685, 20256]...: 8102798: ACCEPTED IN 15 TRIES, (AVG 540186.5333333333)
[1, 4, 10, 23, 57, 132, 301, 701, 1636, 3654, 8685, 20257]...: 10266371: ACCEPTED IN 19 TRIES, (AVG 540335.3157894737)
[1, 4, 10, 23, 57, 132, 301, 701, 1636, 3654, 8685, 20258]...: 4856041: ACCEPTED IN 9 TRIES, (AVG 539560.1111111111)
[1, 4, 10, 23, 57, 132, 301, 701, 1636, 3654, 8685, 20259]...: 11890783: ACCEPTED IN 22 TRIES, (AVG 540490.1363636364)
[1, 4, 10, 23, 57, 132, 301, 701, 1636, 3654, 8685, 20260]...: 7020060: ACCEPTED IN 13 TRIES, (AVG 540004.6153846154)
[1, 4, 10, 23, 57, 132, 301, 701, 1636, 3654, 8685, 20261]...: 8101947: ACCEPTED IN 15 TRIES, (AVG 540129.8)
[1, 4, 10, 23, 57, 132, 301, 701, 1636, 3654, 8685, 20262]...: 9184121: ACCEPTED IN 17 TRIES, (AVG 540242.4117647059)
[1, 4, 10, 23, 57, 132, 301, 701, 1636, 3654, 8685, 20263]...: 7561654: ACCEPTED IN 14 TRIES, (AVG 540118.1428571428)
[1, 4, 10, 23, 57, 132, 301, 701, 1636, 3654, 8685, 20266]...: 9724072: ACCEPTED IN 18 TRIES, (AVG 540226.2222222222)
[1, 4, 10, 23, 57, 132, 301, 701, 1636, 3654, 8685, 20287]...: 4314800: ACCEPTED IN 8 TRIES, (AVG 539350.0)
[1, 4, 10, 23, 57, 132, 301, 701, 1636, 3654, 8685, 20288]...: 6479292: ACCEPTED IN 12 TRIES, (AVG 539941.0)
[1, 4, 10, 23, 57, 132, 301, 701, 1636, 3654, 8685, 20290]...: 4855862: ACCEPTED IN 9 TRIES, (AVG 539540.2222222222)
[1, 4, 10, 23, 57, 132, 301, 701, 1636, 3654, 8685, 20291]...: 7020496: ACCEPTED IN 13 TRIES, (AVG 540038.1538461539)
[1, 4, 10, 23, 57, 132, 301, 701, 1636, 3654, 8685, 20292]...: 6479475: ACCEPTED IN 12 TRIES, (AVG 539956.25)
[1, 4, 10, 23, 57, 132, 301, 701, 1636, 3654, 8685, 20293]...: 5936810: ACCEPTED IN 11 TRIES, (AVG 539710.0)
[1, 4, 10, 23, 57, 132, 301, 701, 1636, 3654, 8685, 20294]...: 8103122: ACCEPTED IN 15 TRIES, (AVG 540208.1333333333)
[1, 4, 10, 23, 57, 132, 301, 701, 1636, 3654, 8685, 20295]...: 11350064: ACCEPTED IN 21 TRIES, (AVG 540479.2380952381)
[1, 4, 10, 23, 57, 132, 301, 701, 1636, 3654, 8685, 20298]...: 9185411: ACCEPTED IN 17 TRIES, (AVG 540318.2941176471)
[1, 4, 10, 23, 57, 132, 301, 701, 1636, 3654, 8685, 20299]...: 11349659: ACCEPTED IN 21 TRIES, (AVG 540459.9523809524)
[1, 4, 10, 23, 57, 132, 301, 701, 1636, 3654, 8685, 20322]...: 6479414: ACCEPTED IN 12 TRIES, (AVG 539951.1666666666)
[1, 4, 10, 23, 57, 132, 301, 701, 1636, 3654, 8685, 20323]...: 5396302: ACCEPTED IN 10 TRIES, (AVG 539630.2)
[1, 4, 10, 23, 57, 132, 301, 701, 1636, 3654, 8685, 20324]...: 8102643: ACCEPTED IN 15 TRIES, (AVG 540176.2)
[1, 4, 10, 23, 57, 132, 301, 701, 1636, 3654, 8685, 20325]...: 6479792: ACCEPTED IN 12 TRIES, (AVG 539982.6666666666)
[1, 4, 10, 23, 57, 132, 301, 701, 1636, 3654, 8685, 20326]...: 9183149: ACCEPTED IN 17 TRIES, (AVG 540185.2352941176)
[1, 4, 10, 23, 57, 132, 301, 701, 1636, 3654, 8685, 20327]...: 6479627: ACCEPTED IN 12 TRIES, (AVG 539968.9166666666)
[1, 4, 10, 23, 57, 132, 301, 701, 1636, 3654, 8685, 20328]...: 5937391: ACCEPTED IN 11 TRIES, (AVG 539762.8181818182)
[1, 4, 10, 23, 57, 132, 301, 701, 1636, 3654, 8685, 20330]...: 7020918: ACCEPTED IN 13 TRIES, (AVG 540070.6153846154)
[1, 4, 10, 23, 57, 132, 301, 701, 1636, 3654, 8685, 20355]...: 4313093: ACCEPTED IN 8 TRIES, (AVG 539136.625)
[1, 4, 10, 23, 57, 132, 301, 701, 1636, 3654, 8685, 20357]...: 9182511: ACCEPTED IN 17 TRIES, (AVG 540147.7058823529)
[1, 4, 10, 23, 57, 132, 301, 701, 1636, 3654, 8685, 20358]...: 3232865: ACCEPTED IN 6 TRIES, (AVG 538810.8333333334)
[1, 4, 10, 23, 57, 132, 301, 701, 1636, 3654, 8685, 20359]...: 11349948: ACCEPTED IN 21 TRIES, (AVG 540473.7142857143)
[1, 4, 10, 23, 57, 132, 301, 701, 1636, 3654, 8685, 20360]...: 6477430: ACCEPTED IN 12 TRIES, (AVG 539785.8333333334)
[1, 4, 10, 23, 57, 132, 301, 701, 1636, 3654, 8685, 20361]...: 3232725: ACCEPTED IN 6 TRIES, (AVG 538787.5)
[1, 4, 10, 23, 57, 132, 301, 701, 1636, 3654, 8685, 20362]...: 12972710: ACCEPTED IN 24 TRIES, (AVG 540529.5833333334)
[1, 4, 10, 23, 57, 132, 301, 701, 1636, 3654, 8685, 20363]...: 9726055: ACCEPTED IN 18 TRIES, (AVG 540336.3888888889)
[1, 4, 10, 23, 57, 132, 301, 701, 1636, 3654, 8685, 20364]...: 3231925: ACCEPTED IN 6 TRIES, (AVG 538654.1666666666)
[1, 4, 10, 23, 57, 132, 301, 701, 1636, 3654, 8685, 20365]...: 10267454: ACCEPTED IN 19 TRIES, (AVG 540392.3157894737)
[1, 4, 10, 23, 57, 132, 301, 701, 1636, 3654, 8685, 20389]...: 5396811: ACCEPTED IN 10 TRIES, (AVG 539681.1)
[1, 4, 10, 23, 57, 132, 301, 701, 1636, 3654, 8685, 20390]...: 10808490: ACCEPTED IN 20 TRIES, (AVG 540424.5)
[1, 4, 10, 23, 57, 132, 301, 701, 1636, 3654, 8685, 20391]...: 9185087: ACCEPTED IN 17 TRIES, (AVG 540299.2352941176)
[1, 4, 10, 23, 57, 132, 301, 701, 1636, 3654, 8685, 20392]...: 7561782: ACCEPTED IN 14 TRIES, (AVG 540127.2857142857)
[1, 4, 10, 23, 57, 132, 301, 701, 1636, 3654, 8685, 20393]...: 11349181: ACCEPTED IN 21 TRIES, (AVG 540437.1904761905)
[1, 4, 10, 23, 57, 132, 301, 701, 1636, 3654, 8685, 20394]...: 7020349: ACCEPTED IN 13 TRIES, (AVG 540026.8461538461)
[1, 4, 10, 23, 57, 132, 301, 701, 1636, 3654, 8685, 20395]...: 8103213: ACCEPTED IN 15 TRIES, (AVG 540214.2)
[1, 4, 10, 23, 57, 132, 301, 701, 1636, 3654, 8685, 20396]...: 6479738: ACCEPTED IN 12 TRIES, (AVG 539978.1666666666)
[1, 4, 10, 23, 57, 132, 301, 701, 1636, 3654, 8685, 20397]...: 8101979: ACCEPTED IN 15 TRIES, (AVG 540131.9333333333)
[1, 4, 10, 23, 57, 132, 301, 701, 1636, 3654, 8685, 20398]...: 8102420: ACCEPTED IN 15 TRIES, (AVG 540161.3333333334)
[1, 4, 10, 23, 57, 132, 301, 701, 1636, 3654, 8685, 20400]...: 7019147: ACCEPTED IN 13 TRIES, (AVG 539934.3846153846)
[1, 4, 10, 23, 57, 132, 301, 701, 1636, 3654, 8685, 20422]...: 6479403: ACCEPTED IN 12 TRIES, (AVG 539950.25)
[1, 4, 10, 23, 57, 132, 301, 701, 1636, 3654, 8685, 20423]...: 9183749: ACCEPTED IN 17 TRIES, (AVG 540220.5294117647)
[1, 4, 10, 23, 57, 132, 301, 701, 1636, 3654, 8685, 20424]...: 5938646: ACCEPTED IN 11 TRIES, (AVG 539876.9090909091)
[1, 4, 10, 23, 57, 132, 301, 701, 1636, 3654, 8685, 20425]...: 7018316: ACCEPTED IN 13 TRIES, (AVG 539870.4615384615)
[1, 4, 10, 23, 57, 132, 301, 701, 1636, 3654, 8685, 20426]...: 5396850: ACCEPTED IN 10 TRIES, (AVG 539685.0)
[1, 4, 10, 23, 57, 132, 301, 701, 1636, 3654, 8685, 20427]...: 4854848: ACCEPTED IN 9 TRIES, (AVG 539427.5555555555)
[1, 4, 10, 23, 57, 132, 301, 701, 1636, 3654, 8685, 20429]...: 9184203: ACCEPTED IN 17 TRIES, (AVG 540247.2352941176)
[1, 4, 10, 23, 57, 132, 301, 701, 1636, 3654, 8685, 20430]...: 6479440: ACCEPTED IN 12 TRIES, (AVG 539953.3333333334)
[1, 4, 10, 23, 57, 132, 301, 701, 1636, 3654, 8685, 20431]...: 11890521: ACCEPTED IN 22 TRIES, (AVG 540478.2272727273)
[1, 4, 10, 23, 57, 132, 301, 701, 1636, 3654, 8685, 20454]...: 9182598: ACCEPTED IN 17 TRIES, (AVG 540152.8235294118)
[1, 4, 10, 23, 57, 132, 301, 701, 1636, 3654, 8685, 20456]...: 4314403: ACCEPTED IN 8 TRIES, (AVG 539300.375)
[1, 4, 10, 23, 57, 132, 301, 701, 1636, 3654, 8685, 20457]...: 3774002: ACCEPTED IN 7 TRIES, (AVG 539143.1428571428)
[1, 4, 10, 23, 57, 132, 301, 701, 1636, 3654, 8685, 20458]...: 14596669: ACCEPTED IN 27 TRIES, (AVG 540617.3703703703)
[1, 4, 10, 23, 57, 132, 301, 701, 1636, 3654, 8685, 20459]...: 3232672: ACCEPTED IN 6 TRIES, (AVG 538778.6666666666)
[1, 4, 10, 23, 57, 132, 301, 701, 1636, 3654, 8685, 20460]...: 9182682: ACCEPTED IN 17 TRIES, (AVG 540157.7647058824)
[1, 4, 10, 23, 57, 132, 301, 701, 1636, 3654, 8685, 20461]...: 8103193: ACCEPTED IN 15 TRIES, (AVG 540212.8666666667)
[1, 4, 10, 23, 57, 132, 301, 701, 1636, 3654, 8685, 20462]...: 6478278: ACCEPTED IN 12 TRIES, (AVG 539856.5)
[1, 4, 10, 23, 57, 132, 301, 701, 1636, 3654, 8685, 20463]...: 4314939: ACCEPTED IN 8 TRIES, (AVG 539367.375)
[1, 4, 10, 23, 57, 132, 301, 701, 1636, 3654, 8685, 20464]...: 6478490: ACCEPTED IN 12 TRIES, (AVG 539874.1666666666)
[1, 4, 10, 23, 57, 132, 301, 701, 1636, 3654, 8685, 20489]...: 9726657: ACCEPTED IN 18 TRIES, (AVG 540369.8333333334)
[1, 4, 10, 23, 57, 132, 301, 701, 1636, 3654, 8685, 20490]...: 10808438: ACCEPTED IN 20 TRIES, (AVG 540421.9)
[1, 4, 10, 23, 57, 132, 301, 701, 1636, 3654, 8685, 20491]...: 5395339: ACCEPTED IN 10 TRIES, (AVG 539533.9)
[1, 4, 10, 23, 57, 132, 301, 701, 1636, 3654, 8685, 20492]...: 10265762: ACCEPTED IN 19 TRIES, (AVG 540303.2631578947)
[1, 4, 10, 23, 57, 132, 301, 701, 1636, 3654, 8685, 20493]...: 5938447: ACCEPTED IN 11 TRIES, (AVG 539858.8181818182)
[1, 4, 10, 23, 57, 132, 301, 701, 1636, 3654, 8685, 20494]...: 3773184: ACCEPTED IN 7 TRIES, (AVG 539026.2857142857)
[1, 4, 10, 23, 57, 132, 301, 701, 1636, 3654, 8685, 20495]...: 7018099: ACCEPTED IN 13 TRIES, (AVG 539853.7692307692)
[1, 4, 10, 23, 57, 132, 301, 701, 1636, 3654, 8685, 20496]...: 7561379: ACCEPTED IN 14 TRIES, (AVG 540098.5)
[1, 4, 10, 23, 57, 132, 301, 701, 1636, 3654, 8685, 20497]...: 5937367: ACCEPTED IN 11 TRIES, (AVG 539760.6363636364)
[1, 4, 10, 23, 57, 132, 301, 701, 1636, 3654, 8685, 20499]...: 7018062: ACCEPTED IN 13 TRIES, (AVG 539850.9230769231)
[1, 4, 10, 23, 57, 132, 301, 701, 1636, 3654, 8685, 20521]...: 5936894: ACCEPTED IN 11 TRIES, (AVG 539717.6363636364)
[1, 4, 10, 23, 57, 132, 301, 701, 1636, 3654, 8685, 20524]...: 6478710: ACCEPTED IN 12 TRIES, (AVG 539892.5)
[1, 4, 10, 23, 57, 132, 301, 701, 1636, 3654, 8685, 20525]...: 6478196: ACCEPTED IN 12 TRIES, (AVG 539849.6666666666)
[1, 4, 10, 23, 57, 132, 301, 701, 1636, 3654, 8685, 20526]...: 7020147: ACCEPTED IN 13 TRIES, (AVG 540011.3076923077)
[1, 4, 10, 23, 57, 132, 301, 701, 1636, 3654, 8685, 20527]...: 6479079: ACCEPTED IN 12 TRIES, (AVG 539923.25)
[1, 4, 10, 23, 57, 132, 301, 701, 1636, 3654, 8685, 20528]...: 9181138: ACCEPTED IN 17 TRIES, (AVG 540066.9411764706)
[1, 4, 10, 23, 57, 132, 301, 701, 1636, 3654, 8685, 20529]...: 11890347: ACCEPTED IN 22 TRIES, (AVG 540470.3181818182)
[1, 4, 10, 23, 57, 132, 301, 701, 1636, 3654, 8685, 20530]...: 6478520: ACCEPTED IN 12 TRIES, (AVG 539876.6666666666)
[1, 4, 10, 23, 57, 132, 301, 701, 1636, 3654, 8685, 20532]...: 16218182: ACCEPTED IN 30 TRIES, (AVG 540606.0666666667)
[1, 4, 10, 23, 57, 132, 301, 701, 1636, 3654, 8685, 20556]...: 10807249: ACCEPTED IN 20 TRIES, (AVG 540362.45)
[1, 4, 10, 23, 57, 132, 301, 701, 1636, 3654, 8685, 20557]...: 10807744: ACCEPTED IN 20 TRIES, (AVG 540387.2)
[1, 4, 10, 23, 57, 132, 301, 701, 1636, 3654, 8685, 20558]...: 3772622: ACCEPTED IN 7 TRIES, (AVG 538946.0)
[1, 4, 10, 23, 57, 132, 301, 701, 1636, 3654, 8685, 20559]...: 4313545: ACCEPTED IN 8 TRIES, (AVG 539193.125)
[1, 4, 10, 23, 57, 132, 301, 701, 1636, 3654, 8685, 20560]...: 9725930: ACCEPTED IN 18 TRIES, (AVG 540329.4444444445)
[1, 4, 10, 23, 57, 132, 301, 701, 1636, 3654, 8685, 20561]...: 12430920: ACCEPTED IN 23 TRIES, (AVG 540474.7826086957)
[1, 4, 10, 23, 57, 132, 301, 701, 1636, 3654, 8685, 20562]...: 4313879: ACCEPTED IN 8 TRIES, (AVG 539234.875)
[1, 4, 10, 23, 57, 132, 301, 701, 1636, 3654, 8685, 20563]...: 5937431: ACCEPTED IN 11 TRIES, (AVG 539766.4545454546)
[1, 4, 10, 23, 57, 132, 301, 701, 1636, 3654, 8685, 20564]...: 5937256: ACCEPTED IN 11 TRIES, (AVG 539750.5454545454)
[1, 4, 10, 23, 57, 132, 301, 701, 1636, 3654, 8685, 20567]...: 7019414: ACCEPTED IN 13 TRIES, (AVG 539954.9230769231)
[1, 4, 10, 23, 57, 132, 301, 701, 1636, 3654, 8685, 20588]...: 11348787: ACCEPTED IN 21 TRIES, (AVG 540418.4285714285)
[1, 4, 10, 23, 57, 132, 301, 701, 1636, 3654, 8685, 20589]...: 11349837: ACCEPTED IN 21 TRIES, (AVG 540468.4285714285)
[1, 4, 10, 23, 57, 132, 301, 701, 1636, 3654, 8685, 20591]...: 7018978: ACCEPTED IN 13 TRIES, (AVG 539921.3846153846)
[1, 4, 10, 23, 57, 132, 301, 701, 1636, 3654, 8685, 20592]...: 8102834: ACCEPTED IN 15 TRIES, (AVG 540188.9333333333)
[1, 4, 10, 23, 57, 132, 301, 701, 1636, 3654, 8685, 20593]...: 9183828: ACCEPTED IN 17 TRIES, (AVG 540225.1764705882)
[1, 4, 10, 23, 57, 132, 301, 701, 1636, 3654, 8685, 20594]...: 5938611: ACCEPTED IN 11 TRIES, (AVG 539873.7272727273)
[1, 4, 10, 23, 57, 132, 301, 701, 1636, 3654, 8685, 20595]...: 7560737: ACCEPTED IN 14 TRIES, (AVG 540052.6428571428)
[1, 4, 10, 23, 57, 132, 301, 701, 1636, 3654, 8685, 20596]...: 9185453: ACCEPTED IN 17 TRIES, (AVG 540320.7647058824)
[1, 4, 10, 23, 57, 132, 301, 701, 1636, 3654, 8685, 20599]...: 9182319: ACCEPTED IN 17 TRIES, (AVG 540136.4117647059)
[1, 4, 10, 23, 57, 132, 301, 701, 1636, 3654, 8685, 20623]...: 9179154: ACCEPTED IN 17 TRIES, (AVG 539950.2352941176)
[1, 4, 10, 23, 57, 132, 301, 701, 1636, 3654, 8685, 20624]...: 5936411: ACCEPTED IN 11 TRIES, (AVG 539673.7272727273)
[1, 4, 10, 23, 57, 132, 301, 701, 1636, 3654, 8685, 20625]...: 10267758: ACCEPTED IN 19 TRIES, (AVG 540408.3157894737)
[1, 4, 10, 23, 57, 132, 301, 701, 1636, 3654, 8685, 20626]...: 7561869: ACCEPTED IN 14 TRIES, (AVG 540133.5)
[1, 4, 10, 23, 57, 132, 301, 701, 1636, 3654, 8685, 20627]...: 5937229: ACCEPTED IN 11 TRIES, (AVG 539748.0909090909)
[1, 4, 10, 23, 57, 132, 301, 701, 1636, 3654, 8685, 20628]...: 6478635: ACCEPTED IN 12 TRIES, (AVG 539886.25)
[1, 4, 10, 23, 57, 132, 301, 701, 1636, 3654, 8685, 20629]...: 3774081: ACCEPTED IN 7 TRIES, (AVG 539154.4285714285)
[1, 4, 10, 23, 57, 132, 301, 701, 1636, 3654, 8685, 20631]...: 10267324: ACCEPTED IN 19 TRIES, (AVG 540385.4736842106)
[1, 4, 10, 23, 57, 132, 301, 701, 1636, 3654, 8685, 20656]...: 8101937: ACCEPTED IN 15 TRIES, (AVG 540129.1333333333)
[1, 4, 10, 23, 57, 132, 301, 701, 1636, 3654, 8685, 20657]...: 4315020: ACCEPTED IN 8 TRIES, (AVG 539377.5)
[1, 4, 10, 23, 57, 132, 301, 701, 1636, 3654, 8685, 20658]...: 4313605: ACCEPTED IN 8 TRIES, (AVG 539200.625)
[1, 4, 10, 23, 57, 132, 301, 701, 1636, 3654, 8685, 20659]...: 4314546: ACCEPTED IN 8 TRIES, (AVG 539318.25)
[1, 4, 10, 23, 57, 132, 301, 701, 1636, 3654, 8685, 20660]...: 3230984: ACCEPTED IN 6 TRIES, (AVG 538497.3333333334)
[1, 4, 10, 23, 57, 132, 301, 701, 1636, 3654, 8685, 20661]...: 4856148: ACCEPTED IN 9 TRIES, (AVG 539572.0)
[1, 4, 10, 23, 57, 132, 301, 701, 1636, 3654, 8685, 20662]...: 7020192: ACCEPTED IN 13 TRIES, (AVG 540014.7692307692)
[1, 4, 10, 23, 57, 132, 301, 701, 1636, 3654, 8685, 20663]...: 3230672: ACCEPTED IN 6 TRIES, (AVG 538445.3333333334)
[1, 4, 10, 23, 57, 132, 301, 701, 1636, 3654, 8685, 20664]...: 7561166: ACCEPTED IN 14 TRIES, (AVG 540083.2857142857)
[1, 4, 10, 23, 57, 132, 301, 701, 1636, 3654, 8685, 20665]...: 3232241: ACCEPTED IN 6 TRIES, (AVG 538706.8333333334)
[1, 4, 10, 23, 57, 132, 301, 701, 1636, 3654, 8685, 20666]...: 3772187: ACCEPTED IN 7 TRIES, (AVG 538883.8571428572)
[1, 4, 10, 23, 57, 132, 301, 701, 1636, 3654, 8685, 20688]...: 3232569: ACCEPTED IN 6 TRIES, (AVG 538761.5)
[1, 4, 10, 23, 57, 132, 301, 701, 1636, 3654, 8685, 20690]...: 3773168: ACCEPTED IN 7 TRIES, (AVG 539024.0)
[1, 4, 10, 23, 57, 132, 301, 701, 1636, 3654, 8685, 20691]...: 5938052: ACCEPTED IN 11 TRIES, (AVG 539822.9090909091)
[1, 4, 10, 23, 57, 132, 301, 701, 1636, 3654, 8685, 20692]...: 9185253: ACCEPTED IN 17 TRIES, (AVG 540309.0)
[1, 4, 10, 23, 57, 132, 301, 701, 1636, 3654, 8685, 20693]...: 3772491: ACCEPTED IN 7 TRIES, (AVG 538927.2857142857)
[1, 4, 10, 23, 57, 132, 301, 701, 1636, 3654, 8685, 20694]...: 4314025: ACCEPTED IN 8 TRIES, (AVG 539253.125)
[1, 4, 10, 23, 57, 132, 301, 701, 1636, 3654, 8685, 20695]...: 3774005: ACCEPTED IN 7 TRIES, (AVG 539143.5714285715)
[1, 4, 10, 23, 57, 132, 301, 701, 1636, 3654, 8685, 20696]...: 7018741: ACCEPTED IN 13 TRIES, (AVG 539903.1538461539)
[1, 4, 10, 23, 57, 132, 301, 701, 1636, 3654, 8685, 20697]...: 6478142: ACCEPTED IN 12 TRIES, (AVG 539845.1666666666)
[1, 4, 10, 23, 57, 132, 301, 701, 1636, 3654, 8685, 20698]...: 7019713: ACCEPTED IN 13 TRIES, (AVG 539977.9230769231)
[1, 4, 10, 23, 57, 132, 301, 701, 1636, 3654, 8685, 20699]...: 7560996: ACCEPTED IN 14 TRIES, (AVG 540071.1428571428)
[1, 4, 10, 23, 57, 132, 301, 701, 1636, 3654, 8685, 20723]...: 7018624: ACCEPTED IN 13 TRIES, (AVG 539894.1538461539)
[1, 4, 10, 23, 57, 132, 301, 701, 1636, 3654, 8685, 20724]...: 5938553: ACCEPTED IN 11 TRIES, (AVG 539868.4545454546)
[1, 4, 10, 23, 57, 132, 301, 701, 1636, 3654, 8685, 20725]...: 14595916: ACCEPTED IN 27 TRIES, (AVG 540589.4814814815)
[1, 4, 10, 23, 57, 132, 301, 701, 1636, 3654, 8685, 20726]...: 6477290: ACCEPTED IN 12 TRIES, (AVG 539774.1666666666)
[1, 4, 10, 23, 57, 132, 301, 701, 1636, 3654, 8685, 20727]...: 4312548: ACCEPTED IN 8 TRIES, (AVG 539068.5)
[1, 4, 10, 23, 57, 132, 301, 701, 1636, 3654, 8685, 20728]...: 6478567: ACCEPTED IN 12 TRIES, (AVG 539880.5833333334)
[1, 4, 10, 23, 57, 132, 301, 701, 1636, 3654, 8685, 20730]...: 7020681: ACCEPTED IN 13 TRIES, (AVG 540052.3846153846)
[1, 4, 10, 23, 57, 132, 301, 701, 1636, 3654, 8685, 20731]...: 9725280: ACCEPTED IN 18 TRIES, (AVG 540293.3333333334)
[1, 4, 10, 23, 57, 132, 301, 701, 1636, 3654, 8685, 20733]...: 4313975: ACCEPTED IN 8 TRIES, (AVG 539246.875)
[1, 4, 10, 23, 57, 132, 301, 701, 1636, 3654, 8685, 20755]...: 11891144: ACCEPTED IN 22 TRIES, (AVG 540506.5454545454)
[1, 4, 10, 23, 57, 132, 301, 701, 1636, 3654, 8685, 20757]...: 2150688: ACCEPTED IN 4 TRIES, (AVG 537672.0)
[1, 4, 10, 23, 57, 132, 301, 701, 1636, 3654, 8685, 20758]...: 4856163: ACCEPTED IN 9 TRIES, (AVG 539573.6666666666)
[1, 4, 10, 23, 57, 132, 301, 701, 1636, 3654, 8685, 20759]...: 4855960: ACCEPTED IN 9 TRIES, (AVG 539551.1111111111)
[1, 4, 10, 23, 57, 132, 301, 701, 1636, 3654, 8685, 20760]...: 3232799: ACCEPTED IN 6 TRIES, (AVG 538799.8333333334)
[1, 4, 10, 23, 57, 132, 301, 701, 1636, 3654, 8685, 20761]...: 6479598: ACCEPTED IN 12 TRIES, (AVG 539966.5)
[1, 4, 10, 23, 57, 132, 301, 701, 1636, 3654, 8685, 20762]...: 7019253: ACCEPTED IN 13 TRIES, (AVG 539942.5384615385)
[1, 4, 10, 23, 57, 132, 301, 701, 1636, 3654, 8685, 20763]...: 6478324: ACCEPTED IN 12 TRIES, (AVG 539860.3333333334)
[1, 4, 10, 23, 57, 132, 301, 701, 1636, 3654, 8685, 20764]...: 9726146: ACCEPTED IN 18 TRIES, (AVG 540341.4444444445)
[1, 4, 10, 23, 57, 132, 301, 701, 1636, 3654, 8685, 20765]...: 10807958: ACCEPTED IN 20 TRIES, (AVG 540397.9)
[1, 4, 10, 23, 57, 132, 301, 701, 1636, 3654, 8685, 20789]...: 4314834: ACCEPTED IN 8 TRIES, (AVG 539354.25)
[1, 4, 10, 23, 57, 132, 301, 701, 1636, 3654, 8685, 20790]...: 10808333: ACCEPTED IN 20 TRIES, (AVG 540416.65)
[1, 4, 10, 23, 57, 132, 301, 701, 1636, 3654, 8685, 20791]...: 3773696: ACCEPTED IN 7 TRIES, (AVG 539099.4285714285)
[1, 4, 10, 23, 57, 132, 301, 701, 1636, 3654, 8685, 20792]...: 7020547: ACCEPTED IN 13 TRIES, (AVG 540042.0769230769)
[1, 4, 10, 23, 57, 132, 301, 701, 1636, 3654, 8685, 20793]...: 6479642: ACCEPTED IN 12 TRIES, (AVG 539970.1666666666)
[1, 4, 10, 23, 57, 132, 301, 701, 1636, 3654, 8685, 20794]...: 11347341: ACCEPTED IN 21 TRIES, (AVG 540349.5714285715)
[1, 4, 10, 23, 57, 132, 301, 701, 1636, 3654, 8685, 20795]...: 4856420: ACCEPTED IN 9 TRIES, (AVG 539602.2222222222)
[1, 4, 10, 23, 57, 132, 301, 701, 1636, 3654, 8685, 20796]...: 2690098: ACCEPTED IN 5 TRIES, (AVG 538019.6)
[1, 4, 10, 23, 57, 132, 301, 701, 1636, 3654, 8685, 20797]...: 9726199: ACCEPTED IN 18 TRIES, (AVG 540344.3888888889)
[1, 4, 10, 23, 57, 132, 301, 701, 1636, 3654, 8685, 20798]...: 3774012: ACCEPTED IN 7 TRIES, (AVG 539144.5714285715)
[1, 4, 10, 23, 57, 132, 301, 701, 1636, 3654, 8685, 20800]...: 5937397: ACCEPTED IN 11 TRIES, (AVG 539763.3636363636)
[1, 4, 10, 23, 57, 132, 301, 701, 1636, 3654, 8685, 20822]...: 7561139: ACCEPTED IN 14 TRIES, (AVG 540081.3571428572)
[1, 4, 10, 23, 57, 132, 301, 701, 1636, 3654, 8685, 20825]...: 9183057: ACCEPTED IN 17 TRIES, (AVG 540179.8235294118)
[1, 4, 10, 23, 57, 132, 301, 701, 1636, 3654, 8685, 20826]...: 4314439: ACCEPTED IN 8 TRIES, (AVG 539304.875)
[1, 4, 10, 23, 57, 132, 301, 701, 1636, 3654, 8685, 20827]...: 3232246: ACCEPTED IN 6 TRIES, (AVG 538707.6666666666)
[1, 4, 10, 23, 57, 132, 301, 701, 1636, 3654, 8685, 20828]...: 7020928: ACCEPTED IN 13 TRIES, (AVG 540071.3846153846)
[1, 4, 10, 23, 57, 132, 301, 701, 1636, 3654, 8685, 20829]...: 8102120: ACCEPTED IN 15 TRIES, (AVG 540141.3333333334)
[1, 4, 10, 23, 57, 132, 301, 701, 1636, 3654, 8685, 20830]...: 11349036: ACCEPTED IN 21 TRIES, (AVG 540430.2857142857)
[1, 4, 10, 23, 57, 132, 301, 701, 1636, 3654, 8685, 20831]...: 4315282: ACCEPTED IN 8 TRIES, (AVG 539410.25)
