[1, 4, 10, 23, 57, 132, 301, 701, 1636, 3918, 8634, 19014]...: 7561096: ACCEPTED IN 14 TRIES, (AVG 540078.2857142857)
[1, 4, 10, 23, 57, 132, 301, 701, 1636, 3918, 8634, 19015]...: 16760064: ACCEPTED IN 31 TRIES, (AVG 540647.2258064516)
[1, 4, 10, 23, 57, 132, 301, 701, 1636, 3918, 8634, 19026]...: 12972597: ACCEPTED IN 24 TRIES, (AVG 540524.875)
[1, 4, 10, 23, 57, 132, 301, 701, 1636, 3918, 8634, 19047]...: 10808427: ACCEPTED IN 20 TRIES, (AVG 540421.35)
[1, 4, 10, 23, 57, 132, 301, 701, 1636, 3918, 8634, 19081]...: 16761356: ACCEPTED IN 31 TRIES, (AVG 540688.9032258064)
[1, 4, 10, 23, 57, 132, 301, 701, 1636, 3918, 8634, 19084]...: 12431852: ACCEPTED IN 23 TRIES, (AVG 540515.304347826)
[1, 4, 10, 23, 57, 132, 301, 701, 1636, 3918, 8634, 19114]...: 9184985: ACCEPTED IN 17 TRIES, (AVG 540293.2352941176)
[1, 4, 10, 23, 57, 132, 301, 701, 1636, 3918, 8634, 19117]...: 25418581: ACCEPTED IN 47 TRIES, (AVG 540820.8723404255)
[1, 4, 10, 23, 57, 132, 301, 701, 1636, 3918, 8634, 19121]...: 22171550: ACCEPTED IN 41 TRIES, (AVG 540769.512195122)
[1, 4, 10, 23, 57, 132, 301, 701, 1636, 3918, 8634, 19146]...: 9726159: ACCEPTED IN 18 TRIES, (AVG 540342.1666666666)
[1, 4, 10, 23, 57, 132, 301, 701, 1636, 3918, 8634, 19158]...: 14595689: ACCEPTED IN 27 TRIES, (AVG 540581.074074074)
[1, 4, 10, 23, 57, 132, 301, 701, 1636, 3918, 8634, 19213]...: 7019608: ACCEPTED IN 13 TRIES, (AVG 539969.8461538461)
[1, 4, 10, 23, 57, 132, 301, 701, 1636, 3918, 8634, 19216]...: 12972720: ACCEPTED IN 24 TRIES, (AVG 540530.0)
[1, 4, 10, 23, 57, 132, 301, 701, 1636, 3918, 8634, 19249]...: 10267342: ACCEPTED IN 19 TRIES, (AVG 540386.4210526316)
[1, 4, 10, 23, 57, 132, 301, 701, 1636, 3918, 8634, 19253]...: 5938357: ACCEPTED IN 11 TRIES, (AVG 539850.6363636364)
[1, 4, 10, 23, 57, 132, 301, 701, 1636, 3918, 8634, 19283]...: 7561504: ACCEPTED IN 14 TRIES, (AVG 540107.4285714285)
[1, 4, 10, 23, 57, 132, 301, 701, 1636, 3918, 8634, 19290]...: 11347295: ACCEPTED IN 21 TRIES, (AVG 540347.380952381)
[1, 4, 10, 23, 57, 132, 301, 701, 1636, 3918, 8634, 19315]...: 12971515: ACCEPTED IN 24 TRIES, (AVG 540479.7916666666)
[1, 4, 10, 23, 57, 132, 301, 701, 1636, 3918, 8634, 19348]...: 18384285: ACCEPTED IN 34 TRIES, (AVG 540714.2647058824)
[1, 4, 10, 23, 57, 132, 301, 701, 1636, 3918, 8634, 19382]...: 11890942: ACCEPTED IN 22 TRIES, (AVG 540497.3636363636)
[1, 4, 10, 23, 57, 132, 301, 701, 1636, 3918, 8634, 19385]...: 6479000: ACCEPTED IN 12 TRIES, (AVG 539916.6666666666)
[1, 4, 10, 23, 57, 132, 301, 701, 1636, 3918, 8634, 19415]...: 5937219: ACCEPTED IN 11 TRIES, (AVG 539747.1818181818)
[1, 4, 10, 23, 57, 132, 301, 701, 1636, 3918, 8634, 19422]...: 10807024: ACCEPTED IN 20 TRIES, (AVG 540351.2)
[1, 4, 10, 23, 57, 132, 301, 701, 1636, 3918, 8634, 19447]...: 13513736: ACCEPTED IN 25 TRIES, (AVG 540549.44)
[1, 4, 10, 23, 57, 132, 301, 701, 1636, 3918, 8634, 19481]...: 10267701: ACCEPTED IN 19 TRIES, (AVG 540405.3157894737)
[1, 4, 10, 23, 57, 132, 301, 701, 1636, 3918, 8634, 19514]...: 7559273: ACCEPTED IN 14 TRIES, (AVG 539948.0714285715)
[1, 4, 10, 23, 57, 132, 301, 701, 1636, 3918, 8634, 19517]...: 12431098: ACCEPTED IN 23 TRIES, (AVG 540482.5217391305)
[1, 4, 10, 23, 57, 132, 301, 701, 1636, 3918, 8634, 19554]...: 14596485: ACCEPTED IN 27 TRIES, (AVG 540610.5555555555)
[1, 4, 10, 23, 57, 132, 301, 701, 1636, 3918, 8634, 19584]...: 11349778: ACCEPTED IN 21 TRIES, (AVG 540465.619047619)
[1, 4, 10, 23, 57, 132, 301, 701, 1636, 3918, 8634, 19613]...: 13514549: ACCEPTED IN 25 TRIES, (AVG 540581.96)
[1, 4, 10, 23, 57, 132, 301, 701, 1636, 3918, 8634, 19616]...: 17302072: ACCEPTED IN 32 TRIES, (AVG 540689.75)
[1, 4, 10, 23, 57, 132, 301, 701, 1636, 3918, 8634, 19649]...: 22172442: ACCEPTED IN 41 TRIES, (AVG 540791.268292683)
[1, 4, 10, 23, 57, 132, 301, 701, 1636, 3918, 8634, 19683]...: 5938501: ACCEPTED IN 11 TRIES, (AVG 539863.7272727273)
[1, 4, 10, 23, 57, 132, 301, 701, 1636, 3918, 8634, 19686]...: 6479542: ACCEPTED IN 12 TRIES, (AVG 539961.8333333334)
[1, 4, 10, 23, 57, 132, 301, 701, 1636, 3918, 8634, 19715]...: 11888986: ACCEPTED IN 22 TRIES, (AVG 540408.4545454546)
[1, 4, 10, 23, 57, 132, 301, 701, 1636, 3918, 8634, 19716]...: 5937989: ACCEPTED IN 11 TRIES, (AVG 539817.1818181818)
[1, 4, 10, 23, 57, 132, 301, 701, 1636, 3918, 8634, 19748]...: 13513514: ACCEPTED IN 25 TRIES, (AVG 540540.56)
[1, 4, 10, 23, 57, 132, 301, 701, 1636, 3918, 8634, 19782]...: 8102961: ACCEPTED IN 15 TRIES, (AVG 540197.4)
[1, 4, 10, 23, 57, 132, 301, 701, 1636, 3918, 8634, 19815]...: 9185145: ACCEPTED IN 17 TRIES, (AVG 540302.6470588235)
[1, 4, 10, 23, 57, 132, 301, 701, 1636, 3918, 8634, 19817]...: 8643252: ACCEPTED IN 16 TRIES, (AVG 540203.25)
[1, 4, 10, 23, 57, 132, 301, 701, 1636, 3918, 8634, 19818]...: 14595957: ACCEPTED IN 27 TRIES, (AVG 540591.0)
[1, 4, 10, 23, 57, 132, 301, 701, 1636, 3918, 8634, 19847]...: 9725795: ACCEPTED IN 18 TRIES, (AVG 540321.9444444445)
[1, 4, 10, 23, 57, 132, 301, 701, 1636, 3918, 8634, 19914]...: 12432136: ACCEPTED IN 23 TRIES, (AVG 540527.6521739131)
[1, 4, 10, 23, 57, 132, 301, 701, 1636, 3918, 8634, 19917]...: 5933974: ACCEPTED IN 11 TRIES, (AVG 539452.1818181818)
[1, 4, 10, 23, 57, 132, 301, 701, 1636, 3918, 8634, 19949]...: 5396970: ACCEPTED IN 10 TRIES, (AVG 539697.0)
[1, 4, 10, 23, 57, 132, 301, 701, 1636, 3918, 8634, 19950]...: 13510399: ACCEPTED IN 25 TRIES, (AVG 540415.96)
[1, 4, 10, 23, 57, 132, 301, 701, 1636, 3918, 8634, 19984]...: 12431730: ACCEPTED IN 23 TRIES, (AVG 540510.0)
[1, 4, 10, 23, 57, 132, 301, 701, 1636, 3918, 8634, 20016]...: 9725054: ACCEPTED IN 18 TRIES, (AVG 540280.7777777778)
[1, 4, 10, 23, 57, 132, 301, 701, 1636, 3918, 8634, 20049]...: 11349991: ACCEPTED IN 21 TRIES, (AVG 540475.7619047619)
[1, 4, 10, 23, 57, 132, 301, 701, 1636, 3918, 8634, 20081]...: 14596795: ACCEPTED IN 27 TRIES, (AVG 540622.0370370371)
[1, 4, 10, 23, 57, 132, 301, 701, 1636, 3918, 8634, 20083]...: 11891031: ACCEPTED IN 22 TRIES, (AVG 540501.4090909091)
[1, 4, 10, 23, 57, 132, 301, 701, 1636, 3918, 8634, 20116]...: 15137343: ACCEPTED IN 28 TRIES, (AVG 540619.3928571428)
[1, 4, 10, 23, 57, 132, 301, 701, 1636, 3918, 8634, 20148]...: 7019691: ACCEPTED IN 13 TRIES, (AVG 539976.2307692308)
[1, 4, 10, 23, 57, 132, 301, 701, 1636, 3918, 8634, 20182]...: 7562007: ACCEPTED IN 14 TRIES, (AVG 540143.3571428572)
[1, 4, 10, 23, 57, 132, 301, 701, 1636, 3918, 8634, 20215]...: 7020294: ACCEPTED IN 13 TRIES, (AVG 540022.6153846154)
[1, 4, 10, 23, 57, 132, 301, 701, 1636, 3918, 8634, 20218]...: 7561090: ACCEPTED IN 14 TRIES, (AVG 540077.8571428572)
[1, 4, 10, 23, 57, 132, 301, 701, 1636, 3918, 8634, 20285]...: 4856202: ACCEPTED IN 9 TRIES, (AVG 539578.0)
[1, 4, 10, 23, 57, 132, 301, 701, 1636, 3918, 8634, 20314]...: 14596654: ACCEPTED IN 27 TRIES, (AVG 540616.8148148148)
[1, 4, 10, 23, 57, 132, 301, 701, 1636, 3918, 8634, 20317]...: 9725342: ACCEPTED IN 18 TRIES, (AVG 540296.7777777778)
[1, 4, 10, 23, 57, 132, 301, 701, 1636, 3918, 8634, 20350]...: 10266242: ACCEPTED IN 19 TRIES, (AVG 540328.5263157894)
[1, 4, 10, 23, 57, 132, 301, 701, 1636, 3918, 8634, 20384]...: 4856078: ACCEPTED IN 9 TRIES, (AVG 539564.2222222222)
[1, 4, 10, 23, 57, 132, 301, 701, 1636, 3918, 8634, 20416]...: 7561674: ACCEPTED IN 14 TRIES, (AVG 540119.5714285715)
[1, 4, 10, 23, 57, 132, 301, 701, 1636, 3918, 8634, 20417]...: 7020228: ACCEPTED IN 13 TRIES, (AVG 540017.5384615385)
[1, 4, 10, 23, 57, 132, 301, 701, 1636, 3918, 8634, 20449]...: 7019619: ACCEPTED IN 13 TRIES, (AVG 539970.6923076923)
[1, 4, 10, 23, 57, 132, 301, 701, 1636, 3918, 8634, 20483]...: 4855130: ACCEPTED IN 9 TRIES, (AVG 539458.8888888889)
[1, 4, 10, 23, 57, 132, 301, 701, 1636, 3918, 8634, 20516]...: 10808733: ACCEPTED IN 20 TRIES, (AVG 540436.65)
[1, 4, 10, 23, 57, 132, 301, 701, 1636, 3918, 8634, 20519]...: 12973362: ACCEPTED IN 24 TRIES, (AVG 540556.75)
[1, 4, 10, 23, 57, 132, 301, 701, 1636, 3918, 8634, 20548]...: 12431247: ACCEPTED IN 23 TRIES, (AVG 540489.0)
[1, 4, 10, 23, 57, 132, 301, 701, 1636, 3918, 8634, 20615]...: 11347785: ACCEPTED IN 21 TRIES, (AVG 540370.7142857143)
[1, 4, 10, 23, 57, 132, 301, 701, 1636, 3918, 8634, 20618]...: 7020005: ACCEPTED IN 13 TRIES, (AVG 540000.3846153846)
[1, 4, 10, 23, 57, 132, 301, 701, 1636, 3918, 8634, 20650]...: 7561724: ACCEPTED IN 14 TRIES, (AVG 540123.1428571428)
[1, 4, 10, 23, 57, 132, 301, 701, 1636, 3918, 8634, 20651]...: 7559113: ACCEPTED IN 14 TRIES, (AVG 539936.6428571428)
[1, 4, 10, 23, 57, 132, 301, 701, 1636, 3918, 8634, 20685]...: 7560351: ACCEPTED IN 14 TRIES, (AVG 540025.0714285715)
[1, 4, 10, 23, 57, 132, 301, 701, 1636, 3918, 8634, 20717]...: 13512419: ACCEPTED IN 25 TRIES, (AVG 540496.76)
