[1, 4, 10, 23, 57, 132, 301, 701, 1654, 3945, 9001, 19820]...: 9183450: ACCEPTED IN 17 TRIES, (AVG 540202.9411764706)
[1, 4, 10, 23, 57, 132, 301, 701, 1654, 3945, 9001, 19827]...: 7019342: ACCEPTED IN 13 TRIES, (AVG 539949.3846153846)
[1, 4, 10, 23, 57, 132, 301, 701, 1654, 3945, 9001, 19857]...: 8102437: ACCEPTED IN 15 TRIES, (AVG 540162.4666666667)
[1, 4, 10, 23, 57, 132, 301, 701, 1654, 3945, 9001, 19861]...: 12430515: ACCEPTED IN 23 TRIES, (AVG 540457.1739130435)
[1, 4, 10, 23, 57, 132, 301, 701, 1654, 3945, 9001, 19865]...: 8101781: ACCEPTED IN 15 TRIES, (AVG 540118.7333333333)
[1, 4, 10, 23, 57, 132, 301, 701, 1654, 3945, 9001, 19894]...: 11349604: ACCEPTED IN 21 TRIES, (AVG 540457.3333333334)
[1, 4, 10, 23, 57, 132, 301, 701, 1654, 3945, 9001, 19898]...: 10808551: ACCEPTED IN 20 TRIES, (AVG 540427.55)
[1, 4, 10, 23, 57, 132, 301, 701, 1654, 3945, 9001, 19922]...: 55182040: ACCEPTED IN 102 TRIES, (AVG 541000.3921568628)
[1, 4, 10, 23, 57, 132, 301, 701, 1654, 3945, 9001, 19952]...: 5938559: ACCEPTED IN 11 TRIES, (AVG 539869.0)
[1, 4, 10, 23, 57, 132, 301, 701, 1654, 3945, 9001, 19959]...: 7559570: ACCEPTED IN 14 TRIES, (AVG 539969.2857142857)
[1, 4, 10, 23, 57, 132, 301, 701, 1654, 3945, 9001, 19964]...: 5395600: ACCEPTED IN 10 TRIES, (AVG 539560.0)
[1, 4, 10, 23, 57, 132, 301, 701, 1654, 3945, 9001, 19989]...: 8102685: ACCEPTED IN 15 TRIES, (AVG 540179.0)
[1, 4, 10, 23, 57, 132, 301, 701, 1654, 3945, 9001, 19993]...: 8102037: ACCEPTED IN 15 TRIES, (AVG 540135.8)
[1, 4, 10, 23, 57, 132, 301, 701, 1654, 3945, 9001, 20026]...: 10267613: ACCEPTED IN 19 TRIES, (AVG 540400.6842105263)
[1, 4, 10, 23, 57, 132, 301, 701, 1654, 3945, 9001, 20030]...: 13512773: ACCEPTED IN 25 TRIES, (AVG 540510.92)
[1, 4, 10, 23, 57, 132, 301, 701, 1654, 3945, 9001, 20054]...: 9182711: ACCEPTED IN 17 TRIES, (AVG 540159.4705882353)
[1, 4, 10, 23, 57, 132, 301, 701, 1654, 3945, 9001, 20067]...: 10264732: ACCEPTED IN 19 TRIES, (AVG 540249.052631579)
[1, 4, 10, 23, 57, 132, 301, 701, 1654, 3945, 9001, 20084]...: 17299222: ACCEPTED IN 32 TRIES, (AVG 540600.6875)
[1, 4, 10, 23, 57, 132, 301, 701, 1654, 3945, 9001, 20091]...: 27042689: ACCEPTED IN 50 TRIES, (AVG 540853.78)
[1, 4, 10, 23, 57, 132, 301, 701, 1654, 3945, 9001, 20121]...: 12430310: ACCEPTED IN 23 TRIES, (AVG 540448.2608695652)
[1, 4, 10, 23, 57, 132, 301, 701, 1654, 3945, 9001, 20125]...: 14053277: ACCEPTED IN 26 TRIES, (AVG 540510.6538461539)
[1, 4, 10, 23, 57, 132, 301, 701, 1654, 3945, 9001, 20158]...: 10266209: ACCEPTED IN 19 TRIES, (AVG 540326.7894736842)
[1, 4, 10, 23, 57, 132, 301, 701, 1654, 3945, 9001, 20162]...: 8101553: ACCEPTED IN 15 TRIES, (AVG 540103.5333333333)
[1, 4, 10, 23, 57, 132, 301, 701, 1654, 3945, 9001, 20166]...: 16218885: ACCEPTED IN 30 TRIES, (AVG 540629.5)
[1, 4, 10, 23, 57, 132, 301, 701, 1654, 3945, 9001, 20186]...: 11349747: ACCEPTED IN 21 TRIES, (AVG 540464.1428571428)
[1, 4, 10, 23, 57, 132, 301, 701, 1654, 3945, 9001, 20195]...: 10267657: ACCEPTED IN 19 TRIES, (AVG 540403.0)
[1, 4, 10, 23, 57, 132, 301, 701, 1654, 3945, 9001, 20199]...: 82779253: ACCEPTED IN 153 TRIES, (AVG 541040.8692810457)
[1, 4, 10, 23, 57, 132, 301, 701, 1654, 3945, 9001, 20216]...: 9184964: ACCEPTED IN 17 TRIES, (AVG 540292.0)
[1, 4, 10, 23, 57, 132, 301, 701, 1654, 3945, 9001, 20223]...: 12430219: ACCEPTED IN 23 TRIES, (AVG 540444.304347826)
[1, 4, 10, 23, 57, 132, 301, 701, 1654, 3945, 9001, 20253]...: 19466761: ACCEPTED IN 36 TRIES, (AVG 540743.3611111111)
[1, 4, 10, 23, 57, 132, 301, 701, 1654, 3945, 9001, 20257]...: 7561978: ACCEPTED IN 14 TRIES, (AVG 540141.2857142857)
[1, 4, 10, 23, 57, 132, 301, 701, 1654, 3945, 9001, 20265]...: 7019067: ACCEPTED IN 13 TRIES, (AVG 539928.2307692308)
[1, 4, 10, 23, 57, 132, 301, 701, 1654, 3945, 9001, 20290]...: 11888017: ACCEPTED IN 22 TRIES, (AVG 540364.4090909091)
[1, 4, 10, 23, 57, 132, 301, 701, 1654, 3945, 9001, 20294]...: 11349703: ACCEPTED IN 21 TRIES, (AVG 540462.0476190476)
[1, 4, 10, 23, 57, 132, 301, 701, 1654, 3945, 9001, 20298]...: 6478816: ACCEPTED IN 12 TRIES, (AVG 539901.3333333334)
[1, 4, 10, 23, 57, 132, 301, 701, 1654, 3945, 9001, 20327]...: 11348582: ACCEPTED IN 21 TRIES, (AVG 540408.6666666666)
[1, 4, 10, 23, 57, 132, 301, 701, 1654, 3945, 9001, 20331]...: 23254655: ACCEPTED IN 43 TRIES, (AVG 540805.9302325582)
[1, 4, 10, 23, 57, 132, 301, 701, 1654, 3945, 9001, 20355]...: 9725745: ACCEPTED IN 18 TRIES, (AVG 540319.1666666666)
[1, 4, 10, 23, 57, 132, 301, 701, 1654, 3945, 9001, 20368]...: 12430164: ACCEPTED IN 23 TRIES, (AVG 540441.9130434783)
[1, 4, 10, 23, 57, 132, 301, 701, 1654, 3945, 9001, 20385]...: 5936974: ACCEPTED IN 11 TRIES, (AVG 539724.9090909091)
[1, 4, 10, 23, 57, 132, 301, 701, 1654, 3945, 9001, 20389]...: 7562032: ACCEPTED IN 14 TRIES, (AVG 540145.1428571428)
[1, 4, 10, 23, 57, 132, 301, 701, 1654, 3945, 9001, 20422]...: 14054849: ACCEPTED IN 26 TRIES, (AVG 540571.1153846154)
[1, 4, 10, 23, 57, 132, 301, 701, 1654, 3945, 9001, 20426]...: 8644243: ACCEPTED IN 16 TRIES, (AVG 540265.1875)
[1, 4, 10, 23, 57, 132, 301, 701, 1654, 3945, 9001, 20430]...: 10808188: ACCEPTED IN 20 TRIES, (AVG 540409.4)
[1, 4, 10, 23, 57, 132, 301, 701, 1654, 3945, 9001, 20459]...: 10808675: ACCEPTED IN 20 TRIES, (AVG 540433.75)
[1, 4, 10, 23, 57, 132, 301, 701, 1654, 3945, 9001, 20463]...: 8101966: ACCEPTED IN 15 TRIES, (AVG 540131.0666666667)
[1, 4, 10, 23, 57, 132, 301, 701, 1654, 3945, 9001, 20467]...: 6479725: ACCEPTED IN 12 TRIES, (AVG 539977.0833333334)
[1, 4, 10, 23, 57, 132, 301, 701, 1654, 3945, 9001, 20479]...: 8101975: ACCEPTED IN 15 TRIES, (AVG 540131.6666666666)
[1, 4, 10, 23, 57, 132, 301, 701, 1654, 3945, 9001, 20487]...: 9724181: ACCEPTED IN 18 TRIES, (AVG 540232.2777777778)
[1, 4, 10, 23, 57, 132, 301, 701, 1654, 3945, 9001, 20496]...: 5397221: ACCEPTED IN 10 TRIES, (AVG 539722.1)
[1, 4, 10, 23, 57, 132, 301, 701, 1654, 3945, 9001, 20500]...: 12430949: ACCEPTED IN 23 TRIES, (AVG 540476.0434782609)
[1, 4, 10, 23, 57, 132, 301, 701, 1654, 3945, 9001, 20517]...: 6479293: ACCEPTED IN 12 TRIES, (AVG 539941.0833333334)
[1, 4, 10, 23, 57, 132, 301, 701, 1654, 3945, 9001, 20521]...: 9185101: ACCEPTED IN 17 TRIES, (AVG 540300.0588235294)
[1, 4, 10, 23, 57, 132, 301, 701, 1654, 3945, 9001, 20554]...: 11890535: ACCEPTED IN 22 TRIES, (AVG 540478.8636363636)
[1, 4, 10, 23, 57, 132, 301, 701, 1654, 3945, 9001, 20558]...: 10264745: ACCEPTED IN 19 TRIES, (AVG 540249.7368421053)
[1, 4, 10, 23, 57, 132, 301, 701, 1654, 3945, 9001, 20562]...: 12431250: ACCEPTED IN 23 TRIES, (AVG 540489.1304347826)
[1, 4, 10, 23, 57, 132, 301, 701, 1654, 3945, 9001, 20566]...: 5937591: ACCEPTED IN 11 TRIES, (AVG 539781.0)
[1, 4, 10, 23, 57, 132, 301, 701, 1654, 3945, 9001, 20591]...: 7019824: ACCEPTED IN 13 TRIES, (AVG 539986.4615384615)
[1, 4, 10, 23, 57, 132, 301, 701, 1654, 3945, 9001, 20595]...: 8644296: ACCEPTED IN 16 TRIES, (AVG 540268.5)
[1, 4, 10, 23, 57, 132, 301, 701, 1654, 3945, 9001, 20599]...: 11891076: ACCEPTED IN 22 TRIES, (AVG 540503.4545454546)
[1, 4, 10, 23, 57, 132, 301, 701, 1654, 3945, 9001, 20611]...: 9184522: ACCEPTED IN 17 TRIES, (AVG 540266.0)
[1, 4, 10, 23, 57, 132, 301, 701, 1654, 3945, 9001, 20628]...: 8102242: ACCEPTED IN 15 TRIES, (AVG 540149.4666666667)
[1, 4, 10, 23, 57, 132, 301, 701, 1654, 3945, 9001, 20632]...: 14053959: ACCEPTED IN 26 TRIES, (AVG 540536.8846153846)
[1, 4, 10, 23, 57, 132, 301, 701, 1654, 3945, 9001, 20653]...: 7020471: ACCEPTED IN 13 TRIES, (AVG 540036.2307692308)
[1, 4, 10, 23, 57, 132, 301, 701, 1654, 3945, 9001, 20665]...: 8101336: ACCEPTED IN 15 TRIES, (AVG 540089.0666666667)
[1, 4, 10, 23, 57, 132, 301, 701, 1654, 3945, 9001, 20669]...: 4855410: ACCEPTED IN 9 TRIES, (AVG 539490.0)
[1, 4, 10, 23, 57, 132, 301, 701, 1654, 3945, 9001, 20686]...: 8642278: ACCEPTED IN 16 TRIES, (AVG 540142.375)
[1, 4, 10, 23, 57, 132, 301, 701, 1654, 3945, 9001, 20690]...: 7020839: ACCEPTED IN 13 TRIES, (AVG 540064.5384615385)
[1, 4, 10, 23, 57, 132, 301, 701, 1654, 3945, 9001, 20694]...: 8100584: ACCEPTED IN 15 TRIES, (AVG 540038.9333333333)
[1, 4, 10, 23, 57, 132, 301, 701, 1654, 3945, 9001, 20723]...: 9185213: ACCEPTED IN 17 TRIES, (AVG 540306.6470588235)
[1, 4, 10, 23, 57, 132, 301, 701, 1654, 3945, 9001, 20727]...: 11349074: ACCEPTED IN 21 TRIES, (AVG 540432.0952380953)
[1, 4, 10, 23, 57, 132, 301, 701, 1654, 3945, 9001, 20731]...: 12431219: ACCEPTED IN 23 TRIES, (AVG 540487.7826086957)
[1, 4, 10, 23, 57, 132, 301, 701, 1654, 3945, 9001, 20743]...: 8642514: ACCEPTED IN 16 TRIES, (AVG 540157.125)
[1, 4, 10, 23, 57, 132, 301, 701, 1654, 3945, 9001, 20760]...: 9185106: ACCEPTED IN 17 TRIES, (AVG 540300.3529411765)
[1, 4, 10, 23, 57, 132, 301, 701, 1654, 3945, 9001, 20764]...: 10807985: ACCEPTED IN 20 TRIES, (AVG 540399.25)
[1, 4, 10, 23, 57, 132, 301, 701, 1654, 3945, 9001, 20768]...: 9184948: ACCEPTED IN 17 TRIES, (AVG 540291.0588235294)
[1, 4, 10, 23, 57, 132, 301, 701, 1654, 3945, 9001, 20780]...: 9183185: ACCEPTED IN 17 TRIES, (AVG 540187.3529411765)
[1, 4, 10, 23, 57, 132, 301, 701, 1654, 3945, 9001, 20785]...: 11349454: ACCEPTED IN 21 TRIES, (AVG 540450.1904761905)
[1, 4, 10, 23, 57, 132, 301, 701, 1654, 3945, 9001, 20797]...: 11891150: ACCEPTED IN 22 TRIES, (AVG 540506.8181818182)
[1, 4, 10, 23, 57, 132, 301, 701, 1654, 3945, 9001, 20801]...: 7020930: ACCEPTED IN 13 TRIES, (AVG 540071.5384615385)
[1, 4, 10, 23, 57, 132, 301, 701, 1654, 3945, 9001, 20818]...: 5938062: ACCEPTED IN 11 TRIES, (AVG 539823.8181818182)
[1, 4, 10, 23, 57, 132, 301, 701, 1654, 3945, 9001, 20822]...: 12431175: ACCEPTED IN 23 TRIES, (AVG 540485.8695652174)
[1, 4, 10, 23, 57, 132, 301, 701, 1654, 3945, 9001, 20826]...: 9183982: ACCEPTED IN 17 TRIES, (AVG 540234.2352941176)
[1, 4, 10, 23, 57, 132, 301, 701, 1654, 3945, 9001, 20855]...: 8101843: ACCEPTED IN 15 TRIES, (AVG 540122.8666666667)
[1, 4, 10, 23, 57, 132, 301, 701, 1654, 3945, 9001, 20859]...: 6479538: ACCEPTED IN 12 TRIES, (AVG 539961.5)
[1, 4, 10, 23, 57, 132, 301, 701, 1654, 3945, 9001, 20863]...: 10808775: ACCEPTED IN 20 TRIES, (AVG 540438.75)
[1, 4, 10, 23, 57, 132, 301, 701, 1654, 3945, 9001, 20875]...: 24877407: ACCEPTED IN 46 TRIES, (AVG 540813.195652174)
[1, 4, 10, 23, 57, 132, 301, 701, 1654, 3945, 9001, 20892]...: 9185337: ACCEPTED IN 17 TRIES, (AVG 540313.9411764706)
[1, 4, 10, 23, 57, 132, 301, 701, 1654, 3945, 9001, 20896]...: 10806564: ACCEPTED IN 20 TRIES, (AVG 540328.2)
[1, 4, 10, 23, 57, 132, 301, 701, 1654, 3945, 9001, 20900]...: 12431076: ACCEPTED IN 23 TRIES, (AVG 540481.5652173914)
[1, 4, 10, 23, 57, 132, 301, 701, 1654, 3945, 9001, 20912]...: 9184391: ACCEPTED IN 17 TRIES, (AVG 540258.2941176471)
[1, 4, 10, 23, 57, 132, 301, 701, 1654, 3945, 9001, 20917]...: 7020707: ACCEPTED IN 13 TRIES, (AVG 540054.3846153846)
[1, 4, 10, 23, 57, 132, 301, 701, 1654, 3945, 9001, 20929]...: 8642320: ACCEPTED IN 16 TRIES, (AVG 540145.0)
[1, 4, 10, 23, 57, 132, 301, 701, 1654, 3945, 9001, 20933]...: 10807785: ACCEPTED IN 20 TRIES, (AVG 540389.25)
[1, 4, 10, 23, 57, 132, 301, 701, 1654, 3945, 9001, 20946]...: 7019703: ACCEPTED IN 13 TRIES, (AVG 539977.1538461539)
[1, 4, 10, 23, 57, 132, 301, 701, 1654, 3945, 9001, 20954]...: 9185019: ACCEPTED IN 17 TRIES, (AVG 540295.2352941176)
[1, 4, 10, 23, 57, 132, 301, 701, 1654, 3945, 9001, 20958]...: 11347896: ACCEPTED IN 21 TRIES, (AVG 540376.0)
[1, 4, 10, 23, 57, 132, 301, 701, 1654, 3945, 9001, 20966]...: 6478790: ACCEPTED IN 12 TRIES, (AVG 539899.1666666666)
[1, 4, 10, 23, 57, 132, 301, 701, 1654, 3945, 9001, 20970]...: 9185148: ACCEPTED IN 17 TRIES, (AVG 540302.8235294118)
[1, 4, 10, 23, 57, 132, 301, 701, 1654, 3945, 9001, 20987]...: 6479729: ACCEPTED IN 12 TRIES, (AVG 539977.4166666666)
[1, 4, 10, 23, 57, 132, 301, 701, 1654, 3945, 9001, 20991]...: 5938264: ACCEPTED IN 11 TRIES, (AVG 539842.1818181818)
[1, 4, 10, 23, 57, 132, 301, 701, 1654, 3945, 9001, 20995]...: 11349849: ACCEPTED IN 21 TRIES, (AVG 540469.0)
[1, 4, 10, 23, 57, 132, 301, 701, 1654, 3945, 9001, 21007]...: 7020681: ACCEPTED IN 13 TRIES, (AVG 540052.3846153846)
[1, 4, 10, 23, 57, 132, 301, 701, 1654, 3945, 9001, 21024]...: 12430281: ACCEPTED IN 23 TRIES, (AVG 540447.0)
[1, 4, 10, 23, 57, 132, 301, 701, 1654, 3945, 9001, 21028]...: 10808260: ACCEPTED IN 20 TRIES, (AVG 540413.0)
[1, 4, 10, 23, 57, 132, 301, 701, 1654, 3945, 9001, 21032]...: 18384739: ACCEPTED IN 34 TRIES, (AVG 540727.6176470588)
[1, 4, 10, 23, 57, 132, 301, 701, 1654, 3945, 9001, 21044]...: 9726610: ACCEPTED IN 18 TRIES, (AVG 540367.2222222222)
[1, 4, 10, 23, 57, 132, 301, 701, 1654, 3945, 9001, 21061]...: 7559525: ACCEPTED IN 14 TRIES, (AVG 539966.0714285715)
[1, 4, 10, 23, 57, 132, 301, 701, 1654, 3945, 9001, 21065]...: 9183797: ACCEPTED IN 17 TRIES, (AVG 540223.3529411765)
[1, 4, 10, 23, 57, 132, 301, 701, 1654, 3945, 9001, 21069]...: 3232427: ACCEPTED IN 6 TRIES, (AVG 538737.8333333334)
[1, 4, 10, 23, 57, 132, 301, 701, 1654, 3945, 9001, 21078]...: 12431539: ACCEPTED IN 23 TRIES, (AVG 540501.695652174)
[1, 4, 10, 23, 57, 132, 301, 701, 1654, 3945, 9001, 21086]...: 8102312: ACCEPTED IN 15 TRIES, (AVG 540154.1333333333)
[1, 4, 10, 23, 57, 132, 301, 701, 1654, 3945, 9001, 21090]...: 12430089: ACCEPTED IN 23 TRIES, (AVG 540438.6521739131)
[1, 4, 10, 23, 57, 132, 301, 701, 1654, 3945, 9001, 21098]...: 7020231: ACCEPTED IN 13 TRIES, (AVG 540017.7692307692)
[1, 4, 10, 23, 57, 132, 301, 701, 1654, 3945, 9001, 21102]...: 9185506: ACCEPTED IN 17 TRIES, (AVG 540323.8823529412)
[1, 4, 10, 23, 57, 132, 301, 701, 1654, 3945, 9001, 21119]...: 8102158: ACCEPTED IN 15 TRIES, (AVG 540143.8666666667)
[1, 4, 10, 23, 57, 132, 301, 701, 1654, 3945, 9001, 21123]...: 8103181: ACCEPTED IN 15 TRIES, (AVG 540212.0666666667)
[1, 4, 10, 23, 57, 132, 301, 701, 1654, 3945, 9001, 21127]...: 13512978: ACCEPTED IN 25 TRIES, (AVG 540519.12)
[1, 4, 10, 23, 57, 132, 301, 701, 1654, 3945, 9001, 21131]...: 12428348: ACCEPTED IN 23 TRIES, (AVG 540362.9565217391)
[1, 4, 10, 23, 57, 132, 301, 701, 1654, 3945, 9001, 21139]...: 8643916: ACCEPTED IN 16 TRIES, (AVG 540244.75)
[1, 4, 10, 23, 57, 132, 301, 701, 1654, 3945, 9001, 21156]...: 8642558: ACCEPTED IN 16 TRIES, (AVG 540159.875)
[1, 4, 10, 23, 57, 132, 301, 701, 1654, 3945, 9001, 21160]...: 8643331: ACCEPTED IN 16 TRIES, (AVG 540208.1875)
[1, 4, 10, 23, 57, 132, 301, 701, 1654, 3945, 9001, 21164]...: 9184169: ACCEPTED IN 17 TRIES, (AVG 540245.2352941176)
[1, 4, 10, 23, 57, 132, 301, 701, 1654, 3945, 9001, 21176]...: 7020171: ACCEPTED IN 13 TRIES, (AVG 540013.1538461539)
[1, 4, 10, 23, 57, 132, 301, 701, 1654, 3945, 9001, 21180]...: 9725798: ACCEPTED IN 18 TRIES, (AVG 540322.1111111111)
[1, 4, 10, 23, 57, 132, 301, 701, 1654, 3945, 9001, 21193]...: 17300566: ACCEPTED IN 32 TRIES, (AVG 540642.6875)
[1, 4, 10, 23, 57, 132, 301, 701, 1654, 3945, 9001, 21197]...: 10267376: ACCEPTED IN 19 TRIES, (AVG 540388.2105263158)
[1, 4, 10, 23, 57, 132, 301, 701, 1654, 3945, 9001, 21201]...: 7019154: ACCEPTED IN 13 TRIES, (AVG 539934.9230769231)
[1, 4, 10, 23, 57, 132, 301, 701, 1654, 3945, 9001, 21210]...: 10267282: ACCEPTED IN 19 TRIES, (AVG 540383.2631578947)
[1, 4, 10, 23, 57, 132, 301, 701, 1654, 3945, 9001, 21218]...: 7020917: ACCEPTED IN 13 TRIES, (AVG 540070.5384615385)
[1, 4, 10, 23, 57, 132, 301, 701, 1654, 3945, 9001, 21222]...: 8643743: ACCEPTED IN 16 TRIES, (AVG 540233.9375)
[1, 4, 10, 23, 57, 132, 301, 701, 1654, 3945, 9001, 21230]...: 11349142: ACCEPTED IN 21 TRIES, (AVG 540435.3333333334)
[1, 4, 10, 23, 57, 132, 301, 701, 1654, 3945, 9001, 21234]...: 7017622: ACCEPTED IN 13 TRIES, (AVG 539817.0769230769)
[1, 4, 10, 23, 57, 132, 301, 701, 1654, 3945, 9001, 21247]...: 8643506: ACCEPTED IN 16 TRIES, (AVG 540219.125)
[1, 4, 10, 23, 57, 132, 301, 701, 1654, 3945, 9001, 21251]...: 8643230: ACCEPTED IN 16 TRIES, (AVG 540201.875)
[1, 4, 10, 23, 57, 132, 301, 701, 1654, 3945, 9001, 21255]...: 22171181: ACCEPTED IN 41 TRIES, (AVG 540760.512195122)
[1, 4, 10, 23, 57, 132, 301, 701, 1654, 3945, 9001, 21259]...: 7561868: ACCEPTED IN 14 TRIES, (AVG 540133.4285714285)
[1, 4, 10, 23, 57, 132, 301, 701, 1654, 3945, 9001, 21263]...: 7020864: ACCEPTED IN 13 TRIES, (AVG 540066.4615384615)
[1, 4, 10, 23, 57, 132, 301, 701, 1654, 3945, 9001, 21267]...: 7020736: ACCEPTED IN 13 TRIES, (AVG 540056.6153846154)
[1, 4, 10, 23, 57, 132, 301, 701, 1654, 3945, 9001, 21271]...: 9185373: ACCEPTED IN 17 TRIES, (AVG 540316.0588235294)
[1, 4, 10, 23, 57, 132, 301, 701, 1654, 3945, 9001, 21288]...: 22171353: ACCEPTED IN 41 TRIES, (AVG 540764.7073170731)
[1, 4, 10, 23, 57, 132, 301, 701, 1654, 3945, 9001, 21292]...: 12431106: ACCEPTED IN 23 TRIES, (AVG 540482.8695652174)
[1, 4, 10, 23, 57, 132, 301, 701, 1654, 3945, 9001, 21296]...: 8642724: ACCEPTED IN 16 TRIES, (AVG 540170.25)
[1, 4, 10, 23, 57, 132, 301, 701, 1654, 3945, 9001, 21308]...: 9182940: ACCEPTED IN 17 TRIES, (AVG 540172.9411764706)
[1, 4, 10, 23, 57, 132, 301, 701, 1654, 3945, 9001, 21312]...: 12431872: ACCEPTED IN 23 TRIES, (AVG 540516.1739130435)
[1, 4, 10, 23, 57, 132, 301, 701, 1654, 3945, 9001, 21325]...: 9185099: ACCEPTED IN 17 TRIES, (AVG 540299.9411764706)
[1, 4, 10, 23, 57, 132, 301, 701, 1654, 3945, 9001, 21329]...: 9184757: ACCEPTED IN 17 TRIES, (AVG 540279.8235294118)
[1, 4, 10, 23, 57, 132, 301, 701, 1654, 3945, 9001, 21342]...: 7017847: ACCEPTED IN 13 TRIES, (AVG 539834.3846153846)
[1, 4, 10, 23, 57, 132, 301, 701, 1654, 3945, 9001, 21354]...: 11349938: ACCEPTED IN 21 TRIES, (AVG 540473.2380952381)
[1, 4, 10, 23, 57, 132, 301, 701, 1654, 3945, 9001, 21362]...: 9183644: ACCEPTED IN 17 TRIES, (AVG 540214.3529411765)
[1, 4, 10, 23, 57, 132, 301, 701, 1654, 3945, 9001, 21366]...: 7018455: ACCEPTED IN 13 TRIES, (AVG 539881.1538461539)
[1, 4, 10, 23, 57, 132, 301, 701, 1654, 3945, 9001, 21370]...: 9184937: ACCEPTED IN 17 TRIES, (AVG 540290.4117647059)
[1, 4, 10, 23, 57, 132, 301, 701, 1654, 3945, 9001, 21379]...: 23255025: ACCEPTED IN 43 TRIES, (AVG 540814.5348837209)
[1, 4, 10, 23, 57, 132, 301, 701, 1654, 3945, 9001, 21383]...: 12431438: ACCEPTED IN 23 TRIES, (AVG 540497.304347826)
[1, 4, 10, 23, 57, 132, 301, 701, 1654, 3945, 9001, 21387]...: 8102844: ACCEPTED IN 15 TRIES, (AVG 540189.6)
[1, 4, 10, 23, 57, 132, 301, 701, 1654, 3945, 9001, 21391]...: 25418455: ACCEPTED IN 47 TRIES, (AVG 540818.1914893617)
[1, 4, 10, 23, 57, 132, 301, 701, 1654, 3945, 9001, 21395]...: 5937568: ACCEPTED IN 11 TRIES, (AVG 539778.9090909091)
[1, 4, 10, 23, 57, 132, 301, 701, 1654, 3945, 9001, 21399]...: 9184951: ACCEPTED IN 17 TRIES, (AVG 540291.2352941176)
[1, 4, 10, 23, 57, 132, 301, 701, 1654, 3945, 9001, 21403]...: 9183575: ACCEPTED IN 17 TRIES, (AVG 540210.2941176471)
[1, 4, 10, 23, 57, 132, 301, 701, 1654, 3945, 9001, 21420]...: 8100222: ACCEPTED IN 15 TRIES, (AVG 540014.8)
[1, 4, 10, 23, 57, 132, 301, 701, 1654, 3945, 9001, 21424]...: 12430902: ACCEPTED IN 23 TRIES, (AVG 540474.0)
[1, 4, 10, 23, 57, 132, 301, 701, 1654, 3945, 9001, 21428]...: 10807401: ACCEPTED IN 20 TRIES, (AVG 540370.05)
[1, 4, 10, 23, 57, 132, 301, 701, 1654, 3945, 9001, 21432]...: 8102831: ACCEPTED IN 15 TRIES, (AVG 540188.7333333333)
[1, 4, 10, 23, 57, 132, 301, 701, 1654, 3945, 9001, 21440]...: 12431683: ACCEPTED IN 23 TRIES, (AVG 540507.9565217391)
[1, 4, 10, 23, 57, 132, 301, 701, 1654, 3945, 9001, 21444]...: 9184107: ACCEPTED IN 17 TRIES, (AVG 540241.5882352941)
[1, 4, 10, 23, 57, 132, 301, 701, 1654, 3945, 9001, 21457]...: 6479165: ACCEPTED IN 12 TRIES, (AVG 539930.4166666666)
[1, 4, 10, 23, 57, 132, 301, 701, 1654, 3945, 9001, 21461]...: 7560963: ACCEPTED IN 14 TRIES, (AVG 540068.7857142857)
[1, 4, 10, 23, 57, 132, 301, 701, 1654, 3945, 9001, 21474]...: 8102819: ACCEPTED IN 15 TRIES, (AVG 540187.9333333333)
[1, 4, 10, 23, 57, 132, 301, 701, 1654, 3945, 9001, 21481]...: 8643727: ACCEPTED IN 16 TRIES, (AVG 540232.9375)
[1, 4, 10, 23, 57, 132, 301, 701, 1654, 3945, 9001, 21486]...: 11890917: ACCEPTED IN 22 TRIES, (AVG 540496.2272727273)
[1, 4, 10, 23, 57, 132, 301, 701, 1654, 3945, 9001, 21494]...: 9184370: ACCEPTED IN 17 TRIES, (AVG 540257.0588235294)
[1, 4, 10, 23, 57, 132, 301, 701, 1654, 3945, 9001, 21498]...: 10267600: ACCEPTED IN 19 TRIES, (AVG 540400.0)
[1, 4, 10, 23, 57, 132, 301, 701, 1654, 3945, 9001, 21502]...: 9184429: ACCEPTED IN 17 TRIES, (AVG 540260.5294117647)
[1, 4, 10, 23, 57, 132, 301, 701, 1654, 3945, 9001, 21511]...: 3774126: ACCEPTED IN 7 TRIES, (AVG 539160.8571428572)
[1, 4, 10, 23, 57, 132, 301, 701, 1654, 3945, 9001, 21515]...: 9183365: ACCEPTED IN 17 TRIES, (AVG 540197.9411764706)
[1, 4, 10, 23, 57, 132, 301, 701, 1654, 3945, 9001, 21519]...: 4854787: ACCEPTED IN 9 TRIES, (AVG 539420.7777777778)
[1, 4, 10, 23, 57, 132, 301, 701, 1654, 3945, 9001, 21523]...: 8644373: ACCEPTED IN 16 TRIES, (AVG 540273.3125)
[1, 4, 10, 23, 57, 132, 301, 701, 1654, 3945, 9001, 21527]...: 10808566: ACCEPTED IN 20 TRIES, (AVG 540428.3)
[1, 4, 10, 23, 57, 132, 301, 701, 1654, 3945, 9001, 21531]...: 12430053: ACCEPTED IN 23 TRIES, (AVG 540437.0869565217)
[1, 4, 10, 23, 57, 132, 301, 701, 1654, 3945, 9001, 21535]...: 7020739: ACCEPTED IN 13 TRIES, (AVG 540056.8461538461)
[1, 4, 10, 23, 57, 132, 301, 701, 1654, 3945, 9001, 21548]...: 7561622: ACCEPTED IN 14 TRIES, (AVG 540115.8571428572)
[1, 4, 10, 23, 57, 132, 301, 701, 1654, 3945, 9001, 21552]...: 5937056: ACCEPTED IN 11 TRIES, (AVG 539732.3636363636)
[1, 4, 10, 23, 57, 132, 301, 701, 1654, 3945, 9001, 21556]...: 8101648: ACCEPTED IN 15 TRIES, (AVG 540109.8666666667)
[1, 4, 10, 23, 57, 132, 301, 701, 1654, 3945, 9001, 21560]...: 4856308: ACCEPTED IN 9 TRIES, (AVG 539589.7777777778)
[1, 4, 10, 23, 57, 132, 301, 701, 1654, 3945, 9001, 21564]...: 8644106: ACCEPTED IN 16 TRIES, (AVG 540256.625)
[1, 4, 10, 23, 57, 132, 301, 701, 1654, 3945, 9001, 21572]...: 8102775: ACCEPTED IN 15 TRIES, (AVG 540185.0)
[1, 4, 10, 23, 57, 132, 301, 701, 1654, 3945, 9001, 21576]...: 8101332: ACCEPTED IN 15 TRIES, (AVG 540088.8)
[1, 4, 10, 23, 57, 132, 301, 701, 1654, 3945, 9001, 21589]...: 4314831: ACCEPTED IN 8 TRIES, (AVG 539353.875)
[1, 4, 10, 23, 57, 132, 301, 701, 1654, 3945, 9001, 21593]...: 10807450: ACCEPTED IN 20 TRIES, (AVG 540372.5)
