[1, 4, 10, 23, 57, 132, 301, 701, 1654, 3706, 8518, 18762]...: 24877920: ACCEPTED IN 46 TRIES, (AVG 540824.3478260869)
[1, 4, 10, 23, 57, 132, 301, 701, 1654, 3706, 8518, 18775]...: 12973254: ACCEPTED IN 24 TRIES, (AVG 540552.25)
[1, 4, 10, 23, 57, 132, 301, 701, 1654, 3706, 8518, 18791]...: 10808219: ACCEPTED IN 20 TRIES, (AVG 540410.95)
[1, 4, 10, 23, 57, 132, 301, 701, 1654, 3706, 8518, 18824]...: 11349124: ACCEPTED IN 21 TRIES, (AVG 540434.4761904762)
[1, 4, 10, 23, 57, 132, 301, 701, 1654, 3706, 8518, 18828]...: 14055110: ACCEPTED IN 26 TRIES, (AVG 540581.1538461539)
[1, 4, 10, 23, 57, 132, 301, 701, 1654, 3706, 8518, 18865]...: 13514301: ACCEPTED IN 25 TRIES, (AVG 540572.04)
[1, 4, 10, 23, 57, 132, 301, 701, 1654, 3706, 8518, 18911]...: 24878345: ACCEPTED IN 46 TRIES, (AVG 540833.5869565217)
[1, 4, 10, 23, 57, 132, 301, 701, 1654, 3706, 8518, 18944]...: 11888783: ACCEPTED IN 22 TRIES, (AVG 540399.2272727273)
[1, 4, 10, 23, 57, 132, 301, 701, 1654, 3706, 8518, 18960]...: 66004458: ACCEPTED IN 122 TRIES, (AVG 541020.1475409836)
[1, 4, 10, 23, 57, 132, 301, 701, 1654, 3706, 8518, 18997]...: 14054026: ACCEPTED IN 26 TRIES, (AVG 540539.4615384615)
[1, 4, 10, 23, 57, 132, 301, 701, 1654, 3706, 8518, 19001]...: 40570852: ACCEPTED IN 75 TRIES, (AVG 540944.6933333334)
[1, 4, 10, 23, 57, 132, 301, 701, 1654, 3706, 8518, 19030]...: 48687901: ACCEPTED IN 90 TRIES, (AVG 540976.6777777778)
[1, 4, 10, 23, 57, 132, 301, 701, 1654, 3706, 8518, 19039]...: 18384369: ACCEPTED IN 34 TRIES, (AVG 540716.7352941176)
[1, 4, 10, 23, 57, 132, 301, 701, 1654, 3706, 8518, 19076]...: 9183894: ACCEPTED IN 17 TRIES, (AVG 540229.0588235294)
[1, 4, 10, 23, 57, 132, 301, 701, 1654, 3706, 8518, 19080]...: 22172777: ACCEPTED IN 41 TRIES, (AVG 540799.4390243902)
[1, 4, 10, 23, 57, 132, 301, 701, 1654, 3706, 8518, 19084]...: 117411891: ACCEPTED IN 217 TRIES, (AVG 541068.6221198157)
[1, 4, 10, 23, 57, 132, 301, 701, 1654, 3706, 8518, 19092]...: 44899925: ACCEPTED IN 83 TRIES, (AVG 540962.951807229)
[1, 4, 10, 23, 57, 132, 301, 701, 1654, 3706, 8518, 19113]...: 14054510: ACCEPTED IN 26 TRIES, (AVG 540558.0769230769)
[1, 4, 10, 23, 57, 132, 301, 701, 1654, 3706, 8518, 19117]...: 5937332: ACCEPTED IN 11 TRIES, (AVG 539757.4545454546)
[1, 4, 10, 23, 57, 132, 301, 701, 1654, 3706, 8518, 19121]...: 162325395: ACCEPTED IN 300 TRIES, (AVG 541084.65)
[1, 4, 10, 23, 57, 132, 301, 701, 1654, 3706, 8518, 19129]...: 16219377: ACCEPTED IN 30 TRIES, (AVG 540645.9)
[1, 4, 10, 23, 57, 132, 301, 701, 1654, 3706, 8518, 19175]...: 102798936: ACCEPTED IN 190 TRIES, (AVG 541047.0315789473)
[1, 4, 10, 23, 57, 132, 301, 701, 1654, 3706, 8518, 19208]...: 24878363: ACCEPTED IN 46 TRIES, (AVG 540833.9782608695)
[1, 4, 10, 23, 57, 132, 301, 701, 1654, 3706, 8518, 19212]...: 15137505: ACCEPTED IN 28 TRIES, (AVG 540625.1785714285)
[1, 4, 10, 23, 57, 132, 301, 701, 1654, 3706, 8518, 19216]...: 13513737: ACCEPTED IN 25 TRIES, (AVG 540549.48)
[1, 4, 10, 23, 57, 132, 301, 701, 1654, 3706, 8518, 19249]...: 43816417: ACCEPTED IN 81 TRIES, (AVG 540943.4197530864)
[1, 4, 10, 23, 57, 132, 301, 701, 1654, 3706, 8518, 19253]...: 90353818: ACCEPTED IN 167 TRIES, (AVG 541040.8263473054)
[1, 4, 10, 23, 57, 132, 301, 701, 1654, 3706, 8518, 19257]...: 15675670: ACCEPTED IN 29 TRIES, (AVG 540540.3448275862)
[1, 4, 10, 23, 57, 132, 301, 701, 1654, 3706, 8518, 19261]...: 18383716: ACCEPTED IN 34 TRIES, (AVG 540697.5294117647)
[1, 4, 10, 23, 57, 132, 301, 701, 1654, 3706, 8518, 19290]...: 17300260: ACCEPTED IN 32 TRIES, (AVG 540633.125)
[1, 4, 10, 23, 57, 132, 301, 701, 1654, 3706, 8518, 19303]...: 17842590: ACCEPTED IN 33 TRIES, (AVG 540684.5454545454)
[1, 4, 10, 23, 57, 132, 301, 701, 1654, 3706, 8518, 19319]...: 24878094: ACCEPTED IN 46 TRIES, (AVG 540828.1304347826)
[1, 4, 10, 23, 57, 132, 301, 701, 1654, 3706, 8518, 19331]...: 39489083: ACCEPTED IN 73 TRIES, (AVG 540946.3424657534)
[1, 4, 10, 23, 57, 132, 301, 701, 1654, 3706, 8518, 19344]...: 8644333: ACCEPTED IN 16 TRIES, (AVG 540270.8125)
[1, 4, 10, 23, 57, 132, 301, 701, 1654, 3706, 8518, 19348]...: 9183416: ACCEPTED IN 17 TRIES, (AVG 540200.9411764706)
[1, 4, 10, 23, 57, 132, 301, 701, 1654, 3706, 8518, 19352]...: 57886546: ACCEPTED IN 107 TRIES, (AVG 540995.7570093458)
[1, 4, 10, 23, 57, 132, 301, 701, 1654, 3706, 8518, 19356]...: 13513485: ACCEPTED IN 25 TRIES, (AVG 540539.4)
[1, 4, 10, 23, 57, 132, 301, 701, 1654, 3706, 8518, 19377]...: 24878297: ACCEPTED IN 46 TRIES, (AVG 540832.5434782609)
[1, 4, 10, 23, 57, 132, 301, 701, 1654, 3706, 8518, 19381]...: 24336549: ACCEPTED IN 45 TRIES, (AVG 540812.2)
[1, 4, 10, 23, 57, 132, 301, 701, 1654, 3706, 8518, 19385]...: 24878019: ACCEPTED IN 46 TRIES, (AVG 540826.5)
[1, 4, 10, 23, 57, 132, 301, 701, 1654, 3706, 8518, 19389]...: 40029200: ACCEPTED IN 74 TRIES, (AVG 540935.1351351351)
[1, 4, 10, 23, 57, 132, 301, 701, 1654, 3706, 8518, 19393]...: 16760500: ACCEPTED IN 31 TRIES, (AVG 540661.2903225806)
[1, 4, 10, 23, 57, 132, 301, 701, 1654, 3706, 8518, 19414]...: 25960706: ACCEPTED IN 48 TRIES, (AVG 540848.0416666666)
[1, 4, 10, 23, 57, 132, 301, 701, 1654, 3706, 8518, 19422]...: 11889615: ACCEPTED IN 22 TRIES, (AVG 540437.0454545454)
[1, 4, 10, 23, 57, 132, 301, 701, 1654, 3706, 8518, 19426]...: 99554857: ACCEPTED IN 184 TRIES, (AVG 541059.0054347826)
[1, 4, 10, 23, 57, 132, 301, 701, 1654, 3706, 8518, 19430]...: 66004664: ACCEPTED IN 122 TRIES, (AVG 541021.8360655737)
[1, 4, 10, 23, 57, 132, 301, 701, 1654, 3706, 8518, 19439]...: 11890961: ACCEPTED IN 22 TRIES, (AVG 540498.2272727273)
[1, 4, 10, 23, 57, 132, 301, 701, 1654, 3706, 8518, 19451]...: 44359212: ACCEPTED IN 82 TRIES, (AVG 540966.0)
[1, 4, 10, 23, 57, 132, 301, 701, 1654, 3706, 8518, 19463]...: 45982464: ACCEPTED IN 85 TRIES, (AVG 540970.1647058823)
[1, 4, 10, 23, 57, 132, 301, 701, 1654, 3706, 8518, 19472]...: 80073227: ACCEPTED IN 148 TRIES, (AVG 541035.3175675676)
[1, 4, 10, 23, 57, 132, 301, 701, 1654, 3706, 8518, 19476]...: 37863401: ACCEPTED IN 70 TRIES, (AVG 540905.7285714286)
[1, 4, 10, 23, 57, 132, 301, 701, 1654, 3706, 8518, 19480]...: 15137536: ACCEPTED IN 28 TRIES, (AVG 540626.2857142857)
[1, 4, 10, 23, 57, 132, 301, 701, 1654, 3706, 8518, 19488]...: 12431985: ACCEPTED IN 23 TRIES, (AVG 540521.0869565217)
[1, 4, 10, 23, 57, 132, 301, 701, 1654, 3706, 8518, 19509]...: 14055713: ACCEPTED IN 26 TRIES, (AVG 540604.3461538461)
[1, 4, 10, 23, 57, 132, 301, 701, 1654, 3706, 8518, 19513]...: 88729818: ACCEPTED IN 164 TRIES, (AVG 541035.4756097561)
[1, 4, 10, 23, 57, 132, 301, 701, 1654, 3706, 8518, 19517]...: 10266722: ACCEPTED IN 19 TRIES, (AVG 540353.7894736842)
[1, 4, 10, 23, 57, 132, 301, 701, 1654, 3706, 8518, 19521]...: 13513001: ACCEPTED IN 25 TRIES, (AVG 540520.04)
[1, 4, 10, 23, 57, 132, 301, 701, 1654, 3706, 8518, 19525]...: 19465072: ACCEPTED IN 36 TRIES, (AVG 540696.4444444445)
[1, 4, 10, 23, 57, 132, 301, 701, 1654, 3706, 8518, 19546]...: 12432250: ACCEPTED IN 23 TRIES, (AVG 540532.6086956522)
[1, 4, 10, 23, 57, 132, 301, 701, 1654, 3706, 8518, 19554]...: 12432011: ACCEPTED IN 23 TRIES, (AVG 540522.2173913043)
[1, 4, 10, 23, 57, 132, 301, 701, 1654, 3706, 8518, 19558]...: 15679138: ACCEPTED IN 29 TRIES, (AVG 540659.9310344828)
[1, 4, 10, 23, 57, 132, 301, 701, 1654, 3706, 8518, 19562]...: 14596279: ACCEPTED IN 27 TRIES, (AVG 540602.925925926)
[1, 4, 10, 23, 57, 132, 301, 701, 1654, 3706, 8518, 19583]...: 35159363: ACCEPTED IN 65 TRIES, (AVG 540913.276923077)
[1, 4, 10, 23, 57, 132, 301, 701, 1654, 3706, 8518, 19595]...: 44359221: ACCEPTED IN 82 TRIES, (AVG 540966.1097560975)
[1, 4, 10, 23, 57, 132, 301, 701, 1654, 3706, 8518, 19604]...: 11889797: ACCEPTED IN 22 TRIES, (AVG 540445.3181818182)
[1, 4, 10, 23, 57, 132, 301, 701, 1654, 3706, 8518, 19612]...: 17300914: ACCEPTED IN 32 TRIES, (AVG 540653.5625)
[1, 4, 10, 23, 57, 132, 301, 701, 1654, 3706, 8518, 19620]...: 24877435: ACCEPTED IN 46 TRIES, (AVG 540813.804347826)
[1, 4, 10, 23, 57, 132, 301, 701, 1654, 3706, 8518, 19641]...: 12972264: ACCEPTED IN 24 TRIES, (AVG 540511.0)
[1, 4, 10, 23, 57, 132, 301, 701, 1654, 3706, 8518, 19645]...: 12430931: ACCEPTED IN 23 TRIES, (AVG 540475.2608695652)
[1, 4, 10, 23, 57, 132, 301, 701, 1654, 3706, 8518, 19649]...: 41653104: ACCEPTED IN 77 TRIES, (AVG 540949.4025974026)
[1, 4, 10, 23, 57, 132, 301, 701, 1654, 3706, 8518, 19653]...: 13513326: ACCEPTED IN 25 TRIES, (AVG 540533.04)
[1, 4, 10, 23, 57, 132, 301, 701, 1654, 3706, 8518, 19657]...: 56263427: ACCEPTED IN 104 TRIES, (AVG 540994.4903846154)
[1, 4, 10, 23, 57, 132, 301, 701, 1654, 3706, 8518, 19678]...: 8103223: ACCEPTED IN 15 TRIES, (AVG 540214.8666666667)
[1, 4, 10, 23, 57, 132, 301, 701, 1654, 3706, 8518, 19682]...: 17843361: ACCEPTED IN 33 TRIES, (AVG 540707.9090909091)
[1, 4, 10, 23, 57, 132, 301, 701, 1654, 3706, 8518, 19686]...: 13513790: ACCEPTED IN 25 TRIES, (AVG 540551.6)
[1, 4, 10, 23, 57, 132, 301, 701, 1654, 3706, 8518, 19690]...: 16220234: ACCEPTED IN 30 TRIES, (AVG 540674.4666666667)
[1, 4, 10, 23, 57, 132, 301, 701, 1654, 3706, 8518, 19694]...: 24877554: ACCEPTED IN 46 TRIES, (AVG 540816.3913043478)
[1, 4, 10, 23, 57, 132, 301, 701, 1654, 3706, 8518, 19703]...: 12972998: ACCEPTED IN 24 TRIES, (AVG 540541.5833333334)
[1, 4, 10, 23, 57, 132, 301, 701, 1654, 3706, 8518, 19715]...: 106048378: ACCEPTED IN 196 TRIES, (AVG 541063.1530612245)
[1, 4, 10, 23, 57, 132, 301, 701, 1654, 3706, 8518, 19727]...: 11889127: ACCEPTED IN 22 TRIES, (AVG 540414.8636363636)
[1, 4, 10, 23, 57, 132, 301, 701, 1654, 3706, 8518, 19731]...: 101177107: ACCEPTED IN 187 TRIES, (AVG 541054.0481283423)
[1, 4, 10, 23, 57, 132, 301, 701, 1654, 3706, 8518, 19740]...: 9724732: ACCEPTED IN 18 TRIES, (AVG 540262.8888888889)
[1, 4, 10, 23, 57, 132, 301, 701, 1654, 3706, 8518, 19744]...: 9724886: ACCEPTED IN 18 TRIES, (AVG 540271.4444444445)
[1, 4, 10, 23, 57, 132, 301, 701, 1654, 3706, 8518, 19752]...: 18925787: ACCEPTED IN 35 TRIES, (AVG 540736.7714285714)
[1, 4, 10, 23, 57, 132, 301, 701, 1654, 3706, 8518, 19773]...: 17302237: ACCEPTED IN 32 TRIES, (AVG 540694.90625)
[1, 4, 10, 23, 57, 132, 301, 701, 1654, 3706, 8518, 19777]...: 25419300: ACCEPTED IN 47 TRIES, (AVG 540836.1702127659)
[1, 4, 10, 23, 57, 132, 301, 701, 1654, 3706, 8518, 19781]...: 12972991: ACCEPTED IN 24 TRIES, (AVG 540541.2916666666)
[1, 4, 10, 23, 57, 132, 301, 701, 1654, 3706, 8518, 19785]...: 13514258: ACCEPTED IN 25 TRIES, (AVG 540570.32)
[1, 4, 10, 23, 57, 132, 301, 701, 1654, 3706, 8518, 19810]...: 11348419: ACCEPTED IN 21 TRIES, (AVG 540400.9047619047)
[1, 4, 10, 23, 57, 132, 301, 701, 1654, 3706, 8518, 19814]...: 17843383: ACCEPTED IN 33 TRIES, (AVG 540708.5757575758)
[1, 4, 10, 23, 57, 132, 301, 701, 1654, 3706, 8518, 19818]...: 10266143: ACCEPTED IN 19 TRIES, (AVG 540323.3157894737)
[1, 4, 10, 23, 57, 132, 301, 701, 1654, 3706, 8518, 19822]...: 10266867: ACCEPTED IN 19 TRIES, (AVG 540361.4210526316)
[1, 4, 10, 23, 57, 132, 301, 701, 1654, 3706, 8518, 19826]...: 22172189: ACCEPTED IN 41 TRIES, (AVG 540785.0975609756)
[1, 4, 10, 23, 57, 132, 301, 701, 1654, 3706, 8518, 19847]...: 16218635: ACCEPTED IN 30 TRIES, (AVG 540621.1666666666)
[1, 4, 10, 23, 57, 132, 301, 701, 1654, 3706, 8518, 19859]...: 13514523: ACCEPTED IN 25 TRIES, (AVG 540580.92)
[1, 4, 10, 23, 57, 132, 301, 701, 1654, 3706, 8518, 19863]...: 24876621: ACCEPTED IN 46 TRIES, (AVG 540796.1086956522)
[1, 4, 10, 23, 57, 132, 301, 701, 1654, 3706, 8518, 19872]...: 13513914: ACCEPTED IN 25 TRIES, (AVG 540556.56)
[1, 4, 10, 23, 57, 132, 301, 701, 1654, 3706, 8518, 19876]...: 12431964: ACCEPTED IN 23 TRIES, (AVG 540520.1739130435)
[1, 4, 10, 23, 57, 132, 301, 701, 1654, 3706, 8518, 19905]...: 11347530: ACCEPTED IN 21 TRIES, (AVG 540358.5714285715)
[1, 4, 10, 23, 57, 132, 301, 701, 1654, 3706, 8518, 19909]...: 47064687: ACCEPTED IN 87 TRIES, (AVG 540973.4137931034)
[1, 4, 10, 23, 57, 132, 301, 701, 1654, 3706, 8518, 19913]...: 62216679: ACCEPTED IN 115 TRIES, (AVG 541014.6)
[1, 4, 10, 23, 57, 132, 301, 701, 1654, 3706, 8518, 19917]...: 9725366: ACCEPTED IN 18 TRIES, (AVG 540298.1111111111)
[1, 4, 10, 23, 57, 132, 301, 701, 1654, 3706, 8518, 19921]...: 28124758: ACCEPTED IN 52 TRIES, (AVG 540860.7307692308)
[1, 4, 10, 23, 57, 132, 301, 701, 1654, 3706, 8518, 19942]...: 25960576: ACCEPTED IN 48 TRIES, (AVG 540845.3333333334)
[1, 4, 10, 23, 57, 132, 301, 701, 1654, 3706, 8518, 19946]...: 12432322: ACCEPTED IN 23 TRIES, (AVG 540535.7391304348)
[1, 4, 10, 23, 57, 132, 301, 701, 1654, 3706, 8518, 19950]...: 11891030: ACCEPTED IN 22 TRIES, (AVG 540501.3636363636)
[1, 4, 10, 23, 57, 132, 301, 701, 1654, 3706, 8518, 19954]...: 11890346: ACCEPTED IN 22 TRIES, (AVG 540470.2727272727)
[1, 4, 10, 23, 57, 132, 301, 701, 1654, 3706, 8518, 19958]...: 12431521: ACCEPTED IN 23 TRIES, (AVG 540500.9130434783)
[1, 4, 10, 23, 57, 132, 301, 701, 1654, 3706, 8518, 19979]...: 11349575: ACCEPTED IN 21 TRIES, (AVG 540455.9523809524)
[1, 4, 10, 23, 57, 132, 301, 701, 1654, 3706, 8518, 19980]...: 12428546: ACCEPTED IN 23 TRIES, (AVG 540371.5652173914)
[1, 4, 10, 23, 57, 132, 301, 701, 1654, 3706, 8518, 19983]...: 7560315: ACCEPTED IN 14 TRIES, (AVG 540022.5)
[1, 4, 10, 23, 57, 132, 301, 701, 1654, 3706, 8518, 19991]...: 20007037: ACCEPTED IN 37 TRIES, (AVG 540730.7297297297)
[1, 4, 10, 23, 57, 132, 301, 701, 1654, 3706, 8518, 19995]...: 14055201: ACCEPTED IN 26 TRIES, (AVG 540584.6538461539)
[1, 4, 10, 23, 57, 132, 301, 701, 1654, 3706, 8518, 20004]...: 11891146: ACCEPTED IN 22 TRIES, (AVG 540506.6363636364)
[1, 4, 10, 23, 57, 132, 301, 701, 1654, 3706, 8518, 20008]...: 51934959: ACCEPTED IN 96 TRIES, (AVG 540989.15625)
[1, 4, 10, 23, 57, 132, 301, 701, 1654, 3706, 8518, 20033]...: 11890578: ACCEPTED IN 22 TRIES, (AVG 540480.8181818182)
[1, 4, 10, 23, 57, 132, 301, 701, 1654, 3706, 8518, 20045]...: 8643804: ACCEPTED IN 16 TRIES, (AVG 540237.75)
[1, 4, 10, 23, 57, 132, 301, 701, 1654, 3706, 8518, 20049]...: 19465995: ACCEPTED IN 36 TRIES, (AVG 540722.0833333334)
[1, 4, 10, 23, 57, 132, 301, 701, 1654, 3706, 8518, 20053]...: 12431792: ACCEPTED IN 23 TRIES, (AVG 540512.695652174)
[1, 4, 10, 23, 57, 132, 301, 701, 1654, 3706, 8518, 20074]...: 18381907: ACCEPTED IN 34 TRIES, (AVG 540644.3235294118)
[1, 4, 10, 23, 57, 132, 301, 701, 1654, 3706, 8518, 20078]...: 12431891: ACCEPTED IN 23 TRIES, (AVG 540517.0)
[1, 4, 10, 23, 57, 132, 301, 701, 1654, 3706, 8518, 20082]...: 11348924: ACCEPTED IN 21 TRIES, (AVG 540424.9523809524)
[1, 4, 10, 23, 57, 132, 301, 701, 1654, 3706, 8518, 20086]...: 11890554: ACCEPTED IN 22 TRIES, (AVG 540479.7272727273)
[1, 4, 10, 23, 57, 132, 301, 701, 1654, 3706, 8518, 20090]...: 12431381: ACCEPTED IN 23 TRIES, (AVG 540494.8260869565)
[1, 4, 10, 23, 57, 132, 301, 701, 1654, 3706, 8518, 20111]...: 10808107: ACCEPTED IN 20 TRIES, (AVG 540405.35)
[1, 4, 10, 23, 57, 132, 301, 701, 1654, 3706, 8518, 20112]...: 10267247: ACCEPTED IN 19 TRIES, (AVG 540381.4210526316)
[1, 4, 10, 23, 57, 132, 301, 701, 1654, 3706, 8518, 20115]...: 24876452: ACCEPTED IN 46 TRIES, (AVG 540792.4347826086)
[1, 4, 10, 23, 57, 132, 301, 701, 1654, 3706, 8518, 20123]...: 16760424: ACCEPTED IN 31 TRIES, (AVG 540658.8387096775)
[1, 4, 10, 23, 57, 132, 301, 701, 1654, 3706, 8518, 20127]...: 11890474: ACCEPTED IN 22 TRIES, (AVG 540476.0909090909)
[1, 4, 10, 23, 57, 132, 301, 701, 1654, 3706, 8518, 20140]...: 128775283: ACCEPTED IN 238 TRIES, (AVG 541072.6176470588)
[1, 4, 10, 23, 57, 132, 301, 701, 1654, 3706, 8518, 20165]...: 8644330: ACCEPTED IN 16 TRIES, (AVG 540270.625)
[1, 4, 10, 23, 57, 132, 301, 701, 1654, 3706, 8518, 20169]...: 9725135: ACCEPTED IN 18 TRIES, (AVG 540285.2777777778)
[1, 4, 10, 23, 57, 132, 301, 701, 1654, 3706, 8518, 20173]...: 17301809: ACCEPTED IN 32 TRIES, (AVG 540681.53125)
[1, 4, 10, 23, 57, 132, 301, 701, 1654, 3706, 8518, 20177]...: 11349161: ACCEPTED IN 21 TRIES, (AVG 540436.2380952381)
[1, 4, 10, 23, 57, 132, 301, 701, 1654, 3706, 8518, 20181]...: 8103056: ACCEPTED IN 15 TRIES, (AVG 540203.7333333333)
[1, 4, 10, 23, 57, 132, 301, 701, 1654, 3706, 8518, 20206]...: 12430868: ACCEPTED IN 23 TRIES, (AVG 540472.5217391305)
[1, 4, 10, 23, 57, 132, 301, 701, 1654, 3706, 8518, 20210]...: 22172478: ACCEPTED IN 41 TRIES, (AVG 540792.1463414634)
[1, 4, 10, 23, 57, 132, 301, 701, 1654, 3706, 8518, 20214]...: 11349633: ACCEPTED IN 21 TRIES, (AVG 540458.7142857143)
[1, 4, 10, 23, 57, 132, 301, 701, 1654, 3706, 8518, 20218]...: 8643618: ACCEPTED IN 16 TRIES, (AVG 540226.125)
[1, 4, 10, 23, 57, 132, 301, 701, 1654, 3706, 8518, 20222]...: 18382944: ACCEPTED IN 34 TRIES, (AVG 540674.8235294118)
[1, 4, 10, 23, 57, 132, 301, 701, 1654, 3706, 8518, 20243]...: 7019406: ACCEPTED IN 13 TRIES, (AVG 539954.3076923077)
[1, 4, 10, 23, 57, 132, 301, 701, 1654, 3706, 8518, 20244]...: 39488049: ACCEPTED IN 73 TRIES, (AVG 540932.1780821917)
[1, 4, 10, 23, 57, 132, 301, 701, 1654, 3706, 8518, 20247]...: 15135246: ACCEPTED IN 28 TRIES, (AVG 540544.5)
[1, 4, 10, 23, 57, 132, 301, 701, 1654, 3706, 8518, 20255]...: 11890576: ACCEPTED IN 22 TRIES, (AVG 540480.7272727273)
[1, 4, 10, 23, 57, 132, 301, 701, 1654, 3706, 8518, 20259]...: 11348481: ACCEPTED IN 21 TRIES, (AVG 540403.8571428572)
[1, 4, 10, 23, 57, 132, 301, 701, 1654, 3706, 8518, 20272]...: 13514179: ACCEPTED IN 25 TRIES, (AVG 540567.16)
[1, 4, 10, 23, 57, 132, 301, 701, 1654, 3706, 8518, 20281]...: 63298686: ACCEPTED IN 117 TRIES, (AVG 541014.4102564103)
[1, 4, 10, 23, 57, 132, 301, 701, 1654, 3706, 8518, 20284]...: 9726321: ACCEPTED IN 18 TRIES, (AVG 540351.1666666666)
[1, 4, 10, 23, 57, 132, 301, 701, 1654, 3706, 8518, 20285]...: 11348290: ACCEPTED IN 21 TRIES, (AVG 540394.7619047619)
[1, 4, 10, 23, 57, 132, 301, 701, 1654, 3706, 8518, 20297]...: 10267525: ACCEPTED IN 19 TRIES, (AVG 540396.052631579)
[1, 4, 10, 23, 57, 132, 301, 701, 1654, 3706, 8518, 20301]...: 12973090: ACCEPTED IN 24 TRIES, (AVG 540545.4166666666)
[1, 4, 10, 23, 57, 132, 301, 701, 1654, 3706, 8518, 20305]...: 12432220: ACCEPTED IN 23 TRIES, (AVG 540531.304347826)
[1, 4, 10, 23, 57, 132, 301, 701, 1654, 3706, 8518, 20309]...: 13512903: ACCEPTED IN 25 TRIES, (AVG 540516.12)
[1, 4, 10, 23, 57, 132, 301, 701, 1654, 3706, 8518, 20313]...: 7018570: ACCEPTED IN 13 TRIES, (AVG 539890.0)
[1, 4, 10, 23, 57, 132, 301, 701, 1654, 3706, 8518, 20334]...: 24877733: ACCEPTED IN 46 TRIES, (AVG 540820.2826086957)
[1, 4, 10, 23, 57, 132, 301, 701, 1654, 3706, 8518, 20338]...: 20005700: ACCEPTED IN 37 TRIES, (AVG 540694.5945945946)
[1, 4, 10, 23, 57, 132, 301, 701, 1654, 3706, 8518, 20342]...: 10266530: ACCEPTED IN 19 TRIES, (AVG 540343.6842105263)
[1, 4, 10, 23, 57, 132, 301, 701, 1654, 3706, 8518, 20346]...: 8643398: ACCEPTED IN 16 TRIES, (AVG 540212.375)
[1, 4, 10, 23, 57, 132, 301, 701, 1654, 3706, 8518, 20350]...: 10808573: ACCEPTED IN 20 TRIES, (AVG 540428.65)
[1, 4, 10, 23, 57, 132, 301, 701, 1654, 3706, 8518, 20354]...: 15137515: ACCEPTED IN 28 TRIES, (AVG 540625.5357142857)
[1, 4, 10, 23, 57, 132, 301, 701, 1654, 3706, 8518, 20375]...: 9726581: ACCEPTED IN 18 TRIES, (AVG 540365.6111111111)
[1, 4, 10, 23, 57, 132, 301, 701, 1654, 3706, 8518, 20376]...: 49229457: ACCEPTED IN 91 TRIES, (AVG 540983.043956044)
[1, 4, 10, 23, 57, 132, 301, 701, 1654, 3706, 8518, 20379]...: 24337196: ACCEPTED IN 45 TRIES, (AVG 540826.5777777778)
[1, 4, 10, 23, 57, 132, 301, 701, 1654, 3706, 8518, 20383]...: 11889778: ACCEPTED IN 22 TRIES, (AVG 540444.4545454546)
[1, 4, 10, 23, 57, 132, 301, 701, 1654, 3706, 8518, 20387]...: 13514404: ACCEPTED IN 25 TRIES, (AVG 540576.16)
[1, 4, 10, 23, 57, 132, 301, 701, 1654, 3706, 8518, 20391]...: 17841858: ACCEPTED IN 33 TRIES, (AVG 540662.3636363636)
[1, 4, 10, 23, 57, 132, 301, 701, 1654, 3706, 8518, 20404]...: 11349818: ACCEPTED IN 21 TRIES, (AVG 540467.5238095238)
[1, 4, 10, 23, 57, 132, 301, 701, 1654, 3706, 8518, 20413]...: 11889838: ACCEPTED IN 22 TRIES, (AVG 540447.1818181818)
[1, 4, 10, 23, 57, 132, 301, 701, 1654, 3706, 8518, 20416]...: 12431032: ACCEPTED IN 23 TRIES, (AVG 540479.6521739131)
[1, 4, 10, 23, 57, 132, 301, 701, 1654, 3706, 8518, 20417]...: 12430458: ACCEPTED IN 23 TRIES, (AVG 540454.695652174)
[1, 4, 10, 23, 57, 132, 301, 701, 1654, 3706, 8518, 20429]...: 40030032: ACCEPTED IN 74 TRIES, (AVG 540946.3783783783)
[1, 4, 10, 23, 57, 132, 301, 701, 1654, 3706, 8518, 20441]...: 96306514: ACCEPTED IN 178 TRIES, (AVG 541047.8314606742)
