[1, 4, 10, 23, 57, 132, 301, 701, 1654, 3706, 8654, 19038]...: 14596480: ACCEPTED IN 27 TRIES, (AVG 540610.3703703703)
[1, 4, 10, 23, 57, 132, 301, 701, 1654, 3706, 8654, 19043]...: 15678069: ACCEPTED IN 29 TRIES, (AVG 540623.0689655172)
[1, 4, 10, 23, 57, 132, 301, 701, 1654, 3706, 8654, 19047]...: 22172377: ACCEPTED IN 41 TRIES, (AVG 540789.6829268293)
[1, 4, 10, 23, 57, 132, 301, 701, 1654, 3706, 8654, 19050]...: 25416930: ACCEPTED IN 47 TRIES, (AVG 540785.7446808511)
[1, 4, 10, 23, 57, 132, 301, 701, 1654, 3706, 8654, 19055]...: 40029951: ACCEPTED IN 74 TRIES, (AVG 540945.2837837838)
[1, 4, 10, 23, 57, 132, 301, 701, 1654, 3706, 8654, 19059]...: 53558529: ACCEPTED IN 99 TRIES, (AVG 540995.2424242424)
[1, 4, 10, 23, 57, 132, 301, 701, 1654, 3706, 8654, 19063]...: 11889734: ACCEPTED IN 22 TRIES, (AVG 540442.4545454546)
[1, 4, 10, 23, 57, 132, 301, 701, 1654, 3706, 8654, 19067]...: 25417568: ACCEPTED IN 47 TRIES, (AVG 540799.3191489362)
[1, 4, 10, 23, 57, 132, 301, 701, 1654, 3706, 8654, 19080]...: 16760983: ACCEPTED IN 31 TRIES, (AVG 540676.8709677419)
[1, 4, 10, 23, 57, 132, 301, 701, 1654, 3706, 8654, 19084]...: 20548405: ACCEPTED IN 38 TRIES, (AVG 540747.5)
[1, 4, 10, 23, 57, 132, 301, 701, 1654, 3706, 8654, 19088]...: 7020082: ACCEPTED IN 13 TRIES, (AVG 540006.3076923077)
[1, 4, 10, 23, 57, 132, 301, 701, 1654, 3706, 8654, 19092]...: 15137576: ACCEPTED IN 28 TRIES, (AVG 540627.7142857143)
[1, 4, 10, 23, 57, 132, 301, 701, 1654, 3706, 8654, 19096]...: 12973183: ACCEPTED IN 24 TRIES, (AVG 540549.2916666666)
[1, 4, 10, 23, 57, 132, 301, 701, 1654, 3706, 8654, 19100]...: 23795198: ACCEPTED IN 44 TRIES, (AVG 540799.9545454546)
[1, 4, 10, 23, 57, 132, 301, 701, 1654, 3706, 8654, 19104]...: 10808377: ACCEPTED IN 20 TRIES, (AVG 540418.85)
[1, 4, 10, 23, 57, 132, 301, 701, 1654, 3706, 8654, 19108]...: 29206274: ACCEPTED IN 54 TRIES, (AVG 540856.925925926)
[1, 4, 10, 23, 57, 132, 301, 701, 1654, 3706, 8654, 19117]...: 9725202: ACCEPTED IN 18 TRIES, (AVG 540289.0)
[1, 4, 10, 23, 57, 132, 301, 701, 1654, 3706, 8654, 19121]...: 29745708: ACCEPTED IN 55 TRIES, (AVG 540831.0545454546)
[1, 4, 10, 23, 57, 132, 301, 701, 1654, 3706, 8654, 19125]...: 12430653: ACCEPTED IN 23 TRIES, (AVG 540463.1739130435)
[1, 4, 10, 23, 57, 132, 301, 701, 1654, 3706, 8654, 19129]...: 35159782: ACCEPTED IN 65 TRIES, (AVG 540919.723076923)
[1, 4, 10, 23, 57, 132, 301, 701, 1654, 3706, 8654, 19133]...: 18384551: ACCEPTED IN 34 TRIES, (AVG 540722.0882352941)
[1, 4, 10, 23, 57, 132, 301, 701, 1654, 3706, 8654, 19137]...: 8644053: ACCEPTED IN 16 TRIES, (AVG 540253.3125)
[1, 4, 10, 23, 57, 132, 301, 701, 1654, 3706, 8654, 19138]...: 36241777: ACCEPTED IN 67 TRIES, (AVG 540922.0447761194)
[1, 4, 10, 23, 57, 132, 301, 701, 1654, 3706, 8654, 19141]...: 7020102: ACCEPTED IN 13 TRIES, (AVG 540007.8461538461)
[1, 4, 10, 23, 57, 132, 301, 701, 1654, 3706, 8654, 19145]...: 24877873: ACCEPTED IN 46 TRIES, (AVG 540823.3260869565)
[1, 4, 10, 23, 57, 132, 301, 701, 1654, 3706, 8654, 19158]...: 24877995: ACCEPTED IN 46 TRIES, (AVG 540825.9782608695)
[1, 4, 10, 23, 57, 132, 301, 701, 1654, 3706, 8654, 19162]...: 21089942: ACCEPTED IN 39 TRIES, (AVG 540767.7435897436)
[1, 4, 10, 23, 57, 132, 301, 701, 1654, 3706, 8654, 19170]...: 15679107: ACCEPTED IN 29 TRIES, (AVG 540658.8620689656)
[1, 4, 10, 23, 57, 132, 301, 701, 1654, 3706, 8654, 19175]...: 15677509: ACCEPTED IN 29 TRIES, (AVG 540603.7586206896)
[1, 4, 10, 23, 57, 132, 301, 701, 1654, 3706, 8654, 19179]...: 27042803: ACCEPTED IN 50 TRIES, (AVG 540856.06)
[1, 4, 10, 23, 57, 132, 301, 701, 1654, 3706, 8654, 19182]...: 8103246: ACCEPTED IN 15 TRIES, (AVG 540216.4)
[1, 4, 10, 23, 57, 132, 301, 701, 1654, 3706, 8654, 19187]...: 8101299: ACCEPTED IN 15 TRIES, (AVG 540086.6)
[1, 4, 10, 23, 57, 132, 301, 701, 1654, 3706, 8654, 19191]...: 10808375: ACCEPTED IN 20 TRIES, (AVG 540418.75)
[1, 4, 10, 23, 57, 132, 301, 701, 1654, 3706, 8654, 19195]...: 5397305: ACCEPTED IN 10 TRIES, (AVG 539730.5)
[1, 4, 10, 23, 57, 132, 301, 701, 1654, 3706, 8654, 19199]...: 34617280: ACCEPTED IN 64 TRIES, (AVG 540895.0)
[1, 4, 10, 23, 57, 132, 301, 701, 1654, 3706, 8654, 19212]...: 10808527: ACCEPTED IN 20 TRIES, (AVG 540426.35)
[1, 4, 10, 23, 57, 132, 301, 701, 1654, 3706, 8654, 19216]...: 29205881: ACCEPTED IN 54 TRIES, (AVG 540849.6481481482)
[1, 4, 10, 23, 57, 132, 301, 701, 1654, 3706, 8654, 19220]...: 15137495: ACCEPTED IN 28 TRIES, (AVG 540624.8214285715)
[1, 4, 10, 23, 57, 132, 301, 701, 1654, 3706, 8654, 19224]...: 24875467: ACCEPTED IN 46 TRIES, (AVG 540771.0217391305)
[1, 4, 10, 23, 57, 132, 301, 701, 1654, 3706, 8654, 19228]...: 11349465: ACCEPTED IN 21 TRIES, (AVG 540450.7142857143)
[1, 4, 10, 23, 57, 132, 301, 701, 1654, 3706, 8654, 19232]...: 10806846: ACCEPTED IN 20 TRIES, (AVG 540342.3)
[1, 4, 10, 23, 57, 132, 301, 701, 1654, 3706, 8654, 19236]...: 41111088: ACCEPTED IN 76 TRIES, (AVG 540935.3684210526)
[1, 4, 10, 23, 57, 132, 301, 701, 1654, 3706, 8654, 19249]...: 10267048: ACCEPTED IN 19 TRIES, (AVG 540370.947368421)
[1, 4, 10, 23, 57, 132, 301, 701, 1654, 3706, 8654, 19253]...: 10266159: ACCEPTED IN 19 TRIES, (AVG 540324.1578947369)
[1, 4, 10, 23, 57, 132, 301, 701, 1654, 3706, 8654, 19257]...: 11348625: ACCEPTED IN 21 TRIES, (AVG 540410.7142857143)
[1, 4, 10, 23, 57, 132, 301, 701, 1654, 3706, 8654, 19261]...: 42194450: ACCEPTED IN 78 TRIES, (AVG 540954.4871794871)
[1, 4, 10, 23, 57, 132, 301, 701, 1654, 3706, 8654, 19265]...: 10806687: ACCEPTED IN 20 TRIES, (AVG 540334.35)
[1, 4, 10, 23, 57, 132, 301, 701, 1654, 3706, 8654, 19269]...: 8102030: ACCEPTED IN 15 TRIES, (AVG 540135.3333333334)
[1, 4, 10, 23, 57, 132, 301, 701, 1654, 3706, 8654, 19273]...: 30829985: ACCEPTED IN 57 TRIES, (AVG 540876.9298245613)
[1, 4, 10, 23, 57, 132, 301, 701, 1654, 3706, 8654, 19277]...: 30289074: ACCEPTED IN 56 TRIES, (AVG 540876.3214285715)
[1, 4, 10, 23, 57, 132, 301, 701, 1654, 3706, 8654, 19290]...: 21090049: ACCEPTED IN 39 TRIES, (AVG 540770.4871794871)
[1, 4, 10, 23, 57, 132, 301, 701, 1654, 3706, 8654, 19294]...: 10808627: ACCEPTED IN 20 TRIES, (AVG 540431.35)
[1, 4, 10, 23, 57, 132, 301, 701, 1654, 3706, 8654, 19302]...: 5935917: ACCEPTED IN 11 TRIES, (AVG 539628.8181818182)
[1, 4, 10, 23, 57, 132, 301, 701, 1654, 3706, 8654, 19307]...: 6478688: ACCEPTED IN 12 TRIES, (AVG 539890.6666666666)
[1, 4, 10, 23, 57, 132, 301, 701, 1654, 3706, 8654, 19311]...: 12972970: ACCEPTED IN 24 TRIES, (AVG 540540.4166666666)
[1, 4, 10, 23, 57, 132, 301, 701, 1654, 3706, 8654, 19314]...: 20007551: ACCEPTED IN 37 TRIES, (AVG 540744.6216216217)
[1, 4, 10, 23, 57, 132, 301, 701, 1654, 3706, 8654, 19323]...: 13514324: ACCEPTED IN 25 TRIES, (AVG 540572.96)
[1, 4, 10, 23, 57, 132, 301, 701, 1654, 3706, 8654, 19327]...: 11890808: ACCEPTED IN 22 TRIES, (AVG 540491.2727272727)
[1, 4, 10, 23, 57, 132, 301, 701, 1654, 3706, 8654, 19331]...: 16220257: ACCEPTED IN 30 TRIES, (AVG 540675.2333333333)
[1, 4, 10, 23, 57, 132, 301, 701, 1654, 3706, 8654, 19344]...: 5938599: ACCEPTED IN 11 TRIES, (AVG 539872.6363636364)
[1, 4, 10, 23, 57, 132, 301, 701, 1654, 3706, 8654, 19348]...: 9724145: ACCEPTED IN 18 TRIES, (AVG 540230.2777777778)
[1, 4, 10, 23, 57, 132, 301, 701, 1654, 3706, 8654, 19352]...: 11348684: ACCEPTED IN 21 TRIES, (AVG 540413.5238095238)
[1, 4, 10, 23, 57, 132, 301, 701, 1654, 3706, 8654, 19356]...: 23792725: ACCEPTED IN 44 TRIES, (AVG 540743.75)
[1, 4, 10, 23, 57, 132, 301, 701, 1654, 3706, 8654, 19364]...: 22171831: ACCEPTED IN 41 TRIES, (AVG 540776.3658536585)
[1, 4, 10, 23, 57, 132, 301, 701, 1654, 3706, 8654, 19368]...: 9725816: ACCEPTED IN 18 TRIES, (AVG 540323.1111111111)
[1, 4, 10, 23, 57, 132, 301, 701, 1654, 3706, 8654, 19381]...: 11890756: ACCEPTED IN 22 TRIES, (AVG 540488.9090909091)
[1, 4, 10, 23, 57, 132, 301, 701, 1654, 3706, 8654, 19385]...: 10808063: ACCEPTED IN 20 TRIES, (AVG 540403.15)
[1, 4, 10, 23, 57, 132, 301, 701, 1654, 3706, 8654, 19389]...: 8643206: ACCEPTED IN 16 TRIES, (AVG 540200.375)
[1, 4, 10, 23, 57, 132, 301, 701, 1654, 3706, 8654, 19393]...: 12429248: ACCEPTED IN 23 TRIES, (AVG 540402.0869565217)
[1, 4, 10, 23, 57, 132, 301, 701, 1654, 3706, 8654, 19397]...: 12970926: ACCEPTED IN 24 TRIES, (AVG 540455.25)
[1, 4, 10, 23, 57, 132, 301, 701, 1654, 3706, 8654, 19401]...: 8643599: ACCEPTED IN 16 TRIES, (AVG 540224.9375)
[1, 4, 10, 23, 57, 132, 301, 701, 1654, 3706, 8654, 19405]...: 9726038: ACCEPTED IN 18 TRIES, (AVG 540335.4444444445)
[1, 4, 10, 23, 57, 132, 301, 701, 1654, 3706, 8654, 19409]...: 24878074: ACCEPTED IN 46 TRIES, (AVG 540827.695652174)
[1, 4, 10, 23, 57, 132, 301, 701, 1654, 3706, 8654, 19418]...: 26500469: ACCEPTED IN 49 TRIES, (AVG 540825.8979591837)
[1, 4, 10, 23, 57, 132, 301, 701, 1654, 3706, 8654, 19422]...: 20548001: ACCEPTED IN 38 TRIES, (AVG 540736.8684210526)
[1, 4, 10, 23, 57, 132, 301, 701, 1654, 3706, 8654, 19426]...: 15138021: ACCEPTED IN 28 TRIES, (AVG 540643.6071428572)
[1, 4, 10, 23, 57, 132, 301, 701, 1654, 3706, 8654, 19434]...: 26499861: ACCEPTED IN 49 TRIES, (AVG 540813.4897959183)
[1, 4, 10, 23, 57, 132, 301, 701, 1654, 3706, 8654, 19438]...: 6479271: ACCEPTED IN 12 TRIES, (AVG 539939.25)
[1, 4, 10, 23, 57, 132, 301, 701, 1654, 3706, 8654, 19439]...: 7560968: ACCEPTED IN 14 TRIES, (AVG 540069.1428571428)
[1, 4, 10, 23, 57, 132, 301, 701, 1654, 3706, 8654, 19443]...: 5937724: ACCEPTED IN 11 TRIES, (AVG 539793.0909090909)
[1, 4, 10, 23, 57, 132, 301, 701, 1654, 3706, 8654, 19446]...: 23795002: ACCEPTED IN 44 TRIES, (AVG 540795.5)
[1, 4, 10, 23, 57, 132, 301, 701, 1654, 3706, 8654, 19455]...: 12973407: ACCEPTED IN 24 TRIES, (AVG 540558.625)
[1, 4, 10, 23, 57, 132, 301, 701, 1654, 3706, 8654, 19459]...: 6478785: ACCEPTED IN 12 TRIES, (AVG 539898.75)
[1, 4, 10, 23, 57, 132, 301, 701, 1654, 3706, 8654, 19463]...: 6478597: ACCEPTED IN 12 TRIES, (AVG 539883.0833333334)
[1, 4, 10, 23, 57, 132, 301, 701, 1654, 3706, 8654, 19476]...: 10808883: ACCEPTED IN 20 TRIES, (AVG 540444.15)
[1, 4, 10, 23, 57, 132, 301, 701, 1654, 3706, 8654, 19480]...: 22713083: ACCEPTED IN 42 TRIES, (AVG 540787.6904761905)
[1, 4, 10, 23, 57, 132, 301, 701, 1654, 3706, 8654, 19484]...: 7560458: ACCEPTED IN 14 TRIES, (AVG 540032.7142857143)
[1, 4, 10, 23, 57, 132, 301, 701, 1654, 3706, 8654, 19488]...: 8101024: ACCEPTED IN 15 TRIES, (AVG 540068.2666666667)
[1, 4, 10, 23, 57, 132, 301, 701, 1654, 3706, 8654, 19492]...: 8102950: ACCEPTED IN 15 TRIES, (AVG 540196.6666666666)
[1, 4, 10, 23, 57, 132, 301, 701, 1654, 3706, 8654, 19496]...: 12432086: ACCEPTED IN 23 TRIES, (AVG 540525.4782608695)
[1, 4, 10, 23, 57, 132, 301, 701, 1654, 3706, 8654, 19500]...: 11890678: ACCEPTED IN 22 TRIES, (AVG 540485.3636363636)
[1, 4, 10, 23, 57, 132, 301, 701, 1654, 3706, 8654, 19513]...: 29205602: ACCEPTED IN 54 TRIES, (AVG 540844.4814814815)
[1, 4, 10, 23, 57, 132, 301, 701, 1654, 3706, 8654, 19517]...: 9726421: ACCEPTED IN 18 TRIES, (AVG 540356.7222222222)
[1, 4, 10, 23, 57, 132, 301, 701, 1654, 3706, 8654, 19521]...: 6478538: ACCEPTED IN 12 TRIES, (AVG 539878.1666666666)
[1, 4, 10, 23, 57, 132, 301, 701, 1654, 3706, 8654, 19525]...: 18384056: ACCEPTED IN 34 TRIES, (AVG 540707.5294117647)
[1, 4, 10, 23, 57, 132, 301, 701, 1654, 3706, 8654, 19529]...: 18925908: ACCEPTED IN 35 TRIES, (AVG 540740.2285714286)
[1, 4, 10, 23, 57, 132, 301, 701, 1654, 3706, 8654, 19533]...: 20007215: ACCEPTED IN 37 TRIES, (AVG 540735.5405405406)
[1, 4, 10, 23, 57, 132, 301, 701, 1654, 3706, 8654, 19537]...: 5397212: ACCEPTED IN 10 TRIES, (AVG 539721.2)
[1, 4, 10, 23, 57, 132, 301, 701, 1654, 3706, 8654, 19550]...: 10808616: ACCEPTED IN 20 TRIES, (AVG 540430.8)
[1, 4, 10, 23, 57, 132, 301, 701, 1654, 3706, 8654, 19554]...: 8101045: ACCEPTED IN 15 TRIES, (AVG 540069.6666666666)
[1, 4, 10, 23, 57, 132, 301, 701, 1654, 3706, 8654, 19558]...: 9726086: ACCEPTED IN 18 TRIES, (AVG 540338.1111111111)
[1, 4, 10, 23, 57, 132, 301, 701, 1654, 3706, 8654, 19566]...: 7019348: ACCEPTED IN 13 TRIES, (AVG 539949.8461538461)
[1, 4, 10, 23, 57, 132, 301, 701, 1654, 3706, 8654, 19570]...: 7560764: ACCEPTED IN 14 TRIES, (AVG 540054.5714285715)
[1, 4, 10, 23, 57, 132, 301, 701, 1654, 3706, 8654, 19575]...: 10808052: ACCEPTED IN 20 TRIES, (AVG 540402.6)
[1, 4, 10, 23, 57, 132, 301, 701, 1654, 3706, 8654, 19578]...: 8643629: ACCEPTED IN 16 TRIES, (AVG 540226.8125)
[1, 4, 10, 23, 57, 132, 301, 701, 1654, 3706, 8654, 19587]...: 12973143: ACCEPTED IN 24 TRIES, (AVG 540547.625)
[1, 4, 10, 23, 57, 132, 301, 701, 1654, 3706, 8654, 19591]...: 4856113: ACCEPTED IN 9 TRIES, (AVG 539568.1111111111)
[1, 4, 10, 23, 57, 132, 301, 701, 1654, 3706, 8654, 19595]...: 12432319: ACCEPTED IN 23 TRIES, (AVG 540535.6086956522)
[1, 4, 10, 23, 57, 132, 301, 701, 1654, 3706, 8654, 19608]...: 6478971: ACCEPTED IN 12 TRIES, (AVG 539914.25)
[1, 4, 10, 23, 57, 132, 301, 701, 1654, 3706, 8654, 19612]...: 35159633: ACCEPTED IN 65 TRIES, (AVG 540917.4307692308)
[1, 4, 10, 23, 57, 132, 301, 701, 1654, 3706, 8654, 19616]...: 7559965: ACCEPTED IN 14 TRIES, (AVG 539997.5)
[1, 4, 10, 23, 57, 132, 301, 701, 1654, 3706, 8654, 19624]...: 16759396: ACCEPTED IN 31 TRIES, (AVG 540625.6774193548)
[1, 4, 10, 23, 57, 132, 301, 701, 1654, 3706, 8654, 19628]...: 10267334: ACCEPTED IN 19 TRIES, (AVG 540386.0)
[1, 4, 10, 23, 57, 132, 301, 701, 1654, 3706, 8654, 19632]...: 7561798: ACCEPTED IN 14 TRIES, (AVG 540128.4285714285)
[1, 4, 10, 23, 57, 132, 301, 701, 1654, 3706, 8654, 19645]...: 10267712: ACCEPTED IN 19 TRIES, (AVG 540405.8947368421)
[1, 4, 10, 23, 57, 132, 301, 701, 1654, 3706, 8654, 19649]...: 16761384: ACCEPTED IN 31 TRIES, (AVG 540689.8064516129)
[1, 4, 10, 23, 57, 132, 301, 701, 1654, 3706, 8654, 19653]...: 9183714: ACCEPTED IN 17 TRIES, (AVG 540218.4705882353)
[1, 4, 10, 23, 57, 132, 301, 701, 1654, 3706, 8654, 19657]...: 11890930: ACCEPTED IN 22 TRIES, (AVG 540496.8181818182)
[1, 4, 10, 23, 57, 132, 301, 701, 1654, 3706, 8654, 19661]...: 27582222: ACCEPTED IN 51 TRIES, (AVG 540827.8823529412)
[1, 4, 10, 23, 57, 132, 301, 701, 1654, 3706, 8654, 19665]...: 10807707: ACCEPTED IN 20 TRIES, (AVG 540385.35)
[1, 4, 10, 23, 57, 132, 301, 701, 1654, 3706, 8654, 19669]...: 8102898: ACCEPTED IN 15 TRIES, (AVG 540193.2)
[1, 4, 10, 23, 57, 132, 301, 701, 1654, 3706, 8654, 19682]...: 10267505: ACCEPTED IN 19 TRIES, (AVG 540395.0)
[1, 4, 10, 23, 57, 132, 301, 701, 1654, 3706, 8654, 19686]...: 6479154: ACCEPTED IN 12 TRIES, (AVG 539929.5)
[1, 4, 10, 23, 57, 132, 301, 701, 1654, 3706, 8654, 19690]...: 6476512: ACCEPTED IN 12 TRIES, (AVG 539709.3333333334)
[1, 4, 10, 23, 57, 132, 301, 701, 1654, 3706, 8654, 19698]...: 5938533: ACCEPTED IN 11 TRIES, (AVG 539866.6363636364)
[1, 4, 10, 23, 57, 132, 301, 701, 1654, 3706, 8654, 19702]...: 16220153: ACCEPTED IN 30 TRIES, (AVG 540671.7666666667)
[1, 4, 10, 23, 57, 132, 301, 701, 1654, 3706, 8654, 19707]...: 11348493: ACCEPTED IN 21 TRIES, (AVG 540404.4285714285)
[1, 4, 10, 23, 57, 132, 301, 701, 1654, 3706, 8654, 19710]...: 9185285: ACCEPTED IN 17 TRIES, (AVG 540310.8823529412)
[1, 4, 10, 23, 57, 132, 301, 701, 1654, 3706, 8654, 19719]...: 10808664: ACCEPTED IN 20 TRIES, (AVG 540433.2)
[1, 4, 10, 23, 57, 132, 301, 701, 1654, 3706, 8654, 19723]...: 11889889: ACCEPTED IN 22 TRIES, (AVG 540449.5)
[1, 4, 10, 23, 57, 132, 301, 701, 1654, 3706, 8654, 19727]...: 6477015: ACCEPTED IN 12 TRIES, (AVG 539751.25)
[1, 4, 10, 23, 57, 132, 301, 701, 1654, 3706, 8654, 19739]...: 12431444: ACCEPTED IN 23 TRIES, (AVG 540497.5652173914)
[1, 4, 10, 23, 57, 132, 301, 701, 1654, 3706, 8654, 19740]...: 10808757: ACCEPTED IN 20 TRIES, (AVG 540437.85)
[1, 4, 10, 23, 57, 132, 301, 701, 1654, 3706, 8654, 19744]...: 9724854: ACCEPTED IN 18 TRIES, (AVG 540269.6666666666)
[1, 4, 10, 23, 57, 132, 301, 701, 1654, 3706, 8654, 19748]...: 4856366: ACCEPTED IN 9 TRIES, (AVG 539596.2222222222)
[1, 4, 10, 23, 57, 132, 301, 701, 1654, 3706, 8654, 19756]...: 20548016: ACCEPTED IN 38 TRIES, (AVG 540737.2631578947)
[1, 4, 10, 23, 57, 132, 301, 701, 1654, 3706, 8654, 19760]...: 8100754: ACCEPTED IN 15 TRIES, (AVG 540050.2666666667)
[1, 4, 10, 23, 57, 132, 301, 701, 1654, 3706, 8654, 19764]...: 4315183: ACCEPTED IN 8 TRIES, (AVG 539397.875)
[1, 4, 10, 23, 57, 132, 301, 701, 1654, 3706, 8654, 19777]...: 7560780: ACCEPTED IN 14 TRIES, (AVG 540055.7142857143)
[1, 4, 10, 23, 57, 132, 301, 701, 1654, 3706, 8654, 19781]...: 19466431: ACCEPTED IN 36 TRIES, (AVG 540734.1944444445)
[1, 4, 10, 23, 57, 132, 301, 701, 1654, 3706, 8654, 19785]...: 7018451: ACCEPTED IN 13 TRIES, (AVG 539880.8461538461)
[1, 4, 10, 23, 57, 132, 301, 701, 1654, 3706, 8654, 19789]...: 22712666: ACCEPTED IN 42 TRIES, (AVG 540777.7619047619)
[1, 4, 10, 23, 57, 132, 301, 701, 1654, 3706, 8654, 19793]...: 15678720: ACCEPTED IN 29 TRIES, (AVG 540645.5172413794)
[1, 4, 10, 23, 57, 132, 301, 701, 1654, 3706, 8654, 19797]...: 9184728: ACCEPTED IN 17 TRIES, (AVG 540278.1176470588)
[1, 4, 10, 23, 57, 132, 301, 701, 1654, 3706, 8654, 19801]...: 8101861: ACCEPTED IN 15 TRIES, (AVG 540124.0666666667)
[1, 4, 10, 23, 57, 132, 301, 701, 1654, 3706, 8654, 19814]...: 8099245: ACCEPTED IN 15 TRIES, (AVG 539949.6666666666)
[1, 4, 10, 23, 57, 132, 301, 701, 1654, 3706, 8654, 19818]...: 11890201: ACCEPTED IN 22 TRIES, (AVG 540463.6818181818)
[1, 4, 10, 23, 57, 132, 301, 701, 1654, 3706, 8654, 19822]...: 5938615: ACCEPTED IN 11 TRIES, (AVG 539874.0909090909)
[1, 4, 10, 23, 57, 132, 301, 701, 1654, 3706, 8654, 19830]...: 6479049: ACCEPTED IN 12 TRIES, (AVG 539920.75)
[1, 4, 10, 23, 57, 132, 301, 701, 1654, 3706, 8654, 19834]...: 6478634: ACCEPTED IN 12 TRIES, (AVG 539886.1666666666)
[1, 4, 10, 23, 57, 132, 301, 701, 1654, 3706, 8654, 19838]...: 6478691: ACCEPTED IN 12 TRIES, (AVG 539890.9166666666)
[1, 4, 10, 23, 57, 132, 301, 701, 1654, 3706, 8654, 19839]...: 7560272: ACCEPTED IN 14 TRIES, (AVG 540019.4285714285)
[1, 4, 10, 23, 57, 132, 301, 701, 1654, 3706, 8654, 19851]...: 10806510: ACCEPTED IN 20 TRIES, (AVG 540325.5)
[1, 4, 10, 23, 57, 132, 301, 701, 1654, 3706, 8654, 19855]...: 25418442: ACCEPTED IN 47 TRIES, (AVG 540817.914893617)
[1, 4, 10, 23, 57, 132, 301, 701, 1654, 3706, 8654, 19859]...: 8644212: ACCEPTED IN 16 TRIES, (AVG 540263.25)
[1, 4, 10, 23, 57, 132, 301, 701, 1654, 3706, 8654, 19868]...: 8101979: ACCEPTED IN 15 TRIES, (AVG 540131.9333333333)
[1, 4, 10, 23, 57, 132, 301, 701, 1654, 3706, 8654, 19871]...: 7560061: ACCEPTED IN 14 TRIES, (AVG 540004.3571428572)
[1, 4, 10, 23, 57, 132, 301, 701, 1654, 3706, 8654, 19876]...: 12972198: ACCEPTED IN 24 TRIES, (AVG 540508.25)
[1, 4, 10, 23, 57, 132, 301, 701, 1654, 3706, 8654, 19880]...: 8644254: ACCEPTED IN 16 TRIES, (AVG 540265.875)
[1, 4, 10, 23, 57, 132, 301, 701, 1654, 3706, 8654, 19888]...: 7561889: ACCEPTED IN 14 TRIES, (AVG 540134.9285714285)
[1, 4, 10, 23, 57, 132, 301, 701, 1654, 3706, 8654, 19892]...: 6478907: ACCEPTED IN 12 TRIES, (AVG 539908.9166666666)
[1, 4, 10, 23, 57, 132, 301, 701, 1654, 3706, 8654, 19896]...: 8102020: ACCEPTED IN 15 TRIES, (AVG 540134.6666666666)
[1, 4, 10, 23, 57, 132, 301, 701, 1654, 3706, 8654, 19909]...: 10808908: ACCEPTED IN 20 TRIES, (AVG 540445.4)
[1, 4, 10, 23, 57, 132, 301, 701, 1654, 3706, 8654, 19913]...: 11889039: ACCEPTED IN 22 TRIES, (AVG 540410.8636363636)
[1, 4, 10, 23, 57, 132, 301, 701, 1654, 3706, 8654, 19917]...: 3773387: ACCEPTED IN 7 TRIES, (AVG 539055.2857142857)
[1, 4, 10, 23, 57, 132, 301, 701, 1654, 3706, 8654, 19921]...: 13514512: ACCEPTED IN 25 TRIES, (AVG 540580.48)
[1, 4, 10, 23, 57, 132, 301, 701, 1654, 3706, 8654, 19925]...: 7561627: ACCEPTED IN 14 TRIES, (AVG 540116.2142857143)
[1, 4, 10, 23, 57, 132, 301, 701, 1654, 3706, 8654, 19929]...: 20547406: ACCEPTED IN 38 TRIES, (AVG 540721.2105263158)
[1, 4, 10, 23, 57, 132, 301, 701, 1654, 3706, 8654, 19933]...: 10265989: ACCEPTED IN 19 TRIES, (AVG 540315.2105263158)
[1, 4, 10, 23, 57, 132, 301, 701, 1654, 3706, 8654, 19946]...: 21629701: ACCEPTED IN 40 TRIES, (AVG 540742.525)
[1, 4, 10, 23, 57, 132, 301, 701, 1654, 3706, 8654, 19950]...: 6476801: ACCEPTED IN 12 TRIES, (AVG 539733.4166666666)
[1, 4, 10, 23, 57, 132, 301, 701, 1654, 3706, 8654, 19954]...: 5937173: ACCEPTED IN 11 TRIES, (AVG 539743.0)
[1, 4, 10, 23, 57, 132, 301, 701, 1654, 3706, 8654, 19962]...: 8103204: ACCEPTED IN 15 TRIES, (AVG 540213.6)
[1, 4, 10, 23, 57, 132, 301, 701, 1654, 3706, 8654, 19966]...: 9726221: ACCEPTED IN 18 TRIES, (AVG 540345.6111111111)
[1, 4, 10, 23, 57, 132, 301, 701, 1654, 3706, 8654, 19970]...: 6479528: ACCEPTED IN 12 TRIES, (AVG 539960.6666666666)
[1, 4, 10, 23, 57, 132, 301, 701, 1654, 3706, 8654, 19983]...: 7020771: ACCEPTED IN 13 TRIES, (AVG 540059.3076923077)
[1, 4, 10, 23, 57, 132, 301, 701, 1654, 3706, 8654, 19987]...: 4315132: ACCEPTED IN 8 TRIES, (AVG 539391.5)
[1, 4, 10, 23, 57, 132, 301, 701, 1654, 3706, 8654, 19991]...: 9724288: ACCEPTED IN 18 TRIES, (AVG 540238.2222222222)
[1, 4, 10, 23, 57, 132, 301, 701, 1654, 3706, 8654, 20000]...: 13514202: ACCEPTED IN 25 TRIES, (AVG 540568.08)
[1, 4, 10, 23, 57, 132, 301, 701, 1654, 3706, 8654, 20003]...: 6479255: ACCEPTED IN 12 TRIES, (AVG 539937.9166666666)
[1, 4, 10, 23, 57, 132, 301, 701, 1654, 3706, 8654, 20008]...: 4855212: ACCEPTED IN 9 TRIES, (AVG 539468.0)
[1, 4, 10, 23, 57, 132, 301, 701, 1654, 3706, 8654, 20012]...: 10808615: ACCEPTED IN 20 TRIES, (AVG 540430.75)
[1, 4, 10, 23, 57, 132, 301, 701, 1654, 3706, 8654, 20020]...: 8103139: ACCEPTED IN 15 TRIES, (AVG 540209.2666666667)
[1, 4, 10, 23, 57, 132, 301, 701, 1654, 3706, 8654, 20024]...: 7019672: ACCEPTED IN 13 TRIES, (AVG 539974.7692307692)
[1, 4, 10, 23, 57, 132, 301, 701, 1654, 3706, 8654, 20028]...: 7561025: ACCEPTED IN 14 TRIES, (AVG 540073.2142857143)
[1, 4, 10, 23, 57, 132, 301, 701, 1654, 3706, 8654, 20041]...: 8101347: ACCEPTED IN 15 TRIES, (AVG 540089.8)
[1, 4, 10, 23, 57, 132, 301, 701, 1654, 3706, 8654, 20045]...: 9725926: ACCEPTED IN 18 TRIES, (AVG 540329.2222222222)
[1, 4, 10, 23, 57, 132, 301, 701, 1654, 3706, 8654, 20049]...: 8101682: ACCEPTED IN 15 TRIES, (AVG 540112.1333333333)
[1, 4, 10, 23, 57, 132, 301, 701, 1654, 3706, 8654, 20053]...: 12432088: ACCEPTED IN 23 TRIES, (AVG 540525.5652173914)
[1, 4, 10, 23, 57, 132, 301, 701, 1654, 3706, 8654, 20057]...: 8102353: ACCEPTED IN 15 TRIES, (AVG 540156.8666666667)
[1, 4, 10, 23, 57, 132, 301, 701, 1654, 3706, 8654, 20061]...: 8101530: ACCEPTED IN 15 TRIES, (AVG 540102.0)
[1, 4, 10, 23, 57, 132, 301, 701, 1654, 3706, 8654, 20065]...: 9723504: ACCEPTED IN 18 TRIES, (AVG 540194.6666666666)
[1, 4, 10, 23, 57, 132, 301, 701, 1654, 3706, 8654, 20078]...: 6479170: ACCEPTED IN 12 TRIES, (AVG 539930.8333333334)
[1, 4, 10, 23, 57, 132, 301, 701, 1654, 3706, 8654, 20082]...: 6477726: ACCEPTED IN 12 TRIES, (AVG 539810.5)
[1, 4, 10, 23, 57, 132, 301, 701, 1654, 3706, 8654, 20086]...: 8101062: ACCEPTED IN 15 TRIES, (AVG 540070.8)
[1, 4, 10, 23, 57, 132, 301, 701, 1654, 3706, 8654, 20090]...: 6478109: ACCEPTED IN 12 TRIES, (AVG 539842.4166666666)
[1, 4, 10, 23, 57, 132, 301, 701, 1654, 3706, 8654, 20094]...: 10806635: ACCEPTED IN 20 TRIES, (AVG 540331.75)
[1, 4, 10, 23, 57, 132, 301, 701, 1654, 3706, 8654, 20098]...: 11347790: ACCEPTED IN 21 TRIES, (AVG 540370.9523809524)
[1, 4, 10, 23, 57, 132, 301, 701, 1654, 3706, 8654, 20102]...: 4854039: ACCEPTED IN 9 TRIES, (AVG 539337.6666666666)
[1, 4, 10, 23, 57, 132, 301, 701, 1654, 3706, 8654, 20115]...: 6479661: ACCEPTED IN 12 TRIES, (AVG 539971.75)
[1, 4, 10, 23, 57, 132, 301, 701, 1654, 3706, 8654, 20119]...: 7020196: ACCEPTED IN 13 TRIES, (AVG 540015.0769230769)
[1, 4, 10, 23, 57, 132, 301, 701, 1654, 3706, 8654, 20123]...: 9725822: ACCEPTED IN 18 TRIES, (AVG 540323.4444444445)
[1, 4, 10, 23, 57, 132, 301, 701, 1654, 3706, 8654, 20132]...: 7020298: ACCEPTED IN 13 TRIES, (AVG 540022.9230769231)
[1, 4, 10, 23, 57, 132, 301, 701, 1654, 3706, 8654, 20135]...: 10267615: ACCEPTED IN 19 TRIES, (AVG 540400.7894736842)
[1, 4, 10, 23, 57, 132, 301, 701, 1654, 3706, 8654, 20139]...: 7561852: ACCEPTED IN 14 TRIES, (AVG 540132.2857142857)
[1, 4, 10, 23, 57, 132, 301, 701, 1654, 3706, 8654, 20140]...: 7559933: ACCEPTED IN 14 TRIES, (AVG 539995.2142857143)
[1, 4, 10, 23, 57, 132, 301, 701, 1654, 3706, 8654, 20144]...: 7562087: ACCEPTED IN 14 TRIES, (AVG 540149.0714285715)
[1, 4, 10, 23, 57, 132, 301, 701, 1654, 3706, 8654, 20152]...: 6477926: ACCEPTED IN 12 TRIES, (AVG 539827.1666666666)
[1, 4, 10, 23, 57, 132, 301, 701, 1654, 3706, 8654, 20156]...: 12970823: ACCEPTED IN 24 TRIES, (AVG 540450.9583333334)
[1, 4, 10, 23, 57, 132, 301, 701, 1654, 3706, 8654, 20160]...: 10808798: ACCEPTED IN 20 TRIES, (AVG 540439.9)
[1, 4, 10, 23, 57, 132, 301, 701, 1654, 3706, 8654, 20169]...: 8100225: ACCEPTED IN 15 TRIES, (AVG 540015.0)
[1, 4, 10, 23, 57, 132, 301, 701, 1654, 3706, 8654, 20173]...: 8644197: ACCEPTED IN 16 TRIES, (AVG 540262.3125)
[1, 4, 10, 23, 57, 132, 301, 701, 1654, 3706, 8654, 20177]...: 9724320: ACCEPTED IN 18 TRIES, (AVG 540240.0)
[1, 4, 10, 23, 57, 132, 301, 701, 1654, 3706, 8654, 20181]...: 10808937: ACCEPTED IN 20 TRIES, (AVG 540446.85)
[1, 4, 10, 23, 57, 132, 301, 701, 1654, 3706, 8654, 20185]...: 6478622: ACCEPTED IN 12 TRIES, (AVG 539885.1666666666)
[1, 4, 10, 23, 57, 132, 301, 701, 1654, 3706, 8654, 20189]...: 10266923: ACCEPTED IN 19 TRIES, (AVG 540364.3684210526)
[1, 4, 10, 23, 57, 132, 301, 701, 1654, 3706, 8654, 20193]...: 7020474: ACCEPTED IN 13 TRIES, (AVG 540036.4615384615)
[1, 4, 10, 23, 57, 132, 301, 701, 1654, 3706, 8654, 20197]...: 8643535: ACCEPTED IN 16 TRIES, (AVG 540220.9375)
[1, 4, 10, 23, 57, 132, 301, 701, 1654, 3706, 8654, 20210]...: 5938591: ACCEPTED IN 11 TRIES, (AVG 539871.9090909091)
[1, 4, 10, 23, 57, 132, 301, 701, 1654, 3706, 8654, 20214]...: 23254484: ACCEPTED IN 43 TRIES, (AVG 540801.9534883721)
[1, 4, 10, 23, 57, 132, 301, 701, 1654, 3706, 8654, 20218]...: 8101853: ACCEPTED IN 15 TRIES, (AVG 540123.5333333333)
[1, 4, 10, 23, 57, 132, 301, 701, 1654, 3706, 8654, 20222]...: 6478245: ACCEPTED IN 12 TRIES, (AVG 539853.75)
[1, 4, 10, 23, 57, 132, 301, 701, 1654, 3706, 8654, 20226]...: 6479402: ACCEPTED IN 12 TRIES, (AVG 539950.1666666666)
[1, 4, 10, 23, 57, 132, 301, 701, 1654, 3706, 8654, 20230]...: 10267587: ACCEPTED IN 19 TRIES, (AVG 540399.3157894737)
[1, 4, 10, 23, 57, 132, 301, 701, 1654, 3706, 8654, 20234]...: 6478021: ACCEPTED IN 12 TRIES, (AVG 539835.0833333334)
[1, 4, 10, 23, 57, 132, 301, 701, 1654, 3706, 8654, 20247]...: 7561499: ACCEPTED IN 14 TRIES, (AVG 540107.0714285715)
[1, 4, 10, 23, 57, 132, 301, 701, 1654, 3706, 8654, 20251]...: 8102608: ACCEPTED IN 15 TRIES, (AVG 540173.8666666667)
[1, 4, 10, 23, 57, 132, 301, 701, 1654, 3706, 8654, 20252]...: 10267768: ACCEPTED IN 19 TRIES, (AVG 540408.8421052631)
[1, 4, 10, 23, 57, 132, 301, 701, 1654, 3706, 8654, 20255]...: 8103000: ACCEPTED IN 15 TRIES, (AVG 540200.0)
[1, 4, 10, 23, 57, 132, 301, 701, 1654, 3706, 8654, 20264]...: 9724272: ACCEPTED IN 18 TRIES, (AVG 540237.3333333334)
[1, 4, 10, 23, 57, 132, 301, 701, 1654, 3706, 8654, 20267]...: 9724806: ACCEPTED IN 18 TRIES, (AVG 540267.0)
[1, 4, 10, 23, 57, 132, 301, 701, 1654, 3706, 8654, 20271]...: 11348499: ACCEPTED IN 21 TRIES, (AVG 540404.7142857143)
[1, 4, 10, 23, 57, 132, 301, 701, 1654, 3706, 8654, 20276]...: 7561900: ACCEPTED IN 14 TRIES, (AVG 540135.7142857143)
[1, 4, 10, 23, 57, 132, 301, 701, 1654, 3706, 8654, 20284]...: 7561475: ACCEPTED IN 14 TRIES, (AVG 540105.3571428572)
[1, 4, 10, 23, 57, 132, 301, 701, 1654, 3706, 8654, 20288]...: 6477876: ACCEPTED IN 12 TRIES, (AVG 539823.0)
[1, 4, 10, 23, 57, 132, 301, 701, 1654, 3706, 8654, 20301]...: 4315034: ACCEPTED IN 8 TRIES, (AVG 539379.25)
[1, 4, 10, 23, 57, 132, 301, 701, 1654, 3706, 8654, 20305]...: 4314489: ACCEPTED IN 8 TRIES, (AVG 539311.125)
[1, 4, 10, 23, 57, 132, 301, 701, 1654, 3706, 8654, 20309]...: 7559875: ACCEPTED IN 14 TRIES, (AVG 539991.0714285715)
[1, 4, 10, 23, 57, 132, 301, 701, 1654, 3706, 8654, 20313]...: 27582805: ACCEPTED IN 51 TRIES, (AVG 540839.3137254902)
[1, 4, 10, 23, 57, 132, 301, 701, 1654, 3706, 8654, 20317]...: 6478318: ACCEPTED IN 12 TRIES, (AVG 539859.8333333334)
[1, 4, 10, 23, 57, 132, 301, 701, 1654, 3706, 8654, 20321]...: 11349318: ACCEPTED IN 21 TRIES, (AVG 540443.7142857143)
[1, 4, 10, 23, 57, 132, 301, 701, 1654, 3706, 8654, 20325]...: 6478068: ACCEPTED IN 12 TRIES, (AVG 539839.0)
[1, 4, 10, 23, 57, 132, 301, 701, 1654, 3706, 8654, 20329]...: 11348693: ACCEPTED IN 21 TRIES, (AVG 540413.9523809524)
[1, 4, 10, 23, 57, 132, 301, 701, 1654, 3706, 8654, 20342]...: 5936689: ACCEPTED IN 11 TRIES, (AVG 539699.0)
[1, 4, 10, 23, 57, 132, 301, 701, 1654, 3706, 8654, 20346]...: 9184594: ACCEPTED IN 17 TRIES, (AVG 540270.2352941176)
[1, 4, 10, 23, 57, 132, 301, 701, 1654, 3706, 8654, 20350]...: 10807996: ACCEPTED IN 20 TRIES, (AVG 540399.8)
[1, 4, 10, 23, 57, 132, 301, 701, 1654, 3706, 8654, 20354]...: 7020247: ACCEPTED IN 13 TRIES, (AVG 540019.0)
[1, 4, 10, 23, 57, 132, 301, 701, 1654, 3706, 8654, 20358]...: 6479060: ACCEPTED IN 12 TRIES, (AVG 539921.6666666666)
[1, 4, 10, 23, 57, 132, 301, 701, 1654, 3706, 8654, 20362]...: 7560576: ACCEPTED IN 14 TRIES, (AVG 540041.1428571428)
[1, 4, 10, 23, 57, 132, 301, 701, 1654, 3706, 8654, 20366]...: 5937329: ACCEPTED IN 11 TRIES, (AVG 539757.1818181818)
[1, 4, 10, 23, 57, 132, 301, 701, 1654, 3706, 8654, 20379]...: 10266636: ACCEPTED IN 19 TRIES, (AVG 540349.2631578947)
[1, 4, 10, 23, 57, 132, 301, 701, 1654, 3706, 8654, 20383]...: 10808520: ACCEPTED IN 20 TRIES, (AVG 540426.0)
[1, 4, 10, 23, 57, 132, 301, 701, 1654, 3706, 8654, 20384]...: 6479676: ACCEPTED IN 12 TRIES, (AVG 539973.0)
[1, 4, 10, 23, 57, 132, 301, 701, 1654, 3706, 8654, 20387]...: 8103229: ACCEPTED IN 15 TRIES, (AVG 540215.2666666667)
[1, 4, 10, 23, 57, 132, 301, 701, 1654, 3706, 8654, 20391]...: 8101434: ACCEPTED IN 15 TRIES, (AVG 540095.6)
[1, 4, 10, 23, 57, 132, 301, 701, 1654, 3706, 8654, 20396]...: 7561512: ACCEPTED IN 14 TRIES, (AVG 540108.0)
[1, 4, 10, 23, 57, 132, 301, 701, 1654, 3706, 8654, 20399]...: 7561637: ACCEPTED IN 14 TRIES, (AVG 540116.9285714285)
[1, 4, 10, 23, 57, 132, 301, 701, 1654, 3706, 8654, 20403]...: 11350046: ACCEPTED IN 21 TRIES, (AVG 540478.380952381)
[1, 4, 10, 23, 57, 132, 301, 701, 1654, 3706, 8654, 20408]...: 6476656: ACCEPTED IN 12 TRIES, (AVG 539721.3333333334)
[1, 4, 10, 23, 57, 132, 301, 701, 1654, 3706, 8654, 20416]...: 7560474: ACCEPTED IN 14 TRIES, (AVG 540033.8571428572)
[1, 4, 10, 23, 57, 132, 301, 701, 1654, 3706, 8654, 20420]...: 16219366: ACCEPTED IN 30 TRIES, (AVG 540645.5333333333)
[1, 4, 10, 23, 57, 132, 301, 701, 1654, 3706, 8654, 20433]...: 4854236: ACCEPTED IN 9 TRIES, (AVG 539359.5555555555)
[1, 4, 10, 23, 57, 132, 301, 701, 1654, 3706, 8654, 20437]...: 5938094: ACCEPTED IN 11 TRIES, (AVG 539826.7272727273)
[1, 4, 10, 23, 57, 132, 301, 701, 1654, 3706, 8654, 20440]...: 8102663: ACCEPTED IN 15 TRIES, (AVG 540177.5333333333)
[1, 4, 10, 23, 57, 132, 301, 701, 1654, 3706, 8654, 20441]...: 8102139: ACCEPTED IN 15 TRIES, (AVG 540142.6)
[1, 4, 10, 23, 57, 132, 301, 701, 1654, 3706, 8654, 20445]...: 6478421: ACCEPTED IN 12 TRIES, (AVG 539868.4166666666)
[1, 4, 10, 23, 57, 132, 301, 701, 1654, 3706, 8654, 20449]...: 8101813: ACCEPTED IN 15 TRIES, (AVG 540120.8666666667)
[1, 4, 10, 23, 57, 132, 301, 701, 1654, 3706, 8654, 20453]...: 11887399: ACCEPTED IN 22 TRIES, (AVG 540336.3181818182)
[1, 4, 10, 23, 57, 132, 301, 701, 1654, 3706, 8654, 20457]...: 6479688: ACCEPTED IN 12 TRIES, (AVG 539974.0)
[1, 4, 10, 23, 57, 132, 301, 701, 1654, 3706, 8654, 20461]...: 8101811: ACCEPTED IN 15 TRIES, (AVG 540120.7333333333)
[1, 4, 10, 23, 57, 132, 301, 701, 1654, 3706, 8654, 20470]...: 8102025: ACCEPTED IN 15 TRIES, (AVG 540135.0)
[1, 4, 10, 23, 57, 132, 301, 701, 1654, 3706, 8654, 20474]...: 6476667: ACCEPTED IN 12 TRIES, (AVG 539722.25)
[1, 4, 10, 23, 57, 132, 301, 701, 1654, 3706, 8654, 20478]...: 5937990: ACCEPTED IN 11 TRIES, (AVG 539817.2727272727)
[1, 4, 10, 23, 57, 132, 301, 701, 1654, 3706, 8654, 20482]...: 11348384: ACCEPTED IN 21 TRIES, (AVG 540399.2380952381)
[1, 4, 10, 23, 57, 132, 301, 701, 1654, 3706, 8654, 20486]...: 7020327: ACCEPTED IN 13 TRIES, (AVG 540025.1538461539)
[1, 4, 10, 23, 57, 132, 301, 701, 1654, 3706, 8654, 20490]...: 7559482: ACCEPTED IN 14 TRIES, (AVG 539963.0)
[1, 4, 10, 23, 57, 132, 301, 701, 1654, 3706, 8654, 20494]...: 8644106: ACCEPTED IN 16 TRIES, (AVG 540256.625)
[1, 4, 10, 23, 57, 132, 301, 701, 1654, 3706, 8654, 20498]...: 7561119: ACCEPTED IN 14 TRIES, (AVG 540079.9285714285)
[1, 4, 10, 23, 57, 132, 301, 701, 1654, 3706, 8654, 20511]...: 7560285: ACCEPTED IN 14 TRIES, (AVG 540020.3571428572)
[1, 4, 10, 23, 57, 132, 301, 701, 1654, 3706, 8654, 20515]...: 8100488: ACCEPTED IN 15 TRIES, (AVG 540032.5333333333)
[1, 4, 10, 23, 57, 132, 301, 701, 1654, 3706, 8654, 20516]...: 11890338: ACCEPTED IN 22 TRIES, (AVG 540469.9090909091)
[1, 4, 10, 23, 57, 132, 301, 701, 1654, 3706, 8654, 20519]...: 6478664: ACCEPTED IN 12 TRIES, (AVG 539888.6666666666)
[1, 4, 10, 23, 57, 132, 301, 701, 1654, 3706, 8654, 20523]...: 8102546: ACCEPTED IN 15 TRIES, (AVG 540169.7333333333)
[1, 4, 10, 23, 57, 132, 301, 701, 1654, 3706, 8654, 20528]...: 6478690: ACCEPTED IN 12 TRIES, (AVG 539890.8333333334)
[1, 4, 10, 23, 57, 132, 301, 701, 1654, 3706, 8654, 20531]...: 4315231: ACCEPTED IN 8 TRIES, (AVG 539403.875)
[1, 4, 10, 23, 57, 132, 301, 701, 1654, 3706, 8654, 20535]...: 6479256: ACCEPTED IN 12 TRIES, (AVG 539938.0)
[1, 4, 10, 23, 57, 132, 301, 701, 1654, 3706, 8654, 20540]...: 5938138: ACCEPTED IN 11 TRIES, (AVG 539830.7272727273)
[1, 4, 10, 23, 57, 132, 301, 701, 1654, 3706, 8654, 20548]...: 16761010: ACCEPTED IN 31 TRIES, (AVG 540677.7419354839)
[1, 4, 10, 23, 57, 132, 301, 701, 1654, 3706, 8654, 20552]...: 6479020: ACCEPTED IN 12 TRIES, (AVG 539918.3333333334)
[1, 4, 10, 23, 57, 132, 301, 701, 1654, 3706, 8654, 20553]...: 8643906: ACCEPTED IN 16 TRIES, (AVG 540244.125)
[1, 4, 10, 23, 57, 132, 301, 701, 1654, 3706, 8654, 20565]...: 6478905: ACCEPTED IN 12 TRIES, (AVG 539908.75)
[1, 4, 10, 23, 57, 132, 301, 701, 1654, 3706, 8654, 20569]...: 7020432: ACCEPTED IN 13 TRIES, (AVG 540033.2307692308)
[1, 4, 10, 23, 57, 132, 301, 701, 1654, 3706, 8654, 20572]...: 4313728: ACCEPTED IN 8 TRIES, (AVG 539216.0)
[1, 4, 10, 23, 57, 132, 301, 701, 1654, 3706, 8654, 20577]...: 7560745: ACCEPTED IN 14 TRIES, (AVG 540053.2142857143)
[1, 4, 10, 23, 57, 132, 301, 701, 1654, 3706, 8654, 20581]...: 7561337: ACCEPTED IN 14 TRIES, (AVG 540095.5)
[1, 4, 10, 23, 57, 132, 301, 701, 1654, 3706, 8654, 20585]...: 7560944: ACCEPTED IN 14 TRIES, (AVG 540067.4285714285)
[1, 4, 10, 23, 57, 132, 301, 701, 1654, 3706, 8654, 20589]...: 8101320: ACCEPTED IN 15 TRIES, (AVG 540088.0)
[1, 4, 10, 23, 57, 132, 301, 701, 1654, 3706, 8654, 20602]...: 22171817: ACCEPTED IN 41 TRIES, (AVG 540776.0243902439)
[1, 4, 10, 23, 57, 132, 301, 701, 1654, 3706, 8654, 20606]...: 6478425: ACCEPTED IN 12 TRIES, (AVG 539868.75)
[1, 4, 10, 23, 57, 132, 301, 701, 1654, 3706, 8654, 20610]...: 4855306: ACCEPTED IN 9 TRIES, (AVG 539478.4444444445)
[1, 4, 10, 23, 57, 132, 301, 701, 1654, 3706, 8654, 20614]...: 10808343: ACCEPTED IN 20 TRIES, (AVG 540417.15)
[1, 4, 10, 23, 57, 132, 301, 701, 1654, 3706, 8654, 20618]...: 8101559: ACCEPTED IN 15 TRIES, (AVG 540103.9333333333)
[1, 4, 10, 23, 57, 132, 301, 701, 1654, 3706, 8654, 20622]...: 8102898: ACCEPTED IN 15 TRIES, (AVG 540193.2)
[1, 4, 10, 23, 57, 132, 301, 701, 1654, 3706, 8654, 20626]...: 16761137: ACCEPTED IN 31 TRIES, (AVG 540681.8387096775)
[1, 4, 10, 23, 57, 132, 301, 701, 1654, 3706, 8654, 20630]...: 8102113: ACCEPTED IN 15 TRIES, (AVG 540140.8666666667)
[1, 4, 10, 23, 57, 132, 301, 701, 1654, 3706, 8654, 20643]...: 5937126: ACCEPTED IN 11 TRIES, (AVG 539738.7272727273)
[1, 4, 10, 23, 57, 132, 301, 701, 1654, 3706, 8654, 20647]...: 8644273: ACCEPTED IN 16 TRIES, (AVG 540267.0625)
[1, 4, 10, 23, 57, 132, 301, 701, 1654, 3706, 8654, 20648]...: 7561469: ACCEPTED IN 14 TRIES, (AVG 540104.9285714285)
[1, 4, 10, 23, 57, 132, 301, 701, 1654, 3706, 8654, 20651]...: 8643675: ACCEPTED IN 16 TRIES, (AVG 540229.6875)
[1, 4, 10, 23, 57, 132, 301, 701, 1654, 3706, 8654, 20655]...: 5937325: ACCEPTED IN 11 TRIES, (AVG 539756.8181818182)
[1, 4, 10, 23, 57, 132, 301, 701, 1654, 3706, 8654, 20660]...: 7560484: ACCEPTED IN 14 TRIES, (AVG 540034.5714285715)
[1, 4, 10, 23, 57, 132, 301, 701, 1654, 3706, 8654, 20663]...: 16761094: ACCEPTED IN 31 TRIES, (AVG 540680.4516129033)
[1, 4, 10, 23, 57, 132, 301, 701, 1654, 3706, 8654, 20667]...: 10265708: ACCEPTED IN 19 TRIES, (AVG 540300.4210526316)
[1, 4, 10, 23, 57, 132, 301, 701, 1654, 3706, 8654, 20680]...: 6478062: ACCEPTED IN 12 TRIES, (AVG 539838.5)
[1, 4, 10, 23, 57, 132, 301, 701, 1654, 3706, 8654, 20684]...: 9725365: ACCEPTED IN 18 TRIES, (AVG 540298.0555555555)
[1, 4, 10, 23, 57, 132, 301, 701, 1654, 3706, 8654, 20685]...: 10808540: ACCEPTED IN 20 TRIES, (AVG 540427.0)
[1, 4, 10, 23, 57, 132, 301, 701, 1654, 3706, 8654, 20692]...: 6476884: ACCEPTED IN 12 TRIES, (AVG 539740.3333333334)
[1, 4, 10, 23, 57, 132, 301, 701, 1654, 3706, 8654, 20697]...: 7020832: ACCEPTED IN 13 TRIES, (AVG 540064.0)
[1, 4, 10, 23, 57, 132, 301, 701, 1654, 3706, 8654, 20701]...: 7561658: ACCEPTED IN 14 TRIES, (AVG 540118.4285714285)
[1, 4, 10, 23, 57, 132, 301, 701, 1654, 3706, 8654, 20704]...: 5938692: ACCEPTED IN 11 TRIES, (AVG 539881.0909090909)
[1, 4, 10, 23, 57, 132, 301, 701, 1654, 3706, 8654, 20709]...: 7020850: ACCEPTED IN 13 TRIES, (AVG 540065.3846153846)
[1, 4, 10, 23, 57, 132, 301, 701, 1654, 3706, 8654, 20713]...: 6478899: ACCEPTED IN 12 TRIES, (AVG 539908.25)
[1, 4, 10, 23, 57, 132, 301, 701, 1654, 3706, 8654, 20717]...: 10808882: ACCEPTED IN 20 TRIES, (AVG 540444.1)
[1, 4, 10, 23, 57, 132, 301, 701, 1654, 3706, 8654, 20721]...: 5394976: ACCEPTED IN 10 TRIES, (AVG 539497.6)
[1, 4, 10, 23, 57, 132, 301, 701, 1654, 3706, 8654, 20734]...: 10267666: ACCEPTED IN 19 TRIES, (AVG 540403.4736842106)
[1, 4, 10, 23, 57, 132, 301, 701, 1654, 3706, 8654, 20738]...: 4856270: ACCEPTED IN 9 TRIES, (AVG 539585.5555555555)
[1, 4, 10, 23, 57, 132, 301, 701, 1654, 3706, 8654, 20742]...: 7562039: ACCEPTED IN 14 TRIES, (AVG 540145.6428571428)
[1, 4, 10, 23, 57, 132, 301, 701, 1654, 3706, 8654, 20746]...: 6477733: ACCEPTED IN 12 TRIES, (AVG 539811.0833333334)
[1, 4, 10, 23, 57, 132, 301, 701, 1654, 3706, 8654, 20750]...: 17843525: ACCEPTED IN 33 TRIES, (AVG 540712.8787878788)
[1, 4, 10, 23, 57, 132, 301, 701, 1654, 3706, 8654, 20754]...: 8643477: ACCEPTED IN 16 TRIES, (AVG 540217.3125)
[1, 4, 10, 23, 57, 132, 301, 701, 1654, 3706, 8654, 20758]...: 8644316: ACCEPTED IN 16 TRIES, (AVG 540269.75)
[1, 4, 10, 23, 57, 132, 301, 701, 1654, 3706, 8654, 20762]...: 6479812: ACCEPTED IN 12 TRIES, (AVG 539984.3333333334)
