[1, 4, 10, 23, 57, 132, 301, 701, 1636, 3831, 9102, 20051]...: 7561287: ACCEPTED IN 14 TRIES, (AVG 540091.9285714285)
[1, 4, 10, 23, 57, 132, 301, 701, 1636, 3831, 9102, 20055]...: 16759068: ACCEPTED IN 31 TRIES, (AVG 540615.0967741936)
[1, 4, 10, 23, 57, 132, 301, 701, 1636, 3831, 9102, 20084]...: 9183069: ACCEPTED IN 17 TRIES, (AVG 540180.5294117647)
[1, 4, 10, 23, 57, 132, 301, 701, 1636, 3831, 9102, 20085]...: 10267717: ACCEPTED IN 19 TRIES, (AVG 540406.1578947369)
[1, 4, 10, 23, 57, 132, 301, 701, 1636, 3831, 9102, 20088]...: 12432033: ACCEPTED IN 23 TRIES, (AVG 540523.1739130435)
[1, 4, 10, 23, 57, 132, 301, 701, 1636, 3831, 9102, 20092]...: 10807028: ACCEPTED IN 20 TRIES, (AVG 540351.4)
[1, 4, 10, 23, 57, 132, 301, 701, 1636, 3831, 9102, 20117]...: 12973262: ACCEPTED IN 24 TRIES, (AVG 540552.5833333334)
[1, 4, 10, 23, 57, 132, 301, 701, 1636, 3831, 9102, 20118]...: 8102329: ACCEPTED IN 15 TRIES, (AVG 540155.2666666667)
[1, 4, 10, 23, 57, 132, 301, 701, 1636, 3831, 9102, 20125]...: 12973092: ACCEPTED IN 24 TRIES, (AVG 540545.5)
[1, 4, 10, 23, 57, 132, 301, 701, 1636, 3831, 9102, 20129]...: 11349419: ACCEPTED IN 21 TRIES, (AVG 540448.5238095238)
[1, 4, 10, 23, 57, 132, 301, 701, 1636, 3831, 9102, 20183]...: 10265502: ACCEPTED IN 19 TRIES, (AVG 540289.5789473684)
[1, 4, 10, 23, 57, 132, 301, 701, 1636, 3831, 9102, 20184]...: 8643805: ACCEPTED IN 16 TRIES, (AVG 540237.8125)
[1, 4, 10, 23, 57, 132, 301, 701, 1636, 3831, 9102, 20187]...: 10265636: ACCEPTED IN 19 TRIES, (AVG 540296.6315789474)
[1, 4, 10, 23, 57, 132, 301, 701, 1636, 3831, 9102, 20216]...: 8642206: ACCEPTED IN 16 TRIES, (AVG 540137.875)
[1, 4, 10, 23, 57, 132, 301, 701, 1636, 3831, 9102, 20220]...: 11350054: ACCEPTED IN 21 TRIES, (AVG 540478.7619047619)
[1, 4, 10, 23, 57, 132, 301, 701, 1636, 3831, 9102, 20224]...: 18923970: ACCEPTED IN 35 TRIES, (AVG 540684.8571428572)
[1, 4, 10, 23, 57, 132, 301, 701, 1636, 3831, 9102, 20257]...: 8101997: ACCEPTED IN 15 TRIES, (AVG 540133.1333333333)
[1, 4, 10, 23, 57, 132, 301, 701, 1636, 3831, 9102, 20261]...: 10808781: ACCEPTED IN 20 TRIES, (AVG 540439.05)
[1, 4, 10, 23, 57, 132, 301, 701, 1636, 3831, 9102, 20287]...: 13514165: ACCEPTED IN 25 TRIES, (AVG 540566.6)
[1, 4, 10, 23, 57, 132, 301, 701, 1636, 3831, 9102, 20315]...: 10808741: ACCEPTED IN 20 TRIES, (AVG 540437.05)
[1, 4, 10, 23, 57, 132, 301, 701, 1636, 3831, 9102, 20319]...: 11890763: ACCEPTED IN 22 TRIES, (AVG 540489.2272727273)
[1, 4, 10, 23, 57, 132, 301, 701, 1636, 3831, 9102, 20352]...: 5938131: ACCEPTED IN 11 TRIES, (AVG 539830.0909090909)
[1, 4, 10, 23, 57, 132, 301, 701, 1636, 3831, 9102, 20356]...: 9725935: ACCEPTED IN 18 TRIES, (AVG 540329.7222222222)
[1, 4, 10, 23, 57, 132, 301, 701, 1636, 3831, 9102, 20386]...: 10264639: ACCEPTED IN 19 TRIES, (AVG 540244.1578947369)
[1, 4, 10, 23, 57, 132, 301, 701, 1636, 3831, 9102, 20389]...: 14055124: ACCEPTED IN 26 TRIES, (AVG 540581.6923076923)
[1, 4, 10, 23, 57, 132, 301, 701, 1636, 3831, 9102, 20393]...: 8101716: ACCEPTED IN 15 TRIES, (AVG 540114.4)
[1, 4, 10, 23, 57, 132, 301, 701, 1636, 3831, 9102, 20417]...: 9184624: ACCEPTED IN 17 TRIES, (AVG 540272.0)
[1, 4, 10, 23, 57, 132, 301, 701, 1636, 3831, 9102, 20418]...: 11890226: ACCEPTED IN 22 TRIES, (AVG 540464.8181818182)
[1, 4, 10, 23, 57, 132, 301, 701, 1636, 3831, 9102, 20419]...: 9183178: ACCEPTED IN 17 TRIES, (AVG 540186.9411764706)
[1, 4, 10, 23, 57, 132, 301, 701, 1636, 3831, 9102, 20430]...: 9725565: ACCEPTED IN 18 TRIES, (AVG 540309.1666666666)
[1, 4, 10, 23, 57, 132, 301, 701, 1636, 3831, 9102, 20484]...: 9184160: ACCEPTED IN 17 TRIES, (AVG 540244.7058823529)
[1, 4, 10, 23, 57, 132, 301, 701, 1636, 3831, 9102, 20485]...: 11889859: ACCEPTED IN 22 TRIES, (AVG 540448.1363636364)
[1, 4, 10, 23, 57, 132, 301, 701, 1636, 3831, 9102, 20488]...: 12430893: ACCEPTED IN 23 TRIES, (AVG 540473.6086956522)
[1, 4, 10, 23, 57, 132, 301, 701, 1636, 3831, 9102, 20517]...: 5397401: ACCEPTED IN 10 TRIES, (AVG 539740.1)
[1, 4, 10, 23, 57, 132, 301, 701, 1636, 3831, 9102, 20518]...: 10808671: ACCEPTED IN 20 TRIES, (AVG 540433.55)
[1, 4, 10, 23, 57, 132, 301, 701, 1636, 3831, 9102, 20520]...: 10267170: ACCEPTED IN 19 TRIES, (AVG 540377.3684210526)
[1, 4, 10, 23, 57, 132, 301, 701, 1636, 3831, 9102, 20521]...: 11889773: ACCEPTED IN 22 TRIES, (AVG 540444.2272727273)
[1, 4, 10, 23, 57, 132, 301, 701, 1636, 3831, 9102, 20525]...: 9185277: ACCEPTED IN 17 TRIES, (AVG 540310.4117647059)
[1, 4, 10, 23, 57, 132, 301, 701, 1636, 3831, 9102, 20549]...: 9183811: ACCEPTED IN 17 TRIES, (AVG 540224.1764705882)
[1, 4, 10, 23, 57, 132, 301, 701, 1636, 3831, 9102, 20562]...: 8103051: ACCEPTED IN 15 TRIES, (AVG 540203.4)
[1, 4, 10, 23, 57, 132, 301, 701, 1636, 3831, 9102, 20616]...: 9185036: ACCEPTED IN 17 TRIES, (AVG 540296.2352941176)
[1, 4, 10, 23, 57, 132, 301, 701, 1636, 3831, 9102, 20620]...: 10266316: ACCEPTED IN 19 TRIES, (AVG 540332.4210526316)
[1, 4, 10, 23, 57, 132, 301, 701, 1636, 3831, 9102, 20652]...: 7561031: ACCEPTED IN 14 TRIES, (AVG 540073.6428571428)
[1, 4, 10, 23, 57, 132, 301, 701, 1636, 3831, 9102, 20653]...: 9184420: ACCEPTED IN 17 TRIES, (AVG 540260.0)
[1, 4, 10, 23, 57, 132, 301, 701, 1636, 3831, 9102, 20657]...: 12429443: ACCEPTED IN 23 TRIES, (AVG 540410.5652173914)
[1, 4, 10, 23, 57, 132, 301, 701, 1636, 3831, 9102, 20687]...: 11349636: ACCEPTED IN 21 TRIES, (AVG 540458.8571428572)
[1, 4, 10, 23, 57, 132, 301, 701, 1636, 3831, 9102, 20694]...: 9726056: ACCEPTED IN 18 TRIES, (AVG 540336.4444444445)
[1, 4, 10, 23, 57, 132, 301, 701, 1636, 3831, 9102, 20718]...: 9724665: ACCEPTED IN 18 TRIES, (AVG 540259.1666666666)
[1, 4, 10, 23, 57, 132, 301, 701, 1636, 3831, 9102, 20719]...: 7559602: ACCEPTED IN 14 TRIES, (AVG 539971.5714285715)
[1, 4, 10, 23, 57, 132, 301, 701, 1636, 3831, 9102, 20752]...: 12973211: ACCEPTED IN 24 TRIES, (AVG 540550.4583333334)
[1, 4, 10, 23, 57, 132, 301, 701, 1636, 3831, 9102, 20754]...: 5396440: ACCEPTED IN 10 TRIES, (AVG 539644.0)
[1, 4, 10, 23, 57, 132, 301, 701, 1636, 3831, 9102, 20785]...: 5397335: ACCEPTED IN 10 TRIES, (AVG 539733.5)
[1, 4, 10, 23, 57, 132, 301, 701, 1636, 3831, 9102, 20786]...: 10807124: ACCEPTED IN 20 TRIES, (AVG 540356.2)
[1, 4, 10, 23, 57, 132, 301, 701, 1636, 3831, 9102, 20789]...: 5396740: ACCEPTED IN 10 TRIES, (AVG 539674.0)
[1, 4, 10, 23, 57, 132, 301, 701, 1636, 3831, 9102, 20818]...: 8102870: ACCEPTED IN 15 TRIES, (AVG 540191.3333333334)
[1, 4, 10, 23, 57, 132, 301, 701, 1636, 3831, 9102, 20819]...: 5938020: ACCEPTED IN 11 TRIES, (AVG 539820.0)
[1, 4, 10, 23, 57, 132, 301, 701, 1636, 3831, 9102, 20826]...: 7561558: ACCEPTED IN 14 TRIES, (AVG 540111.2857142857)
[1, 4, 10, 23, 57, 132, 301, 701, 1636, 3831, 9102, 20850]...: 9182754: ACCEPTED IN 17 TRIES, (AVG 540162.0)
[1, 4, 10, 23, 57, 132, 301, 701, 1636, 3831, 9102, 20885]...: 10267728: ACCEPTED IN 19 TRIES, (AVG 540406.7368421053)
[1, 4, 10, 23, 57, 132, 301, 701, 1636, 3831, 9102, 20886]...: 8102421: ACCEPTED IN 15 TRIES, (AVG 540161.4)
[1, 4, 10, 23, 57, 132, 301, 701, 1636, 3831, 9102, 20917]...: 9182909: ACCEPTED IN 17 TRIES, (AVG 540171.1176470588)
[1, 4, 10, 23, 57, 132, 301, 701, 1636, 3831, 9102, 20921]...: 18382070: ACCEPTED IN 34 TRIES, (AVG 540649.1176470588)
[1, 4, 10, 23, 57, 132, 301, 701, 1636, 3831, 9102, 20958]...: 9183490: ACCEPTED IN 17 TRIES, (AVG 540205.2941176471)
[1, 4, 10, 23, 57, 132, 301, 701, 1636, 3831, 9102, 20988]...: 4855286: ACCEPTED IN 9 TRIES, (AVG 539476.2222222222)
[1, 4, 10, 23, 57, 132, 301, 701, 1636, 3831, 9102, 21017]...: 5397113: ACCEPTED IN 10 TRIES, (AVG 539711.3)
[1, 4, 10, 23, 57, 132, 301, 701, 1636, 3831, 9102, 21019]...: 11348385: ACCEPTED IN 21 TRIES, (AVG 540399.2857142857)
[1, 4, 10, 23, 57, 132, 301, 701, 1636, 3831, 9102, 21020]...: 5395865: ACCEPTED IN 10 TRIES, (AVG 539586.5)
[1, 4, 10, 23, 57, 132, 301, 701, 1636, 3831, 9102, 21053]...: 7561982: ACCEPTED IN 14 TRIES, (AVG 540141.5714285715)
[1, 4, 10, 23, 57, 132, 301, 701, 1636, 3831, 9102, 21087]...: 5396944: ACCEPTED IN 10 TRIES, (AVG 539694.4)
[1, 4, 10, 23, 57, 132, 301, 701, 1636, 3831, 9102, 21090]...: 9181226: ACCEPTED IN 17 TRIES, (AVG 540072.1176470588)
[1, 4, 10, 23, 57, 132, 301, 701, 1636, 3831, 9102, 21118]...: 5937864: ACCEPTED IN 11 TRIES, (AVG 539805.8181818182)
[1, 4, 10, 23, 57, 132, 301, 701, 1636, 3831, 9102, 21119]...: 9184342: ACCEPTED IN 17 TRIES, (AVG 540255.4117647059)
[1, 4, 10, 23, 57, 132, 301, 701, 1636, 3831, 9102, 21120]...: 9184960: ACCEPTED IN 17 TRIES, (AVG 540291.7647058824)
[1, 4, 10, 23, 57, 132, 301, 701, 1636, 3831, 9102, 21151]...: 4855611: ACCEPTED IN 9 TRIES, (AVG 539512.3333333334)
[1, 4, 10, 23, 57, 132, 301, 701, 1636, 3831, 9102, 21186]...: 9726002: ACCEPTED IN 18 TRIES, (AVG 540333.4444444445)
[1, 4, 10, 23, 57, 132, 301, 701, 1636, 3831, 9102, 21218]...: 4315155: ACCEPTED IN 8 TRIES, (AVG 539394.375)
[1, 4, 10, 23, 57, 132, 301, 701, 1636, 3831, 9102, 21219]...: 10808669: ACCEPTED IN 20 TRIES, (AVG 540433.45)
[1, 4, 10, 23, 57, 132, 301, 701, 1636, 3831, 9102, 21221]...: 5936680: ACCEPTED IN 11 TRIES, (AVG 539698.1818181818)
[1, 4, 10, 23, 57, 132, 301, 701, 1636, 3831, 9102, 21222]...: 8102017: ACCEPTED IN 15 TRIES, (AVG 540134.4666666667)
[1, 4, 10, 23, 57, 132, 301, 701, 1636, 3831, 9102, 21250]...: 9181976: ACCEPTED IN 17 TRIES, (AVG 540116.2352941176)
[1, 4, 10, 23, 57, 132, 301, 701, 1636, 3831, 9102, 21318]...: 11889035: ACCEPTED IN 22 TRIES, (AVG 540410.6818181818)
[1, 4, 10, 23, 57, 132, 301, 701, 1636, 3831, 9102, 21321]...: 8643864: ACCEPTED IN 16 TRIES, (AVG 540241.5)
[1, 4, 10, 23, 57, 132, 301, 701, 1636, 3831, 9102, 21353]...: 9185126: ACCEPTED IN 17 TRIES, (AVG 540301.5294117647)
[1, 4, 10, 23, 57, 132, 301, 701, 1636, 3831, 9102, 21354]...: 8642460: ACCEPTED IN 16 TRIES, (AVG 540153.75)
[1, 4, 10, 23, 57, 132, 301, 701, 1636, 3831, 9102, 21388]...: 11348393: ACCEPTED IN 21 TRIES, (AVG 540399.6666666666)
[1, 4, 10, 23, 57, 132, 301, 701, 1636, 3831, 9102, 21419]...: 8643028: ACCEPTED IN 16 TRIES, (AVG 540189.25)
[1, 4, 10, 23, 57, 132, 301, 701, 1636, 3831, 9102, 21420]...: 11887812: ACCEPTED IN 22 TRIES, (AVG 540355.0909090909)
[1, 4, 10, 23, 57, 132, 301, 701, 1636, 3831, 9102, 21452]...: 8643068: ACCEPTED IN 16 TRIES, (AVG 540191.75)
[1, 4, 10, 23, 57, 132, 301, 701, 1636, 3831, 9102, 21453]...: 8643459: ACCEPTED IN 16 TRIES, (AVG 540216.1875)
[1, 4, 10, 23, 57, 132, 301, 701, 1636, 3831, 9102, 21455]...: 9724582: ACCEPTED IN 18 TRIES, (AVG 540254.5555555555)
[1, 4, 10, 23, 57, 132, 301, 701, 1636, 3831, 9102, 21487]...: 8102010: ACCEPTED IN 15 TRIES, (AVG 540134.0)
[1, 4, 10, 23, 57, 132, 301, 701, 1636, 3831, 9102, 21519]...: 7561790: ACCEPTED IN 14 TRIES, (AVG 540127.8571428572)
[1, 4, 10, 23, 57, 132, 301, 701, 1636, 3831, 9102, 21520]...: 10266557: ACCEPTED IN 19 TRIES, (AVG 540345.1052631579)
[1, 4, 10, 23, 57, 132, 301, 701, 1636, 3831, 9102, 21551]...: 4314649: ACCEPTED IN 8 TRIES, (AVG 539331.125)
[1, 4, 10, 23, 57, 132, 301, 701, 1636, 3831, 9102, 21586]...: 9184180: ACCEPTED IN 17 TRIES, (AVG 540245.8823529412)
[1, 4, 10, 23, 57, 132, 301, 701, 1636, 3831, 9102, 21587]...: 9184280: ACCEPTED IN 17 TRIES, (AVG 540251.7647058824)
[1, 4, 10, 23, 57, 132, 301, 701, 1636, 3831, 9102, 21619]...: 8643672: ACCEPTED IN 16 TRIES, (AVG 540229.5)
[1, 4, 10, 23, 57, 132, 301, 701, 1636, 3831, 9102, 21622]...: 11347287: ACCEPTED IN 21 TRIES, (AVG 540347.0)
[1, 4, 10, 23, 57, 132, 301, 701, 1636, 3831, 9102, 21689]...: 9183056: ACCEPTED IN 17 TRIES, (AVG 540179.7647058824)
[1, 4, 10, 23, 57, 132, 301, 701, 1636, 3831, 9102, 21718]...: 3771872: ACCEPTED IN 7 TRIES, (AVG 538838.8571428572)
[1, 4, 10, 23, 57, 132, 301, 701, 1636, 3831, 9102, 21720]...: 9184170: ACCEPTED IN 17 TRIES, (AVG 540245.2941176471)
[1, 4, 10, 23, 57, 132, 301, 701, 1636, 3831, 9102, 21721]...: 10266317: ACCEPTED IN 19 TRIES, (AVG 540332.4736842106)
[1, 4, 10, 23, 57, 132, 301, 701, 1636, 3831, 9102, 21753]...: 6479444: ACCEPTED IN 12 TRIES, (AVG 539953.6666666666)
[1, 4, 10, 23, 57, 132, 301, 701, 1636, 3831, 9102, 21754]...: 10267392: ACCEPTED IN 19 TRIES, (AVG 540389.052631579)
[1, 4, 10, 23, 57, 132, 301, 701, 1636, 3831, 9102, 21788]...: 8102079: ACCEPTED IN 15 TRIES, (AVG 540138.6)
[1, 4, 10, 23, 57, 132, 301, 701, 1636, 3831, 9102, 21819]...: 9184491: ACCEPTED IN 17 TRIES, (AVG 540264.1764705882)
[1, 4, 10, 23, 57, 132, 301, 701, 1636, 3831, 9102, 21820]...: 8641768: ACCEPTED IN 16 TRIES, (AVG 540110.5)
[1, 4, 10, 23, 57, 132, 301, 701, 1636, 3831, 9102, 21821]...: 10265246: ACCEPTED IN 19 TRIES, (AVG 540276.1052631579)
