[1, 4, 10, 23, 57, 132, 301, 701, 1636, 3921, 8997, 19856]...: 1076980: ACCEPTED IN 2 TRIES, (AVG 538490.0)
[1, 4, 10, 23, 57, 132, 301, 701, 1636, 3921, 8997, 20020]...: 1616682: ACCEPTED IN 3 TRIES, (AVG 538894.0)
[1, 4, 10, 23, 57, 132, 301, 701, 1636, 3921, 8997, 20173]...: 1074886: ACCEPTED IN 2 TRIES, (AVG 537443.0)
[1, 4, 10, 23, 57, 132, 301, 701, 1636, 3921, 8997, 20189]...: 2156015: ACCEPTED IN 4 TRIES, (AVG 539003.75)
[1, 4, 10, 23, 57, 132, 301, 701, 1636, 3921, 8997, 20221]...: 2155722: ACCEPTED IN 4 TRIES, (AVG 538930.5)
[1, 4, 10, 23, 57, 132, 301, 701, 1636, 3921, 8997, 20321]...: 1616379: ACCEPTED IN 3 TRIES, (AVG 538793.0)
[1, 4, 10, 23, 57, 132, 301, 701, 1636, 3921, 8997, 20643]...: 2155572: ACCEPTED IN 4 TRIES, (AVG 538893.0)
[1, 4, 10, 23, 57, 132, 301, 701, 1636, 3921, 8997, 20689]...: 2694827: ACCEPTED IN 5 TRIES, (AVG 538965.4)
[1, 4, 10, 23, 57, 132, 301, 701, 1636, 3921, 8997, 20775]...: 4314302: ACCEPTED IN 8 TRIES, (AVG 539287.75)
[1, 4, 10, 23, 57, 132, 301, 701, 1636, 3921, 8997, 20923]...: 3233194: ACCEPTED IN 6 TRIES, (AVG 538865.6666666666)
[1, 4, 10, 23, 57, 132, 301, 701, 1636, 3921, 8997, 21024]...: 1075986: ACCEPTED IN 2 TRIES, (AVG 537993.0)
[1, 4, 10, 23, 57, 132, 301, 701, 1636, 3921, 8997, 21223]...: 3774243: ACCEPTED IN 7 TRIES, (AVG 539177.5714285715)
[1, 4, 10, 23, 57, 132, 301, 701, 1636, 3921, 8997, 21390]...: 1076613: ACCEPTED IN 2 TRIES, (AVG 538306.5)
[1, 4, 10, 23, 57, 132, 301, 701, 1636, 3921, 8997, 21524]...: 2156105: ACCEPTED IN 4 TRIES, (AVG 539026.25)
