[1, 4, 10, 23, 57, 132, 301, 701, 1636, 3826, 9071, 19957]...: 10267742: ACCEPTED IN 19 TRIES, (AVG 540407.4736842106)
[1, 4, 10, 23, 57, 132, 301, 701, 1636, 3826, 9071, 19958]...: 7560734: ACCEPTED IN 14 TRIES, (AVG 540052.4285714285)
[1, 4, 10, 23, 57, 132, 301, 701, 1636, 3826, 9071, 19962]...: 11347976: ACCEPTED IN 21 TRIES, (AVG 540379.8095238095)
[1, 4, 10, 23, 57, 132, 301, 701, 1636, 3826, 9071, 19988]...: 10267615: ACCEPTED IN 19 TRIES, (AVG 540400.7894736842)
[1, 4, 10, 23, 57, 132, 301, 701, 1636, 3826, 9071, 19990]...: 19464191: ACCEPTED IN 36 TRIES, (AVG 540671.9722222222)
[1, 4, 10, 23, 57, 132, 301, 701, 1636, 3826, 9071, 19991]...: 19465409: ACCEPTED IN 36 TRIES, (AVG 540705.8055555555)
[1, 4, 10, 23, 57, 132, 301, 701, 1636, 3826, 9071, 19992]...: 12431612: ACCEPTED IN 23 TRIES, (AVG 540504.8695652174)
[1, 4, 10, 23, 57, 132, 301, 701, 1636, 3826, 9071, 19995]...: 20549186: ACCEPTED IN 38 TRIES, (AVG 540768.052631579)
[1, 4, 10, 23, 57, 132, 301, 701, 1636, 3826, 9071, 19999]...: 9726449: ACCEPTED IN 18 TRIES, (AVG 540358.2777777778)
[1, 4, 10, 23, 57, 132, 301, 701, 1636, 3826, 9071, 20020]...: 12432225: ACCEPTED IN 23 TRIES, (AVG 540531.5217391305)
[1, 4, 10, 23, 57, 132, 301, 701, 1636, 3826, 9071, 20024]...: 12430701: ACCEPTED IN 23 TRIES, (AVG 540465.2608695652)
[1, 4, 10, 23, 57, 132, 301, 701, 1636, 3826, 9071, 20025]...: 10266337: ACCEPTED IN 19 TRIES, (AVG 540333.5263157894)
[1, 4, 10, 23, 57, 132, 301, 701, 1636, 3826, 9071, 20032]...: 8639978: ACCEPTED IN 16 TRIES, (AVG 539998.625)
[1, 4, 10, 23, 57, 132, 301, 701, 1636, 3826, 9071, 20036]...: 9725015: ACCEPTED IN 18 TRIES, (AVG 540278.6111111111)
[1, 4, 10, 23, 57, 132, 301, 701, 1636, 3826, 9071, 20057]...: 14594905: ACCEPTED IN 27 TRIES, (AVG 540552.0370370371)
[1, 4, 10, 23, 57, 132, 301, 701, 1636, 3826, 9071, 20087]...: 14596726: ACCEPTED IN 27 TRIES, (AVG 540619.4814814815)
[1, 4, 10, 23, 57, 132, 301, 701, 1636, 3826, 9071, 20090]...: 8644035: ACCEPTED IN 16 TRIES, (AVG 540252.1875)
[1, 4, 10, 23, 57, 132, 301, 701, 1636, 3826, 9071, 20091]...: 5397179: ACCEPTED IN 10 TRIES, (AVG 539717.9)
[1, 4, 10, 23, 57, 132, 301, 701, 1636, 3826, 9071, 20094]...: 18382722: ACCEPTED IN 34 TRIES, (AVG 540668.2941176471)
[1, 4, 10, 23, 57, 132, 301, 701, 1636, 3826, 9071, 20122]...: 4854906: ACCEPTED IN 9 TRIES, (AVG 539434.0)
[1, 4, 10, 23, 57, 132, 301, 701, 1636, 3826, 9071, 20123]...: 12430406: ACCEPTED IN 23 TRIES, (AVG 540452.4347826086)
[1, 4, 10, 23, 57, 132, 301, 701, 1636, 3826, 9071, 20124]...: 5936730: ACCEPTED IN 11 TRIES, (AVG 539702.7272727273)
[1, 4, 10, 23, 57, 132, 301, 701, 1636, 3826, 9071, 20126]...: 11349428: ACCEPTED IN 21 TRIES, (AVG 540448.9523809524)
[1, 4, 10, 23, 57, 132, 301, 701, 1636, 3826, 9071, 20127]...: 8642644: ACCEPTED IN 16 TRIES, (AVG 540165.25)
[1, 4, 10, 23, 57, 132, 301, 701, 1636, 3826, 9071, 20131]...: 12432029: ACCEPTED IN 23 TRIES, (AVG 540523.0)
[1, 4, 10, 23, 57, 132, 301, 701, 1636, 3826, 9071, 20157]...: 6479012: ACCEPTED IN 12 TRIES, (AVG 539917.6666666666)
[1, 4, 10, 23, 57, 132, 301, 701, 1636, 3826, 9071, 20164]...: 18383089: ACCEPTED IN 34 TRIES, (AVG 540679.0882352941)
[1, 4, 10, 23, 57, 132, 301, 701, 1636, 3826, 9071, 20168]...: 15135646: ACCEPTED IN 28 TRIES, (AVG 540558.7857142857)
[1, 4, 10, 23, 57, 132, 301, 701, 1636, 3826, 9071, 20189]...: 12430468: ACCEPTED IN 23 TRIES, (AVG 540455.1304347826)
[1, 4, 10, 23, 57, 132, 301, 701, 1636, 3826, 9071, 20190]...: 12432073: ACCEPTED IN 23 TRIES, (AVG 540524.9130434783)
[1, 4, 10, 23, 57, 132, 301, 701, 1636, 3826, 9071, 20194]...: 5397527: ACCEPTED IN 10 TRIES, (AVG 539752.7)
[1, 4, 10, 23, 57, 132, 301, 701, 1636, 3826, 9071, 20222]...: 12428737: ACCEPTED IN 23 TRIES, (AVG 540379.8695652174)
[1, 4, 10, 23, 57, 132, 301, 701, 1636, 3826, 9071, 20223]...: 10266579: ACCEPTED IN 19 TRIES, (AVG 540346.2631578947)
[1, 4, 10, 23, 57, 132, 301, 701, 1636, 3826, 9071, 20225]...: 4312473: ACCEPTED IN 8 TRIES, (AVG 539059.125)
[1, 4, 10, 23, 57, 132, 301, 701, 1636, 3826, 9071, 20226]...: 20549361: ACCEPTED IN 38 TRIES, (AVG 540772.6578947369)
[1, 4, 10, 23, 57, 132, 301, 701, 1636, 3826, 9071, 20256]...: 10265975: ACCEPTED IN 19 TRIES, (AVG 540314.4736842106)
[1, 4, 10, 23, 57, 132, 301, 701, 1636, 3826, 9071, 20258]...: 3772184: ACCEPTED IN 7 TRIES, (AVG 538883.4285714285)
[1, 4, 10, 23, 57, 132, 301, 701, 1636, 3826, 9071, 20259]...: 11887982: ACCEPTED IN 22 TRIES, (AVG 540362.8181818182)
[1, 4, 10, 23, 57, 132, 301, 701, 1636, 3826, 9071, 20263]...: 9726655: ACCEPTED IN 18 TRIES, (AVG 540369.7222222222)
[1, 4, 10, 23, 57, 132, 301, 701, 1636, 3826, 9071, 20289]...: 4315268: ACCEPTED IN 8 TRIES, (AVG 539408.5)
[1, 4, 10, 23, 57, 132, 301, 701, 1636, 3826, 9071, 20293]...: 14053831: ACCEPTED IN 26 TRIES, (AVG 540531.9615384615)
[1, 4, 10, 23, 57, 132, 301, 701, 1636, 3826, 9071, 20296]...: 9726626: ACCEPTED IN 18 TRIES, (AVG 540368.1111111111)
[1, 4, 10, 23, 57, 132, 301, 701, 1636, 3826, 9071, 20300]...: 7561758: ACCEPTED IN 14 TRIES, (AVG 540125.5714285715)
[1, 4, 10, 23, 57, 132, 301, 701, 1636, 3826, 9071, 20321]...: 18925227: ACCEPTED IN 35 TRIES, (AVG 540720.7714285714)
[1, 4, 10, 23, 57, 132, 301, 701, 1636, 3826, 9071, 20325]...: 12429321: ACCEPTED IN 23 TRIES, (AVG 540405.2608695652)
[1, 4, 10, 23, 57, 132, 301, 701, 1636, 3826, 9071, 20326]...: 9182820: ACCEPTED IN 17 TRIES, (AVG 540165.8823529412)
[1, 4, 10, 23, 57, 132, 301, 701, 1636, 3826, 9071, 20337]...: 7560729: ACCEPTED IN 14 TRIES, (AVG 540052.0714285715)
[1, 4, 10, 23, 57, 132, 301, 701, 1636, 3826, 9071, 20355]...: 3773216: ACCEPTED IN 7 TRIES, (AVG 539030.8571428572)
[1, 4, 10, 23, 57, 132, 301, 701, 1636, 3826, 9071, 20357]...: 4313892: ACCEPTED IN 8 TRIES, (AVG 539236.5)
[1, 4, 10, 23, 57, 132, 301, 701, 1636, 3826, 9071, 20358]...: 11890820: ACCEPTED IN 22 TRIES, (AVG 540491.8181818182)
[1, 4, 10, 23, 57, 132, 301, 701, 1636, 3826, 9071, 20388]...: 4314207: ACCEPTED IN 8 TRIES, (AVG 539275.875)
[1, 4, 10, 23, 57, 132, 301, 701, 1636, 3826, 9071, 20391]...: 11890369: ACCEPTED IN 22 TRIES, (AVG 540471.3181818182)
[1, 4, 10, 23, 57, 132, 301, 701, 1636, 3826, 9071, 20392]...: 4855901: ACCEPTED IN 9 TRIES, (AVG 539544.5555555555)
[1, 4, 10, 23, 57, 132, 301, 701, 1636, 3826, 9071, 20395]...: 12431765: ACCEPTED IN 23 TRIES, (AVG 540511.5217391305)
[1, 4, 10, 23, 57, 132, 301, 701, 1636, 3826, 9071, 20423]...: 5396868: ACCEPTED IN 10 TRIES, (AVG 539686.8)
[1, 4, 10, 23, 57, 132, 301, 701, 1636, 3826, 9071, 20424]...: 5397099: ACCEPTED IN 10 TRIES, (AVG 539709.9)
[1, 4, 10, 23, 57, 132, 301, 701, 1636, 3826, 9071, 20425]...: 7020934: ACCEPTED IN 13 TRIES, (AVG 540071.8461538461)
[1, 4, 10, 23, 57, 132, 301, 701, 1636, 3826, 9071, 20427]...: 7562010: ACCEPTED IN 14 TRIES, (AVG 540143.5714285715)
[1, 4, 10, 23, 57, 132, 301, 701, 1636, 3826, 9071, 20428]...: 8102866: ACCEPTED IN 15 TRIES, (AVG 540191.0666666667)
[1, 4, 10, 23, 57, 132, 301, 701, 1636, 3826, 9071, 20432]...: 9726605: ACCEPTED IN 18 TRIES, (AVG 540366.9444444445)
[1, 4, 10, 23, 57, 132, 301, 701, 1636, 3826, 9071, 20457]...: 9185499: ACCEPTED IN 17 TRIES, (AVG 540323.4705882353)
[1, 4, 10, 23, 57, 132, 301, 701, 1636, 3826, 9071, 20458]...: 5397290: ACCEPTED IN 10 TRIES, (AVG 539729.0)
[1, 4, 10, 23, 57, 132, 301, 701, 1636, 3826, 9071, 20459]...: 16220224: ACCEPTED IN 30 TRIES, (AVG 540674.1333333333)
[1, 4, 10, 23, 57, 132, 301, 701, 1636, 3826, 9071, 20469]...: 10266660: ACCEPTED IN 19 TRIES, (AVG 540350.5263157894)
[1, 4, 10, 23, 57, 132, 301, 701, 1636, 3826, 9071, 20487]...: 11347610: ACCEPTED IN 21 TRIES, (AVG 540362.380952381)
[1, 4, 10, 23, 57, 132, 301, 701, 1636, 3826, 9071, 20490]...: 6479678: ACCEPTED IN 12 TRIES, (AVG 539973.1666666666)
[1, 4, 10, 23, 57, 132, 301, 701, 1636, 3826, 9071, 20491]...: 11349309: ACCEPTED IN 21 TRIES, (AVG 540443.2857142857)
[1, 4, 10, 23, 57, 132, 301, 701, 1636, 3826, 9071, 20523]...: 8644030: ACCEPTED IN 16 TRIES, (AVG 540251.875)
[1, 4, 10, 23, 57, 132, 301, 701, 1636, 3826, 9071, 20524]...: 3772304: ACCEPTED IN 7 TRIES, (AVG 538900.5714285715)
[1, 4, 10, 23, 57, 132, 301, 701, 1636, 3826, 9071, 20526]...: 11347550: ACCEPTED IN 21 TRIES, (AVG 540359.5238095238)
[1, 4, 10, 23, 57, 132, 301, 701, 1636, 3826, 9071, 20527]...: 13513316: ACCEPTED IN 25 TRIES, (AVG 540532.64)
[1, 4, 10, 23, 57, 132, 301, 701, 1636, 3826, 9071, 20557]...: 10267021: ACCEPTED IN 19 TRIES, (AVG 540369.5263157894)
[1, 4, 10, 23, 57, 132, 301, 701, 1636, 3826, 9071, 20559]...: 12429530: ACCEPTED IN 23 TRIES, (AVG 540414.3478260869)
[1, 4, 10, 23, 57, 132, 301, 701, 1636, 3826, 9071, 20560]...: 10807808: ACCEPTED IN 20 TRIES, (AVG 540390.4)
[1, 4, 10, 23, 57, 132, 301, 701, 1636, 3826, 9071, 20564]...: 10266646: ACCEPTED IN 19 TRIES, (AVG 540349.7894736842)
[1, 4, 10, 23, 57, 132, 301, 701, 1636, 3826, 9071, 20589]...: 7561584: ACCEPTED IN 14 TRIES, (AVG 540113.1428571428)
[1, 4, 10, 23, 57, 132, 301, 701, 1636, 3826, 9071, 20590]...: 9726246: ACCEPTED IN 18 TRIES, (AVG 540347.0)
[1, 4, 10, 23, 57, 132, 301, 701, 1636, 3826, 9071, 20591]...: 8643385: ACCEPTED IN 16 TRIES, (AVG 540211.5625)
[1, 4, 10, 23, 57, 132, 301, 701, 1636, 3826, 9071, 20594]...: 5395911: ACCEPTED IN 10 TRIES, (AVG 539591.1)
[1, 4, 10, 23, 57, 132, 301, 701, 1636, 3826, 9071, 20601]...: 8643202: ACCEPTED IN 16 TRIES, (AVG 540200.125)
[1, 4, 10, 23, 57, 132, 301, 701, 1636, 3826, 9071, 20622]...: 9726175: ACCEPTED IN 18 TRIES, (AVG 540343.0555555555)
[1, 4, 10, 23, 57, 132, 301, 701, 1636, 3826, 9071, 20626]...: 10266516: ACCEPTED IN 19 TRIES, (AVG 540342.947368421)
[1, 4, 10, 23, 57, 132, 301, 701, 1636, 3826, 9071, 20656]...: 11349633: ACCEPTED IN 21 TRIES, (AVG 540458.7142857143)
[1, 4, 10, 23, 57, 132, 301, 701, 1636, 3826, 9071, 20658]...: 10807886: ACCEPTED IN 20 TRIES, (AVG 540394.3)
[1, 4, 10, 23, 57, 132, 301, 701, 1636, 3826, 9071, 20659]...: 8644120: ACCEPTED IN 16 TRIES, (AVG 540257.5)
[1, 4, 10, 23, 57, 132, 301, 701, 1636, 3826, 9071, 20689]...: 11349368: ACCEPTED IN 21 TRIES, (AVG 540446.0952380953)
[1, 4, 10, 23, 57, 132, 301, 701, 1636, 3826, 9071, 20691]...: 15137544: ACCEPTED IN 28 TRIES, (AVG 540626.5714285715)
[1, 4, 10, 23, 57, 132, 301, 701, 1636, 3826, 9071, 20692]...: 4856091: ACCEPTED IN 9 TRIES, (AVG 539565.6666666666)
[1, 4, 10, 23, 57, 132, 301, 701, 1636, 3826, 9071, 20693]...: 11349870: ACCEPTED IN 21 TRIES, (AVG 540470.0)
[1, 4, 10, 23, 57, 132, 301, 701, 1636, 3826, 9071, 20696]...: 5397499: ACCEPTED IN 10 TRIES, (AVG 539749.9)
[1, 4, 10, 23, 57, 132, 301, 701, 1636, 3826, 9071, 20721]...: 4854901: ACCEPTED IN 9 TRIES, (AVG 539433.4444444445)
[1, 4, 10, 23, 57, 132, 301, 701, 1636, 3826, 9071, 20723]...: 11349124: ACCEPTED IN 21 TRIES, (AVG 540434.4761904762)
[1, 4, 10, 23, 57, 132, 301, 701, 1636, 3826, 9071, 20724]...: 4856095: ACCEPTED IN 9 TRIES, (AVG 539566.1111111111)
[1, 4, 10, 23, 57, 132, 301, 701, 1636, 3826, 9071, 20725]...: 11349872: ACCEPTED IN 21 TRIES, (AVG 540470.0952380953)
[1, 4, 10, 23, 57, 132, 301, 701, 1636, 3826, 9071, 20726]...: 11889867: ACCEPTED IN 22 TRIES, (AVG 540448.5)
[1, 4, 10, 23, 57, 132, 301, 701, 1636, 3826, 9071, 20733]...: 5394926: ACCEPTED IN 10 TRIES, (AVG 539492.6)
[1, 4, 10, 23, 57, 132, 301, 701, 1636, 3826, 9071, 20758]...: 5938323: ACCEPTED IN 11 TRIES, (AVG 539847.5454545454)
[1, 4, 10, 23, 57, 132, 301, 701, 1636, 3826, 9071, 20760]...: 5397041: ACCEPTED IN 10 TRIES, (AVG 539704.1)
[1, 4, 10, 23, 57, 132, 301, 701, 1636, 3826, 9071, 20788]...: 12431983: ACCEPTED IN 23 TRIES, (AVG 540521.0)
[1, 4, 10, 23, 57, 132, 301, 701, 1636, 3826, 9071, 20791]...: 10263657: ACCEPTED IN 19 TRIES, (AVG 540192.4736842106)
[1, 4, 10, 23, 57, 132, 301, 701, 1636, 3826, 9071, 20792]...: 8103242: ACCEPTED IN 15 TRIES, (AVG 540216.1333333333)
[1, 4, 10, 23, 57, 132, 301, 701, 1636, 3826, 9071, 20823]...: 5396935: ACCEPTED IN 10 TRIES, (AVG 539693.5)
[1, 4, 10, 23, 57, 132, 301, 701, 1636, 3826, 9071, 20824]...: 9185503: ACCEPTED IN 17 TRIES, (AVG 540323.7058823529)
[1, 4, 10, 23, 57, 132, 301, 701, 1636, 3826, 9071, 20825]...: 15137220: ACCEPTED IN 28 TRIES, (AVG 540615.0)
[1, 4, 10, 23, 57, 132, 301, 701, 1636, 3826, 9071, 20827]...: 9183553: ACCEPTED IN 17 TRIES, (AVG 540209.0)
[1, 4, 10, 23, 57, 132, 301, 701, 1636, 3826, 9071, 20828]...: 7561068: ACCEPTED IN 14 TRIES, (AVG 540076.2857142857)
[1, 4, 10, 23, 57, 132, 301, 701, 1636, 3826, 9071, 20855]...: 7560869: ACCEPTED IN 14 TRIES, (AVG 540062.0714285715)
[1, 4, 10, 23, 57, 132, 301, 701, 1636, 3826, 9071, 20858]...: 6479394: ACCEPTED IN 12 TRIES, (AVG 539949.5)
[1, 4, 10, 23, 57, 132, 301, 701, 1636, 3826, 9071, 20865]...: 9724589: ACCEPTED IN 18 TRIES, (AVG 540254.9444444445)
[1, 4, 10, 23, 57, 132, 301, 701, 1636, 3826, 9071, 20890]...: 5397435: ACCEPTED IN 10 TRIES, (AVG 539743.5)
[1, 4, 10, 23, 57, 132, 301, 701, 1636, 3826, 9071, 20891]...: 4855701: ACCEPTED IN 9 TRIES, (AVG 539522.3333333334)
[1, 4, 10, 23, 57, 132, 301, 701, 1636, 3826, 9071, 20892]...: 3232209: ACCEPTED IN 6 TRIES, (AVG 538701.5)
[1, 4, 10, 23, 57, 132, 301, 701, 1636, 3826, 9071, 20895]...: 4315037: ACCEPTED IN 8 TRIES, (AVG 539379.625)
[1, 4, 10, 23, 57, 132, 301, 701, 1636, 3826, 9071, 20923]...: 5395707: ACCEPTED IN 10 TRIES, (AVG 539570.7)
[1, 4, 10, 23, 57, 132, 301, 701, 1636, 3826, 9071, 20924]...: 5393614: ACCEPTED IN 10 TRIES, (AVG 539361.4)
[1, 4, 10, 23, 57, 132, 301, 701, 1636, 3826, 9071, 20926]...: 8642891: ACCEPTED IN 16 TRIES, (AVG 540180.6875)
[1, 4, 10, 23, 57, 132, 301, 701, 1636, 3826, 9071, 20927]...: 10267377: ACCEPTED IN 19 TRIES, (AVG 540388.2631578947)
[1, 4, 10, 23, 57, 132, 301, 701, 1636, 3826, 9071, 20955]...: 7020507: ACCEPTED IN 13 TRIES, (AVG 540039.0)
[1, 4, 10, 23, 57, 132, 301, 701, 1636, 3826, 9071, 20957]...: 7020329: ACCEPTED IN 13 TRIES, (AVG 540025.3076923077)
[1, 4, 10, 23, 57, 132, 301, 701, 1636, 3826, 9071, 20959]...: 8103259: ACCEPTED IN 15 TRIES, (AVG 540217.2666666667)
[1, 4, 10, 23, 57, 132, 301, 701, 1636, 3826, 9071, 20960]...: 3231653: ACCEPTED IN 6 TRIES, (AVG 538608.8333333334)
[1, 4, 10, 23, 57, 132, 301, 701, 1636, 3826, 9071, 20990]...: 5396493: ACCEPTED IN 10 TRIES, (AVG 539649.3)
[1, 4, 10, 23, 57, 132, 301, 701, 1636, 3826, 9071, 20994]...: 3232005: ACCEPTED IN 6 TRIES, (AVG 538667.5)
[1, 4, 10, 23, 57, 132, 301, 701, 1636, 3826, 9071, 20997]...: 9185305: ACCEPTED IN 17 TRIES, (AVG 540312.0588235294)
[1, 4, 10, 23, 57, 132, 301, 701, 1636, 3826, 9071, 21022]...: 8101828: ACCEPTED IN 15 TRIES, (AVG 540121.8666666667)
[1, 4, 10, 23, 57, 132, 301, 701, 1636, 3826, 9071, 21024]...: 5397104: ACCEPTED IN 10 TRIES, (AVG 539710.4)
[1, 4, 10, 23, 57, 132, 301, 701, 1636, 3826, 9071, 21025]...: 12432032: ACCEPTED IN 23 TRIES, (AVG 540523.1304347826)
[1, 4, 10, 23, 57, 132, 301, 701, 1636, 3826, 9071, 21026]...: 4854939: ACCEPTED IN 9 TRIES, (AVG 539437.6666666666)
[1, 4, 10, 23, 57, 132, 301, 701, 1636, 3826, 9071, 21027]...: 5396815: ACCEPTED IN 10 TRIES, (AVG 539681.5)
[1, 4, 10, 23, 57, 132, 301, 701, 1636, 3826, 9071, 21056]...: 3773361: ACCEPTED IN 7 TRIES, (AVG 539051.5714285715)
[1, 4, 10, 23, 57, 132, 301, 701, 1636, 3826, 9071, 21058]...: 3231101: ACCEPTED IN 6 TRIES, (AVG 538516.8333333334)
[1, 4, 10, 23, 57, 132, 301, 701, 1636, 3826, 9071, 21059]...: 11889107: ACCEPTED IN 22 TRIES, (AVG 540413.9545454546)
[1, 4, 10, 23, 57, 132, 301, 701, 1636, 3826, 9071, 21061]...: 9185385: ACCEPTED IN 17 TRIES, (AVG 540316.7647058824)
[1, 4, 10, 23, 57, 132, 301, 701, 1636, 3826, 9071, 21089]...: 10266931: ACCEPTED IN 19 TRIES, (AVG 540364.7894736842)
[1, 4, 10, 23, 57, 132, 301, 701, 1636, 3826, 9071, 21092]...: 6479536: ACCEPTED IN 12 TRIES, (AVG 539961.3333333334)
[1, 4, 10, 23, 57, 132, 301, 701, 1636, 3826, 9071, 21093]...: 5395611: ACCEPTED IN 10 TRIES, (AVG 539561.1)
[1, 4, 10, 23, 57, 132, 301, 701, 1636, 3826, 9071, 21124]...: 4314559: ACCEPTED IN 8 TRIES, (AVG 539319.875)
[1, 4, 10, 23, 57, 132, 301, 701, 1636, 3826, 9071, 21125]...: 7561098: ACCEPTED IN 14 TRIES, (AVG 540078.4285714285)
[1, 4, 10, 23, 57, 132, 301, 701, 1636, 3826, 9071, 21126]...: 4854497: ACCEPTED IN 9 TRIES, (AVG 539388.5555555555)
[1, 4, 10, 23, 57, 132, 301, 701, 1636, 3826, 9071, 21128]...: 8642644: ACCEPTED IN 16 TRIES, (AVG 540165.25)
[1, 4, 10, 23, 57, 132, 301, 701, 1636, 3826, 9071, 21129]...: 5396137: ACCEPTED IN 10 TRIES, (AVG 539613.7)
[1, 4, 10, 23, 57, 132, 301, 701, 1636, 3826, 9071, 21156]...: 5394642: ACCEPTED IN 10 TRIES, (AVG 539464.2)
[1, 4, 10, 23, 57, 132, 301, 701, 1636, 3826, 9071, 21157]...: 5396538: ACCEPTED IN 10 TRIES, (AVG 539653.8)
[1, 4, 10, 23, 57, 132, 301, 701, 1636, 3826, 9071, 21158]...: 4855036: ACCEPTED IN 9 TRIES, (AVG 539448.4444444445)
[1, 4, 10, 23, 57, 132, 301, 701, 1636, 3826, 9071, 21159]...: 11349917: ACCEPTED IN 21 TRIES, (AVG 540472.2380952381)
[1, 4, 10, 23, 57, 132, 301, 701, 1636, 3826, 9071, 21160]...: 3773560: ACCEPTED IN 7 TRIES, (AVG 539080.0)
[1, 4, 10, 23, 57, 132, 301, 701, 1636, 3826, 9071, 21188]...: 8102917: ACCEPTED IN 15 TRIES, (AVG 540194.4666666667)
[1, 4, 10, 23, 57, 132, 301, 701, 1636, 3826, 9071, 21191]...: 10267671: ACCEPTED IN 19 TRIES, (AVG 540403.7368421053)
[1, 4, 10, 23, 57, 132, 301, 701, 1636, 3826, 9071, 21192]...: 2691821: ACCEPTED IN 5 TRIES, (AVG 538364.2)
[1, 4, 10, 23, 57, 132, 301, 701, 1636, 3826, 9071, 21193]...: 5397391: ACCEPTED IN 10 TRIES, (AVG 539739.1)
[1, 4, 10, 23, 57, 132, 301, 701, 1636, 3826, 9071, 21224]...: 5394679: ACCEPTED IN 10 TRIES, (AVG 539467.9)
[1, 4, 10, 23, 57, 132, 301, 701, 1636, 3826, 9071, 21225]...: 10267183: ACCEPTED IN 19 TRIES, (AVG 540378.052631579)
[1, 4, 10, 23, 57, 132, 301, 701, 1636, 3826, 9071, 21228]...: 5397413: ACCEPTED IN 10 TRIES, (AVG 539741.3)
[1, 4, 10, 23, 57, 132, 301, 701, 1636, 3826, 9071, 21256]...: 8642224: ACCEPTED IN 16 TRIES, (AVG 540139.0)
[1, 4, 10, 23, 57, 132, 301, 701, 1636, 3826, 9071, 21258]...: 5395790: ACCEPTED IN 10 TRIES, (AVG 539579.0)
[1, 4, 10, 23, 57, 132, 301, 701, 1636, 3826, 9071, 21260]...: 4854480: ACCEPTED IN 9 TRIES, (AVG 539386.6666666666)
[1, 4, 10, 23, 57, 132, 301, 701, 1636, 3826, 9071, 21261]...: 5396869: ACCEPTED IN 10 TRIES, (AVG 539686.9)
[1, 4, 10, 23, 57, 132, 301, 701, 1636, 3826, 9071, 21290]...: 10807357: ACCEPTED IN 20 TRIES, (AVG 540367.85)
[1, 4, 10, 23, 57, 132, 301, 701, 1636, 3826, 9071, 21291]...: 5395982: ACCEPTED IN 10 TRIES, (AVG 539598.2)
[1, 4, 10, 23, 57, 132, 301, 701, 1636, 3826, 9071, 21292]...: 8641666: ACCEPTED IN 16 TRIES, (AVG 540104.125)
[1, 4, 10, 23, 57, 132, 301, 701, 1636, 3826, 9071, 21295]...: 4856223: ACCEPTED IN 9 TRIES, (AVG 539580.3333333334)
[1, 4, 10, 23, 57, 132, 301, 701, 1636, 3826, 9071, 21323]...: 8643656: ACCEPTED IN 16 TRIES, (AVG 540228.5)
[1, 4, 10, 23, 57, 132, 301, 701, 1636, 3826, 9071, 21325]...: 8644236: ACCEPTED IN 16 TRIES, (AVG 540264.75)
[1, 4, 10, 23, 57, 132, 301, 701, 1636, 3826, 9071, 21326]...: 4854113: ACCEPTED IN 9 TRIES, (AVG 539345.8888888889)
[1, 4, 10, 23, 57, 132, 301, 701, 1636, 3826, 9071, 21327]...: 5393501: ACCEPTED IN 10 TRIES, (AVG 539350.1)
[1, 4, 10, 23, 57, 132, 301, 701, 1636, 3826, 9071, 21357]...: 5394549: ACCEPTED IN 10 TRIES, (AVG 539454.9)
[1, 4, 10, 23, 57, 132, 301, 701, 1636, 3826, 9071, 21359]...: 10266078: ACCEPTED IN 19 TRIES, (AVG 540319.8947368421)
[1, 4, 10, 23, 57, 132, 301, 701, 1636, 3826, 9071, 21360]...: 8643829: ACCEPTED IN 16 TRIES, (AVG 540239.3125)
[1, 4, 10, 23, 57, 132, 301, 701, 1636, 3826, 9071, 21362]...: 5397101: ACCEPTED IN 10 TRIES, (AVG 539710.1)
[1, 4, 10, 23, 57, 132, 301, 701, 1636, 3826, 9071, 21390]...: 4855332: ACCEPTED IN 9 TRIES, (AVG 539481.3333333334)
[1, 4, 10, 23, 57, 132, 301, 701, 1636, 3826, 9071, 21392]...: 5397113: ACCEPTED IN 10 TRIES, (AVG 539711.3)
[1, 4, 10, 23, 57, 132, 301, 701, 1636, 3826, 9071, 21393]...: 5393756: ACCEPTED IN 10 TRIES, (AVG 539375.6)
[1, 4, 10, 23, 57, 132, 301, 701, 1636, 3826, 9071, 21394]...: 4856285: ACCEPTED IN 9 TRIES, (AVG 539587.2222222222)
[1, 4, 10, 23, 57, 132, 301, 701, 1636, 3826, 9071, 21422]...: 9725906: ACCEPTED IN 18 TRIES, (AVG 540328.1111111111)
[1, 4, 10, 23, 57, 132, 301, 701, 1636, 3826, 9071, 21425]...: 3232472: ACCEPTED IN 6 TRIES, (AVG 538745.3333333334)
[1, 4, 10, 23, 57, 132, 301, 701, 1636, 3826, 9071, 21426]...: 4314298: ACCEPTED IN 8 TRIES, (AVG 539287.25)
[1, 4, 10, 23, 57, 132, 301, 701, 1636, 3826, 9071, 21427]...: 8102784: ACCEPTED IN 15 TRIES, (AVG 540185.6)
[1, 4, 10, 23, 57, 132, 301, 701, 1636, 3826, 9071, 21457]...: 11890698: ACCEPTED IN 22 TRIES, (AVG 540486.2727272727)
[1, 4, 10, 23, 57, 132, 301, 701, 1636, 3826, 9071, 21458]...: 8644161: ACCEPTED IN 16 TRIES, (AVG 540260.0625)
[1, 4, 10, 23, 57, 132, 301, 701, 1636, 3826, 9071, 21459]...: 5394824: ACCEPTED IN 10 TRIES, (AVG 539482.4)
[1, 4, 10, 23, 57, 132, 301, 701, 1636, 3826, 9071, 21461]...: 5396421: ACCEPTED IN 10 TRIES, (AVG 539642.1)
[1, 4, 10, 23, 57, 132, 301, 701, 1636, 3826, 9071, 21489]...: 5397214: ACCEPTED IN 10 TRIES, (AVG 539721.4)
[1, 4, 10, 23, 57, 132, 301, 701, 1636, 3826, 9071, 21492]...: 10265863: ACCEPTED IN 19 TRIES, (AVG 540308.5789473684)
[1, 4, 10, 23, 57, 132, 301, 701, 1636, 3826, 9071, 21493]...: 4854478: ACCEPTED IN 9 TRIES, (AVG 539386.4444444445)
[1, 4, 10, 23, 57, 132, 301, 701, 1636, 3826, 9071, 21494]...: 11349774: ACCEPTED IN 21 TRIES, (AVG 540465.4285714285)
[1, 4, 10, 23, 57, 132, 301, 701, 1636, 3826, 9071, 21524]...: 5397162: ACCEPTED IN 10 TRIES, (AVG 539716.2)
[1, 4, 10, 23, 57, 132, 301, 701, 1636, 3826, 9071, 21525]...: 5394320: ACCEPTED IN 10 TRIES, (AVG 539432.0)
[1, 4, 10, 23, 57, 132, 301, 701, 1636, 3826, 9071, 21526]...: 4315174: ACCEPTED IN 8 TRIES, (AVG 539396.75)
[1, 4, 10, 23, 57, 132, 301, 701, 1636, 3826, 9071, 21529]...: 4855729: ACCEPTED IN 9 TRIES, (AVG 539525.4444444445)
[1, 4, 10, 23, 57, 132, 301, 701, 1636, 3826, 9071, 21557]...: 5395533: ACCEPTED IN 10 TRIES, (AVG 539553.3)
[1, 4, 10, 23, 57, 132, 301, 701, 1636, 3826, 9071, 21559]...: 3232587: ACCEPTED IN 6 TRIES, (AVG 538764.5)
[1, 4, 10, 23, 57, 132, 301, 701, 1636, 3826, 9071, 21591]...: 5394680: ACCEPTED IN 10 TRIES, (AVG 539468.0)
[1, 4, 10, 23, 57, 132, 301, 701, 1636, 3826, 9071, 21592]...: 4856264: ACCEPTED IN 9 TRIES, (AVG 539584.8888888889)
[1, 4, 10, 23, 57, 132, 301, 701, 1636, 3826, 9071, 21593]...: 12427882: ACCEPTED IN 23 TRIES, (AVG 540342.695652174)
[1, 4, 10, 23, 57, 132, 301, 701, 1636, 3826, 9071, 21596]...: 4856013: ACCEPTED IN 9 TRIES, (AVG 539557.0)
[1, 4, 10, 23, 57, 132, 301, 701, 1636, 3826, 9071, 21624]...: 8101065: ACCEPTED IN 15 TRIES, (AVG 540071.0)
[1, 4, 10, 23, 57, 132, 301, 701, 1636, 3826, 9071, 21625]...: 4853642: ACCEPTED IN 9 TRIES, (AVG 539293.5555555555)
[1, 4, 10, 23, 57, 132, 301, 701, 1636, 3826, 9071, 21626]...: 4855664: ACCEPTED IN 9 TRIES, (AVG 539518.2222222222)
[1, 4, 10, 23, 57, 132, 301, 701, 1636, 3826, 9071, 21627]...: 5396395: ACCEPTED IN 10 TRIES, (AVG 539639.5)
[1, 4, 10, 23, 57, 132, 301, 701, 1636, 3826, 9071, 21628]...: 4854634: ACCEPTED IN 9 TRIES, (AVG 539403.7777777778)
[1, 4, 10, 23, 57, 132, 301, 701, 1636, 3826, 9071, 21656]...: 4856284: ACCEPTED IN 9 TRIES, (AVG 539587.1111111111)
[1, 4, 10, 23, 57, 132, 301, 701, 1636, 3826, 9071, 21658]...: 4856306: ACCEPTED IN 9 TRIES, (AVG 539589.5555555555)
[1, 4, 10, 23, 57, 132, 301, 701, 1636, 3826, 9071, 21660]...: 5396292: ACCEPTED IN 10 TRIES, (AVG 539629.2)
[1, 4, 10, 23, 57, 132, 301, 701, 1636, 3826, 9071, 21661]...: 5394134: ACCEPTED IN 10 TRIES, (AVG 539413.4)
[1, 4, 10, 23, 57, 132, 301, 701, 1636, 3826, 9071, 21691]...: 5396323: ACCEPTED IN 10 TRIES, (AVG 539632.3)
[1, 4, 10, 23, 57, 132, 301, 701, 1636, 3826, 9071, 21695]...: 5396486: ACCEPTED IN 10 TRIES, (AVG 539648.6)
[1, 4, 10, 23, 57, 132, 301, 701, 1636, 3826, 9071, 21723]...: 3773216: ACCEPTED IN 7 TRIES, (AVG 539030.8571428572)
[1, 4, 10, 23, 57, 132, 301, 701, 1636, 3826, 9071, 21726]...: 3773033: ACCEPTED IN 7 TRIES, (AVG 539004.7142857143)
[1, 4, 10, 23, 57, 132, 301, 701, 1636, 3826, 9071, 21727]...: 8643931: ACCEPTED IN 16 TRIES, (AVG 540245.6875)
[1, 4, 10, 23, 57, 132, 301, 701, 1636, 3826, 9071, 21728]...: 4314426: ACCEPTED IN 8 TRIES, (AVG 539303.25)
[1, 4, 10, 23, 57, 132, 301, 701, 1636, 3826, 9071, 21757]...: 5393351: ACCEPTED IN 10 TRIES, (AVG 539335.1)
[1, 4, 10, 23, 57, 132, 301, 701, 1636, 3826, 9071, 21758]...: 5395949: ACCEPTED IN 10 TRIES, (AVG 539594.9)
[1, 4, 10, 23, 57, 132, 301, 701, 1636, 3826, 9071, 21759]...: 8101424: ACCEPTED IN 15 TRIES, (AVG 540094.9333333333)
[1, 4, 10, 23, 57, 132, 301, 701, 1636, 3826, 9071, 21760]...: 4854935: ACCEPTED IN 9 TRIES, (AVG 539437.2222222222)
[1, 4, 10, 23, 57, 132, 301, 701, 1636, 3826, 9071, 21762]...: 5395083: ACCEPTED IN 10 TRIES, (AVG 539508.3)
