[1, 4, 10, 23, 57, 132, 301, 701, 1636, 3882, 8931, 19653]...: 15137252: ACCEPTED IN 28 TRIES, (AVG 540616.1428571428)
[1, 4, 10, 23, 57, 132, 301, 701, 1636, 3882, 8931, 19711]...: 9185130: ACCEPTED IN 17 TRIES, (AVG 540301.7647058824)
[1, 4, 10, 23, 57, 132, 301, 701, 1636, 3882, 8931, 19744]...: 11347715: ACCEPTED IN 21 TRIES, (AVG 540367.380952381)
[1, 4, 10, 23, 57, 132, 301, 701, 1636, 3882, 8931, 19748]...: 10808808: ACCEPTED IN 20 TRIES, (AVG 540440.4)
[1, 4, 10, 23, 57, 132, 301, 701, 1636, 3882, 8931, 19785]...: 10266722: ACCEPTED IN 19 TRIES, (AVG 540353.7894736842)
[1, 4, 10, 23, 57, 132, 301, 701, 1636, 3882, 8931, 19843]...: 11889149: ACCEPTED IN 22 TRIES, (AVG 540415.8636363636)
[1, 4, 10, 23, 57, 132, 301, 701, 1636, 3882, 8931, 19880]...: 11890033: ACCEPTED IN 22 TRIES, (AVG 540456.0454545454)
[1, 4, 10, 23, 57, 132, 301, 701, 1636, 3882, 8931, 19917]...: 24876967: ACCEPTED IN 46 TRIES, (AVG 540803.6304347826)
[1, 4, 10, 23, 57, 132, 301, 701, 1636, 3882, 8931, 20012]...: 5397256: ACCEPTED IN 10 TRIES, (AVG 539725.6)
[1, 4, 10, 23, 57, 132, 301, 701, 1636, 3882, 8931, 20049]...: 9725374: ACCEPTED IN 18 TRIES, (AVG 540298.5555555555)
[1, 4, 10, 23, 57, 132, 301, 701, 1636, 3882, 8931, 20144]...: 12432302: ACCEPTED IN 23 TRIES, (AVG 540534.8695652174)
[1, 4, 10, 23, 57, 132, 301, 701, 1636, 3882, 8931, 20181]...: 3232220: ACCEPTED IN 6 TRIES, (AVG 538703.3333333334)
[1, 4, 10, 23, 57, 132, 301, 701, 1636, 3882, 8931, 20313]...: 10267694: ACCEPTED IN 19 TRIES, (AVG 540404.947368421)
[1, 4, 10, 23, 57, 132, 301, 701, 1636, 3882, 8931, 20445]...: 12972868: ACCEPTED IN 24 TRIES, (AVG 540536.1666666666)
