[1, 4, 10, 23, 57, 132, 301, 701, 1636, 3882, 8776, 19336]...: 537514: ACCEPTED IN 1 TRIES, (AVG 537514.0)
[1, 4, 10, 23, 57, 132, 301, 701, 1636, 3882, 8776, 19341]...: 2694691: ACCEPTED IN 5 TRIES, (AVG 538938.2)
[1, 4, 10, 23, 57, 132, 301, 701, 1636, 3882, 8776, 19374]...: 1616597: ACCEPTED IN 3 TRIES, (AVG 538865.6666666666)
[1, 4, 10, 23, 57, 132, 301, 701, 1636, 3882, 8776, 19399]...: 2156150: ACCEPTED IN 4 TRIES, (AVG 539037.5)
[1, 4, 10, 23, 57, 132, 301, 701, 1636, 3882, 8776, 19400]...: 1076411: ACCEPTED IN 2 TRIES, (AVG 538205.5)
[1, 4, 10, 23, 57, 132, 301, 701, 1636, 3882, 8776, 19408]...: 1075341: ACCEPTED IN 2 TRIES, (AVG 537670.5)
[1, 4, 10, 23, 57, 132, 301, 701, 1636, 3882, 8776, 19433]...: 1076161: ACCEPTED IN 2 TRIES, (AVG 538080.5)
[1, 4, 10, 23, 57, 132, 301, 701, 1636, 3882, 8776, 19435]...: 537536: ACCEPTED IN 1 TRIES, (AVG 537536.0)
[1, 4, 10, 23, 57, 132, 301, 701, 1636, 3882, 8776, 19436]...: 1077001: ACCEPTED IN 2 TRIES, (AVG 538500.5)
[1, 4, 10, 23, 57, 132, 301, 701, 1636, 3882, 8776, 19438]...: 1076469: ACCEPTED IN 2 TRIES, (AVG 538234.5)
[1, 4, 10, 23, 57, 132, 301, 701, 1636, 3882, 8776, 19439]...: 537469: ACCEPTED IN 1 TRIES, (AVG 537469.0)
[1, 4, 10, 23, 57, 132, 301, 701, 1636, 3882, 8776, 19465]...: 1076009: ACCEPTED IN 2 TRIES, (AVG 538004.5)
[1, 4, 10, 23, 57, 132, 301, 701, 1636, 3882, 8776, 19466]...: 2693515: ACCEPTED IN 5 TRIES, (AVG 538703.0)
[1, 4, 10, 23, 57, 132, 301, 701, 1636, 3882, 8776, 19468]...: 2155909: ACCEPTED IN 4 TRIES, (AVG 538977.25)
[1, 4, 10, 23, 57, 132, 301, 701, 1636, 3882, 8776, 19471]...: 4314560: ACCEPTED IN 8 TRIES, (AVG 539320.0)
[1, 4, 10, 23, 57, 132, 301, 701, 1636, 3882, 8776, 19475]...: 1077056: ACCEPTED IN 2 TRIES, (AVG 538528.0)
[1, 4, 10, 23, 57, 132, 301, 701, 1636, 3882, 8776, 19505]...: 1075762: ACCEPTED IN 2 TRIES, (AVG 537881.0)
[1, 4, 10, 23, 57, 132, 301, 701, 1636, 3882, 8776, 19506]...: 1077074: ACCEPTED IN 2 TRIES, (AVG 538537.0)
[1, 4, 10, 23, 57, 132, 301, 701, 1636, 3882, 8776, 19507]...: 1076202: ACCEPTED IN 2 TRIES, (AVG 538101.0)
[1, 4, 10, 23, 57, 132, 301, 701, 1636, 3882, 8776, 19532]...: 536872: ACCEPTED IN 1 TRIES, (AVG 536872.0)
[1, 4, 10, 23, 57, 132, 301, 701, 1636, 3882, 8776, 19534]...: 1075378: ACCEPTED IN 2 TRIES, (AVG 537689.0)
[1, 4, 10, 23, 57, 132, 301, 701, 1636, 3882, 8776, 19536]...: 1077022: ACCEPTED IN 2 TRIES, (AVG 538511.0)
[1, 4, 10, 23, 57, 132, 301, 701, 1636, 3882, 8776, 19538]...: 1076654: ACCEPTED IN 2 TRIES, (AVG 538327.0)
[1, 4, 10, 23, 57, 132, 301, 701, 1636, 3882, 8776, 19543]...: 1075869: ACCEPTED IN 2 TRIES, (AVG 537934.5)
[1, 4, 10, 23, 57, 132, 301, 701, 1636, 3882, 8776, 19570]...: 2155944: ACCEPTED IN 4 TRIES, (AVG 538986.0)
[1, 4, 10, 23, 57, 132, 301, 701, 1636, 3882, 8776, 19571]...: 537502: ACCEPTED IN 1 TRIES, (AVG 537502.0)
[1, 4, 10, 23, 57, 132, 301, 701, 1636, 3882, 8776, 19574]...: 1076653: ACCEPTED IN 2 TRIES, (AVG 538326.5)
[1, 4, 10, 23, 57, 132, 301, 701, 1636, 3882, 8776, 19600]...: 1076775: ACCEPTED IN 2 TRIES, (AVG 538387.5)
[1, 4, 10, 23, 57, 132, 301, 701, 1636, 3882, 8776, 19605]...: 2694327: ACCEPTED IN 5 TRIES, (AVG 538865.4)
[1, 4, 10, 23, 57, 132, 301, 701, 1636, 3882, 8776, 19636]...: 1074674: ACCEPTED IN 2 TRIES, (AVG 537337.0)
[1, 4, 10, 23, 57, 132, 301, 701, 1636, 3882, 8776, 19637]...: 3234356: ACCEPTED IN 6 TRIES, (AVG 539059.3333333334)
[1, 4, 10, 23, 57, 132, 301, 701, 1636, 3882, 8776, 19666]...: 1076882: ACCEPTED IN 2 TRIES, (AVG 538441.0)
[1, 4, 10, 23, 57, 132, 301, 701, 1636, 3882, 8776, 19667]...: 1075435: ACCEPTED IN 2 TRIES, (AVG 537717.5)
[1, 4, 10, 23, 57, 132, 301, 701, 1636, 3882, 8776, 19671]...: 1076036: ACCEPTED IN 2 TRIES, (AVG 538018.0)
[1, 4, 10, 23, 57, 132, 301, 701, 1636, 3882, 8776, 19673]...: 537533: ACCEPTED IN 1 TRIES, (AVG 537533.0)
[1, 4, 10, 23, 57, 132, 301, 701, 1636, 3882, 8776, 19679]...: 2156317: ACCEPTED IN 4 TRIES, (AVG 539079.25)
[1, 4, 10, 23, 57, 132, 301, 701, 1636, 3882, 8776, 19703]...: 1075972: ACCEPTED IN 2 TRIES, (AVG 537986.0)
[1, 4, 10, 23, 57, 132, 301, 701, 1636, 3882, 8776, 19704]...: 1076765: ACCEPTED IN 2 TRIES, (AVG 538382.5)
[1, 4, 10, 23, 57, 132, 301, 701, 1636, 3882, 8776, 19709]...: 1076541: ACCEPTED IN 2 TRIES, (AVG 538270.5)
[1, 4, 10, 23, 57, 132, 301, 701, 1636, 3882, 8776, 19734]...: 1075325: ACCEPTED IN 2 TRIES, (AVG 537662.5)
[1, 4, 10, 23, 57, 132, 301, 701, 1636, 3882, 8776, 19736]...: 1075707: ACCEPTED IN 2 TRIES, (AVG 537853.5)
[1, 4, 10, 23, 57, 132, 301, 701, 1636, 3882, 8776, 19737]...: 1076664: ACCEPTED IN 2 TRIES, (AVG 538332.0)
[1, 4, 10, 23, 57, 132, 301, 701, 1636, 3882, 8776, 19738]...: 1076704: ACCEPTED IN 2 TRIES, (AVG 538352.0)
[1, 4, 10, 23, 57, 132, 301, 701, 1636, 3882, 8776, 19739]...: 1076273: ACCEPTED IN 2 TRIES, (AVG 538136.5)
[1, 4, 10, 23, 57, 132, 301, 701, 1636, 3882, 8776, 19741]...: 537171: ACCEPTED IN 1 TRIES, (AVG 537171.0)
[1, 4, 10, 23, 57, 132, 301, 701, 1636, 3882, 8776, 19772]...: 2694652: ACCEPTED IN 5 TRIES, (AVG 538930.4)
[1, 4, 10, 23, 57, 132, 301, 701, 1636, 3882, 8776, 19804]...: 536470: ACCEPTED IN 1 TRIES, (AVG 536470.0)
[1, 4, 10, 23, 57, 132, 301, 701, 1636, 3882, 8776, 19805]...: 537258: ACCEPTED IN 1 TRIES, (AVG 537258.0)
[1, 4, 10, 23, 57, 132, 301, 701, 1636, 3882, 8776, 19808]...: 1075103: ACCEPTED IN 2 TRIES, (AVG 537551.5)
[1, 4, 10, 23, 57, 132, 301, 701, 1636, 3882, 8776, 19811]...: 1076516: ACCEPTED IN 2 TRIES, (AVG 538258.0)
[1, 4, 10, 23, 57, 132, 301, 701, 1636, 3882, 8776, 19832]...: 1073732: ACCEPTED IN 2 TRIES, (AVG 536866.0)
[1, 4, 10, 23, 57, 132, 301, 701, 1636, 3882, 8776, 19833]...: 1076785: ACCEPTED IN 2 TRIES, (AVG 538392.5)
[1, 4, 10, 23, 57, 132, 301, 701, 1636, 3882, 8776, 19838]...: 2155963: ACCEPTED IN 4 TRIES, (AVG 538990.75)
[1, 4, 10, 23, 57, 132, 301, 701, 1636, 3882, 8776, 19840]...: 2155762: ACCEPTED IN 4 TRIES, (AVG 538940.5)
[1, 4, 10, 23, 57, 132, 301, 701, 1636, 3882, 8776, 19841]...: 2155502: ACCEPTED IN 4 TRIES, (AVG 538875.5)
[1, 4, 10, 23, 57, 132, 301, 701, 1636, 3882, 8776, 19866]...: 3234837: ACCEPTED IN 6 TRIES, (AVG 539139.5)
[1, 4, 10, 23, 57, 132, 301, 701, 1636, 3882, 8776, 19868]...: 2155792: ACCEPTED IN 4 TRIES, (AVG 538948.0)
[1, 4, 10, 23, 57, 132, 301, 701, 1636, 3882, 8776, 19869]...: 537029: ACCEPTED IN 1 TRIES, (AVG 537029.0)
[1, 4, 10, 23, 57, 132, 301, 701, 1636, 3882, 8776, 19870]...: 1075160: ACCEPTED IN 2 TRIES, (AVG 537580.0)
[1, 4, 10, 23, 57, 132, 301, 701, 1636, 3882, 8776, 19871]...: 536806: ACCEPTED IN 1 TRIES, (AVG 536806.0)
[1, 4, 10, 23, 57, 132, 301, 701, 1636, 3882, 8776, 19873]...: 3774162: ACCEPTED IN 7 TRIES, (AVG 539166.0)
[1, 4, 10, 23, 57, 132, 301, 701, 1636, 3882, 8776, 19900]...: 1075656: ACCEPTED IN 2 TRIES, (AVG 537828.0)
[1, 4, 10, 23, 57, 132, 301, 701, 1636, 3882, 8776, 19903]...: 2695686: ACCEPTED IN 5 TRIES, (AVG 539137.2)
[1, 4, 10, 23, 57, 132, 301, 701, 1636, 3882, 8776, 19907]...: 2695784: ACCEPTED IN 5 TRIES, (AVG 539156.8)
[1, 4, 10, 23, 57, 132, 301, 701, 1636, 3882, 8776, 19908]...: 2695699: ACCEPTED IN 5 TRIES, (AVG 539139.8)
[1, 4, 10, 23, 57, 132, 301, 701, 1636, 3882, 8776, 19936]...: 536164: ACCEPTED IN 1 TRIES, (AVG 536164.0)
[1, 4, 10, 23, 57, 132, 301, 701, 1636, 3882, 8776, 19937]...: 2695818: ACCEPTED IN 5 TRIES, (AVG 539163.6)
[1, 4, 10, 23, 57, 132, 301, 701, 1636, 3882, 8776, 19939]...: 4314079: ACCEPTED IN 8 TRIES, (AVG 539259.875)
[1, 4, 10, 23, 57, 132, 301, 701, 1636, 3882, 8776, 19940]...: 2694388: ACCEPTED IN 5 TRIES, (AVG 538877.6)
[1, 4, 10, 23, 57, 132, 301, 701, 1636, 3882, 8776, 19942]...: 2155258: ACCEPTED IN 4 TRIES, (AVG 538814.5)
[1, 4, 10, 23, 57, 132, 301, 701, 1636, 3882, 8776, 19964]...: 1076947: ACCEPTED IN 2 TRIES, (AVG 538473.5)
[1, 4, 10, 23, 57, 132, 301, 701, 1636, 3882, 8776, 19968]...: 1075254: ACCEPTED IN 2 TRIES, (AVG 537627.0)
[1, 4, 10, 23, 57, 132, 301, 701, 1636, 3882, 8776, 19969]...: 1076324: ACCEPTED IN 2 TRIES, (AVG 538162.0)
[1, 4, 10, 23, 57, 132, 301, 701, 1636, 3882, 8776, 19972]...: 2154920: ACCEPTED IN 4 TRIES, (AVG 538730.0)
[1, 4, 10, 23, 57, 132, 301, 701, 1636, 3882, 8776, 19973]...: 1077093: ACCEPTED IN 2 TRIES, (AVG 538546.5)
[1, 4, 10, 23, 57, 132, 301, 701, 1636, 3882, 8776, 19980]...: 1076740: ACCEPTED IN 2 TRIES, (AVG 538370.0)
[1, 4, 10, 23, 57, 132, 301, 701, 1636, 3882, 8776, 20002]...: 1074404: ACCEPTED IN 2 TRIES, (AVG 537202.0)
[1, 4, 10, 23, 57, 132, 301, 701, 1636, 3882, 8776, 20005]...: 1073987: ACCEPTED IN 2 TRIES, (AVG 536993.5)
[1, 4, 10, 23, 57, 132, 301, 701, 1636, 3882, 8776, 20006]...: 1075897: ACCEPTED IN 2 TRIES, (AVG 537948.5)
[1, 4, 10, 23, 57, 132, 301, 701, 1636, 3882, 8776, 20034]...: 1076645: ACCEPTED IN 2 TRIES, (AVG 538322.5)
[1, 4, 10, 23, 57, 132, 301, 701, 1636, 3882, 8776, 20035]...: 1077061: ACCEPTED IN 2 TRIES, (AVG 538530.5)
[1, 4, 10, 23, 57, 132, 301, 701, 1636, 3882, 8776, 20038]...: 1076874: ACCEPTED IN 2 TRIES, (AVG 538437.0)
[1, 4, 10, 23, 57, 132, 301, 701, 1636, 3882, 8776, 20067]...: 1616723: ACCEPTED IN 3 TRIES, (AVG 538907.6666666666)
[1, 4, 10, 23, 57, 132, 301, 701, 1636, 3882, 8776, 20069]...: 1076617: ACCEPTED IN 2 TRIES, (AVG 538308.5)
[1, 4, 10, 23, 57, 132, 301, 701, 1636, 3882, 8776, 20072]...: 2155599: ACCEPTED IN 4 TRIES, (AVG 538899.75)
[1, 4, 10, 23, 57, 132, 301, 701, 1636, 3882, 8776, 20074]...: 2155391: ACCEPTED IN 4 TRIES, (AVG 538847.75)
[1, 4, 10, 23, 57, 132, 301, 701, 1636, 3882, 8776, 20100]...: 1077092: ACCEPTED IN 2 TRIES, (AVG 538546.0)
[1, 4, 10, 23, 57, 132, 301, 701, 1636, 3882, 8776, 20101]...: 2155997: ACCEPTED IN 4 TRIES, (AVG 538999.25)
[1, 4, 10, 23, 57, 132, 301, 701, 1636, 3882, 8776, 20105]...: 537216: ACCEPTED IN 1 TRIES, (AVG 537216.0)
[1, 4, 10, 23, 57, 132, 301, 701, 1636, 3882, 8776, 20109]...: 2695330: ACCEPTED IN 5 TRIES, (AVG 539066.0)
[1, 4, 10, 23, 57, 132, 301, 701, 1636, 3882, 8776, 20112]...: 1077113: ACCEPTED IN 2 TRIES, (AVG 538556.5)
[1, 4, 10, 23, 57, 132, 301, 701, 1636, 3882, 8776, 20139]...: 1616248: ACCEPTED IN 3 TRIES, (AVG 538749.3333333334)
[1, 4, 10, 23, 57, 132, 301, 701, 1636, 3882, 8776, 20142]...: 1076084: ACCEPTED IN 2 TRIES, (AVG 538042.0)
[1, 4, 10, 23, 57, 132, 301, 701, 1636, 3882, 8776, 20166]...: 1074269: ACCEPTED IN 2 TRIES, (AVG 537134.5)
[1, 4, 10, 23, 57, 132, 301, 701, 1636, 3882, 8776, 20173]...: 537431: ACCEPTED IN 1 TRIES, (AVG 537431.0)
[1, 4, 10, 23, 57, 132, 301, 701, 1636, 3882, 8776, 20174]...: 1076693: ACCEPTED IN 2 TRIES, (AVG 538346.5)
[1, 4, 10, 23, 57, 132, 301, 701, 1636, 3882, 8776, 20202]...: 537259: ACCEPTED IN 1 TRIES, (AVG 537259.0)
[1, 4, 10, 23, 57, 132, 301, 701, 1636, 3882, 8776, 20203]...: 1076441: ACCEPTED IN 2 TRIES, (AVG 538220.5)
[1, 4, 10, 23, 57, 132, 301, 701, 1636, 3882, 8776, 20205]...: 537341: ACCEPTED IN 1 TRIES, (AVG 537341.0)
[1, 4, 10, 23, 57, 132, 301, 701, 1636, 3882, 8776, 20235]...: 1075635: ACCEPTED IN 2 TRIES, (AVG 537817.5)
[1, 4, 10, 23, 57, 132, 301, 701, 1636, 3882, 8776, 20236]...: 2695117: ACCEPTED IN 5 TRIES, (AVG 539023.4)
[1, 4, 10, 23, 57, 132, 301, 701, 1636, 3882, 8776, 20237]...: 2156200: ACCEPTED IN 4 TRIES, (AVG 539050.0)
[1, 4, 10, 23, 57, 132, 301, 701, 1636, 3882, 8776, 20241]...: 1077119: ACCEPTED IN 2 TRIES, (AVG 538559.5)
[1, 4, 10, 23, 57, 132, 301, 701, 1636, 3882, 8776, 20243]...: 2693201: ACCEPTED IN 5 TRIES, (AVG 538640.2)
[1, 4, 10, 23, 57, 132, 301, 701, 1636, 3882, 8776, 20244]...: 2155943: ACCEPTED IN 4 TRIES, (AVG 538985.75)
[1, 4, 10, 23, 57, 132, 301, 701, 1636, 3882, 8776, 20269]...: 1076073: ACCEPTED IN 2 TRIES, (AVG 538036.5)
[1, 4, 10, 23, 57, 132, 301, 701, 1636, 3882, 8776, 20270]...: 1076741: ACCEPTED IN 2 TRIES, (AVG 538370.5)
[1, 4, 10, 23, 57, 132, 301, 701, 1636, 3882, 8776, 20271]...: 1075072: ACCEPTED IN 2 TRIES, (AVG 537536.0)
[1, 4, 10, 23, 57, 132, 301, 701, 1636, 3882, 8776, 20274]...: 535771: ACCEPTED IN 1 TRIES, (AVG 535771.0)
[1, 4, 10, 23, 57, 132, 301, 701, 1636, 3882, 8776, 20275]...: 1075799: ACCEPTED IN 2 TRIES, (AVG 537899.5)
[1, 4, 10, 23, 57, 132, 301, 701, 1636, 3882, 8776, 20302]...: 1076770: ACCEPTED IN 2 TRIES, (AVG 538385.0)
[1, 4, 10, 23, 57, 132, 301, 701, 1636, 3882, 8776, 20303]...: 537098: ACCEPTED IN 1 TRIES, (AVG 537098.0)
[1, 4, 10, 23, 57, 132, 301, 701, 1636, 3882, 8776, 20306]...: 1075937: ACCEPTED IN 2 TRIES, (AVG 537968.5)
[1, 4, 10, 23, 57, 132, 301, 701, 1636, 3882, 8776, 20307]...: 1076740: ACCEPTED IN 2 TRIES, (AVG 538370.0)
[1, 4, 10, 23, 57, 132, 301, 701, 1636, 3882, 8776, 20333]...: 4314403: ACCEPTED IN 8 TRIES, (AVG 539300.375)
[1, 4, 10, 23, 57, 132, 301, 701, 1636, 3882, 8776, 20334]...: 2695898: ACCEPTED IN 5 TRIES, (AVG 539179.6)
[1, 4, 10, 23, 57, 132, 301, 701, 1636, 3882, 8776, 20336]...: 1075096: ACCEPTED IN 2 TRIES, (AVG 537548.0)
[1, 4, 10, 23, 57, 132, 301, 701, 1636, 3882, 8776, 20337]...: 1076403: ACCEPTED IN 2 TRIES, (AVG 538201.5)
[1, 4, 10, 23, 57, 132, 301, 701, 1636, 3882, 8776, 20339]...: 2694860: ACCEPTED IN 5 TRIES, (AVG 538972.0)
[1, 4, 10, 23, 57, 132, 301, 701, 1636, 3882, 8776, 20340]...: 2694098: ACCEPTED IN 5 TRIES, (AVG 538819.6)
[1, 4, 10, 23, 57, 132, 301, 701, 1636, 3882, 8776, 20343]...: 1077078: ACCEPTED IN 2 TRIES, (AVG 538539.0)
[1, 4, 10, 23, 57, 132, 301, 701, 1636, 3882, 8776, 20368]...: 1076134: ACCEPTED IN 2 TRIES, (AVG 538067.0)
[1, 4, 10, 23, 57, 132, 301, 701, 1636, 3882, 8776, 20369]...: 1074875: ACCEPTED IN 2 TRIES, (AVG 537437.5)
[1, 4, 10, 23, 57, 132, 301, 701, 1636, 3882, 8776, 20370]...: 536548: ACCEPTED IN 1 TRIES, (AVG 536548.0)
[1, 4, 10, 23, 57, 132, 301, 701, 1636, 3882, 8776, 20373]...: 2695262: ACCEPTED IN 5 TRIES, (AVG 539052.4)
[1, 4, 10, 23, 57, 132, 301, 701, 1636, 3882, 8776, 20374]...: 2155858: ACCEPTED IN 4 TRIES, (AVG 538964.5)
[1, 4, 10, 23, 57, 132, 301, 701, 1636, 3882, 8776, 20376]...: 2152540: ACCEPTED IN 4 TRIES, (AVG 538135.0)
[1, 4, 10, 23, 57, 132, 301, 701, 1636, 3882, 8776, 20400]...: 2694009: ACCEPTED IN 5 TRIES, (AVG 538801.8)
[1, 4, 10, 23, 57, 132, 301, 701, 1636, 3882, 8776, 20401]...: 537494: ACCEPTED IN 1 TRIES, (AVG 537494.0)
[1, 4, 10, 23, 57, 132, 301, 701, 1636, 3882, 8776, 20410]...: 536948: ACCEPTED IN 1 TRIES, (AVG 536948.0)
[1, 4, 10, 23, 57, 132, 301, 701, 1636, 3882, 8776, 20434]...: 2695814: ACCEPTED IN 5 TRIES, (AVG 539162.8)
[1, 4, 10, 23, 57, 132, 301, 701, 1636, 3882, 8776, 20437]...: 1075398: ACCEPTED IN 2 TRIES, (AVG 537699.0)
[1, 4, 10, 23, 57, 132, 301, 701, 1636, 3882, 8776, 20438]...: 1076166: ACCEPTED IN 2 TRIES, (AVG 538083.0)
[1, 4, 10, 23, 57, 132, 301, 701, 1636, 3882, 8776, 20439]...: 1075354: ACCEPTED IN 2 TRIES, (AVG 537677.0)
[1, 4, 10, 23, 57, 132, 301, 701, 1636, 3882, 8776, 20440]...: 3774630: ACCEPTED IN 7 TRIES, (AVG 539232.8571428572)
[1, 4, 10, 23, 57, 132, 301, 701, 1636, 3882, 8776, 20442]...: 1076912: ACCEPTED IN 2 TRIES, (AVG 538456.0)
[1, 4, 10, 23, 57, 132, 301, 701, 1636, 3882, 8776, 20466]...: 3235124: ACCEPTED IN 6 TRIES, (AVG 539187.3333333334)
[1, 4, 10, 23, 57, 132, 301, 701, 1636, 3882, 8776, 20469]...: 2694522: ACCEPTED IN 5 TRIES, (AVG 538904.4)
[1, 4, 10, 23, 57, 132, 301, 701, 1636, 3882, 8776, 20470]...: 1076789: ACCEPTED IN 2 TRIES, (AVG 538394.5)
[1, 4, 10, 23, 57, 132, 301, 701, 1636, 3882, 8776, 20471]...: 1076539: ACCEPTED IN 2 TRIES, (AVG 538269.5)
[1, 4, 10, 23, 57, 132, 301, 701, 1636, 3882, 8776, 20473]...: 2694733: ACCEPTED IN 5 TRIES, (AVG 538946.6)
[1, 4, 10, 23, 57, 132, 301, 701, 1636, 3882, 8776, 20475]...: 1075658: ACCEPTED IN 2 TRIES, (AVG 537829.0)
[1, 4, 10, 23, 57, 132, 301, 701, 1636, 3882, 8776, 20477]...: 2694654: ACCEPTED IN 5 TRIES, (AVG 538930.8)
[1, 4, 10, 23, 57, 132, 301, 701, 1636, 3882, 8776, 20499]...: 1076997: ACCEPTED IN 2 TRIES, (AVG 538498.5)
[1, 4, 10, 23, 57, 132, 301, 701, 1636, 3882, 8776, 20503]...: 2154549: ACCEPTED IN 4 TRIES, (AVG 538637.25)
[1, 4, 10, 23, 57, 132, 301, 701, 1636, 3882, 8776, 20504]...: 1076319: ACCEPTED IN 2 TRIES, (AVG 538159.5)
[1, 4, 10, 23, 57, 132, 301, 701, 1636, 3882, 8776, 20505]...: 1076900: ACCEPTED IN 2 TRIES, (AVG 538450.0)
[1, 4, 10, 23, 57, 132, 301, 701, 1636, 3882, 8776, 20507]...: 2694571: ACCEPTED IN 5 TRIES, (AVG 538914.2)
[1, 4, 10, 23, 57, 132, 301, 701, 1636, 3882, 8776, 20508]...: 2695108: ACCEPTED IN 5 TRIES, (AVG 539021.6)
[1, 4, 10, 23, 57, 132, 301, 701, 1636, 3882, 8776, 20509]...: 1076571: ACCEPTED IN 2 TRIES, (AVG 538285.5)
[1, 4, 10, 23, 57, 132, 301, 701, 1636, 3882, 8776, 20534]...: 537213: ACCEPTED IN 1 TRIES, (AVG 537213.0)
[1, 4, 10, 23, 57, 132, 301, 701, 1636, 3882, 8776, 20537]...: 537104: ACCEPTED IN 1 TRIES, (AVG 537104.0)
[1, 4, 10, 23, 57, 132, 301, 701, 1636, 3882, 8776, 20567]...: 537243: ACCEPTED IN 1 TRIES, (AVG 537243.0)
[1, 4, 10, 23, 57, 132, 301, 701, 1636, 3882, 8776, 20569]...: 537315: ACCEPTED IN 1 TRIES, (AVG 537315.0)
[1, 4, 10, 23, 57, 132, 301, 701, 1636, 3882, 8776, 20571]...: 1076873: ACCEPTED IN 2 TRIES, (AVG 538436.5)
[1, 4, 10, 23, 57, 132, 301, 701, 1636, 3882, 8776, 20572]...: 1614839: ACCEPTED IN 3 TRIES, (AVG 538279.6666666666)
[1, 4, 10, 23, 57, 132, 301, 701, 1636, 3882, 8776, 20573]...: 2694457: ACCEPTED IN 5 TRIES, (AVG 538891.4)
[1, 4, 10, 23, 57, 132, 301, 701, 1636, 3882, 8776, 20574]...: 3773873: ACCEPTED IN 7 TRIES, (AVG 539124.7142857143)
[1, 4, 10, 23, 57, 132, 301, 701, 1636, 3882, 8776, 20603]...: 1077060: ACCEPTED IN 2 TRIES, (AVG 538530.0)
[1, 4, 10, 23, 57, 132, 301, 701, 1636, 3882, 8776, 20604]...: 3235112: ACCEPTED IN 6 TRIES, (AVG 539185.3333333334)
[1, 4, 10, 23, 57, 132, 301, 701, 1636, 3882, 8776, 20607]...: 1077073: ACCEPTED IN 2 TRIES, (AVG 538536.5)
[1, 4, 10, 23, 57, 132, 301, 701, 1636, 3882, 8776, 20609]...: 1076774: ACCEPTED IN 2 TRIES, (AVG 538387.0)
[1, 4, 10, 23, 57, 132, 301, 701, 1636, 3882, 8776, 20634]...: 1615914: ACCEPTED IN 3 TRIES, (AVG 538638.0)
[1, 4, 10, 23, 57, 132, 301, 701, 1636, 3882, 8776, 20635]...: 537231: ACCEPTED IN 1 TRIES, (AVG 537231.0)
[1, 4, 10, 23, 57, 132, 301, 701, 1636, 3882, 8776, 20637]...: 1076118: ACCEPTED IN 2 TRIES, (AVG 538059.0)
[1, 4, 10, 23, 57, 132, 301, 701, 1636, 3882, 8776, 20639]...: 1076892: ACCEPTED IN 2 TRIES, (AVG 538446.0)
[1, 4, 10, 23, 57, 132, 301, 701, 1636, 3882, 8776, 20644]...: 1076905: ACCEPTED IN 2 TRIES, (AVG 538452.5)
[1, 4, 10, 23, 57, 132, 301, 701, 1636, 3882, 8776, 20666]...: 2155880: ACCEPTED IN 4 TRIES, (AVG 538970.0)
[1, 4, 10, 23, 57, 132, 301, 701, 1636, 3882, 8776, 20670]...: 1076586: ACCEPTED IN 2 TRIES, (AVG 538293.0)
[1, 4, 10, 23, 57, 132, 301, 701, 1636, 3882, 8776, 20671]...: 1615841: ACCEPTED IN 3 TRIES, (AVG 538613.6666666666)
[1, 4, 10, 23, 57, 132, 301, 701, 1636, 3882, 8776, 20673]...: 1075851: ACCEPTED IN 2 TRIES, (AVG 537925.5)
[1, 4, 10, 23, 57, 132, 301, 701, 1636, 3882, 8776, 20674]...: 2155523: ACCEPTED IN 4 TRIES, (AVG 538880.75)
[1, 4, 10, 23, 57, 132, 301, 701, 1636, 3882, 8776, 20702]...: 537063: ACCEPTED IN 1 TRIES, (AVG 537063.0)
[1, 4, 10, 23, 57, 132, 301, 701, 1636, 3882, 8776, 20703]...: 537292: ACCEPTED IN 1 TRIES, (AVG 537292.0)
[1, 4, 10, 23, 57, 132, 301, 701, 1636, 3882, 8776, 20705]...: 2156205: ACCEPTED IN 4 TRIES, (AVG 539051.25)
[1, 4, 10, 23, 57, 132, 301, 701, 1636, 3882, 8776, 20711]...: 1075151: ACCEPTED IN 2 TRIES, (AVG 537575.5)
[1, 4, 10, 23, 57, 132, 301, 701, 1636, 3882, 8776, 20733]...: 4854191: ACCEPTED IN 9 TRIES, (AVG 539354.5555555555)
[1, 4, 10, 23, 57, 132, 301, 701, 1636, 3882, 8776, 20738]...: 1076063: ACCEPTED IN 2 TRIES, (AVG 538031.5)
[1, 4, 10, 23, 57, 132, 301, 701, 1636, 3882, 8776, 20739]...: 1076778: ACCEPTED IN 2 TRIES, (AVG 538389.0)
[1, 4, 10, 23, 57, 132, 301, 701, 1636, 3882, 8776, 20740]...: 2154590: ACCEPTED IN 4 TRIES, (AVG 538647.5)
[1, 4, 10, 23, 57, 132, 301, 701, 1636, 3882, 8776, 20742]...: 535697: ACCEPTED IN 1 TRIES, (AVG 535697.0)
[1, 4, 10, 23, 57, 132, 301, 701, 1636, 3882, 8776, 20767]...: 1076667: ACCEPTED IN 2 TRIES, (AVG 538333.5)
[1, 4, 10, 23, 57, 132, 301, 701, 1636, 3882, 8776, 20768]...: 535681: ACCEPTED IN 1 TRIES, (AVG 535681.0)
[1, 4, 10, 23, 57, 132, 301, 701, 1636, 3882, 8776, 20769]...: 3235442: ACCEPTED IN 6 TRIES, (AVG 539240.3333333334)
[1, 4, 10, 23, 57, 132, 301, 701, 1636, 3882, 8776, 20770]...: 2693943: ACCEPTED IN 5 TRIES, (AVG 538788.6)
[1, 4, 10, 23, 57, 132, 301, 701, 1636, 3882, 8776, 20801]...: 537046: ACCEPTED IN 1 TRIES, (AVG 537046.0)
[1, 4, 10, 23, 57, 132, 301, 701, 1636, 3882, 8776, 20805]...: 1615853: ACCEPTED IN 3 TRIES, (AVG 538617.6666666666)
[1, 4, 10, 23, 57, 132, 301, 701, 1636, 3882, 8776, 20807]...: 537137: ACCEPTED IN 1 TRIES, (AVG 537137.0)
[1, 4, 10, 23, 57, 132, 301, 701, 1636, 3882, 8776, 20810]...: 3233206: ACCEPTED IN 6 TRIES, (AVG 538867.6666666666)
[1, 4, 10, 23, 57, 132, 301, 701, 1636, 3882, 8776, 20837]...: 2695443: ACCEPTED IN 5 TRIES, (AVG 539088.6)
[1, 4, 10, 23, 57, 132, 301, 701, 1636, 3882, 8776, 20842]...: 537295: ACCEPTED IN 1 TRIES, (AVG 537295.0)
[1, 4, 10, 23, 57, 132, 301, 701, 1636, 3882, 8776, 20843]...: 537289: ACCEPTED IN 1 TRIES, (AVG 537289.0)
[1, 4, 10, 23, 57, 132, 301, 701, 1636, 3882, 8776, 20867]...: 3231690: ACCEPTED IN 6 TRIES, (AVG 538615.0)
[1, 4, 10, 23, 57, 132, 301, 701, 1636, 3882, 8776, 20870]...: 2695839: ACCEPTED IN 5 TRIES, (AVG 539167.8)
[1, 4, 10, 23, 57, 132, 301, 701, 1636, 3882, 8776, 20871]...: 1076702: ACCEPTED IN 2 TRIES, (AVG 538351.0)
[1, 4, 10, 23, 57, 132, 301, 701, 1636, 3882, 8776, 20872]...: 537560: ACCEPTED IN 1 TRIES, (AVG 537560.0)
[1, 4, 10, 23, 57, 132, 301, 701, 1636, 3882, 8776, 20873]...: 3235203: ACCEPTED IN 6 TRIES, (AVG 539200.5)
[1, 4, 10, 23, 57, 132, 301, 701, 1636, 3882, 8776, 20874]...: 1076892: ACCEPTED IN 2 TRIES, (AVG 538446.0)
[1, 4, 10, 23, 57, 132, 301, 701, 1636, 3882, 8776, 20877]...: 2694239: ACCEPTED IN 5 TRIES, (AVG 538847.8)
[1, 4, 10, 23, 57, 132, 301, 701, 1636, 3882, 8776, 20903]...: 1075571: ACCEPTED IN 2 TRIES, (AVG 537785.5)
[1, 4, 10, 23, 57, 132, 301, 701, 1636, 3882, 8776, 20904]...: 1615826: ACCEPTED IN 3 TRIES, (AVG 538608.6666666666)
[1, 4, 10, 23, 57, 132, 301, 701, 1636, 3882, 8776, 20905]...: 1074352: ACCEPTED IN 2 TRIES, (AVG 537176.0)
[1, 4, 10, 23, 57, 132, 301, 701, 1636, 3882, 8776, 20907]...: 536661: ACCEPTED IN 1 TRIES, (AVG 536661.0)
[1, 4, 10, 23, 57, 132, 301, 701, 1636, 3882, 8776, 20908]...: 3235134: ACCEPTED IN 6 TRIES, (AVG 539189.0)
[1, 4, 10, 23, 57, 132, 301, 701, 1636, 3882, 8776, 20934]...: 2695224: ACCEPTED IN 5 TRIES, (AVG 539044.8)
[1, 4, 10, 23, 57, 132, 301, 701, 1636, 3882, 8776, 20936]...: 2154452: ACCEPTED IN 4 TRIES, (AVG 538613.0)
[1, 4, 10, 23, 57, 132, 301, 701, 1636, 3882, 8776, 20938]...: 1616597: ACCEPTED IN 3 TRIES, (AVG 538865.6666666666)
[1, 4, 10, 23, 57, 132, 301, 701, 1636, 3882, 8776, 20939]...: 1076949: ACCEPTED IN 2 TRIES, (AVG 538474.5)
[1, 4, 10, 23, 57, 132, 301, 701, 1636, 3882, 8776, 20940]...: 1616664: ACCEPTED IN 3 TRIES, (AVG 538888.0)
[1, 4, 10, 23, 57, 132, 301, 701, 1636, 3882, 8776, 20941]...: 1076797: ACCEPTED IN 2 TRIES, (AVG 538398.5)
[1, 4, 10, 23, 57, 132, 301, 701, 1636, 3882, 8776, 20942]...: 1076404: ACCEPTED IN 2 TRIES, (AVG 538202.0)
[1, 4, 10, 23, 57, 132, 301, 701, 1636, 3882, 8776, 20945]...: 536938: ACCEPTED IN 1 TRIES, (AVG 536938.0)
[1, 4, 10, 23, 57, 132, 301, 701, 1636, 3882, 8776, 20967]...: 2155704: ACCEPTED IN 4 TRIES, (AVG 538926.0)
[1, 4, 10, 23, 57, 132, 301, 701, 1636, 3882, 8776, 20969]...: 2156081: ACCEPTED IN 4 TRIES, (AVG 539020.25)
[1, 4, 10, 23, 57, 132, 301, 701, 1636, 3882, 8776, 20972]...: 535537: ACCEPTED IN 1 TRIES, (AVG 535537.0)
[1, 4, 10, 23, 57, 132, 301, 701, 1636, 3882, 8776, 20973]...: 1077019: ACCEPTED IN 2 TRIES, (AVG 538509.5)
[1, 4, 10, 23, 57, 132, 301, 701, 1636, 3882, 8776, 20975]...: 1074274: ACCEPTED IN 2 TRIES, (AVG 537137.0)
[1, 4, 10, 23, 57, 132, 301, 701, 1636, 3882, 8776, 20976]...: 2693204: ACCEPTED IN 5 TRIES, (AVG 538640.8)
[1, 4, 10, 23, 57, 132, 301, 701, 1636, 3882, 8776, 21002]...: 1076990: ACCEPTED IN 2 TRIES, (AVG 538495.0)
[1, 4, 10, 23, 57, 132, 301, 701, 1636, 3882, 8776, 21004]...: 536378: ACCEPTED IN 1 TRIES, (AVG 536378.0)
[1, 4, 10, 23, 57, 132, 301, 701, 1636, 3882, 8776, 21006]...: 1076664: ACCEPTED IN 2 TRIES, (AVG 538332.0)
[1, 4, 10, 23, 57, 132, 301, 701, 1636, 3882, 8776, 21007]...: 3235308: ACCEPTED IN 6 TRIES, (AVG 539218.0)
[1, 4, 10, 23, 57, 132, 301, 701, 1636, 3882, 8776, 21035]...: 1075598: ACCEPTED IN 2 TRIES, (AVG 537799.0)
[1, 4, 10, 23, 57, 132, 301, 701, 1636, 3882, 8776, 21036]...: 537310: ACCEPTED IN 1 TRIES, (AVG 537310.0)
[1, 4, 10, 23, 57, 132, 301, 701, 1636, 3882, 8776, 21038]...: 4854121: ACCEPTED IN 9 TRIES, (AVG 539346.7777777778)
[1, 4, 10, 23, 57, 132, 301, 701, 1636, 3882, 8776, 21039]...: 2695789: ACCEPTED IN 5 TRIES, (AVG 539157.8)
