[1, 4, 10, 23, 57, 132, 301, 701, 1636, 3820, 8959, 19710]...: 15678955: ACCEPTED IN 29 TRIES, (AVG 540653.6206896552)
[1, 4, 10, 23, 57, 132, 301, 701, 1636, 3820, 8959, 19743]...: 7020616: ACCEPTED IN 13 TRIES, (AVG 540047.3846153846)
[1, 4, 10, 23, 57, 132, 301, 701, 1636, 3820, 8959, 19744]...: 11890950: ACCEPTED IN 22 TRIES, (AVG 540497.7272727273)
[1, 4, 10, 23, 57, 132, 301, 701, 1636, 3820, 8959, 19777]...: 22711390: ACCEPTED IN 42 TRIES, (AVG 540747.380952381)
[1, 4, 10, 23, 57, 132, 301, 701, 1636, 3820, 8959, 19780]...: 12432068: ACCEPTED IN 23 TRIES, (AVG 540524.695652174)
[1, 4, 10, 23, 57, 132, 301, 701, 1636, 3820, 8959, 19809]...: 4315162: ACCEPTED IN 8 TRIES, (AVG 539395.25)
[1, 4, 10, 23, 57, 132, 301, 701, 1636, 3820, 8959, 19810]...: 15136856: ACCEPTED IN 28 TRIES, (AVG 540602.0)
[1, 4, 10, 23, 57, 132, 301, 701, 1636, 3820, 8959, 19832]...: 9725439: ACCEPTED IN 18 TRIES, (AVG 540302.1666666666)
[1, 4, 10, 23, 57, 132, 301, 701, 1636, 3820, 8959, 19842]...: 16760865: ACCEPTED IN 31 TRIES, (AVG 540673.0645161291)
[1, 4, 10, 23, 57, 132, 301, 701, 1636, 3820, 8959, 19843]...: 6478902: ACCEPTED IN 12 TRIES, (AVG 539908.5)
[1, 4, 10, 23, 57, 132, 301, 701, 1636, 3820, 8959, 19876]...: 10807916: ACCEPTED IN 20 TRIES, (AVG 540395.8)
[1, 4, 10, 23, 57, 132, 301, 701, 1636, 3820, 8959, 19879]...: 12430670: ACCEPTED IN 23 TRIES, (AVG 540463.9130434783)
[1, 4, 10, 23, 57, 132, 301, 701, 1636, 3820, 8959, 19909]...: 21090496: ACCEPTED IN 39 TRIES, (AVG 540781.9487179487)
[1, 4, 10, 23, 57, 132, 301, 701, 1636, 3820, 8959, 19912]...: 6478357: ACCEPTED IN 12 TRIES, (AVG 539863.0833333334)
[1, 4, 10, 23, 57, 132, 301, 701, 1636, 3820, 8959, 19941]...: 15678724: ACCEPTED IN 29 TRIES, (AVG 540645.6551724138)
[1, 4, 10, 23, 57, 132, 301, 701, 1636, 3820, 8959, 19946]...: 9183853: ACCEPTED IN 17 TRIES, (AVG 540226.6470588235)
[1, 4, 10, 23, 57, 132, 301, 701, 1636, 3820, 8959, 19975]...: 6478360: ACCEPTED IN 12 TRIES, (AVG 539863.3333333334)
[1, 4, 10, 23, 57, 132, 301, 701, 1636, 3820, 8959, 19977]...: 4855827: ACCEPTED IN 9 TRIES, (AVG 539536.3333333334)
[1, 4, 10, 23, 57, 132, 301, 701, 1636, 3820, 8959, 19978]...: 4314425: ACCEPTED IN 8 TRIES, (AVG 539303.125)
[1, 4, 10, 23, 57, 132, 301, 701, 1636, 3820, 8959, 20008]...: 7560976: ACCEPTED IN 14 TRIES, (AVG 540069.7142857143)
[1, 4, 10, 23, 57, 132, 301, 701, 1636, 3820, 8959, 20011]...: 5395554: ACCEPTED IN 10 TRIES, (AVG 539555.4)
[1, 4, 10, 23, 57, 132, 301, 701, 1636, 3820, 8959, 20044]...: 12973039: ACCEPTED IN 24 TRIES, (AVG 540543.2916666666)
[1, 4, 10, 23, 57, 132, 301, 701, 1636, 3820, 8959, 20045]...: 8644318: ACCEPTED IN 16 TRIES, (AVG 540269.875)
[1, 4, 10, 23, 57, 132, 301, 701, 1636, 3820, 8959, 20077]...: 6478853: ACCEPTED IN 12 TRIES, (AVG 539904.4166666666)
[1, 4, 10, 23, 57, 132, 301, 701, 1636, 3820, 8959, 20078]...: 7020501: ACCEPTED IN 13 TRIES, (AVG 540038.5384615385)
[1, 4, 10, 23, 57, 132, 301, 701, 1636, 3820, 8959, 20107]...: 12430696: ACCEPTED IN 23 TRIES, (AVG 540465.0434782609)
[1, 4, 10, 23, 57, 132, 301, 701, 1636, 3820, 8959, 20110]...: 12431644: ACCEPTED IN 23 TRIES, (AVG 540506.2608695652)
[1, 4, 10, 23, 57, 132, 301, 701, 1636, 3820, 8959, 20113]...: 3772878: ACCEPTED IN 7 TRIES, (AVG 538982.5714285715)
[1, 4, 10, 23, 57, 132, 301, 701, 1636, 3820, 8959, 20133]...: 11889996: ACCEPTED IN 22 TRIES, (AVG 540454.3636363636)
[1, 4, 10, 23, 57, 132, 301, 701, 1636, 3820, 8959, 20143]...: 4312839: ACCEPTED IN 8 TRIES, (AVG 539104.875)
[1, 4, 10, 23, 57, 132, 301, 701, 1636, 3820, 8959, 20144]...: 5397385: ACCEPTED IN 10 TRIES, (AVG 539738.5)
[1, 4, 10, 23, 57, 132, 301, 701, 1636, 3820, 8959, 20177]...: 10808469: ACCEPTED IN 20 TRIES, (AVG 540423.45)
[1, 4, 10, 23, 57, 132, 301, 701, 1636, 3820, 8959, 20180]...: 3773301: ACCEPTED IN 7 TRIES, (AVG 539043.0)
[1, 4, 10, 23, 57, 132, 301, 701, 1636, 3820, 8959, 20209]...: 9725760: ACCEPTED IN 18 TRIES, (AVG 540320.0)
[1, 4, 10, 23, 57, 132, 301, 701, 1636, 3820, 8959, 20210]...: 6479294: ACCEPTED IN 12 TRIES, (AVG 539941.1666666666)
[1, 4, 10, 23, 57, 132, 301, 701, 1636, 3820, 8959, 20242]...: 4856121: ACCEPTED IN 9 TRIES, (AVG 539569.0)
[1, 4, 10, 23, 57, 132, 301, 701, 1636, 3820, 8959, 20245]...: 6479848: ACCEPTED IN 12 TRIES, (AVG 539987.3333333334)
[1, 4, 10, 23, 57, 132, 301, 701, 1636, 3820, 8959, 20247]...: 5394747: ACCEPTED IN 10 TRIES, (AVG 539474.7)
[1, 4, 10, 23, 57, 132, 301, 701, 1636, 3820, 8959, 20276]...: 7560130: ACCEPTED IN 14 TRIES, (AVG 540009.2857142857)
[1, 4, 10, 23, 57, 132, 301, 701, 1636, 3820, 8959, 20278]...: 5397040: ACCEPTED IN 10 TRIES, (AVG 539704.0)
[1, 4, 10, 23, 57, 132, 301, 701, 1636, 3820, 8959, 20279]...: 11889306: ACCEPTED IN 22 TRIES, (AVG 540423.0)
[1, 4, 10, 23, 57, 132, 301, 701, 1636, 3820, 8959, 20309]...: 5397153: ACCEPTED IN 10 TRIES, (AVG 539715.3)
[1, 4, 10, 23, 57, 132, 301, 701, 1636, 3820, 8959, 20311]...: 7018868: ACCEPTED IN 13 TRIES, (AVG 539912.9230769231)
[1, 4, 10, 23, 57, 132, 301, 701, 1636, 3820, 8959, 20312]...: 4315072: ACCEPTED IN 8 TRIES, (AVG 539384.0)
[1, 4, 10, 23, 57, 132, 301, 701, 1636, 3820, 8959, 20341]...: 10263371: ACCEPTED IN 19 TRIES, (AVG 540177.4210526316)
[1, 4, 10, 23, 57, 132, 301, 701, 1636, 3820, 8959, 20346]...: 4312134: ACCEPTED IN 8 TRIES, (AVG 539016.75)
[1, 4, 10, 23, 57, 132, 301, 701, 1636, 3820, 8959, 20377]...: 8102703: ACCEPTED IN 15 TRIES, (AVG 540180.2)
[1, 4, 10, 23, 57, 132, 301, 701, 1636, 3820, 8959, 20378]...: 4314111: ACCEPTED IN 8 TRIES, (AVG 539263.875)
[1, 4, 10, 23, 57, 132, 301, 701, 1636, 3820, 8959, 20379]...: 9184263: ACCEPTED IN 17 TRIES, (AVG 540250.7647058824)
[1, 4, 10, 23, 57, 132, 301, 701, 1636, 3820, 8959, 20408]...: 9184510: ACCEPTED IN 17 TRIES, (AVG 540265.2941176471)
[1, 4, 10, 23, 57, 132, 301, 701, 1636, 3820, 8959, 20411]...: 4314173: ACCEPTED IN 8 TRIES, (AVG 539271.625)
[1, 4, 10, 23, 57, 132, 301, 701, 1636, 3820, 8959, 20414]...: 7018489: ACCEPTED IN 13 TRIES, (AVG 539883.7692307692)
[1, 4, 10, 23, 57, 132, 301, 701, 1636, 3820, 8959, 20443]...: 10265610: ACCEPTED IN 19 TRIES, (AVG 540295.2631578947)
[1, 4, 10, 23, 57, 132, 301, 701, 1636, 3820, 8959, 20444]...: 7020721: ACCEPTED IN 13 TRIES, (AVG 540055.4615384615)
[1, 4, 10, 23, 57, 132, 301, 701, 1636, 3820, 8959, 20445]...: 10267336: ACCEPTED IN 19 TRIES, (AVG 540386.1052631579)
[1, 4, 10, 23, 57, 132, 301, 701, 1636, 3820, 8959, 20478]...: 7561286: ACCEPTED IN 14 TRIES, (AVG 540091.8571428572)
[1, 4, 10, 23, 57, 132, 301, 701, 1636, 3820, 8959, 20481]...: 4854674: ACCEPTED IN 9 TRIES, (AVG 539408.2222222222)
[1, 4, 10, 23, 57, 132, 301, 701, 1636, 3820, 8959, 20510]...: 6477919: ACCEPTED IN 12 TRIES, (AVG 539826.5833333334)
[1, 4, 10, 23, 57, 132, 301, 701, 1636, 3820, 8959, 20511]...: 6476576: ACCEPTED IN 12 TRIES, (AVG 539714.6666666666)
[1, 4, 10, 23, 57, 132, 301, 701, 1636, 3820, 8959, 20543]...: 7559923: ACCEPTED IN 14 TRIES, (AVG 539994.5)
[1, 4, 10, 23, 57, 132, 301, 701, 1636, 3820, 8959, 20544]...: 4313890: ACCEPTED IN 8 TRIES, (AVG 539236.25)
[1, 4, 10, 23, 57, 132, 301, 701, 1636, 3820, 8959, 20546]...: 12973159: ACCEPTED IN 24 TRIES, (AVG 540548.2916666666)
[1, 4, 10, 23, 57, 132, 301, 701, 1636, 3820, 8959, 20575]...: 7560416: ACCEPTED IN 14 TRIES, (AVG 540029.7142857143)
[1, 4, 10, 23, 57, 132, 301, 701, 1636, 3820, 8959, 20577]...: 11348944: ACCEPTED IN 21 TRIES, (AVG 540425.9047619047)
[1, 4, 10, 23, 57, 132, 301, 701, 1636, 3820, 8959, 20580]...: 9182533: ACCEPTED IN 17 TRIES, (AVG 540149.0)
[1, 4, 10, 23, 57, 132, 301, 701, 1636, 3820, 8959, 20610]...: 8643333: ACCEPTED IN 16 TRIES, (AVG 540208.3125)
[1, 4, 10, 23, 57, 132, 301, 701, 1636, 3820, 8959, 20611]...: 7020303: ACCEPTED IN 13 TRIES, (AVG 540023.3076923077)
[1, 4, 10, 23, 57, 132, 301, 701, 1636, 3820, 8959, 20612]...: 5397365: ACCEPTED IN 10 TRIES, (AVG 539736.5)
[1, 4, 10, 23, 57, 132, 301, 701, 1636, 3820, 8959, 20613]...: 7561070: ACCEPTED IN 14 TRIES, (AVG 540076.4285714285)
[1, 4, 10, 23, 57, 132, 301, 701, 1636, 3820, 8959, 20642]...: 7020276: ACCEPTED IN 13 TRIES, (AVG 540021.2307692308)
[1, 4, 10, 23, 57, 132, 301, 701, 1636, 3820, 8959, 20647]...: 5397491: ACCEPTED IN 10 TRIES, (AVG 539749.1)
[1, 4, 10, 23, 57, 132, 301, 701, 1636, 3820, 8959, 20676]...: 10267525: ACCEPTED IN 19 TRIES, (AVG 540396.052631579)
[1, 4, 10, 23, 57, 132, 301, 701, 1636, 3820, 8959, 20678]...: 5396640: ACCEPTED IN 10 TRIES, (AVG 539664.0)
[1, 4, 10, 23, 57, 132, 301, 701, 1636, 3820, 8959, 20679]...: 7560665: ACCEPTED IN 14 TRIES, (AVG 540047.5)
[1, 4, 10, 23, 57, 132, 301, 701, 1636, 3820, 8959, 20709]...: 5397033: ACCEPTED IN 10 TRIES, (AVG 539703.3)
[1, 4, 10, 23, 57, 132, 301, 701, 1636, 3820, 8959, 20712]...: 6479822: ACCEPTED IN 12 TRIES, (AVG 539985.1666666666)
[1, 4, 10, 23, 57, 132, 301, 701, 1636, 3820, 8959, 20715]...: 7020128: ACCEPTED IN 13 TRIES, (AVG 540009.8461538461)
[1, 4, 10, 23, 57, 132, 301, 701, 1636, 3820, 8959, 20744]...: 8102820: ACCEPTED IN 15 TRIES, (AVG 540188.0)
[1, 4, 10, 23, 57, 132, 301, 701, 1636, 3820, 8959, 20745]...: 8643270: ACCEPTED IN 16 TRIES, (AVG 540204.375)
[1, 4, 10, 23, 57, 132, 301, 701, 1636, 3820, 8959, 20746]...: 7561066: ACCEPTED IN 14 TRIES, (AVG 540076.1428571428)
[1, 4, 10, 23, 57, 132, 301, 701, 1636, 3820, 8959, 20778]...: 6478606: ACCEPTED IN 12 TRIES, (AVG 539883.8333333334)
[1, 4, 10, 23, 57, 132, 301, 701, 1636, 3820, 8959, 20779]...: 7560638: ACCEPTED IN 14 TRIES, (AVG 540045.5714285715)
[1, 4, 10, 23, 57, 132, 301, 701, 1636, 3820, 8959, 20808]...: 7020639: ACCEPTED IN 13 TRIES, (AVG 540049.1538461539)
[1, 4, 10, 23, 57, 132, 301, 701, 1636, 3820, 8959, 20811]...: 4854848: ACCEPTED IN 9 TRIES, (AVG 539427.5555555555)
[1, 4, 10, 23, 57, 132, 301, 701, 1636, 3820, 8959, 20814]...: 4314826: ACCEPTED IN 8 TRIES, (AVG 539353.25)
[1, 4, 10, 23, 57, 132, 301, 701, 1636, 3820, 8959, 20844]...: 5396935: ACCEPTED IN 10 TRIES, (AVG 539693.5)
[1, 4, 10, 23, 57, 132, 301, 701, 1636, 3820, 8959, 20845]...: 4856314: ACCEPTED IN 9 TRIES, (AVG 539590.4444444445)
[1, 4, 10, 23, 57, 132, 301, 701, 1636, 3820, 8959, 20847]...: 5396057: ACCEPTED IN 10 TRIES, (AVG 539605.7)
[1, 4, 10, 23, 57, 132, 301, 701, 1636, 3820, 8959, 20876]...: 4314179: ACCEPTED IN 8 TRIES, (AVG 539272.375)
[1, 4, 10, 23, 57, 132, 301, 701, 1636, 3820, 8959, 20878]...: 7561936: ACCEPTED IN 14 TRIES, (AVG 540138.2857142857)
[1, 4, 10, 23, 57, 132, 301, 701, 1636, 3820, 8959, 20881]...: 6478712: ACCEPTED IN 12 TRIES, (AVG 539892.6666666666)
[1, 4, 10, 23, 57, 132, 301, 701, 1636, 3820, 8959, 20910]...: 7020763: ACCEPTED IN 13 TRIES, (AVG 540058.6923076923)
[1, 4, 10, 23, 57, 132, 301, 701, 1636, 3820, 8959, 20911]...: 4853653: ACCEPTED IN 9 TRIES, (AVG 539294.7777777778)
[1, 4, 10, 23, 57, 132, 301, 701, 1636, 3820, 8959, 20912]...: 10808234: ACCEPTED IN 20 TRIES, (AVG 540411.7)
[1, 4, 10, 23, 57, 132, 301, 701, 1636, 3820, 8959, 20913]...: 5396806: ACCEPTED IN 10 TRIES, (AVG 539680.6)
[1, 4, 10, 23, 57, 132, 301, 701, 1636, 3820, 8959, 20943]...: 4856153: ACCEPTED IN 9 TRIES, (AVG 539572.5555555555)
[1, 4, 10, 23, 57, 132, 301, 701, 1636, 3820, 8959, 20946]...: 4315070: ACCEPTED IN 8 TRIES, (AVG 539383.75)
[1, 4, 10, 23, 57, 132, 301, 701, 1636, 3820, 8959, 20948]...: 10264134: ACCEPTED IN 19 TRIES, (AVG 540217.5789473684)
[1, 4, 10, 23, 57, 132, 301, 701, 1636, 3820, 8959, 20977]...: 10265476: ACCEPTED IN 19 TRIES, (AVG 540288.2105263158)
[1, 4, 10, 23, 57, 132, 301, 701, 1636, 3820, 8959, 20979]...: 7561929: ACCEPTED IN 14 TRIES, (AVG 540137.7857142857)
[1, 4, 10, 23, 57, 132, 301, 701, 1636, 3820, 8959, 20980]...: 4312985: ACCEPTED IN 8 TRIES, (AVG 539123.125)
[1, 4, 10, 23, 57, 132, 301, 701, 1636, 3820, 8959, 21010]...: 7020104: ACCEPTED IN 13 TRIES, (AVG 540008.0)
[1, 4, 10, 23, 57, 132, 301, 701, 1636, 3820, 8959, 21012]...: 7561532: ACCEPTED IN 14 TRIES, (AVG 540109.4285714285)
[1, 4, 10, 23, 57, 132, 301, 701, 1636, 3820, 8959, 21013]...: 7020244: ACCEPTED IN 13 TRIES, (AVG 540018.7692307692)
[1, 4, 10, 23, 57, 132, 301, 701, 1636, 3820, 8959, 21042]...: 9726573: ACCEPTED IN 18 TRIES, (AVG 540365.1666666666)
[1, 4, 10, 23, 57, 132, 301, 701, 1636, 3820, 8959, 21045]...: 6478135: ACCEPTED IN 12 TRIES, (AVG 539844.5833333334)
[1, 4, 10, 23, 57, 132, 301, 701, 1636, 3820, 8959, 21047]...: 3772720: ACCEPTED IN 7 TRIES, (AVG 538960.0)
[1, 4, 10, 23, 57, 132, 301, 701, 1636, 3820, 8959, 21078]...: 9184545: ACCEPTED IN 17 TRIES, (AVG 540267.3529411765)
[1, 4, 10, 23, 57, 132, 301, 701, 1636, 3820, 8959, 21079]...: 4314019: ACCEPTED IN 8 TRIES, (AVG 539252.375)
[1, 4, 10, 23, 57, 132, 301, 701, 1636, 3820, 8959, 21080]...: 4313417: ACCEPTED IN 8 TRIES, (AVG 539177.125)
[1, 4, 10, 23, 57, 132, 301, 701, 1636, 3820, 8959, 21109]...: 10808760: ACCEPTED IN 20 TRIES, (AVG 540438.0)
[1, 4, 10, 23, 57, 132, 301, 701, 1636, 3820, 8959, 21112]...: 7020438: ACCEPTED IN 13 TRIES, (AVG 540033.6923076923)
[1, 4, 10, 23, 57, 132, 301, 701, 1636, 3820, 8959, 21115]...: 8643038: ACCEPTED IN 16 TRIES, (AVG 540189.875)
[1, 4, 10, 23, 57, 132, 301, 701, 1636, 3820, 8959, 21144]...: 8102728: ACCEPTED IN 15 TRIES, (AVG 540181.8666666667)
[1, 4, 10, 23, 57, 132, 301, 701, 1636, 3820, 8959, 21145]...: 4314595: ACCEPTED IN 8 TRIES, (AVG 539324.375)
[1, 4, 10, 23, 57, 132, 301, 701, 1636, 3820, 8959, 21146]...: 7560998: ACCEPTED IN 14 TRIES, (AVG 540071.2857142857)
[1, 4, 10, 23, 57, 132, 301, 701, 1636, 3820, 8959, 21177]...: 5397359: ACCEPTED IN 10 TRIES, (AVG 539735.9)
[1, 4, 10, 23, 57, 132, 301, 701, 1636, 3820, 8959, 21179]...: 4856135: ACCEPTED IN 9 TRIES, (AVG 539570.5555555555)
[1, 4, 10, 23, 57, 132, 301, 701, 1636, 3820, 8959, 21182]...: 5394633: ACCEPTED IN 10 TRIES, (AVG 539463.3)
[1, 4, 10, 23, 57, 132, 301, 701, 1636, 3820, 8959, 21211]...: 4856369: ACCEPTED IN 9 TRIES, (AVG 539596.5555555555)
[1, 4, 10, 23, 57, 132, 301, 701, 1636, 3820, 8959, 21212]...: 4855429: ACCEPTED IN 9 TRIES, (AVG 539492.1111111111)
[1, 4, 10, 23, 57, 132, 301, 701, 1636, 3820, 8959, 21213]...: 4313112: ACCEPTED IN 8 TRIES, (AVG 539139.0)
[1, 4, 10, 23, 57, 132, 301, 701, 1636, 3820, 8959, 21214]...: 8644106: ACCEPTED IN 16 TRIES, (AVG 540256.625)
[1, 4, 10, 23, 57, 132, 301, 701, 1636, 3820, 8959, 21244]...: 5395812: ACCEPTED IN 10 TRIES, (AVG 539581.2)
[1, 4, 10, 23, 57, 132, 301, 701, 1636, 3820, 8959, 21245]...: 8643273: ACCEPTED IN 16 TRIES, (AVG 540204.5625)
[1, 4, 10, 23, 57, 132, 301, 701, 1636, 3820, 8959, 21247]...: 4312341: ACCEPTED IN 8 TRIES, (AVG 539042.625)
[1, 4, 10, 23, 57, 132, 301, 701, 1636, 3820, 8959, 21276]...: 7561339: ACCEPTED IN 14 TRIES, (AVG 540095.6428571428)
[1, 4, 10, 23, 57, 132, 301, 701, 1636, 3820, 8959, 21278]...: 4314215: ACCEPTED IN 8 TRIES, (AVG 539276.875)
[1, 4, 10, 23, 57, 132, 301, 701, 1636, 3820, 8959, 21281]...: 4314580: ACCEPTED IN 8 TRIES, (AVG 539322.5)
[1, 4, 10, 23, 57, 132, 301, 701, 1636, 3820, 8959, 21311]...: 3773873: ACCEPTED IN 7 TRIES, (AVG 539124.7142857143)
[1, 4, 10, 23, 57, 132, 301, 701, 1636, 3820, 8959, 21312]...: 4314140: ACCEPTED IN 8 TRIES, (AVG 539267.5)
[1, 4, 10, 23, 57, 132, 301, 701, 1636, 3820, 8959, 21313]...: 6479168: ACCEPTED IN 12 TRIES, (AVG 539930.6666666666)
[1, 4, 10, 23, 57, 132, 301, 701, 1636, 3820, 8959, 21314]...: 5397135: ACCEPTED IN 10 TRIES, (AVG 539713.5)
[1, 4, 10, 23, 57, 132, 301, 701, 1636, 3820, 8959, 21343]...: 10266368: ACCEPTED IN 19 TRIES, (AVG 540335.1578947369)
[1, 4, 10, 23, 57, 132, 301, 701, 1636, 3820, 8959, 21346]...: 7020857: ACCEPTED IN 13 TRIES, (AVG 540065.9230769231)
[1, 4, 10, 23, 57, 132, 301, 701, 1636, 3820, 8959, 21348]...: 4313161: ACCEPTED IN 8 TRIES, (AVG 539145.125)
[1, 4, 10, 23, 57, 132, 301, 701, 1636, 3820, 8959, 21379]...: 8642864: ACCEPTED IN 16 TRIES, (AVG 540179.0)
[1, 4, 10, 23, 57, 132, 301, 701, 1636, 3820, 8959, 21380]...: 4855609: ACCEPTED IN 9 TRIES, (AVG 539512.1111111111)
[1, 4, 10, 23, 57, 132, 301, 701, 1636, 3820, 8959, 21410]...: 4856250: ACCEPTED IN 9 TRIES, (AVG 539583.3333333334)
[1, 4, 10, 23, 57, 132, 301, 701, 1636, 3820, 8959, 21413]...: 4315075: ACCEPTED IN 8 TRIES, (AVG 539384.375)
[1, 4, 10, 23, 57, 132, 301, 701, 1636, 3820, 8959, 21416]...: 3769978: ACCEPTED IN 7 TRIES, (AVG 538568.2857142857)
[1, 4, 10, 23, 57, 132, 301, 701, 1636, 3820, 8959, 21445]...: 4314369: ACCEPTED IN 8 TRIES, (AVG 539296.125)
[1, 4, 10, 23, 57, 132, 301, 701, 1636, 3820, 8959, 21446]...: 8101864: ACCEPTED IN 15 TRIES, (AVG 540124.2666666667)
[1, 4, 10, 23, 57, 132, 301, 701, 1636, 3820, 8959, 21447]...: 4855625: ACCEPTED IN 9 TRIES, (AVG 539513.8888888889)
[1, 4, 10, 23, 57, 132, 301, 701, 1636, 3820, 8959, 21478]...: 5396116: ACCEPTED IN 10 TRIES, (AVG 539611.6)
[1, 4, 10, 23, 57, 132, 301, 701, 1636, 3820, 8959, 21479]...: 8102594: ACCEPTED IN 15 TRIES, (AVG 540172.9333333333)
[1, 4, 10, 23, 57, 132, 301, 701, 1636, 3820, 8959, 21480]...: 5396637: ACCEPTED IN 10 TRIES, (AVG 539663.7)
