[1, 4, 10, 23, 57, 132, 301, 701, 1654, 3904, 8973, 19764]...: 6479646: ACCEPTED IN 12 TRIES, (AVG 539970.5)
[1, 4, 10, 23, 57, 132, 301, 701, 1654, 3904, 8973, 19801]...: 12431927: ACCEPTED IN 23 TRIES, (AVG 540518.5652173914)
[1, 4, 10, 23, 57, 132, 301, 701, 1654, 3904, 8973, 19832]...: 11349146: ACCEPTED IN 21 TRIES, (AVG 540435.5238095238)
[1, 4, 10, 23, 57, 132, 301, 701, 1654, 3904, 8973, 19838]...: 18384376: ACCEPTED IN 34 TRIES, (AVG 540716.9411764706)
[1, 4, 10, 23, 57, 132, 301, 701, 1654, 3904, 8973, 19933]...: 8643440: ACCEPTED IN 16 TRIES, (AVG 540215.0)
[1, 4, 10, 23, 57, 132, 301, 701, 1654, 3904, 8973, 19964]...: 10808390: ACCEPTED IN 20 TRIES, (AVG 540419.5)
[1, 4, 10, 23, 57, 132, 301, 701, 1654, 3904, 8973, 19970]...: 8643050: ACCEPTED IN 16 TRIES, (AVG 540190.625)
[1, 4, 10, 23, 57, 132, 301, 701, 1654, 3904, 8973, 20065]...: 8641974: ACCEPTED IN 16 TRIES, (AVG 540123.375)
[1, 4, 10, 23, 57, 132, 301, 701, 1654, 3904, 8973, 20102]...: 7560740: ACCEPTED IN 14 TRIES, (AVG 540052.8571428572)
[1, 4, 10, 23, 57, 132, 301, 701, 1654, 3904, 8973, 20139]...: 9185504: ACCEPTED IN 17 TRIES, (AVG 540323.7647058824)
[1, 4, 10, 23, 57, 132, 301, 701, 1654, 3904, 8973, 20234]...: 10267762: ACCEPTED IN 19 TRIES, (AVG 540408.5263157894)
[1, 4, 10, 23, 57, 132, 301, 701, 1654, 3904, 8973, 20271]...: 10808900: ACCEPTED IN 20 TRIES, (AVG 540445.0)
[1, 4, 10, 23, 57, 132, 301, 701, 1654, 3904, 8973, 20366]...: 7561842: ACCEPTED IN 14 TRIES, (AVG 540131.5714285715)
[1, 4, 10, 23, 57, 132, 301, 701, 1654, 3904, 8973, 20403]...: 7560350: ACCEPTED IN 14 TRIES, (AVG 540025.0)
[1, 4, 10, 23, 57, 132, 301, 701, 1654, 3904, 8973, 20535]...: 9726521: ACCEPTED IN 18 TRIES, (AVG 540362.2777777778)
[1, 4, 10, 23, 57, 132, 301, 701, 1654, 3904, 8973, 20667]...: 25419202: ACCEPTED IN 47 TRIES, (AVG 540834.085106383)
[1, 4, 10, 23, 57, 132, 301, 701, 1654, 3904, 8973, 20890]...: 7559467: ACCEPTED IN 14 TRIES, (AVG 539961.9285714285)
[1, 4, 10, 23, 57, 132, 301, 701, 1654, 3904, 8973, 21022]...: 5938233: ACCEPTED IN 11 TRIES, (AVG 539839.3636363636)
[1, 4, 10, 23, 57, 132, 301, 701, 1654, 3904, 8973, 21154]...: 6479699: ACCEPTED IN 12 TRIES, (AVG 539974.9166666666)
[1, 4, 10, 23, 57, 132, 301, 701, 1654, 3904, 8973, 21191]...: 8644029: ACCEPTED IN 16 TRIES, (AVG 540251.8125)
[1, 4, 10, 23, 57, 132, 301, 701, 1654, 3904, 8973, 21286]...: 10807003: ACCEPTED IN 20 TRIES, (AVG 540350.15)
[1, 4, 10, 23, 57, 132, 301, 701, 1654, 3904, 8973, 21323]...: 8643746: ACCEPTED IN 16 TRIES, (AVG 540234.125)
[1, 4, 10, 23, 57, 132, 301, 701, 1654, 3904, 8973, 21418]...: 8102613: ACCEPTED IN 15 TRIES, (AVG 540174.2)
[1, 4, 10, 23, 57, 132, 301, 701, 1654, 3904, 8973, 21455]...: 7560654: ACCEPTED IN 14 TRIES, (AVG 540046.7142857143)
[1, 4, 10, 23, 57, 132, 301, 701, 1654, 3904, 8973, 21492]...: 5937956: ACCEPTED IN 11 TRIES, (AVG 539814.1818181818)
