[1, 4, 10, 23, 57, 132, 301, 701, 1654, 3904, 8948, 19714]...: 12432152: ACCEPTED IN 23 TRIES, (AVG 540528.3478260869)
[1, 4, 10, 23, 57, 132, 301, 701, 1654, 3904, 8948, 19726]...: 8101760: ACCEPTED IN 15 TRIES, (AVG 540117.3333333334)
[1, 4, 10, 23, 57, 132, 301, 701, 1654, 3904, 8948, 19751]...: 13512173: ACCEPTED IN 25 TRIES, (AVG 540486.92)
[1, 4, 10, 23, 57, 132, 301, 701, 1654, 3904, 8948, 19759]...: 21090462: ACCEPTED IN 39 TRIES, (AVG 540781.0769230769)
[1, 4, 10, 23, 57, 132, 301, 701, 1654, 3904, 8948, 19763]...: 14595452: ACCEPTED IN 27 TRIES, (AVG 540572.2962962963)
[1, 4, 10, 23, 57, 132, 301, 701, 1654, 3904, 8948, 19800]...: 35698861: ACCEPTED IN 66 TRIES, (AVG 540891.8333333334)
[1, 4, 10, 23, 57, 132, 301, 701, 1654, 3904, 8948, 19846]...: 15135898: ACCEPTED IN 28 TRIES, (AVG 540567.7857142857)
[1, 4, 10, 23, 57, 132, 301, 701, 1654, 3904, 8948, 19858]...: 9724581: ACCEPTED IN 18 TRIES, (AVG 540254.5)
[1, 4, 10, 23, 57, 132, 301, 701, 1654, 3904, 8948, 19883]...: 13513161: ACCEPTED IN 25 TRIES, (AVG 540526.44)
[1, 4, 10, 23, 57, 132, 301, 701, 1654, 3904, 8948, 19895]...: 32992132: ACCEPTED IN 61 TRIES, (AVG 540854.6229508197)
[1, 4, 10, 23, 57, 132, 301, 701, 1654, 3904, 8948, 19920]...: 27040337: ACCEPTED IN 50 TRIES, (AVG 540806.74)
[1, 4, 10, 23, 57, 132, 301, 701, 1654, 3904, 8948, 19932]...: 15137837: ACCEPTED IN 28 TRIES, (AVG 540637.0357142857)
[1, 4, 10, 23, 57, 132, 301, 701, 1654, 3904, 8948, 19978]...: 8102481: ACCEPTED IN 15 TRIES, (AVG 540165.4)
[1, 4, 10, 23, 57, 132, 301, 701, 1654, 3904, 8948, 20015]...: 20007165: ACCEPTED IN 37 TRIES, (AVG 540734.1891891892)
[1, 4, 10, 23, 57, 132, 301, 701, 1654, 3904, 8948, 20019]...: 18380721: ACCEPTED IN 34 TRIES, (AVG 540609.4411764706)
[1, 4, 10, 23, 57, 132, 301, 701, 1654, 3904, 8948, 20027]...: 11889628: ACCEPTED IN 22 TRIES, (AVG 540437.6363636364)
[1, 4, 10, 23, 57, 132, 301, 701, 1654, 3904, 8948, 20052]...: 28124843: ACCEPTED IN 52 TRIES, (AVG 540862.3653846154)
[1, 4, 10, 23, 57, 132, 301, 701, 1654, 3904, 8948, 20064]...: 76286206: ACCEPTED IN 141 TRIES, (AVG 541036.9219858156)
[1, 4, 10, 23, 57, 132, 301, 701, 1654, 3904, 8948, 20110]...: 2691788: ACCEPTED IN 5 TRIES, (AVG 538357.6)
[1, 4, 10, 23, 57, 132, 301, 701, 1654, 3904, 8948, 20147]...: 20005827: ACCEPTED IN 37 TRIES, (AVG 540698.027027027)
[1, 4, 10, 23, 57, 132, 301, 701, 1654, 3904, 8948, 20151]...: 29205199: ACCEPTED IN 54 TRIES, (AVG 540837.0185185185)
[1, 4, 10, 23, 57, 132, 301, 701, 1654, 3904, 8948, 20159]...: 11890315: ACCEPTED IN 22 TRIES, (AVG 540468.8636363636)
[1, 4, 10, 23, 57, 132, 301, 701, 1654, 3904, 8948, 20184]...: 13514419: ACCEPTED IN 25 TRIES, (AVG 540576.76)
[1, 4, 10, 23, 57, 132, 301, 701, 1654, 3904, 8948, 20196]...: 14055749: ACCEPTED IN 26 TRIES, (AVG 540605.7307692308)
[1, 4, 10, 23, 57, 132, 301, 701, 1654, 3904, 8948, 20279]...: 12971928: ACCEPTED IN 24 TRIES, (AVG 540497.0)
[1, 4, 10, 23, 57, 132, 301, 701, 1654, 3904, 8948, 20283]...: 9726222: ACCEPTED IN 18 TRIES, (AVG 540345.6666666666)
[1, 4, 10, 23, 57, 132, 301, 701, 1654, 3904, 8948, 20316]...: 20006824: ACCEPTED IN 37 TRIES, (AVG 540724.972972973)
[1, 4, 10, 23, 57, 132, 301, 701, 1654, 3904, 8948, 20320]...: 15678243: ACCEPTED IN 29 TRIES, (AVG 540629.0689655172)
[1, 4, 10, 23, 57, 132, 301, 701, 1654, 3904, 8948, 20328]...: 12972440: ACCEPTED IN 24 TRIES, (AVG 540518.3333333334)
[1, 4, 10, 23, 57, 132, 301, 701, 1654, 3904, 8948, 20411]...: 8102316: ACCEPTED IN 15 TRIES, (AVG 540154.4)
[1, 4, 10, 23, 57, 132, 301, 701, 1654, 3904, 8948, 20415]...: 9184527: ACCEPTED IN 17 TRIES, (AVG 540266.2941176471)
[1, 4, 10, 23, 57, 132, 301, 701, 1654, 3904, 8948, 20448]...: 14594069: ACCEPTED IN 27 TRIES, (AVG 540521.074074074)
[1, 4, 10, 23, 57, 132, 301, 701, 1654, 3904, 8948, 20452]...: 8641394: ACCEPTED IN 16 TRIES, (AVG 540087.125)
[1, 4, 10, 23, 57, 132, 301, 701, 1654, 3904, 8948, 20460]...: 8101565: ACCEPTED IN 15 TRIES, (AVG 540104.3333333334)
[1, 4, 10, 23, 57, 132, 301, 701, 1654, 3904, 8948, 20547]...: 9723844: ACCEPTED IN 18 TRIES, (AVG 540213.5555555555)
[1, 4, 10, 23, 57, 132, 301, 701, 1654, 3904, 8948, 20580]...: 9184888: ACCEPTED IN 17 TRIES, (AVG 540287.5294117647)
[1, 4, 10, 23, 57, 132, 301, 701, 1654, 3904, 8948, 20584]...: 5395937: ACCEPTED IN 10 TRIES, (AVG 539593.7)
[1, 4, 10, 23, 57, 132, 301, 701, 1654, 3904, 8948, 20621]...: 8102843: ACCEPTED IN 15 TRIES, (AVG 540189.5333333333)
[1, 4, 10, 23, 57, 132, 301, 701, 1654, 3904, 8948, 20679]...: 7561309: ACCEPTED IN 14 TRIES, (AVG 540093.5)
[1, 4, 10, 23, 57, 132, 301, 701, 1654, 3904, 8948, 20712]...: 11890778: ACCEPTED IN 22 TRIES, (AVG 540489.9090909091)
[1, 4, 10, 23, 57, 132, 301, 701, 1654, 3904, 8948, 20716]...: 11889178: ACCEPTED IN 22 TRIES, (AVG 540417.1818181818)
[1, 4, 10, 23, 57, 132, 301, 701, 1654, 3904, 8948, 20720]...: 11890886: ACCEPTED IN 22 TRIES, (AVG 540494.8181818182)
[1, 4, 10, 23, 57, 132, 301, 701, 1654, 3904, 8948, 20753]...: 8101920: ACCEPTED IN 15 TRIES, (AVG 540128.0)
[1, 4, 10, 23, 57, 132, 301, 701, 1654, 3904, 8948, 20811]...: 8103192: ACCEPTED IN 15 TRIES, (AVG 540212.8)
[1, 4, 10, 23, 57, 132, 301, 701, 1654, 3904, 8948, 20848]...: 13514083: ACCEPTED IN 25 TRIES, (AVG 540563.32)
[1, 4, 10, 23, 57, 132, 301, 701, 1654, 3904, 8948, 20852]...: 11350001: ACCEPTED IN 21 TRIES, (AVG 540476.2380952381)
[1, 4, 10, 23, 57, 132, 301, 701, 1654, 3904, 8948, 20885]...: 7020416: ACCEPTED IN 13 TRIES, (AVG 540032.0)
[1, 4, 10, 23, 57, 132, 301, 701, 1654, 3904, 8948, 20972]...: 8101912: ACCEPTED IN 15 TRIES, (AVG 540127.4666666667)
[1, 4, 10, 23, 57, 132, 301, 701, 1654, 3904, 8948, 20980]...: 7020767: ACCEPTED IN 13 TRIES, (AVG 540059.0)
[1, 4, 10, 23, 57, 132, 301, 701, 1654, 3904, 8948, 20984]...: 13514148: ACCEPTED IN 25 TRIES, (AVG 540565.92)
[1, 4, 10, 23, 57, 132, 301, 701, 1654, 3904, 8948, 21017]...: 9724959: ACCEPTED IN 18 TRIES, (AVG 540275.5)
[1, 4, 10, 23, 57, 132, 301, 701, 1654, 3904, 8948, 21021]...: 12971550: ACCEPTED IN 24 TRIES, (AVG 540481.25)
[1, 4, 10, 23, 57, 132, 301, 701, 1654, 3904, 8948, 21104]...: 20547312: ACCEPTED IN 38 TRIES, (AVG 540718.7368421053)
[1, 4, 10, 23, 57, 132, 301, 701, 1654, 3904, 8948, 21112]...: 9726658: ACCEPTED IN 18 TRIES, (AVG 540369.8888888889)
[1, 4, 10, 23, 57, 132, 301, 701, 1654, 3904, 8948, 21116]...: 14596670: ACCEPTED IN 27 TRIES, (AVG 540617.4074074074)
[1, 4, 10, 23, 57, 132, 301, 701, 1654, 3904, 8948, 21149]...: 12431626: ACCEPTED IN 23 TRIES, (AVG 540505.4782608695)
[1, 4, 10, 23, 57, 132, 301, 701, 1654, 3904, 8948, 21153]...: 15137095: ACCEPTED IN 28 TRIES, (AVG 540610.5357142857)
[1, 4, 10, 23, 57, 132, 301, 701, 1654, 3904, 8948, 21236]...: 15677483: ACCEPTED IN 29 TRIES, (AVG 540602.8620689656)
[1, 4, 10, 23, 57, 132, 301, 701, 1654, 3904, 8948, 21248]...: 8642603: ACCEPTED IN 16 TRIES, (AVG 540162.6875)
[1, 4, 10, 23, 57, 132, 301, 701, 1654, 3904, 8948, 21273]...: 12972922: ACCEPTED IN 24 TRIES, (AVG 540538.4166666666)
[1, 4, 10, 23, 57, 132, 301, 701, 1654, 3904, 8948, 21281]...: 12973396: ACCEPTED IN 24 TRIES, (AVG 540558.1666666666)
[1, 4, 10, 23, 57, 132, 301, 701, 1654, 3904, 8948, 21285]...: 11889895: ACCEPTED IN 22 TRIES, (AVG 540449.7727272727)
[1, 4, 10, 23, 57, 132, 301, 701, 1654, 3904, 8948, 21322]...: 13514509: ACCEPTED IN 25 TRIES, (AVG 540580.36)
[1, 4, 10, 23, 57, 132, 301, 701, 1654, 3904, 8948, 21368]...: 8102871: ACCEPTED IN 15 TRIES, (AVG 540191.4)
[1, 4, 10, 23, 57, 132, 301, 701, 1654, 3904, 8948, 21380]...: 7562063: ACCEPTED IN 14 TRIES, (AVG 540147.3571428572)
[1, 4, 10, 23, 57, 132, 301, 701, 1654, 3904, 8948, 21405]...: 9723823: ACCEPTED IN 18 TRIES, (AVG 540212.3888888889)
[1, 4, 10, 23, 57, 132, 301, 701, 1654, 3904, 8948, 21413]...: 9725558: ACCEPTED IN 18 TRIES, (AVG 540308.7777777778)
[1, 4, 10, 23, 57, 132, 301, 701, 1654, 3904, 8948, 21417]...: 7561722: ACCEPTED IN 14 TRIES, (AVG 540123.0)
[1, 4, 10, 23, 57, 132, 301, 701, 1654, 3904, 8948, 21454]...: 11888032: ACCEPTED IN 22 TRIES, (AVG 540365.0909090909)
