[1, 4, 10, 23, 57, 132, 301, 701, 1654, 3905, 8860, 19735]...: 12973138: ACCEPTED IN 24 TRIES, (AVG 540547.4166666666)
[1, 4, 10, 23, 57, 132, 301, 701, 1654, 3905, 8860, 19883]...: 15679049: ACCEPTED IN 29 TRIES, (AVG 540656.8620689656)
[1, 4, 10, 23, 57, 132, 301, 701, 1654, 3905, 8860, 19995]...: 17841349: ACCEPTED IN 33 TRIES, (AVG 540646.9393939395)
[1, 4, 10, 23, 57, 132, 301, 701, 1654, 3905, 8860, 20188]...: 16219974: ACCEPTED IN 30 TRIES, (AVG 540665.8)
[1, 4, 10, 23, 57, 132, 301, 701, 1654, 3905, 8860, 20246]...: 15136549: ACCEPTED IN 28 TRIES, (AVG 540591.0357142857)
[1, 4, 10, 23, 57, 132, 301, 701, 1654, 3905, 8860, 20346]...: 19464929: ACCEPTED IN 36 TRIES, (AVG 540692.4722222222)
[1, 4, 10, 23, 57, 132, 301, 701, 1654, 3905, 8860, 20498]...: 18384598: ACCEPTED IN 34 TRIES, (AVG 540723.4705882353)
[1, 4, 10, 23, 57, 132, 301, 701, 1654, 3905, 8860, 20547]...: 18925088: ACCEPTED IN 35 TRIES, (AVG 540716.8)
[1, 4, 10, 23, 57, 132, 301, 701, 1654, 3905, 8860, 20601]...: 22172589: ACCEPTED IN 41 TRIES, (AVG 540794.8536585366)
[1, 4, 10, 23, 57, 132, 301, 701, 1654, 3905, 8860, 20605]...: 16218885: ACCEPTED IN 30 TRIES, (AVG 540629.5)
[1, 4, 10, 23, 57, 132, 301, 701, 1654, 3905, 8860, 20684]...: 20008176: ACCEPTED IN 37 TRIES, (AVG 540761.5135135135)
[1, 4, 10, 23, 57, 132, 301, 701, 1654, 3905, 8860, 20692]...: 12973229: ACCEPTED IN 24 TRIES, (AVG 540551.2083333334)
[1, 4, 10, 23, 57, 132, 301, 701, 1654, 3905, 8860, 20704]...: 14055733: ACCEPTED IN 26 TRIES, (AVG 540605.1153846154)
[1, 4, 10, 23, 57, 132, 301, 701, 1654, 3905, 8860, 20725]...: 11889069: ACCEPTED IN 22 TRIES, (AVG 540412.2272727273)
[1, 4, 10, 23, 57, 132, 301, 701, 1654, 3905, 8860, 20746]...: 16219562: ACCEPTED IN 30 TRIES, (AVG 540652.0666666667)
[1, 4, 10, 23, 57, 132, 301, 701, 1654, 3905, 8860, 20758]...: 16219984: ACCEPTED IN 30 TRIES, (AVG 540666.1333333333)
[1, 4, 10, 23, 57, 132, 301, 701, 1654, 3905, 8860, 20803]...: 12973393: ACCEPTED IN 24 TRIES, (AVG 540558.0416666666)
[1, 4, 10, 23, 57, 132, 301, 701, 1654, 3905, 8860, 20849]...: 5397228: ACCEPTED IN 10 TRIES, (AVG 539722.8)
[1, 4, 10, 23, 57, 132, 301, 701, 1654, 3905, 8860, 20940]...: 19466843: ACCEPTED IN 36 TRIES, (AVG 540745.6388888889)
[1, 4, 10, 23, 57, 132, 301, 701, 1654, 3905, 8860, 21009]...: 17843366: ACCEPTED IN 33 TRIES, (AVG 540708.0606060605)
[1, 4, 10, 23, 57, 132, 301, 701, 1654, 3905, 8860, 21055]...: 78991826: ACCEPTED IN 146 TRIES, (AVG 541039.904109589)
[1, 4, 10, 23, 57, 132, 301, 701, 1654, 3905, 8860, 21059]...: 12973008: ACCEPTED IN 24 TRIES, (AVG 540542.0)
[1, 4, 10, 23, 57, 132, 301, 701, 1654, 3905, 8860, 21137]...: 15678509: ACCEPTED IN 29 TRIES, (AVG 540638.2413793104)
