[1, 4, 10, 23, 57, 132, 301, 701, 1636, 3925, 9213, 20273]...: 1616577: ACCEPTED IN 3 TRIES, (AVG 538859.0)
[1, 4, 10, 23, 57, 132, 301, 701, 1636, 3925, 9213, 20275]...: 2154832: ACCEPTED IN 4 TRIES, (AVG 538708.0)
[1, 4, 10, 23, 57, 132, 301, 701, 1636, 3925, 9213, 20281]...: 3234902: ACCEPTED IN 6 TRIES, (AVG 539150.3333333334)
[1, 4, 10, 23, 57, 132, 301, 701, 1636, 3925, 9213, 20284]...: 2154806: ACCEPTED IN 4 TRIES, (AVG 538701.5)
[1, 4, 10, 23, 57, 132, 301, 701, 1636, 3925, 9213, 20306]...: 2154895: ACCEPTED IN 4 TRIES, (AVG 538723.75)
[1, 4, 10, 23, 57, 132, 301, 701, 1636, 3925, 9213, 20307]...: 2155959: ACCEPTED IN 4 TRIES, (AVG 538989.75)
[1, 4, 10, 23, 57, 132, 301, 701, 1636, 3925, 9213, 20308]...: 537255: ACCEPTED IN 1 TRIES, (AVG 537255.0)
[1, 4, 10, 23, 57, 132, 301, 701, 1636, 3925, 9213, 20316]...: 2156267: ACCEPTED IN 4 TRIES, (AVG 539066.75)
[1, 4, 10, 23, 57, 132, 301, 701, 1636, 3925, 9213, 20319]...: 4314037: ACCEPTED IN 8 TRIES, (AVG 539254.625)
[1, 4, 10, 23, 57, 132, 301, 701, 1636, 3925, 9213, 20339]...: 537337: ACCEPTED IN 1 TRIES, (AVG 537337.0)
[1, 4, 10, 23, 57, 132, 301, 701, 1636, 3925, 9213, 20344]...: 2155316: ACCEPTED IN 4 TRIES, (AVG 538829.0)
[1, 4, 10, 23, 57, 132, 301, 701, 1636, 3925, 9213, 20345]...: 2695865: ACCEPTED IN 5 TRIES, (AVG 539173.0)
[1, 4, 10, 23, 57, 132, 301, 701, 1636, 3925, 9213, 20348]...: 3234861: ACCEPTED IN 6 TRIES, (AVG 539143.5)
[1, 4, 10, 23, 57, 132, 301, 701, 1636, 3925, 9213, 20349]...: 1075163: ACCEPTED IN 2 TRIES, (AVG 537581.5)
[1, 4, 10, 23, 57, 132, 301, 701, 1636, 3925, 9213, 20351]...: 1076666: ACCEPTED IN 2 TRIES, (AVG 538333.0)
[1, 4, 10, 23, 57, 132, 301, 701, 1636, 3925, 9213, 20374]...: 1077104: ACCEPTED IN 2 TRIES, (AVG 538552.0)
[1, 4, 10, 23, 57, 132, 301, 701, 1636, 3925, 9213, 20375]...: 2156246: ACCEPTED IN 4 TRIES, (AVG 539061.5)
[1, 4, 10, 23, 57, 132, 301, 701, 1636, 3925, 9213, 20376]...: 1615710: ACCEPTED IN 3 TRIES, (AVG 538570.0)
[1, 4, 10, 23, 57, 132, 301, 701, 1636, 3925, 9213, 20379]...: 1615764: ACCEPTED IN 3 TRIES, (AVG 538588.0)
[1, 4, 10, 23, 57, 132, 301, 701, 1636, 3925, 9213, 20384]...: 2155296: ACCEPTED IN 4 TRIES, (AVG 538824.0)
[1, 4, 10, 23, 57, 132, 301, 701, 1636, 3925, 9213, 20405]...: 1076743: ACCEPTED IN 2 TRIES, (AVG 538371.5)
[1, 4, 10, 23, 57, 132, 301, 701, 1636, 3925, 9213, 20407]...: 2154433: ACCEPTED IN 4 TRIES, (AVG 538608.25)
[1, 4, 10, 23, 57, 132, 301, 701, 1636, 3925, 9213, 20408]...: 2155630: ACCEPTED IN 4 TRIES, (AVG 538907.5)
[1, 4, 10, 23, 57, 132, 301, 701, 1636, 3925, 9213, 20411]...: 1615841: ACCEPTED IN 3 TRIES, (AVG 538613.6666666666)
[1, 4, 10, 23, 57, 132, 301, 701, 1636, 3925, 9213, 20444]...: 2154018: ACCEPTED IN 4 TRIES, (AVG 538504.5)
[1, 4, 10, 23, 57, 132, 301, 701, 1636, 3925, 9213, 20449]...: 1075702: ACCEPTED IN 2 TRIES, (AVG 537851.0)
[1, 4, 10, 23, 57, 132, 301, 701, 1636, 3925, 9213, 20476]...: 2155963: ACCEPTED IN 4 TRIES, (AVG 538990.75)
[1, 4, 10, 23, 57, 132, 301, 701, 1636, 3925, 9213, 20483]...: 2154731: ACCEPTED IN 4 TRIES, (AVG 538682.75)
[1, 4, 10, 23, 57, 132, 301, 701, 1636, 3925, 9213, 20506]...: 2695156: ACCEPTED IN 5 TRIES, (AVG 539031.2)
[1, 4, 10, 23, 57, 132, 301, 701, 1636, 3925, 9213, 20510]...: 2694648: ACCEPTED IN 5 TRIES, (AVG 538929.6)
[1, 4, 10, 23, 57, 132, 301, 701, 1636, 3925, 9213, 20515]...: 1615773: ACCEPTED IN 3 TRIES, (AVG 538591.0)
[1, 4, 10, 23, 57, 132, 301, 701, 1636, 3925, 9213, 20552]...: 3235330: ACCEPTED IN 6 TRIES, (AVG 539221.6666666666)
[1, 4, 10, 23, 57, 132, 301, 701, 1636, 3925, 9213, 20573]...: 536551: ACCEPTED IN 1 TRIES, (AVG 536551.0)
[1, 4, 10, 23, 57, 132, 301, 701, 1636, 3925, 9213, 20577]...: 2694580: ACCEPTED IN 5 TRIES, (AVG 538916.0)
[1, 4, 10, 23, 57, 132, 301, 701, 1636, 3925, 9213, 20578]...: 2155189: ACCEPTED IN 4 TRIES, (AVG 538797.25)
[1, 4, 10, 23, 57, 132, 301, 701, 1636, 3925, 9213, 20584]...: 3774907: ACCEPTED IN 7 TRIES, (AVG 539272.4285714285)
[1, 4, 10, 23, 57, 132, 301, 701, 1636, 3925, 9213, 20608]...: 2155993: ACCEPTED IN 4 TRIES, (AVG 538998.25)
[1, 4, 10, 23, 57, 132, 301, 701, 1636, 3925, 9213, 20617]...: 2154796: ACCEPTED IN 4 TRIES, (AVG 538699.0)
[1, 4, 10, 23, 57, 132, 301, 701, 1636, 3925, 9213, 20641]...: 1076323: ACCEPTED IN 2 TRIES, (AVG 538161.5)
[1, 4, 10, 23, 57, 132, 301, 701, 1636, 3925, 9213, 20645]...: 2155738: ACCEPTED IN 4 TRIES, (AVG 538934.5)
[1, 4, 10, 23, 57, 132, 301, 701, 1636, 3925, 9213, 20649]...: 2154508: ACCEPTED IN 4 TRIES, (AVG 538627.0)
[1, 4, 10, 23, 57, 132, 301, 701, 1636, 3925, 9213, 20675]...: 1616321: ACCEPTED IN 3 TRIES, (AVG 538773.6666666666)
[1, 4, 10, 23, 57, 132, 301, 701, 1636, 3925, 9213, 20679]...: 2155280: ACCEPTED IN 4 TRIES, (AVG 538820.0)
[1, 4, 10, 23, 57, 132, 301, 701, 1636, 3925, 9213, 20709]...: 2155669: ACCEPTED IN 4 TRIES, (AVG 538917.25)
[1, 4, 10, 23, 57, 132, 301, 701, 1636, 3925, 9213, 20712]...: 3235217: ACCEPTED IN 6 TRIES, (AVG 539202.8333333334)
[1, 4, 10, 23, 57, 132, 301, 701, 1636, 3925, 9213, 20716]...: 5393775: ACCEPTED IN 10 TRIES, (AVG 539377.5)
[1, 4, 10, 23, 57, 132, 301, 701, 1636, 3925, 9213, 20719]...: 2154147: ACCEPTED IN 4 TRIES, (AVG 538536.75)
[1, 4, 10, 23, 57, 132, 301, 701, 1636, 3925, 9213, 20739]...: 2695235: ACCEPTED IN 5 TRIES, (AVG 539047.0)
[1, 4, 10, 23, 57, 132, 301, 701, 1636, 3925, 9213, 20744]...: 3774954: ACCEPTED IN 7 TRIES, (AVG 539279.1428571428)
[1, 4, 10, 23, 57, 132, 301, 701, 1636, 3925, 9213, 20747]...: 2153610: ACCEPTED IN 4 TRIES, (AVG 538402.5)
[1, 4, 10, 23, 57, 132, 301, 701, 1636, 3925, 9213, 20748]...: 2694268: ACCEPTED IN 5 TRIES, (AVG 538853.6)
[1, 4, 10, 23, 57, 132, 301, 701, 1636, 3925, 9213, 20771]...: 1076140: ACCEPTED IN 2 TRIES, (AVG 538070.0)
[1, 4, 10, 23, 57, 132, 301, 701, 1636, 3925, 9213, 20777]...: 1615968: ACCEPTED IN 3 TRIES, (AVG 538656.0)
[1, 4, 10, 23, 57, 132, 301, 701, 1636, 3925, 9213, 20783]...: 1616107: ACCEPTED IN 3 TRIES, (AVG 538702.3333333334)
[1, 4, 10, 23, 57, 132, 301, 701, 1636, 3925, 9213, 20786]...: 2155708: ACCEPTED IN 4 TRIES, (AVG 538927.0)
[1, 4, 10, 23, 57, 132, 301, 701, 1636, 3925, 9213, 20807]...: 2155193: ACCEPTED IN 4 TRIES, (AVG 538798.25)
[1, 4, 10, 23, 57, 132, 301, 701, 1636, 3925, 9213, 20810]...: 536593: ACCEPTED IN 1 TRIES, (AVG 536593.0)
[1, 4, 10, 23, 57, 132, 301, 701, 1636, 3925, 9213, 20815]...: 2695046: ACCEPTED IN 5 TRIES, (AVG 539009.2)
[1, 4, 10, 23, 57, 132, 301, 701, 1636, 3925, 9213, 20816]...: 1616505: ACCEPTED IN 3 TRIES, (AVG 538835.0)
[1, 4, 10, 23, 57, 132, 301, 701, 1636, 3925, 9213, 20818]...: 1616363: ACCEPTED IN 3 TRIES, (AVG 538787.6666666666)
[1, 4, 10, 23, 57, 132, 301, 701, 1636, 3925, 9213, 20838]...: 2156289: ACCEPTED IN 4 TRIES, (AVG 539072.25)
[1, 4, 10, 23, 57, 132, 301, 701, 1636, 3925, 9213, 20843]...: 1616378: ACCEPTED IN 3 TRIES, (AVG 538792.6666666666)
[1, 4, 10, 23, 57, 132, 301, 701, 1636, 3925, 9213, 20844]...: 2154077: ACCEPTED IN 4 TRIES, (AVG 538519.25)
[1, 4, 10, 23, 57, 132, 301, 701, 1636, 3925, 9213, 20849]...: 1076248: ACCEPTED IN 2 TRIES, (AVG 538124.0)
[1, 4, 10, 23, 57, 132, 301, 701, 1636, 3925, 9213, 20875]...: 1614960: ACCEPTED IN 3 TRIES, (AVG 538320.0)
[1, 4, 10, 23, 57, 132, 301, 701, 1636, 3925, 9213, 20880]...: 1615630: ACCEPTED IN 3 TRIES, (AVG 538543.3333333334)
[1, 4, 10, 23, 57, 132, 301, 701, 1636, 3925, 9213, 20883]...: 2155187: ACCEPTED IN 4 TRIES, (AVG 538796.75)
[1, 4, 10, 23, 57, 132, 301, 701, 1636, 3925, 9213, 20885]...: 3773804: ACCEPTED IN 7 TRIES, (AVG 539114.8571428572)
[1, 4, 10, 23, 57, 132, 301, 701, 1636, 3925, 9213, 20906]...: 537383: ACCEPTED IN 1 TRIES, (AVG 537383.0)
[1, 4, 10, 23, 57, 132, 301, 701, 1636, 3925, 9213, 20909]...: 1076477: ACCEPTED IN 2 TRIES, (AVG 538238.5)
[1, 4, 10, 23, 57, 132, 301, 701, 1636, 3925, 9213, 20911]...: 1076722: ACCEPTED IN 2 TRIES, (AVG 538361.0)
[1, 4, 10, 23, 57, 132, 301, 701, 1636, 3925, 9213, 20913]...: 1615904: ACCEPTED IN 3 TRIES, (AVG 538634.6666666666)
[1, 4, 10, 23, 57, 132, 301, 701, 1636, 3925, 9213, 20914]...: 3234770: ACCEPTED IN 6 TRIES, (AVG 539128.3333333334)
[1, 4, 10, 23, 57, 132, 301, 701, 1636, 3925, 9213, 20942]...: 2154408: ACCEPTED IN 4 TRIES, (AVG 538602.0)
[1, 4, 10, 23, 57, 132, 301, 701, 1636, 3925, 9213, 20952]...: 2155445: ACCEPTED IN 4 TRIES, (AVG 538861.25)
[1, 4, 10, 23, 57, 132, 301, 701, 1636, 3925, 9213, 20953]...: 2155900: ACCEPTED IN 4 TRIES, (AVG 538975.0)
[1, 4, 10, 23, 57, 132, 301, 701, 1636, 3925, 9213, 20973]...: 1615993: ACCEPTED IN 3 TRIES, (AVG 538664.3333333334)
[1, 4, 10, 23, 57, 132, 301, 701, 1636, 3925, 9213, 20974]...: 2695029: ACCEPTED IN 5 TRIES, (AVG 539005.8)
[1, 4, 10, 23, 57, 132, 301, 701, 1636, 3925, 9213, 20976]...: 2695823: ACCEPTED IN 5 TRIES, (AVG 539164.6)
[1, 4, 10, 23, 57, 132, 301, 701, 1636, 3925, 9213, 20979]...: 537138: ACCEPTED IN 1 TRIES, (AVG 537138.0)
[1, 4, 10, 23, 57, 132, 301, 701, 1636, 3925, 9213, 20981]...: 537001: ACCEPTED IN 1 TRIES, (AVG 537001.0)
[1, 4, 10, 23, 57, 132, 301, 701, 1636, 3925, 9213, 20983]...: 2155618: ACCEPTED IN 4 TRIES, (AVG 538904.5)
[1, 4, 10, 23, 57, 132, 301, 701, 1636, 3925, 9213, 21008]...: 2155649: ACCEPTED IN 4 TRIES, (AVG 538912.25)
[1, 4, 10, 23, 57, 132, 301, 701, 1636, 3925, 9213, 21012]...: 1616239: ACCEPTED IN 3 TRIES, (AVG 538746.3333333334)
[1, 4, 10, 23, 57, 132, 301, 701, 1636, 3925, 9213, 21016]...: 1615644: ACCEPTED IN 3 TRIES, (AVG 538548.0)
[1, 4, 10, 23, 57, 132, 301, 701, 1636, 3925, 9213, 21044]...: 2155591: ACCEPTED IN 4 TRIES, (AVG 538897.75)
[1, 4, 10, 23, 57, 132, 301, 701, 1636, 3925, 9213, 21046]...: 2695733: ACCEPTED IN 5 TRIES, (AVG 539146.6)
[1, 4, 10, 23, 57, 132, 301, 701, 1636, 3925, 9213, 21049]...: 2156312: ACCEPTED IN 4 TRIES, (AVG 539078.0)
[1, 4, 10, 23, 57, 132, 301, 701, 1636, 3925, 9213, 21072]...: 2155947: ACCEPTED IN 4 TRIES, (AVG 538986.75)
[1, 4, 10, 23, 57, 132, 301, 701, 1636, 3925, 9213, 21076]...: 1616579: ACCEPTED IN 3 TRIES, (AVG 538859.6666666666)
[1, 4, 10, 23, 57, 132, 301, 701, 1636, 3925, 9213, 21077]...: 2154469: ACCEPTED IN 4 TRIES, (AVG 538617.25)
[1, 4, 10, 23, 57, 132, 301, 701, 1636, 3925, 9213, 21080]...: 2155692: ACCEPTED IN 4 TRIES, (AVG 538923.0)
[1, 4, 10, 23, 57, 132, 301, 701, 1636, 3925, 9213, 21081]...: 3233151: ACCEPTED IN 6 TRIES, (AVG 538858.5)
[1, 4, 10, 23, 57, 132, 301, 701, 1636, 3925, 9213, 21082]...: 2155749: ACCEPTED IN 4 TRIES, (AVG 538937.25)
[1, 4, 10, 23, 57, 132, 301, 701, 1636, 3925, 9213, 21084]...: 2154546: ACCEPTED IN 4 TRIES, (AVG 538636.5)
[1, 4, 10, 23, 57, 132, 301, 701, 1636, 3925, 9213, 21107]...: 1616743: ACCEPTED IN 3 TRIES, (AVG 538914.3333333334)
[1, 4, 10, 23, 57, 132, 301, 701, 1636, 3925, 9213, 21117]...: 537568: ACCEPTED IN 1 TRIES, (AVG 537568.0)
[1, 4, 10, 23, 57, 132, 301, 701, 1636, 3925, 9213, 21139]...: 1614863: ACCEPTED IN 3 TRIES, (AVG 538287.6666666666)
[1, 4, 10, 23, 57, 132, 301, 701, 1636, 3925, 9213, 21144]...: 2156269: ACCEPTED IN 4 TRIES, (AVG 539067.25)
[1, 4, 10, 23, 57, 132, 301, 701, 1636, 3925, 9213, 21145]...: 1616723: ACCEPTED IN 3 TRIES, (AVG 538907.6666666666)
[1, 4, 10, 23, 57, 132, 301, 701, 1636, 3925, 9213, 21150]...: 2155861: ACCEPTED IN 4 TRIES, (AVG 538965.25)
[1, 4, 10, 23, 57, 132, 301, 701, 1636, 3925, 9213, 21151]...: 2156079: ACCEPTED IN 4 TRIES, (AVG 539019.75)
[1, 4, 10, 23, 57, 132, 301, 701, 1636, 3925, 9213, 21178]...: 1076750: ACCEPTED IN 2 TRIES, (AVG 538375.0)
[1, 4, 10, 23, 57, 132, 301, 701, 1636, 3925, 9213, 21184]...: 536914: ACCEPTED IN 1 TRIES, (AVG 536914.0)
[1, 4, 10, 23, 57, 132, 301, 701, 1636, 3925, 9213, 21209]...: 536866: ACCEPTED IN 1 TRIES, (AVG 536866.0)
[1, 4, 10, 23, 57, 132, 301, 701, 1636, 3925, 9213, 21215]...: 537249: ACCEPTED IN 1 TRIES, (AVG 537249.0)
[1, 4, 10, 23, 57, 132, 301, 701, 1636, 3925, 9213, 21219]...: 1075982: ACCEPTED IN 2 TRIES, (AVG 537991.0)
[1, 4, 10, 23, 57, 132, 301, 701, 1636, 3925, 9213, 21241]...: 1615980: ACCEPTED IN 3 TRIES, (AVG 538660.0)
[1, 4, 10, 23, 57, 132, 301, 701, 1636, 3925, 9213, 21242]...: 4313902: ACCEPTED IN 8 TRIES, (AVG 539237.75)
[1, 4, 10, 23, 57, 132, 301, 701, 1636, 3925, 9213, 21243]...: 1616644: ACCEPTED IN 3 TRIES, (AVG 538881.3333333334)
[1, 4, 10, 23, 57, 132, 301, 701, 1636, 3925, 9213, 21244]...: 1076627: ACCEPTED IN 2 TRIES, (AVG 538313.5)
[1, 4, 10, 23, 57, 132, 301, 701, 1636, 3925, 9213, 21245]...: 3774037: ACCEPTED IN 7 TRIES, (AVG 539148.1428571428)
[1, 4, 10, 23, 57, 132, 301, 701, 1636, 3925, 9213, 21247]...: 536366: ACCEPTED IN 1 TRIES, (AVG 536366.0)
[1, 4, 10, 23, 57, 132, 301, 701, 1636, 3925, 9213, 21249]...: 1076647: ACCEPTED IN 2 TRIES, (AVG 538323.5)
[1, 4, 10, 23, 57, 132, 301, 701, 1636, 3925, 9213, 21254]...: 537472: ACCEPTED IN 1 TRIES, (AVG 537472.0)
[1, 4, 10, 23, 57, 132, 301, 701, 1636, 3925, 9213, 21274]...: 2695853: ACCEPTED IN 5 TRIES, (AVG 539170.6)
[1, 4, 10, 23, 57, 132, 301, 701, 1636, 3925, 9213, 21275]...: 1076631: ACCEPTED IN 2 TRIES, (AVG 538315.5)
[1, 4, 10, 23, 57, 132, 301, 701, 1636, 3925, 9213, 21276]...: 4853261: ACCEPTED IN 9 TRIES, (AVG 539251.2222222222)
[1, 4, 10, 23, 57, 132, 301, 701, 1636, 3925, 9213, 21277]...: 2154530: ACCEPTED IN 4 TRIES, (AVG 538632.5)
[1, 4, 10, 23, 57, 132, 301, 701, 1636, 3925, 9213, 21279]...: 3234024: ACCEPTED IN 6 TRIES, (AVG 539004.0)
[1, 4, 10, 23, 57, 132, 301, 701, 1636, 3925, 9213, 21282]...: 537032: ACCEPTED IN 1 TRIES, (AVG 537032.0)
[1, 4, 10, 23, 57, 132, 301, 701, 1636, 3925, 9213, 21285]...: 3235202: ACCEPTED IN 6 TRIES, (AVG 539200.3333333334)
[1, 4, 10, 23, 57, 132, 301, 701, 1636, 3925, 9213, 21311]...: 3234099: ACCEPTED IN 6 TRIES, (AVG 539016.5)
[1, 4, 10, 23, 57, 132, 301, 701, 1636, 3925, 9213, 21318]...: 3234561: ACCEPTED IN 6 TRIES, (AVG 539093.5)
[1, 4, 10, 23, 57, 132, 301, 701, 1636, 3925, 9213, 21343]...: 2156164: ACCEPTED IN 4 TRIES, (AVG 539041.0)
[1, 4, 10, 23, 57, 132, 301, 701, 1636, 3925, 9213, 21344]...: 2155651: ACCEPTED IN 4 TRIES, (AVG 538912.75)
[1, 4, 10, 23, 57, 132, 301, 701, 1636, 3925, 9213, 21346]...: 1616513: ACCEPTED IN 3 TRIES, (AVG 538837.6666666666)
[1, 4, 10, 23, 57, 132, 301, 701, 1636, 3925, 9213, 21350]...: 537322: ACCEPTED IN 1 TRIES, (AVG 537322.0)
[1, 4, 10, 23, 57, 132, 301, 701, 1636, 3925, 9213, 21351]...: 1616653: ACCEPTED IN 3 TRIES, (AVG 538884.3333333334)
[1, 4, 10, 23, 57, 132, 301, 701, 1636, 3925, 9213, 21352]...: 3773015: ACCEPTED IN 7 TRIES, (AVG 539002.1428571428)
[1, 4, 10, 23, 57, 132, 301, 701, 1636, 3925, 9213, 21378]...: 2695362: ACCEPTED IN 5 TRIES, (AVG 539072.4)
[1, 4, 10, 23, 57, 132, 301, 701, 1636, 3925, 9213, 21382]...: 1614623: ACCEPTED IN 3 TRIES, (AVG 538207.6666666666)
[1, 4, 10, 23, 57, 132, 301, 701, 1636, 3925, 9213, 21385]...: 1076087: ACCEPTED IN 2 TRIES, (AVG 538043.5)
[1, 4, 10, 23, 57, 132, 301, 701, 1636, 3925, 9213, 21408]...: 2156145: ACCEPTED IN 4 TRIES, (AVG 539036.25)
[1, 4, 10, 23, 57, 132, 301, 701, 1636, 3925, 9213, 21410]...: 2154926: ACCEPTED IN 4 TRIES, (AVG 538731.5)
[1, 4, 10, 23, 57, 132, 301, 701, 1636, 3925, 9213, 21411]...: 1615512: ACCEPTED IN 3 TRIES, (AVG 538504.0)
[1, 4, 10, 23, 57, 132, 301, 701, 1636, 3925, 9213, 21412]...: 2155601: ACCEPTED IN 4 TRIES, (AVG 538900.25)
[1, 4, 10, 23, 57, 132, 301, 701, 1636, 3925, 9213, 21413]...: 2695539: ACCEPTED IN 5 TRIES, (AVG 539107.8)
[1, 4, 10, 23, 57, 132, 301, 701, 1636, 3925, 9213, 21414]...: 1075625: ACCEPTED IN 2 TRIES, (AVG 537812.5)
[1, 4, 10, 23, 57, 132, 301, 701, 1636, 3925, 9213, 21420]...: 1075565: ACCEPTED IN 2 TRIES, (AVG 537782.5)
[1, 4, 10, 23, 57, 132, 301, 701, 1636, 3925, 9213, 21440]...: 1076243: ACCEPTED IN 2 TRIES, (AVG 538121.5)
[1, 4, 10, 23, 57, 132, 301, 701, 1636, 3925, 9213, 21441]...: 1616229: ACCEPTED IN 3 TRIES, (AVG 538743.0)
[1, 4, 10, 23, 57, 132, 301, 701, 1636, 3925, 9213, 21443]...: 3233431: ACCEPTED IN 6 TRIES, (AVG 538905.1666666666)
[1, 4, 10, 23, 57, 132, 301, 701, 1636, 3925, 9213, 21472]...: 1076805: ACCEPTED IN 2 TRIES, (AVG 538402.5)
[1, 4, 10, 23, 57, 132, 301, 701, 1636, 3925, 9213, 21476]...: 2156285: ACCEPTED IN 4 TRIES, (AVG 539071.25)
[1, 4, 10, 23, 57, 132, 301, 701, 1636, 3925, 9213, 21478]...: 1076984: ACCEPTED IN 2 TRIES, (AVG 538492.0)
[1, 4, 10, 23, 57, 132, 301, 701, 1636, 3925, 9213, 21481]...: 2155509: ACCEPTED IN 4 TRIES, (AVG 538877.25)
[1, 4, 10, 23, 57, 132, 301, 701, 1636, 3925, 9213, 21508]...: 1614248: ACCEPTED IN 3 TRIES, (AVG 538082.6666666666)
[1, 4, 10, 23, 57, 132, 301, 701, 1636, 3925, 9213, 21510]...: 2155152: ACCEPTED IN 4 TRIES, (AVG 538788.0)
[1, 4, 10, 23, 57, 132, 301, 701, 1636, 3925, 9213, 21511]...: 2695505: ACCEPTED IN 5 TRIES, (AVG 539101.0)
[1, 4, 10, 23, 57, 132, 301, 701, 1636, 3925, 9213, 21512]...: 1076754: ACCEPTED IN 2 TRIES, (AVG 538377.0)
[1, 4, 10, 23, 57, 132, 301, 701, 1636, 3925, 9213, 21515]...: 2155872: ACCEPTED IN 4 TRIES, (AVG 538968.0)
[1, 4, 10, 23, 57, 132, 301, 701, 1636, 3925, 9213, 21519]...: 2154414: ACCEPTED IN 4 TRIES, (AVG 538603.5)
[1, 4, 10, 23, 57, 132, 301, 701, 1636, 3925, 9213, 21540]...: 1615648: ACCEPTED IN 3 TRIES, (AVG 538549.3333333334)
[1, 4, 10, 23, 57, 132, 301, 701, 1636, 3925, 9213, 21542]...: 1615732: ACCEPTED IN 3 TRIES, (AVG 538577.3333333334)
[1, 4, 10, 23, 57, 132, 301, 701, 1636, 3925, 9213, 21545]...: 1075732: ACCEPTED IN 2 TRIES, (AVG 537866.0)
[1, 4, 10, 23, 57, 132, 301, 701, 1636, 3925, 9213, 21552]...: 2156070: ACCEPTED IN 4 TRIES, (AVG 539017.5)
[1, 4, 10, 23, 57, 132, 301, 701, 1636, 3925, 9213, 21575]...: 1076279: ACCEPTED IN 2 TRIES, (AVG 538139.5)
[1, 4, 10, 23, 57, 132, 301, 701, 1636, 3925, 9213, 21578]...: 3235253: ACCEPTED IN 6 TRIES, (AVG 539208.8333333334)
[1, 4, 10, 23, 57, 132, 301, 701, 1636, 3925, 9213, 21579]...: 4314578: ACCEPTED IN 8 TRIES, (AVG 539322.25)
[1, 4, 10, 23, 57, 132, 301, 701, 1636, 3925, 9213, 21582]...: 537484: ACCEPTED IN 1 TRIES, (AVG 537484.0)
[1, 4, 10, 23, 57, 132, 301, 701, 1636, 3925, 9213, 21583]...: 2156309: ACCEPTED IN 4 TRIES, (AVG 539077.25)
[1, 4, 10, 23, 57, 132, 301, 701, 1636, 3925, 9213, 21610]...: 1075905: ACCEPTED IN 2 TRIES, (AVG 537952.5)
[1, 4, 10, 23, 57, 132, 301, 701, 1636, 3925, 9213, 21611]...: 2155625: ACCEPTED IN 4 TRIES, (AVG 538906.25)
[1, 4, 10, 23, 57, 132, 301, 701, 1636, 3925, 9213, 21613]...: 2154928: ACCEPTED IN 4 TRIES, (AVG 538732.0)
[1, 4, 10, 23, 57, 132, 301, 701, 1636, 3925, 9213, 21615]...: 1076431: ACCEPTED IN 2 TRIES, (AVG 538215.5)
[1, 4, 10, 23, 57, 132, 301, 701, 1636, 3925, 9213, 21616]...: 1076488: ACCEPTED IN 2 TRIES, (AVG 538244.0)
[1, 4, 10, 23, 57, 132, 301, 701, 1636, 3925, 9213, 21618]...: 1077026: ACCEPTED IN 2 TRIES, (AVG 538513.0)
[1, 4, 10, 23, 57, 132, 301, 701, 1636, 3925, 9213, 21619]...: 1616223: ACCEPTED IN 3 TRIES, (AVG 538741.0)
[1, 4, 10, 23, 57, 132, 301, 701, 1636, 3925, 9213, 21641]...: 2155991: ACCEPTED IN 4 TRIES, (AVG 538997.75)
[1, 4, 10, 23, 57, 132, 301, 701, 1636, 3925, 9213, 21642]...: 2155915: ACCEPTED IN 4 TRIES, (AVG 538978.75)
[1, 4, 10, 23, 57, 132, 301, 701, 1636, 3925, 9213, 21645]...: 2154498: ACCEPTED IN 4 TRIES, (AVG 538624.5)
[1, 4, 10, 23, 57, 132, 301, 701, 1636, 3925, 9213, 21647]...: 1616421: ACCEPTED IN 3 TRIES, (AVG 538807.0)
[1, 4, 10, 23, 57, 132, 301, 701, 1636, 3925, 9213, 21651]...: 3774347: ACCEPTED IN 7 TRIES, (AVG 539192.4285714285)
[1, 4, 10, 23, 57, 132, 301, 701, 1636, 3925, 9213, 21654]...: 4853107: ACCEPTED IN 9 TRIES, (AVG 539234.1111111111)
[1, 4, 10, 23, 57, 132, 301, 701, 1636, 3925, 9213, 21674]...: 1075831: ACCEPTED IN 2 TRIES, (AVG 537915.5)
[1, 4, 10, 23, 57, 132, 301, 701, 1636, 3925, 9213, 21675]...: 537300: ACCEPTED IN 1 TRIES, (AVG 537300.0)
[1, 4, 10, 23, 57, 132, 301, 701, 1636, 3925, 9213, 21676]...: 1076667: ACCEPTED IN 2 TRIES, (AVG 538333.5)
[1, 4, 10, 23, 57, 132, 301, 701, 1636, 3925, 9213, 21686]...: 2155422: ACCEPTED IN 4 TRIES, (AVG 538855.5)
[1, 4, 10, 23, 57, 132, 301, 701, 1636, 3925, 9213, 21687]...: 2695832: ACCEPTED IN 5 TRIES, (AVG 539166.4)
[1, 4, 10, 23, 57, 132, 301, 701, 1636, 3925, 9213, 21709]...: 537493: ACCEPTED IN 1 TRIES, (AVG 537493.0)
[1, 4, 10, 23, 57, 132, 301, 701, 1636, 3925, 9213, 21711]...: 1615301: ACCEPTED IN 3 TRIES, (AVG 538433.6666666666)
[1, 4, 10, 23, 57, 132, 301, 701, 1636, 3925, 9213, 21712]...: 1076694: ACCEPTED IN 2 TRIES, (AVG 538347.0)
[1, 4, 10, 23, 57, 132, 301, 701, 1636, 3925, 9213, 21713]...: 2695413: ACCEPTED IN 5 TRIES, (AVG 539082.6)
[1, 4, 10, 23, 57, 132, 301, 701, 1636, 3925, 9213, 21714]...: 1076615: ACCEPTED IN 2 TRIES, (AVG 538307.5)
[1, 4, 10, 23, 57, 132, 301, 701, 1636, 3925, 9213, 21745]...: 1616580: ACCEPTED IN 3 TRIES, (AVG 538860.0)
[1, 4, 10, 23, 57, 132, 301, 701, 1636, 3925, 9213, 21746]...: 1616579: ACCEPTED IN 3 TRIES, (AVG 538859.6666666666)
[1, 4, 10, 23, 57, 132, 301, 701, 1636, 3925, 9213, 21747]...: 2155492: ACCEPTED IN 4 TRIES, (AVG 538873.0)
[1, 4, 10, 23, 57, 132, 301, 701, 1636, 3925, 9213, 21748]...: 2695114: ACCEPTED IN 5 TRIES, (AVG 539022.8)
[1, 4, 10, 23, 57, 132, 301, 701, 1636, 3925, 9213, 21749]...: 2694999: ACCEPTED IN 5 TRIES, (AVG 538999.8)
[1, 4, 10, 23, 57, 132, 301, 701, 1636, 3925, 9213, 21751]...: 2155550: ACCEPTED IN 4 TRIES, (AVG 538887.5)
[1, 4, 10, 23, 57, 132, 301, 701, 1636, 3925, 9213, 21753]...: 537480: ACCEPTED IN 1 TRIES, (AVG 537480.0)
[1, 4, 10, 23, 57, 132, 301, 701, 1636, 3925, 9213, 21778]...: 2155078: ACCEPTED IN 4 TRIES, (AVG 538769.5)
[1, 4, 10, 23, 57, 132, 301, 701, 1636, 3925, 9213, 21779]...: 1616611: ACCEPTED IN 3 TRIES, (AVG 538870.3333333334)
[1, 4, 10, 23, 57, 132, 301, 701, 1636, 3925, 9213, 21782]...: 1077098: ACCEPTED IN 2 TRIES, (AVG 538549.0)
[1, 4, 10, 23, 57, 132, 301, 701, 1636, 3925, 9213, 21784]...: 2155358: ACCEPTED IN 4 TRIES, (AVG 538839.5)
[1, 4, 10, 23, 57, 132, 301, 701, 1636, 3925, 9213, 21785]...: 1076994: ACCEPTED IN 2 TRIES, (AVG 538497.0)
[1, 4, 10, 23, 57, 132, 301, 701, 1636, 3925, 9213, 21786]...: 2695805: ACCEPTED IN 5 TRIES, (AVG 539161.0)
[1, 4, 10, 23, 57, 132, 301, 701, 1636, 3925, 9213, 21809]...: 2156128: ACCEPTED IN 4 TRIES, (AVG 539032.0)
[1, 4, 10, 23, 57, 132, 301, 701, 1636, 3925, 9213, 21810]...: 2155350: ACCEPTED IN 4 TRIES, (AVG 538837.5)
[1, 4, 10, 23, 57, 132, 301, 701, 1636, 3925, 9213, 21812]...: 3773938: ACCEPTED IN 7 TRIES, (AVG 539134.0)
[1, 4, 10, 23, 57, 132, 301, 701, 1636, 3925, 9213, 21813]...: 5392778: ACCEPTED IN 10 TRIES, (AVG 539277.8)
[1, 4, 10, 23, 57, 132, 301, 701, 1636, 3925, 9213, 21820]...: 1616510: ACCEPTED IN 3 TRIES, (AVG 538836.6666666666)
[1, 4, 10, 23, 57, 132, 301, 701, 1636, 3925, 9213, 21846]...: 2155460: ACCEPTED IN 4 TRIES, (AVG 538865.0)
[1, 4, 10, 23, 57, 132, 301, 701, 1636, 3925, 9213, 21849]...: 1076956: ACCEPTED IN 2 TRIES, (AVG 538478.0)
[1, 4, 10, 23, 57, 132, 301, 701, 1636, 3925, 9213, 21851]...: 2694217: ACCEPTED IN 5 TRIES, (AVG 538843.4)
[1, 4, 10, 23, 57, 132, 301, 701, 1636, 3925, 9213, 21853]...: 2155022: ACCEPTED IN 4 TRIES, (AVG 538755.5)
[1, 4, 10, 23, 57, 132, 301, 701, 1636, 3925, 9213, 21876]...: 2154881: ACCEPTED IN 4 TRIES, (AVG 538720.25)
[1, 4, 10, 23, 57, 132, 301, 701, 1636, 3925, 9213, 21877]...: 2154938: ACCEPTED IN 4 TRIES, (AVG 538734.5)
[1, 4, 10, 23, 57, 132, 301, 701, 1636, 3925, 9213, 21878]...: 2156227: ACCEPTED IN 4 TRIES, (AVG 539056.75)
[1, 4, 10, 23, 57, 132, 301, 701, 1636, 3925, 9213, 21880]...: 2156238: ACCEPTED IN 4 TRIES, (AVG 539059.5)
[1, 4, 10, 23, 57, 132, 301, 701, 1636, 3925, 9213, 21881]...: 4313825: ACCEPTED IN 8 TRIES, (AVG 539228.125)
[1, 4, 10, 23, 57, 132, 301, 701, 1636, 3925, 9213, 21885]...: 1076945: ACCEPTED IN 2 TRIES, (AVG 538472.5)
[1, 4, 10, 23, 57, 132, 301, 701, 1636, 3925, 9213, 21887]...: 2694730: ACCEPTED IN 5 TRIES, (AVG 538946.0)
[1, 4, 10, 23, 57, 132, 301, 701, 1636, 3925, 9213, 21908]...: 2154955: ACCEPTED IN 4 TRIES, (AVG 538738.75)
[1, 4, 10, 23, 57, 132, 301, 701, 1636, 3925, 9213, 21909]...: 3235272: ACCEPTED IN 6 TRIES, (AVG 539212.0)
[1, 4, 10, 23, 57, 132, 301, 701, 1636, 3925, 9213, 21910]...: 1616420: ACCEPTED IN 3 TRIES, (AVG 538806.6666666666)
[1, 4, 10, 23, 57, 132, 301, 701, 1636, 3925, 9213, 21911]...: 2695587: ACCEPTED IN 5 TRIES, (AVG 539117.4)
[1, 4, 10, 23, 57, 132, 301, 701, 1636, 3925, 9213, 21913]...: 2154314: ACCEPTED IN 4 TRIES, (AVG 538578.5)
[1, 4, 10, 23, 57, 132, 301, 701, 1636, 3925, 9213, 21915]...: 2154205: ACCEPTED IN 4 TRIES, (AVG 538551.25)
[1, 4, 10, 23, 57, 132, 301, 701, 1636, 3925, 9213, 21917]...: 2155183: ACCEPTED IN 4 TRIES, (AVG 538795.75)
[1, 4, 10, 23, 57, 132, 301, 701, 1636, 3925, 9213, 21919]...: 2695122: ACCEPTED IN 5 TRIES, (AVG 539024.4)
[1, 4, 10, 23, 57, 132, 301, 701, 1636, 3925, 9213, 21920]...: 1076978: ACCEPTED IN 2 TRIES, (AVG 538489.0)
[1, 4, 10, 23, 57, 132, 301, 701, 1636, 3925, 9213, 21942]...: 1614876: ACCEPTED IN 3 TRIES, (AVG 538292.0)
[1, 4, 10, 23, 57, 132, 301, 701, 1636, 3925, 9213, 21944]...: 1614640: ACCEPTED IN 3 TRIES, (AVG 538213.3333333334)
[1, 4, 10, 23, 57, 132, 301, 701, 1636, 3925, 9213, 21948]...: 2154824: ACCEPTED IN 4 TRIES, (AVG 538706.0)
[1, 4, 10, 23, 57, 132, 301, 701, 1636, 3925, 9213, 21951]...: 2154324: ACCEPTED IN 4 TRIES, (AVG 538581.0)
[1, 4, 10, 23, 57, 132, 301, 701, 1636, 3925, 9213, 21952]...: 2155970: ACCEPTED IN 4 TRIES, (AVG 538992.5)
[1, 4, 10, 23, 57, 132, 301, 701, 1636, 3925, 9213, 21975]...: 1615796: ACCEPTED IN 3 TRIES, (AVG 538598.6666666666)
[1, 4, 10, 23, 57, 132, 301, 701, 1636, 3925, 9213, 21977]...: 2156200: ACCEPTED IN 4 TRIES, (AVG 539050.0)
[1, 4, 10, 23, 57, 132, 301, 701, 1636, 3925, 9213, 21978]...: 2155851: ACCEPTED IN 4 TRIES, (AVG 538962.75)
[1, 4, 10, 23, 57, 132, 301, 701, 1636, 3925, 9213, 21979]...: 2155320: ACCEPTED IN 4 TRIES, (AVG 538830.0)
[1, 4, 10, 23, 57, 132, 301, 701, 1636, 3925, 9213, 21980]...: 2153596: ACCEPTED IN 4 TRIES, (AVG 538399.0)
[1, 4, 10, 23, 57, 132, 301, 701, 1636, 3925, 9213, 21981]...: 1076823: ACCEPTED IN 2 TRIES, (AVG 538411.5)
[1, 4, 10, 23, 57, 132, 301, 701, 1636, 3925, 9213, 21982]...: 1076995: ACCEPTED IN 2 TRIES, (AVG 538497.5)
[1, 4, 10, 23, 57, 132, 301, 701, 1636, 3925, 9213, 21983]...: 2153941: ACCEPTED IN 4 TRIES, (AVG 538485.25)
[1, 4, 10, 23, 57, 132, 301, 701, 1636, 3925, 9213, 21984]...: 536912: ACCEPTED IN 1 TRIES, (AVG 536912.0)
[1, 4, 10, 23, 57, 132, 301, 701, 1636, 3925, 9213, 21985]...: 2155915: ACCEPTED IN 4 TRIES, (AVG 538978.75)
[1, 4, 10, 23, 57, 132, 301, 701, 1636, 3925, 9213, 22010]...: 537016: ACCEPTED IN 1 TRIES, (AVG 537016.0)
[1, 4, 10, 23, 57, 132, 301, 701, 1636, 3925, 9213, 22011]...: 1614890: ACCEPTED IN 3 TRIES, (AVG 538296.6666666666)
[1, 4, 10, 23, 57, 132, 301, 701, 1636, 3925, 9213, 22012]...: 2155357: ACCEPTED IN 4 TRIES, (AVG 538839.25)
[1, 4, 10, 23, 57, 132, 301, 701, 1636, 3925, 9213, 22013]...: 2695241: ACCEPTED IN 5 TRIES, (AVG 539048.2)
[1, 4, 10, 23, 57, 132, 301, 701, 1636, 3925, 9213, 22014]...: 2694428: ACCEPTED IN 5 TRIES, (AVG 538885.6)
[1, 4, 10, 23, 57, 132, 301, 701, 1636, 3925, 9213, 22015]...: 2695302: ACCEPTED IN 5 TRIES, (AVG 539060.4)
[1, 4, 10, 23, 57, 132, 301, 701, 1636, 3925, 9213, 22016]...: 1616694: ACCEPTED IN 3 TRIES, (AVG 538898.0)
[1, 4, 10, 23, 57, 132, 301, 701, 1636, 3925, 9213, 22017]...: 3235019: ACCEPTED IN 6 TRIES, (AVG 539169.8333333334)
[1, 4, 10, 23, 57, 132, 301, 701, 1636, 3925, 9213, 22018]...: 2155867: ACCEPTED IN 4 TRIES, (AVG 538966.75)
[1, 4, 10, 23, 57, 132, 301, 701, 1636, 3925, 9213, 22019]...: 1615296: ACCEPTED IN 3 TRIES, (AVG 538432.0)
[1, 4, 10, 23, 57, 132, 301, 701, 1636, 3925, 9213, 22042]...: 2155499: ACCEPTED IN 4 TRIES, (AVG 538874.75)
[1, 4, 10, 23, 57, 132, 301, 701, 1636, 3925, 9213, 22043]...: 2695832: ACCEPTED IN 5 TRIES, (AVG 539166.4)
[1, 4, 10, 23, 57, 132, 301, 701, 1636, 3925, 9213, 22044]...: 1075840: ACCEPTED IN 2 TRIES, (AVG 537920.0)
[1, 4, 10, 23, 57, 132, 301, 701, 1636, 3925, 9213, 22046]...: 1077015: ACCEPTED IN 2 TRIES, (AVG 538507.5)
[1, 4, 10, 23, 57, 132, 301, 701, 1636, 3925, 9213, 22047]...: 6471332: ACCEPTED IN 12 TRIES, (AVG 539277.6666666666)
[1, 4, 10, 23, 57, 132, 301, 701, 1636, 3925, 9213, 22049]...: 2155740: ACCEPTED IN 4 TRIES, (AVG 538935.0)
[1, 4, 10, 23, 57, 132, 301, 701, 1636, 3925, 9213, 22050]...: 2154383: ACCEPTED IN 4 TRIES, (AVG 538595.75)
[1, 4, 10, 23, 57, 132, 301, 701, 1636, 3925, 9213, 22051]...: 1076319: ACCEPTED IN 2 TRIES, (AVG 538159.5)
[1, 4, 10, 23, 57, 132, 301, 701, 1636, 3925, 9213, 22052]...: 11868132: ACCEPTED IN 22 TRIES, (AVG 539460.5454545454)
[1, 4, 10, 23, 57, 132, 301, 701, 1636, 3925, 9213, 22053]...: 2155731: ACCEPTED IN 4 TRIES, (AVG 538932.75)
[1, 4, 10, 23, 57, 132, 301, 701, 1636, 3925, 9213, 22054]...: 1615569: ACCEPTED IN 3 TRIES, (AVG 538523.0)
[1, 4, 10, 23, 57, 132, 301, 701, 1636, 3925, 9213, 22074]...: 1616465: ACCEPTED IN 3 TRIES, (AVG 538821.6666666666)
[1, 4, 10, 23, 57, 132, 301, 701, 1636, 3925, 9213, 22079]...: 1076635: ACCEPTED IN 2 TRIES, (AVG 538317.5)
[1, 4, 10, 23, 57, 132, 301, 701, 1636, 3925, 9213, 22082]...: 3235317: ACCEPTED IN 6 TRIES, (AVG 539219.5)
[1, 4, 10, 23, 57, 132, 301, 701, 1636, 3925, 9213, 22084]...: 3234122: ACCEPTED IN 6 TRIES, (AVG 539020.3333333334)
[1, 4, 10, 23, 57, 132, 301, 701, 1636, 3925, 9213, 22085]...: 2155137: ACCEPTED IN 4 TRIES, (AVG 538784.25)
[1, 4, 10, 23, 57, 132, 301, 701, 1636, 3925, 9213, 22086]...: 2153856: ACCEPTED IN 4 TRIES, (AVG 538464.0)
[1, 4, 10, 23, 57, 132, 301, 701, 1636, 3925, 9213, 22087]...: 3233826: ACCEPTED IN 6 TRIES, (AVG 538971.0)
