[1, 4, 10, 23, 57, 132, 301, 701, 1636, 3925, 8872, 19525]...: 18384488: ACCEPTED IN 34 TRIES, (AVG 540720.2352941176)
[1, 4, 10, 23, 57, 132, 301, 701, 1636, 3925, 8872, 19527]...: 64920129: ACCEPTED IN 120 TRIES, (AVG 541001.075)
[1, 4, 10, 23, 57, 132, 301, 701, 1636, 3925, 8872, 19529]...: 18383941: ACCEPTED IN 34 TRIES, (AVG 540704.1470588235)
[1, 4, 10, 23, 57, 132, 301, 701, 1636, 3925, 8872, 19534]...: 15678583: ACCEPTED IN 29 TRIES, (AVG 540640.7931034482)
[1, 4, 10, 23, 57, 132, 301, 701, 1636, 3925, 8872, 19557]...: 31911290: ACCEPTED IN 59 TRIES, (AVG 540869.3220338983)
[1, 4, 10, 23, 57, 132, 301, 701, 1636, 3925, 8872, 19558]...: 14596543: ACCEPTED IN 27 TRIES, (AVG 540612.7037037037)
[1, 4, 10, 23, 57, 132, 301, 701, 1636, 3925, 8872, 19561]...: 24334883: ACCEPTED IN 45 TRIES, (AVG 540775.1777777778)
[1, 4, 10, 23, 57, 132, 301, 701, 1636, 3925, 8872, 19567]...: 15678495: ACCEPTED IN 29 TRIES, (AVG 540637.7586206896)
[1, 4, 10, 23, 57, 132, 301, 701, 1636, 3925, 8872, 19590]...: 11349477: ACCEPTED IN 21 TRIES, (AVG 540451.2857142857)
[1, 4, 10, 23, 57, 132, 301, 701, 1636, 3925, 8872, 19591]...: 20547497: ACCEPTED IN 38 TRIES, (AVG 540723.6052631579)
[1, 4, 10, 23, 57, 132, 301, 701, 1636, 3925, 8872, 19594]...: 16219909: ACCEPTED IN 30 TRIES, (AVG 540663.6333333333)
[1, 4, 10, 23, 57, 132, 301, 701, 1636, 3925, 8872, 19622]...: 17300883: ACCEPTED IN 32 TRIES, (AVG 540652.59375)
[1, 4, 10, 23, 57, 132, 301, 701, 1636, 3925, 8872, 19624]...: 12431978: ACCEPTED IN 23 TRIES, (AVG 540520.7826086957)
[1, 4, 10, 23, 57, 132, 301, 701, 1636, 3925, 8872, 19626]...: 17301335: ACCEPTED IN 32 TRIES, (AVG 540666.71875)
[1, 4, 10, 23, 57, 132, 301, 701, 1636, 3925, 8872, 19627]...: 26501596: ACCEPTED IN 49 TRIES, (AVG 540848.8979591837)
[1, 4, 10, 23, 57, 132, 301, 701, 1636, 3925, 8872, 19628]...: 28124916: ACCEPTED IN 52 TRIES, (AVG 540863.7692307692)
[1, 4, 10, 23, 57, 132, 301, 701, 1636, 3925, 8872, 19657]...: 15136830: ACCEPTED IN 28 TRIES, (AVG 540601.0714285715)
[1, 4, 10, 23, 57, 132, 301, 701, 1636, 3925, 8872, 19659]...: 15137205: ACCEPTED IN 28 TRIES, (AVG 540614.4642857143)
[1, 4, 10, 23, 57, 132, 301, 701, 1636, 3925, 8872, 19660]...: 18383119: ACCEPTED IN 34 TRIES, (AVG 540679.9705882353)
[1, 4, 10, 23, 57, 132, 301, 701, 1636, 3925, 8872, 19661]...: 15677769: ACCEPTED IN 29 TRIES, (AVG 540612.724137931)
[1, 4, 10, 23, 57, 132, 301, 701, 1636, 3925, 8872, 19666]...: 12431785: ACCEPTED IN 23 TRIES, (AVG 540512.3913043478)
[1, 4, 10, 23, 57, 132, 301, 701, 1636, 3925, 8872, 19689]...: 11890831: ACCEPTED IN 22 TRIES, (AVG 540492.3181818182)
[1, 4, 10, 23, 57, 132, 301, 701, 1636, 3925, 8872, 19693]...: 15137963: ACCEPTED IN 28 TRIES, (AVG 540641.5357142857)
[1, 4, 10, 23, 57, 132, 301, 701, 1636, 3925, 8872, 19696]...: 27582874: ACCEPTED IN 51 TRIES, (AVG 540840.6666666666)
[1, 4, 10, 23, 57, 132, 301, 701, 1636, 3925, 8872, 19723]...: 18382971: ACCEPTED IN 34 TRIES, (AVG 540675.6176470588)
[1, 4, 10, 23, 57, 132, 301, 701, 1636, 3925, 8872, 19726]...: 13514358: ACCEPTED IN 25 TRIES, (AVG 540574.32)
[1, 4, 10, 23, 57, 132, 301, 701, 1636, 3925, 8872, 19727]...: 12432319: ACCEPTED IN 23 TRIES, (AVG 540535.6086956522)
[1, 4, 10, 23, 57, 132, 301, 701, 1636, 3925, 8872, 19756]...: 7560938: ACCEPTED IN 14 TRIES, (AVG 540067.0)
[1, 4, 10, 23, 57, 132, 301, 701, 1636, 3925, 8872, 19759]...: 16219532: ACCEPTED IN 30 TRIES, (AVG 540651.0666666667)
[1, 4, 10, 23, 57, 132, 301, 701, 1636, 3925, 8872, 19760]...: 43274268: ACCEPTED IN 80 TRIES, (AVG 540928.35)
[1, 4, 10, 23, 57, 132, 301, 701, 1636, 3925, 8872, 19763]...: 19465896: ACCEPTED IN 36 TRIES, (AVG 540719.3333333334)
[1, 4, 10, 23, 57, 132, 301, 701, 1636, 3925, 8872, 19791]...: 15678936: ACCEPTED IN 29 TRIES, (AVG 540652.9655172414)
[1, 4, 10, 23, 57, 132, 301, 701, 1636, 3925, 8872, 19792]...: 17300745: ACCEPTED IN 32 TRIES, (AVG 540648.28125)
[1, 4, 10, 23, 57, 132, 301, 701, 1636, 3925, 8872, 19793]...: 15137977: ACCEPTED IN 28 TRIES, (AVG 540642.0357142857)
[1, 4, 10, 23, 57, 132, 301, 701, 1636, 3925, 8872, 19795]...: 17302414: ACCEPTED IN 32 TRIES, (AVG 540700.4375)
[1, 4, 10, 23, 57, 132, 301, 701, 1636, 3925, 8872, 19825]...: 7020912: ACCEPTED IN 13 TRIES, (AVG 540070.1538461539)
[1, 4, 10, 23, 57, 132, 301, 701, 1636, 3925, 8872, 19826]...: 18384624: ACCEPTED IN 34 TRIES, (AVG 540724.2352941176)
[1, 4, 10, 23, 57, 132, 301, 701, 1636, 3925, 8872, 19828]...: 15678477: ACCEPTED IN 29 TRIES, (AVG 540637.1379310344)
[1, 4, 10, 23, 57, 132, 301, 701, 1636, 3925, 8872, 19830]...: 19466744: ACCEPTED IN 36 TRIES, (AVG 540742.8888888889)
[1, 4, 10, 23, 57, 132, 301, 701, 1636, 3925, 8872, 19835]...: 15137019: ACCEPTED IN 28 TRIES, (AVG 540607.8214285715)
[1, 4, 10, 23, 57, 132, 301, 701, 1636, 3925, 8872, 19855]...: 16760778: ACCEPTED IN 31 TRIES, (AVG 540670.2580645161)
[1, 4, 10, 23, 57, 132, 301, 701, 1636, 3925, 8872, 19858]...: 15678627: ACCEPTED IN 29 TRIES, (AVG 540642.3103448276)
[1, 4, 10, 23, 57, 132, 301, 701, 1636, 3925, 8872, 19859]...: 20547881: ACCEPTED IN 38 TRIES, (AVG 540733.7105263158)
[1, 4, 10, 23, 57, 132, 301, 701, 1636, 3925, 8872, 19862]...: 10267318: ACCEPTED IN 19 TRIES, (AVG 540385.1578947369)
[1, 4, 10, 23, 57, 132, 301, 701, 1636, 3925, 8872, 19891]...: 20547917: ACCEPTED IN 38 TRIES, (AVG 540734.6578947369)
[1, 4, 10, 23, 57, 132, 301, 701, 1636, 3925, 8872, 19892]...: 7020375: ACCEPTED IN 13 TRIES, (AVG 540028.8461538461)
[1, 4, 10, 23, 57, 132, 301, 701, 1636, 3925, 8872, 19894]...: 40570280: ACCEPTED IN 75 TRIES, (AVG 540937.0666666667)
[1, 4, 10, 23, 57, 132, 301, 701, 1636, 3925, 8872, 19895]...: 8643270: ACCEPTED IN 16 TRIES, (AVG 540204.375)
[1, 4, 10, 23, 57, 132, 301, 701, 1636, 3925, 8872, 19923]...: 12431104: ACCEPTED IN 23 TRIES, (AVG 540482.7826086957)
[1, 4, 10, 23, 57, 132, 301, 701, 1636, 3925, 8872, 19925]...: 12431994: ACCEPTED IN 23 TRIES, (AVG 540521.4782608695)
[1, 4, 10, 23, 57, 132, 301, 701, 1636, 3925, 8872, 19927]...: 7020345: ACCEPTED IN 13 TRIES, (AVG 540026.5384615385)
[1, 4, 10, 23, 57, 132, 301, 701, 1636, 3925, 8872, 19929]...: 8102861: ACCEPTED IN 15 TRIES, (AVG 540190.7333333333)
[1, 4, 10, 23, 57, 132, 301, 701, 1636, 3925, 8872, 19957]...: 12431962: ACCEPTED IN 23 TRIES, (AVG 540520.0869565217)
[1, 4, 10, 23, 57, 132, 301, 701, 1636, 3925, 8872, 19958]...: 23253360: ACCEPTED IN 43 TRIES, (AVG 540775.8139534884)
[1, 4, 10, 23, 57, 132, 301, 701, 1636, 3925, 8872, 19960]...: 31910420: ACCEPTED IN 59 TRIES, (AVG 540854.5762711865)
[1, 4, 10, 23, 57, 132, 301, 701, 1636, 3925, 8872, 19961]...: 18384176: ACCEPTED IN 34 TRIES, (AVG 540711.0588235294)
[1, 4, 10, 23, 57, 132, 301, 701, 1636, 3925, 8872, 19962]...: 21088447: ACCEPTED IN 39 TRIES, (AVG 540729.4102564103)
[1, 4, 10, 23, 57, 132, 301, 701, 1636, 3925, 8872, 19967]...: 9726171: ACCEPTED IN 18 TRIES, (AVG 540342.8333333334)
[1, 4, 10, 23, 57, 132, 301, 701, 1636, 3925, 8872, 19990]...: 16219524: ACCEPTED IN 30 TRIES, (AVG 540650.8)
[1, 4, 10, 23, 57, 132, 301, 701, 1636, 3925, 8872, 19994]...: 81697378: ACCEPTED IN 151 TRIES, (AVG 541042.238410596)
[1, 4, 10, 23, 57, 132, 301, 701, 1636, 3925, 8872, 19997]...: 12432116: ACCEPTED IN 23 TRIES, (AVG 540526.7826086957)
[1, 4, 10, 23, 57, 132, 301, 701, 1636, 3925, 8872, 20024]...: 16761387: ACCEPTED IN 31 TRIES, (AVG 540689.9032258064)
[1, 4, 10, 23, 57, 132, 301, 701, 1636, 3925, 8872, 20026]...: 17842735: ACCEPTED IN 33 TRIES, (AVG 540688.9393939395)
[1, 4, 10, 23, 57, 132, 301, 701, 1636, 3925, 8872, 20027]...: 31370365: ACCEPTED IN 58 TRIES, (AVG 540868.3620689656)
[1, 4, 10, 23, 57, 132, 301, 701, 1636, 3925, 8872, 20028]...: 20548608: ACCEPTED IN 38 TRIES, (AVG 540752.8421052631)
[1, 4, 10, 23, 57, 132, 301, 701, 1636, 3925, 8872, 20057]...: 15137070: ACCEPTED IN 28 TRIES, (AVG 540609.6428571428)
[1, 4, 10, 23, 57, 132, 301, 701, 1636, 3925, 8872, 20059]...: 11890607: ACCEPTED IN 22 TRIES, (AVG 540482.1363636364)
[1, 4, 10, 23, 57, 132, 301, 701, 1636, 3925, 8872, 20060]...: 15136420: ACCEPTED IN 28 TRIES, (AVG 540586.4285714285)
[1, 4, 10, 23, 57, 132, 301, 701, 1636, 3925, 8872, 20061]...: 12431889: ACCEPTED IN 23 TRIES, (AVG 540516.9130434783)
[1, 4, 10, 23, 57, 132, 301, 701, 1636, 3925, 8872, 20064]...: 18384428: ACCEPTED IN 34 TRIES, (AVG 540718.4705882353)
[1, 4, 10, 23, 57, 132, 301, 701, 1636, 3925, 8872, 20089]...: 12431257: ACCEPTED IN 23 TRIES, (AVG 540489.4347826086)
[1, 4, 10, 23, 57, 132, 301, 701, 1636, 3925, 8872, 20092]...: 19464804: ACCEPTED IN 36 TRIES, (AVG 540689.0)
[1, 4, 10, 23, 57, 132, 301, 701, 1636, 3925, 8872, 20093]...: 11350071: ACCEPTED IN 21 TRIES, (AVG 540479.5714285715)
[1, 4, 10, 23, 57, 132, 301, 701, 1636, 3925, 8872, 20094]...: 8103203: ACCEPTED IN 15 TRIES, (AVG 540213.5333333333)
[1, 4, 10, 23, 57, 132, 301, 701, 1636, 3925, 8872, 20096]...: 14596081: ACCEPTED IN 27 TRIES, (AVG 540595.5925925926)
[1, 4, 10, 23, 57, 132, 301, 701, 1636, 3925, 8872, 20126]...: 21090404: ACCEPTED IN 39 TRIES, (AVG 540779.5897435897)
[1, 4, 10, 23, 57, 132, 301, 701, 1636, 3925, 8872, 20127]...: 7559750: ACCEPTED IN 14 TRIES, (AVG 539982.1428571428)
[1, 4, 10, 23, 57, 132, 301, 701, 1636, 3925, 8872, 20128]...: 12431410: ACCEPTED IN 23 TRIES, (AVG 540496.0869565217)
[1, 4, 10, 23, 57, 132, 301, 701, 1636, 3925, 8872, 20129]...: 18383417: ACCEPTED IN 34 TRIES, (AVG 540688.7352941176)
[1, 4, 10, 23, 57, 132, 301, 701, 1636, 3925, 8872, 20136]...: 12429077: ACCEPTED IN 23 TRIES, (AVG 540394.6521739131)
[1, 4, 10, 23, 57, 132, 301, 701, 1636, 3925, 8872, 20156]...: 9726663: ACCEPTED IN 18 TRIES, (AVG 540370.1666666666)
[1, 4, 10, 23, 57, 132, 301, 701, 1636, 3925, 8872, 20159]...: 4856325: ACCEPTED IN 9 TRIES, (AVG 539591.6666666666)
[1, 4, 10, 23, 57, 132, 301, 701, 1636, 3925, 8872, 20160]...: 23796119: ACCEPTED IN 44 TRIES, (AVG 540820.8863636364)
[1, 4, 10, 23, 57, 132, 301, 701, 1636, 3925, 8872, 20163]...: 16219486: ACCEPTED IN 30 TRIES, (AVG 540649.5333333333)
[1, 4, 10, 23, 57, 132, 301, 701, 1636, 3925, 8872, 20191]...: 15137796: ACCEPTED IN 28 TRIES, (AVG 540635.5714285715)
[1, 4, 10, 23, 57, 132, 301, 701, 1636, 3925, 8872, 20192]...: 9184556: ACCEPTED IN 17 TRIES, (AVG 540268.0)
[1, 4, 10, 23, 57, 132, 301, 701, 1636, 3925, 8872, 20193]...: 15679045: ACCEPTED IN 29 TRIES, (AVG 540656.724137931)
[1, 4, 10, 23, 57, 132, 301, 701, 1636, 3925, 8872, 20195]...: 14055582: ACCEPTED IN 26 TRIES, (AVG 540599.3076923077)
[1, 4, 10, 23, 57, 132, 301, 701, 1636, 3925, 8872, 20196]...: 18384005: ACCEPTED IN 34 TRIES, (AVG 540706.0294117647)
[1, 4, 10, 23, 57, 132, 301, 701, 1636, 3925, 8872, 20224]...: 18381421: ACCEPTED IN 34 TRIES, (AVG 540630.0294117647)
[1, 4, 10, 23, 57, 132, 301, 701, 1636, 3925, 8872, 20226]...: 15678899: ACCEPTED IN 29 TRIES, (AVG 540651.6896551724)
[1, 4, 10, 23, 57, 132, 301, 701, 1636, 3925, 8872, 20228]...: 14595238: ACCEPTED IN 27 TRIES, (AVG 540564.3703703703)
[1, 4, 10, 23, 57, 132, 301, 701, 1636, 3925, 8872, 20230]...: 11889558: ACCEPTED IN 22 TRIES, (AVG 540434.4545454546)
[1, 4, 10, 23, 57, 132, 301, 701, 1636, 3925, 8872, 20258]...: 21088685: ACCEPTED IN 39 TRIES, (AVG 540735.5128205129)
[1, 4, 10, 23, 57, 132, 301, 701, 1636, 3925, 8872, 20259]...: 17843360: ACCEPTED IN 33 TRIES, (AVG 540707.8787878788)
[1, 4, 10, 23, 57, 132, 301, 701, 1636, 3925, 8872, 20260]...: 11891090: ACCEPTED IN 22 TRIES, (AVG 540504.0909090909)
[1, 4, 10, 23, 57, 132, 301, 701, 1636, 3925, 8872, 20261]...: 12973125: ACCEPTED IN 24 TRIES, (AVG 540546.875)
[1, 4, 10, 23, 57, 132, 301, 701, 1636, 3925, 8872, 20262]...: 17841950: ACCEPTED IN 33 TRIES, (AVG 540665.1515151515)
[1, 4, 10, 23, 57, 132, 301, 701, 1636, 3925, 8872, 20268]...: 11891192: ACCEPTED IN 22 TRIES, (AVG 540508.7272727273)
[1, 4, 10, 23, 57, 132, 301, 701, 1636, 3925, 8872, 20291]...: 10267560: ACCEPTED IN 19 TRIES, (AVG 540397.8947368421)
[1, 4, 10, 23, 57, 132, 301, 701, 1636, 3925, 8872, 20292]...: 15137089: ACCEPTED IN 28 TRIES, (AVG 540610.3214285715)
[1, 4, 10, 23, 57, 132, 301, 701, 1636, 3925, 8872, 20295]...: 15678563: ACCEPTED IN 29 TRIES, (AVG 540640.1034482758)
[1, 4, 10, 23, 57, 132, 301, 701, 1636, 3925, 8872, 20298]...: 15677530: ACCEPTED IN 29 TRIES, (AVG 540604.4827586206)
[1, 4, 10, 23, 57, 132, 301, 701, 1636, 3925, 8872, 20323]...: 15678334: ACCEPTED IN 29 TRIES, (AVG 540632.2068965518)
[1, 4, 10, 23, 57, 132, 301, 701, 1636, 3925, 8872, 20325]...: 22172273: ACCEPTED IN 41 TRIES, (AVG 540787.1463414634)
[1, 4, 10, 23, 57, 132, 301, 701, 1636, 3925, 8872, 20327]...: 15135428: ACCEPTED IN 28 TRIES, (AVG 540551.0)
[1, 4, 10, 23, 57, 132, 301, 701, 1636, 3925, 8872, 20328]...: 7560501: ACCEPTED IN 14 TRIES, (AVG 540035.7857142857)
[1, 4, 10, 23, 57, 132, 301, 701, 1636, 3925, 8872, 20329]...: 11349866: ACCEPTED IN 21 TRIES, (AVG 540469.8095238095)
[1, 4, 10, 23, 57, 132, 301, 701, 1636, 3925, 8872, 20358]...: 14055514: ACCEPTED IN 26 TRIES, (AVG 540596.6923076923)
[1, 4, 10, 23, 57, 132, 301, 701, 1636, 3925, 8872, 20360]...: 21631215: ACCEPTED IN 40 TRIES, (AVG 540780.375)
[1, 4, 10, 23, 57, 132, 301, 701, 1636, 3925, 8872, 20361]...: 17301296: ACCEPTED IN 32 TRIES, (AVG 540665.5)
[1, 4, 10, 23, 57, 132, 301, 701, 1636, 3925, 8872, 20362]...: 12431670: ACCEPTED IN 23 TRIES, (AVG 540507.3913043478)
[1, 4, 10, 23, 57, 132, 301, 701, 1636, 3925, 8872, 20390]...: 14055178: ACCEPTED IN 26 TRIES, (AVG 540583.7692307692)
[1, 4, 10, 23, 57, 132, 301, 701, 1636, 3925, 8872, 20393]...: 14055615: ACCEPTED IN 26 TRIES, (AVG 540600.5769230769)
[1, 4, 10, 23, 57, 132, 301, 701, 1636, 3925, 8872, 20394]...: 14596819: ACCEPTED IN 27 TRIES, (AVG 540622.925925926)
[1, 4, 10, 23, 57, 132, 301, 701, 1636, 3925, 8872, 20397]...: 15136881: ACCEPTED IN 28 TRIES, (AVG 540602.8928571428)
[1, 4, 10, 23, 57, 132, 301, 701, 1636, 3925, 8872, 20427]...: 15677892: ACCEPTED IN 29 TRIES, (AVG 540616.9655172414)
[1, 4, 10, 23, 57, 132, 301, 701, 1636, 3925, 8872, 20428]...: 15135296: ACCEPTED IN 28 TRIES, (AVG 540546.2857142857)
[1, 4, 10, 23, 57, 132, 301, 701, 1636, 3925, 8872, 20429]...: 15137134: ACCEPTED IN 28 TRIES, (AVG 540611.9285714285)
[1, 4, 10, 23, 57, 132, 301, 701, 1636, 3925, 8872, 20430]...: 20007182: ACCEPTED IN 37 TRIES, (AVG 540734.6486486486)
[1, 4, 10, 23, 57, 132, 301, 701, 1636, 3925, 8872, 20457]...: 14595855: ACCEPTED IN 27 TRIES, (AVG 540587.2222222222)
[1, 4, 10, 23, 57, 132, 301, 701, 1636, 3925, 8872, 20460]...: 5938484: ACCEPTED IN 11 TRIES, (AVG 539862.1818181818)
[1, 4, 10, 23, 57, 132, 301, 701, 1636, 3925, 8872, 20461]...: 17302398: ACCEPTED IN 32 TRIES, (AVG 540699.9375)
[1, 4, 10, 23, 57, 132, 301, 701, 1636, 3925, 8872, 20464]...: 15137414: ACCEPTED IN 28 TRIES, (AVG 540621.9285714285)
[1, 4, 10, 23, 57, 132, 301, 701, 1636, 3925, 8872, 20492]...: 11889916: ACCEPTED IN 22 TRIES, (AVG 540450.7272727273)
[1, 4, 10, 23, 57, 132, 301, 701, 1636, 3925, 8872, 20493]...: 16220039: ACCEPTED IN 30 TRIES, (AVG 540667.9666666667)
[1, 4, 10, 23, 57, 132, 301, 701, 1636, 3925, 8872, 20494]...: 7560859: ACCEPTED IN 14 TRIES, (AVG 540061.3571428572)
[1, 4, 10, 23, 57, 132, 301, 701, 1636, 3925, 8872, 20496]...: 18922507: ACCEPTED IN 35 TRIES, (AVG 540643.0571428571)
[1, 4, 10, 23, 57, 132, 301, 701, 1636, 3925, 8872, 20525]...: 4854194: ACCEPTED IN 9 TRIES, (AVG 539354.8888888889)
[1, 4, 10, 23, 57, 132, 301, 701, 1636, 3925, 8872, 20526]...: 11891010: ACCEPTED IN 22 TRIES, (AVG 540500.4545454546)
[1, 4, 10, 23, 57, 132, 301, 701, 1636, 3925, 8872, 20527]...: 13513035: ACCEPTED IN 25 TRIES, (AVG 540521.4)
[1, 4, 10, 23, 57, 132, 301, 701, 1636, 3925, 8872, 20529]...: 12432252: ACCEPTED IN 23 TRIES, (AVG 540532.695652174)
[1, 4, 10, 23, 57, 132, 301, 701, 1636, 3925, 8872, 20531]...: 16219765: ACCEPTED IN 30 TRIES, (AVG 540658.8333333334)
[1, 4, 10, 23, 57, 132, 301, 701, 1636, 3925, 8872, 20559]...: 20549361: ACCEPTED IN 38 TRIES, (AVG 540772.6578947369)
[1, 4, 10, 23, 57, 132, 301, 701, 1636, 3925, 8872, 20560]...: 17842869: ACCEPTED IN 33 TRIES, (AVG 540693.0)
[1, 4, 10, 23, 57, 132, 301, 701, 1636, 3925, 8872, 20561]...: 15677871: ACCEPTED IN 29 TRIES, (AVG 540616.2413793104)
[1, 4, 10, 23, 57, 132, 301, 701, 1636, 3925, 8872, 20562]...: 18383051: ACCEPTED IN 34 TRIES, (AVG 540677.9705882353)
[1, 4, 10, 23, 57, 132, 301, 701, 1636, 3925, 8872, 20563]...: 10266747: ACCEPTED IN 19 TRIES, (AVG 540355.1052631579)
[1, 4, 10, 23, 57, 132, 301, 701, 1636, 3925, 8872, 20592]...: 5397084: ACCEPTED IN 10 TRIES, (AVG 539708.4)
[1, 4, 10, 23, 57, 132, 301, 701, 1636, 3925, 8872, 20593]...: 16220031: ACCEPTED IN 30 TRIES, (AVG 540667.7)
[1, 4, 10, 23, 57, 132, 301, 701, 1636, 3925, 8872, 20595]...: 4853418: ACCEPTED IN 9 TRIES, (AVG 539268.6666666666)
[1, 4, 10, 23, 57, 132, 301, 701, 1636, 3925, 8872, 20596]...: 11889208: ACCEPTED IN 22 TRIES, (AVG 540418.5454545454)
[1, 4, 10, 23, 57, 132, 301, 701, 1636, 3925, 8872, 20624]...: 17842768: ACCEPTED IN 33 TRIES, (AVG 540689.9393939395)
[1, 4, 10, 23, 57, 132, 301, 701, 1636, 3925, 8872, 20626]...: 12431400: ACCEPTED IN 23 TRIES, (AVG 540495.6521739131)
[1, 4, 10, 23, 57, 132, 301, 701, 1636, 3925, 8872, 20628]...: 11348909: ACCEPTED IN 21 TRIES, (AVG 540424.2380952381)
[1, 4, 10, 23, 57, 132, 301, 701, 1636, 3925, 8872, 20658]...: 20545784: ACCEPTED IN 38 TRIES, (AVG 540678.5263157894)
[1, 4, 10, 23, 57, 132, 301, 701, 1636, 3925, 8872, 20659]...: 18925354: ACCEPTED IN 35 TRIES, (AVG 540724.4)
[1, 4, 10, 23, 57, 132, 301, 701, 1636, 3925, 8872, 20661]...: 9726205: ACCEPTED IN 18 TRIES, (AVG 540344.7222222222)
[1, 4, 10, 23, 57, 132, 301, 701, 1636, 3925, 8872, 20662]...: 9726430: ACCEPTED IN 18 TRIES, (AVG 540357.2222222222)
[1, 4, 10, 23, 57, 132, 301, 701, 1636, 3925, 8872, 20663]...: 16760465: ACCEPTED IN 31 TRIES, (AVG 540660.1612903225)
[1, 4, 10, 23, 57, 132, 301, 701, 1636, 3925, 8872, 20691]...: 11891022: ACCEPTED IN 22 TRIES, (AVG 540501.0)
[1, 4, 10, 23, 57, 132, 301, 701, 1636, 3925, 8872, 20694]...: 14594168: ACCEPTED IN 27 TRIES, (AVG 540524.7407407408)
[1, 4, 10, 23, 57, 132, 301, 701, 1636, 3925, 8872, 20695]...: 23794802: ACCEPTED IN 44 TRIES, (AVG 540790.9545454546)
[1, 4, 10, 23, 57, 132, 301, 701, 1636, 3925, 8872, 20698]...: 12432095: ACCEPTED IN 23 TRIES, (AVG 540525.8695652174)
[1, 4, 10, 23, 57, 132, 301, 701, 1636, 3925, 8872, 20727]...: 7562041: ACCEPTED IN 14 TRIES, (AVG 540145.7857142857)
[1, 4, 10, 23, 57, 132, 301, 701, 1636, 3925, 8872, 20728]...: 10265630: ACCEPTED IN 19 TRIES, (AVG 540296.3157894737)
[1, 4, 10, 23, 57, 132, 301, 701, 1636, 3925, 8872, 20729]...: 4314671: ACCEPTED IN 8 TRIES, (AVG 539333.875)
[1, 4, 10, 23, 57, 132, 301, 701, 1636, 3925, 8872, 20730]...: 15678420: ACCEPTED IN 29 TRIES, (AVG 540635.1724137932)
[1, 4, 10, 23, 57, 132, 301, 701, 1636, 3925, 8872, 20758]...: 9726490: ACCEPTED IN 18 TRIES, (AVG 540360.5555555555)
[1, 4, 10, 23, 57, 132, 301, 701, 1636, 3925, 8872, 20760]...: 14053747: ACCEPTED IN 26 TRIES, (AVG 540528.7307692308)
[1, 4, 10, 23, 57, 132, 301, 701, 1636, 3925, 8872, 20761]...: 15678871: ACCEPTED IN 29 TRIES, (AVG 540650.724137931)
[1, 4, 10, 23, 57, 132, 301, 701, 1636, 3925, 8872, 20762]...: 5935946: ACCEPTED IN 11 TRIES, (AVG 539631.4545454546)
[1, 4, 10, 23, 57, 132, 301, 701, 1636, 3925, 8872, 20765]...: 11891060: ACCEPTED IN 22 TRIES, (AVG 540502.7272727273)
[1, 4, 10, 23, 57, 132, 301, 701, 1636, 3925, 8872, 20790]...: 17301664: ACCEPTED IN 32 TRIES, (AVG 540677.0)
[1, 4, 10, 23, 57, 132, 301, 701, 1636, 3925, 8872, 20793]...: 14594532: ACCEPTED IN 27 TRIES, (AVG 540538.2222222222)
[1, 4, 10, 23, 57, 132, 301, 701, 1636, 3925, 8872, 20794]...: 12431182: ACCEPTED IN 23 TRIES, (AVG 540486.1739130435)
[1, 4, 10, 23, 57, 132, 301, 701, 1636, 3925, 8872, 20795]...: 12430817: ACCEPTED IN 23 TRIES, (AVG 540470.304347826)
[1, 4, 10, 23, 57, 132, 301, 701, 1636, 3925, 8872, 20797]...: 15678692: ACCEPTED IN 29 TRIES, (AVG 540644.551724138)
[1, 4, 10, 23, 57, 132, 301, 701, 1636, 3925, 8872, 20826]...: 7020141: ACCEPTED IN 13 TRIES, (AVG 540010.8461538461)
[1, 4, 10, 23, 57, 132, 301, 701, 1636, 3925, 8872, 20827]...: 9725952: ACCEPTED IN 18 TRIES, (AVG 540330.6666666666)
[1, 4, 10, 23, 57, 132, 301, 701, 1636, 3925, 8872, 20828]...: 11349975: ACCEPTED IN 21 TRIES, (AVG 540475.0)
[1, 4, 10, 23, 57, 132, 301, 701, 1636, 3925, 8872, 20829]...: 16761040: ACCEPTED IN 31 TRIES, (AVG 540678.7096774194)
[1, 4, 10, 23, 57, 132, 301, 701, 1636, 3925, 8872, 20830]...: 10266596: ACCEPTED IN 19 TRIES, (AVG 540347.1578947369)
[1, 4, 10, 23, 57, 132, 301, 701, 1636, 3925, 8872, 20860]...: 18383549: ACCEPTED IN 34 TRIES, (AVG 540692.6176470588)
[1, 4, 10, 23, 57, 132, 301, 701, 1636, 3925, 8872, 20861]...: 14595852: ACCEPTED IN 27 TRIES, (AVG 540587.1111111111)
[1, 4, 10, 23, 57, 132, 301, 701, 1636, 3925, 8872, 20862]...: 6478883: ACCEPTED IN 12 TRIES, (AVG 539906.9166666666)
[1, 4, 10, 23, 57, 132, 301, 701, 1636, 3925, 8872, 20864]...: 17842744: ACCEPTED IN 33 TRIES, (AVG 540689.2121212122)
[1, 4, 10, 23, 57, 132, 301, 701, 1636, 3925, 8872, 20892]...: 15137515: ACCEPTED IN 28 TRIES, (AVG 540625.5357142857)
[1, 4, 10, 23, 57, 132, 301, 701, 1636, 3925, 8872, 20893]...: 9726133: ACCEPTED IN 18 TRIES, (AVG 540340.7222222222)
[1, 4, 10, 23, 57, 132, 301, 701, 1636, 3925, 8872, 20894]...: 13513599: ACCEPTED IN 25 TRIES, (AVG 540543.96)
[1, 4, 10, 23, 57, 132, 301, 701, 1636, 3925, 8872, 20896]...: 12432001: ACCEPTED IN 23 TRIES, (AVG 540521.7826086957)
[1, 4, 10, 23, 57, 132, 301, 701, 1636, 3925, 8872, 20897]...: 16219443: ACCEPTED IN 30 TRIES, (AVG 540648.1)
[1, 4, 10, 23, 57, 132, 301, 701, 1636, 3925, 8872, 20925]...: 12429382: ACCEPTED IN 23 TRIES, (AVG 540407.9130434783)
[1, 4, 10, 23, 57, 132, 301, 701, 1636, 3925, 8872, 20927]...: 15137637: ACCEPTED IN 28 TRIES, (AVG 540629.8928571428)
[1, 4, 10, 23, 57, 132, 301, 701, 1636, 3925, 8872, 20929]...: 15677808: ACCEPTED IN 29 TRIES, (AVG 540614.0689655172)
[1, 4, 10, 23, 57, 132, 301, 701, 1636, 3925, 8872, 20959]...: 15135462: ACCEPTED IN 28 TRIES, (AVG 540552.2142857143)
[1, 4, 10, 23, 57, 132, 301, 701, 1636, 3925, 8872, 20960]...: 16760683: ACCEPTED IN 31 TRIES, (AVG 540667.1935483871)
[1, 4, 10, 23, 57, 132, 301, 701, 1636, 3925, 8872, 20961]...: 15677076: ACCEPTED IN 29 TRIES, (AVG 540588.8275862068)
[1, 4, 10, 23, 57, 132, 301, 701, 1636, 3925, 8872, 20962]...: 17842839: ACCEPTED IN 33 TRIES, (AVG 540692.0909090909)
[1, 4, 10, 23, 57, 132, 301, 701, 1636, 3925, 8872, 20963]...: 18383863: ACCEPTED IN 34 TRIES, (AVG 540701.8529411765)
[1, 4, 10, 23, 57, 132, 301, 701, 1636, 3925, 8872, 20992]...: 21631017: ACCEPTED IN 40 TRIES, (AVG 540775.425)
[1, 4, 10, 23, 57, 132, 301, 701, 1636, 3925, 8872, 20993]...: 11889991: ACCEPTED IN 22 TRIES, (AVG 540454.1363636364)
[1, 4, 10, 23, 57, 132, 301, 701, 1636, 3925, 8872, 20994]...: 17301504: ACCEPTED IN 32 TRIES, (AVG 540672.0)
[1, 4, 10, 23, 57, 132, 301, 701, 1636, 3925, 8872, 20995]...: 17300832: ACCEPTED IN 32 TRIES, (AVG 540651.0)
[1, 4, 10, 23, 57, 132, 301, 701, 1636, 3925, 8872, 20996]...: 10267142: ACCEPTED IN 19 TRIES, (AVG 540375.8947368421)
[1, 4, 10, 23, 57, 132, 301, 701, 1636, 3925, 8872, 20999]...: 18384015: ACCEPTED IN 34 TRIES, (AVG 540706.3235294118)
[1, 4, 10, 23, 57, 132, 301, 701, 1636, 3925, 8872, 21024]...: 12431081: ACCEPTED IN 23 TRIES, (AVG 540481.7826086957)
[1, 4, 10, 23, 57, 132, 301, 701, 1636, 3925, 8872, 21028]...: 5937733: ACCEPTED IN 11 TRIES, (AVG 539793.9090909091)
[1, 4, 10, 23, 57, 132, 301, 701, 1636, 3925, 8872, 21029]...: 16759234: ACCEPTED IN 31 TRIES, (AVG 540620.4516129033)
[1, 4, 10, 23, 57, 132, 301, 701, 1636, 3925, 8872, 21030]...: 16760268: ACCEPTED IN 31 TRIES, (AVG 540653.8064516129)
[1, 4, 10, 23, 57, 132, 301, 701, 1636, 3925, 8872, 21031]...: 12431636: ACCEPTED IN 23 TRIES, (AVG 540505.9130434783)
[1, 4, 10, 23, 57, 132, 301, 701, 1636, 3925, 8872, 21059]...: 13513471: ACCEPTED IN 25 TRIES, (AVG 540538.84)
[1, 4, 10, 23, 57, 132, 301, 701, 1636, 3925, 8872, 21061]...: 12430609: ACCEPTED IN 23 TRIES, (AVG 540461.2608695652)
[1, 4, 10, 23, 57, 132, 301, 701, 1636, 3925, 8872, 21062]...: 10267321: ACCEPTED IN 19 TRIES, (AVG 540385.3157894737)
[1, 4, 10, 23, 57, 132, 301, 701, 1636, 3925, 8872, 21063]...: 21631071: ACCEPTED IN 40 TRIES, (AVG 540776.775)
[1, 4, 10, 23, 57, 132, 301, 701, 1636, 3925, 8872, 21091]...: 15676761: ACCEPTED IN 29 TRIES, (AVG 540577.9655172414)
[1, 4, 10, 23, 57, 132, 301, 701, 1636, 3925, 8872, 21094]...: 12431359: ACCEPTED IN 23 TRIES, (AVG 540493.8695652174)
[1, 4, 10, 23, 57, 132, 301, 701, 1636, 3925, 8872, 21095]...: 14593939: ACCEPTED IN 27 TRIES, (AVG 540516.2592592592)
[1, 4, 10, 23, 57, 132, 301, 701, 1636, 3925, 8872, 21098]...: 18381810: ACCEPTED IN 34 TRIES, (AVG 540641.4705882353)
[1, 4, 10, 23, 57, 132, 301, 701, 1636, 3925, 8872, 21126]...: 16760318: ACCEPTED IN 31 TRIES, (AVG 540655.4193548387)
[1, 4, 10, 23, 57, 132, 301, 701, 1636, 3925, 8872, 21127]...: 14594799: ACCEPTED IN 27 TRIES, (AVG 540548.1111111111)
[1, 4, 10, 23, 57, 132, 301, 701, 1636, 3925, 8872, 21128]...: 7560591: ACCEPTED IN 14 TRIES, (AVG 540042.2142857143)
[1, 4, 10, 23, 57, 132, 301, 701, 1636, 3925, 8872, 21129]...: 8103191: ACCEPTED IN 15 TRIES, (AVG 540212.7333333333)
[1, 4, 10, 23, 57, 132, 301, 701, 1636, 3925, 8872, 21130]...: 12431685: ACCEPTED IN 23 TRIES, (AVG 540508.0434782609)
[1, 4, 10, 23, 57, 132, 301, 701, 1636, 3925, 8872, 21131]...: 14596399: ACCEPTED IN 27 TRIES, (AVG 540607.3703703703)
[1, 4, 10, 23, 57, 132, 301, 701, 1636, 3925, 8872, 21161]...: 12432183: ACCEPTED IN 23 TRIES, (AVG 540529.695652174)
[1, 4, 10, 23, 57, 132, 301, 701, 1636, 3925, 8872, 21162]...: 4855807: ACCEPTED IN 9 TRIES, (AVG 539534.1111111111)
[1, 4, 10, 23, 57, 132, 301, 701, 1636, 3925, 8872, 21163]...: 15676269: ACCEPTED IN 29 TRIES, (AVG 540561.0)
[1, 4, 10, 23, 57, 132, 301, 701, 1636, 3925, 8872, 21165]...: 17301149: ACCEPTED IN 32 TRIES, (AVG 540660.90625)
[1, 4, 10, 23, 57, 132, 301, 701, 1636, 3925, 8872, 21194]...: 7562091: ACCEPTED IN 14 TRIES, (AVG 540149.3571428572)
[1, 4, 10, 23, 57, 132, 301, 701, 1636, 3925, 8872, 21195]...: 7561969: ACCEPTED IN 14 TRIES, (AVG 540140.6428571428)
[1, 4, 10, 23, 57, 132, 301, 701, 1636, 3925, 8872, 21197]...: 17843483: ACCEPTED IN 33 TRIES, (AVG 540711.6060606061)
[1, 4, 10, 23, 57, 132, 301, 701, 1636, 3925, 8872, 21226]...: 10266257: ACCEPTED IN 19 TRIES, (AVG 540329.3157894737)
[1, 4, 10, 23, 57, 132, 301, 701, 1636, 3925, 8872, 21227]...: 7561518: ACCEPTED IN 14 TRIES, (AVG 540108.4285714285)
[1, 4, 10, 23, 57, 132, 301, 701, 1636, 3925, 8872, 21228]...: 18384014: ACCEPTED IN 34 TRIES, (AVG 540706.2941176471)
[1, 4, 10, 23, 57, 132, 301, 701, 1636, 3925, 8872, 21230]...: 14594964: ACCEPTED IN 27 TRIES, (AVG 540554.2222222222)
[1, 4, 10, 23, 57, 132, 301, 701, 1636, 3925, 8872, 21258]...: 14594983: ACCEPTED IN 27 TRIES, (AVG 540554.925925926)
[1, 4, 10, 23, 57, 132, 301, 701, 1636, 3925, 8872, 21260]...: 17301766: ACCEPTED IN 32 TRIES, (AVG 540680.1875)
[1, 4, 10, 23, 57, 132, 301, 701, 1636, 3925, 8872, 21261]...: 17843041: ACCEPTED IN 33 TRIES, (AVG 540698.2121212122)
[1, 4, 10, 23, 57, 132, 301, 701, 1636, 3925, 8872, 21262]...: 7559694: ACCEPTED IN 14 TRIES, (AVG 539978.1428571428)
[1, 4, 10, 23, 57, 132, 301, 701, 1636, 3925, 8872, 21263]...: 12430943: ACCEPTED IN 23 TRIES, (AVG 540475.7826086957)
[1, 4, 10, 23, 57, 132, 301, 701, 1636, 3925, 8872, 21264]...: 9185417: ACCEPTED IN 17 TRIES, (AVG 540318.6470588235)
