[1, 4, 10, 23, 57, 132, 301, 701, 1636, 3686, 8731, 19222]...: 7560867: ACCEPTED IN 14 TRIES, (AVG 540061.9285714285)
[1, 4, 10, 23, 57, 132, 301, 701, 1636, 3686, 8731, 19243]...: 7560655: ACCEPTED IN 14 TRIES, (AVG 540046.7857142857)
[1, 4, 10, 23, 57, 132, 301, 701, 1636, 3686, 8731, 19276]...: 17843232: ACCEPTED IN 33 TRIES, (AVG 540704.0)
[1, 4, 10, 23, 57, 132, 301, 701, 1636, 3686, 8731, 19280]...: 3773998: ACCEPTED IN 7 TRIES, (AVG 539142.5714285715)
[1, 4, 10, 23, 57, 132, 301, 701, 1636, 3686, 8731, 19317]...: 11349011: ACCEPTED IN 21 TRIES, (AVG 540429.0952380953)
[1, 4, 10, 23, 57, 132, 301, 701, 1636, 3686, 8731, 19375]...: 22712295: ACCEPTED IN 42 TRIES, (AVG 540768.9285714285)
[1, 4, 10, 23, 57, 132, 301, 701, 1636, 3686, 8731, 19407]...: 19466128: ACCEPTED IN 36 TRIES, (AVG 540725.7777777778)
[1, 4, 10, 23, 57, 132, 301, 701, 1636, 3686, 8731, 19412]...: 10266982: ACCEPTED IN 19 TRIES, (AVG 540367.4736842106)
[1, 4, 10, 23, 57, 132, 301, 701, 1636, 3686, 8731, 19423]...: 17842682: ACCEPTED IN 33 TRIES, (AVG 540687.3333333334)
[1, 4, 10, 23, 57, 132, 301, 701, 1636, 3686, 8731, 19449]...: 3232930: ACCEPTED IN 6 TRIES, (AVG 538821.6666666666)
[1, 4, 10, 23, 57, 132, 301, 701, 1636, 3686, 8731, 19544]...: 11890502: ACCEPTED IN 22 TRIES, (AVG 540477.3636363636)
[1, 4, 10, 23, 57, 132, 301, 701, 1636, 3686, 8731, 19581]...: 6478352: ACCEPTED IN 12 TRIES, (AVG 539862.6666666666)
[1, 4, 10, 23, 57, 132, 301, 701, 1636, 3686, 8731, 19676]...: 4314916: ACCEPTED IN 8 TRIES, (AVG 539364.5)
[1, 4, 10, 23, 57, 132, 301, 701, 1636, 3686, 8731, 19713]...: 4315236: ACCEPTED IN 8 TRIES, (AVG 539404.5)
[1, 4, 10, 23, 57, 132, 301, 701, 1636, 3686, 8731, 19724]...: 12972802: ACCEPTED IN 24 TRIES, (AVG 540533.4166666666)
[1, 4, 10, 23, 57, 132, 301, 701, 1636, 3686, 8731, 19807]...: 4855823: ACCEPTED IN 9 TRIES, (AVG 539535.8888888889)
[1, 4, 10, 23, 57, 132, 301, 701, 1636, 3686, 8731, 19845]...: 8103109: ACCEPTED IN 15 TRIES, (AVG 540207.2666666667)
[1, 4, 10, 23, 57, 132, 301, 701, 1636, 3686, 8731, 19977]...: 8102677: ACCEPTED IN 15 TRIES, (AVG 540178.4666666667)
[1, 4, 10, 23, 57, 132, 301, 701, 1636, 3686, 8731, 20025]...: 4855109: ACCEPTED IN 9 TRIES, (AVG 539456.5555555555)
[1, 4, 10, 23, 57, 132, 301, 701, 1636, 3686, 8731, 20108]...: 5397500: ACCEPTED IN 10 TRIES, (AVG 539750.0)
[1, 4, 10, 23, 57, 132, 301, 701, 1636, 3686, 8731, 20124]...: 4315257: ACCEPTED IN 8 TRIES, (AVG 539407.125)
[1, 4, 10, 23, 57, 132, 301, 701, 1636, 3686, 8731, 20275]...: 4855471: ACCEPTED IN 9 TRIES, (AVG 539496.7777777778)
[1, 4, 10, 23, 57, 132, 301, 701, 1636, 3686, 8731, 20425]...: 4855901: ACCEPTED IN 9 TRIES, (AVG 539544.5555555555)
[1, 4, 10, 23, 57, 132, 301, 701, 1636, 3686, 8731, 20576]...: 4312483: ACCEPTED IN 8 TRIES, (AVG 539060.375)
[1, 4, 10, 23, 57, 132, 301, 701, 1636, 3686, 8731, 20726]...: 5397186: ACCEPTED IN 10 TRIES, (AVG 539718.6)
[1, 4, 10, 23, 57, 132, 301, 701, 1636, 3686, 8731, 20742]...: 4854728: ACCEPTED IN 9 TRIES, (AVG 539414.2222222222)
