[1, 4, 10, 23, 57, 132, 301, 701, 1654, 3953, 9279, 20416]...: 8102995: ACCEPTED IN 15 TRIES, (AVG 540199.6666666666)
[1, 4, 10, 23, 57, 132, 301, 701, 1654, 3953, 9279, 20420]...: 28665078: ACCEPTED IN 53 TRIES, (AVG 540850.5283018867)
[1, 4, 10, 23, 57, 132, 301, 701, 1654, 3953, 9279, 20424]...: 11886899: ACCEPTED IN 22 TRIES, (AVG 540313.5909090909)
[1, 4, 10, 23, 57, 132, 301, 701, 1654, 3953, 9279, 20432]...: 11349937: ACCEPTED IN 21 TRIES, (AVG 540473.1904761905)
[1, 4, 10, 23, 57, 132, 301, 701, 1654, 3953, 9279, 20436]...: 7561739: ACCEPTED IN 14 TRIES, (AVG 540124.2142857143)
[1, 4, 10, 23, 57, 132, 301, 701, 1654, 3953, 9279, 20444]...: 17301366: ACCEPTED IN 32 TRIES, (AVG 540667.6875)
[1, 4, 10, 23, 57, 132, 301, 701, 1654, 3953, 9279, 20445]...: 12973239: ACCEPTED IN 24 TRIES, (AVG 540551.625)
[1, 4, 10, 23, 57, 132, 301, 701, 1654, 3953, 9279, 20449]...: 16220185: ACCEPTED IN 30 TRIES, (AVG 540672.8333333334)
[1, 4, 10, 23, 57, 132, 301, 701, 1654, 3953, 9279, 20453]...: 10808724: ACCEPTED IN 20 TRIES, (AVG 540436.2)
[1, 4, 10, 23, 57, 132, 301, 701, 1654, 3953, 9279, 20457]...: 11349667: ACCEPTED IN 21 TRIES, (AVG 540460.3333333334)
[1, 4, 10, 23, 57, 132, 301, 701, 1654, 3953, 9279, 20461]...: 10266022: ACCEPTED IN 19 TRIES, (AVG 540316.947368421)
[1, 4, 10, 23, 57, 132, 301, 701, 1654, 3953, 9279, 20478]...: 9723949: ACCEPTED IN 18 TRIES, (AVG 540219.3888888889)
[1, 4, 10, 23, 57, 132, 301, 701, 1654, 3953, 9279, 20482]...: 9725725: ACCEPTED IN 18 TRIES, (AVG 540318.0555555555)
[1, 4, 10, 23, 57, 132, 301, 701, 1654, 3953, 9279, 20486]...: 9724769: ACCEPTED IN 18 TRIES, (AVG 540264.9444444445)
[1, 4, 10, 23, 57, 132, 301, 701, 1654, 3953, 9279, 20490]...: 5937789: ACCEPTED IN 11 TRIES, (AVG 539799.0)
[1, 4, 10, 23, 57, 132, 301, 701, 1654, 3953, 9279, 20494]...: 24877163: ACCEPTED IN 46 TRIES, (AVG 540807.8913043478)
[1, 4, 10, 23, 57, 132, 301, 701, 1654, 3953, 9279, 20498]...: 12972413: ACCEPTED IN 24 TRIES, (AVG 540517.2083333334)
[1, 4, 10, 23, 57, 132, 301, 701, 1654, 3953, 9279, 20515]...: 8102216: ACCEPTED IN 15 TRIES, (AVG 540147.7333333333)
[1, 4, 10, 23, 57, 132, 301, 701, 1654, 3953, 9279, 20519]...: 21631464: ACCEPTED IN 40 TRIES, (AVG 540786.6)
[1, 4, 10, 23, 57, 132, 301, 701, 1654, 3953, 9279, 20523]...: 11890469: ACCEPTED IN 22 TRIES, (AVG 540475.8636363636)
[1, 4, 10, 23, 57, 132, 301, 701, 1654, 3953, 9279, 20527]...: 10808184: ACCEPTED IN 20 TRIES, (AVG 540409.2)
[1, 4, 10, 23, 57, 132, 301, 701, 1654, 3953, 9279, 20531]...: 18925572: ACCEPTED IN 35 TRIES, (AVG 540730.6285714286)
[1, 4, 10, 23, 57, 132, 301, 701, 1654, 3953, 9279, 20535]...: 7561841: ACCEPTED IN 14 TRIES, (AVG 540131.5)
[1, 4, 10, 23, 57, 132, 301, 701, 1654, 3953, 9279, 20548]...: 24336882: ACCEPTED IN 45 TRIES, (AVG 540819.6)
[1, 4, 10, 23, 57, 132, 301, 701, 1654, 3953, 9279, 20552]...: 11349381: ACCEPTED IN 21 TRIES, (AVG 540446.7142857143)
[1, 4, 10, 23, 57, 132, 301, 701, 1654, 3953, 9279, 20556]...: 8643435: ACCEPTED IN 16 TRIES, (AVG 540214.6875)
[1, 4, 10, 23, 57, 132, 301, 701, 1654, 3953, 9279, 20564]...: 17301123: ACCEPTED IN 32 TRIES, (AVG 540660.09375)
[1, 4, 10, 23, 57, 132, 301, 701, 1654, 3953, 9279, 20568]...: 11890906: ACCEPTED IN 22 TRIES, (AVG 540495.7272727273)
[1, 4, 10, 23, 57, 132, 301, 701, 1654, 3953, 9279, 20576]...: 11349542: ACCEPTED IN 21 TRIES, (AVG 540454.380952381)
[1, 4, 10, 23, 57, 132, 301, 701, 1654, 3953, 9279, 20577]...: 7560953: ACCEPTED IN 14 TRIES, (AVG 540068.0714285715)
[1, 4, 10, 23, 57, 132, 301, 701, 1654, 3953, 9279, 20581]...: 4856264: ACCEPTED IN 9 TRIES, (AVG 539584.8888888889)
[1, 4, 10, 23, 57, 132, 301, 701, 1654, 3953, 9279, 20585]...: 8101590: ACCEPTED IN 15 TRIES, (AVG 540106.0)
[1, 4, 10, 23, 57, 132, 301, 701, 1654, 3953, 9279, 20589]...: 10267294: ACCEPTED IN 19 TRIES, (AVG 540383.8947368421)
[1, 4, 10, 23, 57, 132, 301, 701, 1654, 3953, 9279, 20593]...: 12431049: ACCEPTED IN 23 TRIES, (AVG 540480.3913043478)
[1, 4, 10, 23, 57, 132, 301, 701, 1654, 3953, 9279, 20605]...: 27042100: ACCEPTED IN 50 TRIES, (AVG 540842.0)
[1, 4, 10, 23, 57, 132, 301, 701, 1654, 3953, 9279, 20614]...: 7560145: ACCEPTED IN 14 TRIES, (AVG 540010.3571428572)
[1, 4, 10, 23, 57, 132, 301, 701, 1654, 3953, 9279, 20618]...: 16218579: ACCEPTED IN 30 TRIES, (AVG 540619.3)
[1, 4, 10, 23, 57, 132, 301, 701, 1654, 3953, 9279, 20622]...: 20007082: ACCEPTED IN 37 TRIES, (AVG 540731.9459459459)
[1, 4, 10, 23, 57, 132, 301, 701, 1654, 3953, 9279, 20626]...: 11348047: ACCEPTED IN 21 TRIES, (AVG 540383.1904761905)
[1, 4, 10, 23, 57, 132, 301, 701, 1654, 3953, 9279, 20630]...: 9726443: ACCEPTED IN 18 TRIES, (AVG 540357.9444444445)
[1, 4, 10, 23, 57, 132, 301, 701, 1654, 3953, 9279, 20647]...: 10266664: ACCEPTED IN 19 TRIES, (AVG 540350.7368421053)
[1, 4, 10, 23, 57, 132, 301, 701, 1654, 3953, 9279, 20651]...: 8101677: ACCEPTED IN 15 TRIES, (AVG 540111.8)
[1, 4, 10, 23, 57, 132, 301, 701, 1654, 3953, 9279, 20655]...: 11890036: ACCEPTED IN 22 TRIES, (AVG 540456.1818181818)
[1, 4, 10, 23, 57, 132, 301, 701, 1654, 3953, 9279, 20659]...: 8100850: ACCEPTED IN 15 TRIES, (AVG 540056.6666666666)
[1, 4, 10, 23, 57, 132, 301, 701, 1654, 3953, 9279, 20663]...: 27040709: ACCEPTED IN 50 TRIES, (AVG 540814.18)
[1, 4, 10, 23, 57, 132, 301, 701, 1654, 3953, 9279, 20667]...: 11349616: ACCEPTED IN 21 TRIES, (AVG 540457.9047619047)
[1, 4, 10, 23, 57, 132, 301, 701, 1654, 3953, 9279, 20680]...: 12430639: ACCEPTED IN 23 TRIES, (AVG 540462.5652173914)
[1, 4, 10, 23, 57, 132, 301, 701, 1654, 3953, 9279, 20684]...: 25959836: ACCEPTED IN 48 TRIES, (AVG 540829.9166666666)
[1, 4, 10, 23, 57, 132, 301, 701, 1654, 3953, 9279, 20688]...: 11349667: ACCEPTED IN 21 TRIES, (AVG 540460.3333333334)
[1, 4, 10, 23, 57, 132, 301, 701, 1654, 3953, 9279, 20696]...: 17301200: ACCEPTED IN 32 TRIES, (AVG 540662.5)
[1, 4, 10, 23, 57, 132, 301, 701, 1654, 3953, 9279, 20700]...: 9724543: ACCEPTED IN 18 TRIES, (AVG 540252.3888888889)
[1, 4, 10, 23, 57, 132, 301, 701, 1654, 3953, 9279, 20704]...: 8643779: ACCEPTED IN 16 TRIES, (AVG 540236.1875)
[1, 4, 10, 23, 57, 132, 301, 701, 1654, 3953, 9279, 20713]...: 8103173: ACCEPTED IN 15 TRIES, (AVG 540211.5333333333)
[1, 4, 10, 23, 57, 132, 301, 701, 1654, 3953, 9279, 20717]...: 9725838: ACCEPTED IN 18 TRIES, (AVG 540324.3333333334)
[1, 4, 10, 23, 57, 132, 301, 701, 1654, 3953, 9279, 20721]...: 10808852: ACCEPTED IN 20 TRIES, (AVG 540442.6)
[1, 4, 10, 23, 57, 132, 301, 701, 1654, 3953, 9279, 20725]...: 21630630: ACCEPTED IN 40 TRIES, (AVG 540765.75)
[1, 4, 10, 23, 57, 132, 301, 701, 1654, 3953, 9279, 20737]...: 6479316: ACCEPTED IN 12 TRIES, (AVG 539943.0)
[1, 4, 10, 23, 57, 132, 301, 701, 1654, 3953, 9279, 20746]...: 19465930: ACCEPTED IN 36 TRIES, (AVG 540720.2777777778)
[1, 4, 10, 23, 57, 132, 301, 701, 1654, 3953, 9279, 20750]...: 12429337: ACCEPTED IN 23 TRIES, (AVG 540405.9565217391)
[1, 4, 10, 23, 57, 132, 301, 701, 1654, 3953, 9279, 20754]...: 9726457: ACCEPTED IN 18 TRIES, (AVG 540358.7222222222)
[1, 4, 10, 23, 57, 132, 301, 701, 1654, 3953, 9279, 20758]...: 9725520: ACCEPTED IN 18 TRIES, (AVG 540306.6666666666)
[1, 4, 10, 23, 57, 132, 301, 701, 1654, 3953, 9279, 20762]...: 10808618: ACCEPTED IN 20 TRIES, (AVG 540430.9)
[1, 4, 10, 23, 57, 132, 301, 701, 1654, 3953, 9279, 20779]...: 9723999: ACCEPTED IN 18 TRIES, (AVG 540222.1666666666)
[1, 4, 10, 23, 57, 132, 301, 701, 1654, 3953, 9279, 20783]...: 11350061: ACCEPTED IN 21 TRIES, (AVG 540479.0952380953)
[1, 4, 10, 23, 57, 132, 301, 701, 1654, 3953, 9279, 20787]...: 12431315: ACCEPTED IN 23 TRIES, (AVG 540491.9565217391)
[1, 4, 10, 23, 57, 132, 301, 701, 1654, 3953, 9279, 20791]...: 15677239: ACCEPTED IN 29 TRIES, (AVG 540594.448275862)
[1, 4, 10, 23, 57, 132, 301, 701, 1654, 3953, 9279, 20795]...: 24877883: ACCEPTED IN 46 TRIES, (AVG 540823.5434782609)
[1, 4, 10, 23, 57, 132, 301, 701, 1654, 3953, 9279, 20799]...: 11349289: ACCEPTED IN 21 TRIES, (AVG 540442.3333333334)
[1, 4, 10, 23, 57, 132, 301, 701, 1654, 3953, 9279, 20816]...: 6479367: ACCEPTED IN 12 TRIES, (AVG 539947.25)
[1, 4, 10, 23, 57, 132, 301, 701, 1654, 3953, 9279, 20820]...: 9725459: ACCEPTED IN 18 TRIES, (AVG 540303.2777777778)
[1, 4, 10, 23, 57, 132, 301, 701, 1654, 3953, 9279, 20828]...: 8644213: ACCEPTED IN 16 TRIES, (AVG 540263.3125)
[1, 4, 10, 23, 57, 132, 301, 701, 1654, 3953, 9279, 20832]...: 15137788: ACCEPTED IN 28 TRIES, (AVG 540635.2857142857)
[1, 4, 10, 23, 57, 132, 301, 701, 1654, 3953, 9279, 20836]...: 7561783: ACCEPTED IN 14 TRIES, (AVG 540127.3571428572)
[1, 4, 10, 23, 57, 132, 301, 701, 1654, 3953, 9279, 20845]...: 13513319: ACCEPTED IN 25 TRIES, (AVG 540532.76)
[1, 4, 10, 23, 57, 132, 301, 701, 1654, 3953, 9279, 20849]...: 9724019: ACCEPTED IN 18 TRIES, (AVG 540223.2777777778)
[1, 4, 10, 23, 57, 132, 301, 701, 1654, 3953, 9279, 20853]...: 12973382: ACCEPTED IN 24 TRIES, (AVG 540557.5833333334)
[1, 4, 10, 23, 57, 132, 301, 701, 1654, 3953, 9279, 20869]...: 7560082: ACCEPTED IN 14 TRIES, (AVG 540005.8571428572)
[1, 4, 10, 23, 57, 132, 301, 701, 1654, 3953, 9279, 20878]...: 7561672: ACCEPTED IN 14 TRIES, (AVG 540119.4285714285)
[1, 4, 10, 23, 57, 132, 301, 701, 1654, 3953, 9279, 20882]...: 12970703: ACCEPTED IN 24 TRIES, (AVG 540445.9583333334)
[1, 4, 10, 23, 57, 132, 301, 701, 1654, 3953, 9279, 20886]...: 23796084: ACCEPTED IN 44 TRIES, (AVG 540820.0909090909)
[1, 4, 10, 23, 57, 132, 301, 701, 1654, 3953, 9279, 20890]...: 11349446: ACCEPTED IN 21 TRIES, (AVG 540449.8095238095)
[1, 4, 10, 23, 57, 132, 301, 701, 1654, 3953, 9279, 20894]...: 11890006: ACCEPTED IN 22 TRIES, (AVG 540454.8181818182)
[1, 4, 10, 23, 57, 132, 301, 701, 1654, 3953, 9279, 20915]...: 13513961: ACCEPTED IN 25 TRIES, (AVG 540558.44)
[1, 4, 10, 23, 57, 132, 301, 701, 1654, 3953, 9279, 20919]...: 23252615: ACCEPTED IN 43 TRIES, (AVG 540758.4883720931)
[1, 4, 10, 23, 57, 132, 301, 701, 1654, 3953, 9279, 20923]...: 11889612: ACCEPTED IN 22 TRIES, (AVG 540436.9090909091)
[1, 4, 10, 23, 57, 132, 301, 701, 1654, 3953, 9279, 20927]...: 11349996: ACCEPTED IN 21 TRIES, (AVG 540476.0)
[1, 4, 10, 23, 57, 132, 301, 701, 1654, 3953, 9279, 20931]...: 27040494: ACCEPTED IN 50 TRIES, (AVG 540809.88)
[1, 4, 10, 23, 57, 132, 301, 701, 1654, 3953, 9279, 20948]...: 9725680: ACCEPTED IN 18 TRIES, (AVG 540315.5555555555)
[1, 4, 10, 23, 57, 132, 301, 701, 1654, 3953, 9279, 20952]...: 6479187: ACCEPTED IN 12 TRIES, (AVG 539932.25)
[1, 4, 10, 23, 57, 132, 301, 701, 1654, 3953, 9279, 20956]...: 10807944: ACCEPTED IN 20 TRIES, (AVG 540397.2)
[1, 4, 10, 23, 57, 132, 301, 701, 1654, 3953, 9279, 20960]...: 8644008: ACCEPTED IN 16 TRIES, (AVG 540250.5)
[1, 4, 10, 23, 57, 132, 301, 701, 1654, 3953, 9279, 20964]...: 5938415: ACCEPTED IN 11 TRIES, (AVG 539855.9090909091)
[1, 4, 10, 23, 57, 132, 301, 701, 1654, 3953, 9279, 20968]...: 10807809: ACCEPTED IN 20 TRIES, (AVG 540390.45)
[1, 4, 10, 23, 57, 132, 301, 701, 1654, 3953, 9279, 20977]...: 4855295: ACCEPTED IN 9 TRIES, (AVG 539477.2222222222)
[1, 4, 10, 23, 57, 132, 301, 701, 1654, 3953, 9279, 20981]...: 5397523: ACCEPTED IN 10 TRIES, (AVG 539752.3)
[1, 4, 10, 23, 57, 132, 301, 701, 1654, 3953, 9279, 20985]...: 18925784: ACCEPTED IN 35 TRIES, (AVG 540736.6857142857)
[1, 4, 10, 23, 57, 132, 301, 701, 1654, 3953, 9279, 20989]...: 12973453: ACCEPTED IN 24 TRIES, (AVG 540560.5416666666)
[1, 4, 10, 23, 57, 132, 301, 701, 1654, 3953, 9279, 21001]...: 8101038: ACCEPTED IN 15 TRIES, (AVG 540069.2)
[1, 4, 10, 23, 57, 132, 301, 701, 1654, 3953, 9279, 21005]...: 5938654: ACCEPTED IN 11 TRIES, (AVG 539877.6363636364)
[1, 4, 10, 23, 57, 132, 301, 701, 1654, 3953, 9279, 21014]...: 11890395: ACCEPTED IN 22 TRIES, (AVG 540472.5)
[1, 4, 10, 23, 57, 132, 301, 701, 1654, 3953, 9279, 21018]...: 9184173: ACCEPTED IN 17 TRIES, (AVG 540245.4705882353)
[1, 4, 10, 23, 57, 132, 301, 701, 1654, 3953, 9279, 21022]...: 12972012: ACCEPTED IN 24 TRIES, (AVG 540500.5)
[1, 4, 10, 23, 57, 132, 301, 701, 1654, 3953, 9279, 21026]...: 7020070: ACCEPTED IN 13 TRIES, (AVG 540005.3846153846)
[1, 4, 10, 23, 57, 132, 301, 701, 1654, 3953, 9279, 21047]...: 10808041: ACCEPTED IN 20 TRIES, (AVG 540402.05)
[1, 4, 10, 23, 57, 132, 301, 701, 1654, 3953, 9279, 21051]...: 8642999: ACCEPTED IN 16 TRIES, (AVG 540187.4375)
[1, 4, 10, 23, 57, 132, 301, 701, 1654, 3953, 9279, 21055]...: 9725777: ACCEPTED IN 18 TRIES, (AVG 540320.9444444445)
[1, 4, 10, 23, 57, 132, 301, 701, 1654, 3953, 9279, 21059]...: 17301917: ACCEPTED IN 32 TRIES, (AVG 540684.90625)
[1, 4, 10, 23, 57, 132, 301, 701, 1654, 3953, 9279, 21063]...: 17302275: ACCEPTED IN 32 TRIES, (AVG 540696.09375)
[1, 4, 10, 23, 57, 132, 301, 701, 1654, 3953, 9279, 21080]...: 7019554: ACCEPTED IN 13 TRIES, (AVG 539965.6923076923)
[1, 4, 10, 23, 57, 132, 301, 701, 1654, 3953, 9279, 21084]...: 10266007: ACCEPTED IN 19 TRIES, (AVG 540316.1578947369)
[1, 4, 10, 23, 57, 132, 301, 701, 1654, 3953, 9279, 21088]...: 9724784: ACCEPTED IN 18 TRIES, (AVG 540265.7777777778)
[1, 4, 10, 23, 57, 132, 301, 701, 1654, 3953, 9279, 21092]...: 16219947: ACCEPTED IN 30 TRIES, (AVG 540664.9)
[1, 4, 10, 23, 57, 132, 301, 701, 1654, 3953, 9279, 21096]...: 12972750: ACCEPTED IN 24 TRIES, (AVG 540531.25)
[1, 4, 10, 23, 57, 132, 301, 701, 1654, 3953, 9279, 21100]...: 8642585: ACCEPTED IN 16 TRIES, (AVG 540161.5625)
[1, 4, 10, 23, 57, 132, 301, 701, 1654, 3953, 9279, 21117]...: 7020166: ACCEPTED IN 13 TRIES, (AVG 540012.7692307692)
[1, 4, 10, 23, 57, 132, 301, 701, 1654, 3953, 9279, 21121]...: 10806335: ACCEPTED IN 20 TRIES, (AVG 540316.75)
[1, 4, 10, 23, 57, 132, 301, 701, 1654, 3953, 9279, 21133]...: 12970825: ACCEPTED IN 24 TRIES, (AVG 540451.0416666666)
[1, 4, 10, 23, 57, 132, 301, 701, 1654, 3953, 9279, 21137]...: 5397373: ACCEPTED IN 10 TRIES, (AVG 539737.3)
[1, 4, 10, 23, 57, 132, 301, 701, 1654, 3953, 9279, 21146]...: 8101975: ACCEPTED IN 15 TRIES, (AVG 540131.6666666666)
[1, 4, 10, 23, 57, 132, 301, 701, 1654, 3953, 9279, 21150]...: 19466710: ACCEPTED IN 36 TRIES, (AVG 540741.9444444445)
[1, 4, 10, 23, 57, 132, 301, 701, 1654, 3953, 9279, 21154]...: 12432026: ACCEPTED IN 23 TRIES, (AVG 540522.8695652174)
[1, 4, 10, 23, 57, 132, 301, 701, 1654, 3953, 9279, 21179]...: 12430653: ACCEPTED IN 23 TRIES, (AVG 540463.1739130435)
[1, 4, 10, 23, 57, 132, 301, 701, 1654, 3953, 9279, 21183]...: 8642629: ACCEPTED IN 16 TRIES, (AVG 540164.3125)
[1, 4, 10, 23, 57, 132, 301, 701, 1654, 3953, 9279, 21187]...: 5396611: ACCEPTED IN 10 TRIES, (AVG 539661.1)
[1, 4, 10, 23, 57, 132, 301, 701, 1654, 3953, 9279, 21191]...: 19466976: ACCEPTED IN 36 TRIES, (AVG 540749.3333333334)
[1, 4, 10, 23, 57, 132, 301, 701, 1654, 3953, 9279, 21195]...: 10267070: ACCEPTED IN 19 TRIES, (AVG 540372.1052631579)
[1, 4, 10, 23, 57, 132, 301, 701, 1654, 3953, 9279, 21216]...: 9723096: ACCEPTED IN 18 TRIES, (AVG 540172.0)
[1, 4, 10, 23, 57, 132, 301, 701, 1654, 3953, 9279, 21220]...: 8101963: ACCEPTED IN 15 TRIES, (AVG 540130.8666666667)
[1, 4, 10, 23, 57, 132, 301, 701, 1654, 3953, 9279, 21224]...: 11348581: ACCEPTED IN 21 TRIES, (AVG 540408.619047619)
[1, 4, 10, 23, 57, 132, 301, 701, 1654, 3953, 9279, 21228]...: 7562057: ACCEPTED IN 14 TRIES, (AVG 540146.9285714285)
[1, 4, 10, 23, 57, 132, 301, 701, 1654, 3953, 9279, 21232]...: 10265965: ACCEPTED IN 19 TRIES, (AVG 540313.947368421)
[1, 4, 10, 23, 57, 132, 301, 701, 1654, 3953, 9279, 21249]...: 8101784: ACCEPTED IN 15 TRIES, (AVG 540118.9333333333)
[1, 4, 10, 23, 57, 132, 301, 701, 1654, 3953, 9279, 21253]...: 9184450: ACCEPTED IN 17 TRIES, (AVG 540261.7647058824)
[1, 4, 10, 23, 57, 132, 301, 701, 1654, 3953, 9279, 21257]...: 9724288: ACCEPTED IN 18 TRIES, (AVG 540238.2222222222)
[1, 4, 10, 23, 57, 132, 301, 701, 1654, 3953, 9279, 21265]...: 8102747: ACCEPTED IN 15 TRIES, (AVG 540183.1333333333)
[1, 4, 10, 23, 57, 132, 301, 701, 1654, 3953, 9279, 21269]...: 9726332: ACCEPTED IN 18 TRIES, (AVG 540351.7777777778)
[1, 4, 10, 23, 57, 132, 301, 701, 1654, 3953, 9279, 21278]...: 5937238: ACCEPTED IN 11 TRIES, (AVG 539748.9090909091)
[1, 4, 10, 23, 57, 132, 301, 701, 1654, 3953, 9279, 21282]...: 8101652: ACCEPTED IN 15 TRIES, (AVG 540110.1333333333)
[1, 4, 10, 23, 57, 132, 301, 701, 1654, 3953, 9279, 21286]...: 9184258: ACCEPTED IN 17 TRIES, (AVG 540250.4705882353)
[1, 4, 10, 23, 57, 132, 301, 701, 1654, 3953, 9279, 21306]...: 11890620: ACCEPTED IN 22 TRIES, (AVG 540482.7272727273)
[1, 4, 10, 23, 57, 132, 301, 701, 1654, 3953, 9279, 21315]...: 10808249: ACCEPTED IN 20 TRIES, (AVG 540412.45)
[1, 4, 10, 23, 57, 132, 301, 701, 1654, 3953, 9279, 21319]...: 5397441: ACCEPTED IN 10 TRIES, (AVG 539744.1)
[1, 4, 10, 23, 57, 132, 301, 701, 1654, 3953, 9279, 21323]...: 8102842: ACCEPTED IN 15 TRIES, (AVG 540189.4666666667)
[1, 4, 10, 23, 57, 132, 301, 701, 1654, 3953, 9279, 21327]...: 8102033: ACCEPTED IN 15 TRIES, (AVG 540135.5333333333)
[1, 4, 10, 23, 57, 132, 301, 701, 1654, 3953, 9279, 21348]...: 9185109: ACCEPTED IN 17 TRIES, (AVG 540300.5294117647)
[1, 4, 10, 23, 57, 132, 301, 701, 1654, 3953, 9279, 21352]...: 11889963: ACCEPTED IN 22 TRIES, (AVG 540452.8636363636)
[1, 4, 10, 23, 57, 132, 301, 701, 1654, 3953, 9279, 21356]...: 7561805: ACCEPTED IN 14 TRIES, (AVG 540128.9285714285)
[1, 4, 10, 23, 57, 132, 301, 701, 1654, 3953, 9279, 21360]...: 10808421: ACCEPTED IN 20 TRIES, (AVG 540421.05)
[1, 4, 10, 23, 57, 132, 301, 701, 1654, 3953, 9279, 21364]...: 12972655: ACCEPTED IN 24 TRIES, (AVG 540527.2916666666)
[1, 4, 10, 23, 57, 132, 301, 701, 1654, 3953, 9279, 21381]...: 10267687: ACCEPTED IN 19 TRIES, (AVG 540404.5789473684)
[1, 4, 10, 23, 57, 132, 301, 701, 1654, 3953, 9279, 21385]...: 10264947: ACCEPTED IN 19 TRIES, (AVG 540260.3684210526)
[1, 4, 10, 23, 57, 132, 301, 701, 1654, 3953, 9279, 21389]...: 5397272: ACCEPTED IN 10 TRIES, (AVG 539727.2)
[1, 4, 10, 23, 57, 132, 301, 701, 1654, 3953, 9279, 21397]...: 6478768: ACCEPTED IN 12 TRIES, (AVG 539897.3333333334)
[1, 4, 10, 23, 57, 132, 301, 701, 1654, 3953, 9279, 21401]...: 10266652: ACCEPTED IN 19 TRIES, (AVG 540350.1052631579)
[1, 4, 10, 23, 57, 132, 301, 701, 1654, 3953, 9279, 21414]...: 9725303: ACCEPTED IN 18 TRIES, (AVG 540294.6111111111)
[1, 4, 10, 23, 57, 132, 301, 701, 1654, 3953, 9279, 21418]...: 5397362: ACCEPTED IN 10 TRIES, (AVG 539736.2)
[1, 4, 10, 23, 57, 132, 301, 701, 1654, 3953, 9279, 21438]...: 9726168: ACCEPTED IN 18 TRIES, (AVG 540342.6666666666)
[1, 4, 10, 23, 57, 132, 301, 701, 1654, 3953, 9279, 21447]...: 12432343: ACCEPTED IN 23 TRIES, (AVG 540536.6521739131)
[1, 4, 10, 23, 57, 132, 301, 701, 1654, 3953, 9279, 21451]...: 11347774: ACCEPTED IN 21 TRIES, (AVG 540370.1904761905)
[1, 4, 10, 23, 57, 132, 301, 701, 1654, 3953, 9279, 21455]...: 12972334: ACCEPTED IN 24 TRIES, (AVG 540513.9166666666)
[1, 4, 10, 23, 57, 132, 301, 701, 1654, 3953, 9279, 21480]...: 11349272: ACCEPTED IN 21 TRIES, (AVG 540441.5238095238)
[1, 4, 10, 23, 57, 132, 301, 701, 1654, 3953, 9279, 21484]...: 11887488: ACCEPTED IN 22 TRIES, (AVG 540340.3636363636)
[1, 4, 10, 23, 57, 132, 301, 701, 1654, 3953, 9279, 21488]...: 8644077: ACCEPTED IN 16 TRIES, (AVG 540254.8125)
[1, 4, 10, 23, 57, 132, 301, 701, 1654, 3953, 9279, 21492]...: 9183123: ACCEPTED IN 17 TRIES, (AVG 540183.7058823529)
[1, 4, 10, 23, 57, 132, 301, 701, 1654, 3953, 9279, 21496]...: 12971936: ACCEPTED IN 24 TRIES, (AVG 540497.3333333334)
[1, 4, 10, 23, 57, 132, 301, 701, 1654, 3953, 9279, 21517]...: 6478208: ACCEPTED IN 12 TRIES, (AVG 539850.6666666666)
[1, 4, 10, 23, 57, 132, 301, 701, 1654, 3953, 9279, 21521]...: 5938534: ACCEPTED IN 11 TRIES, (AVG 539866.7272727273)
[1, 4, 10, 23, 57, 132, 301, 701, 1654, 3953, 9279, 21529]...: 9724576: ACCEPTED IN 18 TRIES, (AVG 540254.2222222222)
[1, 4, 10, 23, 57, 132, 301, 701, 1654, 3953, 9279, 21533]...: 10267650: ACCEPTED IN 19 TRIES, (AVG 540402.6315789474)
[1, 4, 10, 23, 57, 132, 301, 701, 1654, 3953, 9279, 21546]...: 5396393: ACCEPTED IN 10 TRIES, (AVG 539639.3)
[1, 4, 10, 23, 57, 132, 301, 701, 1654, 3953, 9279, 21550]...: 8643323: ACCEPTED IN 16 TRIES, (AVG 540207.6875)
[1, 4, 10, 23, 57, 132, 301, 701, 1654, 3953, 9279, 21558]...: 20548888: ACCEPTED IN 38 TRIES, (AVG 540760.2105263158)
[1, 4, 10, 23, 57, 132, 301, 701, 1654, 3953, 9279, 21570]...: 10806888: ACCEPTED IN 20 TRIES, (AVG 540344.4)
[1, 4, 10, 23, 57, 132, 301, 701, 1654, 3953, 9279, 21579]...: 12971926: ACCEPTED IN 24 TRIES, (AVG 540496.9166666666)
[1, 4, 10, 23, 57, 132, 301, 701, 1654, 3953, 9279, 21583]...: 10808206: ACCEPTED IN 20 TRIES, (AVG 540410.3)
[1, 4, 10, 23, 57, 132, 301, 701, 1654, 3953, 9279, 21587]...: 9724578: ACCEPTED IN 18 TRIES, (AVG 540254.3333333334)
[1, 4, 10, 23, 57, 132, 301, 701, 1654, 3953, 9279, 21616]...: 7020200: ACCEPTED IN 13 TRIES, (AVG 540015.3846153846)
[1, 4, 10, 23, 57, 132, 301, 701, 1654, 3953, 9279, 21620]...: 7561158: ACCEPTED IN 14 TRIES, (AVG 540082.7142857143)
[1, 4, 10, 23, 57, 132, 301, 701, 1654, 3953, 9279, 21624]...: 8642776: ACCEPTED IN 16 TRIES, (AVG 540173.5)
[1, 4, 10, 23, 57, 132, 301, 701, 1654, 3953, 9279, 21628]...: 10808840: ACCEPTED IN 20 TRIES, (AVG 540442.0)
[1, 4, 10, 23, 57, 132, 301, 701, 1654, 3953, 9279, 21649]...: 5936425: ACCEPTED IN 11 TRIES, (AVG 539675.0)
[1, 4, 10, 23, 57, 132, 301, 701, 1654, 3953, 9279, 21653]...: 7560952: ACCEPTED IN 14 TRIES, (AVG 540068.0)
[1, 4, 10, 23, 57, 132, 301, 701, 1654, 3953, 9279, 21657]...: 16219436: ACCEPTED IN 30 TRIES, (AVG 540647.8666666667)
[1, 4, 10, 23, 57, 132, 301, 701, 1654, 3953, 9279, 21661]...: 11890464: ACCEPTED IN 22 TRIES, (AVG 540475.6363636364)
[1, 4, 10, 23, 57, 132, 301, 701, 1654, 3953, 9279, 21665]...: 9724685: ACCEPTED IN 18 TRIES, (AVG 540260.2777777778)
[1, 4, 10, 23, 57, 132, 301, 701, 1654, 3953, 9279, 21678]...: 9183076: ACCEPTED IN 17 TRIES, (AVG 540180.9411764706)
[1, 4, 10, 23, 57, 132, 301, 701, 1654, 3953, 9279, 21682]...: 3773306: ACCEPTED IN 7 TRIES, (AVG 539043.7142857143)
[1, 4, 10, 23, 57, 132, 301, 701, 1654, 3953, 9279, 21690]...: 8103062: ACCEPTED IN 15 TRIES, (AVG 540204.1333333333)
[1, 4, 10, 23, 57, 132, 301, 701, 1654, 3953, 9279, 21702]...: 8643284: ACCEPTED IN 16 TRIES, (AVG 540205.25)
[1, 4, 10, 23, 57, 132, 301, 701, 1654, 3953, 9279, 21715]...: 9723838: ACCEPTED IN 18 TRIES, (AVG 540213.2222222222)
[1, 4, 10, 23, 57, 132, 301, 701, 1654, 3953, 9279, 21719]...: 9725644: ACCEPTED IN 18 TRIES, (AVG 540313.5555555555)
[1, 4, 10, 23, 57, 132, 301, 701, 1654, 3953, 9279, 21748]...: 10807111: ACCEPTED IN 20 TRIES, (AVG 540355.55)
[1, 4, 10, 23, 57, 132, 301, 701, 1654, 3953, 9279, 21752]...: 8101241: ACCEPTED IN 15 TRIES, (AVG 540082.7333333333)
[1, 4, 10, 23, 57, 132, 301, 701, 1654, 3953, 9279, 21756]...: 10263795: ACCEPTED IN 19 TRIES, (AVG 540199.7368421053)
[1, 4, 10, 23, 57, 132, 301, 701, 1654, 3953, 9279, 21781]...: 7020815: ACCEPTED IN 13 TRIES, (AVG 540062.6923076923)
[1, 4, 10, 23, 57, 132, 301, 701, 1654, 3953, 9279, 21785]...: 5396566: ACCEPTED IN 10 TRIES, (AVG 539656.6)
[1, 4, 10, 23, 57, 132, 301, 701, 1654, 3953, 9279, 21789]...: 5396003: ACCEPTED IN 10 TRIES, (AVG 539600.3)
[1, 4, 10, 23, 57, 132, 301, 701, 1654, 3953, 9279, 21793]...: 8103131: ACCEPTED IN 15 TRIES, (AVG 540208.7333333333)
[1, 4, 10, 23, 57, 132, 301, 701, 1654, 3953, 9279, 21797]...: 10806924: ACCEPTED IN 20 TRIES, (AVG 540346.2)
[1, 4, 10, 23, 57, 132, 301, 701, 1654, 3953, 9279, 21822]...: 8100499: ACCEPTED IN 15 TRIES, (AVG 540033.2666666667)
[1, 4, 10, 23, 57, 132, 301, 701, 1654, 3953, 9279, 21834]...: 8103150: ACCEPTED IN 15 TRIES, (AVG 540210.0)
[1, 4, 10, 23, 57, 132, 301, 701, 1654, 3953, 9279, 21847]...: 8643248: ACCEPTED IN 16 TRIES, (AVG 540203.0)
[1, 4, 10, 23, 57, 132, 301, 701, 1654, 3953, 9279, 21851]...: 9724946: ACCEPTED IN 18 TRIES, (AVG 540274.7777777778)
[1, 4, 10, 23, 57, 132, 301, 701, 1654, 3953, 9279, 21880]...: 10267319: ACCEPTED IN 19 TRIES, (AVG 540385.2105263158)
[1, 4, 10, 23, 57, 132, 301, 701, 1654, 3953, 9279, 21884]...: 8644291: ACCEPTED IN 16 TRIES, (AVG 540268.1875)
[1, 4, 10, 23, 57, 132, 301, 701, 1654, 3953, 9279, 21888]...: 10267266: ACCEPTED IN 19 TRIES, (AVG 540382.4210526316)
[1, 4, 10, 23, 57, 132, 301, 701, 1654, 3953, 9279, 21917]...: 9725356: ACCEPTED IN 18 TRIES, (AVG 540297.5555555555)
[1, 4, 10, 23, 57, 132, 301, 701, 1654, 3953, 9279, 21921]...: 8103229: ACCEPTED IN 15 TRIES, (AVG 540215.2666666667)
[1, 4, 10, 23, 57, 132, 301, 701, 1654, 3953, 9279, 21925]...: 10267323: ACCEPTED IN 19 TRIES, (AVG 540385.4210526316)
[1, 4, 10, 23, 57, 132, 301, 701, 1654, 3953, 9279, 21929]...: 3773850: ACCEPTED IN 7 TRIES, (AVG 539121.4285714285)
[1, 4, 10, 23, 57, 132, 301, 701, 1654, 3953, 9279, 21954]...: 8101685: ACCEPTED IN 15 TRIES, (AVG 540112.3333333334)
[1, 4, 10, 23, 57, 132, 301, 701, 1654, 3953, 9279, 21958]...: 3773361: ACCEPTED IN 7 TRIES, (AVG 539051.5714285715)
[1, 4, 10, 23, 57, 132, 301, 701, 1654, 3953, 9279, 21966]...: 8102373: ACCEPTED IN 15 TRIES, (AVG 540158.2)
[1, 4, 10, 23, 57, 132, 301, 701, 1654, 3953, 9279, 21979]...: 6479700: ACCEPTED IN 12 TRIES, (AVG 539975.0)
[1, 4, 10, 23, 57, 132, 301, 701, 1654, 3953, 9279, 21983]...: 7018627: ACCEPTED IN 13 TRIES, (AVG 539894.3846153846)
[1, 4, 10, 23, 57, 132, 301, 701, 1654, 3953, 9279, 22016]...: 11348921: ACCEPTED IN 21 TRIES, (AVG 540424.8095238095)
[1, 4, 10, 23, 57, 132, 301, 701, 1654, 3953, 9279, 22020]...: 5938426: ACCEPTED IN 11 TRIES, (AVG 539856.9090909091)
[1, 4, 10, 23, 57, 132, 301, 701, 1654, 3953, 9279, 22049]...: 4315131: ACCEPTED IN 8 TRIES, (AVG 539391.375)
[1, 4, 10, 23, 57, 132, 301, 701, 1654, 3953, 9279, 22053]...: 5938321: ACCEPTED IN 11 TRIES, (AVG 539847.3636363636)
[1, 4, 10, 23, 57, 132, 301, 701, 1654, 3953, 9279, 22057]...: 9726074: ACCEPTED IN 18 TRIES, (AVG 540337.4444444445)
[1, 4, 10, 23, 57, 132, 301, 701, 1654, 3953, 9279, 22086]...: 11890188: ACCEPTED IN 22 TRIES, (AVG 540463.0909090909)
[1, 4, 10, 23, 57, 132, 301, 701, 1654, 3953, 9279, 22090]...: 8103161: ACCEPTED IN 15 TRIES, (AVG 540210.7333333333)
[1, 4, 10, 23, 57, 132, 301, 701, 1654, 3953, 9279, 22098]...: 8101951: ACCEPTED IN 15 TRIES, (AVG 540130.0666666667)
[1, 4, 10, 23, 57, 132, 301, 701, 1654, 3953, 9279, 22115]...: 9184936: ACCEPTED IN 17 TRIES, (AVG 540290.3529411765)
[1, 4, 10, 23, 57, 132, 301, 701, 1654, 3953, 9279, 22148]...: 5397350: ACCEPTED IN 10 TRIES, (AVG 539735.0)
[1, 4, 10, 23, 57, 132, 301, 701, 1654, 3953, 9279, 22152]...: 8100862: ACCEPTED IN 15 TRIES, (AVG 540057.4666666667)
[1, 4, 10, 23, 57, 132, 301, 701, 1654, 3953, 9279, 22181]...: 5397140: ACCEPTED IN 10 TRIES, (AVG 539714.0)
[1, 4, 10, 23, 57, 132, 301, 701, 1654, 3953, 9279, 22185]...: 4312888: ACCEPTED IN 8 TRIES, (AVG 539111.0)
[1, 4, 10, 23, 57, 132, 301, 701, 1654, 3953, 9279, 22189]...: 8642320: ACCEPTED IN 16 TRIES, (AVG 540145.0)
[1, 4, 10, 23, 57, 132, 301, 701, 1654, 3953, 9279, 22218]...: 5396816: ACCEPTED IN 10 TRIES, (AVG 539681.6)
[1, 4, 10, 23, 57, 132, 301, 701, 1654, 3953, 9279, 22222]...: 4856372: ACCEPTED IN 9 TRIES, (AVG 539596.8888888889)
[1, 4, 10, 23, 57, 132, 301, 701, 1654, 3953, 9279, 22230]...: 8099932: ACCEPTED IN 15 TRIES, (AVG 539995.4666666667)
[1, 4, 10, 23, 57, 132, 301, 701, 1654, 3953, 9279, 22247]...: 8643317: ACCEPTED IN 16 TRIES, (AVG 540207.3125)
[1, 4, 10, 23, 57, 132, 301, 701, 1654, 3953, 9279, 22259]...: 6479128: ACCEPTED IN 12 TRIES, (AVG 539927.3333333334)
