[1, 4, 10, 23, 57, 132, 301, 701, 1636, 3750, 8385, 18491]...: 537462: ACCEPTED IN 1 TRIES, (AVG 537462.0)
[1, 4, 10, 23, 57, 132, 301, 701, 1636, 3750, 8385, 18656]...: 3234892: ACCEPTED IN 6 TRIES, (AVG 539148.6666666666)
[1, 4, 10, 23, 57, 132, 301, 701, 1636, 3750, 8385, 18660]...: 537527: ACCEPTED IN 1 TRIES, (AVG 537527.0)
[1, 4, 10, 23, 57, 132, 301, 701, 1636, 3750, 8385, 18791]...: 1075839: ACCEPTED IN 2 TRIES, (AVG 537919.5)
[1, 4, 10, 23, 57, 132, 301, 701, 1636, 3750, 8385, 18929]...: 2156269: ACCEPTED IN 4 TRIES, (AVG 539067.25)
[1, 4, 10, 23, 57, 132, 301, 701, 1636, 3750, 8385, 18956]...: 1616702: ACCEPTED IN 3 TRIES, (AVG 538900.6666666666)
[1, 4, 10, 23, 57, 132, 301, 701, 1636, 3750, 8385, 18957]...: 2695433: ACCEPTED IN 5 TRIES, (AVG 539086.6)
[1, 4, 10, 23, 57, 132, 301, 701, 1636, 3750, 8385, 18997]...: 1077144: ACCEPTED IN 2 TRIES, (AVG 538572.0)
[1, 4, 10, 23, 57, 132, 301, 701, 1636, 3750, 8385, 19024]...: 1077048: ACCEPTED IN 2 TRIES, (AVG 538524.0)
[1, 4, 10, 23, 57, 132, 301, 701, 1636, 3750, 8385, 19025]...: 2155417: ACCEPTED IN 4 TRIES, (AVG 538854.25)
[1, 4, 10, 23, 57, 132, 301, 701, 1636, 3750, 8385, 19028]...: 2694925: ACCEPTED IN 5 TRIES, (AVG 538985.0)
[1, 4, 10, 23, 57, 132, 301, 701, 1636, 3750, 8385, 19029]...: 537496: ACCEPTED IN 1 TRIES, (AVG 537496.0)
[1, 4, 10, 23, 57, 132, 301, 701, 1636, 3750, 8385, 19059]...: 1616581: ACCEPTED IN 3 TRIES, (AVG 538860.3333333334)
[1, 4, 10, 23, 57, 132, 301, 701, 1636, 3750, 8385, 19198]...: 2154736: ACCEPTED IN 4 TRIES, (AVG 538684.0)
[1, 4, 10, 23, 57, 132, 301, 701, 1636, 3750, 8385, 19257]...: 1076451: ACCEPTED IN 2 TRIES, (AVG 538225.5)
[1, 4, 10, 23, 57, 132, 301, 701, 1636, 3750, 8385, 19260]...: 2156191: ACCEPTED IN 4 TRIES, (AVG 539047.75)
[1, 4, 10, 23, 57, 132, 301, 701, 1636, 3750, 8385, 19288]...: 537094: ACCEPTED IN 1 TRIES, (AVG 537094.0)
[1, 4, 10, 23, 57, 132, 301, 701, 1636, 3750, 8385, 19393]...: 1076987: ACCEPTED IN 2 TRIES, (AVG 538493.5)
[1, 4, 10, 23, 57, 132, 301, 701, 1636, 3750, 8385, 19422]...: 1075900: ACCEPTED IN 2 TRIES, (AVG 537950.0)
[1, 4, 10, 23, 57, 132, 301, 701, 1636, 3750, 8385, 19426]...: 1077018: ACCEPTED IN 2 TRIES, (AVG 538509.0)
[1, 4, 10, 23, 57, 132, 301, 701, 1636, 3750, 8385, 19429]...: 1076916: ACCEPTED IN 2 TRIES, (AVG 538458.0)
[1, 4, 10, 23, 57, 132, 301, 701, 1636, 3750, 8385, 19463]...: 536847: ACCEPTED IN 1 TRIES, (AVG 536847.0)
[1, 4, 10, 23, 57, 132, 301, 701, 1636, 3750, 8385, 19491]...: 2695455: ACCEPTED IN 5 TRIES, (AVG 539091.0)
[1, 4, 10, 23, 57, 132, 301, 701, 1636, 3750, 8385, 19557]...: 1076640: ACCEPTED IN 2 TRIES, (AVG 538320.0)
[1, 4, 10, 23, 57, 132, 301, 701, 1636, 3750, 8385, 19561]...: 1076381: ACCEPTED IN 2 TRIES, (AVG 538190.5)
[1, 4, 10, 23, 57, 132, 301, 701, 1636, 3750, 8385, 19562]...: 1076968: ACCEPTED IN 2 TRIES, (AVG 538484.0)
[1, 4, 10, 23, 57, 132, 301, 701, 1636, 3750, 8385, 19590]...: 4313869: ACCEPTED IN 8 TRIES, (AVG 539233.625)
[1, 4, 10, 23, 57, 132, 301, 701, 1636, 3750, 8385, 19592]...: 1077031: ACCEPTED IN 2 TRIES, (AVG 538515.5)
[1, 4, 10, 23, 57, 132, 301, 701, 1636, 3750, 8385, 19621]...: 1076589: ACCEPTED IN 2 TRIES, (AVG 538294.5)
[1, 4, 10, 23, 57, 132, 301, 701, 1636, 3750, 8385, 19631]...: 3235408: ACCEPTED IN 6 TRIES, (AVG 539234.6666666666)
[1, 4, 10, 23, 57, 132, 301, 701, 1636, 3750, 8385, 19657]...: 1616680: ACCEPTED IN 3 TRIES, (AVG 538893.3333333334)
[1, 4, 10, 23, 57, 132, 301, 701, 1636, 3750, 8385, 19688]...: 1616716: ACCEPTED IN 3 TRIES, (AVG 538905.3333333334)
[1, 4, 10, 23, 57, 132, 301, 701, 1636, 3750, 8385, 19689]...: 1077126: ACCEPTED IN 2 TRIES, (AVG 538563.0)
[1, 4, 10, 23, 57, 132, 301, 701, 1636, 3750, 8385, 19725]...: 537261: ACCEPTED IN 1 TRIES, (AVG 537261.0)
[1, 4, 10, 23, 57, 132, 301, 701, 1636, 3750, 8385, 19726]...: 2695310: ACCEPTED IN 5 TRIES, (AVG 539062.0)
[1, 4, 10, 23, 57, 132, 301, 701, 1636, 3750, 8385, 19727]...: 537030: ACCEPTED IN 1 TRIES, (AVG 537030.0)
[1, 4, 10, 23, 57, 132, 301, 701, 1636, 3750, 8385, 19757]...: 2694404: ACCEPTED IN 5 TRIES, (AVG 538880.8)
[1, 4, 10, 23, 57, 132, 301, 701, 1636, 3750, 8385, 19761]...: 1076300: ACCEPTED IN 2 TRIES, (AVG 538150.0)
[1, 4, 10, 23, 57, 132, 301, 701, 1636, 3750, 8385, 19764]...: 1076683: ACCEPTED IN 2 TRIES, (AVG 538341.5)
[1, 4, 10, 23, 57, 132, 301, 701, 1636, 3750, 8385, 19796]...: 536704: ACCEPTED IN 1 TRIES, (AVG 536704.0)
[1, 4, 10, 23, 57, 132, 301, 701, 1636, 3750, 8385, 19797]...: 1076069: ACCEPTED IN 2 TRIES, (AVG 538034.5)
[1, 4, 10, 23, 57, 132, 301, 701, 1636, 3750, 8385, 19826]...: 1075311: ACCEPTED IN 2 TRIES, (AVG 537655.5)
[1, 4, 10, 23, 57, 132, 301, 701, 1636, 3750, 8385, 19829]...: 1076292: ACCEPTED IN 2 TRIES, (AVG 538146.0)
[1, 4, 10, 23, 57, 132, 301, 701, 1636, 3750, 8385, 19855]...: 1077096: ACCEPTED IN 2 TRIES, (AVG 538548.0)
[1, 4, 10, 23, 57, 132, 301, 701, 1636, 3750, 8385, 19859]...: 1076509: ACCEPTED IN 2 TRIES, (AVG 538254.5)
[1, 4, 10, 23, 57, 132, 301, 701, 1636, 3750, 8385, 19863]...: 2155447: ACCEPTED IN 4 TRIES, (AVG 538861.75)
[1, 4, 10, 23, 57, 132, 301, 701, 1636, 3750, 8385, 19891]...: 2695700: ACCEPTED IN 5 TRIES, (AVG 539140.0)
[1, 4, 10, 23, 57, 132, 301, 701, 1636, 3750, 8385, 19893]...: 1615856: ACCEPTED IN 3 TRIES, (AVG 538618.6666666666)
[1, 4, 10, 23, 57, 132, 301, 701, 1636, 3750, 8385, 19925]...: 1077133: ACCEPTED IN 2 TRIES, (AVG 538566.5)
[1, 4, 10, 23, 57, 132, 301, 701, 1636, 3750, 8385, 19927]...: 2695516: ACCEPTED IN 5 TRIES, (AVG 539103.2)
[1, 4, 10, 23, 57, 132, 301, 701, 1636, 3750, 8385, 19957]...: 1616204: ACCEPTED IN 3 TRIES, (AVG 538734.6666666666)
[1, 4, 10, 23, 57, 132, 301, 701, 1636, 3750, 8385, 19959]...: 1076928: ACCEPTED IN 2 TRIES, (AVG 538464.0)
[1, 4, 10, 23, 57, 132, 301, 701, 1636, 3750, 8385, 19961]...: 1616477: ACCEPTED IN 3 TRIES, (AVG 538825.6666666666)
[1, 4, 10, 23, 57, 132, 301, 701, 1636, 3750, 8385, 19990]...: 3234201: ACCEPTED IN 6 TRIES, (AVG 539033.5)
[1, 4, 10, 23, 57, 132, 301, 701, 1636, 3750, 8385, 19992]...: 537520: ACCEPTED IN 1 TRIES, (AVG 537520.0)
[1, 4, 10, 23, 57, 132, 301, 701, 1636, 3750, 8385, 19994]...: 2155438: ACCEPTED IN 4 TRIES, (AVG 538859.5)
[1, 4, 10, 23, 57, 132, 301, 701, 1636, 3750, 8385, 20026]...: 3235402: ACCEPTED IN 6 TRIES, (AVG 539233.6666666666)
[1, 4, 10, 23, 57, 132, 301, 701, 1636, 3750, 8385, 20057]...: 1616176: ACCEPTED IN 3 TRIES, (AVG 538725.3333333334)
[1, 4, 10, 23, 57, 132, 301, 701, 1636, 3750, 8385, 20061]...: 537444: ACCEPTED IN 1 TRIES, (AVG 537444.0)
[1, 4, 10, 23, 57, 132, 301, 701, 1636, 3750, 8385, 20089]...: 1075780: ACCEPTED IN 2 TRIES, (AVG 537890.0)
[1, 4, 10, 23, 57, 132, 301, 701, 1636, 3750, 8385, 20091]...: 1077009: ACCEPTED IN 2 TRIES, (AVG 538504.5)
