[1, 4, 10, 23, 57, 132, 301, 701, 1654, 3850, 8725, 19214]...: 16219274: ACCEPTED IN 30 TRIES, (AVG 540642.4666666667)
[1, 4, 10, 23, 57, 132, 301, 701, 1654, 3850, 8725, 19222]...: 17302389: ACCEPTED IN 32 TRIES, (AVG 540699.65625)
[1, 4, 10, 23, 57, 132, 301, 701, 1654, 3850, 8725, 19251]...: 41112557: ACCEPTED IN 76 TRIES, (AVG 540954.697368421)
[1, 4, 10, 23, 57, 132, 301, 701, 1654, 3850, 8725, 19280]...: 47063123: ACCEPTED IN 87 TRIES, (AVG 540955.4367816092)
[1, 4, 10, 23, 57, 132, 301, 701, 1654, 3850, 8725, 19305]...: 11348214: ACCEPTED IN 21 TRIES, (AVG 540391.1428571428)
[1, 4, 10, 23, 57, 132, 301, 701, 1654, 3850, 8725, 19309]...: 30830213: ACCEPTED IN 57 TRIES, (AVG 540880.9298245613)
[1, 4, 10, 23, 57, 132, 301, 701, 1654, 3850, 8725, 19313]...: 28665045: ACCEPTED IN 53 TRIES, (AVG 540849.9056603773)
[1, 4, 10, 23, 57, 132, 301, 701, 1654, 3850, 8725, 19317]...: 24336751: ACCEPTED IN 45 TRIES, (AVG 540816.6888888889)
[1, 4, 10, 23, 57, 132, 301, 701, 1654, 3850, 8725, 19321]...: 14055396: ACCEPTED IN 26 TRIES, (AVG 540592.1538461539)
[1, 4, 10, 23, 57, 132, 301, 701, 1654, 3850, 8725, 19342]...: 14596530: ACCEPTED IN 27 TRIES, (AVG 540612.2222222222)
[1, 4, 10, 23, 57, 132, 301, 701, 1654, 3850, 8725, 19346]...: 15137940: ACCEPTED IN 28 TRIES, (AVG 540640.7142857143)
[1, 4, 10, 23, 57, 132, 301, 701, 1654, 3850, 8725, 19350]...: 29743258: ACCEPTED IN 55 TRIES, (AVG 540786.509090909)
[1, 4, 10, 23, 57, 132, 301, 701, 1654, 3850, 8725, 19354]...: 18383283: ACCEPTED IN 34 TRIES, (AVG 540684.7941176471)
[1, 4, 10, 23, 57, 132, 301, 701, 1654, 3850, 8725, 19400]...: 51935214: ACCEPTED IN 96 TRIES, (AVG 540991.8125)
[1, 4, 10, 23, 57, 132, 301, 701, 1654, 3850, 8725, 19412]...: 11889637: ACCEPTED IN 22 TRIES, (AVG 540438.0454545454)
[1, 4, 10, 23, 57, 132, 301, 701, 1654, 3850, 8725, 19437]...: 40028120: ACCEPTED IN 74 TRIES, (AVG 540920.5405405406)
[1, 4, 10, 23, 57, 132, 301, 701, 1654, 3850, 8725, 19441]...: 17302567: ACCEPTED IN 32 TRIES, (AVG 540705.21875)
[1, 4, 10, 23, 57, 132, 301, 701, 1654, 3850, 8725, 19449]...: 41650739: ACCEPTED IN 77 TRIES, (AVG 540918.6883116884)
[1, 4, 10, 23, 57, 132, 301, 701, 1654, 3850, 8725, 19474]...: 21089741: ACCEPTED IN 39 TRIES, (AVG 540762.5897435897)
[1, 4, 10, 23, 57, 132, 301, 701, 1654, 3850, 8725, 19478]...: 10808616: ACCEPTED IN 20 TRIES, (AVG 540430.8)
[1, 4, 10, 23, 57, 132, 301, 701, 1654, 3850, 8725, 19482]...: 16220176: ACCEPTED IN 30 TRIES, (AVG 540672.5333333333)
[1, 4, 10, 23, 57, 132, 301, 701, 1654, 3850, 8725, 19486]...: 35154362: ACCEPTED IN 65 TRIES, (AVG 540836.3384615384)
[1, 4, 10, 23, 57, 132, 301, 701, 1654, 3850, 8725, 19490]...: 41653214: ACCEPTED IN 77 TRIES, (AVG 540950.8311688312)
[1, 4, 10, 23, 57, 132, 301, 701, 1654, 3850, 8725, 19515]...: 29204733: ACCEPTED IN 54 TRIES, (AVG 540828.3888888889)
[1, 4, 10, 23, 57, 132, 301, 701, 1654, 3850, 8725, 19532]...: 15136459: ACCEPTED IN 28 TRIES, (AVG 540587.8214285715)
[1, 4, 10, 23, 57, 132, 301, 701, 1654, 3850, 8725, 19569]...: 15678878: ACCEPTED IN 29 TRIES, (AVG 540650.9655172414)
[1, 4, 10, 23, 57, 132, 301, 701, 1654, 3850, 8725, 19573]...: 28665883: ACCEPTED IN 53 TRIES, (AVG 540865.716981132)
[1, 4, 10, 23, 57, 132, 301, 701, 1654, 3850, 8725, 19581]...: 33535212: ACCEPTED IN 62 TRIES, (AVG 540890.5161290322)
[1, 4, 10, 23, 57, 132, 301, 701, 1654, 3850, 8725, 19606]...: 11348412: ACCEPTED IN 21 TRIES, (AVG 540400.5714285715)
[1, 4, 10, 23, 57, 132, 301, 701, 1654, 3850, 8725, 19610]...: 27042787: ACCEPTED IN 50 TRIES, (AVG 540855.74)
[1, 4, 10, 23, 57, 132, 301, 701, 1654, 3850, 8725, 19614]...: 32453882: ACCEPTED IN 60 TRIES, (AVG 540898.0333333333)
[1, 4, 10, 23, 57, 132, 301, 701, 1654, 3850, 8725, 19618]...: 25960421: ACCEPTED IN 48 TRIES, (AVG 540842.1041666666)
[1, 4, 10, 23, 57, 132, 301, 701, 1654, 3850, 8725, 19622]...: 11348574: ACCEPTED IN 21 TRIES, (AVG 540408.2857142857)
[1, 4, 10, 23, 57, 132, 301, 701, 1654, 3850, 8725, 19647]...: 33535639: ACCEPTED IN 62 TRIES, (AVG 540897.4032258064)
[1, 4, 10, 23, 57, 132, 301, 701, 1654, 3850, 8725, 19651]...: 41652983: ACCEPTED IN 77 TRIES, (AVG 540947.8311688312)
[1, 4, 10, 23, 57, 132, 301, 701, 1654, 3850, 8725, 19664]...: 17301827: ACCEPTED IN 32 TRIES, (AVG 540682.09375)
[1, 4, 10, 23, 57, 132, 301, 701, 1654, 3850, 8725, 19701]...: 41653298: ACCEPTED IN 77 TRIES, (AVG 540951.922077922)
[1, 4, 10, 23, 57, 132, 301, 701, 1654, 3850, 8725, 19705]...: 11890224: ACCEPTED IN 22 TRIES, (AVG 540464.7272727273)
[1, 4, 10, 23, 57, 132, 301, 701, 1654, 3850, 8725, 19713]...: 25959440: ACCEPTED IN 48 TRIES, (AVG 540821.6666666666)
[1, 4, 10, 23, 57, 132, 301, 701, 1654, 3850, 8725, 19738]...: 10267199: ACCEPTED IN 19 TRIES, (AVG 540378.8947368421)
[1, 4, 10, 23, 57, 132, 301, 701, 1654, 3850, 8725, 19742]...: 12973229: ACCEPTED IN 24 TRIES, (AVG 540551.2083333334)
[1, 4, 10, 23, 57, 132, 301, 701, 1654, 3850, 8725, 19746]...: 8643959: ACCEPTED IN 16 TRIES, (AVG 540247.4375)
[1, 4, 10, 23, 57, 132, 301, 701, 1654, 3850, 8725, 19750]...: 16761107: ACCEPTED IN 31 TRIES, (AVG 540680.8709677419)
[1, 4, 10, 23, 57, 132, 301, 701, 1654, 3850, 8725, 19779]...: 37324557: ACCEPTED IN 69 TRIES, (AVG 540935.6086956522)
[1, 4, 10, 23, 57, 132, 301, 701, 1654, 3850, 8725, 19783]...: 34076393: ACCEPTED IN 63 TRIES, (AVG 540895.126984127)
[1, 4, 10, 23, 57, 132, 301, 701, 1654, 3850, 8725, 19791]...: 37323613: ACCEPTED IN 69 TRIES, (AVG 540921.9275362319)
[1, 4, 10, 23, 57, 132, 301, 701, 1654, 3850, 8725, 19833]...: 17301800: ACCEPTED IN 32 TRIES, (AVG 540681.25)
[1, 4, 10, 23, 57, 132, 301, 701, 1654, 3850, 8725, 19837]...: 15679134: ACCEPTED IN 29 TRIES, (AVG 540659.7931034482)
[1, 4, 10, 23, 57, 132, 301, 701, 1654, 3850, 8725, 19870]...: 29747692: ACCEPTED IN 55 TRIES, (AVG 540867.1272727273)
[1, 4, 10, 23, 57, 132, 301, 701, 1654, 3850, 8725, 19874]...: 16219330: ACCEPTED IN 30 TRIES, (AVG 540644.3333333334)
[1, 4, 10, 23, 57, 132, 301, 701, 1654, 3850, 8725, 19878]...: 17301530: ACCEPTED IN 32 TRIES, (AVG 540672.8125)
[1, 4, 10, 23, 57, 132, 301, 701, 1654, 3850, 8725, 19882]...: 17301585: ACCEPTED IN 32 TRIES, (AVG 540674.53125)
[1, 4, 10, 23, 57, 132, 301, 701, 1654, 3850, 8725, 19911]...: 27582444: ACCEPTED IN 51 TRIES, (AVG 540832.2352941176)
[1, 4, 10, 23, 57, 132, 301, 701, 1654, 3850, 8725, 19915]...: 11349049: ACCEPTED IN 21 TRIES, (AVG 540430.9047619047)
[1, 4, 10, 23, 57, 132, 301, 701, 1654, 3850, 8725, 19923]...: 37864692: ACCEPTED IN 70 TRIES, (AVG 540924.1714285715)
[1, 4, 10, 23, 57, 132, 301, 701, 1654, 3850, 8725, 19952]...: 18384740: ACCEPTED IN 34 TRIES, (AVG 540727.6470588235)
[1, 4, 10, 23, 57, 132, 301, 701, 1654, 3850, 8725, 19965]...: 10807356: ACCEPTED IN 20 TRIES, (AVG 540367.8)
[1, 4, 10, 23, 57, 132, 301, 701, 1654, 3850, 8725, 19969]...: 34618700: ACCEPTED IN 64 TRIES, (AVG 540917.1875)
[1, 4, 10, 23, 57, 132, 301, 701, 1654, 3850, 8725, 20002]...: 11890903: ACCEPTED IN 22 TRIES, (AVG 540495.5909090909)
[1, 4, 10, 23, 57, 132, 301, 701, 1654, 3850, 8725, 20006]...: 15678582: ACCEPTED IN 29 TRIES, (AVG 540640.7586206896)
[1, 4, 10, 23, 57, 132, 301, 701, 1654, 3850, 8725, 20010]...: 17302117: ACCEPTED IN 32 TRIES, (AVG 540691.15625)
[1, 4, 10, 23, 57, 132, 301, 701, 1654, 3850, 8725, 20014]...: 11349401: ACCEPTED IN 21 TRIES, (AVG 540447.6666666666)
[1, 4, 10, 23, 57, 132, 301, 701, 1654, 3850, 8725, 20043]...: 15138009: ACCEPTED IN 28 TRIES, (AVG 540643.1785714285)
[1, 4, 10, 23, 57, 132, 301, 701, 1654, 3850, 8725, 20047]...: 14055360: ACCEPTED IN 26 TRIES, (AVG 540590.7692307692)
[1, 4, 10, 23, 57, 132, 301, 701, 1654, 3850, 8725, 20051]...: 17298893: ACCEPTED IN 32 TRIES, (AVG 540590.40625)
[1, 4, 10, 23, 57, 132, 301, 701, 1654, 3850, 8725, 20084]...: 17301889: ACCEPTED IN 32 TRIES, (AVG 540684.03125)
[1, 4, 10, 23, 57, 132, 301, 701, 1654, 3850, 8725, 20101]...: 12432065: ACCEPTED IN 23 TRIES, (AVG 540524.5652173914)
[1, 4, 10, 23, 57, 132, 301, 701, 1654, 3850, 8725, 20134]...: 21090444: ACCEPTED IN 39 TRIES, (AVG 540780.6153846154)
[1, 4, 10, 23, 57, 132, 301, 701, 1654, 3850, 8725, 20138]...: 10807178: ACCEPTED IN 20 TRIES, (AVG 540358.9)
[1, 4, 10, 23, 57, 132, 301, 701, 1654, 3850, 8725, 20142]...: 10267346: ACCEPTED IN 19 TRIES, (AVG 540386.6315789474)
[1, 4, 10, 23, 57, 132, 301, 701, 1654, 3850, 8725, 20175]...: 41652808: ACCEPTED IN 77 TRIES, (AVG 540945.5584415584)
[1, 4, 10, 23, 57, 132, 301, 701, 1654, 3850, 8725, 20179]...: 14595663: ACCEPTED IN 27 TRIES, (AVG 540580.1111111111)
[1, 4, 10, 23, 57, 132, 301, 701, 1654, 3850, 8725, 20183]...: 24337258: ACCEPTED IN 45 TRIES, (AVG 540827.9555555555)
[1, 4, 10, 23, 57, 132, 301, 701, 1654, 3850, 8725, 20216]...: 23795919: ACCEPTED IN 44 TRIES, (AVG 540816.3409090909)
[1, 4, 10, 23, 57, 132, 301, 701, 1654, 3850, 8725, 20233]...: 15676785: ACCEPTED IN 29 TRIES, (AVG 540578.7931034482)
[1, 4, 10, 23, 57, 132, 301, 701, 1654, 3850, 8725, 20266]...: 30289151: ACCEPTED IN 56 TRIES, (AVG 540877.6964285715)
[1, 4, 10, 23, 57, 132, 301, 701, 1654, 3850, 8725, 20270]...: 15137561: ACCEPTED IN 28 TRIES, (AVG 540627.1785714285)
[1, 4, 10, 23, 57, 132, 301, 701, 1654, 3850, 8725, 20274]...: 12972910: ACCEPTED IN 24 TRIES, (AVG 540537.9166666666)
[1, 4, 10, 23, 57, 132, 301, 701, 1654, 3850, 8725, 20303]...: 11890253: ACCEPTED IN 22 TRIES, (AVG 540466.0454545454)
[1, 4, 10, 23, 57, 132, 301, 701, 1654, 3850, 8725, 20307]...: 14596031: ACCEPTED IN 27 TRIES, (AVG 540593.7407407408)
[1, 4, 10, 23, 57, 132, 301, 701, 1654, 3850, 8725, 20311]...: 11888728: ACCEPTED IN 22 TRIES, (AVG 540396.7272727273)
[1, 4, 10, 23, 57, 132, 301, 701, 1654, 3850, 8725, 20315]...: 9185315: ACCEPTED IN 17 TRIES, (AVG 540312.6470588235)
[1, 4, 10, 23, 57, 132, 301, 701, 1654, 3850, 8725, 20348]...: 8642942: ACCEPTED IN 16 TRIES, (AVG 540183.875)
[1, 4, 10, 23, 57, 132, 301, 701, 1654, 3850, 8725, 20352]...: 13514474: ACCEPTED IN 25 TRIES, (AVG 540578.96)
[1, 4, 10, 23, 57, 132, 301, 701, 1654, 3850, 8725, 20365]...: 16219513: ACCEPTED IN 30 TRIES, (AVG 540650.4333333333)
[1, 4, 10, 23, 57, 132, 301, 701, 1654, 3850, 8725, 20394]...: 10264814: ACCEPTED IN 19 TRIES, (AVG 540253.3684210526)
[1, 4, 10, 23, 57, 132, 301, 701, 1654, 3850, 8725, 20402]...: 11349625: ACCEPTED IN 21 TRIES, (AVG 540458.3333333334)
[1, 4, 10, 23, 57, 132, 301, 701, 1654, 3850, 8725, 20406]...: 15137841: ACCEPTED IN 28 TRIES, (AVG 540637.1785714285)
[1, 4, 10, 23, 57, 132, 301, 701, 1654, 3850, 8725, 20435]...: 17301239: ACCEPTED IN 32 TRIES, (AVG 540663.71875)
[1, 4, 10, 23, 57, 132, 301, 701, 1654, 3850, 8725, 20439]...: 11347207: ACCEPTED IN 21 TRIES, (AVG 540343.1904761905)
[1, 4, 10, 23, 57, 132, 301, 701, 1654, 3850, 8725, 20443]...: 10808719: ACCEPTED IN 20 TRIES, (AVG 540435.95)
[1, 4, 10, 23, 57, 132, 301, 701, 1654, 3850, 8725, 20447]...: 17841714: ACCEPTED IN 33 TRIES, (AVG 540658.0)
[1, 4, 10, 23, 57, 132, 301, 701, 1654, 3850, 8725, 20480]...: 16761294: ACCEPTED IN 31 TRIES, (AVG 540686.9032258064)
[1, 4, 10, 23, 57, 132, 301, 701, 1654, 3850, 8725, 20484]...: 23795716: ACCEPTED IN 44 TRIES, (AVG 540811.7272727273)
[1, 4, 10, 23, 57, 132, 301, 701, 1654, 3850, 8725, 20526]...: 16761428: ACCEPTED IN 31 TRIES, (AVG 540691.2258064516)
[1, 4, 10, 23, 57, 132, 301, 701, 1654, 3850, 8725, 20534]...: 11889602: ACCEPTED IN 22 TRIES, (AVG 540436.4545454546)
[1, 4, 10, 23, 57, 132, 301, 701, 1654, 3850, 8725, 20538]...: 15138000: ACCEPTED IN 28 TRIES, (AVG 540642.8571428572)
[1, 4, 10, 23, 57, 132, 301, 701, 1654, 3850, 8725, 20567]...: 29745378: ACCEPTED IN 55 TRIES, (AVG 540825.0545454546)
[1, 4, 10, 23, 57, 132, 301, 701, 1654, 3850, 8725, 20571]...: 10808658: ACCEPTED IN 20 TRIES, (AVG 540432.9)
[1, 4, 10, 23, 57, 132, 301, 701, 1654, 3850, 8725, 20575]...: 16760588: ACCEPTED IN 31 TRIES, (AVG 540664.1290322581)
[1, 4, 10, 23, 57, 132, 301, 701, 1654, 3850, 8725, 20579]...: 23794686: ACCEPTED IN 44 TRIES, (AVG 540788.3181818182)
[1, 4, 10, 23, 57, 132, 301, 701, 1654, 3850, 8725, 20604]...: 17300421: ACCEPTED IN 32 TRIES, (AVG 540638.15625)
[1, 4, 10, 23, 57, 132, 301, 701, 1654, 3850, 8725, 20612]...: 15678859: ACCEPTED IN 29 TRIES, (AVG 540650.3103448276)
[1, 4, 10, 23, 57, 132, 301, 701, 1654, 3850, 8725, 20616]...: 15137613: ACCEPTED IN 28 TRIES, (AVG 540629.0357142857)
[1, 4, 10, 23, 57, 132, 301, 701, 1654, 3850, 8725, 20653]...: 29206745: ACCEPTED IN 54 TRIES, (AVG 540865.6481481482)
[1, 4, 10, 23, 57, 132, 301, 701, 1654, 3850, 8725, 20658]...: 11349752: ACCEPTED IN 21 TRIES, (AVG 540464.380952381)
[1, 4, 10, 23, 57, 132, 301, 701, 1654, 3850, 8725, 20666]...: 11889948: ACCEPTED IN 22 TRIES, (AVG 540452.1818181818)
[1, 4, 10, 23, 57, 132, 301, 701, 1654, 3850, 8725, 20670]...: 8643173: ACCEPTED IN 16 TRIES, (AVG 540198.3125)
[1, 4, 10, 23, 57, 132, 301, 701, 1654, 3850, 8725, 20695]...: 8102739: ACCEPTED IN 15 TRIES, (AVG 540182.6)
[1, 4, 10, 23, 57, 132, 301, 701, 1654, 3850, 8725, 20699]...: 5938578: ACCEPTED IN 11 TRIES, (AVG 539870.7272727273)
[1, 4, 10, 23, 57, 132, 301, 701, 1654, 3850, 8725, 20703]...: 42194771: ACCEPTED IN 78 TRIES, (AVG 540958.6025641026)
[1, 4, 10, 23, 57, 132, 301, 701, 1654, 3850, 8725, 20707]...: 8643911: ACCEPTED IN 16 TRIES, (AVG 540244.4375)
[1, 4, 10, 23, 57, 132, 301, 701, 1654, 3850, 8725, 20711]...: 8643616: ACCEPTED IN 16 TRIES, (AVG 540226.0)
[1, 4, 10, 23, 57, 132, 301, 701, 1654, 3850, 8725, 20736]...: 31371744: ACCEPTED IN 58 TRIES, (AVG 540892.1379310344)
[1, 4, 10, 23, 57, 132, 301, 701, 1654, 3850, 8725, 20744]...: 7561983: ACCEPTED IN 14 TRIES, (AVG 540141.6428571428)
[1, 4, 10, 23, 57, 132, 301, 701, 1654, 3850, 8725, 20748]...: 11889950: ACCEPTED IN 22 TRIES, (AVG 540452.2727272727)
[1, 4, 10, 23, 57, 132, 301, 701, 1654, 3850, 8725, 20785]...: 17299352: ACCEPTED IN 32 TRIES, (AVG 540604.75)
[1, 4, 10, 23, 57, 132, 301, 701, 1654, 3850, 8725, 20790]...: 11890654: ACCEPTED IN 22 TRIES, (AVG 540484.2727272727)
[1, 4, 10, 23, 57, 132, 301, 701, 1654, 3850, 8725, 20802]...: 11889494: ACCEPTED IN 22 TRIES, (AVG 540431.5454545454)
[1, 4, 10, 23, 57, 132, 301, 701, 1654, 3850, 8725, 20827]...: 8099666: ACCEPTED IN 15 TRIES, (AVG 539977.7333333333)
[1, 4, 10, 23, 57, 132, 301, 701, 1654, 3850, 8725, 20831]...: 8100994: ACCEPTED IN 15 TRIES, (AVG 540066.2666666667)
[1, 4, 10, 23, 57, 132, 301, 701, 1654, 3850, 8725, 20835]...: 15136423: ACCEPTED IN 28 TRIES, (AVG 540586.5357142857)
[1, 4, 10, 23, 57, 132, 301, 701, 1654, 3850, 8725, 20839]...: 17301594: ACCEPTED IN 32 TRIES, (AVG 540674.8125)
[1, 4, 10, 23, 57, 132, 301, 701, 1654, 3850, 8725, 20843]...: 17301391: ACCEPTED IN 32 TRIES, (AVG 540668.46875)
[1, 4, 10, 23, 57, 132, 301, 701, 1654, 3850, 8725, 20868]...: 29746001: ACCEPTED IN 55 TRIES, (AVG 540836.3818181818)
[1, 4, 10, 23, 57, 132, 301, 701, 1654, 3850, 8725, 20876]...: 15137593: ACCEPTED IN 28 TRIES, (AVG 540628.3214285715)
[1, 4, 10, 23, 57, 132, 301, 701, 1654, 3850, 8725, 20880]...: 17842991: ACCEPTED IN 33 TRIES, (AVG 540696.696969697)
[1, 4, 10, 23, 57, 132, 301, 701, 1654, 3850, 8725, 20905]...: 11889937: ACCEPTED IN 22 TRIES, (AVG 540451.6818181818)
[1, 4, 10, 23, 57, 132, 301, 701, 1654, 3850, 8725, 20917]...: 17301913: ACCEPTED IN 32 TRIES, (AVG 540684.78125)
[1, 4, 10, 23, 57, 132, 301, 701, 1654, 3850, 8725, 20922]...: 15678253: ACCEPTED IN 29 TRIES, (AVG 540629.4137931034)
[1, 4, 10, 23, 57, 132, 301, 701, 1654, 3850, 8725, 20934]...: 11889365: ACCEPTED IN 22 TRIES, (AVG 540425.6818181818)
