[1, 4, 10, 23, 57, 132, 301, 701, 1654, 3850, 8726, 19219]...: 11890377: ACCEPTED IN 22 TRIES, (AVG 540471.6818181818)
[1, 4, 10, 23, 57, 132, 301, 701, 1654, 3850, 8726, 19223]...: 11349498: ACCEPTED IN 21 TRIES, (AVG 540452.2857142857)
[1, 4, 10, 23, 57, 132, 301, 701, 1654, 3850, 8726, 19289]...: 13514159: ACCEPTED IN 25 TRIES, (AVG 540566.36)
[1, 4, 10, 23, 57, 132, 301, 701, 1654, 3850, 8726, 19318]...: 10267468: ACCEPTED IN 19 TRIES, (AVG 540393.052631579)
[1, 4, 10, 23, 57, 132, 301, 701, 1654, 3850, 8726, 19355]...: 9184965: ACCEPTED IN 17 TRIES, (AVG 540292.0588235294)
[1, 4, 10, 23, 57, 132, 301, 701, 1654, 3850, 8726, 19388]...: 10808163: ACCEPTED IN 20 TRIES, (AVG 540408.15)
[1, 4, 10, 23, 57, 132, 301, 701, 1654, 3850, 8726, 19421]...: 7561849: ACCEPTED IN 14 TRIES, (AVG 540132.0714285715)
[1, 4, 10, 23, 57, 132, 301, 701, 1654, 3850, 8726, 19487]...: 12431774: ACCEPTED IN 23 TRIES, (AVG 540511.9130434783)
[1, 4, 10, 23, 57, 132, 301, 701, 1654, 3850, 8726, 19520]...: 12430586: ACCEPTED IN 23 TRIES, (AVG 540460.2608695652)
[1, 4, 10, 23, 57, 132, 301, 701, 1654, 3850, 8726, 19590]...: 9726076: ACCEPTED IN 18 TRIES, (AVG 540337.5555555555)
[1, 4, 10, 23, 57, 132, 301, 701, 1654, 3850, 8726, 19619]...: 9184854: ACCEPTED IN 17 TRIES, (AVG 540285.5294117647)
[1, 4, 10, 23, 57, 132, 301, 701, 1654, 3850, 8726, 19689]...: 10806926: ACCEPTED IN 20 TRIES, (AVG 540346.3)
[1, 4, 10, 23, 57, 132, 301, 701, 1654, 3850, 8726, 19722]...: 8103176: ACCEPTED IN 15 TRIES, (AVG 540211.7333333333)
[1, 4, 10, 23, 57, 132, 301, 701, 1654, 3850, 8726, 19788]...: 10808104: ACCEPTED IN 20 TRIES, (AVG 540405.2)
[1, 4, 10, 23, 57, 132, 301, 701, 1654, 3850, 8726, 19821]...: 11348635: ACCEPTED IN 21 TRIES, (AVG 540411.1904761905)
[1, 4, 10, 23, 57, 132, 301, 701, 1654, 3850, 8726, 19920]...: 8102835: ACCEPTED IN 15 TRIES, (AVG 540189.0)
[1, 4, 10, 23, 57, 132, 301, 701, 1654, 3850, 8726, 19990]...: 4315152: ACCEPTED IN 8 TRIES, (AVG 539394.0)
[1, 4, 10, 23, 57, 132, 301, 701, 1654, 3850, 8726, 20089]...: 7019662: ACCEPTED IN 13 TRIES, (AVG 539974.0)
[1, 4, 10, 23, 57, 132, 301, 701, 1654, 3850, 8726, 20122]...: 15136700: ACCEPTED IN 28 TRIES, (AVG 540596.4285714285)
[1, 4, 10, 23, 57, 132, 301, 701, 1654, 3850, 8726, 20221]...: 12972626: ACCEPTED IN 24 TRIES, (AVG 540526.0833333334)
[1, 4, 10, 23, 57, 132, 301, 701, 1654, 3850, 8726, 20291]...: 8643281: ACCEPTED IN 16 TRIES, (AVG 540205.0625)
[1, 4, 10, 23, 57, 132, 301, 701, 1654, 3850, 8726, 20390]...: 8102665: ACCEPTED IN 15 TRIES, (AVG 540177.6666666666)
[1, 4, 10, 23, 57, 132, 301, 701, 1654, 3850, 8726, 20423]...: 8643907: ACCEPTED IN 16 TRIES, (AVG 540244.1875)
[1, 4, 10, 23, 57, 132, 301, 701, 1654, 3850, 8726, 20522]...: 5938438: ACCEPTED IN 11 TRIES, (AVG 539858.0)
[1, 4, 10, 23, 57, 132, 301, 701, 1654, 3850, 8726, 20691]...: 6479165: ACCEPTED IN 12 TRIES, (AVG 539930.4166666666)
[1, 4, 10, 23, 57, 132, 301, 701, 1654, 3850, 8726, 20823]...: 8102112: ACCEPTED IN 15 TRIES, (AVG 540140.8)
[1, 4, 10, 23, 57, 132, 301, 701, 1654, 3850, 8726, 20852]...: 7020594: ACCEPTED IN 13 TRIES, (AVG 540045.6923076923)
