[1, 4, 10, 23, 57, 132, 301, 701, 1654, 3850, 9126, 20089]...: 10267600: ACCEPTED IN 19 TRIES, (AVG 540400.0)
[1, 4, 10, 23, 57, 132, 301, 701, 1654, 3850, 9126, 20118]...: 5935797: ACCEPTED IN 11 TRIES, (AVG 539617.9090909091)
[1, 4, 10, 23, 57, 132, 301, 701, 1654, 3850, 9126, 20155]...: 7561870: ACCEPTED IN 14 TRIES, (AVG 540133.5714285715)
[1, 4, 10, 23, 57, 132, 301, 701, 1654, 3850, 9126, 20188]...: 5393582: ACCEPTED IN 10 TRIES, (AVG 539358.2)
[1, 4, 10, 23, 57, 132, 301, 701, 1654, 3850, 9126, 20192]...: 5397281: ACCEPTED IN 10 TRIES, (AVG 539728.1)
[1, 4, 10, 23, 57, 132, 301, 701, 1654, 3850, 9126, 20202]...: 9185533: ACCEPTED IN 17 TRIES, (AVG 540325.4705882353)
[1, 4, 10, 23, 57, 132, 301, 701, 1654, 3850, 9126, 20221]...: 5938668: ACCEPTED IN 11 TRIES, (AVG 539878.9090909091)
[1, 4, 10, 23, 57, 132, 301, 701, 1654, 3850, 9126, 20287]...: 7018957: ACCEPTED IN 13 TRIES, (AVG 539919.7692307692)
[1, 4, 10, 23, 57, 132, 301, 701, 1654, 3850, 9126, 20320]...: 9726652: ACCEPTED IN 18 TRIES, (AVG 540369.5555555555)
[1, 4, 10, 23, 57, 132, 301, 701, 1654, 3850, 9126, 20324]...: 5936959: ACCEPTED IN 11 TRIES, (AVG 539723.5454545454)
[1, 4, 10, 23, 57, 132, 301, 701, 1654, 3850, 9126, 20334]...: 4854585: ACCEPTED IN 9 TRIES, (AVG 539398.3333333334)
[1, 4, 10, 23, 57, 132, 301, 701, 1654, 3850, 9126, 20390]...: 6478927: ACCEPTED IN 12 TRIES, (AVG 539910.5833333334)
[1, 4, 10, 23, 57, 132, 301, 701, 1654, 3850, 9126, 20419]...: 7561769: ACCEPTED IN 14 TRIES, (AVG 540126.3571428572)
[1, 4, 10, 23, 57, 132, 301, 701, 1654, 3850, 9126, 20456]...: 5397485: ACCEPTED IN 10 TRIES, (AVG 539748.5)
[1, 4, 10, 23, 57, 132, 301, 701, 1654, 3850, 9126, 20466]...: 7020709: ACCEPTED IN 13 TRIES, (AVG 540054.5384615385)
[1, 4, 10, 23, 57, 132, 301, 701, 1654, 3850, 9126, 20489]...: 3771851: ACCEPTED IN 7 TRIES, (AVG 538835.8571428572)
[1, 4, 10, 23, 57, 132, 301, 701, 1654, 3850, 9126, 20493]...: 3232999: ACCEPTED IN 6 TRIES, (AVG 538833.1666666666)
[1, 4, 10, 23, 57, 132, 301, 701, 1654, 3850, 9126, 20522]...: 5937447: ACCEPTED IN 11 TRIES, (AVG 539767.9090909091)
[1, 4, 10, 23, 57, 132, 301, 701, 1654, 3850, 9126, 20588]...: 6479240: ACCEPTED IN 12 TRIES, (AVG 539936.6666666666)
[1, 4, 10, 23, 57, 132, 301, 701, 1654, 3850, 9126, 20621]...: 6478636: ACCEPTED IN 12 TRIES, (AVG 539886.3333333334)
[1, 4, 10, 23, 57, 132, 301, 701, 1654, 3850, 9126, 20625]...: 5938695: ACCEPTED IN 11 TRIES, (AVG 539881.3636363636)
[1, 4, 10, 23, 57, 132, 301, 701, 1654, 3850, 9126, 20720]...: 7561356: ACCEPTED IN 14 TRIES, (AVG 540096.8571428572)
[1, 4, 10, 23, 57, 132, 301, 701, 1654, 3850, 9126, 20757]...: 5938275: ACCEPTED IN 11 TRIES, (AVG 539843.1818181818)
[1, 4, 10, 23, 57, 132, 301, 701, 1654, 3850, 9126, 20790]...: 6478562: ACCEPTED IN 12 TRIES, (AVG 539880.1666666666)
[1, 4, 10, 23, 57, 132, 301, 701, 1654, 3850, 9126, 20794]...: 7560772: ACCEPTED IN 14 TRIES, (AVG 540055.1428571428)
[1, 4, 10, 23, 57, 132, 301, 701, 1654, 3850, 9126, 20889]...: 4315012: ACCEPTED IN 8 TRIES, (AVG 539376.5)
[1, 4, 10, 23, 57, 132, 301, 701, 1654, 3850, 9126, 20922]...: 9726060: ACCEPTED IN 18 TRIES, (AVG 540336.6666666666)
[1, 4, 10, 23, 57, 132, 301, 701, 1654, 3850, 9126, 20926]...: 6479752: ACCEPTED IN 12 TRIES, (AVG 539979.3333333334)
[1, 4, 10, 23, 57, 132, 301, 701, 1654, 3850, 9126, 21000]...: 5396455: ACCEPTED IN 10 TRIES, (AVG 539645.5)
[1, 4, 10, 23, 57, 132, 301, 701, 1654, 3850, 9126, 21021]...: 8641365: ACCEPTED IN 16 TRIES, (AVG 540085.3125)
[1, 4, 10, 23, 57, 132, 301, 701, 1654, 3850, 9126, 21058]...: 5397097: ACCEPTED IN 10 TRIES, (AVG 539709.7)
[1, 4, 10, 23, 57, 132, 301, 701, 1654, 3850, 9126, 21091]...: 4315290: ACCEPTED IN 8 TRIES, (AVG 539411.25)
[1, 4, 10, 23, 57, 132, 301, 701, 1654, 3850, 9126, 21095]...: 4856205: ACCEPTED IN 9 TRIES, (AVG 539578.3333333334)
[1, 4, 10, 23, 57, 132, 301, 701, 1654, 3850, 9126, 21132]...: 5394049: ACCEPTED IN 10 TRIES, (AVG 539404.9)
[1, 4, 10, 23, 57, 132, 301, 701, 1654, 3850, 9126, 21190]...: 8102980: ACCEPTED IN 15 TRIES, (AVG 540198.6666666666)
[1, 4, 10, 23, 57, 132, 301, 701, 1654, 3850, 9126, 21223]...: 5938037: ACCEPTED IN 11 TRIES, (AVG 539821.5454545454)
[1, 4, 10, 23, 57, 132, 301, 701, 1654, 3850, 9126, 21227]...: 4314192: ACCEPTED IN 8 TRIES, (AVG 539274.0)
[1, 4, 10, 23, 57, 132, 301, 701, 1654, 3850, 9126, 21264]...: 7558358: ACCEPTED IN 14 TRIES, (AVG 539882.7142857143)
[1, 4, 10, 23, 57, 132, 301, 701, 1654, 3850, 9126, 21322]...: 8643682: ACCEPTED IN 16 TRIES, (AVG 540230.125)
[1, 4, 10, 23, 57, 132, 301, 701, 1654, 3850, 9126, 21359]...: 5937135: ACCEPTED IN 11 TRIES, (AVG 539739.5454545454)
[1, 4, 10, 23, 57, 132, 301, 701, 1654, 3850, 9126, 21396]...: 9725187: ACCEPTED IN 18 TRIES, (AVG 540288.1666666666)
[1, 4, 10, 23, 57, 132, 301, 701, 1654, 3850, 9126, 21491]...: 6479440: ACCEPTED IN 12 TRIES, (AVG 539953.3333333334)
[1, 4, 10, 23, 57, 132, 301, 701, 1654, 3850, 9126, 21528]...: 3773037: ACCEPTED IN 7 TRIES, (AVG 539005.2857142857)
[1, 4, 10, 23, 57, 132, 301, 701, 1654, 3850, 9126, 21623]...: 4315176: ACCEPTED IN 8 TRIES, (AVG 539397.0)
[1, 4, 10, 23, 57, 132, 301, 701, 1654, 3850, 9126, 21660]...: 5393609: ACCEPTED IN 10 TRIES, (AVG 539360.9)
[1, 4, 10, 23, 57, 132, 301, 701, 1654, 3850, 9126, 21792]...: 5395259: ACCEPTED IN 10 TRIES, (AVG 539525.9)
[1, 4, 10, 23, 57, 132, 301, 701, 1654, 3850, 9126, 21856]...: 4856385: ACCEPTED IN 9 TRIES, (AVG 539598.3333333334)
