[1, 4, 10, 23, 57, 132, 301, 701, 1654, 3850, 9009, 19942]...: 82236591: ACCEPTED IN 152 TRIES, (AVG 541030.2039473684)
[1, 4, 10, 23, 57, 132, 301, 701, 1654, 3850, 9009, 20041]...: 161785027: ACCEPTED IN 299 TRIES, (AVG 541087.0468227424)
[1, 4, 10, 23, 57, 132, 301, 701, 1654, 3850, 9009, 20137]...: 32454165: ACCEPTED IN 60 TRIES, (AVG 540902.75)
[1, 4, 10, 23, 57, 132, 301, 701, 1654, 3850, 9009, 20169]...: 51934905: ACCEPTED IN 96 TRIES, (AVG 540988.59375)
[1, 4, 10, 23, 57, 132, 301, 701, 1654, 3850, 9009, 20173]...: 47064911: ACCEPTED IN 87 TRIES, (AVG 540975.9885057472)
[1, 4, 10, 23, 57, 132, 301, 701, 1654, 3850, 9009, 20194]...: 66545274: ACCEPTED IN 123 TRIES, (AVG 541018.487804878)
[1, 4, 10, 23, 57, 132, 301, 701, 1654, 3850, 9009, 20206]...: 83319964: ACCEPTED IN 154 TRIES, (AVG 541038.7272727273)
[1, 4, 10, 23, 57, 132, 301, 701, 1654, 3850, 9009, 20342]...: 56805348: ACCEPTED IN 105 TRIES, (AVG 541003.3142857143)
[1, 4, 10, 23, 57, 132, 301, 701, 1654, 3850, 9009, 20355]...: 35156526: ACCEPTED IN 65 TRIES, (AVG 540869.6307692308)
[1, 4, 10, 23, 57, 132, 301, 701, 1654, 3850, 9009, 20396]...: 42193916: ACCEPTED IN 78 TRIES, (AVG 540947.641025641)
[1, 4, 10, 23, 57, 132, 301, 701, 1654, 3850, 9009, 20470]...: 16760914: ACCEPTED IN 31 TRIES, (AVG 540674.6451612903)
[1, 4, 10, 23, 57, 132, 301, 701, 1654, 3850, 9009, 20474]...: 101177832: ACCEPTED IN 187 TRIES, (AVG 541057.9251336899)
[1, 4, 10, 23, 57, 132, 301, 701, 1654, 3850, 9009, 20487]...: 14054828: ACCEPTED IN 26 TRIES, (AVG 540570.3076923077)
[1, 4, 10, 23, 57, 132, 301, 701, 1654, 3850, 9009, 20524]...: 66544882: ACCEPTED IN 123 TRIES, (AVG 541015.3008130081)
[1, 4, 10, 23, 57, 132, 301, 701, 1654, 3850, 9009, 20528]...: 7560669: ACCEPTED IN 14 TRIES, (AVG 540047.7857142857)
[1, 4, 10, 23, 57, 132, 301, 701, 1654, 3850, 9009, 20533]...: 66545637: ACCEPTED IN 123 TRIES, (AVG 541021.4390243902)
[1, 4, 10, 23, 57, 132, 301, 701, 1654, 3850, 9009, 20537]...: 82238647: ACCEPTED IN 152 TRIES, (AVG 541043.7302631579)
[1, 4, 10, 23, 57, 132, 301, 701, 1654, 3850, 9009, 20602]...: 14054568: ACCEPTED IN 26 TRIES, (AVG 540560.3076923077)
[1, 4, 10, 23, 57, 132, 301, 701, 1654, 3850, 9009, 20607]...: 45981003: ACCEPTED IN 85 TRIES, (AVG 540952.9764705882)
[1, 4, 10, 23, 57, 132, 301, 701, 1654, 3850, 9009, 20631]...: 9725789: ACCEPTED IN 18 TRIES, (AVG 540321.6111111111)
[1, 4, 10, 23, 57, 132, 301, 701, 1654, 3850, 9009, 20656]...: 10808459: ACCEPTED IN 20 TRIES, (AVG 540422.95)
[1, 4, 10, 23, 57, 132, 301, 701, 1654, 3850, 9009, 20660]...: 12973469: ACCEPTED IN 24 TRIES, (AVG 540561.2083333334)
[1, 4, 10, 23, 57, 132, 301, 701, 1654, 3850, 9009, 20697]...: 16218790: ACCEPTED IN 30 TRIES, (AVG 540626.3333333334)
[1, 4, 10, 23, 57, 132, 301, 701, 1654, 3850, 9009, 20706]...: 16219900: ACCEPTED IN 30 TRIES, (AVG 540663.3333333334)
[1, 4, 10, 23, 57, 132, 301, 701, 1654, 3850, 9009, 20734]...: 47606044: ACCEPTED IN 88 TRIES, (AVG 540977.7727272727)
[1, 4, 10, 23, 57, 132, 301, 701, 1654, 3850, 9009, 20739]...: 15677568: ACCEPTED IN 29 TRIES, (AVG 540605.7931034482)
[1, 4, 10, 23, 57, 132, 301, 701, 1654, 3850, 9009, 20751]...: 73039460: ACCEPTED IN 135 TRIES, (AVG 541033.0370370371)
[1, 4, 10, 23, 57, 132, 301, 701, 1654, 3850, 9009, 20763]...: 178560124: ACCEPTED IN 330 TRIES, (AVG 541091.2848484848)
[1, 4, 10, 23, 57, 132, 301, 701, 1654, 3850, 9009, 20776]...: 90355210: ACCEPTED IN 167 TRIES, (AVG 541049.1616766467)
[1, 4, 10, 23, 57, 132, 301, 701, 1654, 3850, 9009, 20788]...: 16217904: ACCEPTED IN 30 TRIES, (AVG 540596.8)
[1, 4, 10, 23, 57, 132, 301, 701, 1654, 3850, 9009, 20792]...: 58968596: ACCEPTED IN 109 TRIES, (AVG 540996.2935779816)
[1, 4, 10, 23, 57, 132, 301, 701, 1654, 3850, 9009, 20801]...: 35699495: ACCEPTED IN 66 TRIES, (AVG 540901.4393939395)
[1, 4, 10, 23, 57, 132, 301, 701, 1654, 3850, 9009, 20804]...: 83860726: ACCEPTED IN 155 TRIES, (AVG 541036.9419354838)
[1, 4, 10, 23, 57, 132, 301, 701, 1654, 3850, 9009, 20825]...: 9725249: ACCEPTED IN 18 TRIES, (AVG 540291.6111111111)
[1, 4, 10, 23, 57, 132, 301, 701, 1654, 3850, 9009, 20829]...: 22171977: ACCEPTED IN 41 TRIES, (AVG 540779.9268292683)
[1, 4, 10, 23, 57, 132, 301, 701, 1654, 3850, 9009, 20834]...: 58966671: ACCEPTED IN 109 TRIES, (AVG 540978.6330275229)
[1, 4, 10, 23, 57, 132, 301, 701, 1654, 3850, 9009, 20838]...: 16218786: ACCEPTED IN 30 TRIES, (AVG 540626.2)
[1, 4, 10, 23, 57, 132, 301, 701, 1654, 3850, 9009, 20871]...: 15678777: ACCEPTED IN 29 TRIES, (AVG 540647.4827586206)
[1, 4, 10, 23, 57, 132, 301, 701, 1654, 3850, 9009, 20875]...: 83861304: ACCEPTED IN 155 TRIES, (AVG 541040.670967742)
[1, 4, 10, 23, 57, 132, 301, 701, 1654, 3850, 9009, 20883]...: 42194824: ACCEPTED IN 78 TRIES, (AVG 540959.282051282)
[1, 4, 10, 23, 57, 132, 301, 701, 1654, 3850, 9009, 20895]...: 66004446: ACCEPTED IN 122 TRIES, (AVG 541020.0491803279)
[1, 4, 10, 23, 57, 132, 301, 701, 1654, 3850, 9009, 20903]...: 93060713: ACCEPTED IN 172 TRIES, (AVG 541050.6569767442)
[1, 4, 10, 23, 57, 132, 301, 701, 1654, 3850, 9009, 20924]...: 7020825: ACCEPTED IN 13 TRIES, (AVG 540063.4615384615)
[1, 4, 10, 23, 57, 132, 301, 701, 1654, 3850, 9009, 20933]...: 45441331: ACCEPTED IN 84 TRIES, (AVG 540968.2261904762)
[1, 4, 10, 23, 57, 132, 301, 701, 1654, 3850, 9009, 20936]...: 12973117: ACCEPTED IN 24 TRIES, (AVG 540546.5416666666)
[1, 4, 10, 23, 57, 132, 301, 701, 1654, 3850, 9009, 20961]...: 164490872: ACCEPTED IN 304 TRIES, (AVG 541088.3947368421)
[1, 4, 10, 23, 57, 132, 301, 701, 1654, 3850, 9009, 20962]...: 45981110: ACCEPTED IN 85 TRIES, (AVG 540954.2352941176)
[1, 4, 10, 23, 57, 132, 301, 701, 1654, 3850, 9009, 20974]...: 79531180: ACCEPTED IN 147 TRIES, (AVG 541028.4353741497)
[1, 4, 10, 23, 57, 132, 301, 701, 1654, 3850, 9009, 20998]...: 90892835: ACCEPTED IN 168 TRIES, (AVG 541028.7797619047)
[1, 4, 10, 23, 57, 132, 301, 701, 1654, 3850, 9009, 21007]...: 76284123: ACCEPTED IN 141 TRIES, (AVG 541022.1489361703)
[1, 4, 10, 23, 57, 132, 301, 701, 1654, 3850, 9009, 21015]...: 37323439: ACCEPTED IN 69 TRIES, (AVG 540919.4057971014)
[1, 4, 10, 23, 57, 132, 301, 701, 1654, 3850, 9009, 21040]...: 52476380: ACCEPTED IN 97 TRIES, (AVG 540993.6082474227)
[1, 4, 10, 23, 57, 132, 301, 701, 1654, 3850, 9009, 21056]...: 46523501: ACCEPTED IN 86 TRIES, (AVG 540970.9418604651)
[1, 4, 10, 23, 57, 132, 301, 701, 1654, 3850, 9009, 21077]...: 26501159: ACCEPTED IN 49 TRIES, (AVG 540839.9795918367)
[1, 4, 10, 23, 57, 132, 301, 701, 1654, 3850, 9009, 21093]...: 76825549: ACCEPTED IN 142 TRIES, (AVG 541024.9929577465)
[1, 4, 10, 23, 57, 132, 301, 701, 1654, 3850, 9009, 21094]...: 42194791: ACCEPTED IN 78 TRIES, (AVG 540958.858974359)
[1, 4, 10, 23, 57, 132, 301, 701, 1654, 3850, 9009, 21126]...: 15678689: ACCEPTED IN 29 TRIES, (AVG 540644.448275862)
[1, 4, 10, 23, 57, 132, 301, 701, 1654, 3850, 9009, 21135]...: 37323541: ACCEPTED IN 69 TRIES, (AVG 540920.8840579711)
[1, 4, 10, 23, 57, 132, 301, 701, 1654, 3850, 9009, 21172]...: 83319311: ACCEPTED IN 154 TRIES, (AVG 541034.487012987)
[1, 4, 10, 23, 57, 132, 301, 701, 1654, 3850, 9009, 21176]...: 35699882: ACCEPTED IN 66 TRIES, (AVG 540907.303030303)
[1, 4, 10, 23, 57, 132, 301, 701, 1654, 3850, 9009, 21200]...: 80613962: ACCEPTED IN 149 TRIES, (AVG 541033.3020134228)
[1, 4, 10, 23, 57, 132, 301, 701, 1654, 3850, 9009, 21221]...: 31911905: ACCEPTED IN 59 TRIES, (AVG 540879.7457627119)
[1, 4, 10, 23, 57, 132, 301, 701, 1654, 3850, 9009, 21225]...: 16218155: ACCEPTED IN 30 TRIES, (AVG 540605.1666666666)
[1, 4, 10, 23, 57, 132, 301, 701, 1654, 3850, 9009, 21226]...: 52475845: ACCEPTED IN 97 TRIES, (AVG 540988.0927835051)
[1, 4, 10, 23, 57, 132, 301, 701, 1654, 3850, 9009, 21234]...: 36782120: ACCEPTED IN 68 TRIES, (AVG 540913.5294117647)
[1, 4, 10, 23, 57, 132, 301, 701, 1654, 3850, 9009, 21258]...: 16218068: ACCEPTED IN 30 TRIES, (AVG 540602.2666666667)
[1, 4, 10, 23, 57, 132, 301, 701, 1654, 3850, 9009, 21263]...: 86026791: ACCEPTED IN 159 TRIES, (AVG 541049.0)
[1, 4, 10, 23, 57, 132, 301, 701, 1654, 3850, 9009, 21271]...: 148796459: ACCEPTED IN 275 TRIES, (AVG 541078.0327272727)
[1, 4, 10, 23, 57, 132, 301, 701, 1654, 3850, 9009, 21275]...: 9725859: ACCEPTED IN 18 TRIES, (AVG 540325.5)
[1, 4, 10, 23, 57, 132, 301, 701, 1654, 3850, 9009, 21279]...: 42194584: ACCEPTED IN 78 TRIES, (AVG 540956.2051282051)
[1, 4, 10, 23, 57, 132, 301, 701, 1654, 3850, 9009, 21299]...: 87650128: ACCEPTED IN 162 TRIES, (AVG 541050.1728395062)
[1, 4, 10, 23, 57, 132, 301, 701, 1654, 3850, 9009, 21316]...: 37323781: ACCEPTED IN 69 TRIES, (AVG 540924.3623188406)
[1, 4, 10, 23, 57, 132, 301, 701, 1654, 3850, 9009, 21332]...: 12432149: ACCEPTED IN 23 TRIES, (AVG 540528.2173913043)
[1, 4, 10, 23, 57, 132, 301, 701, 1654, 3850, 9009, 21336]...: 15678004: ACCEPTED IN 29 TRIES, (AVG 540620.8275862068)
[1, 4, 10, 23, 57, 132, 301, 701, 1654, 3850, 9009, 21358]...: 65461891: ACCEPTED IN 121 TRIES, (AVG 541007.3636363636)
[1, 4, 10, 23, 57, 132, 301, 701, 1654, 3850, 9009, 21378]...: 83320704: ACCEPTED IN 154 TRIES, (AVG 541043.5324675324)
[1, 4, 10, 23, 57, 132, 301, 701, 1654, 3850, 9009, 21390]...: 38406288: ACCEPTED IN 71 TRIES, (AVG 540933.6338028169)
[1, 4, 10, 23, 57, 132, 301, 701, 1654, 3850, 9009, 21394]...: 37323307: ACCEPTED IN 69 TRIES, (AVG 540917.4927536232)
[1, 4, 10, 23, 57, 132, 301, 701, 1654, 3850, 9009, 21395]...: 11349157: ACCEPTED IN 21 TRIES, (AVG 540436.0476190476)
[1, 4, 10, 23, 57, 132, 301, 701, 1654, 3850, 9009, 21399]...: 42192636: ACCEPTED IN 78 TRIES, (AVG 540931.2307692308)
[1, 4, 10, 23, 57, 132, 301, 701, 1654, 3850, 9009, 21403]...: 56263909: ACCEPTED IN 104 TRIES, (AVG 540999.125)
[1, 4, 10, 23, 57, 132, 301, 701, 1654, 3850, 9009, 21411]...: 9722158: ACCEPTED IN 18 TRIES, (AVG 540119.8888888889)
[1, 4, 10, 23, 57, 132, 301, 701, 1654, 3850, 9009, 21427]...: 15675417: ACCEPTED IN 29 TRIES, (AVG 540531.6206896552)
[1, 4, 10, 23, 57, 132, 301, 701, 1654, 3850, 9009, 21431]...: 77367193: ACCEPTED IN 143 TRIES, (AVG 541029.3216783217)
[1, 4, 10, 23, 57, 132, 301, 701, 1654, 3850, 9009, 21436]...: 58968854: ACCEPTED IN 109 TRIES, (AVG 540998.6605504587)
[1, 4, 10, 23, 57, 132, 301, 701, 1654, 3850, 9009, 21440]...: 14596862: ACCEPTED IN 27 TRIES, (AVG 540624.5185185185)
[1, 4, 10, 23, 57, 132, 301, 701, 1654, 3850, 9009, 21448]...: 9725259: ACCEPTED IN 18 TRIES, (AVG 540292.1666666666)
[1, 4, 10, 23, 57, 132, 301, 701, 1654, 3850, 9009, 21452]...: 71415635: ACCEPTED IN 132 TRIES, (AVG 541027.5378787878)
[1, 4, 10, 23, 57, 132, 301, 701, 1654, 3850, 9009, 21464]...: 9185503: ACCEPTED IN 17 TRIES, (AVG 540323.7058823529)
[1, 4, 10, 23, 57, 132, 301, 701, 1654, 3850, 9009, 21468]...: 9726067: ACCEPTED IN 18 TRIES, (AVG 540337.0555555555)
[1, 4, 10, 23, 57, 132, 301, 701, 1654, 3850, 9009, 21477]...: 63298823: ACCEPTED IN 117 TRIES, (AVG 541015.5811965812)
[1, 4, 10, 23, 57, 132, 301, 701, 1654, 3850, 9009, 21485]...: 42193657: ACCEPTED IN 78 TRIES, (AVG 540944.3205128205)
[1, 4, 10, 23, 57, 132, 301, 701, 1654, 3850, 9009, 21490]...: 9726391: ACCEPTED IN 18 TRIES, (AVG 540355.0555555555)
[1, 4, 10, 23, 57, 132, 301, 701, 1654, 3850, 9009, 21505]...: 11890946: ACCEPTED IN 22 TRIES, (AVG 540497.5454545454)
[1, 4, 10, 23, 57, 132, 301, 701, 1654, 3850, 9009, 21510]...: 10805963: ACCEPTED IN 20 TRIES, (AVG 540298.15)
[1, 4, 10, 23, 57, 132, 301, 701, 1654, 3850, 9009, 21522]...: 11890121: ACCEPTED IN 22 TRIES, (AVG 540460.0454545454)
[1, 4, 10, 23, 57, 132, 301, 701, 1654, 3850, 9009, 21526]...: 52475119: ACCEPTED IN 97 TRIES, (AVG 540980.6082474227)
[1, 4, 10, 23, 57, 132, 301, 701, 1654, 3850, 9009, 21527]...: 10808084: ACCEPTED IN 20 TRIES, (AVG 540404.2)
[1, 4, 10, 23, 57, 132, 301, 701, 1654, 3850, 9009, 21531]...: 9183011: ACCEPTED IN 17 TRIES, (AVG 540177.1176470588)
[1, 4, 10, 23, 57, 132, 301, 701, 1654, 3850, 9009, 21535]...: 66544011: ACCEPTED IN 123 TRIES, (AVG 541008.2195121951)
[1, 4, 10, 23, 57, 132, 301, 701, 1654, 3850, 9009, 21543]...: 9724122: ACCEPTED IN 18 TRIES, (AVG 540229.0)
[1, 4, 10, 23, 57, 132, 301, 701, 1654, 3850, 9009, 21559]...: 10807486: ACCEPTED IN 20 TRIES, (AVG 540374.3)
[1, 4, 10, 23, 57, 132, 301, 701, 1654, 3850, 9009, 21563]...: 13512554: ACCEPTED IN 25 TRIES, (AVG 540502.16)
[1, 4, 10, 23, 57, 132, 301, 701, 1654, 3850, 9009, 21564]...: 35158947: ACCEPTED IN 65 TRIES, (AVG 540906.8769230769)
[1, 4, 10, 23, 57, 132, 301, 701, 1654, 3850, 9009, 21568]...: 8643131: ACCEPTED IN 16 TRIES, (AVG 540195.6875)
[1, 4, 10, 23, 57, 132, 301, 701, 1654, 3850, 9009, 21572]...: 15676506: ACCEPTED IN 29 TRIES, (AVG 540569.1724137932)
[1, 4, 10, 23, 57, 132, 301, 701, 1654, 3850, 9009, 21576]...: 77366765: ACCEPTED IN 143 TRIES, (AVG 541026.3286713287)
[1, 4, 10, 23, 57, 132, 301, 701, 1654, 3850, 9009, 21580]...: 31371841: ACCEPTED IN 58 TRIES, (AVG 540893.8103448276)
[1, 4, 10, 23, 57, 132, 301, 701, 1654, 3850, 9009, 21584]...: 11350040: ACCEPTED IN 21 TRIES, (AVG 540478.0952380953)
[1, 4, 10, 23, 57, 132, 301, 701, 1654, 3850, 9009, 21596]...: 15136273: ACCEPTED IN 28 TRIES, (AVG 540581.1785714285)
[1, 4, 10, 23, 57, 132, 301, 701, 1654, 3850, 9009, 21600]...: 68708954: ACCEPTED IN 127 TRIES, (AVG 541015.3858267716)
[1, 4, 10, 23, 57, 132, 301, 701, 1654, 3850, 9009, 21605]...: 12973288: ACCEPTED IN 24 TRIES, (AVG 540553.6666666666)
[1, 4, 10, 23, 57, 132, 301, 701, 1654, 3850, 9009, 21609]...: 15678711: ACCEPTED IN 29 TRIES, (AVG 540645.2068965518)
[1, 4, 10, 23, 57, 132, 301, 701, 1654, 3850, 9009, 21617]...: 13514226: ACCEPTED IN 25 TRIES, (AVG 540569.04)
