[1, 4, 10, 23, 57, 132, 301, 701, 1654, 3850, 8918, 19620]...: 11889103: ACCEPTED IN 22 TRIES, (AVG 540413.7727272727)
[1, 4, 10, 23, 57, 132, 301, 701, 1654, 3850, 8918, 19624]...: 13513220: ACCEPTED IN 25 TRIES, (AVG 540528.8)
[1, 4, 10, 23, 57, 132, 301, 701, 1654, 3850, 8918, 19628]...: 13514246: ACCEPTED IN 25 TRIES, (AVG 540569.84)
[1, 4, 10, 23, 57, 132, 301, 701, 1654, 3850, 8918, 19632]...: 11890348: ACCEPTED IN 22 TRIES, (AVG 540470.3636363636)
[1, 4, 10, 23, 57, 132, 301, 701, 1654, 3850, 8918, 19636]...: 9726349: ACCEPTED IN 18 TRIES, (AVG 540352.7222222222)
[1, 4, 10, 23, 57, 132, 301, 701, 1654, 3850, 8918, 19645]...: 11348519: ACCEPTED IN 21 TRIES, (AVG 540405.6666666666)
[1, 4, 10, 23, 57, 132, 301, 701, 1654, 3850, 8918, 19649]...: 7562038: ACCEPTED IN 14 TRIES, (AVG 540145.5714285715)
[1, 4, 10, 23, 57, 132, 301, 701, 1654, 3850, 8918, 19653]...: 4856238: ACCEPTED IN 9 TRIES, (AVG 539582.0)
[1, 4, 10, 23, 57, 132, 301, 701, 1654, 3850, 8918, 19657]...: 11890075: ACCEPTED IN 22 TRIES, (AVG 540457.9545454546)
[1, 4, 10, 23, 57, 132, 301, 701, 1654, 3850, 8918, 19661]...: 10267355: ACCEPTED IN 19 TRIES, (AVG 540387.1052631579)
[1, 4, 10, 23, 57, 132, 301, 701, 1654, 3850, 8918, 19669]...: 14595940: ACCEPTED IN 27 TRIES, (AVG 540590.3703703703)
[1, 4, 10, 23, 57, 132, 301, 701, 1654, 3850, 8918, 19673]...: 14054997: ACCEPTED IN 26 TRIES, (AVG 540576.8076923077)
[1, 4, 10, 23, 57, 132, 301, 701, 1654, 3850, 8918, 19682]...: 11890158: ACCEPTED IN 22 TRIES, (AVG 540461.7272727273)
[1, 4, 10, 23, 57, 132, 301, 701, 1654, 3850, 8918, 19686]...: 9724932: ACCEPTED IN 18 TRIES, (AVG 540274.0)
[1, 4, 10, 23, 57, 132, 301, 701, 1654, 3850, 8918, 19690]...: 13514179: ACCEPTED IN 25 TRIES, (AVG 540567.16)
[1, 4, 10, 23, 57, 132, 301, 701, 1654, 3850, 8918, 19703]...: 8101488: ACCEPTED IN 15 TRIES, (AVG 540099.2)
[1, 4, 10, 23, 57, 132, 301, 701, 1654, 3850, 8918, 19707]...: 11350031: ACCEPTED IN 21 TRIES, (AVG 540477.6666666666)
[1, 4, 10, 23, 57, 132, 301, 701, 1654, 3850, 8918, 19710]...: 13512911: ACCEPTED IN 25 TRIES, (AVG 540516.44)
[1, 4, 10, 23, 57, 132, 301, 701, 1654, 3850, 8918, 19719]...: 35698981: ACCEPTED IN 66 TRIES, (AVG 540893.6515151515)
[1, 4, 10, 23, 57, 132, 301, 701, 1654, 3850, 8918, 19723]...: 12432296: ACCEPTED IN 23 TRIES, (AVG 540534.6086956522)
[1, 4, 10, 23, 57, 132, 301, 701, 1654, 3850, 8918, 19727]...: 8102605: ACCEPTED IN 15 TRIES, (AVG 540173.6666666666)
[1, 4, 10, 23, 57, 132, 301, 701, 1654, 3850, 8918, 19740]...: 5937138: ACCEPTED IN 11 TRIES, (AVG 539739.8181818182)
[1, 4, 10, 23, 57, 132, 301, 701, 1654, 3850, 8918, 19744]...: 12971442: ACCEPTED IN 24 TRIES, (AVG 540476.75)
[1, 4, 10, 23, 57, 132, 301, 701, 1654, 3850, 8918, 19748]...: 8101973: ACCEPTED IN 15 TRIES, (AVG 540131.5333333333)
[1, 4, 10, 23, 57, 132, 301, 701, 1654, 3850, 8918, 19752]...: 14055361: ACCEPTED IN 26 TRIES, (AVG 540590.8076923077)
[1, 4, 10, 23, 57, 132, 301, 701, 1654, 3850, 8918, 19756]...: 9726133: ACCEPTED IN 18 TRIES, (AVG 540340.7222222222)
[1, 4, 10, 23, 57, 132, 301, 701, 1654, 3850, 8918, 19760]...: 7560258: ACCEPTED IN 14 TRIES, (AVG 540018.4285714285)
[1, 4, 10, 23, 57, 132, 301, 701, 1654, 3850, 8918, 19764]...: 5938618: ACCEPTED IN 11 TRIES, (AVG 539874.3636363636)
[1, 4, 10, 23, 57, 132, 301, 701, 1654, 3850, 8918, 19768]...: 11347606: ACCEPTED IN 21 TRIES, (AVG 540362.1904761905)
[1, 4, 10, 23, 57, 132, 301, 701, 1654, 3850, 8918, 19777]...: 14055131: ACCEPTED IN 26 TRIES, (AVG 540581.9615384615)
[1, 4, 10, 23, 57, 132, 301, 701, 1654, 3850, 8918, 19781]...: 30289129: ACCEPTED IN 56 TRIES, (AVG 540877.3035714285)
[1, 4, 10, 23, 57, 132, 301, 701, 1654, 3850, 8918, 19785]...: 14054925: ACCEPTED IN 26 TRIES, (AVG 540574.0384615385)
[1, 4, 10, 23, 57, 132, 301, 701, 1654, 3850, 8918, 19789]...: 11349405: ACCEPTED IN 21 TRIES, (AVG 540447.8571428572)
[1, 4, 10, 23, 57, 132, 301, 701, 1654, 3850, 8918, 19793]...: 12972664: ACCEPTED IN 24 TRIES, (AVG 540527.6666666666)
[1, 4, 10, 23, 57, 132, 301, 701, 1654, 3850, 8918, 19801]...: 11889438: ACCEPTED IN 22 TRIES, (AVG 540429.0)
[1, 4, 10, 23, 57, 132, 301, 701, 1654, 3850, 8918, 19805]...: 12972382: ACCEPTED IN 24 TRIES, (AVG 540515.9166666666)
[1, 4, 10, 23, 57, 132, 301, 701, 1654, 3850, 8918, 19814]...: 15135131: ACCEPTED IN 28 TRIES, (AVG 540540.3928571428)
[1, 4, 10, 23, 57, 132, 301, 701, 1654, 3850, 8918, 19818]...: 7561076: ACCEPTED IN 14 TRIES, (AVG 540076.8571428572)
[1, 4, 10, 23, 57, 132, 301, 701, 1654, 3850, 8918, 19822]...: 14055424: ACCEPTED IN 26 TRIES, (AVG 540593.2307692308)
[1, 4, 10, 23, 57, 132, 301, 701, 1654, 3850, 8918, 19830]...: 7561252: ACCEPTED IN 14 TRIES, (AVG 540089.4285714285)
[1, 4, 10, 23, 57, 132, 301, 701, 1654, 3850, 8918, 19839]...: 8102598: ACCEPTED IN 15 TRIES, (AVG 540173.2)
[1, 4, 10, 23, 57, 132, 301, 701, 1654, 3850, 8918, 19842]...: 13512964: ACCEPTED IN 25 TRIES, (AVG 540518.56)
[1, 4, 10, 23, 57, 132, 301, 701, 1654, 3850, 8918, 19851]...: 5397391: ACCEPTED IN 10 TRIES, (AVG 539739.1)
[1, 4, 10, 23, 57, 132, 301, 701, 1654, 3850, 8918, 19855]...: 13513634: ACCEPTED IN 25 TRIES, (AVG 540545.36)
[1, 4, 10, 23, 57, 132, 301, 701, 1654, 3850, 8918, 19859]...: 10267559: ACCEPTED IN 19 TRIES, (AVG 540397.8421052631)
[1, 4, 10, 23, 57, 132, 301, 701, 1654, 3850, 8918, 19872]...: 4856122: ACCEPTED IN 9 TRIES, (AVG 539569.1111111111)
[1, 4, 10, 23, 57, 132, 301, 701, 1654, 3850, 8918, 19876]...: 11889991: ACCEPTED IN 22 TRIES, (AVG 540454.1363636364)
[1, 4, 10, 23, 57, 132, 301, 701, 1654, 3850, 8918, 19880]...: 29748622: ACCEPTED IN 55 TRIES, (AVG 540884.0363636364)
[1, 4, 10, 23, 57, 132, 301, 701, 1654, 3850, 8918, 19888]...: 5938390: ACCEPTED IN 11 TRIES, (AVG 539853.6363636364)
[1, 4, 10, 23, 57, 132, 301, 701, 1654, 3850, 8918, 19892]...: 5938483: ACCEPTED IN 11 TRIES, (AVG 539862.0909090909)
[1, 4, 10, 23, 57, 132, 301, 701, 1654, 3850, 8918, 19896]...: 11349917: ACCEPTED IN 21 TRIES, (AVG 540472.2380952381)
[1, 4, 10, 23, 57, 132, 301, 701, 1654, 3850, 8918, 19900]...: 5938372: ACCEPTED IN 11 TRIES, (AVG 539852.0)
[1, 4, 10, 23, 57, 132, 301, 701, 1654, 3850, 8918, 19909]...: 8644242: ACCEPTED IN 16 TRIES, (AVG 540265.125)
[1, 4, 10, 23, 57, 132, 301, 701, 1654, 3850, 8918, 19913]...: 9724349: ACCEPTED IN 18 TRIES, (AVG 540241.6111111111)
[1, 4, 10, 23, 57, 132, 301, 701, 1654, 3850, 8918, 19917]...: 4853149: ACCEPTED IN 9 TRIES, (AVG 539238.7777777778)
[1, 4, 10, 23, 57, 132, 301, 701, 1654, 3850, 8918, 19921]...: 9185244: ACCEPTED IN 17 TRIES, (AVG 540308.4705882353)
[1, 4, 10, 23, 57, 132, 301, 701, 1654, 3850, 8918, 19925]...: 9185360: ACCEPTED IN 17 TRIES, (AVG 540315.2941176471)
[1, 4, 10, 23, 57, 132, 301, 701, 1654, 3850, 8918, 19929]...: 11349505: ACCEPTED IN 21 TRIES, (AVG 540452.619047619)
[1, 4, 10, 23, 57, 132, 301, 701, 1654, 3850, 8918, 19933]...: 11349110: ACCEPTED IN 21 TRIES, (AVG 540433.8095238095)
[1, 4, 10, 23, 57, 132, 301, 701, 1654, 3850, 8918, 19937]...: 11891005: ACCEPTED IN 22 TRIES, (AVG 540500.2272727273)
[1, 4, 10, 23, 57, 132, 301, 701, 1654, 3850, 8918, 19946]...: 6479796: ACCEPTED IN 12 TRIES, (AVG 539983.0)
[1, 4, 10, 23, 57, 132, 301, 701, 1654, 3850, 8918, 19950]...: 9184549: ACCEPTED IN 17 TRIES, (AVG 540267.5882352941)
[1, 4, 10, 23, 57, 132, 301, 701, 1654, 3850, 8918, 19954]...: 8102974: ACCEPTED IN 15 TRIES, (AVG 540198.2666666667)
[1, 4, 10, 23, 57, 132, 301, 701, 1654, 3850, 8918, 19962]...: 8100739: ACCEPTED IN 15 TRIES, (AVG 540049.2666666667)
[1, 4, 10, 23, 57, 132, 301, 701, 1654, 3850, 8918, 19971]...: 15137179: ACCEPTED IN 28 TRIES, (AVG 540613.5357142857)
[1, 4, 10, 23, 57, 132, 301, 701, 1654, 3850, 8918, 19974]...: 13514100: ACCEPTED IN 25 TRIES, (AVG 540564.0)
[1, 4, 10, 23, 57, 132, 301, 701, 1654, 3850, 8918, 19983]...: 12430480: ACCEPTED IN 23 TRIES, (AVG 540455.6521739131)
[1, 4, 10, 23, 57, 132, 301, 701, 1654, 3850, 8918, 19987]...: 9725085: ACCEPTED IN 18 TRIES, (AVG 540282.5)
[1, 4, 10, 23, 57, 132, 301, 701, 1654, 3850, 8918, 19991]...: 10807771: ACCEPTED IN 20 TRIES, (AVG 540388.55)
[1, 4, 10, 23, 57, 132, 301, 701, 1654, 3850, 8918, 20004]...: 9184029: ACCEPTED IN 17 TRIES, (AVG 540237.0)
[1, 4, 10, 23, 57, 132, 301, 701, 1654, 3850, 8918, 20008]...: 10808777: ACCEPTED IN 20 TRIES, (AVG 540438.85)
[1, 4, 10, 23, 57, 132, 301, 701, 1654, 3850, 8918, 20012]...: 10266015: ACCEPTED IN 19 TRIES, (AVG 540316.5789473684)
[1, 4, 10, 23, 57, 132, 301, 701, 1654, 3850, 8918, 20020]...: 11348210: ACCEPTED IN 21 TRIES, (AVG 540390.9523809524)
[1, 4, 10, 23, 57, 132, 301, 701, 1654, 3850, 8918, 20024]...: 8102928: ACCEPTED IN 15 TRIES, (AVG 540195.2)
[1, 4, 10, 23, 57, 132, 301, 701, 1654, 3850, 8918, 20028]...: 9726236: ACCEPTED IN 18 TRIES, (AVG 540346.4444444445)
[1, 4, 10, 23, 57, 132, 301, 701, 1654, 3850, 8918, 20041]...: 11889434: ACCEPTED IN 22 TRIES, (AVG 540428.8181818182)
[1, 4, 10, 23, 57, 132, 301, 701, 1654, 3850, 8918, 20045]...: 10266999: ACCEPTED IN 19 TRIES, (AVG 540368.3684210526)
[1, 4, 10, 23, 57, 132, 301, 701, 1654, 3850, 8918, 20049]...: 7561559: ACCEPTED IN 14 TRIES, (AVG 540111.3571428572)
[1, 4, 10, 23, 57, 132, 301, 701, 1654, 3850, 8918, 20053]...: 5938564: ACCEPTED IN 11 TRIES, (AVG 539869.4545454546)
[1, 4, 10, 23, 57, 132, 301, 701, 1654, 3850, 8918, 20057]...: 8643930: ACCEPTED IN 16 TRIES, (AVG 540245.625)
[1, 4, 10, 23, 57, 132, 301, 701, 1654, 3850, 8918, 20061]...: 9184425: ACCEPTED IN 17 TRIES, (AVG 540260.2941176471)
[1, 4, 10, 23, 57, 132, 301, 701, 1654, 3850, 8918, 20065]...: 9724941: ACCEPTED IN 18 TRIES, (AVG 540274.5)
[1, 4, 10, 23, 57, 132, 301, 701, 1654, 3850, 8918, 20069]...: 9724764: ACCEPTED IN 18 TRIES, (AVG 540264.6666666666)
[1, 4, 10, 23, 57, 132, 301, 701, 1654, 3850, 8918, 20078]...: 8101887: ACCEPTED IN 15 TRIES, (AVG 540125.8)
[1, 4, 10, 23, 57, 132, 301, 701, 1654, 3850, 8918, 20082]...: 9725796: ACCEPTED IN 18 TRIES, (AVG 540322.0)
[1, 4, 10, 23, 57, 132, 301, 701, 1654, 3850, 8918, 20086]...: 11349079: ACCEPTED IN 21 TRIES, (AVG 540432.3333333334)
[1, 4, 10, 23, 57, 132, 301, 701, 1654, 3850, 8918, 20094]...: 12432140: ACCEPTED IN 23 TRIES, (AVG 540527.8260869565)
[1, 4, 10, 23, 57, 132, 301, 701, 1654, 3850, 8918, 20103]...: 12432250: ACCEPTED IN 23 TRIES, (AVG 540532.6086956522)
[1, 4, 10, 23, 57, 132, 301, 701, 1654, 3850, 8918, 20106]...: 5395015: ACCEPTED IN 10 TRIES, (AVG 539501.5)
[1, 4, 10, 23, 57, 132, 301, 701, 1654, 3850, 8918, 20115]...: 4314501: ACCEPTED IN 8 TRIES, (AVG 539312.625)
[1, 4, 10, 23, 57, 132, 301, 701, 1654, 3850, 8918, 20119]...: 6479475: ACCEPTED IN 12 TRIES, (AVG 539956.25)
[1, 4, 10, 23, 57, 132, 301, 701, 1654, 3850, 8918, 20123]...: 12971315: ACCEPTED IN 24 TRIES, (AVG 540471.4583333334)
[1, 4, 10, 23, 57, 132, 301, 701, 1654, 3850, 8918, 20132]...: 11886900: ACCEPTED IN 22 TRIES, (AVG 540313.6363636364)
[1, 4, 10, 23, 57, 132, 301, 701, 1654, 3850, 8918, 20140]...: 7561117: ACCEPTED IN 14 TRIES, (AVG 540079.7857142857)
[1, 4, 10, 23, 57, 132, 301, 701, 1654, 3850, 8918, 20144]...: 5397577: ACCEPTED IN 10 TRIES, (AVG 539757.7)
[1, 4, 10, 23, 57, 132, 301, 701, 1654, 3850, 8918, 20152]...: 11349443: ACCEPTED IN 21 TRIES, (AVG 540449.6666666666)
[1, 4, 10, 23, 57, 132, 301, 701, 1654, 3850, 8918, 20156]...: 10807988: ACCEPTED IN 20 TRIES, (AVG 540399.4)
[1, 4, 10, 23, 57, 132, 301, 701, 1654, 3850, 8918, 20160]...: 9185451: ACCEPTED IN 17 TRIES, (AVG 540320.6470588235)
[1, 4, 10, 23, 57, 132, 301, 701, 1654, 3850, 8918, 20173]...: 11349523: ACCEPTED IN 21 TRIES, (AVG 540453.4761904762)
[1, 4, 10, 23, 57, 132, 301, 701, 1654, 3850, 8918, 20177]...: 7020350: ACCEPTED IN 13 TRIES, (AVG 540026.9230769231)
[1, 4, 10, 23, 57, 132, 301, 701, 1654, 3850, 8918, 20181]...: 8103252: ACCEPTED IN 15 TRIES, (AVG 540216.8)
[1, 4, 10, 23, 57, 132, 301, 701, 1654, 3850, 8918, 20185]...: 5396954: ACCEPTED IN 10 TRIES, (AVG 539695.4)
[1, 4, 10, 23, 57, 132, 301, 701, 1654, 3850, 8918, 20189]...: 8101781: ACCEPTED IN 15 TRIES, (AVG 540118.7333333333)
[1, 4, 10, 23, 57, 132, 301, 701, 1654, 3850, 8918, 20193]...: 11889935: ACCEPTED IN 22 TRIES, (AVG 540451.5909090909)
[1, 4, 10, 23, 57, 132, 301, 701, 1654, 3850, 8918, 20197]...: 12973300: ACCEPTED IN 24 TRIES, (AVG 540554.1666666666)
[1, 4, 10, 23, 57, 132, 301, 701, 1654, 3850, 8918, 20201]...: 10266798: ACCEPTED IN 19 TRIES, (AVG 540357.7894736842)
[1, 4, 10, 23, 57, 132, 301, 701, 1654, 3850, 8918, 20210]...: 11347833: ACCEPTED IN 21 TRIES, (AVG 540373.0)
[1, 4, 10, 23, 57, 132, 301, 701, 1654, 3850, 8918, 20214]...: 8102455: ACCEPTED IN 15 TRIES, (AVG 540163.6666666666)
[1, 4, 10, 23, 57, 132, 301, 701, 1654, 3850, 8918, 20218]...: 9725041: ACCEPTED IN 18 TRIES, (AVG 540280.0555555555)
[1, 4, 10, 23, 57, 132, 301, 701, 1654, 3850, 8918, 20226]...: 9726306: ACCEPTED IN 18 TRIES, (AVG 540350.3333333334)
[1, 4, 10, 23, 57, 132, 301, 701, 1654, 3850, 8918, 20230]...: 11349081: ACCEPTED IN 21 TRIES, (AVG 540432.4285714285)
[1, 4, 10, 23, 57, 132, 301, 701, 1654, 3850, 8918, 20238]...: 11888897: ACCEPTED IN 22 TRIES, (AVG 540404.4090909091)
[1, 4, 10, 23, 57, 132, 301, 701, 1654, 3850, 8918, 20247]...: 7559975: ACCEPTED IN 14 TRIES, (AVG 539998.2142857143)
[1, 4, 10, 23, 57, 132, 301, 701, 1654, 3850, 8918, 20251]...: 9724933: ACCEPTED IN 18 TRIES, (AVG 540274.0555555555)
[1, 4, 10, 23, 57, 132, 301, 701, 1654, 3850, 8918, 20255]...: 5937721: ACCEPTED IN 11 TRIES, (AVG 539792.8181818182)
[1, 4, 10, 23, 57, 132, 301, 701, 1654, 3850, 8918, 20264]...: 7020064: ACCEPTED IN 13 TRIES, (AVG 540004.9230769231)
[1, 4, 10, 23, 57, 132, 301, 701, 1654, 3850, 8918, 20272]...: 11347584: ACCEPTED IN 21 TRIES, (AVG 540361.1428571428)
[1, 4, 10, 23, 57, 132, 301, 701, 1654, 3850, 8918, 20276]...: 7559553: ACCEPTED IN 14 TRIES, (AVG 539968.0714285715)
[1, 4, 10, 23, 57, 132, 301, 701, 1654, 3850, 8918, 20284]...: 10807729: ACCEPTED IN 20 TRIES, (AVG 540386.45)
[1, 4, 10, 23, 57, 132, 301, 701, 1654, 3850, 8918, 20288]...: 10808143: ACCEPTED IN 20 TRIES, (AVG 540407.15)
[1, 4, 10, 23, 57, 132, 301, 701, 1654, 3850, 8918, 20292]...: 12972475: ACCEPTED IN 24 TRIES, (AVG 540519.7916666666)
[1, 4, 10, 23, 57, 132, 301, 701, 1654, 3850, 8918, 20305]...: 5937424: ACCEPTED IN 11 TRIES, (AVG 539765.8181818182)
[1, 4, 10, 23, 57, 132, 301, 701, 1654, 3850, 8918, 20309]...: 11889723: ACCEPTED IN 22 TRIES, (AVG 540441.9545454546)
[1, 4, 10, 23, 57, 132, 301, 701, 1654, 3850, 8918, 20313]...: 12973298: ACCEPTED IN 24 TRIES, (AVG 540554.0833333334)
[1, 4, 10, 23, 57, 132, 301, 701, 1654, 3850, 8918, 20317]...: 3772071: ACCEPTED IN 7 TRIES, (AVG 538867.2857142857)
[1, 4, 10, 23, 57, 132, 301, 701, 1654, 3850, 8918, 20321]...: 7559457: ACCEPTED IN 14 TRIES, (AVG 539961.2142857143)
[1, 4, 10, 23, 57, 132, 301, 701, 1654, 3850, 8918, 20325]...: 12432184: ACCEPTED IN 23 TRIES, (AVG 540529.7391304348)
[1, 4, 10, 23, 57, 132, 301, 701, 1654, 3850, 8918, 20329]...: 11890521: ACCEPTED IN 22 TRIES, (AVG 540478.2272727273)
[1, 4, 10, 23, 57, 132, 301, 701, 1654, 3850, 8918, 20342]...: 9185334: ACCEPTED IN 17 TRIES, (AVG 540313.7647058824)
[1, 4, 10, 23, 57, 132, 301, 701, 1654, 3850, 8918, 20346]...: 7561891: ACCEPTED IN 14 TRIES, (AVG 540135.0714285715)
[1, 4, 10, 23, 57, 132, 301, 701, 1654, 3850, 8918, 20350]...: 8102403: ACCEPTED IN 15 TRIES, (AVG 540160.2)
[1, 4, 10, 23, 57, 132, 301, 701, 1654, 3850, 8918, 20358]...: 10267793: ACCEPTED IN 19 TRIES, (AVG 540410.1578947369)
[1, 4, 10, 23, 57, 132, 301, 701, 1654, 3850, 8918, 20362]...: 8101708: ACCEPTED IN 15 TRIES, (AVG 540113.8666666667)
[1, 4, 10, 23, 57, 132, 301, 701, 1654, 3850, 8918, 20370]...: 11887879: ACCEPTED IN 22 TRIES, (AVG 540358.1363636364)
[1, 4, 10, 23, 57, 132, 301, 701, 1654, 3850, 8918, 20379]...: 9184442: ACCEPTED IN 17 TRIES, (AVG 540261.2941176471)
[1, 4, 10, 23, 57, 132, 301, 701, 1654, 3850, 8918, 20383]...: 7562123: ACCEPTED IN 14 TRIES, (AVG 540151.6428571428)
[1, 4, 10, 23, 57, 132, 301, 701, 1654, 3850, 8918, 20387]...: 10808925: ACCEPTED IN 20 TRIES, (AVG 540446.25)
[1, 4, 10, 23, 57, 132, 301, 701, 1654, 3850, 8918, 20396]...: 10265704: ACCEPTED IN 19 TRIES, (AVG 540300.2105263158)
[1, 4, 10, 23, 57, 132, 301, 701, 1654, 3850, 8918, 20404]...: 7020206: ACCEPTED IN 13 TRIES, (AVG 540015.8461538461)
[1, 4, 10, 23, 57, 132, 301, 701, 1654, 3850, 8918, 20408]...: 11890590: ACCEPTED IN 22 TRIES, (AVG 540481.3636363636)
[1, 4, 10, 23, 57, 132, 301, 701, 1654, 3850, 8918, 20416]...: 18384777: ACCEPTED IN 34 TRIES, (AVG 540728.7352941176)
[1, 4, 10, 23, 57, 132, 301, 701, 1654, 3850, 8918, 20420]...: 9181847: ACCEPTED IN 17 TRIES, (AVG 540108.6470588235)
[1, 4, 10, 23, 57, 132, 301, 701, 1654, 3850, 8918, 20424]...: 7560124: ACCEPTED IN 14 TRIES, (AVG 540008.8571428572)
[1, 4, 10, 23, 57, 132, 301, 701, 1654, 3850, 8918, 20433]...: 11348850: ACCEPTED IN 21 TRIES, (AVG 540421.4285714285)
[1, 4, 10, 23, 57, 132, 301, 701, 1654, 3850, 8918, 20437]...: 5938381: ACCEPTED IN 11 TRIES, (AVG 539852.8181818182)
[1, 4, 10, 23, 57, 132, 301, 701, 1654, 3850, 8918, 20441]...: 5936505: ACCEPTED IN 11 TRIES, (AVG 539682.2727272727)
[1, 4, 10, 23, 57, 132, 301, 701, 1654, 3850, 8918, 20445]...: 10808636: ACCEPTED IN 20 TRIES, (AVG 540431.8)
[1, 4, 10, 23, 57, 132, 301, 701, 1654, 3850, 8918, 20449]...: 11348668: ACCEPTED IN 21 TRIES, (AVG 540412.7619047619)
[1, 4, 10, 23, 57, 132, 301, 701, 1654, 3850, 8918, 20453]...: 11887969: ACCEPTED IN 22 TRIES, (AVG 540362.2272727273)
[1, 4, 10, 23, 57, 132, 301, 701, 1654, 3850, 8918, 20457]...: 9185368: ACCEPTED IN 17 TRIES, (AVG 540315.7647058824)
[1, 4, 10, 23, 57, 132, 301, 701, 1654, 3850, 8918, 20461]...: 11348921: ACCEPTED IN 21 TRIES, (AVG 540424.8095238095)
[1, 4, 10, 23, 57, 132, 301, 701, 1654, 3850, 8918, 20474]...: 5938475: ACCEPTED IN 11 TRIES, (AVG 539861.3636363636)
[1, 4, 10, 23, 57, 132, 301, 701, 1654, 3850, 8918, 20478]...: 8641122: ACCEPTED IN 16 TRIES, (AVG 540070.125)
[1, 4, 10, 23, 57, 132, 301, 701, 1654, 3850, 8918, 20482]...: 9182968: ACCEPTED IN 17 TRIES, (AVG 540174.5882352941)
[1, 4, 10, 23, 57, 132, 301, 701, 1654, 3850, 8918, 20490]...: 8102341: ACCEPTED IN 15 TRIES, (AVG 540156.0666666667)
[1, 4, 10, 23, 57, 132, 301, 701, 1654, 3850, 8918, 20494]...: 7020391: ACCEPTED IN 13 TRIES, (AVG 540030.0769230769)
[1, 4, 10, 23, 57, 132, 301, 701, 1654, 3850, 8918, 20502]...: 10267326: ACCEPTED IN 19 TRIES, (AVG 540385.5789473684)
[1, 4, 10, 23, 57, 132, 301, 701, 1654, 3850, 8918, 20511]...: 10807830: ACCEPTED IN 20 TRIES, (AVG 540391.5)
[1, 4, 10, 23, 57, 132, 301, 701, 1654, 3850, 8918, 20515]...: 5938181: ACCEPTED IN 11 TRIES, (AVG 539834.6363636364)
[1, 4, 10, 23, 57, 132, 301, 701, 1654, 3850, 8918, 20519]...: 5937746: ACCEPTED IN 11 TRIES, (AVG 539795.0909090909)
[1, 4, 10, 23, 57, 132, 301, 701, 1654, 3850, 8918, 20528]...: 10805675: ACCEPTED IN 20 TRIES, (AVG 540283.75)
[1, 4, 10, 23, 57, 132, 301, 701, 1654, 3850, 8918, 20531]...: 5938057: ACCEPTED IN 11 TRIES, (AVG 539823.3636363636)
[1, 4, 10, 23, 57, 132, 301, 701, 1654, 3850, 8918, 20540]...: 6479054: ACCEPTED IN 12 TRIES, (AVG 539921.1666666666)
[1, 4, 10, 23, 57, 132, 301, 701, 1654, 3850, 8918, 20548]...: 7560505: ACCEPTED IN 14 TRIES, (AVG 540036.0714285715)
[1, 4, 10, 23, 57, 132, 301, 701, 1654, 3850, 8918, 20552]...: 6476304: ACCEPTED IN 12 TRIES, (AVG 539692.0)
[1, 4, 10, 23, 57, 132, 301, 701, 1654, 3850, 8918, 20556]...: 5397034: ACCEPTED IN 10 TRIES, (AVG 539703.4)
[1, 4, 10, 23, 57, 132, 301, 701, 1654, 3850, 8918, 20565]...: 10808464: ACCEPTED IN 20 TRIES, (AVG 540423.2)
[1, 4, 10, 23, 57, 132, 301, 701, 1654, 3850, 8918, 20569]...: 8101576: ACCEPTED IN 15 TRIES, (AVG 540105.0666666667)
[1, 4, 10, 23, 57, 132, 301, 701, 1654, 3850, 8918, 20573]...: 8644384: ACCEPTED IN 16 TRIES, (AVG 540274.0)
[1, 4, 10, 23, 57, 132, 301, 701, 1654, 3850, 8918, 20577]...: 7559117: ACCEPTED IN 14 TRIES, (AVG 539936.9285714285)
[1, 4, 10, 23, 57, 132, 301, 701, 1654, 3850, 8918, 20581]...: 9724048: ACCEPTED IN 18 TRIES, (AVG 540224.8888888889)
[1, 4, 10, 23, 57, 132, 301, 701, 1654, 3850, 8918, 20585]...: 8643924: ACCEPTED IN 16 TRIES, (AVG 540245.25)
[1, 4, 10, 23, 57, 132, 301, 701, 1654, 3850, 8918, 20589]...: 7020758: ACCEPTED IN 13 TRIES, (AVG 540058.3076923077)
[1, 4, 10, 23, 57, 132, 301, 701, 1654, 3850, 8918, 20593]...: 5397237: ACCEPTED IN 10 TRIES, (AVG 539723.7)
[1, 4, 10, 23, 57, 132, 301, 701, 1654, 3850, 8918, 20606]...: 5937766: ACCEPTED IN 11 TRIES, (AVG 539796.9090909091)
[1, 4, 10, 23, 57, 132, 301, 701, 1654, 3850, 8918, 20610]...: 4855717: ACCEPTED IN 9 TRIES, (AVG 539524.1111111111)
[1, 4, 10, 23, 57, 132, 301, 701, 1654, 3850, 8918, 20614]...: 7561185: ACCEPTED IN 14 TRIES, (AVG 540084.6428571428)
[1, 4, 10, 23, 57, 132, 301, 701, 1654, 3850, 8918, 20622]...: 5936922: ACCEPTED IN 11 TRIES, (AVG 539720.1818181818)
[1, 4, 10, 23, 57, 132, 301, 701, 1654, 3850, 8918, 20626]...: 11890379: ACCEPTED IN 22 TRIES, (AVG 540471.7727272727)
[1, 4, 10, 23, 57, 132, 301, 701, 1654, 3850, 8918, 20630]...: 5397466: ACCEPTED IN 10 TRIES, (AVG 539746.6)
[1, 4, 10, 23, 57, 132, 301, 701, 1654, 3850, 8918, 20643]...: 14054561: ACCEPTED IN 26 TRIES, (AVG 540560.0384615385)
[1, 4, 10, 23, 57, 132, 301, 701, 1654, 3850, 8918, 20647]...: 7560243: ACCEPTED IN 14 TRIES, (AVG 540017.3571428572)
[1, 4, 10, 23, 57, 132, 301, 701, 1654, 3850, 8918, 20651]...: 11886547: ACCEPTED IN 22 TRIES, (AVG 540297.5909090909)
[1, 4, 10, 23, 57, 132, 301, 701, 1654, 3850, 8918, 20660]...: 7560289: ACCEPTED IN 14 TRIES, (AVG 540020.6428571428)
[1, 4, 10, 23, 57, 132, 301, 701, 1654, 3850, 8918, 20663]...: 5937100: ACCEPTED IN 11 TRIES, (AVG 539736.3636363636)
[1, 4, 10, 23, 57, 132, 301, 701, 1654, 3850, 8918, 20672]...: 9726227: ACCEPTED IN 18 TRIES, (AVG 540345.9444444445)
[1, 4, 10, 23, 57, 132, 301, 701, 1654, 3850, 8918, 20680]...: 11348137: ACCEPTED IN 21 TRIES, (AVG 540387.4761904762)
[1, 4, 10, 23, 57, 132, 301, 701, 1654, 3850, 8918, 20684]...: 5938258: ACCEPTED IN 11 TRIES, (AVG 539841.6363636364)
[1, 4, 10, 23, 57, 132, 301, 701, 1654, 3850, 8918, 20688]...: 7020770: ACCEPTED IN 13 TRIES, (AVG 540059.2307692308)
[1, 4, 10, 23, 57, 132, 301, 701, 1654, 3850, 8918, 20697]...: 9184016: ACCEPTED IN 17 TRIES, (AVG 540236.2352941176)
[1, 4, 10, 23, 57, 132, 301, 701, 1654, 3850, 8918, 20701]...: 11890636: ACCEPTED IN 22 TRIES, (AVG 540483.4545454546)
[1, 4, 10, 23, 57, 132, 301, 701, 1654, 3850, 8918, 20705]...: 11889659: ACCEPTED IN 22 TRIES, (AVG 540439.0454545454)
[1, 4, 10, 23, 57, 132, 301, 701, 1654, 3850, 8918, 20709]...: 6479126: ACCEPTED IN 12 TRIES, (AVG 539927.1666666666)
[1, 4, 10, 23, 57, 132, 301, 701, 1654, 3850, 8918, 20713]...: 5394711: ACCEPTED IN 10 TRIES, (AVG 539471.1)
[1, 4, 10, 23, 57, 132, 301, 701, 1654, 3850, 8918, 20717]...: 5935989: ACCEPTED IN 11 TRIES, (AVG 539635.3636363636)
[1, 4, 10, 23, 57, 132, 301, 701, 1654, 3850, 8918, 20721]...: 10267354: ACCEPTED IN 19 TRIES, (AVG 540387.052631579)
[1, 4, 10, 23, 57, 132, 301, 701, 1654, 3850, 8918, 20725]...: 13514344: ACCEPTED IN 25 TRIES, (AVG 540573.76)
[1, 4, 10, 23, 57, 132, 301, 701, 1654, 3850, 8918, 20734]...: 7560976: ACCEPTED IN 14 TRIES, (AVG 540069.7142857143)
[1, 4, 10, 23, 57, 132, 301, 701, 1654, 3850, 8918, 20738]...: 5395034: ACCEPTED IN 10 TRIES, (AVG 539503.4)
[1, 4, 10, 23, 57, 132, 301, 701, 1654, 3850, 8918, 20742]...: 8102523: ACCEPTED IN 15 TRIES, (AVG 540168.2)
[1, 4, 10, 23, 57, 132, 301, 701, 1654, 3850, 8918, 20746]...: 9184596: ACCEPTED IN 17 TRIES, (AVG 540270.3529411765)
[1, 4, 10, 23, 57, 132, 301, 701, 1654, 3850, 8918, 20754]...: 4854326: ACCEPTED IN 9 TRIES, (AVG 539369.5555555555)
[1, 4, 10, 23, 57, 132, 301, 701, 1654, 3850, 8918, 20758]...: 6478708: ACCEPTED IN 12 TRIES, (AVG 539892.3333333334)
[1, 4, 10, 23, 57, 132, 301, 701, 1654, 3850, 8918, 20762]...: 10267115: ACCEPTED IN 19 TRIES, (AVG 540374.4736842106)
[1, 4, 10, 23, 57, 132, 301, 701, 1654, 3850, 8918, 20775]...: 4856301: ACCEPTED IN 9 TRIES, (AVG 539589.0)
[1, 4, 10, 23, 57, 132, 301, 701, 1654, 3850, 8918, 20779]...: 7561536: ACCEPTED IN 14 TRIES, (AVG 540109.7142857143)
[1, 4, 10, 23, 57, 132, 301, 701, 1654, 3850, 8918, 20780]...: 6479410: ACCEPTED IN 12 TRIES, (AVG 539950.8333333334)
[1, 4, 10, 23, 57, 132, 301, 701, 1654, 3850, 8918, 20783]...: 5394124: ACCEPTED IN 10 TRIES, (AVG 539412.4)
[1, 4, 10, 23, 57, 132, 301, 701, 1654, 3850, 8918, 20792]...: 10807305: ACCEPTED IN 20 TRIES, (AVG 540365.25)
[1, 4, 10, 23, 57, 132, 301, 701, 1654, 3850, 8918, 20795]...: 9185149: ACCEPTED IN 17 TRIES, (AVG 540302.8823529412)
[1, 4, 10, 23, 57, 132, 301, 701, 1654, 3850, 8918, 20804]...: 6479543: ACCEPTED IN 12 TRIES, (AVG 539961.9166666666)
[1, 4, 10, 23, 57, 132, 301, 701, 1654, 3850, 8918, 20812]...: 5935283: ACCEPTED IN 11 TRIES, (AVG 539571.1818181818)
[1, 4, 10, 23, 57, 132, 301, 701, 1654, 3850, 8918, 20816]...: 7560751: ACCEPTED IN 14 TRIES, (AVG 540053.6428571428)
[1, 4, 10, 23, 57, 132, 301, 701, 1654, 3850, 8918, 20820]...: 6476918: ACCEPTED IN 12 TRIES, (AVG 539743.1666666666)
[1, 4, 10, 23, 57, 132, 301, 701, 1654, 3850, 8918, 20829]...: 7559274: ACCEPTED IN 14 TRIES, (AVG 539948.1428571428)
[1, 4, 10, 23, 57, 132, 301, 701, 1654, 3850, 8918, 20833]...: 11888637: ACCEPTED IN 22 TRIES, (AVG 540392.5909090909)
[1, 4, 10, 23, 57, 132, 301, 701, 1654, 3850, 8918, 20841]...: 5396523: ACCEPTED IN 10 TRIES, (AVG 539652.3)
[1, 4, 10, 23, 57, 132, 301, 701, 1654, 3850, 8918, 20845]...: 5937031: ACCEPTED IN 11 TRIES, (AVG 539730.0909090909)
[1, 4, 10, 23, 57, 132, 301, 701, 1654, 3850, 8918, 20849]...: 7557880: ACCEPTED IN 14 TRIES, (AVG 539848.5714285715)
[1, 4, 10, 23, 57, 132, 301, 701, 1654, 3850, 8918, 20853]...: 9724732: ACCEPTED IN 18 TRIES, (AVG 540262.8888888889)
[1, 4, 10, 23, 57, 132, 301, 701, 1654, 3850, 8918, 20857]...: 4855846: ACCEPTED IN 9 TRIES, (AVG 539538.4444444445)
[1, 4, 10, 23, 57, 132, 301, 701, 1654, 3850, 8918, 20866]...: 8099687: ACCEPTED IN 15 TRIES, (AVG 539979.1333333333)
[1, 4, 10, 23, 57, 132, 301, 701, 1654, 3850, 8918, 20870]...: 5397484: ACCEPTED IN 10 TRIES, (AVG 539748.4)
[1, 4, 10, 23, 57, 132, 301, 701, 1654, 3850, 8918, 20874]...: 9184217: ACCEPTED IN 17 TRIES, (AVG 540248.0588235294)
[1, 4, 10, 23, 57, 132, 301, 701, 1654, 3850, 8918, 20878]...: 5936861: ACCEPTED IN 11 TRIES, (AVG 539714.6363636364)
[1, 4, 10, 23, 57, 132, 301, 701, 1654, 3850, 8918, 20882]...: 7561003: ACCEPTED IN 14 TRIES, (AVG 540071.6428571428)
[1, 4, 10, 23, 57, 132, 301, 701, 1654, 3850, 8918, 20886]...: 9182408: ACCEPTED IN 17 TRIES, (AVG 540141.6470588235)
[1, 4, 10, 23, 57, 132, 301, 701, 1654, 3850, 8918, 20890]...: 6478086: ACCEPTED IN 12 TRIES, (AVG 539840.5)
[1, 4, 10, 23, 57, 132, 301, 701, 1654, 3850, 8918, 20894]...: 8102100: ACCEPTED IN 15 TRIES, (AVG 540140.0)
[1, 4, 10, 23, 57, 132, 301, 701, 1654, 3850, 8918, 20907]...: 7560631: ACCEPTED IN 14 TRIES, (AVG 540045.0714285715)
[1, 4, 10, 23, 57, 132, 301, 701, 1654, 3850, 8918, 20911]...: 7561353: ACCEPTED IN 14 TRIES, (AVG 540096.6428571428)
[1, 4, 10, 23, 57, 132, 301, 701, 1654, 3850, 8918, 20912]...: 7020443: ACCEPTED IN 13 TRIES, (AVG 540034.0769230769)
[1, 4, 10, 23, 57, 132, 301, 701, 1654, 3850, 8918, 20915]...: 10805962: ACCEPTED IN 20 TRIES, (AVG 540298.1)
[1, 4, 10, 23, 57, 132, 301, 701, 1654, 3850, 8918, 20924]...: 10805645: ACCEPTED IN 20 TRIES, (AVG 540282.25)
[1, 4, 10, 23, 57, 132, 301, 701, 1654, 3850, 8918, 20927]...: 7559597: ACCEPTED IN 14 TRIES, (AVG 539971.2142857143)
[1, 4, 10, 23, 57, 132, 301, 701, 1654, 3850, 8918, 20931]...: 10808821: ACCEPTED IN 20 TRIES, (AVG 540441.05)
[1, 4, 10, 23, 57, 132, 301, 701, 1654, 3850, 8918, 20944]...: 9183311: ACCEPTED IN 17 TRIES, (AVG 540194.7647058824)
[1, 4, 10, 23, 57, 132, 301, 701, 1654, 3850, 8918, 20948]...: 7561045: ACCEPTED IN 14 TRIES, (AVG 540074.6428571428)
[1, 4, 10, 23, 57, 132, 301, 701, 1654, 3850, 8918, 20952]...: 7559700: ACCEPTED IN 14 TRIES, (AVG 539978.5714285715)
[1, 4, 10, 23, 57, 132, 301, 701, 1654, 3850, 8918, 20961]...: 9181921: ACCEPTED IN 17 TRIES, (AVG 540113.0)
[1, 4, 10, 23, 57, 132, 301, 701, 1654, 3850, 8918, 20965]...: 5938236: ACCEPTED IN 11 TRIES, (AVG 539839.6363636364)
[1, 4, 10, 23, 57, 132, 301, 701, 1654, 3850, 8918, 20973]...: 7561565: ACCEPTED IN 14 TRIES, (AVG 540111.7857142857)
[1, 4, 10, 23, 57, 132, 301, 701, 1654, 3850, 8918, 20977]...: 5937458: ACCEPTED IN 11 TRIES, (AVG 539768.9090909091)
[1, 4, 10, 23, 57, 132, 301, 701, 1654, 3850, 8918, 20981]...: 7561721: ACCEPTED IN 14 TRIES, (AVG 540122.9285714285)
[1, 4, 10, 23, 57, 132, 301, 701, 1654, 3850, 8918, 20985]...: 9726101: ACCEPTED IN 18 TRIES, (AVG 540338.9444444445)
[1, 4, 10, 23, 57, 132, 301, 701, 1654, 3850, 8918, 20989]...: 7560171: ACCEPTED IN 14 TRIES, (AVG 540012.2142857143)
[1, 4, 10, 23, 57, 132, 301, 701, 1654, 3850, 8918, 20998]...: 11887706: ACCEPTED IN 22 TRIES, (AVG 540350.2727272727)
[1, 4, 10, 23, 57, 132, 301, 701, 1654, 3850, 8918, 21002]...: 4855802: ACCEPTED IN 9 TRIES, (AVG 539533.5555555555)
[1, 4, 10, 23, 57, 132, 301, 701, 1654, 3850, 8918, 21006]...: 6477816: ACCEPTED IN 12 TRIES, (AVG 539818.0)
[1, 4, 10, 23, 57, 132, 301, 701, 1654, 3850, 8918, 21010]...: 13511232: ACCEPTED IN 25 TRIES, (AVG 540449.28)
[1, 4, 10, 23, 57, 132, 301, 701, 1654, 3850, 8918, 21014]...: 9184950: ACCEPTED IN 17 TRIES, (AVG 540291.1764705882)
[1, 4, 10, 23, 57, 132, 301, 701, 1654, 3850, 8918, 21018]...: 10267357: ACCEPTED IN 19 TRIES, (AVG 540387.2105263158)
[1, 4, 10, 23, 57, 132, 301, 701, 1654, 3850, 8918, 21022]...: 5397395: ACCEPTED IN 10 TRIES, (AVG 539739.5)
[1, 4, 10, 23, 57, 132, 301, 701, 1654, 3850, 8918, 21026]...: 9183770: ACCEPTED IN 17 TRIES, (AVG 540221.7647058824)
[1, 4, 10, 23, 57, 132, 301, 701, 1654, 3850, 8918, 21035]...: 5937004: ACCEPTED IN 11 TRIES, (AVG 539727.6363636364)
[1, 4, 10, 23, 57, 132, 301, 701, 1654, 3850, 8918, 21039]...: 11890520: ACCEPTED IN 22 TRIES, (AVG 540478.1818181818)
[1, 4, 10, 23, 57, 132, 301, 701, 1654, 3850, 8918, 21043]...: 11887213: ACCEPTED IN 22 TRIES, (AVG 540327.8636363636)
[1, 4, 10, 23, 57, 132, 301, 701, 1654, 3850, 8918, 21044]...: 6478971: ACCEPTED IN 12 TRIES, (AVG 539914.25)
[1, 4, 10, 23, 57, 132, 301, 701, 1654, 3850, 8918, 21047]...: 8102293: ACCEPTED IN 15 TRIES, (AVG 540152.8666666667)
[1, 4, 10, 23, 57, 132, 301, 701, 1654, 3850, 8918, 21056]...: 7019494: ACCEPTED IN 13 TRIES, (AVG 539961.0769230769)
[1, 4, 10, 23, 57, 132, 301, 701, 1654, 3850, 8918, 21059]...: 9182284: ACCEPTED IN 17 TRIES, (AVG 540134.3529411765)
[1, 4, 10, 23, 57, 132, 301, 701, 1654, 3850, 8918, 21063]...: 8099701: ACCEPTED IN 15 TRIES, (AVG 539980.0666666667)
[1, 4, 10, 23, 57, 132, 301, 701, 1654, 3850, 8918, 21076]...: 10806917: ACCEPTED IN 20 TRIES, (AVG 540345.85)
[1, 4, 10, 23, 57, 132, 301, 701, 1654, 3850, 8918, 21080]...: 9183942: ACCEPTED IN 17 TRIES, (AVG 540231.8823529412)
[1, 4, 10, 23, 57, 132, 301, 701, 1654, 3850, 8918, 21081]...: 7562092: ACCEPTED IN 14 TRIES, (AVG 540149.4285714285)
[1, 4, 10, 23, 57, 132, 301, 701, 1654, 3850, 8918, 21085]...: 7020628: ACCEPTED IN 13 TRIES, (AVG 540048.3076923077)
[1, 4, 10, 23, 57, 132, 301, 701, 1654, 3850, 8918, 21093]...: 10808890: ACCEPTED IN 20 TRIES, (AVG 540444.5)
[1, 4, 10, 23, 57, 132, 301, 701, 1654, 3850, 8918, 21097]...: 10266279: ACCEPTED IN 19 TRIES, (AVG 540330.4736842106)
[1, 4, 10, 23, 57, 132, 301, 701, 1654, 3850, 8918, 21105]...: 9725383: ACCEPTED IN 18 TRIES, (AVG 540299.0555555555)
[1, 4, 10, 23, 57, 132, 301, 701, 1654, 3850, 8918, 21109]...: 5938604: ACCEPTED IN 11 TRIES, (AVG 539873.0909090909)
[1, 4, 10, 23, 57, 132, 301, 701, 1654, 3850, 8918, 21113]...: 3773927: ACCEPTED IN 7 TRIES, (AVG 539132.4285714285)
[1, 4, 10, 23, 57, 132, 301, 701, 1654, 3850, 8918, 21117]...: 7559489: ACCEPTED IN 14 TRIES, (AVG 539963.5)
[1, 4, 10, 23, 57, 132, 301, 701, 1654, 3850, 8918, 21121]...: 6479761: ACCEPTED IN 12 TRIES, (AVG 539980.0833333334)
[1, 4, 10, 23, 57, 132, 301, 701, 1654, 3850, 8918, 21130]...: 8643735: ACCEPTED IN 16 TRIES, (AVG 540233.4375)
[1, 4, 10, 23, 57, 132, 301, 701, 1654, 3850, 8918, 21134]...: 7019311: ACCEPTED IN 13 TRIES, (AVG 539947.0)
[1, 4, 10, 23, 57, 132, 301, 701, 1654, 3850, 8918, 21138]...: 8102887: ACCEPTED IN 15 TRIES, (AVG 540192.4666666667)
[1, 4, 10, 23, 57, 132, 301, 701, 1654, 3850, 8918, 21142]...: 8103189: ACCEPTED IN 15 TRIES, (AVG 540212.6)
[1, 4, 10, 23, 57, 132, 301, 701, 1654, 3850, 8918, 21146]...: 11889940: ACCEPTED IN 22 TRIES, (AVG 540451.8181818182)
[1, 4, 10, 23, 57, 132, 301, 701, 1654, 3850, 8918, 21150]...: 12432135: ACCEPTED IN 23 TRIES, (AVG 540527.6086956522)
[1, 4, 10, 23, 57, 132, 301, 701, 1654, 3850, 8918, 21154]...: 9725958: ACCEPTED IN 18 TRIES, (AVG 540331.0)
[1, 4, 10, 23, 57, 132, 301, 701, 1654, 3850, 8918, 21158]...: 7560632: ACCEPTED IN 14 TRIES, (AVG 540045.1428571428)
[1, 4, 10, 23, 57, 132, 301, 701, 1654, 3850, 8918, 21167]...: 9184392: ACCEPTED IN 17 TRIES, (AVG 540258.3529411765)
[1, 4, 10, 23, 57, 132, 301, 701, 1654, 3850, 8918, 21171]...: 8102089: ACCEPTED IN 15 TRIES, (AVG 540139.2666666667)
[1, 4, 10, 23, 57, 132, 301, 701, 1654, 3850, 8918, 21175]...: 5938644: ACCEPTED IN 11 TRIES, (AVG 539876.7272727273)
[1, 4, 10, 23, 57, 132, 301, 701, 1654, 3850, 8918, 21176]...: 7561706: ACCEPTED IN 14 TRIES, (AVG 540121.8571428572)
[1, 4, 10, 23, 57, 132, 301, 701, 1654, 3850, 8918, 21179]...: 9182960: ACCEPTED IN 17 TRIES, (AVG 540174.1176470588)
[1, 4, 10, 23, 57, 132, 301, 701, 1654, 3850, 8918, 21183]...: 11349711: ACCEPTED IN 21 TRIES, (AVG 540462.4285714285)
[1, 4, 10, 23, 57, 132, 301, 701, 1654, 3850, 8918, 21188]...: 7020570: ACCEPTED IN 13 TRIES, (AVG 540043.8461538461)
[1, 4, 10, 23, 57, 132, 301, 701, 1654, 3850, 8918, 21191]...: 4854223: ACCEPTED IN 9 TRIES, (AVG 539358.1111111111)
[1, 4, 10, 23, 57, 132, 301, 701, 1654, 3850, 8918, 21195]...: 5396759: ACCEPTED IN 10 TRIES, (AVG 539675.9)
[1, 4, 10, 23, 57, 132, 301, 701, 1654, 3850, 8918, 21208]...: 11349873: ACCEPTED IN 21 TRIES, (AVG 540470.1428571428)
[1, 4, 10, 23, 57, 132, 301, 701, 1654, 3850, 8918, 21212]...: 7020251: ACCEPTED IN 13 TRIES, (AVG 540019.3076923077)
[1, 4, 10, 23, 57, 132, 301, 701, 1654, 3850, 8918, 21213]...: 7560881: ACCEPTED IN 14 TRIES, (AVG 540062.9285714285)
[1, 4, 10, 23, 57, 132, 301, 701, 1654, 3850, 8918, 21217]...: 9183631: ACCEPTED IN 17 TRIES, (AVG 540213.5882352941)
[1, 4, 10, 23, 57, 132, 301, 701, 1654, 3850, 8918, 21225]...: 7020225: ACCEPTED IN 13 TRIES, (AVG 540017.3076923077)
[1, 4, 10, 23, 57, 132, 301, 701, 1654, 3850, 8918, 21229]...: 5938592: ACCEPTED IN 11 TRIES, (AVG 539872.0)
[1, 4, 10, 23, 57, 132, 301, 701, 1654, 3850, 8918, 21232]...: 10808831: ACCEPTED IN 20 TRIES, (AVG 540441.55)
[1, 4, 10, 23, 57, 132, 301, 701, 1654, 3850, 8918, 21241]...: 7561330: ACCEPTED IN 14 TRIES, (AVG 540095.0)
[1, 4, 10, 23, 57, 132, 301, 701, 1654, 3850, 8918, 21245]...: 4855521: ACCEPTED IN 9 TRIES, (AVG 539502.3333333334)
[1, 4, 10, 23, 57, 132, 301, 701, 1654, 3850, 8918, 21249]...: 7562100: ACCEPTED IN 14 TRIES, (AVG 540150.0)
[1, 4, 10, 23, 57, 132, 301, 701, 1654, 3850, 8918, 21253]...: 10808913: ACCEPTED IN 20 TRIES, (AVG 540445.65)
[1, 4, 10, 23, 57, 132, 301, 701, 1654, 3850, 8918, 21262]...: 9185093: ACCEPTED IN 17 TRIES, (AVG 540299.5882352941)
[1, 4, 10, 23, 57, 132, 301, 701, 1654, 3850, 8918, 21266]...: 4853678: ACCEPTED IN 9 TRIES, (AVG 539297.5555555555)
[1, 4, 10, 23, 57, 132, 301, 701, 1654, 3850, 8918, 21270]...: 4856175: ACCEPTED IN 9 TRIES, (AVG 539575.0)
[1, 4, 10, 23, 57, 132, 301, 701, 1654, 3850, 8918, 21274]...: 9183498: ACCEPTED IN 17 TRIES, (AVG 540205.7647058824)
[1, 4, 10, 23, 57, 132, 301, 701, 1654, 3850, 8918, 21278]...: 7020018: ACCEPTED IN 13 TRIES, (AVG 540001.3846153846)
[1, 4, 10, 23, 57, 132, 301, 701, 1654, 3850, 8918, 21282]...: 6478526: ACCEPTED IN 12 TRIES, (AVG 539877.1666666666)
[1, 4, 10, 23, 57, 132, 301, 701, 1654, 3850, 8918, 21286]...: 6478363: ACCEPTED IN 12 TRIES, (AVG 539863.5833333334)
[1, 4, 10, 23, 57, 132, 301, 701, 1654, 3850, 8918, 21290]...: 6477099: ACCEPTED IN 12 TRIES, (AVG 539758.25)
[1, 4, 10, 23, 57, 132, 301, 701, 1654, 3850, 8918, 21299]...: 5396408: ACCEPTED IN 10 TRIES, (AVG 539640.8)
[1, 4, 10, 23, 57, 132, 301, 701, 1654, 3850, 8918, 21303]...: 7561782: ACCEPTED IN 14 TRIES, (AVG 540127.2857142857)
[1, 4, 10, 23, 57, 132, 301, 701, 1654, 3850, 8918, 21307]...: 6477789: ACCEPTED IN 12 TRIES, (AVG 539815.75)
[1, 4, 10, 23, 57, 132, 301, 701, 1654, 3850, 8918, 21308]...: 7559733: ACCEPTED IN 14 TRIES, (AVG 539980.9285714285)
[1, 4, 10, 23, 57, 132, 301, 701, 1654, 3850, 8918, 21311]...: 5396008: ACCEPTED IN 10 TRIES, (AVG 539600.8)
[1, 4, 10, 23, 57, 132, 301, 701, 1654, 3850, 8918, 21315]...: 3773323: ACCEPTED IN 7 TRIES, (AVG 539046.1428571428)
[1, 4, 10, 23, 57, 132, 301, 701, 1654, 3850, 8918, 21320]...: 5396914: ACCEPTED IN 10 TRIES, (AVG 539691.4)
[1, 4, 10, 23, 57, 132, 301, 701, 1654, 3850, 8918, 21323]...: 8103169: ACCEPTED IN 15 TRIES, (AVG 540211.2666666667)
[1, 4, 10, 23, 57, 132, 301, 701, 1654, 3850, 8918, 21327]...: 6479192: ACCEPTED IN 12 TRIES, (AVG 539932.6666666666)
[1, 4, 10, 23, 57, 132, 301, 701, 1654, 3850, 8918, 21336]...: 5937975: ACCEPTED IN 11 TRIES, (AVG 539815.9090909091)
[1, 4, 10, 23, 57, 132, 301, 701, 1654, 3850, 8918, 21340]...: 4313644: ACCEPTED IN 8 TRIES, (AVG 539205.5)
[1, 4, 10, 23, 57, 132, 301, 701, 1654, 3850, 8918, 21344]...: 8643155: ACCEPTED IN 16 TRIES, (AVG 540197.1875)
[1, 4, 10, 23, 57, 132, 301, 701, 1654, 3850, 8918, 21345]...: 6479612: ACCEPTED IN 12 TRIES, (AVG 539967.6666666666)
[1, 4, 10, 23, 57, 132, 301, 701, 1654, 3850, 8918, 21349]...: 4313632: ACCEPTED IN 8 TRIES, (AVG 539204.0)
[1, 4, 10, 23, 57, 132, 301, 701, 1654, 3850, 8918, 21357]...: 5397042: ACCEPTED IN 10 TRIES, (AVG 539704.2)
[1, 4, 10, 23, 57, 132, 301, 701, 1654, 3850, 8918, 21361]...: 7559870: ACCEPTED IN 14 TRIES, (AVG 539990.7142857143)
[1, 4, 10, 23, 57, 132, 301, 701, 1654, 3850, 8918, 21364]...: 5395807: ACCEPTED IN 10 TRIES, (AVG 539580.7)
[1, 4, 10, 23, 57, 132, 301, 701, 1654, 3850, 8918, 21373]...: 5396554: ACCEPTED IN 10 TRIES, (AVG 539655.4)
[1, 4, 10, 23, 57, 132, 301, 701, 1654, 3850, 8918, 21377]...: 4855874: ACCEPTED IN 9 TRIES, (AVG 539541.5555555555)
[1, 4, 10, 23, 57, 132, 301, 701, 1654, 3850, 8918, 21381]...: 7558705: ACCEPTED IN 14 TRIES, (AVG 539907.5)
[1, 4, 10, 23, 57, 132, 301, 701, 1654, 3850, 8918, 21382]...: 9183272: ACCEPTED IN 17 TRIES, (AVG 540192.4705882353)
[1, 4, 10, 23, 57, 132, 301, 701, 1654, 3850, 8918, 21386]...: 8102038: ACCEPTED IN 15 TRIES, (AVG 540135.8666666667)
[1, 4, 10, 23, 57, 132, 301, 701, 1654, 3850, 8918, 21394]...: 7558978: ACCEPTED IN 14 TRIES, (AVG 539927.0)
[1, 4, 10, 23, 57, 132, 301, 701, 1654, 3850, 8918, 21398]...: 7558229: ACCEPTED IN 14 TRIES, (AVG 539873.5)
[1, 4, 10, 23, 57, 132, 301, 701, 1654, 3850, 8918, 21402]...: 8644001: ACCEPTED IN 16 TRIES, (AVG 540250.0625)
