[1, 4, 10, 23, 57, 132, 301, 701, 1654, 3784, 8623, 18980]...: 14055511: ACCEPTED IN 26 TRIES, (AVG 540596.5769230769)
[1, 4, 10, 23, 57, 132, 301, 701, 1654, 3784, 8623, 18988]...: 20008124: ACCEPTED IN 37 TRIES, (AVG 540760.1081081082)
[1, 4, 10, 23, 57, 132, 301, 701, 1654, 3784, 8623, 19009]...: 23792705: ACCEPTED IN 44 TRIES, (AVG 540743.2954545454)
[1, 4, 10, 23, 57, 132, 301, 701, 1654, 3784, 8623, 19013]...: 29206725: ACCEPTED IN 54 TRIES, (AVG 540865.2777777778)
[1, 4, 10, 23, 57, 132, 301, 701, 1654, 3784, 8623, 19017]...: 12428717: ACCEPTED IN 23 TRIES, (AVG 540379.0)
[1, 4, 10, 23, 57, 132, 301, 701, 1654, 3784, 8623, 19046]...: 9183099: ACCEPTED IN 17 TRIES, (AVG 540182.2941176471)
[1, 4, 10, 23, 57, 132, 301, 701, 1654, 3784, 8623, 19050]...: 20549390: ACCEPTED IN 38 TRIES, (AVG 540773.4210526316)
[1, 4, 10, 23, 57, 132, 301, 701, 1654, 3784, 8623, 19079]...: 4313358: ACCEPTED IN 8 TRIES, (AVG 539169.75)
[1, 4, 10, 23, 57, 132, 301, 701, 1654, 3784, 8623, 19083]...: 9726490: ACCEPTED IN 18 TRIES, (AVG 540360.5555555555)
[1, 4, 10, 23, 57, 132, 301, 701, 1654, 3784, 8623, 19087]...: 60593312: ACCEPTED IN 112 TRIES, (AVG 541011.7142857143)
[1, 4, 10, 23, 57, 132, 301, 701, 1654, 3784, 8623, 19112]...: 14595683: ACCEPTED IN 27 TRIES, (AVG 540580.8518518518)
[1, 4, 10, 23, 57, 132, 301, 701, 1654, 3784, 8623, 19120]...: 27584018: ACCEPTED IN 51 TRIES, (AVG 540863.0980392157)
[1, 4, 10, 23, 57, 132, 301, 701, 1654, 3784, 8623, 19149]...: 20008089: ACCEPTED IN 37 TRIES, (AVG 540759.1621621621)
[1, 4, 10, 23, 57, 132, 301, 701, 1654, 3784, 8623, 19178]...: 11349684: ACCEPTED IN 21 TRIES, (AVG 540461.1428571428)
[1, 4, 10, 23, 57, 132, 301, 701, 1654, 3784, 8623, 19182]...: 12432123: ACCEPTED IN 23 TRIES, (AVG 540527.0869565217)
[1, 4, 10, 23, 57, 132, 301, 701, 1654, 3784, 8623, 19186]...: 31371947: ACCEPTED IN 58 TRIES, (AVG 540895.6379310344)
[1, 4, 10, 23, 57, 132, 301, 701, 1654, 3784, 8623, 19211]...: 17843219: ACCEPTED IN 33 TRIES, (AVG 540703.6060606061)
[1, 4, 10, 23, 57, 132, 301, 701, 1654, 3784, 8623, 19215]...: 9726288: ACCEPTED IN 18 TRIES, (AVG 540349.3333333334)
[1, 4, 10, 23, 57, 132, 301, 701, 1654, 3784, 8623, 19219]...: 37323955: ACCEPTED IN 69 TRIES, (AVG 540926.8840579711)
[1, 4, 10, 23, 57, 132, 301, 701, 1654, 3784, 8623, 19252]...: 25419614: ACCEPTED IN 47 TRIES, (AVG 540842.8510638297)
[1, 4, 10, 23, 57, 132, 301, 701, 1654, 3784, 8623, 19281]...: 10808398: ACCEPTED IN 20 TRIES, (AVG 540419.9)
[1, 4, 10, 23, 57, 132, 301, 701, 1654, 3784, 8623, 19310]...: 22170730: ACCEPTED IN 41 TRIES, (AVG 540749.512195122)
[1, 4, 10, 23, 57, 132, 301, 701, 1654, 3784, 8623, 19314]...: 11890739: ACCEPTED IN 22 TRIES, (AVG 540488.1363636364)
[1, 4, 10, 23, 57, 132, 301, 701, 1654, 3784, 8623, 19318]...: 20548642: ACCEPTED IN 38 TRIES, (AVG 540753.7368421053)
[1, 4, 10, 23, 57, 132, 301, 701, 1654, 3784, 8623, 19347]...: 8644243: ACCEPTED IN 16 TRIES, (AVG 540265.1875)
[1, 4, 10, 23, 57, 132, 301, 701, 1654, 3784, 8623, 19351]...: 21631178: ACCEPTED IN 40 TRIES, (AVG 540779.45)
[1, 4, 10, 23, 57, 132, 301, 701, 1654, 3784, 8623, 19384]...: 14055213: ACCEPTED IN 26 TRIES, (AVG 540585.1153846154)
[1, 4, 10, 23, 57, 132, 301, 701, 1654, 3784, 8623, 19388]...: 11890222: ACCEPTED IN 22 TRIES, (AVG 540464.6363636364)
[1, 4, 10, 23, 57, 132, 301, 701, 1654, 3784, 8623, 19413]...: 33535248: ACCEPTED IN 62 TRIES, (AVG 540891.0967741936)
[1, 4, 10, 23, 57, 132, 301, 701, 1654, 3784, 8623, 19446]...: 23796061: ACCEPTED IN 44 TRIES, (AVG 540819.5681818182)
[1, 4, 10, 23, 57, 132, 301, 701, 1654, 3784, 8623, 19450]...: 9184022: ACCEPTED IN 17 TRIES, (AVG 540236.5882352941)
[1, 4, 10, 23, 57, 132, 301, 701, 1654, 3784, 8623, 19479]...: 7559629: ACCEPTED IN 14 TRIES, (AVG 539973.5)
[1, 4, 10, 23, 57, 132, 301, 701, 1654, 3784, 8623, 19483]...: 12431430: ACCEPTED IN 23 TRIES, (AVG 540496.9565217391)
[1, 4, 10, 23, 57, 132, 301, 701, 1654, 3784, 8623, 19487]...: 25417464: ACCEPTED IN 47 TRIES, (AVG 540797.1063829787)
[1, 4, 10, 23, 57, 132, 301, 701, 1654, 3784, 8623, 19516]...: 37864324: ACCEPTED IN 70 TRIES, (AVG 540918.9142857143)
[1, 4, 10, 23, 57, 132, 301, 701, 1654, 3784, 8623, 19520]...: 50310029: ACCEPTED IN 93 TRIES, (AVG 540968.0537634408)
[1, 4, 10, 23, 57, 132, 301, 701, 1654, 3784, 8623, 19578]...: 28124140: ACCEPTED IN 52 TRIES, (AVG 540848.8461538461)
[1, 4, 10, 23, 57, 132, 301, 701, 1654, 3784, 8623, 19582]...: 31911018: ACCEPTED IN 59 TRIES, (AVG 540864.7118644068)
[1, 4, 10, 23, 57, 132, 301, 701, 1654, 3784, 8623, 19611]...: 29206433: ACCEPTED IN 54 TRIES, (AVG 540859.8703703703)
[1, 4, 10, 23, 57, 132, 301, 701, 1654, 3784, 8623, 19615]...: 12432084: ACCEPTED IN 23 TRIES, (AVG 540525.3913043478)
[1, 4, 10, 23, 57, 132, 301, 701, 1654, 3784, 8623, 19619]...: 7018814: ACCEPTED IN 13 TRIES, (AVG 539908.7692307692)
[1, 4, 10, 23, 57, 132, 301, 701, 1654, 3784, 8623, 19648]...: 12432126: ACCEPTED IN 23 TRIES, (AVG 540527.2173913043)
[1, 4, 10, 23, 57, 132, 301, 701, 1654, 3784, 8623, 19652]...: 7020807: ACCEPTED IN 13 TRIES, (AVG 540062.0769230769)
[1, 4, 10, 23, 57, 132, 301, 701, 1654, 3784, 8623, 19689]...: 12973116: ACCEPTED IN 24 TRIES, (AVG 540546.5)
[1, 4, 10, 23, 57, 132, 301, 701, 1654, 3784, 8623, 19710]...: 4855964: ACCEPTED IN 9 TRIES, (AVG 539551.5555555555)
[1, 4, 10, 23, 57, 132, 301, 701, 1654, 3784, 8623, 19714]...: 8102199: ACCEPTED IN 15 TRIES, (AVG 540146.6)
[1, 4, 10, 23, 57, 132, 301, 701, 1654, 3784, 8623, 19747]...: 10267722: ACCEPTED IN 19 TRIES, (AVG 540406.4210526316)
[1, 4, 10, 23, 57, 132, 301, 701, 1654, 3784, 8623, 19751]...: 12430353: ACCEPTED IN 23 TRIES, (AVG 540450.1304347826)
[1, 4, 10, 23, 57, 132, 301, 701, 1654, 3784, 8623, 19780]...: 4856249: ACCEPTED IN 9 TRIES, (AVG 539583.2222222222)
[1, 4, 10, 23, 57, 132, 301, 701, 1654, 3784, 8623, 19784]...: 23252401: ACCEPTED IN 43 TRIES, (AVG 540753.5116279069)
[1, 4, 10, 23, 57, 132, 301, 701, 1654, 3784, 8623, 19788]...: 15678365: ACCEPTED IN 29 TRIES, (AVG 540633.275862069)
[1, 4, 10, 23, 57, 132, 301, 701, 1654, 3784, 8623, 19821]...: 12431740: ACCEPTED IN 23 TRIES, (AVG 540510.4347826086)
[1, 4, 10, 23, 57, 132, 301, 701, 1654, 3784, 8623, 19879]...: 7561058: ACCEPTED IN 14 TRIES, (AVG 540075.5714285715)
[1, 4, 10, 23, 57, 132, 301, 701, 1654, 3784, 8623, 19883]...: 22171832: ACCEPTED IN 41 TRIES, (AVG 540776.3902439025)
[1, 4, 10, 23, 57, 132, 301, 701, 1654, 3784, 8623, 19912]...: 17302554: ACCEPTED IN 32 TRIES, (AVG 540704.8125)
[1, 4, 10, 23, 57, 132, 301, 701, 1654, 3784, 8623, 19916]...: 7560285: ACCEPTED IN 14 TRIES, (AVG 540020.3571428572)
[1, 4, 10, 23, 57, 132, 301, 701, 1654, 3784, 8623, 19920]...: 14055105: ACCEPTED IN 26 TRIES, (AVG 540580.9615384615)
[1, 4, 10, 23, 57, 132, 301, 701, 1654, 3784, 8623, 19953]...: 6479228: ACCEPTED IN 12 TRIES, (AVG 539935.6666666666)
[1, 4, 10, 23, 57, 132, 301, 701, 1654, 3784, 8623, 20011]...: 6479788: ACCEPTED IN 12 TRIES, (AVG 539982.3333333334)
[1, 4, 10, 23, 57, 132, 301, 701, 1654, 3784, 8623, 20015]...: 32452996: ACCEPTED IN 60 TRIES, (AVG 540883.2666666667)
[1, 4, 10, 23, 57, 132, 301, 701, 1654, 3784, 8623, 20048]...: 5938026: ACCEPTED IN 11 TRIES, (AVG 539820.5454545454)
[1, 4, 10, 23, 57, 132, 301, 701, 1654, 3784, 8623, 20052]...: 4855873: ACCEPTED IN 9 TRIES, (AVG 539541.4444444445)
[1, 4, 10, 23, 57, 132, 301, 701, 1654, 3784, 8623, 20085]...: 11349006: ACCEPTED IN 21 TRIES, (AVG 540428.8571428572)
[1, 4, 10, 23, 57, 132, 301, 701, 1654, 3784, 8623, 20089]...: 13513689: ACCEPTED IN 25 TRIES, (AVG 540547.56)
[1, 4, 10, 23, 57, 132, 301, 701, 1654, 3784, 8623, 20180]...: 5396398: ACCEPTED IN 10 TRIES, (AVG 539639.8)
[1, 4, 10, 23, 57, 132, 301, 701, 1654, 3784, 8623, 20184]...: 8099659: ACCEPTED IN 15 TRIES, (AVG 539977.2666666667)
[1, 4, 10, 23, 57, 132, 301, 701, 1654, 3784, 8623, 20217]...: 14595415: ACCEPTED IN 27 TRIES, (AVG 540570.925925926)
[1, 4, 10, 23, 57, 132, 301, 701, 1654, 3784, 8623, 20221]...: 5937203: ACCEPTED IN 11 TRIES, (AVG 539745.7272727273)
[1, 4, 10, 23, 57, 132, 301, 701, 1654, 3784, 8623, 20312]...: 8644003: ACCEPTED IN 16 TRIES, (AVG 540250.1875)
[1, 4, 10, 23, 57, 132, 301, 701, 1654, 3784, 8623, 20316]...: 7562063: ACCEPTED IN 14 TRIES, (AVG 540147.3571428572)
[1, 4, 10, 23, 57, 132, 301, 701, 1654, 3784, 8623, 20349]...: 7558149: ACCEPTED IN 14 TRIES, (AVG 539867.7857142857)
[1, 4, 10, 23, 57, 132, 301, 701, 1654, 3784, 8623, 20353]...: 4314514: ACCEPTED IN 8 TRIES, (AVG 539314.25)
[1, 4, 10, 23, 57, 132, 301, 701, 1654, 3784, 8623, 20390]...: 7561073: ACCEPTED IN 14 TRIES, (AVG 540076.6428571428)
[1, 4, 10, 23, 57, 132, 301, 701, 1654, 3784, 8623, 20481]...: 7019951: ACCEPTED IN 13 TRIES, (AVG 539996.2307692308)
[1, 4, 10, 23, 57, 132, 301, 701, 1654, 3784, 8623, 20485]...: 5938434: ACCEPTED IN 11 TRIES, (AVG 539857.6363636364)
[1, 4, 10, 23, 57, 132, 301, 701, 1654, 3784, 8623, 20522]...: 7020703: ACCEPTED IN 13 TRIES, (AVG 540054.0769230769)
[1, 4, 10, 23, 57, 132, 301, 701, 1654, 3784, 8623, 20613]...: 24877882: ACCEPTED IN 46 TRIES, (AVG 540823.5217391305)
[1, 4, 10, 23, 57, 132, 301, 701, 1654, 3784, 8623, 20617]...: 7020358: ACCEPTED IN 13 TRIES, (AVG 540027.5384615385)
[1, 4, 10, 23, 57, 132, 301, 701, 1654, 3784, 8623, 20654]...: 7560439: ACCEPTED IN 14 TRIES, (AVG 540031.3571428572)
