[1, 4, 10, 23, 57, 132, 301, 701, 1654, 3784, 8478, 19211]...: 36780766: ACCEPTED IN 68 TRIES, (AVG 540893.6176470588)
[1, 4, 10, 23, 57, 132, 301, 701, 1654, 3784, 8478, 19343]...: 15136989: ACCEPTED IN 28 TRIES, (AVG 540606.75)
[1, 4, 10, 23, 57, 132, 301, 701, 1654, 3784, 8478, 19475]...: 15137152: ACCEPTED IN 28 TRIES, (AVG 540612.5714285715)
[1, 4, 10, 23, 57, 132, 301, 701, 1654, 3784, 8478, 19607]...: 49769725: ACCEPTED IN 92 TRIES, (AVG 540975.2717391305)
[1, 4, 10, 23, 57, 132, 301, 701, 1654, 3784, 8478, 19739]...: 32993721: ACCEPTED IN 61 TRIES, (AVG 540880.6721311476)
[1, 4, 10, 23, 57, 132, 301, 701, 1654, 3784, 8478, 19871]...: 45441287: ACCEPTED IN 84 TRIES, (AVG 540967.7023809524)
[1, 4, 10, 23, 57, 132, 301, 701, 1654, 3784, 8478, 19912]...: 16220028: ACCEPTED IN 30 TRIES, (AVG 540667.6)
[1, 4, 10, 23, 57, 132, 301, 701, 1654, 3784, 8478, 20044]...: 29745449: ACCEPTED IN 55 TRIES, (AVG 540826.3454545455)
[1, 4, 10, 23, 57, 132, 301, 701, 1654, 3784, 8478, 20164]...: 27041585: ACCEPTED IN 50 TRIES, (AVG 540831.7)
[1, 4, 10, 23, 57, 132, 301, 701, 1654, 3784, 8478, 20176]...: 30830689: ACCEPTED IN 57 TRIES, (AVG 540889.2807017544)
[1, 4, 10, 23, 57, 132, 301, 701, 1654, 3784, 8478, 20296]...: 14054659: ACCEPTED IN 26 TRIES, (AVG 540563.8076923077)
[1, 4, 10, 23, 57, 132, 301, 701, 1654, 3784, 8478, 20308]...: 24878379: ACCEPTED IN 46 TRIES, (AVG 540834.3260869565)
