[1, 4, 10, 23, 57, 132, 301, 701, 1654, 3784, 8811, 19389]...: 134186054: ACCEPTED IN 248 TRIES, (AVG 541072.7983870967)
[1, 4, 10, 23, 57, 132, 301, 701, 1654, 3784, 8811, 19406]...: 11890629: ACCEPTED IN 22 TRIES, (AVG 540483.1363636364)
[1, 4, 10, 23, 57, 132, 301, 701, 1654, 3784, 8811, 19440]...: 69250737: ACCEPTED IN 128 TRIES, (AVG 541021.3828125)
[1, 4, 10, 23, 57, 132, 301, 701, 1654, 3784, 8811, 19447]...: 37323698: ACCEPTED IN 69 TRIES, (AVG 540923.1594202898)
[1, 4, 10, 23, 57, 132, 301, 701, 1654, 3784, 8811, 19464]...: 38406650: ACCEPTED IN 71 TRIES, (AVG 540938.7323943662)
[1, 4, 10, 23, 57, 132, 301, 701, 1654, 3784, 8811, 19468]...: 44359366: ACCEPTED IN 82 TRIES, (AVG 540967.8780487805)
[1, 4, 10, 23, 57, 132, 301, 701, 1654, 3784, 8811, 19480]...: 12973294: ACCEPTED IN 24 TRIES, (AVG 540553.9166666666)
[1, 4, 10, 23, 57, 132, 301, 701, 1654, 3784, 8811, 19484]...: 100095546: ACCEPTED IN 185 TRIES, (AVG 541057.0054054054)
[1, 4, 10, 23, 57, 132, 301, 701, 1654, 3784, 8811, 19509]...: 15679143: ACCEPTED IN 29 TRIES, (AVG 540660.1034482758)
[1, 4, 10, 23, 57, 132, 301, 701, 1654, 3784, 8811, 19521]...: 13514548: ACCEPTED IN 25 TRIES, (AVG 540581.92)
[1, 4, 10, 23, 57, 132, 301, 701, 1654, 3784, 8811, 19538]...: 15675648: ACCEPTED IN 29 TRIES, (AVG 540539.5862068966)
[1, 4, 10, 23, 57, 132, 301, 701, 1654, 3784, 8811, 19572]...: 60590776: ACCEPTED IN 112 TRIES, (AVG 540989.0714285715)
[1, 4, 10, 23, 57, 132, 301, 701, 1654, 3784, 8811, 19575]...: 12430994: ACCEPTED IN 23 TRIES, (AVG 540478.0)
[1, 4, 10, 23, 57, 132, 301, 701, 1654, 3784, 8811, 19579]...: 42194515: ACCEPTED IN 78 TRIES, (AVG 540955.3205128205)
[1, 4, 10, 23, 57, 132, 301, 701, 1654, 3784, 8811, 19596]...: 28666248: ACCEPTED IN 53 TRIES, (AVG 540872.6037735849)
[1, 4, 10, 23, 57, 132, 301, 701, 1654, 3784, 8811, 19600]...: 48687991: ACCEPTED IN 90 TRIES, (AVG 540977.6777777778)
[1, 4, 10, 23, 57, 132, 301, 701, 1654, 3784, 8811, 19612]...: 35159352: ACCEPTED IN 65 TRIES, (AVG 540913.1076923077)
[1, 4, 10, 23, 57, 132, 301, 701, 1654, 3784, 8811, 19616]...: 13513362: ACCEPTED IN 25 TRIES, (AVG 540534.48)
[1, 4, 10, 23, 57, 132, 301, 701, 1654, 3784, 8811, 19633]...: 54639638: ACCEPTED IN 101 TRIES, (AVG 540986.5148514851)
[1, 4, 10, 23, 57, 132, 301, 701, 1654, 3784, 8811, 19641]...: 9726234: ACCEPTED IN 18 TRIES, (AVG 540346.3333333334)
[1, 4, 10, 23, 57, 132, 301, 701, 1654, 3784, 8811, 19653]...: 56263581: ACCEPTED IN 104 TRIES, (AVG 540995.9711538461)
[1, 4, 10, 23, 57, 132, 301, 701, 1654, 3784, 8811, 19670]...: 61674311: ACCEPTED IN 114 TRIES, (AVG 541002.7280701754)
[1, 4, 10, 23, 57, 132, 301, 701, 1654, 3784, 8811, 19704]...: 44358378: ACCEPTED IN 82 TRIES, (AVG 540955.8292682926)
[1, 4, 10, 23, 57, 132, 301, 701, 1654, 3784, 8811, 19707]...: 9725768: ACCEPTED IN 18 TRIES, (AVG 540320.4444444445)
[1, 4, 10, 23, 57, 132, 301, 701, 1654, 3784, 8811, 19732]...: 29747241: ACCEPTED IN 55 TRIES, (AVG 540858.9272727272)
[1, 4, 10, 23, 57, 132, 301, 701, 1654, 3784, 8811, 19744]...: 34075948: ACCEPTED IN 63 TRIES, (AVG 540888.0634920635)
[1, 4, 10, 23, 57, 132, 301, 701, 1654, 3784, 8811, 19748]...: 35159903: ACCEPTED IN 65 TRIES, (AVG 540921.5846153846)
[1, 4, 10, 23, 57, 132, 301, 701, 1654, 3784, 8811, 19765]...: 5395621: ACCEPTED IN 10 TRIES, (AVG 539562.1)
[1, 4, 10, 23, 57, 132, 301, 701, 1654, 3784, 8811, 19773]...: 12431354: ACCEPTED IN 23 TRIES, (AVG 540493.6521739131)
[1, 4, 10, 23, 57, 132, 301, 701, 1654, 3784, 8811, 19785]...: 14595466: ACCEPTED IN 27 TRIES, (AVG 540572.8148148148)
[1, 4, 10, 23, 57, 132, 301, 701, 1654, 3784, 8811, 19802]...: 23796023: ACCEPTED IN 44 TRIES, (AVG 540818.7045454546)
[1, 4, 10, 23, 57, 132, 301, 701, 1654, 3784, 8811, 19836]...: 9185184: ACCEPTED IN 17 TRIES, (AVG 540304.9411764706)
[1, 4, 10, 23, 57, 132, 301, 701, 1654, 3784, 8811, 19839]...: 15678824: ACCEPTED IN 29 TRIES, (AVG 540649.1034482758)
[1, 4, 10, 23, 57, 132, 301, 701, 1654, 3784, 8811, 19864]...: 51933593: ACCEPTED IN 96 TRIES, (AVG 540974.9270833334)
[1, 4, 10, 23, 57, 132, 301, 701, 1654, 3784, 8811, 19873]...: 35159725: ACCEPTED IN 65 TRIES, (AVG 540918.8461538461)
[1, 4, 10, 23, 57, 132, 301, 701, 1654, 3784, 8811, 19876]...: 30828681: ACCEPTED IN 57 TRIES, (AVG 540854.052631579)
[1, 4, 10, 23, 57, 132, 301, 701, 1654, 3784, 8811, 19877]...: 12430732: ACCEPTED IN 23 TRIES, (AVG 540466.6086956522)
[1, 4, 10, 23, 57, 132, 301, 701, 1654, 3784, 8811, 19880]...: 7020328: ACCEPTED IN 13 TRIES, (AVG 540025.2307692308)
[1, 4, 10, 23, 57, 132, 301, 701, 1654, 3784, 8811, 19897]...: 32995157: ACCEPTED IN 61 TRIES, (AVG 540904.2131147541)
[1, 4, 10, 23, 57, 132, 301, 701, 1654, 3784, 8811, 19905]...: 14055752: ACCEPTED IN 26 TRIES, (AVG 540605.8461538461)
[1, 4, 10, 23, 57, 132, 301, 701, 1654, 3784, 8811, 19917]...: 10266559: ACCEPTED IN 19 TRIES, (AVG 540345.2105263158)
[1, 4, 10, 23, 57, 132, 301, 701, 1654, 3784, 8811, 19934]...: 11889289: ACCEPTED IN 22 TRIES, (AVG 540422.2272727273)
[1, 4, 10, 23, 57, 132, 301, 701, 1654, 3784, 8811, 19971]...: 12973434: ACCEPTED IN 24 TRIES, (AVG 540559.75)
[1, 4, 10, 23, 57, 132, 301, 701, 1654, 3784, 8811, 19996]...: 28123746: ACCEPTED IN 52 TRIES, (AVG 540841.2692307692)
[1, 4, 10, 23, 57, 132, 301, 701, 1654, 3784, 8811, 20005]...: 11890752: ACCEPTED IN 22 TRIES, (AVG 540488.7272727273)
[1, 4, 10, 23, 57, 132, 301, 701, 1654, 3784, 8811, 20008]...: 14055386: ACCEPTED IN 26 TRIES, (AVG 540591.7692307692)
[1, 4, 10, 23, 57, 132, 301, 701, 1654, 3784, 8811, 20009]...: 12431583: ACCEPTED IN 23 TRIES, (AVG 540503.6086956522)
[1, 4, 10, 23, 57, 132, 301, 701, 1654, 3784, 8811, 20025]...: 17843016: ACCEPTED IN 33 TRIES, (AVG 540697.4545454546)
[1, 4, 10, 23, 57, 132, 301, 701, 1654, 3784, 8811, 20037]...: 16219985: ACCEPTED IN 30 TRIES, (AVG 540666.1666666666)
[1, 4, 10, 23, 57, 132, 301, 701, 1654, 3784, 8811, 20049]...: 10265961: ACCEPTED IN 19 TRIES, (AVG 540313.7368421053)
[1, 4, 10, 23, 57, 132, 301, 701, 1654, 3784, 8811, 20066]...: 13512891: ACCEPTED IN 25 TRIES, (AVG 540515.64)
[1, 4, 10, 23, 57, 132, 301, 701, 1654, 3784, 8811, 20103]...: 14054029: ACCEPTED IN 26 TRIES, (AVG 540539.5769230769)
[1, 4, 10, 23, 57, 132, 301, 701, 1654, 3784, 8811, 20137]...: 11889690: ACCEPTED IN 22 TRIES, (AVG 540440.4545454546)
[1, 4, 10, 23, 57, 132, 301, 701, 1654, 3784, 8811, 20140]...: 9725520: ACCEPTED IN 18 TRIES, (AVG 540306.6666666666)
[1, 4, 10, 23, 57, 132, 301, 701, 1654, 3784, 8811, 20141]...: 13513591: ACCEPTED IN 25 TRIES, (AVG 540543.64)
[1, 4, 10, 23, 57, 132, 301, 701, 1654, 3784, 8811, 20157]...: 11890688: ACCEPTED IN 22 TRIES, (AVG 540485.8181818182)
[1, 4, 10, 23, 57, 132, 301, 701, 1654, 3784, 8811, 20169]...: 37324205: ACCEPTED IN 69 TRIES, (AVG 540930.5072463768)
[1, 4, 10, 23, 57, 132, 301, 701, 1654, 3784, 8811, 20174]...: 28665185: ACCEPTED IN 53 TRIES, (AVG 540852.5471698113)
[1, 4, 10, 23, 57, 132, 301, 701, 1654, 3784, 8811, 20178]...: 11347255: ACCEPTED IN 21 TRIES, (AVG 540345.4761904762)
[1, 4, 10, 23, 57, 132, 301, 701, 1654, 3784, 8811, 20181]...: 9724140: ACCEPTED IN 18 TRIES, (AVG 540230.0)
[1, 4, 10, 23, 57, 132, 301, 701, 1654, 3784, 8811, 20198]...: 9726015: ACCEPTED IN 18 TRIES, (AVG 540334.1666666666)
[1, 4, 10, 23, 57, 132, 301, 701, 1654, 3784, 8811, 20210]...: 11890562: ACCEPTED IN 22 TRIES, (AVG 540480.0909090909)
[1, 4, 10, 23, 57, 132, 301, 701, 1654, 3784, 8811, 20235]...: 10266232: ACCEPTED IN 19 TRIES, (AVG 540328.0)
[1, 4, 10, 23, 57, 132, 301, 701, 1654, 3784, 8811, 20272]...: 14596695: ACCEPTED IN 27 TRIES, (AVG 540618.3333333334)
[1, 4, 10, 23, 57, 132, 301, 701, 1654, 3784, 8811, 20273]...: 9726571: ACCEPTED IN 18 TRIES, (AVG 540365.0555555555)
[1, 4, 10, 23, 57, 132, 301, 701, 1654, 3784, 8811, 20289]...: 10808430: ACCEPTED IN 20 TRIES, (AVG 540421.5)
[1, 4, 10, 23, 57, 132, 301, 701, 1654, 3784, 8811, 20301]...: 16220001: ACCEPTED IN 30 TRIES, (AVG 540666.7)
[1, 4, 10, 23, 57, 132, 301, 701, 1654, 3784, 8811, 20306]...: 12971638: ACCEPTED IN 24 TRIES, (AVG 540484.9166666666)
[1, 4, 10, 23, 57, 132, 301, 701, 1654, 3784, 8811, 20309]...: 5397156: ACCEPTED IN 10 TRIES, (AVG 539715.6)
[1, 4, 10, 23, 57, 132, 301, 701, 1654, 3784, 8811, 20310]...: 10807588: ACCEPTED IN 20 TRIES, (AVG 540379.4)
[1, 4, 10, 23, 57, 132, 301, 701, 1654, 3784, 8811, 20326]...: 9725366: ACCEPTED IN 18 TRIES, (AVG 540298.1111111111)
[1, 4, 10, 23, 57, 132, 301, 701, 1654, 3784, 8811, 20330]...: 4856360: ACCEPTED IN 9 TRIES, (AVG 539595.5555555555)
[1, 4, 10, 23, 57, 132, 301, 701, 1654, 3784, 8811, 20342]...: 11889369: ACCEPTED IN 22 TRIES, (AVG 540425.8636363636)
[1, 4, 10, 23, 57, 132, 301, 701, 1654, 3784, 8811, 20367]...: 15678223: ACCEPTED IN 29 TRIES, (AVG 540628.3793103448)
[1, 4, 10, 23, 57, 132, 301, 701, 1654, 3784, 8811, 20404]...: 17302213: ACCEPTED IN 32 TRIES, (AVG 540694.15625)
[1, 4, 10, 23, 57, 132, 301, 701, 1654, 3784, 8811, 20405]...: 12432342: ACCEPTED IN 23 TRIES, (AVG 540536.6086956522)
[1, 4, 10, 23, 57, 132, 301, 701, 1654, 3784, 8811, 20421]...: 12972800: ACCEPTED IN 24 TRIES, (AVG 540533.3333333334)
[1, 4, 10, 23, 57, 132, 301, 701, 1654, 3784, 8811, 20433]...: 7561340: ACCEPTED IN 14 TRIES, (AVG 540095.7142857143)
[1, 4, 10, 23, 57, 132, 301, 701, 1654, 3784, 8811, 20438]...: 8642512: ACCEPTED IN 16 TRIES, (AVG 540157.0)
[1, 4, 10, 23, 57, 132, 301, 701, 1654, 3784, 8811, 20441]...: 9725855: ACCEPTED IN 18 TRIES, (AVG 540325.2777777778)
[1, 4, 10, 23, 57, 132, 301, 701, 1654, 3784, 8811, 20442]...: 35159270: ACCEPTED IN 65 TRIES, (AVG 540911.8461538461)
[1, 4, 10, 23, 57, 132, 301, 701, 1654, 3784, 8811, 20458]...: 12431546: ACCEPTED IN 23 TRIES, (AVG 540502.0)
[1, 4, 10, 23, 57, 132, 301, 701, 1654, 3784, 8811, 20462]...: 9183902: ACCEPTED IN 17 TRIES, (AVG 540229.5294117647)
[1, 4, 10, 23, 57, 132, 301, 701, 1654, 3784, 8811, 20474]...: 5938115: ACCEPTED IN 11 TRIES, (AVG 539828.6363636364)
[1, 4, 10, 23, 57, 132, 301, 701, 1654, 3784, 8811, 20475]...: 12430411: ACCEPTED IN 23 TRIES, (AVG 540452.6521739131)
[1, 4, 10, 23, 57, 132, 301, 701, 1654, 3784, 8811, 20479]...: 11890868: ACCEPTED IN 22 TRIES, (AVG 540494.0)
[1, 4, 10, 23, 57, 132, 301, 701, 1654, 3784, 8811, 20499]...: 11890281: ACCEPTED IN 22 TRIES, (AVG 540467.3181818182)
[1, 4, 10, 23, 57, 132, 301, 701, 1654, 3784, 8811, 20536]...: 12429181: ACCEPTED IN 23 TRIES, (AVG 540399.1739130435)
[1, 4, 10, 23, 57, 132, 301, 701, 1654, 3784, 8811, 20537]...: 5397098: ACCEPTED IN 10 TRIES, (AVG 539709.8)
[1, 4, 10, 23, 57, 132, 301, 701, 1654, 3784, 8811, 20553]...: 9726350: ACCEPTED IN 18 TRIES, (AVG 540352.7777777778)
[1, 4, 10, 23, 57, 132, 301, 701, 1654, 3784, 8811, 20565]...: 20547751: ACCEPTED IN 38 TRIES, (AVG 540730.2894736842)
[1, 4, 10, 23, 57, 132, 301, 701, 1654, 3784, 8811, 20566]...: 4855952: ACCEPTED IN 9 TRIES, (AVG 539550.2222222222)
[1, 4, 10, 23, 57, 132, 301, 701, 1654, 3784, 8811, 20573]...: 12431711: ACCEPTED IN 23 TRIES, (AVG 540509.1739130435)
[1, 4, 10, 23, 57, 132, 301, 701, 1654, 3784, 8811, 20574]...: 12431863: ACCEPTED IN 23 TRIES, (AVG 540515.7826086957)
[1, 4, 10, 23, 57, 132, 301, 701, 1654, 3784, 8811, 20578]...: 35158633: ACCEPTED IN 65 TRIES, (AVG 540902.0461538462)
[1, 4, 10, 23, 57, 132, 301, 701, 1654, 3784, 8811, 20590]...: 5396195: ACCEPTED IN 10 TRIES, (AVG 539619.5)
[1, 4, 10, 23, 57, 132, 301, 701, 1654, 3784, 8811, 20594]...: 7561986: ACCEPTED IN 14 TRIES, (AVG 540141.8571428572)
[1, 4, 10, 23, 57, 132, 301, 701, 1654, 3784, 8811, 20606]...: 12972700: ACCEPTED IN 24 TRIES, (AVG 540529.1666666666)
[1, 4, 10, 23, 57, 132, 301, 701, 1654, 3784, 8811, 20607]...: 12970508: ACCEPTED IN 24 TRIES, (AVG 540437.8333333334)
[1, 4, 10, 23, 57, 132, 301, 701, 1654, 3784, 8811, 20610]...: 12431323: ACCEPTED IN 23 TRIES, (AVG 540492.304347826)
[1, 4, 10, 23, 57, 132, 301, 701, 1654, 3784, 8811, 20611]...: 13514012: ACCEPTED IN 25 TRIES, (AVG 540560.48)
[1, 4, 10, 23, 57, 132, 301, 701, 1654, 3784, 8811, 20627]...: 11349885: ACCEPTED IN 21 TRIES, (AVG 540470.7142857143)
[1, 4, 10, 23, 57, 132, 301, 701, 1654, 3784, 8811, 20631]...: 5397083: ACCEPTED IN 10 TRIES, (AVG 539708.3)
[1, 4, 10, 23, 57, 132, 301, 701, 1654, 3784, 8811, 20668]...: 8642928: ACCEPTED IN 16 TRIES, (AVG 540183.0)
[1, 4, 10, 23, 57, 132, 301, 701, 1654, 3784, 8811, 20685]...: 10266342: ACCEPTED IN 19 TRIES, (AVG 540333.7894736842)
[1, 4, 10, 23, 57, 132, 301, 701, 1654, 3784, 8811, 20697]...: 12972943: ACCEPTED IN 24 TRIES, (AVG 540539.2916666666)
[1, 4, 10, 23, 57, 132, 301, 701, 1654, 3784, 8811, 20698]...: 10267221: ACCEPTED IN 19 TRIES, (AVG 540380.052631579)
[1, 4, 10, 23, 57, 132, 301, 701, 1654, 3784, 8811, 20705]...: 36783038: ACCEPTED IN 68 TRIES, (AVG 540927.0294117647)
[1, 4, 10, 23, 57, 132, 301, 701, 1654, 3784, 8811, 20706]...: 10807007: ACCEPTED IN 20 TRIES, (AVG 540350.35)
[1, 4, 10, 23, 57, 132, 301, 701, 1654, 3784, 8811, 20710]...: 11349385: ACCEPTED IN 21 TRIES, (AVG 540446.9047619047)
[1, 4, 10, 23, 57, 132, 301, 701, 1654, 3784, 8811, 20722]...: 14596019: ACCEPTED IN 27 TRIES, (AVG 540593.2962962963)
[1, 4, 10, 23, 57, 132, 301, 701, 1654, 3784, 8811, 20726]...: 13514089: ACCEPTED IN 25 TRIES, (AVG 540563.56)
[1, 4, 10, 23, 57, 132, 301, 701, 1654, 3784, 8811, 20738]...: 12431976: ACCEPTED IN 23 TRIES, (AVG 540520.695652174)
[1, 4, 10, 23, 57, 132, 301, 701, 1654, 3784, 8811, 20739]...: 10267687: ACCEPTED IN 19 TRIES, (AVG 540404.5789473684)
[1, 4, 10, 23, 57, 132, 301, 701, 1654, 3784, 8811, 20742]...: 3774168: ACCEPTED IN 7 TRIES, (AVG 539166.8571428572)
[1, 4, 10, 23, 57, 132, 301, 701, 1654, 3784, 8811, 20743]...: 15135951: ACCEPTED IN 28 TRIES, (AVG 540569.6785714285)
[1, 4, 10, 23, 57, 132, 301, 701, 1654, 3784, 8811, 20759]...: 8103215: ACCEPTED IN 15 TRIES, (AVG 540214.3333333334)
[1, 4, 10, 23, 57, 132, 301, 701, 1654, 3784, 8811, 20776]...: 10808742: ACCEPTED IN 20 TRIES, (AVG 540437.1)
[1, 4, 10, 23, 57, 132, 301, 701, 1654, 3784, 8811, 20780]...: 3773878: ACCEPTED IN 7 TRIES, (AVG 539125.4285714285)
[1, 4, 10, 23, 57, 132, 301, 701, 1654, 3784, 8811, 20800]...: 11886358: ACCEPTED IN 22 TRIES, (AVG 540289.0)
[1, 4, 10, 23, 57, 132, 301, 701, 1654, 3784, 8811, 20817]...: 11889961: ACCEPTED IN 22 TRIES, (AVG 540452.7727272727)
[1, 4, 10, 23, 57, 132, 301, 701, 1654, 3784, 8811, 20830]...: 10808747: ACCEPTED IN 20 TRIES, (AVG 540437.35)
[1, 4, 10, 23, 57, 132, 301, 701, 1654, 3784, 8811, 20837]...: 12430953: ACCEPTED IN 23 TRIES, (AVG 540476.2173913043)
[1, 4, 10, 23, 57, 132, 301, 701, 1654, 3784, 8811, 20838]...: 9724506: ACCEPTED IN 18 TRIES, (AVG 540250.3333333334)
[1, 4, 10, 23, 57, 132, 301, 701, 1654, 3784, 8811, 20842]...: 13514183: ACCEPTED IN 25 TRIES, (AVG 540567.32)
[1, 4, 10, 23, 57, 132, 301, 701, 1654, 3784, 8811, 20854]...: 14596736: ACCEPTED IN 27 TRIES, (AVG 540619.8518518518)
[1, 4, 10, 23, 57, 132, 301, 701, 1654, 3784, 8811, 20858]...: 11890048: ACCEPTED IN 22 TRIES, (AVG 540456.7272727273)
[1, 4, 10, 23, 57, 132, 301, 701, 1654, 3784, 8811, 20867]...: 4856285: ACCEPTED IN 9 TRIES, (AVG 539587.2222222222)
[1, 4, 10, 23, 57, 132, 301, 701, 1654, 3784, 8811, 20870]...: 11887597: ACCEPTED IN 22 TRIES, (AVG 540345.3181818182)
[1, 4, 10, 23, 57, 132, 301, 701, 1654, 3784, 8811, 20871]...: 10266391: ACCEPTED IN 19 TRIES, (AVG 540336.3684210526)
[1, 4, 10, 23, 57, 132, 301, 701, 1654, 3784, 8811, 20874]...: 15676795: ACCEPTED IN 29 TRIES, (AVG 540579.1379310344)
[1, 4, 10, 23, 57, 132, 301, 701, 1654, 3784, 8811, 20875]...: 13513674: ACCEPTED IN 25 TRIES, (AVG 540546.96)
[1, 4, 10, 23, 57, 132, 301, 701, 1654, 3784, 8811, 20879]...: 11889672: ACCEPTED IN 22 TRIES, (AVG 540439.6363636364)
[1, 4, 10, 23, 57, 132, 301, 701, 1654, 3784, 8811, 20891]...: 15136821: ACCEPTED IN 28 TRIES, (AVG 540600.75)
[1, 4, 10, 23, 57, 132, 301, 701, 1654, 3784, 8811, 20908]...: 5397078: ACCEPTED IN 10 TRIES, (AVG 539707.8)
[1, 4, 10, 23, 57, 132, 301, 701, 1654, 3784, 8811, 20911]...: 7019043: ACCEPTED IN 13 TRIES, (AVG 539926.3846153846)
[1, 4, 10, 23, 57, 132, 301, 701, 1654, 3784, 8811, 20912]...: 9725932: ACCEPTED IN 18 TRIES, (AVG 540329.5555555555)
[1, 4, 10, 23, 57, 132, 301, 701, 1654, 3784, 8811, 20928]...: 10267752: ACCEPTED IN 19 TRIES, (AVG 540408.0)
[1, 4, 10, 23, 57, 132, 301, 701, 1654, 3784, 8811, 20932]...: 10808655: ACCEPTED IN 20 TRIES, (AVG 540432.75)
[1, 4, 10, 23, 57, 132, 301, 701, 1654, 3784, 8811, 20949]...: 9726394: ACCEPTED IN 18 TRIES, (AVG 540355.2222222222)
[1, 4, 10, 23, 57, 132, 301, 701, 1654, 3784, 8811, 20962]...: 18384779: ACCEPTED IN 34 TRIES, (AVG 540728.7941176471)
[1, 4, 10, 23, 57, 132, 301, 701, 1654, 3784, 8811, 20969]...: 47605508: ACCEPTED IN 88 TRIES, (AVG 540971.6818181818)
[1, 4, 10, 23, 57, 132, 301, 701, 1654, 3784, 8811, 20974]...: 14053465: ACCEPTED IN 26 TRIES, (AVG 540517.8846153846)
[1, 4, 10, 23, 57, 132, 301, 701, 1654, 3784, 8811, 20986]...: 12431998: ACCEPTED IN 23 TRIES, (AVG 540521.6521739131)
[1, 4, 10, 23, 57, 132, 301, 701, 1654, 3784, 8811, 20990]...: 24878084: ACCEPTED IN 46 TRIES, (AVG 540827.9130434783)
[1, 4, 10, 23, 57, 132, 301, 701, 1654, 3784, 8811, 20999]...: 9724910: ACCEPTED IN 18 TRIES, (AVG 540272.7777777778)
[1, 4, 10, 23, 57, 132, 301, 701, 1654, 3784, 8811, 21002]...: 14052984: ACCEPTED IN 26 TRIES, (AVG 540499.3846153846)
[1, 4, 10, 23, 57, 132, 301, 701, 1654, 3784, 8811, 21003]...: 17302543: ACCEPTED IN 32 TRIES, (AVG 540704.46875)
[1, 4, 10, 23, 57, 132, 301, 701, 1654, 3784, 8811, 21006]...: 12431991: ACCEPTED IN 23 TRIES, (AVG 540521.3478260869)
[1, 4, 10, 23, 57, 132, 301, 701, 1654, 3784, 8811, 21007]...: 11890134: ACCEPTED IN 22 TRIES, (AVG 540460.6363636364)
[1, 4, 10, 23, 57, 132, 301, 701, 1654, 3784, 8811, 21011]...: 15678805: ACCEPTED IN 29 TRIES, (AVG 540648.448275862)
[1, 4, 10, 23, 57, 132, 301, 701, 1654, 3784, 8811, 21023]...: 10807896: ACCEPTED IN 20 TRIES, (AVG 540394.8)
[1, 4, 10, 23, 57, 132, 301, 701, 1654, 3784, 8811, 21040]...: 20546574: ACCEPTED IN 38 TRIES, (AVG 540699.3157894737)
[1, 4, 10, 23, 57, 132, 301, 701, 1654, 3784, 8811, 21043]...: 9183307: ACCEPTED IN 17 TRIES, (AVG 540194.5294117647)
[1, 4, 10, 23, 57, 132, 301, 701, 1654, 3784, 8811, 21044]...: 4855802: ACCEPTED IN 9 TRIES, (AVG 539533.5555555555)
[1, 4, 10, 23, 57, 132, 301, 701, 1654, 3784, 8811, 21060]...: 10808848: ACCEPTED IN 20 TRIES, (AVG 540442.4)
[1, 4, 10, 23, 57, 132, 301, 701, 1654, 3784, 8811, 21077]...: 12430131: ACCEPTED IN 23 TRIES, (AVG 540440.4782608695)
[1, 4, 10, 23, 57, 132, 301, 701, 1654, 3784, 8811, 21081]...: 8103082: ACCEPTED IN 15 TRIES, (AVG 540205.4666666667)
[1, 4, 10, 23, 57, 132, 301, 701, 1654, 3784, 8811, 21094]...: 8643043: ACCEPTED IN 16 TRIES, (AVG 540190.1875)
[1, 4, 10, 23, 57, 132, 301, 701, 1654, 3784, 8811, 21101]...: 10808914: ACCEPTED IN 20 TRIES, (AVG 540445.7)
[1, 4, 10, 23, 57, 132, 301, 701, 1654, 3784, 8811, 21106]...: 18382288: ACCEPTED IN 34 TRIES, (AVG 540655.5294117647)
[1, 4, 10, 23, 57, 132, 301, 701, 1654, 3784, 8811, 21118]...: 11886791: ACCEPTED IN 22 TRIES, (AVG 540308.6818181818)
[1, 4, 10, 23, 57, 132, 301, 701, 1654, 3784, 8811, 21122]...: 9724632: ACCEPTED IN 18 TRIES, (AVG 540257.3333333334)
[1, 4, 10, 23, 57, 132, 301, 701, 1654, 3784, 8811, 21131]...: 12430653: ACCEPTED IN 23 TRIES, (AVG 540463.1739130435)
[1, 4, 10, 23, 57, 132, 301, 701, 1654, 3784, 8811, 21134]...: 16219659: ACCEPTED IN 30 TRIES, (AVG 540655.3)
[1, 4, 10, 23, 57, 132, 301, 701, 1654, 3784, 8811, 21135]...: 20548061: ACCEPTED IN 38 TRIES, (AVG 540738.447368421)
[1, 4, 10, 23, 57, 132, 301, 701, 1654, 3784, 8811, 21138]...: 5397220: ACCEPTED IN 10 TRIES, (AVG 539722.0)
[1, 4, 10, 23, 57, 132, 301, 701, 1654, 3784, 8811, 21139]...: 11889492: ACCEPTED IN 22 TRIES, (AVG 540431.4545454546)
[1, 4, 10, 23, 57, 132, 301, 701, 1654, 3784, 8811, 21143]...: 15137517: ACCEPTED IN 28 TRIES, (AVG 540625.6071428572)
