[1, 4, 10, 23, 57, 132, 301, 701, 1636, 3886, 8927, 19641]...: 11890467: ACCEPTED IN 22 TRIES, (AVG 540475.7727272727)
[1, 4, 10, 23, 57, 132, 301, 701, 1636, 3886, 8927, 19646]...: 12972535: ACCEPTED IN 24 TRIES, (AVG 540522.2916666666)
[1, 4, 10, 23, 57, 132, 301, 701, 1636, 3886, 8927, 19678]...: 11890910: ACCEPTED IN 22 TRIES, (AVG 540495.9090909091)
[1, 4, 10, 23, 57, 132, 301, 701, 1636, 3886, 8927, 19679]...: 12972583: ACCEPTED IN 24 TRIES, (AVG 540524.2916666666)
[1, 4, 10, 23, 57, 132, 301, 701, 1636, 3886, 8927, 19711]...: 19465793: ACCEPTED IN 36 TRIES, (AVG 540716.4722222222)
[1, 4, 10, 23, 57, 132, 301, 701, 1636, 3886, 8927, 19716]...: 9726299: ACCEPTED IN 18 TRIES, (AVG 540349.9444444445)
[1, 4, 10, 23, 57, 132, 301, 701, 1636, 3886, 8927, 19732]...: 11347101: ACCEPTED IN 21 TRIES, (AVG 540338.1428571428)
[1, 4, 10, 23, 57, 132, 301, 701, 1636, 3886, 8927, 19736]...: 16758621: ACCEPTED IN 31 TRIES, (AVG 540600.6774193548)
[1, 4, 10, 23, 57, 132, 301, 701, 1636, 3886, 8927, 19748]...: 4314989: ACCEPTED IN 8 TRIES, (AVG 539373.625)
[1, 4, 10, 23, 57, 132, 301, 701, 1636, 3886, 8927, 19773]...: 5937670: ACCEPTED IN 11 TRIES, (AVG 539788.1818181818)
[1, 4, 10, 23, 57, 132, 301, 701, 1636, 3886, 8927, 19778]...: 7020043: ACCEPTED IN 13 TRIES, (AVG 540003.3076923077)
[1, 4, 10, 23, 57, 132, 301, 701, 1636, 3886, 8927, 19810]...: 5395662: ACCEPTED IN 10 TRIES, (AVG 539566.2)
[1, 4, 10, 23, 57, 132, 301, 701, 1636, 3886, 8927, 19815]...: 14054631: ACCEPTED IN 26 TRIES, (AVG 540562.7307692308)
[1, 4, 10, 23, 57, 132, 301, 701, 1636, 3886, 8927, 19847]...: 11891162: ACCEPTED IN 22 TRIES, (AVG 540507.3636363636)
[1, 4, 10, 23, 57, 132, 301, 701, 1636, 3886, 8927, 19848]...: 13514184: ACCEPTED IN 25 TRIES, (AVG 540567.36)
[1, 4, 10, 23, 57, 132, 301, 701, 1636, 3886, 8927, 19880]...: 12973089: ACCEPTED IN 24 TRIES, (AVG 540545.375)
[1, 4, 10, 23, 57, 132, 301, 701, 1636, 3886, 8927, 19905]...: 14054118: ACCEPTED IN 26 TRIES, (AVG 540543.0)
[1, 4, 10, 23, 57, 132, 301, 701, 1636, 3886, 8927, 19913]...: 13514077: ACCEPTED IN 25 TRIES, (AVG 540563.08)
[1, 4, 10, 23, 57, 132, 301, 701, 1636, 3886, 8927, 19947]...: 16760171: ACCEPTED IN 31 TRIES, (AVG 540650.6774193548)
[1, 4, 10, 23, 57, 132, 301, 701, 1636, 3886, 8927, 19949]...: 17300530: ACCEPTED IN 32 TRIES, (AVG 540641.5625)
[1, 4, 10, 23, 57, 132, 301, 701, 1636, 3886, 8927, 19979]...: 10266609: ACCEPTED IN 19 TRIES, (AVG 540347.8421052631)
[1, 4, 10, 23, 57, 132, 301, 701, 1636, 3886, 8927, 19980]...: 11889864: ACCEPTED IN 22 TRIES, (AVG 540448.3636363636)
[1, 4, 10, 23, 57, 132, 301, 701, 1636, 3886, 8927, 20012]...: 11891085: ACCEPTED IN 22 TRIES, (AVG 540503.8636363636)
[1, 4, 10, 23, 57, 132, 301, 701, 1636, 3886, 8927, 20037]...: 8102320: ACCEPTED IN 15 TRIES, (AVG 540154.6666666666)
[1, 4, 10, 23, 57, 132, 301, 701, 1636, 3886, 8927, 20049]...: 11890712: ACCEPTED IN 22 TRIES, (AVG 540486.9090909091)
[1, 4, 10, 23, 57, 132, 301, 701, 1636, 3886, 8927, 20079]...: 5937797: ACCEPTED IN 11 TRIES, (AVG 539799.7272727273)
[1, 4, 10, 23, 57, 132, 301, 701, 1636, 3886, 8927, 20081]...: 5938592: ACCEPTED IN 11 TRIES, (AVG 539872.0)
[1, 4, 10, 23, 57, 132, 301, 701, 1636, 3886, 8927, 20111]...: 17301563: ACCEPTED IN 32 TRIES, (AVG 540673.84375)
[1, 4, 10, 23, 57, 132, 301, 701, 1636, 3886, 8927, 20116]...: 12432292: ACCEPTED IN 23 TRIES, (AVG 540534.4347826086)
[1, 4, 10, 23, 57, 132, 301, 701, 1636, 3886, 8927, 20148]...: 8102174: ACCEPTED IN 15 TRIES, (AVG 540144.9333333333)
[1, 4, 10, 23, 57, 132, 301, 701, 1636, 3886, 8927, 20169]...: 17301737: ACCEPTED IN 32 TRIES, (AVG 540679.28125)
[1, 4, 10, 23, 57, 132, 301, 701, 1636, 3886, 8927, 20181]...: 7559618: ACCEPTED IN 14 TRIES, (AVG 539972.7142857143)
[1, 4, 10, 23, 57, 132, 301, 701, 1636, 3886, 8927, 20183]...: 15678926: ACCEPTED IN 29 TRIES, (AVG 540652.6206896552)
[1, 4, 10, 23, 57, 132, 301, 701, 1636, 3886, 8927, 20213]...: 11348918: ACCEPTED IN 21 TRIES, (AVG 540424.6666666666)
[1, 4, 10, 23, 57, 132, 301, 701, 1636, 3886, 8927, 20214]...: 10267392: ACCEPTED IN 19 TRIES, (AVG 540389.052631579)
[1, 4, 10, 23, 57, 132, 301, 701, 1636, 3886, 8927, 20215]...: 18925589: ACCEPTED IN 35 TRIES, (AVG 540731.1142857143)
[1, 4, 10, 23, 57, 132, 301, 701, 1636, 3886, 8927, 20248]...: 9724911: ACCEPTED IN 18 TRIES, (AVG 540272.8333333334)
[1, 4, 10, 23, 57, 132, 301, 701, 1636, 3886, 8927, 20280]...: 9184966: ACCEPTED IN 17 TRIES, (AVG 540292.1176470588)
[1, 4, 10, 23, 57, 132, 301, 701, 1636, 3886, 8927, 20301]...: 12431753: ACCEPTED IN 23 TRIES, (AVG 540511.0)
[1, 4, 10, 23, 57, 132, 301, 701, 1636, 3886, 8927, 20313]...: 12431278: ACCEPTED IN 23 TRIES, (AVG 540490.3478260869)
[1, 4, 10, 23, 57, 132, 301, 701, 1636, 3886, 8927, 20315]...: 7019928: ACCEPTED IN 13 TRIES, (AVG 539994.4615384615)
[1, 4, 10, 23, 57, 132, 301, 701, 1636, 3886, 8927, 20347]...: 14055437: ACCEPTED IN 26 TRIES, (AVG 540593.7307692308)
[1, 4, 10, 23, 57, 132, 301, 701, 1636, 3886, 8927, 20350]...: 8101739: ACCEPTED IN 15 TRIES, (AVG 540115.9333333333)
[1, 4, 10, 23, 57, 132, 301, 701, 1636, 3886, 8927, 20380]...: 7560172: ACCEPTED IN 14 TRIES, (AVG 540012.2857142857)
[1, 4, 10, 23, 57, 132, 301, 701, 1636, 3886, 8927, 20412]...: 12430138: ACCEPTED IN 23 TRIES, (AVG 540440.7826086957)
[1, 4, 10, 23, 57, 132, 301, 701, 1636, 3886, 8927, 20417]...: 11889501: ACCEPTED IN 22 TRIES, (AVG 540431.8636363636)
[1, 4, 10, 23, 57, 132, 301, 701, 1636, 3886, 8927, 20433]...: 7020584: ACCEPTED IN 13 TRIES, (AVG 540044.9230769231)
[1, 4, 10, 23, 57, 132, 301, 701, 1636, 3886, 8927, 20447]...: 9725705: ACCEPTED IN 18 TRIES, (AVG 540316.9444444445)
[1, 4, 10, 23, 57, 132, 301, 701, 1636, 3886, 8927, 20448]...: 16760642: ACCEPTED IN 31 TRIES, (AVG 540665.8709677419)
[1, 4, 10, 23, 57, 132, 301, 701, 1636, 3886, 8927, 20449]...: 5937189: ACCEPTED IN 11 TRIES, (AVG 539744.4545454546)
[1, 4, 10, 23, 57, 132, 301, 701, 1636, 3886, 8927, 20479]...: 7020519: ACCEPTED IN 13 TRIES, (AVG 540039.9230769231)
[1, 4, 10, 23, 57, 132, 301, 701, 1636, 3886, 8927, 20482]...: 12972843: ACCEPTED IN 24 TRIES, (AVG 540535.125)
[1, 4, 10, 23, 57, 132, 301, 701, 1636, 3886, 8927, 20516]...: 13512620: ACCEPTED IN 25 TRIES, (AVG 540504.8)
[1, 4, 10, 23, 57, 132, 301, 701, 1636, 3886, 8927, 20549]...: 8101526: ACCEPTED IN 15 TRIES, (AVG 540101.7333333333)
[1, 4, 10, 23, 57, 132, 301, 701, 1636, 3886, 8927, 20580]...: 9724234: ACCEPTED IN 18 TRIES, (AVG 540235.2222222222)
[1, 4, 10, 23, 57, 132, 301, 701, 1636, 3886, 8927, 20581]...: 10267368: ACCEPTED IN 19 TRIES, (AVG 540387.7894736842)
[1, 4, 10, 23, 57, 132, 301, 701, 1636, 3886, 8927, 20614]...: 8102596: ACCEPTED IN 15 TRIES, (AVG 540173.0666666667)
[1, 4, 10, 23, 57, 132, 301, 701, 1636, 3886, 8927, 20648]...: 11891154: ACCEPTED IN 22 TRIES, (AVG 540507.0)
[1, 4, 10, 23, 57, 132, 301, 701, 1636, 3886, 8927, 20651]...: 10265644: ACCEPTED IN 19 TRIES, (AVG 540297.052631579)
[1, 4, 10, 23, 57, 132, 301, 701, 1636, 3886, 8927, 20681]...: 8101845: ACCEPTED IN 15 TRIES, (AVG 540123.0)
[1, 4, 10, 23, 57, 132, 301, 701, 1636, 3886, 8927, 20712]...: 13512341: ACCEPTED IN 25 TRIES, (AVG 540493.64)
[1, 4, 10, 23, 57, 132, 301, 701, 1636, 3886, 8927, 20713]...: 9724767: ACCEPTED IN 18 TRIES, (AVG 540264.8333333334)
[1, 4, 10, 23, 57, 132, 301, 701, 1636, 3886, 8927, 20750]...: 8644204: ACCEPTED IN 16 TRIES, (AVG 540262.75)
[1, 4, 10, 23, 57, 132, 301, 701, 1636, 3886, 8927, 20780]...: 9726442: ACCEPTED IN 18 TRIES, (AVG 540357.8888888889)
[1, 4, 10, 23, 57, 132, 301, 701, 1636, 3886, 8927, 20782]...: 9724408: ACCEPTED IN 18 TRIES, (AVG 540244.8888888889)
[1, 4, 10, 23, 57, 132, 301, 701, 1636, 3886, 8927, 20783]...: 9724610: ACCEPTED IN 18 TRIES, (AVG 540256.1111111111)
[1, 4, 10, 23, 57, 132, 301, 701, 1636, 3886, 8927, 20817]...: 13513286: ACCEPTED IN 25 TRIES, (AVG 540531.44)
[1, 4, 10, 23, 57, 132, 301, 701, 1636, 3886, 8927, 20881]...: 9722769: ACCEPTED IN 18 TRIES, (AVG 540153.8333333334)
[1, 4, 10, 23, 57, 132, 301, 701, 1636, 3886, 8927, 20882]...: 10808929: ACCEPTED IN 20 TRIES, (AVG 540446.45)
[1, 4, 10, 23, 57, 132, 301, 701, 1636, 3886, 8927, 20884]...: 9185231: ACCEPTED IN 17 TRIES, (AVG 540307.7058823529)
[1, 4, 10, 23, 57, 132, 301, 701, 1636, 3886, 8927, 20914]...: 6479672: ACCEPTED IN 12 TRIES, (AVG 539972.6666666666)
[1, 4, 10, 23, 57, 132, 301, 701, 1636, 3886, 8927, 20915]...: 14055542: ACCEPTED IN 26 TRIES, (AVG 540597.7692307692)
[1, 4, 10, 23, 57, 132, 301, 701, 1636, 3886, 8927, 20916]...: 7561288: ACCEPTED IN 14 TRIES, (AVG 540092.0)
[1, 4, 10, 23, 57, 132, 301, 701, 1636, 3886, 8927, 20949]...: 8102920: ACCEPTED IN 15 TRIES, (AVG 540194.6666666666)
[1, 4, 10, 23, 57, 132, 301, 701, 1636, 3886, 8927, 21013]...: 5396240: ACCEPTED IN 10 TRIES, (AVG 539624.0)
[1, 4, 10, 23, 57, 132, 301, 701, 1636, 3886, 8927, 21014]...: 9726282: ACCEPTED IN 18 TRIES, (AVG 540349.0)
[1, 4, 10, 23, 57, 132, 301, 701, 1636, 3886, 8927, 21016]...: 11890199: ACCEPTED IN 22 TRIES, (AVG 540463.5909090909)
[1, 4, 10, 23, 57, 132, 301, 701, 1636, 3886, 8927, 21048]...: 9725869: ACCEPTED IN 18 TRIES, (AVG 540326.0555555555)
[1, 4, 10, 23, 57, 132, 301, 701, 1636, 3886, 8927, 21051]...: 8643593: ACCEPTED IN 16 TRIES, (AVG 540224.5625)
[1, 4, 10, 23, 57, 132, 301, 701, 1636, 3886, 8927, 21081]...: 9725093: ACCEPTED IN 18 TRIES, (AVG 540282.9444444445)
[1, 4, 10, 23, 57, 132, 301, 701, 1636, 3886, 8927, 21083]...: 8644147: ACCEPTED IN 16 TRIES, (AVG 540259.1875)
[1, 4, 10, 23, 57, 132, 301, 701, 1636, 3886, 8927, 21118]...: 9725193: ACCEPTED IN 18 TRIES, (AVG 540288.5)
[1, 4, 10, 23, 57, 132, 301, 701, 1636, 3886, 8927, 21148]...: 12429114: ACCEPTED IN 23 TRIES, (AVG 540396.2608695652)
[1, 4, 10, 23, 57, 132, 301, 701, 1636, 3886, 8927, 21149]...: 11890074: ACCEPTED IN 22 TRIES, (AVG 540457.9090909091)
[1, 4, 10, 23, 57, 132, 301, 701, 1636, 3886, 8927, 21150]...: 11349453: ACCEPTED IN 21 TRIES, (AVG 540450.1428571428)
[1, 4, 10, 23, 57, 132, 301, 701, 1636, 3886, 8927, 21180]...: 9726492: ACCEPTED IN 18 TRIES, (AVG 540360.6666666666)
[1, 4, 10, 23, 57, 132, 301, 701, 1636, 3886, 8927, 21182]...: 9725368: ACCEPTED IN 18 TRIES, (AVG 540298.2222222222)
[1, 4, 10, 23, 57, 132, 301, 701, 1636, 3886, 8927, 21183]...: 12429374: ACCEPTED IN 23 TRIES, (AVG 540407.5652173914)
[1, 4, 10, 23, 57, 132, 301, 701, 1636, 3886, 8927, 21215]...: 8101978: ACCEPTED IN 15 TRIES, (AVG 540131.8666666667)
[1, 4, 10, 23, 57, 132, 301, 701, 1636, 3886, 8927, 21217]...: 13512669: ACCEPTED IN 25 TRIES, (AVG 540506.76)
[1, 4, 10, 23, 57, 132, 301, 701, 1636, 3886, 8927, 21250]...: 10265981: ACCEPTED IN 19 TRIES, (AVG 540314.7894736842)
[1, 4, 10, 23, 57, 132, 301, 701, 1636, 3886, 8927, 21282]...: 11890575: ACCEPTED IN 22 TRIES, (AVG 540480.6818181818)
[1, 4, 10, 23, 57, 132, 301, 701, 1636, 3886, 8927, 21314]...: 8643426: ACCEPTED IN 16 TRIES, (AVG 540214.125)
[1, 4, 10, 23, 57, 132, 301, 701, 1636, 3886, 8927, 21315]...: 8102784: ACCEPTED IN 15 TRIES, (AVG 540185.6)
[1, 4, 10, 23, 57, 132, 301, 701, 1636, 3886, 8927, 21349]...: 7020491: ACCEPTED IN 13 TRIES, (AVG 540037.7692307692)
[1, 4, 10, 23, 57, 132, 301, 701, 1636, 3886, 8927, 21352]...: 4855922: ACCEPTED IN 9 TRIES, (AVG 539546.8888888889)
[1, 4, 10, 23, 57, 132, 301, 701, 1636, 3886, 8927, 21382]...: 12431874: ACCEPTED IN 23 TRIES, (AVG 540516.2608695652)
[1, 4, 10, 23, 57, 132, 301, 701, 1636, 3886, 8927, 21384]...: 4855556: ACCEPTED IN 9 TRIES, (AVG 539506.2222222222)
[1, 4, 10, 23, 57, 132, 301, 701, 1636, 3886, 8927, 21414]...: 11349040: ACCEPTED IN 21 TRIES, (AVG 540430.4761904762)
