[1, 4, 10, 23, 57, 132, 301, 701, 1636, 3886, 8949, 19813]...: 1616699: ACCEPTED IN 3 TRIES, (AVG 538899.6666666666)
[1, 4, 10, 23, 57, 132, 301, 701, 1636, 3886, 8949, 19851]...: 1615295: ACCEPTED IN 3 TRIES, (AVG 538431.6666666666)
[1, 4, 10, 23, 57, 132, 301, 701, 1636, 3886, 8949, 19953]...: 2695434: ACCEPTED IN 5 TRIES, (AVG 539086.8)
[1, 4, 10, 23, 57, 132, 301, 701, 1636, 3886, 8949, 19982]...: 1616413: ACCEPTED IN 3 TRIES, (AVG 538804.3333333334)
[1, 4, 10, 23, 57, 132, 301, 701, 1636, 3886, 8949, 20013]...: 1614810: ACCEPTED IN 3 TRIES, (AVG 538270.0)
[1, 4, 10, 23, 57, 132, 301, 701, 1636, 3886, 8949, 20025]...: 1615147: ACCEPTED IN 3 TRIES, (AVG 538382.3333333334)
[1, 4, 10, 23, 57, 132, 301, 701, 1636, 3886, 8949, 20255]...: 1616047: ACCEPTED IN 3 TRIES, (AVG 538682.3333333334)
[1, 4, 10, 23, 57, 132, 301, 701, 1636, 3886, 8949, 20291]...: 1076659: ACCEPTED IN 2 TRIES, (AVG 538329.5)
[1, 4, 10, 23, 57, 132, 301, 701, 1636, 3886, 8949, 20348]...: 2155783: ACCEPTED IN 4 TRIES, (AVG 538945.75)
[1, 4, 10, 23, 57, 132, 301, 701, 1636, 3886, 8949, 20350]...: 3235386: ACCEPTED IN 6 TRIES, (AVG 539231.0)
[1, 4, 10, 23, 57, 132, 301, 701, 1636, 3886, 8949, 20351]...: 3234210: ACCEPTED IN 6 TRIES, (AVG 539035.0)
[1, 4, 10, 23, 57, 132, 301, 701, 1636, 3886, 8949, 20358]...: 1616584: ACCEPTED IN 3 TRIES, (AVG 538861.3333333334)
[1, 4, 10, 23, 57, 132, 301, 701, 1636, 3886, 8949, 20449]...: 1615403: ACCEPTED IN 3 TRIES, (AVG 538467.6666666666)
[1, 4, 10, 23, 57, 132, 301, 701, 1636, 3886, 8949, 20456]...: 3235159: ACCEPTED IN 6 TRIES, (AVG 539193.1666666666)
[1, 4, 10, 23, 57, 132, 301, 701, 1636, 3886, 8949, 20490]...: 1076486: ACCEPTED IN 2 TRIES, (AVG 538243.0)
[1, 4, 10, 23, 57, 132, 301, 701, 1636, 3886, 8949, 20552]...: 1616286: ACCEPTED IN 3 TRIES, (AVG 538762.0)
[1, 4, 10, 23, 57, 132, 301, 701, 1636, 3886, 8949, 20584]...: 1614778: ACCEPTED IN 3 TRIES, (AVG 538259.3333333334)
[1, 4, 10, 23, 57, 132, 301, 701, 1636, 3886, 8949, 20585]...: 1616485: ACCEPTED IN 3 TRIES, (AVG 538828.3333333334)
[1, 4, 10, 23, 57, 132, 301, 701, 1636, 3886, 8949, 20617]...: 1615527: ACCEPTED IN 3 TRIES, (AVG 538509.0)
[1, 4, 10, 23, 57, 132, 301, 701, 1636, 3886, 8949, 20655]...: 1616074: ACCEPTED IN 3 TRIES, (AVG 538691.3333333334)
[1, 4, 10, 23, 57, 132, 301, 701, 1636, 3886, 8949, 20686]...: 1615455: ACCEPTED IN 3 TRIES, (AVG 538485.0)
[1, 4, 10, 23, 57, 132, 301, 701, 1636, 3886, 8949, 20695]...: 1616396: ACCEPTED IN 3 TRIES, (AVG 538798.6666666666)
[1, 4, 10, 23, 57, 132, 301, 701, 1636, 3886, 8949, 20822]...: 2155661: ACCEPTED IN 4 TRIES, (AVG 538915.25)
[1, 4, 10, 23, 57, 132, 301, 701, 1636, 3886, 8949, 20827]...: 1077073: ACCEPTED IN 2 TRIES, (AVG 538536.5)
[1, 4, 10, 23, 57, 132, 301, 701, 1636, 3886, 8949, 20883]...: 1615959: ACCEPTED IN 3 TRIES, (AVG 538653.0)
[1, 4, 10, 23, 57, 132, 301, 701, 1636, 3886, 8949, 20888]...: 1615282: ACCEPTED IN 3 TRIES, (AVG 538427.3333333334)
[1, 4, 10, 23, 57, 132, 301, 701, 1636, 3886, 8949, 20919]...: 1616491: ACCEPTED IN 3 TRIES, (AVG 538830.3333333334)
[1, 4, 10, 23, 57, 132, 301, 701, 1636, 3886, 8949, 20948]...: 1616218: ACCEPTED IN 3 TRIES, (AVG 538739.3333333334)
[1, 4, 10, 23, 57, 132, 301, 701, 1636, 3886, 8949, 20960]...: 1077099: ACCEPTED IN 2 TRIES, (AVG 538549.5)
[1, 4, 10, 23, 57, 132, 301, 701, 1636, 3886, 8949, 20982]...: 1076608: ACCEPTED IN 2 TRIES, (AVG 538304.0)
[1, 4, 10, 23, 57, 132, 301, 701, 1636, 3886, 8949, 20984]...: 1615761: ACCEPTED IN 3 TRIES, (AVG 538587.0)
[1, 4, 10, 23, 57, 132, 301, 701, 1636, 3886, 8949, 20985]...: 1076377: ACCEPTED IN 2 TRIES, (AVG 538188.5)
[1, 4, 10, 23, 57, 132, 301, 701, 1636, 3886, 8949, 20989]...: 1076913: ACCEPTED IN 2 TRIES, (AVG 538456.5)
[1, 4, 10, 23, 57, 132, 301, 701, 1636, 3886, 8949, 21015]...: 1615825: ACCEPTED IN 3 TRIES, (AVG 538608.3333333334)
[1, 4, 10, 23, 57, 132, 301, 701, 1636, 3886, 8949, 21016]...: 1615917: ACCEPTED IN 3 TRIES, (AVG 538639.0)
[1, 4, 10, 23, 57, 132, 301, 701, 1636, 3886, 8949, 21020]...: 1076219: ACCEPTED IN 2 TRIES, (AVG 538109.5)
[1, 4, 10, 23, 57, 132, 301, 701, 1636, 3886, 8949, 21048]...: 1615945: ACCEPTED IN 3 TRIES, (AVG 538648.3333333334)
[1, 4, 10, 23, 57, 132, 301, 701, 1636, 3886, 8949, 21049]...: 1076717: ACCEPTED IN 2 TRIES, (AVG 538358.5)
[1, 4, 10, 23, 57, 132, 301, 701, 1636, 3886, 8949, 21055]...: 1616243: ACCEPTED IN 3 TRIES, (AVG 538747.6666666666)
[1, 4, 10, 23, 57, 132, 301, 701, 1636, 3886, 8949, 21087]...: 3774944: ACCEPTED IN 7 TRIES, (AVG 539277.7142857143)
[1, 4, 10, 23, 57, 132, 301, 701, 1636, 3886, 8949, 21092]...: 1615321: ACCEPTED IN 3 TRIES, (AVG 538440.3333333334)
[1, 4, 10, 23, 57, 132, 301, 701, 1636, 3886, 8949, 21119]...: 1075300: ACCEPTED IN 2 TRIES, (AVG 537650.0)
[1, 4, 10, 23, 57, 132, 301, 701, 1636, 3886, 8949, 21151]...: 1075056: ACCEPTED IN 2 TRIES, (AVG 537528.0)
[1, 4, 10, 23, 57, 132, 301, 701, 1636, 3886, 8949, 21159]...: 1616091: ACCEPTED IN 3 TRIES, (AVG 538697.0)
[1, 4, 10, 23, 57, 132, 301, 701, 1636, 3886, 8949, 21183]...: 1615952: ACCEPTED IN 3 TRIES, (AVG 538650.6666666666)
[1, 4, 10, 23, 57, 132, 301, 701, 1636, 3886, 8949, 21190]...: 1616337: ACCEPTED IN 3 TRIES, (AVG 538779.0)
[1, 4, 10, 23, 57, 132, 301, 701, 1636, 3886, 8949, 21215]...: 1616628: ACCEPTED IN 3 TRIES, (AVG 538876.0)
[1, 4, 10, 23, 57, 132, 301, 701, 1636, 3886, 8949, 21248]...: 3234615: ACCEPTED IN 6 TRIES, (AVG 539102.5)
[1, 4, 10, 23, 57, 132, 301, 701, 1636, 3886, 8949, 21253]...: 2155271: ACCEPTED IN 4 TRIES, (AVG 538817.75)
[1, 4, 10, 23, 57, 132, 301, 701, 1636, 3886, 8949, 21317]...: 1616290: ACCEPTED IN 3 TRIES, (AVG 538763.3333333334)
[1, 4, 10, 23, 57, 132, 301, 701, 1636, 3886, 8949, 21354]...: 1616457: ACCEPTED IN 3 TRIES, (AVG 538819.0)
[1, 4, 10, 23, 57, 132, 301, 701, 1636, 3886, 8949, 21358]...: 1077142: ACCEPTED IN 2 TRIES, (AVG 538571.0)
[1, 4, 10, 23, 57, 132, 301, 701, 1636, 3886, 8949, 21389]...: 2156037: ACCEPTED IN 4 TRIES, (AVG 539009.25)
[1, 4, 10, 23, 57, 132, 301, 701, 1636, 3886, 8949, 21392]...: 1616049: ACCEPTED IN 3 TRIES, (AVG 538683.0)
[1, 4, 10, 23, 57, 132, 301, 701, 1636, 3886, 8949, 21416]...: 8630147: ACCEPTED IN 16 TRIES, (AVG 539384.1875)
[1, 4, 10, 23, 57, 132, 301, 701, 1636, 3886, 8949, 21418]...: 3235296: ACCEPTED IN 6 TRIES, (AVG 539216.0)
[1, 4, 10, 23, 57, 132, 301, 701, 1636, 3886, 8949, 21420]...: 1616556: ACCEPTED IN 3 TRIES, (AVG 538852.0)
[1, 4, 10, 23, 57, 132, 301, 701, 1636, 3886, 8949, 21453]...: 1616610: ACCEPTED IN 3 TRIES, (AVG 538870.0)
[1, 4, 10, 23, 57, 132, 301, 701, 1636, 3886, 8949, 21455]...: 1075049: ACCEPTED IN 2 TRIES, (AVG 537524.5)
[1, 4, 10, 23, 57, 132, 301, 701, 1636, 3886, 8949, 21457]...: 1075898: ACCEPTED IN 2 TRIES, (AVG 537949.0)
[1, 4, 10, 23, 57, 132, 301, 701, 1636, 3886, 8949, 21459]...: 1077062: ACCEPTED IN 2 TRIES, (AVG 538531.0)
