[1, 4, 10, 23, 57, 132, 301, 701, 1654, 3800, 8931, 19680]...: 10267039: ACCEPTED IN 19 TRIES, (AVG 540370.4736842106)
[1, 4, 10, 23, 57, 132, 301, 701, 1654, 3800, 8931, 19692]...: 20548457: ACCEPTED IN 38 TRIES, (AVG 540748.8684210526)
[1, 4, 10, 23, 57, 132, 301, 701, 1654, 3800, 8931, 19717]...: 8101943: ACCEPTED IN 15 TRIES, (AVG 540129.5333333333)
[1, 4, 10, 23, 57, 132, 301, 701, 1654, 3800, 8931, 19721]...: 36783354: ACCEPTED IN 68 TRIES, (AVG 540931.6764705882)
[1, 4, 10, 23, 57, 132, 301, 701, 1654, 3800, 8931, 19725]...: 29748601: ACCEPTED IN 55 TRIES, (AVG 540883.6545454545)
[1, 4, 10, 23, 57, 132, 301, 701, 1654, 3800, 8931, 19754]...: 4855346: ACCEPTED IN 9 TRIES, (AVG 539482.8888888889)
[1, 4, 10, 23, 57, 132, 301, 701, 1654, 3800, 8931, 19758]...: 28123769: ACCEPTED IN 52 TRIES, (AVG 540841.7115384615)
[1, 4, 10, 23, 57, 132, 301, 701, 1654, 3800, 8931, 19795]...: 35700067: ACCEPTED IN 66 TRIES, (AVG 540910.1060606061)
[1, 4, 10, 23, 57, 132, 301, 701, 1654, 3800, 8931, 19812]...: 33536335: ACCEPTED IN 62 TRIES, (AVG 540908.6290322581)
[1, 4, 10, 23, 57, 132, 301, 701, 1654, 3800, 8931, 19824]...: 36780282: ACCEPTED IN 68 TRIES, (AVG 540886.5)
[1, 4, 10, 23, 57, 132, 301, 701, 1654, 3800, 8931, 19849]...: 16218329: ACCEPTED IN 30 TRIES, (AVG 540610.9666666667)
[1, 4, 10, 23, 57, 132, 301, 701, 1654, 3800, 8931, 19853]...: 11889555: ACCEPTED IN 22 TRIES, (AVG 540434.3181818182)
[1, 4, 10, 23, 57, 132, 301, 701, 1654, 3800, 8931, 19886]...: 5937736: ACCEPTED IN 11 TRIES, (AVG 539794.1818181818)
[1, 4, 10, 23, 57, 132, 301, 701, 1654, 3800, 8931, 19890]...: 11888835: ACCEPTED IN 22 TRIES, (AVG 540401.5909090909)
[1, 4, 10, 23, 57, 132, 301, 701, 1654, 3800, 8931, 19894]...: 25418318: ACCEPTED IN 47 TRIES, (AVG 540815.2765957447)
[1, 4, 10, 23, 57, 132, 301, 701, 1654, 3800, 8931, 19927]...: 11890894: ACCEPTED IN 22 TRIES, (AVG 540495.1818181818)
[1, 4, 10, 23, 57, 132, 301, 701, 1654, 3800, 8931, 19944]...: 16219628: ACCEPTED IN 30 TRIES, (AVG 540654.2666666667)
[1, 4, 10, 23, 57, 132, 301, 701, 1654, 3800, 8931, 19981]...: 15136620: ACCEPTED IN 28 TRIES, (AVG 540593.5714285715)
[1, 4, 10, 23, 57, 132, 301, 701, 1654, 3800, 8931, 19985]...: 27042620: ACCEPTED IN 50 TRIES, (AVG 540852.4)
[1, 4, 10, 23, 57, 132, 301, 701, 1654, 3800, 8931, 19993]...: 10808849: ACCEPTED IN 20 TRIES, (AVG 540442.45)
[1, 4, 10, 23, 57, 132, 301, 701, 1654, 3800, 8931, 20018]...: 11890897: ACCEPTED IN 22 TRIES, (AVG 540495.3181818182)
[1, 4, 10, 23, 57, 132, 301, 701, 1654, 3800, 8931, 20022]...: 7560151: ACCEPTED IN 14 TRIES, (AVG 540010.7857142857)
[1, 4, 10, 23, 57, 132, 301, 701, 1654, 3800, 8931, 20026]...: 29748525: ACCEPTED IN 55 TRIES, (AVG 540882.2727272727)
[1, 4, 10, 23, 57, 132, 301, 701, 1654, 3800, 8931, 20055]...: 5937493: ACCEPTED IN 11 TRIES, (AVG 539772.0909090909)
[1, 4, 10, 23, 57, 132, 301, 701, 1654, 3800, 8931, 20059]...: 24874522: ACCEPTED IN 46 TRIES, (AVG 540750.4782608695)
[1, 4, 10, 23, 57, 132, 301, 701, 1654, 3800, 8931, 20076]...: 17301179: ACCEPTED IN 32 TRIES, (AVG 540661.84375)
[1, 4, 10, 23, 57, 132, 301, 701, 1654, 3800, 8931, 20096]...: 15136632: ACCEPTED IN 28 TRIES, (AVG 540594.0)
[1, 4, 10, 23, 57, 132, 301, 701, 1654, 3800, 8931, 20113]...: 11348858: ACCEPTED IN 21 TRIES, (AVG 540421.8095238095)
[1, 4, 10, 23, 57, 132, 301, 701, 1654, 3800, 8931, 20117]...: 11889106: ACCEPTED IN 22 TRIES, (AVG 540413.9090909091)
[1, 4, 10, 23, 57, 132, 301, 701, 1654, 3800, 8931, 20125]...: 14055576: ACCEPTED IN 26 TRIES, (AVG 540599.0769230769)
[1, 4, 10, 23, 57, 132, 301, 701, 1654, 3800, 8931, 20145]...: 12431855: ACCEPTED IN 23 TRIES, (AVG 540515.4347826086)
[1, 4, 10, 23, 57, 132, 301, 701, 1654, 3800, 8931, 20150]...: 9725807: ACCEPTED IN 18 TRIES, (AVG 540322.6111111111)
[1, 4, 10, 23, 57, 132, 301, 701, 1654, 3800, 8931, 20154]...: 10808146: ACCEPTED IN 20 TRIES, (AVG 540407.3)
[1, 4, 10, 23, 57, 132, 301, 701, 1654, 3800, 8931, 20158]...: 11890583: ACCEPTED IN 22 TRIES, (AVG 540481.0454545454)
[1, 4, 10, 23, 57, 132, 301, 701, 1654, 3800, 8931, 20187]...: 7561018: ACCEPTED IN 14 TRIES, (AVG 540072.7142857143)
[1, 4, 10, 23, 57, 132, 301, 701, 1654, 3800, 8931, 20191]...: 9725693: ACCEPTED IN 18 TRIES, (AVG 540316.2777777778)
[1, 4, 10, 23, 57, 132, 301, 701, 1654, 3800, 8931, 20195]...: 11349105: ACCEPTED IN 21 TRIES, (AVG 540433.5714285715)
[1, 4, 10, 23, 57, 132, 301, 701, 1654, 3800, 8931, 20228]...: 8103223: ACCEPTED IN 15 TRIES, (AVG 540214.8666666667)
[1, 4, 10, 23, 57, 132, 301, 701, 1654, 3800, 8931, 20245]...: 9725782: ACCEPTED IN 18 TRIES, (AVG 540321.2222222222)
[1, 4, 10, 23, 57, 132, 301, 701, 1654, 3800, 8931, 20249]...: 11887795: ACCEPTED IN 22 TRIES, (AVG 540354.3181818182)
[1, 4, 10, 23, 57, 132, 301, 701, 1654, 3800, 8931, 20277]...: 15677288: ACCEPTED IN 29 TRIES, (AVG 540596.1379310344)
[1, 4, 10, 23, 57, 132, 301, 701, 1654, 3800, 8931, 20282]...: 11890160: ACCEPTED IN 22 TRIES, (AVG 540461.8181818182)
[1, 4, 10, 23, 57, 132, 301, 701, 1654, 3800, 8931, 20286]...: 11349017: ACCEPTED IN 21 TRIES, (AVG 540429.380952381)
[1, 4, 10, 23, 57, 132, 301, 701, 1654, 3800, 8931, 20290]...: 5937057: ACCEPTED IN 11 TRIES, (AVG 539732.4545454546)
[1, 4, 10, 23, 57, 132, 301, 701, 1654, 3800, 8931, 20294]...: 8643873: ACCEPTED IN 16 TRIES, (AVG 540242.0625)
[1, 4, 10, 23, 57, 132, 301, 701, 1654, 3800, 8931, 20319]...: 22169964: ACCEPTED IN 41 TRIES, (AVG 540730.8292682926)
[1, 4, 10, 23, 57, 132, 301, 701, 1654, 3800, 8931, 20323]...: 11891051: ACCEPTED IN 22 TRIES, (AVG 540502.3181818182)
[1, 4, 10, 23, 57, 132, 301, 701, 1654, 3800, 8931, 20327]...: 12971345: ACCEPTED IN 24 TRIES, (AVG 540472.7083333334)
[1, 4, 10, 23, 57, 132, 301, 701, 1654, 3800, 8931, 20356]...: 9726566: ACCEPTED IN 18 TRIES, (AVG 540364.7777777778)
[1, 4, 10, 23, 57, 132, 301, 701, 1654, 3800, 8931, 20360]...: 11348179: ACCEPTED IN 21 TRIES, (AVG 540389.4761904762)
[1, 4, 10, 23, 57, 132, 301, 701, 1654, 3800, 8931, 20377]...: 5397184: ACCEPTED IN 10 TRIES, (AVG 539718.4)
[1, 4, 10, 23, 57, 132, 301, 701, 1654, 3800, 8931, 20381]...: 10808332: ACCEPTED IN 20 TRIES, (AVG 540416.6)
[1, 4, 10, 23, 57, 132, 301, 701, 1654, 3800, 8931, 20397]...: 9726502: ACCEPTED IN 18 TRIES, (AVG 540361.2222222222)
[1, 4, 10, 23, 57, 132, 301, 701, 1654, 3800, 8931, 20409]...: 21631196: ACCEPTED IN 40 TRIES, (AVG 540779.9)
[1, 4, 10, 23, 57, 132, 301, 701, 1654, 3800, 8931, 20414]...: 16218767: ACCEPTED IN 30 TRIES, (AVG 540625.5666666667)
[1, 4, 10, 23, 57, 132, 301, 701, 1654, 3800, 8931, 20418]...: 4856416: ACCEPTED IN 9 TRIES, (AVG 539601.7777777778)
[1, 4, 10, 23, 57, 132, 301, 701, 1654, 3800, 8931, 20422]...: 11348924: ACCEPTED IN 21 TRIES, (AVG 540424.9523809524)
[1, 4, 10, 23, 57, 132, 301, 701, 1654, 3800, 8931, 20426]...: 14054420: ACCEPTED IN 26 TRIES, (AVG 540554.6153846154)
[1, 4, 10, 23, 57, 132, 301, 701, 1654, 3800, 8931, 20451]...: 9724353: ACCEPTED IN 18 TRIES, (AVG 540241.8333333334)
[1, 4, 10, 23, 57, 132, 301, 701, 1654, 3800, 8931, 20455]...: 11349267: ACCEPTED IN 21 TRIES, (AVG 540441.2857142857)
[1, 4, 10, 23, 57, 132, 301, 701, 1654, 3800, 8931, 20459]...: 5936354: ACCEPTED IN 11 TRIES, (AVG 539668.5454545454)
[1, 4, 10, 23, 57, 132, 301, 701, 1654, 3800, 8931, 20488]...: 7559091: ACCEPTED IN 14 TRIES, (AVG 539935.0714285715)
[1, 4, 10, 23, 57, 132, 301, 701, 1654, 3800, 8931, 20492]...: 16761349: ACCEPTED IN 31 TRIES, (AVG 540688.6774193548)
[1, 4, 10, 23, 57, 132, 301, 701, 1654, 3800, 8931, 20496]...: 12972787: ACCEPTED IN 24 TRIES, (AVG 540532.7916666666)
[1, 4, 10, 23, 57, 132, 301, 701, 1654, 3800, 8931, 20513]...: 15676210: ACCEPTED IN 29 TRIES, (AVG 540558.9655172414)
[1, 4, 10, 23, 57, 132, 301, 701, 1654, 3800, 8931, 20529]...: 14055221: ACCEPTED IN 26 TRIES, (AVG 540585.4230769231)
[1, 4, 10, 23, 57, 132, 301, 701, 1654, 3800, 8931, 20541]...: 12971750: ACCEPTED IN 24 TRIES, (AVG 540489.5833333334)
[1, 4, 10, 23, 57, 132, 301, 701, 1654, 3800, 8931, 20546]...: 11890691: ACCEPTED IN 22 TRIES, (AVG 540485.9545454546)
[1, 4, 10, 23, 57, 132, 301, 701, 1654, 3800, 8931, 20550]...: 10808869: ACCEPTED IN 20 TRIES, (AVG 540443.45)
[1, 4, 10, 23, 57, 132, 301, 701, 1654, 3800, 8931, 20554]...: 9184194: ACCEPTED IN 17 TRIES, (AVG 540246.7058823529)
[1, 4, 10, 23, 57, 132, 301, 701, 1654, 3800, 8931, 20583]...: 15678176: ACCEPTED IN 29 TRIES, (AVG 540626.7586206896)
[1, 4, 10, 23, 57, 132, 301, 701, 1654, 3800, 8931, 20587]...: 9184536: ACCEPTED IN 17 TRIES, (AVG 540266.8235294118)
[1, 4, 10, 23, 57, 132, 301, 701, 1654, 3800, 8931, 20591]...: 11346401: ACCEPTED IN 21 TRIES, (AVG 540304.8095238095)
[1, 4, 10, 23, 57, 132, 301, 701, 1654, 3800, 8931, 20595]...: 16218593: ACCEPTED IN 30 TRIES, (AVG 540619.7666666667)
[1, 4, 10, 23, 57, 132, 301, 701, 1654, 3800, 8931, 20620]...: 8643362: ACCEPTED IN 16 TRIES, (AVG 540210.125)
[1, 4, 10, 23, 57, 132, 301, 701, 1654, 3800, 8931, 20624]...: 9723210: ACCEPTED IN 18 TRIES, (AVG 540178.3333333334)
[1, 4, 10, 23, 57, 132, 301, 701, 1654, 3800, 8931, 20628]...: 9185165: ACCEPTED IN 17 TRIES, (AVG 540303.8235294118)
[1, 4, 10, 23, 57, 132, 301, 701, 1654, 3800, 8931, 20645]...: 9183589: ACCEPTED IN 17 TRIES, (AVG 540211.1176470588)
[1, 4, 10, 23, 57, 132, 301, 701, 1654, 3800, 8931, 20661]...: 9726518: ACCEPTED IN 18 TRIES, (AVG 540362.1111111111)
[1, 4, 10, 23, 57, 132, 301, 701, 1654, 3800, 8931, 20678]...: 11889555: ACCEPTED IN 22 TRIES, (AVG 540434.3181818182)
[1, 4, 10, 23, 57, 132, 301, 701, 1654, 3800, 8931, 20682]...: 11349110: ACCEPTED IN 21 TRIES, (AVG 540433.8095238095)
[1, 4, 10, 23, 57, 132, 301, 701, 1654, 3800, 8931, 20686]...: 8102394: ACCEPTED IN 15 TRIES, (AVG 540159.6)
[1, 4, 10, 23, 57, 132, 301, 701, 1654, 3800, 8931, 20715]...: 11349458: ACCEPTED IN 21 TRIES, (AVG 540450.380952381)
[1, 4, 10, 23, 57, 132, 301, 701, 1654, 3800, 8931, 20719]...: 11349987: ACCEPTED IN 21 TRIES, (AVG 540475.5714285715)
[1, 4, 10, 23, 57, 132, 301, 701, 1654, 3800, 8931, 20723]...: 12427986: ACCEPTED IN 23 TRIES, (AVG 540347.2173913043)
[1, 4, 10, 23, 57, 132, 301, 701, 1654, 3800, 8931, 20727]...: 13512541: ACCEPTED IN 25 TRIES, (AVG 540501.64)
[1, 4, 10, 23, 57, 132, 301, 701, 1654, 3800, 8931, 20752]...: 11348235: ACCEPTED IN 21 TRIES, (AVG 540392.1428571428)
[1, 4, 10, 23, 57, 132, 301, 701, 1654, 3800, 8931, 20756]...: 7561314: ACCEPTED IN 14 TRIES, (AVG 540093.8571428572)
[1, 4, 10, 23, 57, 132, 301, 701, 1654, 3800, 8931, 20760]...: 10266364: ACCEPTED IN 19 TRIES, (AVG 540334.947368421)
[1, 4, 10, 23, 57, 132, 301, 701, 1654, 3800, 8931, 20777]...: 13512262: ACCEPTED IN 25 TRIES, (AVG 540490.48)
[1, 4, 10, 23, 57, 132, 301, 701, 1654, 3800, 8931, 20793]...: 10808205: ACCEPTED IN 20 TRIES, (AVG 540410.25)
[1, 4, 10, 23, 57, 132, 301, 701, 1654, 3800, 8931, 20797]...: 10805084: ACCEPTED IN 20 TRIES, (AVG 540254.2)
[1, 4, 10, 23, 57, 132, 301, 701, 1654, 3800, 8931, 20806]...: 12973317: ACCEPTED IN 24 TRIES, (AVG 540554.875)
[1, 4, 10, 23, 57, 132, 301, 701, 1654, 3800, 8931, 20814]...: 25418085: ACCEPTED IN 47 TRIES, (AVG 540810.3191489362)
[1, 4, 10, 23, 57, 132, 301, 701, 1654, 3800, 8931, 20818]...: 9726478: ACCEPTED IN 18 TRIES, (AVG 540359.8888888889)
[1, 4, 10, 23, 57, 132, 301, 701, 1654, 3800, 8931, 20847]...: 11890389: ACCEPTED IN 22 TRIES, (AVG 540472.2272727273)
[1, 4, 10, 23, 57, 132, 301, 701, 1654, 3800, 8931, 20851]...: 12431793: ACCEPTED IN 23 TRIES, (AVG 540512.7391304348)
[1, 4, 10, 23, 57, 132, 301, 701, 1654, 3800, 8931, 20855]...: 4855114: ACCEPTED IN 9 TRIES, (AVG 539457.1111111111)
[1, 4, 10, 23, 57, 132, 301, 701, 1654, 3800, 8931, 20859]...: 8101284: ACCEPTED IN 15 TRIES, (AVG 540085.6)
[1, 4, 10, 23, 57, 132, 301, 701, 1654, 3800, 8931, 20884]...: 8642765: ACCEPTED IN 16 TRIES, (AVG 540172.8125)
[1, 4, 10, 23, 57, 132, 301, 701, 1654, 3800, 8931, 20888]...: 6479718: ACCEPTED IN 12 TRIES, (AVG 539976.5)
[1, 4, 10, 23, 57, 132, 301, 701, 1654, 3800, 8931, 20892]...: 9725530: ACCEPTED IN 18 TRIES, (AVG 540307.2222222222)
[1, 4, 10, 23, 57, 132, 301, 701, 1654, 3800, 8931, 20896]...: 15136055: ACCEPTED IN 28 TRIES, (AVG 540573.3928571428)
[1, 4, 10, 23, 57, 132, 301, 701, 1654, 3800, 8931, 20921]...: 12972379: ACCEPTED IN 24 TRIES, (AVG 540515.7916666666)
[1, 4, 10, 23, 57, 132, 301, 701, 1654, 3800, 8931, 20925]...: 12430314: ACCEPTED IN 23 TRIES, (AVG 540448.4347826086)
[1, 4, 10, 23, 57, 132, 301, 701, 1654, 3800, 8931, 20929]...: 12430974: ACCEPTED IN 23 TRIES, (AVG 540477.1304347826)
[1, 4, 10, 23, 57, 132, 301, 701, 1654, 3800, 8931, 20938]...: 8103210: ACCEPTED IN 15 TRIES, (AVG 540214.0)
[1, 4, 10, 23, 57, 132, 301, 701, 1654, 3800, 8931, 20946]...: 9726060: ACCEPTED IN 18 TRIES, (AVG 540336.6666666666)
[1, 4, 10, 23, 57, 132, 301, 701, 1654, 3800, 8931, 20950]...: 5937831: ACCEPTED IN 11 TRIES, (AVG 539802.8181818182)
[1, 4, 10, 23, 57, 132, 301, 701, 1654, 3800, 8931, 20979]...: 6479676: ACCEPTED IN 12 TRIES, (AVG 539973.0)
[1, 4, 10, 23, 57, 132, 301, 701, 1654, 3800, 8931, 20983]...: 4856212: ACCEPTED IN 9 TRIES, (AVG 539579.1111111111)
[1, 4, 10, 23, 57, 132, 301, 701, 1654, 3800, 8931, 20987]...: 15134537: ACCEPTED IN 28 TRIES, (AVG 540519.1785714285)
[1, 4, 10, 23, 57, 132, 301, 701, 1654, 3800, 8931, 20991]...: 11890367: ACCEPTED IN 22 TRIES, (AVG 540471.2272727273)
[1, 4, 10, 23, 57, 132, 301, 701, 1654, 3800, 8931, 21016]...: 12429668: ACCEPTED IN 23 TRIES, (AVG 540420.3478260869)
[1, 4, 10, 23, 57, 132, 301, 701, 1654, 3800, 8931, 21020]...: 4856328: ACCEPTED IN 9 TRIES, (AVG 539592.0)
[1, 4, 10, 23, 57, 132, 301, 701, 1654, 3800, 8931, 21024]...: 8644395: ACCEPTED IN 16 TRIES, (AVG 540274.6875)
[1, 4, 10, 23, 57, 132, 301, 701, 1654, 3800, 8931, 21028]...: 10808885: ACCEPTED IN 20 TRIES, (AVG 540444.25)
[1, 4, 10, 23, 57, 132, 301, 701, 1654, 3800, 8931, 21053]...: 5938714: ACCEPTED IN 11 TRIES, (AVG 539883.0909090909)
[1, 4, 10, 23, 57, 132, 301, 701, 1654, 3800, 8931, 21057]...: 8103116: ACCEPTED IN 15 TRIES, (AVG 540207.7333333333)
[1, 4, 10, 23, 57, 132, 301, 701, 1654, 3800, 8931, 21061]...: 8642678: ACCEPTED IN 16 TRIES, (AVG 540167.375)
[1, 4, 10, 23, 57, 132, 301, 701, 1654, 3800, 8931, 21070]...: 8102328: ACCEPTED IN 15 TRIES, (AVG 540155.2)
[1, 4, 10, 23, 57, 132, 301, 701, 1654, 3800, 8931, 21078]...: 9724449: ACCEPTED IN 18 TRIES, (AVG 540247.1666666666)
[1, 4, 10, 23, 57, 132, 301, 701, 1654, 3800, 8931, 21082]...: 8643898: ACCEPTED IN 16 TRIES, (AVG 540243.625)
[1, 4, 10, 23, 57, 132, 301, 701, 1654, 3800, 8931, 21098]...: 10808248: ACCEPTED IN 20 TRIES, (AVG 540412.4)
[1, 4, 10, 23, 57, 132, 301, 701, 1654, 3800, 8931, 21107]...: 4313493: ACCEPTED IN 8 TRIES, (AVG 539186.625)
[1, 4, 10, 23, 57, 132, 301, 701, 1654, 3800, 8931, 21111]...: 15137636: ACCEPTED IN 28 TRIES, (AVG 540629.8571428572)
[1, 4, 10, 23, 57, 132, 301, 701, 1654, 3800, 8931, 21115]...: 20008203: ACCEPTED IN 37 TRIES, (AVG 540762.2432432432)
[1, 4, 10, 23, 57, 132, 301, 701, 1654, 3800, 8931, 21119]...: 8643115: ACCEPTED IN 16 TRIES, (AVG 540194.6875)
[1, 4, 10, 23, 57, 132, 301, 701, 1654, 3800, 8931, 21148]...: 8644070: ACCEPTED IN 16 TRIES, (AVG 540254.375)
[1, 4, 10, 23, 57, 132, 301, 701, 1654, 3800, 8931, 21152]...: 8643893: ACCEPTED IN 16 TRIES, (AVG 540243.3125)
[1, 4, 10, 23, 57, 132, 301, 701, 1654, 3800, 8931, 21156]...: 7560514: ACCEPTED IN 14 TRIES, (AVG 540036.7142857143)
[1, 4, 10, 23, 57, 132, 301, 701, 1654, 3800, 8931, 21160]...: 11890825: ACCEPTED IN 22 TRIES, (AVG 540492.0454545454)
[1, 4, 10, 23, 57, 132, 301, 701, 1654, 3800, 8931, 21185]...: 12430186: ACCEPTED IN 23 TRIES, (AVG 540442.8695652174)
[1, 4, 10, 23, 57, 132, 301, 701, 1654, 3800, 8931, 21189]...: 11349813: ACCEPTED IN 21 TRIES, (AVG 540467.2857142857)
[1, 4, 10, 23, 57, 132, 301, 701, 1654, 3800, 8931, 21193]...: 11891156: ACCEPTED IN 22 TRIES, (AVG 540507.0909090909)
[1, 4, 10, 23, 57, 132, 301, 701, 1654, 3800, 8931, 21197]...: 8101154: ACCEPTED IN 15 TRIES, (AVG 540076.9333333333)
[1, 4, 10, 23, 57, 132, 301, 701, 1654, 3800, 8931, 21202]...: 15136896: ACCEPTED IN 28 TRIES, (AVG 540603.4285714285)
[1, 4, 10, 23, 57, 132, 301, 701, 1654, 3800, 8931, 21214]...: 12973237: ACCEPTED IN 24 TRIES, (AVG 540551.5416666666)
[1, 4, 10, 23, 57, 132, 301, 701, 1654, 3800, 8931, 21222]...: 16218563: ACCEPTED IN 30 TRIES, (AVG 540618.7666666667)
[1, 4, 10, 23, 57, 132, 301, 701, 1654, 3800, 8931, 21230]...: 10267499: ACCEPTED IN 19 TRIES, (AVG 540394.6842105263)
[1, 4, 10, 23, 57, 132, 301, 701, 1654, 3800, 8931, 21239]...: 9725992: ACCEPTED IN 18 TRIES, (AVG 540332.8888888889)
[1, 4, 10, 23, 57, 132, 301, 701, 1654, 3800, 8931, 21243]...: 3232525: ACCEPTED IN 6 TRIES, (AVG 538754.1666666666)
[1, 4, 10, 23, 57, 132, 301, 701, 1654, 3800, 8931, 21247]...: 9184246: ACCEPTED IN 17 TRIES, (AVG 540249.7647058824)
[1, 4, 10, 23, 57, 132, 301, 701, 1654, 3800, 8931, 21251]...: 11349622: ACCEPTED IN 21 TRIES, (AVG 540458.1904761905)
[1, 4, 10, 23, 57, 132, 301, 701, 1654, 3800, 8931, 21280]...: 7560242: ACCEPTED IN 14 TRIES, (AVG 540017.2857142857)
[1, 4, 10, 23, 57, 132, 301, 701, 1654, 3800, 8931, 21284]...: 12431610: ACCEPTED IN 23 TRIES, (AVG 540504.7826086957)
[1, 4, 10, 23, 57, 132, 301, 701, 1654, 3800, 8931, 21288]...: 8643710: ACCEPTED IN 16 TRIES, (AVG 540231.875)
[1, 4, 10, 23, 57, 132, 301, 701, 1654, 3800, 8931, 21292]...: 12431255: ACCEPTED IN 23 TRIES, (AVG 540489.3478260869)
[1, 4, 10, 23, 57, 132, 301, 701, 1654, 3800, 8931, 21317]...: 9184783: ACCEPTED IN 17 TRIES, (AVG 540281.3529411765)
[1, 4, 10, 23, 57, 132, 301, 701, 1654, 3800, 8931, 21321]...: 7020629: ACCEPTED IN 13 TRIES, (AVG 540048.3846153846)
[1, 4, 10, 23, 57, 132, 301, 701, 1654, 3800, 8931, 21325]...: 11347979: ACCEPTED IN 21 TRIES, (AVG 540379.9523809524)
[1, 4, 10, 23, 57, 132, 301, 701, 1654, 3800, 8931, 21329]...: 12432184: ACCEPTED IN 23 TRIES, (AVG 540529.7391304348)
[1, 4, 10, 23, 57, 132, 301, 701, 1654, 3800, 8931, 21334]...: 9184990: ACCEPTED IN 17 TRIES, (AVG 540293.5294117647)
[1, 4, 10, 23, 57, 132, 301, 701, 1654, 3800, 8931, 21346]...: 12972810: ACCEPTED IN 24 TRIES, (AVG 540533.75)
[1, 4, 10, 23, 57, 132, 301, 701, 1654, 3800, 8931, 21354]...: 14055638: ACCEPTED IN 26 TRIES, (AVG 540601.4615384615)
[1, 4, 10, 23, 57, 132, 301, 701, 1654, 3800, 8931, 21362]...: 10808467: ACCEPTED IN 20 TRIES, (AVG 540423.35)
[1, 4, 10, 23, 57, 132, 301, 701, 1654, 3800, 8931, 21371]...: 8101861: ACCEPTED IN 15 TRIES, (AVG 540124.0666666667)
[1, 4, 10, 23, 57, 132, 301, 701, 1654, 3800, 8931, 21375]...: 8101655: ACCEPTED IN 15 TRIES, (AVG 540110.3333333334)
[1, 4, 10, 23, 57, 132, 301, 701, 1654, 3800, 8931, 21379]...: 5937861: ACCEPTED IN 11 TRIES, (AVG 539805.5454545454)
[1, 4, 10, 23, 57, 132, 301, 701, 1654, 3800, 8931, 21383]...: 9183975: ACCEPTED IN 17 TRIES, (AVG 540233.8235294118)
[1, 4, 10, 23, 57, 132, 301, 701, 1654, 3800, 8931, 21408]...: 11888415: ACCEPTED IN 22 TRIES, (AVG 540382.5)
[1, 4, 10, 23, 57, 132, 301, 701, 1654, 3800, 8931, 21412]...: 11349041: ACCEPTED IN 21 TRIES, (AVG 540430.5238095238)
[1, 4, 10, 23, 57, 132, 301, 701, 1654, 3800, 8931, 21416]...: 15677983: ACCEPTED IN 29 TRIES, (AVG 540620.1034482758)
[1, 4, 10, 23, 57, 132, 301, 701, 1654, 3800, 8931, 21420]...: 11348294: ACCEPTED IN 21 TRIES, (AVG 540394.9523809524)
