[1, 4, 10, 23, 57, 132, 301, 701, 1654, 3800, 9093, 20019]...: 9725214: ACCEPTED IN 18 TRIES, (AVG 540289.6666666666)
[1, 4, 10, 23, 57, 132, 301, 701, 1654, 3800, 9093, 20089]...: 9725637: ACCEPTED IN 18 TRIES, (AVG 540313.1666666666)
[1, 4, 10, 23, 57, 132, 301, 701, 1654, 3800, 9093, 20122]...: 13514220: ACCEPTED IN 25 TRIES, (AVG 540568.8)
[1, 4, 10, 23, 57, 132, 301, 701, 1654, 3800, 9093, 20155]...: 10267068: ACCEPTED IN 19 TRIES, (AVG 540372.0)
[1, 4, 10, 23, 57, 132, 301, 701, 1654, 3800, 9093, 20159]...: 5938634: ACCEPTED IN 11 TRIES, (AVG 539875.8181818182)
[1, 4, 10, 23, 57, 132, 301, 701, 1654, 3800, 9093, 20221]...: 8643222: ACCEPTED IN 16 TRIES, (AVG 540201.375)
[1, 4, 10, 23, 57, 132, 301, 701, 1654, 3800, 9093, 20258]...: 8101286: ACCEPTED IN 15 TRIES, (AVG 540085.7333333333)
[1, 4, 10, 23, 57, 132, 301, 701, 1654, 3800, 9093, 20287]...: 10266754: ACCEPTED IN 19 TRIES, (AVG 540355.4736842106)
[1, 4, 10, 23, 57, 132, 301, 701, 1654, 3800, 9093, 20291]...: 15676670: ACCEPTED IN 29 TRIES, (AVG 540574.8275862068)
[1, 4, 10, 23, 57, 132, 301, 701, 1654, 3800, 9093, 20390]...: 9183576: ACCEPTED IN 17 TRIES, (AVG 540210.3529411765)
[1, 4, 10, 23, 57, 132, 301, 701, 1654, 3800, 9093, 20419]...: 4855986: ACCEPTED IN 9 TRIES, (AVG 539554.0)
[1, 4, 10, 23, 57, 132, 301, 701, 1654, 3800, 9093, 20423]...: 9183103: ACCEPTED IN 17 TRIES, (AVG 540182.5294117647)
[1, 4, 10, 23, 57, 132, 301, 701, 1654, 3800, 9093, 20456]...: 8102231: ACCEPTED IN 15 TRIES, (AVG 540148.7333333333)
[1, 4, 10, 23, 57, 132, 301, 701, 1654, 3800, 9093, 20460]...: 10266812: ACCEPTED IN 19 TRIES, (AVG 540358.5263157894)
[1, 4, 10, 23, 57, 132, 301, 701, 1654, 3800, 9093, 20522]...: 4854424: ACCEPTED IN 9 TRIES, (AVG 539380.4444444445)
[1, 4, 10, 23, 57, 132, 301, 701, 1654, 3800, 9093, 20559]...: 9184932: ACCEPTED IN 17 TRIES, (AVG 540290.1176470588)
[1, 4, 10, 23, 57, 132, 301, 701, 1654, 3800, 9093, 20588]...: 8643796: ACCEPTED IN 16 TRIES, (AVG 540237.25)
[1, 4, 10, 23, 57, 132, 301, 701, 1654, 3800, 9093, 20592]...: 15675475: ACCEPTED IN 29 TRIES, (AVG 540533.6206896552)
[1, 4, 10, 23, 57, 132, 301, 701, 1654, 3800, 9093, 20691]...: 4856139: ACCEPTED IN 9 TRIES, (AVG 539571.0)
[1, 4, 10, 23, 57, 132, 301, 701, 1654, 3800, 9093, 20720]...: 9724594: ACCEPTED IN 18 TRIES, (AVG 540255.2222222222)
[1, 4, 10, 23, 57, 132, 301, 701, 1654, 3800, 9093, 20724]...: 16219588: ACCEPTED IN 30 TRIES, (AVG 540652.9333333333)
[1, 4, 10, 23, 57, 132, 301, 701, 1654, 3800, 9093, 20761]...: 4855154: ACCEPTED IN 9 TRIES, (AVG 539461.5555555555)
[1, 4, 10, 23, 57, 132, 301, 701, 1654, 3800, 9093, 20823]...: 8100805: ACCEPTED IN 15 TRIES, (AVG 540053.6666666666)
[1, 4, 10, 23, 57, 132, 301, 701, 1654, 3800, 9093, 20856]...: 9724933: ACCEPTED IN 18 TRIES, (AVG 540274.0555555555)
[1, 4, 10, 23, 57, 132, 301, 701, 1654, 3800, 9093, 20860]...: 5937606: ACCEPTED IN 11 TRIES, (AVG 539782.3636363636)
[1, 4, 10, 23, 57, 132, 301, 701, 1654, 3800, 9093, 20893]...: 8643462: ACCEPTED IN 16 TRIES, (AVG 540216.375)
[1, 4, 10, 23, 57, 132, 301, 701, 1654, 3800, 9093, 20988]...: 4854706: ACCEPTED IN 9 TRIES, (AVG 539411.7777777778)
[1, 4, 10, 23, 57, 132, 301, 701, 1654, 3800, 9093, 20992]...: 4314706: ACCEPTED IN 8 TRIES, (AVG 539338.25)
[1, 4, 10, 23, 57, 132, 301, 701, 1654, 3800, 9093, 21025]...: 9183149: ACCEPTED IN 17 TRIES, (AVG 540185.2352941176)
[1, 4, 10, 23, 57, 132, 301, 701, 1654, 3800, 9093, 21120]...: 6479447: ACCEPTED IN 12 TRIES, (AVG 539953.9166666666)
[1, 4, 10, 23, 57, 132, 301, 701, 1654, 3800, 9093, 21124]...: 4853754: ACCEPTED IN 9 TRIES, (AVG 539306.0)
[1, 4, 10, 23, 57, 132, 301, 701, 1654, 3800, 9093, 21157]...: 15677291: ACCEPTED IN 29 TRIES, (AVG 540596.2413793104)
[1, 4, 10, 23, 57, 132, 301, 701, 1654, 3800, 9093, 21161]...: 9183451: ACCEPTED IN 17 TRIES, (AVG 540203.0)
[1, 4, 10, 23, 57, 132, 301, 701, 1654, 3800, 9093, 21289]...: 9724264: ACCEPTED IN 18 TRIES, (AVG 540236.8888888889)
[1, 4, 10, 23, 57, 132, 301, 701, 1654, 3800, 9093, 21293]...: 14596677: ACCEPTED IN 27 TRIES, (AVG 540617.6666666666)
[1, 4, 10, 23, 57, 132, 301, 701, 1654, 3800, 9093, 21421]...: 10265462: ACCEPTED IN 19 TRIES, (AVG 540287.4736842106)
[1, 4, 10, 23, 57, 132, 301, 701, 1654, 3800, 9093, 21425]...: 4856241: ACCEPTED IN 9 TRIES, (AVG 539582.3333333334)
[1, 4, 10, 23, 57, 132, 301, 701, 1654, 3800, 9093, 21462]...: 7561948: ACCEPTED IN 14 TRIES, (AVG 540139.1428571428)
[1, 4, 10, 23, 57, 132, 301, 701, 1654, 3800, 9093, 21557]...: 8644362: ACCEPTED IN 16 TRIES, (AVG 540272.625)
[1, 4, 10, 23, 57, 132, 301, 701, 1654, 3800, 9093, 21594]...: 4852437: ACCEPTED IN 9 TRIES, (AVG 539159.6666666666)
[1, 4, 10, 23, 57, 132, 301, 701, 1654, 3800, 9093, 21726]...: 10267038: ACCEPTED IN 19 TRIES, (AVG 540370.4210526316)
