[1, 4, 10, 23, 57, 132, 301, 701, 1636, 3823, 9039, 19893]...: 16760586: ACCEPTED IN 31 TRIES, (AVG 540664.0645161291)
[1, 4, 10, 23, 57, 132, 301, 701, 1636, 3823, 9039, 19894]...: 9185447: ACCEPTED IN 17 TRIES, (AVG 540320.4117647059)
[1, 4, 10, 23, 57, 132, 301, 701, 1636, 3823, 9039, 19899]...: 11890814: ACCEPTED IN 22 TRIES, (AVG 540491.5454545454)
[1, 4, 10, 23, 57, 132, 301, 701, 1636, 3823, 9039, 19903]...: 11348701: ACCEPTED IN 21 TRIES, (AVG 540414.3333333334)
[1, 4, 10, 23, 57, 132, 301, 701, 1636, 3823, 9039, 19925]...: 4853384: ACCEPTED IN 9 TRIES, (AVG 539264.8888888889)
[1, 4, 10, 23, 57, 132, 301, 701, 1636, 3823, 9039, 19926]...: 4856089: ACCEPTED IN 9 TRIES, (AVG 539565.4444444445)
[1, 4, 10, 23, 57, 132, 301, 701, 1636, 3823, 9039, 19927]...: 7561685: ACCEPTED IN 14 TRIES, (AVG 540120.3571428572)
[1, 4, 10, 23, 57, 132, 301, 701, 1636, 3823, 9039, 19929]...: 9184015: ACCEPTED IN 17 TRIES, (AVG 540236.1764705882)
[1, 4, 10, 23, 57, 132, 301, 701, 1636, 3823, 9039, 19936]...: 12972857: ACCEPTED IN 24 TRIES, (AVG 540535.7083333334)
[1, 4, 10, 23, 57, 132, 301, 701, 1636, 3823, 9039, 19940]...: 10808750: ACCEPTED IN 20 TRIES, (AVG 540437.5)
[1, 4, 10, 23, 57, 132, 301, 701, 1636, 3823, 9039, 19956]...: 11891123: ACCEPTED IN 22 TRIES, (AVG 540505.5909090909)
[1, 4, 10, 23, 57, 132, 301, 701, 1636, 3823, 9039, 19958]...: 12430644: ACCEPTED IN 23 TRIES, (AVG 540462.7826086957)
[1, 4, 10, 23, 57, 132, 301, 701, 1636, 3823, 9039, 19959]...: 9185501: ACCEPTED IN 17 TRIES, (AVG 540323.5882352941)
[1, 4, 10, 23, 57, 132, 301, 701, 1636, 3823, 9039, 19960]...: 10267031: ACCEPTED IN 19 TRIES, (AVG 540370.052631579)
[1, 4, 10, 23, 57, 132, 301, 701, 1636, 3823, 9039, 19963]...: 9726254: ACCEPTED IN 18 TRIES, (AVG 540347.4444444445)
[1, 4, 10, 23, 57, 132, 301, 701, 1636, 3823, 9039, 19992]...: 5395811: ACCEPTED IN 10 TRIES, (AVG 539581.1)
[1, 4, 10, 23, 57, 132, 301, 701, 1636, 3823, 9039, 19993]...: 8643412: ACCEPTED IN 16 TRIES, (AVG 540213.25)
[1, 4, 10, 23, 57, 132, 301, 701, 1636, 3823, 9039, 19995]...: 4854732: ACCEPTED IN 9 TRIES, (AVG 539414.6666666666)
[1, 4, 10, 23, 57, 132, 301, 701, 1636, 3823, 9039, 19996]...: 9726200: ACCEPTED IN 18 TRIES, (AVG 540344.4444444445)
[1, 4, 10, 23, 57, 132, 301, 701, 1636, 3823, 9039, 20026]...: 6477200: ACCEPTED IN 12 TRIES, (AVG 539766.6666666666)
[1, 4, 10, 23, 57, 132, 301, 701, 1636, 3823, 9039, 20030]...: 8643052: ACCEPTED IN 16 TRIES, (AVG 540190.75)
[1, 4, 10, 23, 57, 132, 301, 701, 1636, 3823, 9039, 20031]...: 12431640: ACCEPTED IN 23 TRIES, (AVG 540506.0869565217)
[1, 4, 10, 23, 57, 132, 301, 701, 1636, 3823, 9039, 20035]...: 9726551: ACCEPTED IN 18 TRIES, (AVG 540363.9444444445)
[1, 4, 10, 23, 57, 132, 301, 701, 1636, 3823, 9039, 20057]...: 10808265: ACCEPTED IN 20 TRIES, (AVG 540413.25)
[1, 4, 10, 23, 57, 132, 301, 701, 1636, 3823, 9039, 20058]...: 8101958: ACCEPTED IN 15 TRIES, (AVG 540130.5333333333)
[1, 4, 10, 23, 57, 132, 301, 701, 1636, 3823, 9039, 20059]...: 8643829: ACCEPTED IN 16 TRIES, (AVG 540239.3125)
[1, 4, 10, 23, 57, 132, 301, 701, 1636, 3823, 9039, 20061]...: 4855960: ACCEPTED IN 9 TRIES, (AVG 539551.1111111111)
[1, 4, 10, 23, 57, 132, 301, 701, 1636, 3823, 9039, 20062]...: 15133639: ACCEPTED IN 28 TRIES, (AVG 540487.1071428572)
[1, 4, 10, 23, 57, 132, 301, 701, 1636, 3823, 9039, 20068]...: 18384448: ACCEPTED IN 34 TRIES, (AVG 540719.0588235294)
[1, 4, 10, 23, 57, 132, 301, 701, 1636, 3823, 9039, 20072]...: 7561776: ACCEPTED IN 14 TRIES, (AVG 540126.8571428572)
[1, 4, 10, 23, 57, 132, 301, 701, 1636, 3823, 9039, 20090]...: 4314931: ACCEPTED IN 8 TRIES, (AVG 539366.375)
[1, 4, 10, 23, 57, 132, 301, 701, 1636, 3823, 9039, 20094]...: 10266867: ACCEPTED IN 19 TRIES, (AVG 540361.4210526316)
[1, 4, 10, 23, 57, 132, 301, 701, 1636, 3823, 9039, 20095]...: 13513962: ACCEPTED IN 25 TRIES, (AVG 540558.48)
[1, 4, 10, 23, 57, 132, 301, 701, 1636, 3823, 9039, 20098]...: 17843000: ACCEPTED IN 33 TRIES, (AVG 540696.9696969697)
[1, 4, 10, 23, 57, 132, 301, 701, 1636, 3823, 9039, 20125]...: 6479279: ACCEPTED IN 12 TRIES, (AVG 539939.9166666666)
[1, 4, 10, 23, 57, 132, 301, 701, 1636, 3823, 9039, 20127]...: 9723520: ACCEPTED IN 18 TRIES, (AVG 540195.5555555555)
[1, 4, 10, 23, 57, 132, 301, 701, 1636, 3823, 9039, 20128]...: 10267264: ACCEPTED IN 19 TRIES, (AVG 540382.3157894737)
[1, 4, 10, 23, 57, 132, 301, 701, 1636, 3823, 9039, 20129]...: 12431662: ACCEPTED IN 23 TRIES, (AVG 540507.0434782609)
[1, 4, 10, 23, 57, 132, 301, 701, 1636, 3823, 9039, 20158]...: 8103079: ACCEPTED IN 15 TRIES, (AVG 540205.2666666667)
[1, 4, 10, 23, 57, 132, 301, 701, 1636, 3823, 9039, 20161]...: 7561962: ACCEPTED IN 14 TRIES, (AVG 540140.1428571428)
[1, 4, 10, 23, 57, 132, 301, 701, 1636, 3823, 9039, 20162]...: 11347839: ACCEPTED IN 21 TRIES, (AVG 540373.2857142857)
[1, 4, 10, 23, 57, 132, 301, 701, 1636, 3823, 9039, 20163]...: 10805498: ACCEPTED IN 20 TRIES, (AVG 540274.9)
[1, 4, 10, 23, 57, 132, 301, 701, 1636, 3823, 9039, 20189]...: 5937768: ACCEPTED IN 11 TRIES, (AVG 539797.0909090909)
[1, 4, 10, 23, 57, 132, 301, 701, 1636, 3823, 9039, 20193]...: 4315059: ACCEPTED IN 8 TRIES, (AVG 539382.375)
[1, 4, 10, 23, 57, 132, 301, 701, 1636, 3823, 9039, 20194]...: 4315035: ACCEPTED IN 8 TRIES, (AVG 539379.375)
[1, 4, 10, 23, 57, 132, 301, 701, 1636, 3823, 9039, 20200]...: 4855536: ACCEPTED IN 9 TRIES, (AVG 539504.0)
[1, 4, 10, 23, 57, 132, 301, 701, 1636, 3823, 9039, 20204]...: 4314264: ACCEPTED IN 8 TRIES, (AVG 539283.0)
[1, 4, 10, 23, 57, 132, 301, 701, 1636, 3823, 9039, 20226]...: 7561688: ACCEPTED IN 14 TRIES, (AVG 540120.5714285715)
[1, 4, 10, 23, 57, 132, 301, 701, 1636, 3823, 9039, 20227]...: 9725550: ACCEPTED IN 18 TRIES, (AVG 540308.3333333334)
[1, 4, 10, 23, 57, 132, 301, 701, 1636, 3823, 9039, 20228]...: 4856278: ACCEPTED IN 9 TRIES, (AVG 539586.4444444445)
[1, 4, 10, 23, 57, 132, 301, 701, 1636, 3823, 9039, 20230]...: 9725252: ACCEPTED IN 18 TRIES, (AVG 540291.7777777778)
[1, 4, 10, 23, 57, 132, 301, 701, 1636, 3823, 9039, 20257]...: 15678477: ACCEPTED IN 29 TRIES, (AVG 540637.1379310344)
[1, 4, 10, 23, 57, 132, 301, 701, 1636, 3823, 9039, 20259]...: 8643401: ACCEPTED IN 16 TRIES, (AVG 540212.5625)
[1, 4, 10, 23, 57, 132, 301, 701, 1636, 3823, 9039, 20260]...: 7561883: ACCEPTED IN 14 TRIES, (AVG 540134.5)
[1, 4, 10, 23, 57, 132, 301, 701, 1636, 3823, 9039, 20261]...: 13513562: ACCEPTED IN 25 TRIES, (AVG 540542.48)
[1, 4, 10, 23, 57, 132, 301, 701, 1636, 3823, 9039, 20264]...: 9183879: ACCEPTED IN 17 TRIES, (AVG 540228.1764705882)
[1, 4, 10, 23, 57, 132, 301, 701, 1636, 3823, 9039, 20293]...: 4855741: ACCEPTED IN 9 TRIES, (AVG 539526.7777777778)
[1, 4, 10, 23, 57, 132, 301, 701, 1636, 3823, 9039, 20294]...: 8102806: ACCEPTED IN 15 TRIES, (AVG 540187.0666666667)
[1, 4, 10, 23, 57, 132, 301, 701, 1636, 3823, 9039, 20295]...: 4314831: ACCEPTED IN 8 TRIES, (AVG 539353.875)
[1, 4, 10, 23, 57, 132, 301, 701, 1636, 3823, 9039, 20296]...: 10265854: ACCEPTED IN 19 TRIES, (AVG 540308.1052631579)
[1, 4, 10, 23, 57, 132, 301, 701, 1636, 3823, 9039, 20327]...: 9183975: ACCEPTED IN 17 TRIES, (AVG 540233.8235294118)
[1, 4, 10, 23, 57, 132, 301, 701, 1636, 3823, 9039, 20331]...: 9724148: ACCEPTED IN 18 TRIES, (AVG 540230.4444444445)
[1, 4, 10, 23, 57, 132, 301, 701, 1636, 3823, 9039, 20332]...: 10807157: ACCEPTED IN 20 TRIES, (AVG 540357.85)
[1, 4, 10, 23, 57, 132, 301, 701, 1636, 3823, 9039, 20336]...: 5938617: ACCEPTED IN 11 TRIES, (AVG 539874.2727272727)
[1, 4, 10, 23, 57, 132, 301, 701, 1636, 3823, 9039, 20358]...: 9724947: ACCEPTED IN 18 TRIES, (AVG 540274.8333333334)
[1, 4, 10, 23, 57, 132, 301, 701, 1636, 3823, 9039, 20359]...: 10807921: ACCEPTED IN 20 TRIES, (AVG 540396.05)
[1, 4, 10, 23, 57, 132, 301, 701, 1636, 3823, 9039, 20360]...: 8102008: ACCEPTED IN 15 TRIES, (AVG 540133.8666666667)
[1, 4, 10, 23, 57, 132, 301, 701, 1636, 3823, 9039, 20362]...: 4853428: ACCEPTED IN 9 TRIES, (AVG 539269.7777777778)
[1, 4, 10, 23, 57, 132, 301, 701, 1636, 3823, 9039, 20363]...: 8643370: ACCEPTED IN 16 TRIES, (AVG 540210.625)
[1, 4, 10, 23, 57, 132, 301, 701, 1636, 3823, 9039, 20391]...: 3772556: ACCEPTED IN 7 TRIES, (AVG 538936.5714285715)
[1, 4, 10, 23, 57, 132, 301, 701, 1636, 3823, 9039, 20392]...: 5937241: ACCEPTED IN 11 TRIES, (AVG 539749.1818181818)
[1, 4, 10, 23, 57, 132, 301, 701, 1636, 3823, 9039, 20393]...: 8644132: ACCEPTED IN 16 TRIES, (AVG 540258.25)
[1, 4, 10, 23, 57, 132, 301, 701, 1636, 3823, 9039, 20395]...: 7559958: ACCEPTED IN 14 TRIES, (AVG 539997.0)
[1, 4, 10, 23, 57, 132, 301, 701, 1636, 3823, 9039, 20396]...: 9724534: ACCEPTED IN 18 TRIES, (AVG 540251.8888888889)
[1, 4, 10, 23, 57, 132, 301, 701, 1636, 3823, 9039, 20426]...: 10808311: ACCEPTED IN 20 TRIES, (AVG 540415.55)
[1, 4, 10, 23, 57, 132, 301, 701, 1636, 3823, 9039, 20427]...: 13513111: ACCEPTED IN 25 TRIES, (AVG 540524.44)
[1, 4, 10, 23, 57, 132, 301, 701, 1636, 3823, 9039, 20428]...: 16219576: ACCEPTED IN 30 TRIES, (AVG 540652.5333333333)
[1, 4, 10, 23, 57, 132, 301, 701, 1636, 3823, 9039, 20430]...: 11348886: ACCEPTED IN 21 TRIES, (AVG 540423.1428571428)
[1, 4, 10, 23, 57, 132, 301, 701, 1636, 3823, 9039, 20459]...: 3773354: ACCEPTED IN 7 TRIES, (AVG 539050.5714285715)
[1, 4, 10, 23, 57, 132, 301, 701, 1636, 3823, 9039, 20462]...: 12430105: ACCEPTED IN 23 TRIES, (AVG 540439.3478260869)
[1, 4, 10, 23, 57, 132, 301, 701, 1636, 3823, 9039, 20463]...: 9184581: ACCEPTED IN 17 TRIES, (AVG 540269.4705882353)
[1, 4, 10, 23, 57, 132, 301, 701, 1636, 3823, 9039, 20464]...: 9185283: ACCEPTED IN 17 TRIES, (AVG 540310.7647058824)
[1, 4, 10, 23, 57, 132, 301, 701, 1636, 3823, 9039, 20468]...: 10267489: ACCEPTED IN 19 TRIES, (AVG 540394.1578947369)
[1, 4, 10, 23, 57, 132, 301, 701, 1636, 3823, 9039, 20490]...: 3773503: ACCEPTED IN 7 TRIES, (AVG 539071.8571428572)
[1, 4, 10, 23, 57, 132, 301, 701, 1636, 3823, 9039, 20494]...: 8102068: ACCEPTED IN 15 TRIES, (AVG 540137.8666666667)
[1, 4, 10, 23, 57, 132, 301, 701, 1636, 3823, 9039, 20495]...: 5396453: ACCEPTED IN 10 TRIES, (AVG 539645.3)
[1, 4, 10, 23, 57, 132, 301, 701, 1636, 3823, 9039, 20498]...: 12971714: ACCEPTED IN 24 TRIES, (AVG 540488.0833333334)
[1, 4, 10, 23, 57, 132, 301, 701, 1636, 3823, 9039, 20525]...: 4855248: ACCEPTED IN 9 TRIES, (AVG 539472.0)
[1, 4, 10, 23, 57, 132, 301, 701, 1636, 3823, 9039, 20527]...: 10267193: ACCEPTED IN 19 TRIES, (AVG 540378.5789473684)
[1, 4, 10, 23, 57, 132, 301, 701, 1636, 3823, 9039, 20528]...: 4853544: ACCEPTED IN 9 TRIES, (AVG 539282.6666666666)
[1, 4, 10, 23, 57, 132, 301, 701, 1636, 3823, 9039, 20529]...: 7561326: ACCEPTED IN 14 TRIES, (AVG 540094.7142857143)
[1, 4, 10, 23, 57, 132, 301, 701, 1636, 3823, 9039, 20558]...: 9184899: ACCEPTED IN 17 TRIES, (AVG 540288.1764705882)
[1, 4, 10, 23, 57, 132, 301, 701, 1636, 3823, 9039, 20560]...: 11349005: ACCEPTED IN 21 TRIES, (AVG 540428.8095238095)
[1, 4, 10, 23, 57, 132, 301, 701, 1636, 3823, 9039, 20561]...: 10267561: ACCEPTED IN 19 TRIES, (AVG 540397.947368421)
[1, 4, 10, 23, 57, 132, 301, 701, 1636, 3823, 9039, 20562]...: 5938271: ACCEPTED IN 11 TRIES, (AVG 539842.8181818182)
[1, 4, 10, 23, 57, 132, 301, 701, 1636, 3823, 9039, 20565]...: 15137436: ACCEPTED IN 28 TRIES, (AVG 540622.7142857143)
[1, 4, 10, 23, 57, 132, 301, 701, 1636, 3823, 9039, 20594]...: 10266449: ACCEPTED IN 19 TRIES, (AVG 540339.4210526316)
[1, 4, 10, 23, 57, 132, 301, 701, 1636, 3823, 9039, 20595]...: 8101980: ACCEPTED IN 15 TRIES, (AVG 540132.0)
[1, 4, 10, 23, 57, 132, 301, 701, 1636, 3823, 9039, 20596]...: 9725778: ACCEPTED IN 18 TRIES, (AVG 540321.0)
[1, 4, 10, 23, 57, 132, 301, 701, 1636, 3823, 9039, 20597]...: 15136151: ACCEPTED IN 28 TRIES, (AVG 540576.8214285715)
[1, 4, 10, 23, 57, 132, 301, 701, 1636, 3823, 9039, 20600]...: 5937085: ACCEPTED IN 11 TRIES, (AVG 539735.0)
[1, 4, 10, 23, 57, 132, 301, 701, 1636, 3823, 9039, 20626]...: 4315030: ACCEPTED IN 8 TRIES, (AVG 539378.75)
[1, 4, 10, 23, 57, 132, 301, 701, 1636, 3823, 9039, 20627]...: 10808855: ACCEPTED IN 20 TRIES, (AVG 540442.75)
[1, 4, 10, 23, 57, 132, 301, 701, 1636, 3823, 9039, 20628]...: 4854926: ACCEPTED IN 9 TRIES, (AVG 539436.2222222222)
[1, 4, 10, 23, 57, 132, 301, 701, 1636, 3823, 9039, 20630]...: 8644296: ACCEPTED IN 16 TRIES, (AVG 540268.5)
[1, 4, 10, 23, 57, 132, 301, 701, 1636, 3823, 9039, 20637]...: 17301323: ACCEPTED IN 32 TRIES, (AVG 540666.34375)
[1, 4, 10, 23, 57, 132, 301, 701, 1636, 3823, 9039, 20657]...: 4314343: ACCEPTED IN 8 TRIES, (AVG 539292.875)
[1, 4, 10, 23, 57, 132, 301, 701, 1636, 3823, 9039, 20659]...: 3773574: ACCEPTED IN 7 TRIES, (AVG 539082.0)
[1, 4, 10, 23, 57, 132, 301, 701, 1636, 3823, 9039, 20660]...: 5397176: ACCEPTED IN 10 TRIES, (AVG 539717.6)
[1, 4, 10, 23, 57, 132, 301, 701, 1636, 3823, 9039, 20661]...: 4314387: ACCEPTED IN 8 TRIES, (AVG 539298.375)
[1, 4, 10, 23, 57, 132, 301, 701, 1636, 3823, 9039, 20664]...: 6479744: ACCEPTED IN 12 TRIES, (AVG 539978.6666666666)
[1, 4, 10, 23, 57, 132, 301, 701, 1636, 3823, 9039, 20692]...: 9725306: ACCEPTED IN 18 TRIES, (AVG 540294.7777777778)
[1, 4, 10, 23, 57, 132, 301, 701, 1636, 3823, 9039, 20693]...: 16760429: ACCEPTED IN 31 TRIES, (AVG 540659.0)
[1, 4, 10, 23, 57, 132, 301, 701, 1636, 3823, 9039, 20694]...: 6478580: ACCEPTED IN 12 TRIES, (AVG 539881.6666666666)
[1, 4, 10, 23, 57, 132, 301, 701, 1636, 3823, 9039, 20696]...: 6477602: ACCEPTED IN 12 TRIES, (AVG 539800.1666666666)
[1, 4, 10, 23, 57, 132, 301, 701, 1636, 3823, 9039, 20697]...: 7560674: ACCEPTED IN 14 TRIES, (AVG 540048.1428571428)
[1, 4, 10, 23, 57, 132, 301, 701, 1636, 3823, 9039, 20727]...: 4314525: ACCEPTED IN 8 TRIES, (AVG 539315.625)
[1, 4, 10, 23, 57, 132, 301, 701, 1636, 3823, 9039, 20728]...: 9185500: ACCEPTED IN 17 TRIES, (AVG 540323.5294117647)
[1, 4, 10, 23, 57, 132, 301, 701, 1636, 3823, 9039, 20729]...: 7560805: ACCEPTED IN 14 TRIES, (AVG 540057.5)
[1, 4, 10, 23, 57, 132, 301, 701, 1636, 3823, 9039, 20731]...: 5938384: ACCEPTED IN 11 TRIES, (AVG 539853.0909090909)
[1, 4, 10, 23, 57, 132, 301, 701, 1636, 3823, 9039, 20732]...: 11348977: ACCEPTED IN 21 TRIES, (AVG 540427.4761904762)
[1, 4, 10, 23, 57, 132, 301, 701, 1636, 3823, 9039, 20759]...: 10266426: ACCEPTED IN 19 TRIES, (AVG 540338.2105263158)
[1, 4, 10, 23, 57, 132, 301, 701, 1636, 3823, 9039, 20760]...: 11349587: ACCEPTED IN 21 TRIES, (AVG 540456.5238095238)
[1, 4, 10, 23, 57, 132, 301, 701, 1636, 3823, 9039, 20762]...: 9726319: ACCEPTED IN 18 TRIES, (AVG 540351.0555555555)
[1, 4, 10, 23, 57, 132, 301, 701, 1636, 3823, 9039, 20763]...: 5396105: ACCEPTED IN 10 TRIES, (AVG 539610.5)
[1, 4, 10, 23, 57, 132, 301, 701, 1636, 3823, 9039, 20769]...: 9726646: ACCEPTED IN 18 TRIES, (AVG 540369.2222222222)
[1, 4, 10, 23, 57, 132, 301, 701, 1636, 3823, 9039, 20791]...: 4855097: ACCEPTED IN 9 TRIES, (AVG 539455.2222222222)
[1, 4, 10, 23, 57, 132, 301, 701, 1636, 3823, 9039, 20795]...: 3772779: ACCEPTED IN 7 TRIES, (AVG 538968.4285714285)
[1, 4, 10, 23, 57, 132, 301, 701, 1636, 3823, 9039, 20796]...: 7561427: ACCEPTED IN 14 TRIES, (AVG 540101.9285714285)
[1, 4, 10, 23, 57, 132, 301, 701, 1636, 3823, 9039, 20799]...: 5397407: ACCEPTED IN 10 TRIES, (AVG 539740.7)
[1, 4, 10, 23, 57, 132, 301, 701, 1636, 3823, 9039, 20826]...: 5396433: ACCEPTED IN 10 TRIES, (AVG 539643.3)
[1, 4, 10, 23, 57, 132, 301, 701, 1636, 3823, 9039, 20828]...: 8102750: ACCEPTED IN 15 TRIES, (AVG 540183.3333333334)
[1, 4, 10, 23, 57, 132, 301, 701, 1636, 3823, 9039, 20829]...: 6477936: ACCEPTED IN 12 TRIES, (AVG 539828.0)
[1, 4, 10, 23, 57, 132, 301, 701, 1636, 3823, 9039, 20830]...: 4314721: ACCEPTED IN 8 TRIES, (AVG 539340.125)
[1, 4, 10, 23, 57, 132, 301, 701, 1636, 3823, 9039, 20859]...: 5397186: ACCEPTED IN 10 TRIES, (AVG 539718.6)
[1, 4, 10, 23, 57, 132, 301, 701, 1636, 3823, 9039, 20860]...: 6477389: ACCEPTED IN 12 TRIES, (AVG 539782.4166666666)
[1, 4, 10, 23, 57, 132, 301, 701, 1636, 3823, 9039, 20861]...: 6477238: ACCEPTED IN 12 TRIES, (AVG 539769.8333333334)
[1, 4, 10, 23, 57, 132, 301, 701, 1636, 3823, 9039, 20862]...: 3770469: ACCEPTED IN 7 TRIES, (AVG 538638.4285714285)
[1, 4, 10, 23, 57, 132, 301, 701, 1636, 3823, 9039, 20863]...: 7559014: ACCEPTED IN 14 TRIES, (AVG 539929.5714285715)
[1, 4, 10, 23, 57, 132, 301, 701, 1636, 3823, 9039, 20864]...: 9725908: ACCEPTED IN 18 TRIES, (AVG 540328.2222222222)
[1, 4, 10, 23, 57, 132, 301, 701, 1636, 3823, 9039, 20891]...: 11349826: ACCEPTED IN 21 TRIES, (AVG 540467.9047619047)
[1, 4, 10, 23, 57, 132, 301, 701, 1636, 3823, 9039, 20894]...: 5397303: ACCEPTED IN 10 TRIES, (AVG 539730.3)
[1, 4, 10, 23, 57, 132, 301, 701, 1636, 3823, 9039, 20895]...: 9726158: ACCEPTED IN 18 TRIES, (AVG 540342.1111111111)
[1, 4, 10, 23, 57, 132, 301, 701, 1636, 3823, 9039, 20898]...: 7019955: ACCEPTED IN 13 TRIES, (AVG 539996.5384615385)
[1, 4, 10, 23, 57, 132, 301, 701, 1636, 3823, 9039, 20901]...: 9185001: ACCEPTED IN 17 TRIES, (AVG 540294.1764705882)
[1, 4, 10, 23, 57, 132, 301, 701, 1636, 3823, 9039, 20927]...: 4854275: ACCEPTED IN 9 TRIES, (AVG 539363.8888888889)
[1, 4, 10, 23, 57, 132, 301, 701, 1636, 3823, 9039, 20928]...: 4856091: ACCEPTED IN 9 TRIES, (AVG 539565.6666666666)
[1, 4, 10, 23, 57, 132, 301, 701, 1636, 3823, 9039, 20929]...: 10267515: ACCEPTED IN 19 TRIES, (AVG 540395.5263157894)
[1, 4, 10, 23, 57, 132, 301, 701, 1636, 3823, 9039, 20931]...: 7561557: ACCEPTED IN 14 TRIES, (AVG 540111.2142857143)
[1, 4, 10, 23, 57, 132, 301, 701, 1636, 3823, 9039, 20958]...: 12430721: ACCEPTED IN 23 TRIES, (AVG 540466.1304347826)
[1, 4, 10, 23, 57, 132, 301, 701, 1636, 3823, 9039, 20960]...: 4856107: ACCEPTED IN 9 TRIES, (AVG 539567.4444444445)
[1, 4, 10, 23, 57, 132, 301, 701, 1636, 3823, 9039, 20961]...: 9726301: ACCEPTED IN 18 TRIES, (AVG 540350.0555555555)
[1, 4, 10, 23, 57, 132, 301, 701, 1636, 3823, 9039, 20962]...: 7561783: ACCEPTED IN 14 TRIES, (AVG 540127.3571428572)
[1, 4, 10, 23, 57, 132, 301, 701, 1636, 3823, 9039, 20965]...: 8643590: ACCEPTED IN 16 TRIES, (AVG 540224.375)
[1, 4, 10, 23, 57, 132, 301, 701, 1636, 3823, 9039, 20992]...: 5397299: ACCEPTED IN 10 TRIES, (AVG 539729.9)
[1, 4, 10, 23, 57, 132, 301, 701, 1636, 3823, 9039, 20993]...: 4854450: ACCEPTED IN 9 TRIES, (AVG 539383.3333333334)
[1, 4, 10, 23, 57, 132, 301, 701, 1636, 3823, 9039, 20994]...: 5396187: ACCEPTED IN 10 TRIES, (AVG 539618.7)
[1, 4, 10, 23, 57, 132, 301, 701, 1636, 3823, 9039, 20995]...: 5937243: ACCEPTED IN 11 TRIES, (AVG 539749.3636363636)
[1, 4, 10, 23, 57, 132, 301, 701, 1636, 3823, 9039, 20996]...: 6479701: ACCEPTED IN 12 TRIES, (AVG 539975.0833333334)
[1, 4, 10, 23, 57, 132, 301, 701, 1636, 3823, 9039, 20997]...: 7561946: ACCEPTED IN 14 TRIES, (AVG 540139.0)
[1, 4, 10, 23, 57, 132, 301, 701, 1636, 3823, 9039, 21028]...: 5938244: ACCEPTED IN 11 TRIES, (AVG 539840.3636363636)
[1, 4, 10, 23, 57, 132, 301, 701, 1636, 3823, 9039, 21029]...: 7559132: ACCEPTED IN 14 TRIES, (AVG 539938.0)
[1, 4, 10, 23, 57, 132, 301, 701, 1636, 3823, 9039, 21030]...: 11349115: ACCEPTED IN 21 TRIES, (AVG 540434.0476190476)
[1, 4, 10, 23, 57, 132, 301, 701, 1636, 3823, 9039, 21032]...: 5397504: ACCEPTED IN 10 TRIES, (AVG 539750.4)
[1, 4, 10, 23, 57, 132, 301, 701, 1636, 3823, 9039, 21033]...: 11890522: ACCEPTED IN 22 TRIES, (AVG 540478.2727272727)
[1, 4, 10, 23, 57, 132, 301, 701, 1636, 3823, 9039, 21060]...: 5935858: ACCEPTED IN 11 TRIES, (AVG 539623.4545454546)
[1, 4, 10, 23, 57, 132, 301, 701, 1636, 3823, 9039, 21061]...: 5396413: ACCEPTED IN 10 TRIES, (AVG 539641.3)
[1, 4, 10, 23, 57, 132, 301, 701, 1636, 3823, 9039, 21063]...: 7560538: ACCEPTED IN 14 TRIES, (AVG 540038.4285714285)
[1, 4, 10, 23, 57, 132, 301, 701, 1636, 3823, 9039, 21064]...: 7560180: ACCEPTED IN 14 TRIES, (AVG 540012.8571428572)
[1, 4, 10, 23, 57, 132, 301, 701, 1636, 3823, 9039, 21092]...: 6479721: ACCEPTED IN 12 TRIES, (AVG 539976.75)
[1, 4, 10, 23, 57, 132, 301, 701, 1636, 3823, 9039, 21093]...: 6479554: ACCEPTED IN 12 TRIES, (AVG 539962.8333333334)
[1, 4, 10, 23, 57, 132, 301, 701, 1636, 3823, 9039, 21094]...: 4315225: ACCEPTED IN 8 TRIES, (AVG 539403.125)
[1, 4, 10, 23, 57, 132, 301, 701, 1636, 3823, 9039, 21096]...: 4855463: ACCEPTED IN 9 TRIES, (AVG 539495.8888888889)
[1, 4, 10, 23, 57, 132, 301, 701, 1636, 3823, 9039, 21097]...: 7561007: ACCEPTED IN 14 TRIES, (AVG 540071.9285714285)
[1, 4, 10, 23, 57, 132, 301, 701, 1636, 3823, 9039, 21124]...: 4856236: ACCEPTED IN 9 TRIES, (AVG 539581.7777777778)
[1, 4, 10, 23, 57, 132, 301, 701, 1636, 3823, 9039, 21127]...: 7560960: ACCEPTED IN 14 TRIES, (AVG 540068.5714285715)
[1, 4, 10, 23, 57, 132, 301, 701, 1636, 3823, 9039, 21128]...: 4312941: ACCEPTED IN 8 TRIES, (AVG 539117.625)
[1, 4, 10, 23, 57, 132, 301, 701, 1636, 3823, 9039, 21129]...: 9726101: ACCEPTED IN 18 TRIES, (AVG 540338.9444444445)
[1, 4, 10, 23, 57, 132, 301, 701, 1636, 3823, 9039, 21160]...: 5937774: ACCEPTED IN 11 TRIES, (AVG 539797.6363636364)
[1, 4, 10, 23, 57, 132, 301, 701, 1636, 3823, 9039, 21161]...: 4314209: ACCEPTED IN 8 TRIES, (AVG 539276.125)
[1, 4, 10, 23, 57, 132, 301, 701, 1636, 3823, 9039, 21162]...: 6478750: ACCEPTED IN 12 TRIES, (AVG 539895.8333333334)
[1, 4, 10, 23, 57, 132, 301, 701, 1636, 3823, 9039, 21163]...: 7559468: ACCEPTED IN 14 TRIES, (AVG 539962.0)
[1, 4, 10, 23, 57, 132, 301, 701, 1636, 3823, 9039, 21164]...: 4854586: ACCEPTED IN 9 TRIES, (AVG 539398.4444444445)
[1, 4, 10, 23, 57, 132, 301, 701, 1636, 3823, 9039, 21165]...: 7561438: ACCEPTED IN 14 TRIES, (AVG 540102.7142857143)
[1, 4, 10, 23, 57, 132, 301, 701, 1636, 3823, 9039, 21192]...: 9725261: ACCEPTED IN 18 TRIES, (AVG 540292.2777777778)
[1, 4, 10, 23, 57, 132, 301, 701, 1636, 3823, 9039, 21195]...: 8643745: ACCEPTED IN 16 TRIES, (AVG 540234.0625)
[1, 4, 10, 23, 57, 132, 301, 701, 1636, 3823, 9039, 21196]...: 4854242: ACCEPTED IN 9 TRIES, (AVG 539360.2222222222)
[1, 4, 10, 23, 57, 132, 301, 701, 1636, 3823, 9039, 21199]...: 11891088: ACCEPTED IN 22 TRIES, (AVG 540504.0)
[1, 4, 10, 23, 57, 132, 301, 701, 1636, 3823, 9039, 21226]...: 9185525: ACCEPTED IN 17 TRIES, (AVG 540325.0)
[1, 4, 10, 23, 57, 132, 301, 701, 1636, 3823, 9039, 21228]...: 5396381: ACCEPTED IN 10 TRIES, (AVG 539638.1)
[1, 4, 10, 23, 57, 132, 301, 701, 1636, 3823, 9039, 21229]...: 4855312: ACCEPTED IN 9 TRIES, (AVG 539479.1111111111)
[1, 4, 10, 23, 57, 132, 301, 701, 1636, 3823, 9039, 21230]...: 8643421: ACCEPTED IN 16 TRIES, (AVG 540213.8125)
[1, 4, 10, 23, 57, 132, 301, 701, 1636, 3823, 9039, 21259]...: 7020034: ACCEPTED IN 13 TRIES, (AVG 540002.6153846154)
[1, 4, 10, 23, 57, 132, 301, 701, 1636, 3823, 9039, 21261]...: 6478411: ACCEPTED IN 12 TRIES, (AVG 539867.5833333334)
[1, 4, 10, 23, 57, 132, 301, 701, 1636, 3823, 9039, 21262]...: 7556879: ACCEPTED IN 14 TRIES, (AVG 539777.0714285715)
[1, 4, 10, 23, 57, 132, 301, 701, 1636, 3823, 9039, 21263]...: 7559829: ACCEPTED IN 14 TRIES, (AVG 539987.7857142857)
[1, 4, 10, 23, 57, 132, 301, 701, 1636, 3823, 9039, 21266]...: 4855576: ACCEPTED IN 9 TRIES, (AVG 539508.4444444445)
[1, 4, 10, 23, 57, 132, 301, 701, 1636, 3823, 9039, 21293]...: 10266046: ACCEPTED IN 19 TRIES, (AVG 540318.2105263158)
[1, 4, 10, 23, 57, 132, 301, 701, 1636, 3823, 9039, 21294]...: 6479814: ACCEPTED IN 12 TRIES, (AVG 539984.5)
[1, 4, 10, 23, 57, 132, 301, 701, 1636, 3823, 9039, 21295]...: 4854333: ACCEPTED IN 9 TRIES, (AVG 539370.3333333334)
[1, 4, 10, 23, 57, 132, 301, 701, 1636, 3823, 9039, 21296]...: 6479696: ACCEPTED IN 12 TRIES, (AVG 539974.6666666666)
[1, 4, 10, 23, 57, 132, 301, 701, 1636, 3823, 9039, 21297]...: 4856220: ACCEPTED IN 9 TRIES, (AVG 539580.0)
[1, 4, 10, 23, 57, 132, 301, 701, 1636, 3823, 9039, 21298]...: 4315066: ACCEPTED IN 8 TRIES, (AVG 539383.25)
[1, 4, 10, 23, 57, 132, 301, 701, 1636, 3823, 9039, 21327]...: 10267272: ACCEPTED IN 19 TRIES, (AVG 540382.7368421053)
[1, 4, 10, 23, 57, 132, 301, 701, 1636, 3823, 9039, 21328]...: 6479504: ACCEPTED IN 12 TRIES, (AVG 539958.6666666666)
[1, 4, 10, 23, 57, 132, 301, 701, 1636, 3823, 9039, 21329]...: 8102881: ACCEPTED IN 15 TRIES, (AVG 540192.0666666667)
[1, 4, 10, 23, 57, 132, 301, 701, 1636, 3823, 9039, 21330]...: 8103066: ACCEPTED IN 15 TRIES, (AVG 540204.4)
[1, 4, 10, 23, 57, 132, 301, 701, 1636, 3823, 9039, 21331]...: 7561677: ACCEPTED IN 14 TRIES, (AVG 540119.7857142857)
[1, 4, 10, 23, 57, 132, 301, 701, 1636, 3823, 9039, 21358]...: 8101518: ACCEPTED IN 15 TRIES, (AVG 540101.2)
[1, 4, 10, 23, 57, 132, 301, 701, 1636, 3823, 9039, 21361]...: 9724708: ACCEPTED IN 18 TRIES, (AVG 540261.5555555555)
[1, 4, 10, 23, 57, 132, 301, 701, 1636, 3823, 9039, 21362]...: 9184857: ACCEPTED IN 17 TRIES, (AVG 540285.7058823529)
[1, 4, 10, 23, 57, 132, 301, 701, 1636, 3823, 9039, 21365]...: 4314216: ACCEPTED IN 8 TRIES, (AVG 539277.0)
[1, 4, 10, 23, 57, 132, 301, 701, 1636, 3823, 9039, 21393]...: 5936946: ACCEPTED IN 11 TRIES, (AVG 539722.3636363636)
[1, 4, 10, 23, 57, 132, 301, 701, 1636, 3823, 9039, 21394]...: 10807319: ACCEPTED IN 20 TRIES, (AVG 540365.95)
[1, 4, 10, 23, 57, 132, 301, 701, 1636, 3823, 9039, 21395]...: 8643187: ACCEPTED IN 16 TRIES, (AVG 540199.1875)
[1, 4, 10, 23, 57, 132, 301, 701, 1636, 3823, 9039, 21397]...: 7560814: ACCEPTED IN 14 TRIES, (AVG 540058.1428571428)
[1, 4, 10, 23, 57, 132, 301, 701, 1636, 3823, 9039, 21398]...: 11349753: ACCEPTED IN 21 TRIES, (AVG 540464.4285714285)
[1, 4, 10, 23, 57, 132, 301, 701, 1636, 3823, 9039, 21425]...: 5397379: ACCEPTED IN 10 TRIES, (AVG 539737.9)
[1, 4, 10, 23, 57, 132, 301, 701, 1636, 3823, 9039, 21428]...: 12429482: ACCEPTED IN 23 TRIES, (AVG 540412.2608695652)
[1, 4, 10, 23, 57, 132, 301, 701, 1636, 3823, 9039, 21429]...: 7561863: ACCEPTED IN 14 TRIES, (AVG 540133.0714285715)
[1, 4, 10, 23, 57, 132, 301, 701, 1636, 3823, 9039, 21430]...: 6478494: ACCEPTED IN 12 TRIES, (AVG 539874.5)
[1, 4, 10, 23, 57, 132, 301, 701, 1636, 3823, 9039, 21433]...: 9725507: ACCEPTED IN 18 TRIES, (AVG 540305.9444444445)
[1, 4, 10, 23, 57, 132, 301, 701, 1636, 3823, 9039, 21460]...: 6477573: ACCEPTED IN 12 TRIES, (AVG 539797.75)
[1, 4, 10, 23, 57, 132, 301, 701, 1636, 3823, 9039, 21461]...: 5935080: ACCEPTED IN 11 TRIES, (AVG 539552.7272727273)
[1, 4, 10, 23, 57, 132, 301, 701, 1636, 3823, 9039, 21462]...: 7561377: ACCEPTED IN 14 TRIES, (AVG 540098.3571428572)
[1, 4, 10, 23, 57, 132, 301, 701, 1636, 3823, 9039, 21463]...: 12432275: ACCEPTED IN 23 TRIES, (AVG 540533.695652174)
[1, 4, 10, 23, 57, 132, 301, 701, 1636, 3823, 9039, 21464]...: 6479649: ACCEPTED IN 12 TRIES, (AVG 539970.75)
[1, 4, 10, 23, 57, 132, 301, 701, 1636, 3823, 9039, 21493]...: 5396929: ACCEPTED IN 10 TRIES, (AVG 539692.9)
[1, 4, 10, 23, 57, 132, 301, 701, 1636, 3823, 9039, 21496]...: 9726119: ACCEPTED IN 18 TRIES, (AVG 540339.9444444445)
[1, 4, 10, 23, 57, 132, 301, 701, 1636, 3823, 9039, 21497]...: 12431754: ACCEPTED IN 23 TRIES, (AVG 540511.0434782609)
[1, 4, 10, 23, 57, 132, 301, 701, 1636, 3823, 9039, 21500]...: 5938099: ACCEPTED IN 11 TRIES, (AVG 539827.1818181818)
[1, 4, 10, 23, 57, 132, 301, 701, 1636, 3823, 9039, 21527]...: 8643883: ACCEPTED IN 16 TRIES, (AVG 540242.6875)
[1, 4, 10, 23, 57, 132, 301, 701, 1636, 3823, 9039, 21529]...: 3773216: ACCEPTED IN 7 TRIES, (AVG 539030.8571428572)
[1, 4, 10, 23, 57, 132, 301, 701, 1636, 3823, 9039, 21530]...: 6479258: ACCEPTED IN 12 TRIES, (AVG 539938.1666666666)
[1, 4, 10, 23, 57, 132, 301, 701, 1636, 3823, 9039, 21531]...: 6477789: ACCEPTED IN 12 TRIES, (AVG 539815.75)
[1, 4, 10, 23, 57, 132, 301, 701, 1636, 3823, 9039, 21560]...: 6478420: ACCEPTED IN 12 TRIES, (AVG 539868.3333333334)
[1, 4, 10, 23, 57, 132, 301, 701, 1636, 3823, 9039, 21561]...: 3773505: ACCEPTED IN 7 TRIES, (AVG 539072.1428571428)
[1, 4, 10, 23, 57, 132, 301, 701, 1636, 3823, 9039, 21562]...: 6478391: ACCEPTED IN 12 TRIES, (AVG 539865.9166666666)
[1, 4, 10, 23, 57, 132, 301, 701, 1636, 3823, 9039, 21563]...: 10266420: ACCEPTED IN 19 TRIES, (AVG 540337.8947368421)
[1, 4, 10, 23, 57, 132, 301, 701, 1636, 3823, 9039, 21564]...: 4854290: ACCEPTED IN 9 TRIES, (AVG 539365.5555555555)
[1, 4, 10, 23, 57, 132, 301, 701, 1636, 3823, 9039, 21565]...: 5936679: ACCEPTED IN 11 TRIES, (AVG 539698.0909090909)
[1, 4, 10, 23, 57, 132, 301, 701, 1636, 3823, 9039, 21592]...: 4854192: ACCEPTED IN 9 TRIES, (AVG 539354.6666666666)
[1, 4, 10, 23, 57, 132, 301, 701, 1636, 3823, 9039, 21594]...: 5397449: ACCEPTED IN 10 TRIES, (AVG 539744.9)
[1, 4, 10, 23, 57, 132, 301, 701, 1636, 3823, 9039, 21595]...: 4855494: ACCEPTED IN 9 TRIES, (AVG 539499.3333333334)
[1, 4, 10, 23, 57, 132, 301, 701, 1636, 3823, 9039, 21596]...: 6479849: ACCEPTED IN 12 TRIES, (AVG 539987.4166666666)
[1, 4, 10, 23, 57, 132, 301, 701, 1636, 3823, 9039, 21599]...: 7559670: ACCEPTED IN 14 TRIES, (AVG 539976.4285714285)
[1, 4, 10, 23, 57, 132, 301, 701, 1636, 3823, 9039, 21628]...: 9184747: ACCEPTED IN 17 TRIES, (AVG 540279.2352941176)
[1, 4, 10, 23, 57, 132, 301, 701, 1636, 3823, 9039, 21629]...: 7561434: ACCEPTED IN 14 TRIES, (AVG 540102.4285714285)
[1, 4, 10, 23, 57, 132, 301, 701, 1636, 3823, 9039, 21630]...: 8102952: ACCEPTED IN 15 TRIES, (AVG 540196.8)
[1, 4, 10, 23, 57, 132, 301, 701, 1636, 3823, 9039, 21631]...: 4314671: ACCEPTED IN 8 TRIES, (AVG 539333.875)
[1, 4, 10, 23, 57, 132, 301, 701, 1636, 3823, 9039, 21632]...: 8101888: ACCEPTED IN 15 TRIES, (AVG 540125.8666666667)
[1, 4, 10, 23, 57, 132, 301, 701, 1636, 3823, 9039, 21659]...: 6478421: ACCEPTED IN 12 TRIES, (AVG 539868.4166666666)
[1, 4, 10, 23, 57, 132, 301, 701, 1636, 3823, 9039, 21662]...: 6479682: ACCEPTED IN 12 TRIES, (AVG 539973.5)
[1, 4, 10, 23, 57, 132, 301, 701, 1636, 3823, 9039, 21663]...: 5396723: ACCEPTED IN 10 TRIES, (AVG 539672.3)
[1, 4, 10, 23, 57, 132, 301, 701, 1636, 3823, 9039, 21666]...: 8100628: ACCEPTED IN 15 TRIES, (AVG 540041.8666666667)
[1, 4, 10, 23, 57, 132, 301, 701, 1636, 3823, 9039, 21693]...: 7020464: ACCEPTED IN 13 TRIES, (AVG 540035.6923076923)
