[1, 4, 10, 23, 57, 132, 301, 701, 1636, 3693, 8338, 18591]...: 536847: ACCEPTED IN 1 TRIES, (AVG 536847.0)
[1, 4, 10, 23, 57, 132, 301, 701, 1636, 3693, 8338, 18696]...: 537225: ACCEPTED IN 1 TRIES, (AVG 537225.0)
[1, 4, 10, 23, 57, 132, 301, 701, 1636, 3693, 8338, 19224]...: 537307: ACCEPTED IN 1 TRIES, (AVG 537307.0)
[1, 4, 10, 23, 57, 132, 301, 701, 1636, 3693, 8338, 19393]...: 537123: ACCEPTED IN 1 TRIES, (AVG 537123.0)
[1, 4, 10, 23, 57, 132, 301, 701, 1636, 3693, 8338, 19394]...: 1076502: ACCEPTED IN 2 TRIES, (AVG 538251.0)
[1, 4, 10, 23, 57, 132, 301, 701, 1636, 3693, 8338, 19397]...: 536317: ACCEPTED IN 1 TRIES, (AVG 536317.0)
[1, 4, 10, 23, 57, 132, 301, 701, 1636, 3693, 8338, 19428]...: 1076993: ACCEPTED IN 2 TRIES, (AVG 538496.5)
[1, 4, 10, 23, 57, 132, 301, 701, 1636, 3693, 8338, 19461]...: 536216: ACCEPTED IN 1 TRIES, (AVG 536216.0)
[1, 4, 10, 23, 57, 132, 301, 701, 1636, 3693, 8338, 19595]...: 2154860: ACCEPTED IN 4 TRIES, (AVG 538715.0)
[1, 4, 10, 23, 57, 132, 301, 701, 1636, 3693, 8338, 19690]...: 537013: ACCEPTED IN 1 TRIES, (AVG 537013.0)
[1, 4, 10, 23, 57, 132, 301, 701, 1636, 3693, 8338, 19725]...: 2155129: ACCEPTED IN 4 TRIES, (AVG 538782.25)
[1, 4, 10, 23, 57, 132, 301, 701, 1636, 3693, 8338, 19826]...: 1077036: ACCEPTED IN 2 TRIES, (AVG 538518.0)
[1, 4, 10, 23, 57, 132, 301, 701, 1636, 3693, 8338, 19857]...: 3235203: ACCEPTED IN 6 TRIES, (AVG 539200.5)
[1, 4, 10, 23, 57, 132, 301, 701, 1636, 3693, 8338, 19926]...: 537386: ACCEPTED IN 1 TRIES, (AVG 537386.0)
[1, 4, 10, 23, 57, 132, 301, 701, 1636, 3693, 8338, 19959]...: 2155986: ACCEPTED IN 4 TRIES, (AVG 538996.5)
