[1, 4, 10, 23, 57, 132, 301, 701, 1654, 3888, 9077, 19971]...: 5936562: ACCEPTED IN 11 TRIES, (AVG 539687.4545454546)
[1, 4, 10, 23, 57, 132, 301, 701, 1654, 3888, 9077, 19975]...: 10808206: ACCEPTED IN 20 TRIES, (AVG 540410.3)
[1, 4, 10, 23, 57, 132, 301, 701, 1654, 3888, 9077, 19979]...: 4856175: ACCEPTED IN 9 TRIES, (AVG 539575.0)
[1, 4, 10, 23, 57, 132, 301, 701, 1654, 3888, 9077, 19983]...: 4313798: ACCEPTED IN 8 TRIES, (AVG 539224.75)
[1, 4, 10, 23, 57, 132, 301, 701, 1654, 3888, 9077, 19987]...: 6477452: ACCEPTED IN 12 TRIES, (AVG 539787.6666666666)
[1, 4, 10, 23, 57, 132, 301, 701, 1654, 3888, 9077, 19991]...: 15137597: ACCEPTED IN 28 TRIES, (AVG 540628.4642857143)
[1, 4, 10, 23, 57, 132, 301, 701, 1654, 3888, 9077, 19995]...: 7561823: ACCEPTED IN 14 TRIES, (AVG 540130.2142857143)
[1, 4, 10, 23, 57, 132, 301, 701, 1654, 3888, 9077, 19999]...: 3774140: ACCEPTED IN 7 TRIES, (AVG 539162.8571428572)
[1, 4, 10, 23, 57, 132, 301, 701, 1654, 3888, 9077, 20008]...: 11890802: ACCEPTED IN 22 TRIES, (AVG 540491.0)
[1, 4, 10, 23, 57, 132, 301, 701, 1654, 3888, 9077, 20012]...: 10267358: ACCEPTED IN 19 TRIES, (AVG 540387.2631578947)
[1, 4, 10, 23, 57, 132, 301, 701, 1654, 3888, 9077, 20016]...: 12430833: ACCEPTED IN 23 TRIES, (AVG 540471.0)
[1, 4, 10, 23, 57, 132, 301, 701, 1654, 3888, 9077, 20020]...: 4313746: ACCEPTED IN 8 TRIES, (AVG 539218.25)
[1, 4, 10, 23, 57, 132, 301, 701, 1654, 3888, 9077, 20028]...: 3232596: ACCEPTED IN 6 TRIES, (AVG 538766.0)
[1, 4, 10, 23, 57, 132, 301, 701, 1654, 3888, 9077, 20032]...: 4314454: ACCEPTED IN 8 TRIES, (AVG 539306.75)
[1, 4, 10, 23, 57, 132, 301, 701, 1654, 3888, 9077, 20040]...: 7561213: ACCEPTED IN 14 TRIES, (AVG 540086.6428571428)
[1, 4, 10, 23, 57, 132, 301, 701, 1654, 3888, 9077, 20041]...: 6478580: ACCEPTED IN 12 TRIES, (AVG 539881.6666666666)
[1, 4, 10, 23, 57, 132, 301, 701, 1654, 3888, 9077, 20045]...: 8642818: ACCEPTED IN 16 TRIES, (AVG 540176.125)
[1, 4, 10, 23, 57, 132, 301, 701, 1654, 3888, 9077, 20049]...: 5937964: ACCEPTED IN 11 TRIES, (AVG 539814.9090909091)
[1, 4, 10, 23, 57, 132, 301, 701, 1654, 3888, 9077, 20053]...: 7020218: ACCEPTED IN 13 TRIES, (AVG 540016.7692307692)
[1, 4, 10, 23, 57, 132, 301, 701, 1654, 3888, 9077, 20057]...: 6479659: ACCEPTED IN 12 TRIES, (AVG 539971.5833333334)
[1, 4, 10, 23, 57, 132, 301, 701, 1654, 3888, 9077, 20074]...: 5938541: ACCEPTED IN 11 TRIES, (AVG 539867.3636363636)
[1, 4, 10, 23, 57, 132, 301, 701, 1654, 3888, 9077, 20078]...: 5397467: ACCEPTED IN 10 TRIES, (AVG 539746.7)
[1, 4, 10, 23, 57, 132, 301, 701, 1654, 3888, 9077, 20082]...: 5937314: ACCEPTED IN 11 TRIES, (AVG 539755.8181818182)
[1, 4, 10, 23, 57, 132, 301, 701, 1654, 3888, 9077, 20086]...: 4855952: ACCEPTED IN 9 TRIES, (AVG 539550.2222222222)
[1, 4, 10, 23, 57, 132, 301, 701, 1654, 3888, 9077, 20090]...: 4856055: ACCEPTED IN 9 TRIES, (AVG 539561.6666666666)
[1, 4, 10, 23, 57, 132, 301, 701, 1654, 3888, 9077, 20094]...: 11347808: ACCEPTED IN 21 TRIES, (AVG 540371.8095238095)
[1, 4, 10, 23, 57, 132, 301, 701, 1654, 3888, 9077, 20107]...: 5937861: ACCEPTED IN 11 TRIES, (AVG 539805.5454545454)
[1, 4, 10, 23, 57, 132, 301, 701, 1654, 3888, 9077, 20111]...: 5396618: ACCEPTED IN 10 TRIES, (AVG 539661.8)
[1, 4, 10, 23, 57, 132, 301, 701, 1654, 3888, 9077, 20115]...: 9725712: ACCEPTED IN 18 TRIES, (AVG 540317.3333333334)
[1, 4, 10, 23, 57, 132, 301, 701, 1654, 3888, 9077, 20119]...: 11348698: ACCEPTED IN 21 TRIES, (AVG 540414.1904761905)
[1, 4, 10, 23, 57, 132, 301, 701, 1654, 3888, 9077, 20123]...: 7559825: ACCEPTED IN 14 TRIES, (AVG 539987.5)
[1, 4, 10, 23, 57, 132, 301, 701, 1654, 3888, 9077, 20127]...: 4314170: ACCEPTED IN 8 TRIES, (AVG 539271.25)
[1, 4, 10, 23, 57, 132, 301, 701, 1654, 3888, 9077, 20131]...: 4855276: ACCEPTED IN 9 TRIES, (AVG 539475.1111111111)
[1, 4, 10, 23, 57, 132, 301, 701, 1654, 3888, 9077, 20140]...: 7561664: ACCEPTED IN 14 TRIES, (AVG 540118.8571428572)
[1, 4, 10, 23, 57, 132, 301, 701, 1654, 3888, 9077, 20144]...: 6477563: ACCEPTED IN 12 TRIES, (AVG 539796.9166666666)
[1, 4, 10, 23, 57, 132, 301, 701, 1654, 3888, 9077, 20148]...: 7019538: ACCEPTED IN 13 TRIES, (AVG 539964.4615384615)
[1, 4, 10, 23, 57, 132, 301, 701, 1654, 3888, 9077, 20152]...: 5394775: ACCEPTED IN 10 TRIES, (AVG 539477.5)
[1, 4, 10, 23, 57, 132, 301, 701, 1654, 3888, 9077, 20160]...: 7019454: ACCEPTED IN 13 TRIES, (AVG 539958.0)
[1, 4, 10, 23, 57, 132, 301, 701, 1654, 3888, 9077, 20164]...: 5396907: ACCEPTED IN 10 TRIES, (AVG 539690.7)
[1, 4, 10, 23, 57, 132, 301, 701, 1654, 3888, 9077, 20172]...: 8102639: ACCEPTED IN 15 TRIES, (AVG 540175.9333333333)
[1, 4, 10, 23, 57, 132, 301, 701, 1654, 3888, 9077, 20173]...: 5397058: ACCEPTED IN 10 TRIES, (AVG 539705.8)
[1, 4, 10, 23, 57, 132, 301, 701, 1654, 3888, 9077, 20177]...: 9726309: ACCEPTED IN 18 TRIES, (AVG 540350.5)
[1, 4, 10, 23, 57, 132, 301, 701, 1654, 3888, 9077, 20181]...: 7558798: ACCEPTED IN 14 TRIES, (AVG 539914.1428571428)
[1, 4, 10, 23, 57, 132, 301, 701, 1654, 3888, 9077, 20185]...: 14054196: ACCEPTED IN 26 TRIES, (AVG 540546.0)
[1, 4, 10, 23, 57, 132, 301, 701, 1654, 3888, 9077, 20189]...: 7020586: ACCEPTED IN 13 TRIES, (AVG 540045.0769230769)
[1, 4, 10, 23, 57, 132, 301, 701, 1654, 3888, 9077, 20201]...: 6478418: ACCEPTED IN 12 TRIES, (AVG 539868.1666666666)
[1, 4, 10, 23, 57, 132, 301, 701, 1654, 3888, 9077, 20210]...: 9182177: ACCEPTED IN 17 TRIES, (AVG 540128.0588235294)
[1, 4, 10, 23, 57, 132, 301, 701, 1654, 3888, 9077, 20214]...: 7560842: ACCEPTED IN 14 TRIES, (AVG 540060.1428571428)
[1, 4, 10, 23, 57, 132, 301, 701, 1654, 3888, 9077, 20218]...: 7019414: ACCEPTED IN 13 TRIES, (AVG 539954.9230769231)
[1, 4, 10, 23, 57, 132, 301, 701, 1654, 3888, 9077, 20222]...: 7561520: ACCEPTED IN 14 TRIES, (AVG 540108.5714285715)
[1, 4, 10, 23, 57, 132, 301, 701, 1654, 3888, 9077, 20226]...: 4856256: ACCEPTED IN 9 TRIES, (AVG 539584.0)
[1, 4, 10, 23, 57, 132, 301, 701, 1654, 3888, 9077, 20239]...: 4855114: ACCEPTED IN 9 TRIES, (AVG 539457.1111111111)
[1, 4, 10, 23, 57, 132, 301, 701, 1654, 3888, 9077, 20243]...: 7561341: ACCEPTED IN 14 TRIES, (AVG 540095.7857142857)
[1, 4, 10, 23, 57, 132, 301, 701, 1654, 3888, 9077, 20247]...: 6477714: ACCEPTED IN 12 TRIES, (AVG 539809.5)
[1, 4, 10, 23, 57, 132, 301, 701, 1654, 3888, 9077, 20251]...: 3774115: ACCEPTED IN 7 TRIES, (AVG 539159.2857142857)
[1, 4, 10, 23, 57, 132, 301, 701, 1654, 3888, 9077, 20255]...: 5937634: ACCEPTED IN 11 TRIES, (AVG 539784.9090909091)
[1, 4, 10, 23, 57, 132, 301, 701, 1654, 3888, 9077, 20259]...: 12430349: ACCEPTED IN 23 TRIES, (AVG 540449.9565217391)
[1, 4, 10, 23, 57, 132, 301, 701, 1654, 3888, 9077, 20263]...: 11888579: ACCEPTED IN 22 TRIES, (AVG 540389.9545454546)
[1, 4, 10, 23, 57, 132, 301, 701, 1654, 3888, 9077, 20272]...: 5396922: ACCEPTED IN 10 TRIES, (AVG 539692.2)
[1, 4, 10, 23, 57, 132, 301, 701, 1654, 3888, 9077, 20276]...: 5397026: ACCEPTED IN 10 TRIES, (AVG 539702.6)
[1, 4, 10, 23, 57, 132, 301, 701, 1654, 3888, 9077, 20280]...: 4314163: ACCEPTED IN 8 TRIES, (AVG 539270.375)
[1, 4, 10, 23, 57, 132, 301, 701, 1654, 3888, 9077, 20284]...: 6478236: ACCEPTED IN 12 TRIES, (AVG 539853.0)
[1, 4, 10, 23, 57, 132, 301, 701, 1654, 3888, 9077, 20292]...: 12972277: ACCEPTED IN 24 TRIES, (AVG 540511.5416666666)
[1, 4, 10, 23, 57, 132, 301, 701, 1654, 3888, 9077, 20296]...: 4314773: ACCEPTED IN 8 TRIES, (AVG 539346.625)
[1, 4, 10, 23, 57, 132, 301, 701, 1654, 3888, 9077, 20300]...: 5397537: ACCEPTED IN 10 TRIES, (AVG 539753.7)
[1, 4, 10, 23, 57, 132, 301, 701, 1654, 3888, 9077, 20309]...: 9185073: ACCEPTED IN 17 TRIES, (AVG 540298.4117647059)
[1, 4, 10, 23, 57, 132, 301, 701, 1654, 3888, 9077, 20313]...: 4854683: ACCEPTED IN 9 TRIES, (AVG 539409.2222222222)
[1, 4, 10, 23, 57, 132, 301, 701, 1654, 3888, 9077, 20317]...: 4314776: ACCEPTED IN 8 TRIES, (AVG 539347.0)
[1, 4, 10, 23, 57, 132, 301, 701, 1654, 3888, 9077, 20321]...: 9725852: ACCEPTED IN 18 TRIES, (AVG 540325.1111111111)
[1, 4, 10, 23, 57, 132, 301, 701, 1654, 3888, 9077, 20333]...: 7020737: ACCEPTED IN 13 TRIES, (AVG 540056.6923076923)
[1, 4, 10, 23, 57, 132, 301, 701, 1654, 3888, 9077, 20342]...: 6479369: ACCEPTED IN 12 TRIES, (AVG 539947.4166666666)
[1, 4, 10, 23, 57, 132, 301, 701, 1654, 3888, 9077, 20346]...: 5397330: ACCEPTED IN 10 TRIES, (AVG 539733.0)
[1, 4, 10, 23, 57, 132, 301, 701, 1654, 3888, 9077, 20350]...: 7020447: ACCEPTED IN 13 TRIES, (AVG 540034.3846153846)
[1, 4, 10, 23, 57, 132, 301, 701, 1654, 3888, 9077, 20354]...: 9184644: ACCEPTED IN 17 TRIES, (AVG 540273.1764705882)
[1, 4, 10, 23, 57, 132, 301, 701, 1654, 3888, 9077, 20358]...: 11890836: ACCEPTED IN 22 TRIES, (AVG 540492.5454545454)
[1, 4, 10, 23, 57, 132, 301, 701, 1654, 3888, 9077, 20371]...: 6476683: ACCEPTED IN 12 TRIES, (AVG 539723.5833333334)
[1, 4, 10, 23, 57, 132, 301, 701, 1654, 3888, 9077, 20375]...: 9726326: ACCEPTED IN 18 TRIES, (AVG 540351.4444444445)
[1, 4, 10, 23, 57, 132, 301, 701, 1654, 3888, 9077, 20379]...: 7020276: ACCEPTED IN 13 TRIES, (AVG 540021.2307692308)
[1, 4, 10, 23, 57, 132, 301, 701, 1654, 3888, 9077, 20383]...: 4855975: ACCEPTED IN 9 TRIES, (AVG 539552.7777777778)
[1, 4, 10, 23, 57, 132, 301, 701, 1654, 3888, 9077, 20387]...: 5397239: ACCEPTED IN 10 TRIES, (AVG 539723.9)
[1, 4, 10, 23, 57, 132, 301, 701, 1654, 3888, 9077, 20391]...: 7020642: ACCEPTED IN 13 TRIES, (AVG 540049.3846153846)
[1, 4, 10, 23, 57, 132, 301, 701, 1654, 3888, 9077, 20395]...: 6478958: ACCEPTED IN 12 TRIES, (AVG 539913.1666666666)
[1, 4, 10, 23, 57, 132, 301, 701, 1654, 3888, 9077, 20408]...: 7020773: ACCEPTED IN 13 TRIES, (AVG 540059.4615384615)
[1, 4, 10, 23, 57, 132, 301, 701, 1654, 3888, 9077, 20412]...: 6479095: ACCEPTED IN 12 TRIES, (AVG 539924.5833333334)
[1, 4, 10, 23, 57, 132, 301, 701, 1654, 3888, 9077, 20416]...: 9185439: ACCEPTED IN 17 TRIES, (AVG 540319.9411764706)
[1, 4, 10, 23, 57, 132, 301, 701, 1654, 3888, 9077, 20424]...: 8103098: ACCEPTED IN 15 TRIES, (AVG 540206.5333333333)
[1, 4, 10, 23, 57, 132, 301, 701, 1654, 3888, 9077, 20428]...: 7020053: ACCEPTED IN 13 TRIES, (AVG 540004.0769230769)
[1, 4, 10, 23, 57, 132, 301, 701, 1654, 3888, 9077, 20432]...: 4855194: ACCEPTED IN 9 TRIES, (AVG 539466.0)
[1, 4, 10, 23, 57, 132, 301, 701, 1654, 3888, 9077, 20441]...: 7019810: ACCEPTED IN 13 TRIES, (AVG 539985.3846153846)
[1, 4, 10, 23, 57, 132, 301, 701, 1654, 3888, 9077, 20445]...: 4856241: ACCEPTED IN 9 TRIES, (AVG 539582.3333333334)
[1, 4, 10, 23, 57, 132, 301, 701, 1654, 3888, 9077, 20449]...: 5938125: ACCEPTED IN 11 TRIES, (AVG 539829.5454545454)
[1, 4, 10, 23, 57, 132, 301, 701, 1654, 3888, 9077, 20453]...: 5937361: ACCEPTED IN 11 TRIES, (AVG 539760.0909090909)
[1, 4, 10, 23, 57, 132, 301, 701, 1654, 3888, 9077, 20465]...: 7019594: ACCEPTED IN 13 TRIES, (AVG 539968.7692307692)
[1, 4, 10, 23, 57, 132, 301, 701, 1654, 3888, 9077, 20474]...: 6479609: ACCEPTED IN 12 TRIES, (AVG 539967.4166666666)
[1, 4, 10, 23, 57, 132, 301, 701, 1654, 3888, 9077, 20478]...: 6479241: ACCEPTED IN 12 TRIES, (AVG 539936.75)
[1, 4, 10, 23, 57, 132, 301, 701, 1654, 3888, 9077, 20482]...: 8102582: ACCEPTED IN 15 TRIES, (AVG 540172.1333333333)
[1, 4, 10, 23, 57, 132, 301, 701, 1654, 3888, 9077, 20486]...: 4853789: ACCEPTED IN 9 TRIES, (AVG 539309.8888888889)
[1, 4, 10, 23, 57, 132, 301, 701, 1654, 3888, 9077, 20490]...: 5938284: ACCEPTED IN 11 TRIES, (AVG 539844.0)
[1, 4, 10, 23, 57, 132, 301, 701, 1654, 3888, 9077, 20511]...: 10267414: ACCEPTED IN 19 TRIES, (AVG 540390.2105263158)
[1, 4, 10, 23, 57, 132, 301, 701, 1654, 3888, 9077, 20515]...: 6478684: ACCEPTED IN 12 TRIES, (AVG 539890.3333333334)
[1, 4, 10, 23, 57, 132, 301, 701, 1654, 3888, 9077, 20519]...: 4854992: ACCEPTED IN 9 TRIES, (AVG 539443.5555555555)
[1, 4, 10, 23, 57, 132, 301, 701, 1654, 3888, 9077, 20523]...: 4855308: ACCEPTED IN 9 TRIES, (AVG 539478.6666666666)
[1, 4, 10, 23, 57, 132, 301, 701, 1654, 3888, 9077, 20527]...: 9726394: ACCEPTED IN 18 TRIES, (AVG 540355.2222222222)
[1, 4, 10, 23, 57, 132, 301, 701, 1654, 3888, 9077, 20540]...: 11346875: ACCEPTED IN 21 TRIES, (AVG 540327.380952381)
[1, 4, 10, 23, 57, 132, 301, 701, 1654, 3888, 9077, 20544]...: 5397356: ACCEPTED IN 10 TRIES, (AVG 539735.6)
[1, 4, 10, 23, 57, 132, 301, 701, 1654, 3888, 9077, 20548]...: 5937220: ACCEPTED IN 11 TRIES, (AVG 539747.2727272727)
[1, 4, 10, 23, 57, 132, 301, 701, 1654, 3888, 9077, 20552]...: 7561085: ACCEPTED IN 14 TRIES, (AVG 540077.5)
[1, 4, 10, 23, 57, 132, 301, 701, 1654, 3888, 9077, 20556]...: 11888138: ACCEPTED IN 22 TRIES, (AVG 540369.9090909091)
[1, 4, 10, 23, 57, 132, 301, 701, 1654, 3888, 9077, 20560]...: 11890220: ACCEPTED IN 22 TRIES, (AVG 540464.5454545454)
[1, 4, 10, 23, 57, 132, 301, 701, 1654, 3888, 9077, 20564]...: 3232050: ACCEPTED IN 6 TRIES, (AVG 538675.0)
[1, 4, 10, 23, 57, 132, 301, 701, 1654, 3888, 9077, 20573]...: 5937806: ACCEPTED IN 11 TRIES, (AVG 539800.5454545454)
[1, 4, 10, 23, 57, 132, 301, 701, 1654, 3888, 9077, 20577]...: 9724919: ACCEPTED IN 18 TRIES, (AVG 540273.2777777778)
[1, 4, 10, 23, 57, 132, 301, 701, 1654, 3888, 9077, 20581]...: 4313855: ACCEPTED IN 8 TRIES, (AVG 539231.875)
[1, 4, 10, 23, 57, 132, 301, 701, 1654, 3888, 9077, 20585]...: 5937076: ACCEPTED IN 11 TRIES, (AVG 539734.1818181818)
[1, 4, 10, 23, 57, 132, 301, 701, 1654, 3888, 9077, 20597]...: 5396598: ACCEPTED IN 10 TRIES, (AVG 539659.8)
[1, 4, 10, 23, 57, 132, 301, 701, 1654, 3888, 9077, 20601]...: 4855877: ACCEPTED IN 9 TRIES, (AVG 539541.8888888889)
[1, 4, 10, 23, 57, 132, 301, 701, 1654, 3888, 9077, 20610]...: 15678626: ACCEPTED IN 29 TRIES, (AVG 540642.275862069)
[1, 4, 10, 23, 57, 132, 301, 701, 1654, 3888, 9077, 20614]...: 6477237: ACCEPTED IN 12 TRIES, (AVG 539769.75)
[1, 4, 10, 23, 57, 132, 301, 701, 1654, 3888, 9077, 20618]...: 6478060: ACCEPTED IN 12 TRIES, (AVG 539838.3333333334)
[1, 4, 10, 23, 57, 132, 301, 701, 1654, 3888, 9077, 20622]...: 5936921: ACCEPTED IN 11 TRIES, (AVG 539720.0909090909)
[1, 4, 10, 23, 57, 132, 301, 701, 1654, 3888, 9077, 20643]...: 12972709: ACCEPTED IN 24 TRIES, (AVG 540529.5416666666)
[1, 4, 10, 23, 57, 132, 301, 701, 1654, 3888, 9077, 20647]...: 11347483: ACCEPTED IN 21 TRIES, (AVG 540356.3333333334)
[1, 4, 10, 23, 57, 132, 301, 701, 1654, 3888, 9077, 20651]...: 5395821: ACCEPTED IN 10 TRIES, (AVG 539582.1)
[1, 4, 10, 23, 57, 132, 301, 701, 1654, 3888, 9077, 20655]...: 4314332: ACCEPTED IN 8 TRIES, (AVG 539291.5)
[1, 4, 10, 23, 57, 132, 301, 701, 1654, 3888, 9077, 20659]...: 5396521: ACCEPTED IN 10 TRIES, (AVG 539652.1)
[1, 4, 10, 23, 57, 132, 301, 701, 1654, 3888, 9077, 20672]...: 6479761: ACCEPTED IN 12 TRIES, (AVG 539980.0833333334)
[1, 4, 10, 23, 57, 132, 301, 701, 1654, 3888, 9077, 20676]...: 11890903: ACCEPTED IN 22 TRIES, (AVG 540495.5909090909)
[1, 4, 10, 23, 57, 132, 301, 701, 1654, 3888, 9077, 20680]...: 3772407: ACCEPTED IN 7 TRIES, (AVG 538915.2857142857)
[1, 4, 10, 23, 57, 132, 301, 701, 1654, 3888, 9077, 20684]...: 5937572: ACCEPTED IN 11 TRIES, (AVG 539779.2727272727)
[1, 4, 10, 23, 57, 132, 301, 701, 1654, 3888, 9077, 20688]...: 8642647: ACCEPTED IN 16 TRIES, (AVG 540165.4375)
[1, 4, 10, 23, 57, 132, 301, 701, 1654, 3888, 9077, 20692]...: 9185305: ACCEPTED IN 17 TRIES, (AVG 540312.0588235294)
[1, 4, 10, 23, 57, 132, 301, 701, 1654, 3888, 9077, 20696]...: 12428716: ACCEPTED IN 23 TRIES, (AVG 540378.9565217391)
[1, 4, 10, 23, 57, 132, 301, 701, 1654, 3888, 9077, 20709]...: 12432054: ACCEPTED IN 23 TRIES, (AVG 540524.0869565217)
[1, 4, 10, 23, 57, 132, 301, 701, 1654, 3888, 9077, 20713]...: 7018432: ACCEPTED IN 13 TRIES, (AVG 539879.3846153846)
[1, 4, 10, 23, 57, 132, 301, 701, 1654, 3888, 9077, 20717]...: 7561357: ACCEPTED IN 14 TRIES, (AVG 540096.9285714285)
[1, 4, 10, 23, 57, 132, 301, 701, 1654, 3888, 9077, 20729]...: 5937677: ACCEPTED IN 11 TRIES, (AVG 539788.8181818182)
[1, 4, 10, 23, 57, 132, 301, 701, 1654, 3888, 9077, 20733]...: 3773047: ACCEPTED IN 7 TRIES, (AVG 539006.7142857143)
[1, 4, 10, 23, 57, 132, 301, 701, 1654, 3888, 9077, 20742]...: 7561237: ACCEPTED IN 14 TRIES, (AVG 540088.3571428572)
[1, 4, 10, 23, 57, 132, 301, 701, 1654, 3888, 9077, 20746]...: 9725836: ACCEPTED IN 18 TRIES, (AVG 540324.2222222222)
[1, 4, 10, 23, 57, 132, 301, 701, 1654, 3888, 9077, 20750]...: 3774063: ACCEPTED IN 7 TRIES, (AVG 539151.8571428572)
[1, 4, 10, 23, 57, 132, 301, 701, 1654, 3888, 9077, 20775]...: 5935073: ACCEPTED IN 11 TRIES, (AVG 539552.0909090909)
[1, 4, 10, 23, 57, 132, 301, 701, 1654, 3888, 9077, 20779]...: 3772930: ACCEPTED IN 7 TRIES, (AVG 538990.0)
[1, 4, 10, 23, 57, 132, 301, 701, 1654, 3888, 9077, 20783]...: 4313497: ACCEPTED IN 8 TRIES, (AVG 539187.125)
[1, 4, 10, 23, 57, 132, 301, 701, 1654, 3888, 9077, 20787]...: 7561658: ACCEPTED IN 14 TRIES, (AVG 540118.4285714285)
[1, 4, 10, 23, 57, 132, 301, 701, 1654, 3888, 9077, 20791]...: 3773918: ACCEPTED IN 7 TRIES, (AVG 539131.1428571428)
[1, 4, 10, 23, 57, 132, 301, 701, 1654, 3888, 9077, 20808]...: 5936908: ACCEPTED IN 11 TRIES, (AVG 539718.9090909091)
[1, 4, 10, 23, 57, 132, 301, 701, 1654, 3888, 9077, 20812]...: 3232559: ACCEPTED IN 6 TRIES, (AVG 538759.8333333334)
[1, 4, 10, 23, 57, 132, 301, 701, 1654, 3888, 9077, 20816]...: 7019224: ACCEPTED IN 13 TRIES, (AVG 539940.3076923077)
[1, 4, 10, 23, 57, 132, 301, 701, 1654, 3888, 9077, 20820]...: 7020029: ACCEPTED IN 13 TRIES, (AVG 540002.2307692308)
[1, 4, 10, 23, 57, 132, 301, 701, 1654, 3888, 9077, 20824]...: 9185477: ACCEPTED IN 17 TRIES, (AVG 540322.1764705882)
[1, 4, 10, 23, 57, 132, 301, 701, 1654, 3888, 9077, 20828]...: 4855896: ACCEPTED IN 9 TRIES, (AVG 539544.0)
[1, 4, 10, 23, 57, 132, 301, 701, 1654, 3888, 9077, 20841]...: 8102253: ACCEPTED IN 15 TRIES, (AVG 540150.2)
[1, 4, 10, 23, 57, 132, 301, 701, 1654, 3888, 9077, 20845]...: 6479071: ACCEPTED IN 12 TRIES, (AVG 539922.5833333334)
[1, 4, 10, 23, 57, 132, 301, 701, 1654, 3888, 9077, 20849]...: 7019447: ACCEPTED IN 13 TRIES, (AVG 539957.4615384615)
[1, 4, 10, 23, 57, 132, 301, 701, 1654, 3888, 9077, 20853]...: 4313232: ACCEPTED IN 8 TRIES, (AVG 539154.0)
[1, 4, 10, 23, 57, 132, 301, 701, 1654, 3888, 9077, 20861]...: 6478337: ACCEPTED IN 12 TRIES, (AVG 539861.4166666666)
[1, 4, 10, 23, 57, 132, 301, 701, 1654, 3888, 9077, 20865]...: 7019365: ACCEPTED IN 13 TRIES, (AVG 539951.1538461539)
[1, 4, 10, 23, 57, 132, 301, 701, 1654, 3888, 9077, 20874]...: 4314481: ACCEPTED IN 8 TRIES, (AVG 539310.125)
[1, 4, 10, 23, 57, 132, 301, 701, 1654, 3888, 9077, 20878]...: 3773303: ACCEPTED IN 7 TRIES, (AVG 539043.2857142857)
[1, 4, 10, 23, 57, 132, 301, 701, 1654, 3888, 9077, 20882]...: 3231160: ACCEPTED IN 6 TRIES, (AVG 538526.6666666666)
[1, 4, 10, 23, 57, 132, 301, 701, 1654, 3888, 9077, 20902]...: 8102685: ACCEPTED IN 15 TRIES, (AVG 540179.0)
[1, 4, 10, 23, 57, 132, 301, 701, 1654, 3888, 9077, 20911]...: 4313391: ACCEPTED IN 8 TRIES, (AVG 539173.875)
[1, 4, 10, 23, 57, 132, 301, 701, 1654, 3888, 9077, 20915]...: 5938044: ACCEPTED IN 11 TRIES, (AVG 539822.1818181818)
[1, 4, 10, 23, 57, 132, 301, 701, 1654, 3888, 9077, 20919]...: 7020148: ACCEPTED IN 13 TRIES, (AVG 540011.3846153846)
[1, 4, 10, 23, 57, 132, 301, 701, 1654, 3888, 9077, 20923]...: 9725013: ACCEPTED IN 18 TRIES, (AVG 540278.5)
[1, 4, 10, 23, 57, 132, 301, 701, 1654, 3888, 9077, 20940]...: 7561918: ACCEPTED IN 14 TRIES, (AVG 540137.0)
[1, 4, 10, 23, 57, 132, 301, 701, 1654, 3888, 9077, 20944]...: 8101316: ACCEPTED IN 15 TRIES, (AVG 540087.7333333333)
[1, 4, 10, 23, 57, 132, 301, 701, 1654, 3888, 9077, 20948]...: 4856234: ACCEPTED IN 9 TRIES, (AVG 539581.5555555555)
[1, 4, 10, 23, 57, 132, 301, 701, 1654, 3888, 9077, 20952]...: 5396214: ACCEPTED IN 10 TRIES, (AVG 539621.4)
[1, 4, 10, 23, 57, 132, 301, 701, 1654, 3888, 9077, 20956]...: 7020343: ACCEPTED IN 13 TRIES, (AVG 540026.3846153846)
[1, 4, 10, 23, 57, 132, 301, 701, 1654, 3888, 9077, 20960]...: 5936032: ACCEPTED IN 11 TRIES, (AVG 539639.2727272727)
[1, 4, 10, 23, 57, 132, 301, 701, 1654, 3888, 9077, 20973]...: 4314857: ACCEPTED IN 8 TRIES, (AVG 539357.125)
[1, 4, 10, 23, 57, 132, 301, 701, 1654, 3888, 9077, 20977]...: 5395648: ACCEPTED IN 10 TRIES, (AVG 539564.8)
[1, 4, 10, 23, 57, 132, 301, 701, 1654, 3888, 9077, 20981]...: 7020119: ACCEPTED IN 13 TRIES, (AVG 540009.1538461539)
[1, 4, 10, 23, 57, 132, 301, 701, 1654, 3888, 9077, 20985]...: 6478385: ACCEPTED IN 12 TRIES, (AVG 539865.4166666666)
[1, 4, 10, 23, 57, 132, 301, 701, 1654, 3888, 9077, 20993]...: 5397516: ACCEPTED IN 10 TRIES, (AVG 539751.6)
[1, 4, 10, 23, 57, 132, 301, 701, 1654, 3888, 9077, 20997]...: 4313013: ACCEPTED IN 8 TRIES, (AVG 539126.625)
[1, 4, 10, 23, 57, 132, 301, 701, 1654, 3888, 9077, 21010]...: 9184314: ACCEPTED IN 17 TRIES, (AVG 540253.7647058824)
[1, 4, 10, 23, 57, 132, 301, 701, 1654, 3888, 9077, 21014]...: 3771135: ACCEPTED IN 7 TRIES, (AVG 538733.5714285715)
[1, 4, 10, 23, 57, 132, 301, 701, 1654, 3888, 9077, 21034]...: 4855395: ACCEPTED IN 9 TRIES, (AVG 539488.3333333334)
[1, 4, 10, 23, 57, 132, 301, 701, 1654, 3888, 9077, 21043]...: 5936308: ACCEPTED IN 11 TRIES, (AVG 539664.3636363636)
[1, 4, 10, 23, 57, 132, 301, 701, 1654, 3888, 9077, 21047]...: 5937199: ACCEPTED IN 11 TRIES, (AVG 539745.3636363636)
[1, 4, 10, 23, 57, 132, 301, 701, 1654, 3888, 9077, 21051]...: 7560967: ACCEPTED IN 14 TRIES, (AVG 540069.0714285715)
[1, 4, 10, 23, 57, 132, 301, 701, 1654, 3888, 9077, 21072]...: 6479110: ACCEPTED IN 12 TRIES, (AVG 539925.8333333334)
[1, 4, 10, 23, 57, 132, 301, 701, 1654, 3888, 9077, 21076]...: 4856325: ACCEPTED IN 9 TRIES, (AVG 539591.6666666666)
[1, 4, 10, 23, 57, 132, 301, 701, 1654, 3888, 9077, 21080]...: 4854058: ACCEPTED IN 9 TRIES, (AVG 539339.7777777778)
[1, 4, 10, 23, 57, 132, 301, 701, 1654, 3888, 9077, 21084]...: 5938622: ACCEPTED IN 11 TRIES, (AVG 539874.7272727273)
[1, 4, 10, 23, 57, 132, 301, 701, 1654, 3888, 9077, 21088]...: 5396875: ACCEPTED IN 10 TRIES, (AVG 539687.5)
[1, 4, 10, 23, 57, 132, 301, 701, 1654, 3888, 9077, 21092]...: 4856213: ACCEPTED IN 9 TRIES, (AVG 539579.2222222222)
[1, 4, 10, 23, 57, 132, 301, 701, 1654, 3888, 9077, 21109]...: 5936577: ACCEPTED IN 11 TRIES, (AVG 539688.8181818182)
[1, 4, 10, 23, 57, 132, 301, 701, 1654, 3888, 9077, 21113]...: 4313712: ACCEPTED IN 8 TRIES, (AVG 539214.0)
[1, 4, 10, 23, 57, 132, 301, 701, 1654, 3888, 9077, 21117]...: 5396360: ACCEPTED IN 10 TRIES, (AVG 539636.0)
[1, 4, 10, 23, 57, 132, 301, 701, 1654, 3888, 9077, 21125]...: 8102538: ACCEPTED IN 15 TRIES, (AVG 540169.2)
[1, 4, 10, 23, 57, 132, 301, 701, 1654, 3888, 9077, 21129]...: 7020200: ACCEPTED IN 13 TRIES, (AVG 540015.3846153846)
[1, 4, 10, 23, 57, 132, 301, 701, 1654, 3888, 9077, 21142]...: 5396057: ACCEPTED IN 10 TRIES, (AVG 539605.7)
[1, 4, 10, 23, 57, 132, 301, 701, 1654, 3888, 9077, 21146]...: 4856180: ACCEPTED IN 9 TRIES, (AVG 539575.5555555555)
[1, 4, 10, 23, 57, 132, 301, 701, 1654, 3888, 9077, 21154]...: 5396322: ACCEPTED IN 10 TRIES, (AVG 539632.2)
[1, 4, 10, 23, 57, 132, 301, 701, 1654, 3888, 9077, 21166]...: 7020756: ACCEPTED IN 13 TRIES, (AVG 540058.1538461539)
[1, 4, 10, 23, 57, 132, 301, 701, 1654, 3888, 9077, 21175]...: 5938390: ACCEPTED IN 11 TRIES, (AVG 539853.6363636364)
[1, 4, 10, 23, 57, 132, 301, 701, 1654, 3888, 9077, 21179]...: 4854586: ACCEPTED IN 9 TRIES, (AVG 539398.4444444445)
[1, 4, 10, 23, 57, 132, 301, 701, 1654, 3888, 9077, 21183]...: 3772378: ACCEPTED IN 7 TRIES, (AVG 538911.1428571428)
[1, 4, 10, 23, 57, 132, 301, 701, 1654, 3888, 9077, 21212]...: 11889983: ACCEPTED IN 22 TRIES, (AVG 540453.7727272727)
[1, 4, 10, 23, 57, 132, 301, 701, 1654, 3888, 9077, 21216]...: 5938379: ACCEPTED IN 11 TRIES, (AVG 539852.6363636364)
[1, 4, 10, 23, 57, 132, 301, 701, 1654, 3888, 9077, 21220]...: 15137752: ACCEPTED IN 28 TRIES, (AVG 540634.0)
[1, 4, 10, 23, 57, 132, 301, 701, 1654, 3888, 9077, 21224]...: 5397528: ACCEPTED IN 10 TRIES, (AVG 539752.8)
[1, 4, 10, 23, 57, 132, 301, 701, 1654, 3888, 9077, 21241]...: 4856083: ACCEPTED IN 9 TRIES, (AVG 539564.7777777778)
[1, 4, 10, 23, 57, 132, 301, 701, 1654, 3888, 9077, 21245]...: 6479132: ACCEPTED IN 12 TRIES, (AVG 539927.6666666666)
[1, 4, 10, 23, 57, 132, 301, 701, 1654, 3888, 9077, 21249]...: 4855030: ACCEPTED IN 9 TRIES, (AVG 539447.7777777778)
[1, 4, 10, 23, 57, 132, 301, 701, 1654, 3888, 9077, 21253]...: 3232984: ACCEPTED IN 6 TRIES, (AVG 538830.6666666666)
[1, 4, 10, 23, 57, 132, 301, 701, 1654, 3888, 9077, 21257]...: 4314967: ACCEPTED IN 8 TRIES, (AVG 539370.875)
[1, 4, 10, 23, 57, 132, 301, 701, 1654, 3888, 9077, 21261]...: 4314689: ACCEPTED IN 8 TRIES, (AVG 539336.125)
[1, 4, 10, 23, 57, 132, 301, 701, 1654, 3888, 9077, 21274]...: 5396090: ACCEPTED IN 10 TRIES, (AVG 539609.0)
[1, 4, 10, 23, 57, 132, 301, 701, 1654, 3888, 9077, 21278]...: 4313790: ACCEPTED IN 8 TRIES, (AVG 539223.75)
[1, 4, 10, 23, 57, 132, 301, 701, 1654, 3888, 9077, 21286]...: 4855111: ACCEPTED IN 9 TRIES, (AVG 539456.7777777778)
[1, 4, 10, 23, 57, 132, 301, 701, 1654, 3888, 9077, 21298]...: 5397461: ACCEPTED IN 10 TRIES, (AVG 539746.1)
[1, 4, 10, 23, 57, 132, 301, 701, 1654, 3888, 9077, 21311]...: 6478479: ACCEPTED IN 12 TRIES, (AVG 539873.25)
[1, 4, 10, 23, 57, 132, 301, 701, 1654, 3888, 9077, 21315]...: 5396818: ACCEPTED IN 10 TRIES, (AVG 539681.8)
[1, 4, 10, 23, 57, 132, 301, 701, 1654, 3888, 9077, 21344]...: 4314066: ACCEPTED IN 8 TRIES, (AVG 539258.25)
[1, 4, 10, 23, 57, 132, 301, 701, 1654, 3888, 9077, 21348]...: 4856365: ACCEPTED IN 9 TRIES, (AVG 539596.1111111111)
[1, 4, 10, 23, 57, 132, 301, 701, 1654, 3888, 9077, 21352]...: 5395406: ACCEPTED IN 10 TRIES, (AVG 539540.6)
[1, 4, 10, 23, 57, 132, 301, 701, 1654, 3888, 9077, 21373]...: 6477391: ACCEPTED IN 12 TRIES, (AVG 539782.5833333334)
[1, 4, 10, 23, 57, 132, 301, 701, 1654, 3888, 9077, 21377]...: 4854883: ACCEPTED IN 9 TRIES, (AVG 539431.4444444445)
[1, 4, 10, 23, 57, 132, 301, 701, 1654, 3888, 9077, 21381]...: 4314640: ACCEPTED IN 8 TRIES, (AVG 539330.0)
[1, 4, 10, 23, 57, 132, 301, 701, 1654, 3888, 9077, 21385]...: 4313934: ACCEPTED IN 8 TRIES, (AVG 539241.75)
[1, 4, 10, 23, 57, 132, 301, 701, 1654, 3888, 9077, 21389]...: 5397492: ACCEPTED IN 10 TRIES, (AVG 539749.2)
[1, 4, 10, 23, 57, 132, 301, 701, 1654, 3888, 9077, 21393]...: 9183614: ACCEPTED IN 17 TRIES, (AVG 540212.5882352941)
[1, 4, 10, 23, 57, 132, 301, 701, 1654, 3888, 9077, 21410]...: 4314875: ACCEPTED IN 8 TRIES, (AVG 539359.375)
[1, 4, 10, 23, 57, 132, 301, 701, 1654, 3888, 9077, 21418]...: 4856019: ACCEPTED IN 9 TRIES, (AVG 539557.6666666666)
[1, 4, 10, 23, 57, 132, 301, 701, 1654, 3888, 9077, 21430]...: 5397052: ACCEPTED IN 10 TRIES, (AVG 539705.2)
[1, 4, 10, 23, 57, 132, 301, 701, 1654, 3888, 9077, 21443]...: 5395259: ACCEPTED IN 10 TRIES, (AVG 539525.9)
[1, 4, 10, 23, 57, 132, 301, 701, 1654, 3888, 9077, 21447]...: 4854438: ACCEPTED IN 9 TRIES, (AVG 539382.0)
[1, 4, 10, 23, 57, 132, 301, 701, 1654, 3888, 9077, 21476]...: 7020624: ACCEPTED IN 13 TRIES, (AVG 540048.0)
[1, 4, 10, 23, 57, 132, 301, 701, 1654, 3888, 9077, 21480]...: 6479326: ACCEPTED IN 12 TRIES, (AVG 539943.8333333334)
[1, 4, 10, 23, 57, 132, 301, 701, 1654, 3888, 9077, 21484]...: 4314128: ACCEPTED IN 8 TRIES, (AVG 539266.0)
[1, 4, 10, 23, 57, 132, 301, 701, 1654, 3888, 9077, 21509]...: 4312758: ACCEPTED IN 8 TRIES, (AVG 539094.75)
[1, 4, 10, 23, 57, 132, 301, 701, 1654, 3888, 9077, 21513]...: 5938389: ACCEPTED IN 11 TRIES, (AVG 539853.5454545454)
[1, 4, 10, 23, 57, 132, 301, 701, 1654, 3888, 9077, 21517]...: 5396917: ACCEPTED IN 10 TRIES, (AVG 539691.7)
[1, 4, 10, 23, 57, 132, 301, 701, 1654, 3888, 9077, 21521]...: 3771724: ACCEPTED IN 7 TRIES, (AVG 538817.7142857143)
[1, 4, 10, 23, 57, 132, 301, 701, 1654, 3888, 9077, 21525]...: 5396817: ACCEPTED IN 10 TRIES, (AVG 539681.7)
[1, 4, 10, 23, 57, 132, 301, 701, 1654, 3888, 9077, 21542]...: 7562125: ACCEPTED IN 14 TRIES, (AVG 540151.7857142857)
[1, 4, 10, 23, 57, 132, 301, 701, 1654, 3888, 9077, 21550]...: 6478724: ACCEPTED IN 12 TRIES, (AVG 539893.6666666666)
[1, 4, 10, 23, 57, 132, 301, 701, 1654, 3888, 9077, 21554]...: 5397142: ACCEPTED IN 10 TRIES, (AVG 539714.2)
[1, 4, 10, 23, 57, 132, 301, 701, 1654, 3888, 9077, 21562]...: 5394759: ACCEPTED IN 10 TRIES, (AVG 539475.9)
[1, 4, 10, 23, 57, 132, 301, 701, 1654, 3888, 9077, 21575]...: 4312756: ACCEPTED IN 8 TRIES, (AVG 539094.5)
[1, 4, 10, 23, 57, 132, 301, 701, 1654, 3888, 9077, 21579]...: 6478833: ACCEPTED IN 12 TRIES, (AVG 539902.75)
[1, 4, 10, 23, 57, 132, 301, 701, 1654, 3888, 9077, 21612]...: 4856120: ACCEPTED IN 9 TRIES, (AVG 539568.8888888889)
[1, 4, 10, 23, 57, 132, 301, 701, 1654, 3888, 9077, 21616]...: 4315133: ACCEPTED IN 8 TRIES, (AVG 539391.625)
[1, 4, 10, 23, 57, 132, 301, 701, 1654, 3888, 9077, 21641]...: 4853529: ACCEPTED IN 9 TRIES, (AVG 539281.0)
[1, 4, 10, 23, 57, 132, 301, 701, 1654, 3888, 9077, 21645]...: 5937166: ACCEPTED IN 11 TRIES, (AVG 539742.3636363636)
[1, 4, 10, 23, 57, 132, 301, 701, 1654, 3888, 9077, 21649]...: 4313736: ACCEPTED IN 8 TRIES, (AVG 539217.0)
[1, 4, 10, 23, 57, 132, 301, 701, 1654, 3888, 9077, 21653]...: 5397533: ACCEPTED IN 10 TRIES, (AVG 539753.3)
[1, 4, 10, 23, 57, 132, 301, 701, 1654, 3888, 9077, 21674]...: 4853701: ACCEPTED IN 9 TRIES, (AVG 539300.1111111111)
[1, 4, 10, 23, 57, 132, 301, 701, 1654, 3888, 9077, 21682]...: 5396440: ACCEPTED IN 10 TRIES, (AVG 539644.0)
[1, 4, 10, 23, 57, 132, 301, 701, 1654, 3888, 9077, 21686]...: 5394754: ACCEPTED IN 10 TRIES, (AVG 539475.4)
[1, 4, 10, 23, 57, 132, 301, 701, 1654, 3888, 9077, 21694]...: 5396865: ACCEPTED IN 10 TRIES, (AVG 539686.5)
[1, 4, 10, 23, 57, 132, 301, 701, 1654, 3888, 9077, 21711]...: 4313301: ACCEPTED IN 8 TRIES, (AVG 539162.625)
[1, 4, 10, 23, 57, 132, 301, 701, 1654, 3888, 9077, 21744]...: 5937837: ACCEPTED IN 11 TRIES, (AVG 539803.3636363636)
[1, 4, 10, 23, 57, 132, 301, 701, 1654, 3888, 9077, 21748]...: 5937987: ACCEPTED IN 11 TRIES, (AVG 539817.0)
[1, 4, 10, 23, 57, 132, 301, 701, 1654, 3888, 9077, 21773]...: 4855847: ACCEPTED IN 9 TRIES, (AVG 539538.5555555555)
[1, 4, 10, 23, 57, 132, 301, 701, 1654, 3888, 9077, 21777]...: 5396332: ACCEPTED IN 10 TRIES, (AVG 539633.2)
[1, 4, 10, 23, 57, 132, 301, 701, 1654, 3888, 9077, 21781]...: 4855219: ACCEPTED IN 9 TRIES, (AVG 539468.7777777778)
