[1, 4, 10, 23, 57, 132, 301, 701, 1654, 3888, 8799, 19362]...: 8102923: ACCEPTED IN 15 TRIES, (AVG 540194.8666666667)
[1, 4, 10, 23, 57, 132, 301, 701, 1654, 3888, 8799, 19416]...: 9725878: ACCEPTED IN 18 TRIES, (AVG 540326.5555555555)
[1, 4, 10, 23, 57, 132, 301, 701, 1654, 3888, 8799, 19428]...: 17841200: ACCEPTED IN 33 TRIES, (AVG 540642.4242424242)
[1, 4, 10, 23, 57, 132, 301, 701, 1654, 3888, 8799, 19453]...: 32453555: ACCEPTED IN 60 TRIES, (AVG 540892.5833333334)
[1, 4, 10, 23, 57, 132, 301, 701, 1654, 3888, 8799, 19457]...: 12431659: ACCEPTED IN 23 TRIES, (AVG 540506.9130434783)
[1, 4, 10, 23, 57, 132, 301, 701, 1654, 3888, 8799, 19461]...: 14595386: ACCEPTED IN 27 TRIES, (AVG 540569.8518518518)
[1, 4, 10, 23, 57, 132, 301, 701, 1654, 3888, 8799, 19490]...: 15677201: ACCEPTED IN 29 TRIES, (AVG 540593.1379310344)
[1, 4, 10, 23, 57, 132, 301, 701, 1654, 3888, 8799, 19494]...: 8103058: ACCEPTED IN 15 TRIES, (AVG 540203.8666666667)
[1, 4, 10, 23, 57, 132, 301, 701, 1654, 3888, 8799, 19548]...: 7019871: ACCEPTED IN 13 TRIES, (AVG 539990.0769230769)
[1, 4, 10, 23, 57, 132, 301, 701, 1654, 3888, 8799, 19560]...: 17842217: ACCEPTED IN 33 TRIES, (AVG 540673.2424242424)
[1, 4, 10, 23, 57, 132, 301, 701, 1654, 3888, 8799, 19585]...: 8103169: ACCEPTED IN 15 TRIES, (AVG 540211.2666666667)
[1, 4, 10, 23, 57, 132, 301, 701, 1654, 3888, 8799, 19589]...: 7020365: ACCEPTED IN 13 TRIES, (AVG 540028.0769230769)
[1, 4, 10, 23, 57, 132, 301, 701, 1654, 3888, 8799, 19622]...: 17842697: ACCEPTED IN 33 TRIES, (AVG 540687.7878787878)
[1, 4, 10, 23, 57, 132, 301, 701, 1654, 3888, 8799, 19626]...: 7559229: ACCEPTED IN 14 TRIES, (AVG 539944.9285714285)
[1, 4, 10, 23, 57, 132, 301, 701, 1654, 3888, 8799, 19663]...: 14592000: ACCEPTED IN 27 TRIES, (AVG 540444.4444444445)
[1, 4, 10, 23, 57, 132, 301, 701, 1654, 3888, 8799, 19680]...: 14596009: ACCEPTED IN 27 TRIES, (AVG 540592.925925926)
[1, 4, 10, 23, 57, 132, 301, 701, 1654, 3888, 8799, 19717]...: 18384022: ACCEPTED IN 34 TRIES, (AVG 540706.5294117647)
[1, 4, 10, 23, 57, 132, 301, 701, 1654, 3888, 8799, 19721]...: 7560356: ACCEPTED IN 14 TRIES, (AVG 540025.4285714285)
[1, 4, 10, 23, 57, 132, 301, 701, 1654, 3888, 8799, 19754]...: 18383871: ACCEPTED IN 34 TRIES, (AVG 540702.0882352941)
[1, 4, 10, 23, 57, 132, 301, 701, 1654, 3888, 8799, 19758]...: 20548904: ACCEPTED IN 38 TRIES, (AVG 540760.6315789474)
[1, 4, 10, 23, 57, 132, 301, 701, 1654, 3888, 8799, 19762]...: 15137937: ACCEPTED IN 28 TRIES, (AVG 540640.6071428572)
[1, 4, 10, 23, 57, 132, 301, 701, 1654, 3888, 8799, 19791]...: 16219821: ACCEPTED IN 30 TRIES, (AVG 540660.7)
[1, 4, 10, 23, 57, 132, 301, 701, 1654, 3888, 8799, 19795]...: 7019641: ACCEPTED IN 13 TRIES, (AVG 539972.3846153846)
[1, 4, 10, 23, 57, 132, 301, 701, 1654, 3888, 8799, 19812]...: 15678892: ACCEPTED IN 29 TRIES, (AVG 540651.448275862)
[1, 4, 10, 23, 57, 132, 301, 701, 1654, 3888, 8799, 19849]...: 7559900: ACCEPTED IN 14 TRIES, (AVG 539992.8571428572)
[1, 4, 10, 23, 57, 132, 301, 701, 1654, 3888, 8799, 19853]...: 15678623: ACCEPTED IN 29 TRIES, (AVG 540642.1724137932)
[1, 4, 10, 23, 57, 132, 301, 701, 1654, 3888, 8799, 19861]...: 15677720: ACCEPTED IN 29 TRIES, (AVG 540611.0344827586)
[1, 4, 10, 23, 57, 132, 301, 701, 1654, 3888, 8799, 19886]...: 5397366: ACCEPTED IN 10 TRIES, (AVG 539736.6)
[1, 4, 10, 23, 57, 132, 301, 701, 1654, 3888, 8799, 19890]...: 15137951: ACCEPTED IN 28 TRIES, (AVG 540641.1071428572)
[1, 4, 10, 23, 57, 132, 301, 701, 1654, 3888, 8799, 19894]...: 8100972: ACCEPTED IN 15 TRIES, (AVG 540064.8)
[1, 4, 10, 23, 57, 132, 301, 701, 1654, 3888, 8799, 19923]...: 15677574: ACCEPTED IN 29 TRIES, (AVG 540606.0)
[1, 4, 10, 23, 57, 132, 301, 701, 1654, 3888, 8799, 19927]...: 7561366: ACCEPTED IN 14 TRIES, (AVG 540097.5714285715)
[1, 4, 10, 23, 57, 132, 301, 701, 1654, 3888, 8799, 19964]...: 14595103: ACCEPTED IN 27 TRIES, (AVG 540559.3703703703)
[1, 4, 10, 23, 57, 132, 301, 701, 1654, 3888, 8799, 19981]...: 8102228: ACCEPTED IN 15 TRIES, (AVG 540148.5333333333)
[1, 4, 10, 23, 57, 132, 301, 701, 1654, 3888, 8799, 19985]...: 28665917: ACCEPTED IN 53 TRIES, (AVG 540866.358490566)
[1, 4, 10, 23, 57, 132, 301, 701, 1654, 3888, 8799, 20013]...: 19466720: ACCEPTED IN 36 TRIES, (AVG 540742.2222222222)
[1, 4, 10, 23, 57, 132, 301, 701, 1654, 3888, 8799, 20018]...: 8102190: ACCEPTED IN 15 TRIES, (AVG 540146.0)
[1, 4, 10, 23, 57, 132, 301, 701, 1654, 3888, 8799, 20022]...: 8102308: ACCEPTED IN 15 TRIES, (AVG 540153.8666666667)
[1, 4, 10, 23, 57, 132, 301, 701, 1654, 3888, 8799, 20026]...: 19465475: ACCEPTED IN 36 TRIES, (AVG 540707.6388888889)
[1, 4, 10, 23, 57, 132, 301, 701, 1654, 3888, 8799, 20055]...: 18384499: ACCEPTED IN 34 TRIES, (AVG 540720.5588235294)
[1, 4, 10, 23, 57, 132, 301, 701, 1654, 3888, 8799, 20059]...: 14596724: ACCEPTED IN 27 TRIES, (AVG 540619.4074074074)
[1, 4, 10, 23, 57, 132, 301, 701, 1654, 3888, 8799, 20063]...: 4313444: ACCEPTED IN 8 TRIES, (AVG 539180.5)
[1, 4, 10, 23, 57, 132, 301, 701, 1654, 3888, 8799, 20092]...: 5937464: ACCEPTED IN 11 TRIES, (AVG 539769.4545454546)
[1, 4, 10, 23, 57, 132, 301, 701, 1654, 3888, 8799, 20096]...: 9725620: ACCEPTED IN 18 TRIES, (AVG 540312.2222222222)
[1, 4, 10, 23, 57, 132, 301, 701, 1654, 3888, 8799, 20113]...: 8101523: ACCEPTED IN 15 TRIES, (AVG 540101.5333333333)
[1, 4, 10, 23, 57, 132, 301, 701, 1654, 3888, 8799, 20117]...: 7561240: ACCEPTED IN 14 TRIES, (AVG 540088.5714285715)
[1, 4, 10, 23, 57, 132, 301, 701, 1654, 3888, 8799, 20145]...: 17842013: ACCEPTED IN 33 TRIES, (AVG 540667.0606060605)
[1, 4, 10, 23, 57, 132, 301, 701, 1654, 3888, 8799, 20150]...: 18384841: ACCEPTED IN 34 TRIES, (AVG 540730.6176470588)
[1, 4, 10, 23, 57, 132, 301, 701, 1654, 3888, 8799, 20154]...: 5937002: ACCEPTED IN 11 TRIES, (AVG 539727.4545454546)
[1, 4, 10, 23, 57, 132, 301, 701, 1654, 3888, 8799, 20158]...: 9724936: ACCEPTED IN 18 TRIES, (AVG 540274.2222222222)
[1, 4, 10, 23, 57, 132, 301, 701, 1654, 3888, 8799, 20162]...: 11349719: ACCEPTED IN 21 TRIES, (AVG 540462.8095238095)
[1, 4, 10, 23, 57, 132, 301, 701, 1654, 3888, 8799, 20187]...: 6477753: ACCEPTED IN 12 TRIES, (AVG 539812.75)
[1, 4, 10, 23, 57, 132, 301, 701, 1654, 3888, 8799, 20191]...: 8103185: ACCEPTED IN 15 TRIES, (AVG 540212.3333333334)
[1, 4, 10, 23, 57, 132, 301, 701, 1654, 3888, 8799, 20195]...: 9725416: ACCEPTED IN 18 TRIES, (AVG 540300.8888888889)
[1, 4, 10, 23, 57, 132, 301, 701, 1654, 3888, 8799, 20224]...: 7020630: ACCEPTED IN 13 TRIES, (AVG 540048.4615384615)
[1, 4, 10, 23, 57, 132, 301, 701, 1654, 3888, 8799, 20228]...: 15136285: ACCEPTED IN 28 TRIES, (AVG 540581.6071428572)
[1, 4, 10, 23, 57, 132, 301, 701, 1654, 3888, 8799, 20249]...: 5396178: ACCEPTED IN 10 TRIES, (AVG 539617.8)
[1, 4, 10, 23, 57, 132, 301, 701, 1654, 3888, 8799, 20265]...: 15678777: ACCEPTED IN 29 TRIES, (AVG 540647.4827586206)
[1, 4, 10, 23, 57, 132, 301, 701, 1654, 3888, 8799, 20282]...: 5397295: ACCEPTED IN 10 TRIES, (AVG 539729.5)
[1, 4, 10, 23, 57, 132, 301, 701, 1654, 3888, 8799, 20286]...: 9726356: ACCEPTED IN 18 TRIES, (AVG 540353.1111111111)
[1, 4, 10, 23, 57, 132, 301, 701, 1654, 3888, 8799, 20290]...: 5938414: ACCEPTED IN 11 TRIES, (AVG 539855.8181818182)
[1, 4, 10, 23, 57, 132, 301, 701, 1654, 3888, 8799, 20319]...: 7560847: ACCEPTED IN 14 TRIES, (AVG 540060.5)
[1, 4, 10, 23, 57, 132, 301, 701, 1654, 3888, 8799, 20323]...: 6478565: ACCEPTED IN 12 TRIES, (AVG 539880.4166666666)
[1, 4, 10, 23, 57, 132, 301, 701, 1654, 3888, 8799, 20327]...: 9184567: ACCEPTED IN 17 TRIES, (AVG 540268.6470588235)
[1, 4, 10, 23, 57, 132, 301, 701, 1654, 3888, 8799, 20356]...: 8102291: ACCEPTED IN 15 TRIES, (AVG 540152.7333333333)
[1, 4, 10, 23, 57, 132, 301, 701, 1654, 3888, 8799, 20360]...: 11890626: ACCEPTED IN 22 TRIES, (AVG 540483.0)
[1, 4, 10, 23, 57, 132, 301, 701, 1654, 3888, 8799, 20364]...: 8101736: ACCEPTED IN 15 TRIES, (AVG 540115.7333333333)
[1, 4, 10, 23, 57, 132, 301, 701, 1654, 3888, 8799, 20381]...: 5397481: ACCEPTED IN 10 TRIES, (AVG 539748.1)
[1, 4, 10, 23, 57, 132, 301, 701, 1654, 3888, 8799, 20397]...: 7560652: ACCEPTED IN 14 TRIES, (AVG 540046.5714285715)
[1, 4, 10, 23, 57, 132, 301, 701, 1654, 3888, 8799, 20414]...: 14055055: ACCEPTED IN 26 TRIES, (AVG 540579.0384615385)
[1, 4, 10, 23, 57, 132, 301, 701, 1654, 3888, 8799, 20418]...: 7561969: ACCEPTED IN 14 TRIES, (AVG 540140.6428571428)
[1, 4, 10, 23, 57, 132, 301, 701, 1654, 3888, 8799, 20422]...: 4313963: ACCEPTED IN 8 TRIES, (AVG 539245.375)
[1, 4, 10, 23, 57, 132, 301, 701, 1654, 3888, 8799, 20451]...: 7561132: ACCEPTED IN 14 TRIES, (AVG 540080.8571428572)
[1, 4, 10, 23, 57, 132, 301, 701, 1654, 3888, 8799, 20455]...: 8101462: ACCEPTED IN 15 TRIES, (AVG 540097.4666666667)
[1, 4, 10, 23, 57, 132, 301, 701, 1654, 3888, 8799, 20459]...: 4854764: ACCEPTED IN 9 TRIES, (AVG 539418.2222222222)
[1, 4, 10, 23, 57, 132, 301, 701, 1654, 3888, 8799, 20488]...: 7020888: ACCEPTED IN 13 TRIES, (AVG 540068.3076923077)
[1, 4, 10, 23, 57, 132, 301, 701, 1654, 3888, 8799, 20492]...: 9184349: ACCEPTED IN 17 TRIES, (AVG 540255.8235294118)
[1, 4, 10, 23, 57, 132, 301, 701, 1654, 3888, 8799, 20496]...: 7561693: ACCEPTED IN 14 TRIES, (AVG 540120.9285714285)
[1, 4, 10, 23, 57, 132, 301, 701, 1654, 3888, 8799, 20513]...: 7559617: ACCEPTED IN 14 TRIES, (AVG 539972.6428571428)
[1, 4, 10, 23, 57, 132, 301, 701, 1654, 3888, 8799, 20525]...: 7020703: ACCEPTED IN 13 TRIES, (AVG 540054.0769230769)
[1, 4, 10, 23, 57, 132, 301, 701, 1654, 3888, 8799, 20529]...: 4856078: ACCEPTED IN 9 TRIES, (AVG 539564.2222222222)
[1, 4, 10, 23, 57, 132, 301, 701, 1654, 3888, 8799, 20542]...: 17843016: ACCEPTED IN 33 TRIES, (AVG 540697.4545454546)
[1, 4, 10, 23, 57, 132, 301, 701, 1654, 3888, 8799, 20550]...: 8098314: ACCEPTED IN 15 TRIES, (AVG 539887.6)
[1, 4, 10, 23, 57, 132, 301, 701, 1654, 3888, 8799, 20554]...: 15137036: ACCEPTED IN 28 TRIES, (AVG 540608.4285714285)
[1, 4, 10, 23, 57, 132, 301, 701, 1654, 3888, 8799, 20583]...: 7559605: ACCEPTED IN 14 TRIES, (AVG 539971.7857142857)
[1, 4, 10, 23, 57, 132, 301, 701, 1654, 3888, 8799, 20587]...: 7020768: ACCEPTED IN 13 TRIES, (AVG 540059.0769230769)
[1, 4, 10, 23, 57, 132, 301, 701, 1654, 3888, 8799, 20591]...: 7561684: ACCEPTED IN 14 TRIES, (AVG 540120.2857142857)
[1, 4, 10, 23, 57, 132, 301, 701, 1654, 3888, 8799, 20595]...: 15677418: ACCEPTED IN 29 TRIES, (AVG 540600.6206896552)
[1, 4, 10, 23, 57, 132, 301, 701, 1654, 3888, 8799, 20620]...: 7020058: ACCEPTED IN 13 TRIES, (AVG 540004.4615384615)
[1, 4, 10, 23, 57, 132, 301, 701, 1654, 3888, 8799, 20624]...: 15678894: ACCEPTED IN 29 TRIES, (AVG 540651.5172413794)
[1, 4, 10, 23, 57, 132, 301, 701, 1654, 3888, 8799, 20628]...: 8642208: ACCEPTED IN 16 TRIES, (AVG 540138.0)
[1, 4, 10, 23, 57, 132, 301, 701, 1654, 3888, 8799, 20657]...: 7020683: ACCEPTED IN 13 TRIES, (AVG 540052.5384615385)
[1, 4, 10, 23, 57, 132, 301, 701, 1654, 3888, 8799, 20661]...: 5937436: ACCEPTED IN 11 TRIES, (AVG 539766.9090909091)
[1, 4, 10, 23, 57, 132, 301, 701, 1654, 3888, 8799, 20665]...: 17841009: ACCEPTED IN 33 TRIES, (AVG 540636.6363636364)
[1, 4, 10, 23, 57, 132, 301, 701, 1654, 3888, 8799, 20674]...: 10808715: ACCEPTED IN 20 TRIES, (AVG 540435.75)
[1, 4, 10, 23, 57, 132, 301, 701, 1654, 3888, 8799, 20682]...: 7020527: ACCEPTED IN 13 TRIES, (AVG 540040.5384615385)
[1, 4, 10, 23, 57, 132, 301, 701, 1654, 3888, 8799, 20686]...: 5397482: ACCEPTED IN 10 TRIES, (AVG 539748.2)
[1, 4, 10, 23, 57, 132, 301, 701, 1654, 3888, 8799, 20715]...: 10266133: ACCEPTED IN 19 TRIES, (AVG 540322.7894736842)
[1, 4, 10, 23, 57, 132, 301, 701, 1654, 3888, 8799, 20719]...: 8101534: ACCEPTED IN 15 TRIES, (AVG 540102.2666666667)
[1, 4, 10, 23, 57, 132, 301, 701, 1654, 3888, 8799, 20723]...: 8102579: ACCEPTED IN 15 TRIES, (AVG 540171.9333333333)
[1, 4, 10, 23, 57, 132, 301, 701, 1654, 3888, 8799, 20752]...: 8101362: ACCEPTED IN 15 TRIES, (AVG 540090.8)
[1, 4, 10, 23, 57, 132, 301, 701, 1654, 3888, 8799, 20756]...: 7019295: ACCEPTED IN 13 TRIES, (AVG 539945.7692307692)
[1, 4, 10, 23, 57, 132, 301, 701, 1654, 3888, 8799, 20760]...: 12973133: ACCEPTED IN 24 TRIES, (AVG 540547.2083333334)
[1, 4, 10, 23, 57, 132, 301, 701, 1654, 3888, 8799, 20764]...: 7018339: ACCEPTED IN 13 TRIES, (AVG 539872.2307692308)
[1, 4, 10, 23, 57, 132, 301, 701, 1654, 3888, 8799, 20789]...: 7020841: ACCEPTED IN 13 TRIES, (AVG 540064.6923076923)
[1, 4, 10, 23, 57, 132, 301, 701, 1654, 3888, 8799, 20793]...: 7558798: ACCEPTED IN 14 TRIES, (AVG 539914.1428571428)
[1, 4, 10, 23, 57, 132, 301, 701, 1654, 3888, 8799, 20797]...: 8102129: ACCEPTED IN 15 TRIES, (AVG 540141.9333333333)
[1, 4, 10, 23, 57, 132, 301, 701, 1654, 3888, 8799, 20806]...: 7560345: ACCEPTED IN 14 TRIES, (AVG 540024.6428571428)
[1, 4, 10, 23, 57, 132, 301, 701, 1654, 3888, 8799, 20814]...: 14596171: ACCEPTED IN 27 TRIES, (AVG 540598.925925926)
[1, 4, 10, 23, 57, 132, 301, 701, 1654, 3888, 8799, 20818]...: 8102751: ACCEPTED IN 15 TRIES, (AVG 540183.4)
[1, 4, 10, 23, 57, 132, 301, 701, 1654, 3888, 8799, 20826]...: 6479517: ACCEPTED IN 12 TRIES, (AVG 539959.75)
[1, 4, 10, 23, 57, 132, 301, 701, 1654, 3888, 8799, 20843]...: 8101181: ACCEPTED IN 15 TRIES, (AVG 540078.7333333333)
[1, 4, 10, 23, 57, 132, 301, 701, 1654, 3888, 8799, 20847]...: 12971406: ACCEPTED IN 24 TRIES, (AVG 540475.25)
[1, 4, 10, 23, 57, 132, 301, 701, 1654, 3888, 8799, 20851]...: 14593648: ACCEPTED IN 27 TRIES, (AVG 540505.4814814815)
[1, 4, 10, 23, 57, 132, 301, 701, 1654, 3888, 8799, 20855]...: 8101945: ACCEPTED IN 15 TRIES, (AVG 540129.6666666666)
[1, 4, 10, 23, 57, 132, 301, 701, 1654, 3888, 8799, 20884]...: 8102405: ACCEPTED IN 15 TRIES, (AVG 540160.3333333334)
[1, 4, 10, 23, 57, 132, 301, 701, 1654, 3888, 8799, 20888]...: 7019547: ACCEPTED IN 13 TRIES, (AVG 539965.1538461539)
[1, 4, 10, 23, 57, 132, 301, 701, 1654, 3888, 8799, 20892]...: 8102313: ACCEPTED IN 15 TRIES, (AVG 540154.2)
[1, 4, 10, 23, 57, 132, 301, 701, 1654, 3888, 8799, 20896]...: 12431587: ACCEPTED IN 23 TRIES, (AVG 540503.7826086957)
[1, 4, 10, 23, 57, 132, 301, 701, 1654, 3888, 8799, 20921]...: 9185192: ACCEPTED IN 17 TRIES, (AVG 540305.4117647059)
[1, 4, 10, 23, 57, 132, 301, 701, 1654, 3888, 8799, 20925]...: 4314769: ACCEPTED IN 8 TRIES, (AVG 539346.125)
[1, 4, 10, 23, 57, 132, 301, 701, 1654, 3888, 8799, 20929]...: 12430815: ACCEPTED IN 23 TRIES, (AVG 540470.2173913043)
[1, 4, 10, 23, 57, 132, 301, 701, 1654, 3888, 8799, 20938]...: 8102697: ACCEPTED IN 15 TRIES, (AVG 540179.8)
[1, 4, 10, 23, 57, 132, 301, 701, 1654, 3888, 8799, 20950]...: 15137780: ACCEPTED IN 28 TRIES, (AVG 540635.0)
[1, 4, 10, 23, 57, 132, 301, 701, 1654, 3888, 8799, 20958]...: 5937542: ACCEPTED IN 11 TRIES, (AVG 539776.5454545454)
[1, 4, 10, 23, 57, 132, 301, 701, 1654, 3888, 8799, 20966]...: 17843703: ACCEPTED IN 33 TRIES, (AVG 540718.2727272727)
[1, 4, 10, 23, 57, 132, 301, 701, 1654, 3888, 8799, 20975]...: 4313313: ACCEPTED IN 8 TRIES, (AVG 539164.125)
[1, 4, 10, 23, 57, 132, 301, 701, 1654, 3888, 8799, 20979]...: 20548936: ACCEPTED IN 38 TRIES, (AVG 540761.4736842106)
[1, 4, 10, 23, 57, 132, 301, 701, 1654, 3888, 8799, 20983]...: 8101675: ACCEPTED IN 15 TRIES, (AVG 540111.6666666666)
[1, 4, 10, 23, 57, 132, 301, 701, 1654, 3888, 8799, 20987]...: 5938628: ACCEPTED IN 11 TRIES, (AVG 539875.2727272727)
[1, 4, 10, 23, 57, 132, 301, 701, 1654, 3888, 8799, 21016]...: 7019242: ACCEPTED IN 13 TRIES, (AVG 539941.6923076923)
[1, 4, 10, 23, 57, 132, 301, 701, 1654, 3888, 8799, 21020]...: 18383146: ACCEPTED IN 34 TRIES, (AVG 540680.7647058824)
[1, 4, 10, 23, 57, 132, 301, 701, 1654, 3888, 8799, 21024]...: 7017733: ACCEPTED IN 13 TRIES, (AVG 539825.6153846154)
[1, 4, 10, 23, 57, 132, 301, 701, 1654, 3888, 8799, 21053]...: 12431436: ACCEPTED IN 23 TRIES, (AVG 540497.2173913043)
[1, 4, 10, 23, 57, 132, 301, 701, 1654, 3888, 8799, 21057]...: 8101303: ACCEPTED IN 15 TRIES, (AVG 540086.8666666667)
[1, 4, 10, 23, 57, 132, 301, 701, 1654, 3888, 8799, 21061]...: 7020288: ACCEPTED IN 13 TRIES, (AVG 540022.1538461539)
[1, 4, 10, 23, 57, 132, 301, 701, 1654, 3888, 8799, 21065]...: 14595332: ACCEPTED IN 27 TRIES, (AVG 540567.8518518518)
[1, 4, 10, 23, 57, 132, 301, 701, 1654, 3888, 8799, 21070]...: 12973182: ACCEPTED IN 24 TRIES, (AVG 540549.25)
[1, 4, 10, 23, 57, 132, 301, 701, 1654, 3888, 8799, 21082]...: 7561946: ACCEPTED IN 14 TRIES, (AVG 540139.0)
[1, 4, 10, 23, 57, 132, 301, 701, 1654, 3888, 8799, 21090]...: 9725469: ACCEPTED IN 18 TRIES, (AVG 540303.8333333334)
[1, 4, 10, 23, 57, 132, 301, 701, 1654, 3888, 8799, 21098]...: 17301521: ACCEPTED IN 32 TRIES, (AVG 540672.53125)
[1, 4, 10, 23, 57, 132, 301, 701, 1654, 3888, 8799, 21107]...: 8643911: ACCEPTED IN 16 TRIES, (AVG 540244.4375)
[1, 4, 10, 23, 57, 132, 301, 701, 1654, 3888, 8799, 21111]...: 19464914: ACCEPTED IN 36 TRIES, (AVG 540692.0555555555)
[1, 4, 10, 23, 57, 132, 301, 701, 1654, 3888, 8799, 21115]...: 15679091: ACCEPTED IN 29 TRIES, (AVG 540658.3103448276)
