[1, 4, 10, 23, 57, 132, 301, 701, 1636, 3860, 8527, 18779]...: 28665156: ACCEPTED IN 53 TRIES, (AVG 540852.0)
[1, 4, 10, 23, 57, 132, 301, 701, 1636, 3860, 8527, 18800]...: 24336027: ACCEPTED IN 45 TRIES, (AVG 540800.6)
[1, 4, 10, 23, 57, 132, 301, 701, 1636, 3860, 8527, 18812]...: 24876810: ACCEPTED IN 46 TRIES, (AVG 540800.2173913043)
[1, 4, 10, 23, 57, 132, 301, 701, 1636, 3860, 8527, 18837]...: 32994281: ACCEPTED IN 61 TRIES, (AVG 540889.8524590164)
[1, 4, 10, 23, 57, 132, 301, 701, 1636, 3860, 8527, 18848]...: 43818186: ACCEPTED IN 81 TRIES, (AVG 540965.2592592592)
[1, 4, 10, 23, 57, 132, 301, 701, 1636, 3860, 8527, 18879]...: 29747260: ACCEPTED IN 55 TRIES, (AVG 540859.2727272727)
[1, 4, 10, 23, 57, 132, 301, 701, 1636, 3860, 8527, 18911]...: 24875385: ACCEPTED IN 46 TRIES, (AVG 540769.2391304348)
[1, 4, 10, 23, 57, 132, 301, 701, 1636, 3860, 8527, 18916]...: 36242020: ACCEPTED IN 67 TRIES, (AVG 540925.671641791)
[1, 4, 10, 23, 57, 132, 301, 701, 1636, 3860, 8527, 18932]...: 20548589: ACCEPTED IN 38 TRIES, (AVG 540752.3421052631)
[1, 4, 10, 23, 57, 132, 301, 701, 1636, 3860, 8527, 18948]...: 25418680: ACCEPTED IN 47 TRIES, (AVG 540822.9787234042)
[1, 4, 10, 23, 57, 132, 301, 701, 1636, 3860, 8527, 18969]...: 31370453: ACCEPTED IN 58 TRIES, (AVG 540869.8793103448)
[1, 4, 10, 23, 57, 132, 301, 701, 1636, 3860, 8527, 18980]...: 15137511: ACCEPTED IN 28 TRIES, (AVG 540625.3928571428)
[1, 4, 10, 23, 57, 132, 301, 701, 1636, 3860, 8527, 19015]...: 16219710: ACCEPTED IN 30 TRIES, (AVG 540657.0)
[1, 4, 10, 23, 57, 132, 301, 701, 1636, 3860, 8527, 19048]...: 17302043: ACCEPTED IN 32 TRIES, (AVG 540688.84375)
[1, 4, 10, 23, 57, 132, 301, 701, 1636, 3860, 8527, 19080]...: 24877411: ACCEPTED IN 46 TRIES, (AVG 540813.2826086957)
[1, 4, 10, 23, 57, 132, 301, 701, 1636, 3860, 8527, 19101]...: 21630974: ACCEPTED IN 40 TRIES, (AVG 540774.35)
[1, 4, 10, 23, 57, 132, 301, 701, 1636, 3860, 8527, 19112]...: 20548769: ACCEPTED IN 38 TRIES, (AVG 540757.0789473684)
[1, 4, 10, 23, 57, 132, 301, 701, 1636, 3860, 8527, 19113]...: 9724352: ACCEPTED IN 18 TRIES, (AVG 540241.7777777778)
[1, 4, 10, 23, 57, 132, 301, 701, 1636, 3860, 8527, 19147]...: 9185075: ACCEPTED IN 17 TRIES, (AVG 540298.5294117647)
[1, 4, 10, 23, 57, 132, 301, 701, 1636, 3860, 8527, 19149]...: 12430252: ACCEPTED IN 23 TRIES, (AVG 540445.7391304348)
[1, 4, 10, 23, 57, 132, 301, 701, 1636, 3860, 8527, 19180]...: 18384416: ACCEPTED IN 34 TRIES, (AVG 540718.1176470588)
[1, 4, 10, 23, 57, 132, 301, 701, 1636, 3860, 8527, 19212]...: 13514113: ACCEPTED IN 25 TRIES, (AVG 540564.52)
[1, 4, 10, 23, 57, 132, 301, 701, 1636, 3860, 8527, 19233]...: 8644379: ACCEPTED IN 16 TRIES, (AVG 540273.6875)
[1, 4, 10, 23, 57, 132, 301, 701, 1636, 3860, 8527, 19249]...: 15137849: ACCEPTED IN 28 TRIES, (AVG 540637.4642857143)
[1, 4, 10, 23, 57, 132, 301, 701, 1636, 3860, 8527, 19279]...: 12430218: ACCEPTED IN 23 TRIES, (AVG 540444.2608695652)
[1, 4, 10, 23, 57, 132, 301, 701, 1636, 3860, 8527, 19281]...: 17301776: ACCEPTED IN 32 TRIES, (AVG 540680.5)
[1, 4, 10, 23, 57, 132, 301, 701, 1636, 3860, 8527, 19316]...: 11349491: ACCEPTED IN 21 TRIES, (AVG 540451.9523809524)
[1, 4, 10, 23, 57, 132, 301, 701, 1636, 3860, 8527, 19381]...: 18384169: ACCEPTED IN 34 TRIES, (AVG 540710.8529411765)
[1, 4, 10, 23, 57, 132, 301, 701, 1636, 3860, 8527, 19413]...: 7560042: ACCEPTED IN 14 TRIES, (AVG 540003.0)
[1, 4, 10, 23, 57, 132, 301, 701, 1636, 3860, 8527, 19414]...: 13512376: ACCEPTED IN 25 TRIES, (AVG 540495.04)
[1, 4, 10, 23, 57, 132, 301, 701, 1636, 3860, 8527, 19448]...: 20546879: ACCEPTED IN 38 TRIES, (AVG 540707.3421052631)
[1, 4, 10, 23, 57, 132, 301, 701, 1636, 3860, 8527, 19513]...: 9185337: ACCEPTED IN 17 TRIES, (AVG 540313.9411764706)
[1, 4, 10, 23, 57, 132, 301, 701, 1636, 3860, 8527, 19550]...: 14055443: ACCEPTED IN 26 TRIES, (AVG 540593.9615384615)
[1, 4, 10, 23, 57, 132, 301, 701, 1636, 3860, 8527, 19580]...: 10267598: ACCEPTED IN 19 TRIES, (AVG 540399.8947368421)
[1, 4, 10, 23, 57, 132, 301, 701, 1636, 3860, 8527, 19617]...: 14595553: ACCEPTED IN 27 TRIES, (AVG 540576.0370370371)
[1, 4, 10, 23, 57, 132, 301, 701, 1636, 3860, 8527, 19681]...: 8643635: ACCEPTED IN 16 TRIES, (AVG 540227.1875)
[1, 4, 10, 23, 57, 132, 301, 701, 1636, 3860, 8527, 19682]...: 10808639: ACCEPTED IN 20 TRIES, (AVG 540431.95)
[1, 4, 10, 23, 57, 132, 301, 701, 1636, 3860, 8527, 19716]...: 14596569: ACCEPTED IN 27 TRIES, (AVG 540613.6666666666)
[1, 4, 10, 23, 57, 132, 301, 701, 1636, 3860, 8527, 19749]...: 9184862: ACCEPTED IN 17 TRIES, (AVG 540286.0)
[1, 4, 10, 23, 57, 132, 301, 701, 1636, 3860, 8527, 19783]...: 14595327: ACCEPTED IN 27 TRIES, (AVG 540567.6666666666)
[1, 4, 10, 23, 57, 132, 301, 701, 1636, 3860, 8527, 19813]...: 10267566: ACCEPTED IN 19 TRIES, (AVG 540398.2105263158)
[1, 4, 10, 23, 57, 132, 301, 701, 1636, 3860, 8527, 19814]...: 11350044: ACCEPTED IN 21 TRIES, (AVG 540478.2857142857)
[1, 4, 10, 23, 57, 132, 301, 701, 1636, 3860, 8527, 19848]...: 15678796: ACCEPTED IN 29 TRIES, (AVG 540648.1379310344)
[1, 4, 10, 23, 57, 132, 301, 701, 1636, 3860, 8527, 19851]...: 20547823: ACCEPTED IN 38 TRIES, (AVG 540732.1842105263)
[1, 4, 10, 23, 57, 132, 301, 701, 1636, 3860, 8527, 19881]...: 9725683: ACCEPTED IN 18 TRIES, (AVG 540315.7222222222)
[1, 4, 10, 23, 57, 132, 301, 701, 1636, 3860, 8527, 19915]...: 14055704: ACCEPTED IN 26 TRIES, (AVG 540604.0)
[1, 4, 10, 23, 57, 132, 301, 701, 1636, 3860, 8527, 19950]...: 7020188: ACCEPTED IN 13 TRIES, (AVG 540014.4615384615)
[1, 4, 10, 23, 57, 132, 301, 701, 1636, 3860, 8527, 19980]...: 12971751: ACCEPTED IN 24 TRIES, (AVG 540489.625)
[1, 4, 10, 23, 57, 132, 301, 701, 1636, 3860, 8527, 19982]...: 12429672: ACCEPTED IN 23 TRIES, (AVG 540420.5217391305)
[1, 4, 10, 23, 57, 132, 301, 701, 1636, 3860, 8527, 19983]...: 12972629: ACCEPTED IN 24 TRIES, (AVG 540526.2083333334)
[1, 4, 10, 23, 57, 132, 301, 701, 1636, 3860, 8527, 20017]...: 11890833: ACCEPTED IN 22 TRIES, (AVG 540492.4090909091)
[1, 4, 10, 23, 57, 132, 301, 701, 1636, 3860, 8527, 20047]...: 7561954: ACCEPTED IN 14 TRIES, (AVG 540139.5714285715)
[1, 4, 10, 23, 57, 132, 301, 701, 1636, 3860, 8527, 20082]...: 11889480: ACCEPTED IN 22 TRIES, (AVG 540430.9090909091)
[1, 4, 10, 23, 57, 132, 301, 701, 1636, 3860, 8527, 20084]...: 12972104: ACCEPTED IN 24 TRIES, (AVG 540504.3333333334)
[1, 4, 10, 23, 57, 132, 301, 701, 1636, 3860, 8527, 20114]...: 15137311: ACCEPTED IN 28 TRIES, (AVG 540618.25)
[1, 4, 10, 23, 57, 132, 301, 701, 1636, 3860, 8527, 20115]...: 19465557: ACCEPTED IN 36 TRIES, (AVG 540709.9166666666)
[1, 4, 10, 23, 57, 132, 301, 701, 1636, 3860, 8527, 20149]...: 11891155: ACCEPTED IN 22 TRIES, (AVG 540507.0454545454)
[1, 4, 10, 23, 57, 132, 301, 701, 1636, 3860, 8527, 20214]...: 9184701: ACCEPTED IN 17 TRIES, (AVG 540276.5294117647)
[1, 4, 10, 23, 57, 132, 301, 701, 1636, 3860, 8527, 20216]...: 21628017: ACCEPTED IN 40 TRIES, (AVG 540700.425)
[1, 4, 10, 23, 57, 132, 301, 701, 1636, 3860, 8527, 20251]...: 14055733: ACCEPTED IN 26 TRIES, (AVG 540605.1153846154)
[1, 4, 10, 23, 57, 132, 301, 701, 1636, 3860, 8527, 20281]...: 15134634: ACCEPTED IN 28 TRIES, (AVG 540522.6428571428)
[1, 4, 10, 23, 57, 132, 301, 701, 1636, 3860, 8527, 20283]...: 12430742: ACCEPTED IN 23 TRIES, (AVG 540467.0434782609)
[1, 4, 10, 23, 57, 132, 301, 701, 1636, 3860, 8527, 20318]...: 10808325: ACCEPTED IN 20 TRIES, (AVG 540416.25)
[1, 4, 10, 23, 57, 132, 301, 701, 1636, 3860, 8527, 20348]...: 15678094: ACCEPTED IN 29 TRIES, (AVG 540623.9310344828)
[1, 4, 10, 23, 57, 132, 301, 701, 1636, 3860, 8527, 20383]...: 14053611: ACCEPTED IN 26 TRIES, (AVG 540523.5)
[1, 4, 10, 23, 57, 132, 301, 701, 1636, 3860, 8527, 20415]...: 20007107: ACCEPTED IN 37 TRIES, (AVG 540732.6216216217)
[1, 4, 10, 23, 57, 132, 301, 701, 1636, 3860, 8527, 20417]...: 11347051: ACCEPTED IN 21 TRIES, (AVG 540335.7619047619)
[1, 4, 10, 23, 57, 132, 301, 701, 1636, 3860, 8527, 20450]...: 14053792: ACCEPTED IN 26 TRIES, (AVG 540530.4615384615)
