[1, 4, 10, 23, 57, 132, 301, 701, 1636, 3860, 8620, 18967]...: 29747424: ACCEPTED IN 55 TRIES, (AVG 540862.2545454545)
[1, 4, 10, 23, 57, 132, 301, 701, 1636, 3860, 8620, 18991]...: 56263380: ACCEPTED IN 104 TRIES, (AVG 540994.0384615385)
[1, 4, 10, 23, 57, 132, 301, 701, 1636, 3860, 8620, 18992]...: 34075820: ACCEPTED IN 63 TRIES, (AVG 540886.0317460317)
[1, 4, 10, 23, 57, 132, 301, 701, 1636, 3860, 8620, 18994]...: 21089478: ACCEPTED IN 39 TRIES, (AVG 540755.8461538461)
[1, 4, 10, 23, 57, 132, 301, 701, 1636, 3860, 8620, 18995]...: 12972317: ACCEPTED IN 24 TRIES, (AVG 540513.2083333334)
[1, 4, 10, 23, 57, 132, 301, 701, 1636, 3860, 8620, 18997]...: 42193693: ACCEPTED IN 78 TRIES, (AVG 540944.782051282)
[1, 4, 10, 23, 57, 132, 301, 701, 1636, 3860, 8620, 19000]...: 11891048: ACCEPTED IN 22 TRIES, (AVG 540502.1818181818)
[1, 4, 10, 23, 57, 132, 301, 701, 1636, 3860, 8620, 19026]...: 27582643: ACCEPTED IN 51 TRIES, (AVG 540836.1372549019)
[1, 4, 10, 23, 57, 132, 301, 701, 1636, 3860, 8620, 19027]...: 31371561: ACCEPTED IN 58 TRIES, (AVG 540888.9827586206)
[1, 4, 10, 23, 57, 132, 301, 701, 1636, 3860, 8620, 19029]...: 28666318: ACCEPTED IN 53 TRIES, (AVG 540873.9245283019)
[1, 4, 10, 23, 57, 132, 301, 701, 1636, 3860, 8620, 19030]...: 21629322: ACCEPTED IN 40 TRIES, (AVG 540733.05)
[1, 4, 10, 23, 57, 132, 301, 701, 1636, 3860, 8620, 19034]...: 14593842: ACCEPTED IN 27 TRIES, (AVG 540512.6666666666)
[1, 4, 10, 23, 57, 132, 301, 701, 1636, 3860, 8620, 19058]...: 27582100: ACCEPTED IN 51 TRIES, (AVG 540825.4901960784)
[1, 4, 10, 23, 57, 132, 301, 701, 1636, 3860, 8620, 19059]...: 34076358: ACCEPTED IN 63 TRIES, (AVG 540894.5714285715)
[1, 4, 10, 23, 57, 132, 301, 701, 1636, 3860, 8620, 19061]...: 17301073: ACCEPTED IN 32 TRIES, (AVG 540658.53125)
[1, 4, 10, 23, 57, 132, 301, 701, 1636, 3860, 8620, 19062]...: 15679138: ACCEPTED IN 29 TRIES, (AVG 540659.9310344828)
[1, 4, 10, 23, 57, 132, 301, 701, 1636, 3860, 8620, 19063]...: 23795100: ACCEPTED IN 44 TRIES, (AVG 540797.7272727273)
[1, 4, 10, 23, 57, 132, 301, 701, 1636, 3860, 8620, 19090]...: 14596208: ACCEPTED IN 27 TRIES, (AVG 540600.2962962963)
[1, 4, 10, 23, 57, 132, 301, 701, 1636, 3860, 8620, 19091]...: 9184491: ACCEPTED IN 17 TRIES, (AVG 540264.1764705882)
[1, 4, 10, 23, 57, 132, 301, 701, 1636, 3860, 8620, 19093]...: 42734924: ACCEPTED IN 79 TRIES, (AVG 540948.4050632912)
[1, 4, 10, 23, 57, 132, 301, 701, 1636, 3860, 8620, 19094]...: 15677839: ACCEPTED IN 29 TRIES, (AVG 540615.1379310344)
[1, 4, 10, 23, 57, 132, 301, 701, 1636, 3860, 8620, 19096]...: 30830171: ACCEPTED IN 57 TRIES, (AVG 540880.1929824562)
[1, 4, 10, 23, 57, 132, 301, 701, 1636, 3860, 8620, 19099]...: 45982565: ACCEPTED IN 85 TRIES, (AVG 540971.3529411765)
[1, 4, 10, 23, 57, 132, 301, 701, 1636, 3860, 8620, 19126]...: 35159399: ACCEPTED IN 65 TRIES, (AVG 540913.8307692307)
[1, 4, 10, 23, 57, 132, 301, 701, 1636, 3860, 8620, 19127]...: 31371255: ACCEPTED IN 58 TRIES, (AVG 540883.7068965518)
[1, 4, 10, 23, 57, 132, 301, 701, 1636, 3860, 8620, 19128]...: 42734870: ACCEPTED IN 79 TRIES, (AVG 540947.7215189873)
[1, 4, 10, 23, 57, 132, 301, 701, 1636, 3860, 8620, 19129]...: 12432108: ACCEPTED IN 23 TRIES, (AVG 540526.4347826086)
[1, 4, 10, 23, 57, 132, 301, 701, 1636, 3860, 8620, 19132]...: 17302139: ACCEPTED IN 32 TRIES, (AVG 540691.84375)
[1, 4, 10, 23, 57, 132, 301, 701, 1636, 3860, 8620, 19133]...: 23253058: ACCEPTED IN 43 TRIES, (AVG 540768.7906976744)
[1, 4, 10, 23, 57, 132, 301, 701, 1636, 3860, 8620, 19158]...: 43816611: ACCEPTED IN 81 TRIES, (AVG 540945.8148148148)
[1, 4, 10, 23, 57, 132, 301, 701, 1636, 3860, 8620, 19160]...: 14596216: ACCEPTED IN 27 TRIES, (AVG 540600.5925925926)
[1, 4, 10, 23, 57, 132, 301, 701, 1636, 3860, 8620, 19161]...: 15679147: ACCEPTED IN 29 TRIES, (AVG 540660.2413793104)
[1, 4, 10, 23, 57, 132, 301, 701, 1636, 3860, 8620, 19162]...: 36242067: ACCEPTED IN 67 TRIES, (AVG 540926.3731343284)
[1, 4, 10, 23, 57, 132, 301, 701, 1636, 3860, 8620, 19164]...: 14593457: ACCEPTED IN 27 TRIES, (AVG 540498.4074074074)
[1, 4, 10, 23, 57, 132, 301, 701, 1636, 3860, 8620, 19165]...: 11890648: ACCEPTED IN 22 TRIES, (AVG 540484.0)
[1, 4, 10, 23, 57, 132, 301, 701, 1636, 3860, 8620, 19166]...: 42193082: ACCEPTED IN 78 TRIES, (AVG 540936.9487179487)
[1, 4, 10, 23, 57, 132, 301, 701, 1636, 3860, 8620, 19190]...: 25958881: ACCEPTED IN 48 TRIES, (AVG 540810.0208333334)
[1, 4, 10, 23, 57, 132, 301, 701, 1636, 3860, 8620, 19192]...: 32994384: ACCEPTED IN 61 TRIES, (AVG 540891.5409836066)
[1, 4, 10, 23, 57, 132, 301, 701, 1636, 3860, 8620, 19193]...: 20548522: ACCEPTED IN 38 TRIES, (AVG 540750.5789473684)
[1, 4, 10, 23, 57, 132, 301, 701, 1636, 3860, 8620, 19194]...: 11349722: ACCEPTED IN 21 TRIES, (AVG 540462.9523809524)
[1, 4, 10, 23, 57, 132, 301, 701, 1636, 3860, 8620, 19201]...: 10807251: ACCEPTED IN 20 TRIES, (AVG 540362.55)
[1, 4, 10, 23, 57, 132, 301, 701, 1636, 3860, 8620, 19225]...: 29747116: ACCEPTED IN 55 TRIES, (AVG 540856.6545454545)
[1, 4, 10, 23, 57, 132, 301, 701, 1636, 3860, 8620, 19227]...: 11890748: ACCEPTED IN 22 TRIES, (AVG 540488.5454545454)
[1, 4, 10, 23, 57, 132, 301, 701, 1636, 3860, 8620, 19228]...: 21630417: ACCEPTED IN 40 TRIES, (AVG 540760.425)
[1, 4, 10, 23, 57, 132, 301, 701, 1636, 3860, 8620, 19231]...: 44900121: ACCEPTED IN 83 TRIES, (AVG 540965.313253012)
[1, 4, 10, 23, 57, 132, 301, 701, 1636, 3860, 8620, 19232]...: 11349636: ACCEPTED IN 21 TRIES, (AVG 540458.8571428572)
[1, 4, 10, 23, 57, 132, 301, 701, 1636, 3860, 8620, 19259]...: 27582793: ACCEPTED IN 51 TRIES, (AVG 540839.0784313725)
[1, 4, 10, 23, 57, 132, 301, 701, 1636, 3860, 8620, 19260]...: 14593991: ACCEPTED IN 27 TRIES, (AVG 540518.1851851852)
[1, 4, 10, 23, 57, 132, 301, 701, 1636, 3860, 8620, 19261]...: 14596438: ACCEPTED IN 27 TRIES, (AVG 540608.8148148148)
[1, 4, 10, 23, 57, 132, 301, 701, 1636, 3860, 8620, 19263]...: 31911629: ACCEPTED IN 59 TRIES, (AVG 540875.0677966102)
[1, 4, 10, 23, 57, 132, 301, 701, 1636, 3860, 8620, 19264]...: 21090095: ACCEPTED IN 39 TRIES, (AVG 540771.6666666666)
[1, 4, 10, 23, 57, 132, 301, 701, 1636, 3860, 8620, 19265]...: 11349782: ACCEPTED IN 21 TRIES, (AVG 540465.8095238095)
[1, 4, 10, 23, 57, 132, 301, 701, 1636, 3860, 8620, 19268]...: 5397287: ACCEPTED IN 10 TRIES, (AVG 539728.7)
[1, 4, 10, 23, 57, 132, 301, 701, 1636, 3860, 8620, 19292]...: 25959767: ACCEPTED IN 48 TRIES, (AVG 540828.4791666666)
[1, 4, 10, 23, 57, 132, 301, 701, 1636, 3860, 8620, 19293]...: 25958769: ACCEPTED IN 48 TRIES, (AVG 540807.6875)
[1, 4, 10, 23, 57, 132, 301, 701, 1636, 3860, 8620, 19294]...: 54099171: ACCEPTED IN 100 TRIES, (AVG 540991.71)
[1, 4, 10, 23, 57, 132, 301, 701, 1636, 3860, 8620, 19295]...: 18384175: ACCEPTED IN 34 TRIES, (AVG 540711.0294117647)
[1, 4, 10, 23, 57, 132, 301, 701, 1636, 3860, 8620, 19296]...: 21629841: ACCEPTED IN 40 TRIES, (AVG 540746.025)
[1, 4, 10, 23, 57, 132, 301, 701, 1636, 3860, 8620, 19297]...: 20548059: ACCEPTED IN 38 TRIES, (AVG 540738.3947368421)
[1, 4, 10, 23, 57, 132, 301, 701, 1636, 3860, 8620, 19298]...: 57887186: ACCEPTED IN 107 TRIES, (AVG 541001.738317757)
[1, 4, 10, 23, 57, 132, 301, 701, 1636, 3860, 8620, 19324]...: 31369944: ACCEPTED IN 58 TRIES, (AVG 540861.1034482758)
[1, 4, 10, 23, 57, 132, 301, 701, 1636, 3860, 8620, 19327]...: 12972939: ACCEPTED IN 24 TRIES, (AVG 540539.125)
[1, 4, 10, 23, 57, 132, 301, 701, 1636, 3860, 8620, 19330]...: 11348773: ACCEPTED IN 21 TRIES, (AVG 540417.7619047619)
[1, 4, 10, 23, 57, 132, 301, 701, 1636, 3860, 8620, 19331]...: 14594726: ACCEPTED IN 27 TRIES, (AVG 540545.4074074074)
[1, 4, 10, 23, 57, 132, 301, 701, 1636, 3860, 8620, 19333]...: 23795392: ACCEPTED IN 44 TRIES, (AVG 540804.3636363636)
[1, 4, 10, 23, 57, 132, 301, 701, 1636, 3860, 8620, 19335]...: 10807470: ACCEPTED IN 20 TRIES, (AVG 540373.5)
[1, 4, 10, 23, 57, 132, 301, 701, 1636, 3860, 8620, 19359]...: 33534207: ACCEPTED IN 62 TRIES, (AVG 540874.3064516129)
[1, 4, 10, 23, 57, 132, 301, 701, 1636, 3860, 8620, 19360]...: 14596494: ACCEPTED IN 27 TRIES, (AVG 540610.8888888889)
[1, 4, 10, 23, 57, 132, 301, 701, 1636, 3860, 8620, 19362]...: 14055450: ACCEPTED IN 26 TRIES, (AVG 540594.2307692308)
[1, 4, 10, 23, 57, 132, 301, 701, 1636, 3860, 8620, 19363]...: 11349224: ACCEPTED IN 21 TRIES, (AVG 540439.2380952381)
[1, 4, 10, 23, 57, 132, 301, 701, 1636, 3860, 8620, 19364]...: 11348150: ACCEPTED IN 21 TRIES, (AVG 540388.0952380953)
[1, 4, 10, 23, 57, 132, 301, 701, 1636, 3860, 8620, 19367]...: 11347461: ACCEPTED IN 21 TRIES, (AVG 540355.2857142857)
[1, 4, 10, 23, 57, 132, 301, 701, 1636, 3860, 8620, 19391]...: 11349044: ACCEPTED IN 21 TRIES, (AVG 540430.6666666666)
[1, 4, 10, 23, 57, 132, 301, 701, 1636, 3860, 8620, 19392]...: 24337221: ACCEPTED IN 45 TRIES, (AVG 540827.1333333333)
[1, 4, 10, 23, 57, 132, 301, 701, 1636, 3860, 8620, 19394]...: 6479328: ACCEPTED IN 12 TRIES, (AVG 539944.0)
[1, 4, 10, 23, 57, 132, 301, 701, 1636, 3860, 8620, 19395]...: 21631542: ACCEPTED IN 40 TRIES, (AVG 540788.55)
[1, 4, 10, 23, 57, 132, 301, 701, 1636, 3860, 8620, 19396]...: 37865372: ACCEPTED IN 70 TRIES, (AVG 540933.8857142857)
[1, 4, 10, 23, 57, 132, 301, 701, 1636, 3860, 8620, 19397]...: 11891083: ACCEPTED IN 22 TRIES, (AVG 540503.7727272727)
[1, 4, 10, 23, 57, 132, 301, 701, 1636, 3860, 8620, 19400]...: 11889741: ACCEPTED IN 22 TRIES, (AVG 540442.7727272727)
[1, 4, 10, 23, 57, 132, 301, 701, 1636, 3860, 8620, 19426]...: 17299934: ACCEPTED IN 32 TRIES, (AVG 540622.9375)
[1, 4, 10, 23, 57, 132, 301, 701, 1636, 3860, 8620, 19427]...: 12432130: ACCEPTED IN 23 TRIES, (AVG 540527.3913043478)
[1, 4, 10, 23, 57, 132, 301, 701, 1636, 3860, 8620, 19428]...: 10808772: ACCEPTED IN 20 TRIES, (AVG 540438.6)
[1, 4, 10, 23, 57, 132, 301, 701, 1636, 3860, 8620, 19429]...: 42192204: ACCEPTED IN 78 TRIES, (AVG 540925.6923076923)
[1, 4, 10, 23, 57, 132, 301, 701, 1636, 3860, 8620, 19430]...: 21629767: ACCEPTED IN 40 TRIES, (AVG 540744.175)
[1, 4, 10, 23, 57, 132, 301, 701, 1636, 3860, 8620, 19459]...: 22711447: ACCEPTED IN 42 TRIES, (AVG 540748.7380952381)
[1, 4, 10, 23, 57, 132, 301, 701, 1636, 3860, 8620, 19461]...: 12432310: ACCEPTED IN 23 TRIES, (AVG 540535.2173913043)
[1, 4, 10, 23, 57, 132, 301, 701, 1636, 3860, 8620, 19462]...: 20007939: ACCEPTED IN 37 TRIES, (AVG 540755.1081081082)
[1, 4, 10, 23, 57, 132, 301, 701, 1636, 3860, 8620, 19463]...: 39488480: ACCEPTED IN 73 TRIES, (AVG 540938.0821917808)
[1, 4, 10, 23, 57, 132, 301, 701, 1636, 3860, 8620, 19465]...: 31912954: ACCEPTED IN 59 TRIES, (AVG 540897.5254237289)
[1, 4, 10, 23, 57, 132, 301, 701, 1636, 3860, 8620, 19466]...: 17843023: ACCEPTED IN 33 TRIES, (AVG 540697.6666666666)
[1, 4, 10, 23, 57, 132, 301, 701, 1636, 3860, 8620, 19467]...: 14594018: ACCEPTED IN 27 TRIES, (AVG 540519.1851851852)
[1, 4, 10, 23, 57, 132, 301, 701, 1636, 3860, 8620, 19491]...: 32993693: ACCEPTED IN 61 TRIES, (AVG 540880.2131147541)
[1, 4, 10, 23, 57, 132, 301, 701, 1636, 3860, 8620, 19493]...: 14595608: ACCEPTED IN 27 TRIES, (AVG 540578.074074074)
[1, 4, 10, 23, 57, 132, 301, 701, 1636, 3860, 8620, 19494]...: 9725953: ACCEPTED IN 18 TRIES, (AVG 540330.7222222222)
[1, 4, 10, 23, 57, 132, 301, 701, 1636, 3860, 8620, 19495]...: 8643678: ACCEPTED IN 16 TRIES, (AVG 540229.875)
[1, 4, 10, 23, 57, 132, 301, 701, 1636, 3860, 8620, 19496]...: 11890271: ACCEPTED IN 22 TRIES, (AVG 540466.8636363636)
[1, 4, 10, 23, 57, 132, 301, 701, 1636, 3860, 8620, 19499]...: 15137953: ACCEPTED IN 28 TRIES, (AVG 540641.1785714285)
[1, 4, 10, 23, 57, 132, 301, 701, 1636, 3860, 8620, 19502]...: 5936413: ACCEPTED IN 11 TRIES, (AVG 539673.9090909091)
[1, 4, 10, 23, 57, 132, 301, 701, 1636, 3860, 8620, 19526]...: 30288096: ACCEPTED IN 56 TRIES, (AVG 540858.8571428572)
[1, 4, 10, 23, 57, 132, 301, 701, 1636, 3860, 8620, 19527]...: 48687029: ACCEPTED IN 90 TRIES, (AVG 540966.9888888889)
[1, 4, 10, 23, 57, 132, 301, 701, 1636, 3860, 8620, 19528]...: 14594803: ACCEPTED IN 27 TRIES, (AVG 540548.2592592592)
[1, 4, 10, 23, 57, 132, 301, 701, 1636, 3860, 8620, 19529]...: 14595147: ACCEPTED IN 27 TRIES, (AVG 540561.0)
[1, 4, 10, 23, 57, 132, 301, 701, 1636, 3860, 8620, 19532]...: 10806043: ACCEPTED IN 20 TRIES, (AVG 540302.15)
[1, 4, 10, 23, 57, 132, 301, 701, 1636, 3860, 8620, 19533]...: 11349873: ACCEPTED IN 21 TRIES, (AVG 540470.1428571428)
[1, 4, 10, 23, 57, 132, 301, 701, 1636, 3860, 8620, 19558]...: 11349875: ACCEPTED IN 21 TRIES, (AVG 540470.2380952381)
[1, 4, 10, 23, 57, 132, 301, 701, 1636, 3860, 8620, 19560]...: 10267509: ACCEPTED IN 19 TRIES, (AVG 540395.2105263158)
[1, 4, 10, 23, 57, 132, 301, 701, 1636, 3860, 8620, 19561]...: 24337277: ACCEPTED IN 45 TRIES, (AVG 540828.3777777777)
[1, 4, 10, 23, 57, 132, 301, 701, 1636, 3860, 8620, 19562]...: 12972103: ACCEPTED IN 24 TRIES, (AVG 540504.2916666666)
[1, 4, 10, 23, 57, 132, 301, 701, 1636, 3860, 8620, 19564]...: 12430152: ACCEPTED IN 23 TRIES, (AVG 540441.3913043478)
[1, 4, 10, 23, 57, 132, 301, 701, 1636, 3860, 8620, 19565]...: 20007501: ACCEPTED IN 37 TRIES, (AVG 540743.2702702703)
[1, 4, 10, 23, 57, 132, 301, 701, 1636, 3860, 8620, 19566]...: 22713296: ACCEPTED IN 42 TRIES, (AVG 540792.7619047619)
[1, 4, 10, 23, 57, 132, 301, 701, 1636, 3860, 8620, 19569]...: 11349823: ACCEPTED IN 21 TRIES, (AVG 540467.7619047619)
[1, 4, 10, 23, 57, 132, 301, 701, 1636, 3860, 8620, 19593]...: 11348525: ACCEPTED IN 21 TRIES, (AVG 540405.9523809524)
[1, 4, 10, 23, 57, 132, 301, 701, 1636, 3860, 8620, 19594]...: 14054583: ACCEPTED IN 26 TRIES, (AVG 540560.8846153846)
[1, 4, 10, 23, 57, 132, 301, 701, 1636, 3860, 8620, 19595]...: 25419273: ACCEPTED IN 47 TRIES, (AVG 540835.5957446808)
[1, 4, 10, 23, 57, 132, 301, 701, 1636, 3860, 8620, 19596]...: 10806811: ACCEPTED IN 20 TRIES, (AVG 540340.55)
[1, 4, 10, 23, 57, 132, 301, 701, 1636, 3860, 8620, 19597]...: 22712437: ACCEPTED IN 42 TRIES, (AVG 540772.3095238095)
[1, 4, 10, 23, 57, 132, 301, 701, 1636, 3860, 8620, 19598]...: 21630782: ACCEPTED IN 40 TRIES, (AVG 540769.55)
[1, 4, 10, 23, 57, 132, 301, 701, 1636, 3860, 8620, 19599]...: 26500047: ACCEPTED IN 49 TRIES, (AVG 540817.2857142857)
[1, 4, 10, 23, 57, 132, 301, 701, 1636, 3860, 8620, 19601]...: 8642253: ACCEPTED IN 16 TRIES, (AVG 540140.8125)
[1, 4, 10, 23, 57, 132, 301, 701, 1636, 3860, 8620, 19625]...: 7020201: ACCEPTED IN 13 TRIES, (AVG 540015.4615384615)
[1, 4, 10, 23, 57, 132, 301, 701, 1636, 3860, 8620, 19628]...: 14596013: ACCEPTED IN 27 TRIES, (AVG 540593.074074074)
[1, 4, 10, 23, 57, 132, 301, 701, 1636, 3860, 8620, 19631]...: 11346264: ACCEPTED IN 21 TRIES, (AVG 540298.2857142857)
[1, 4, 10, 23, 57, 132, 301, 701, 1636, 3860, 8620, 19632]...: 10267210: ACCEPTED IN 19 TRIES, (AVG 540379.4736842106)
[1, 4, 10, 23, 57, 132, 301, 701, 1636, 3860, 8620, 19634]...: 10266900: ACCEPTED IN 19 TRIES, (AVG 540363.1578947369)
[1, 4, 10, 23, 57, 132, 301, 701, 1636, 3860, 8620, 19659]...: 10266912: ACCEPTED IN 19 TRIES, (AVG 540363.7894736842)
[1, 4, 10, 23, 57, 132, 301, 701, 1636, 3860, 8620, 19660]...: 5938390: ACCEPTED IN 11 TRIES, (AVG 539853.6363636364)
[1, 4, 10, 23, 57, 132, 301, 701, 1636, 3860, 8620, 19661]...: 10808726: ACCEPTED IN 20 TRIES, (AVG 540436.3)
[1, 4, 10, 23, 57, 132, 301, 701, 1636, 3860, 8620, 19663]...: 11348699: ACCEPTED IN 21 TRIES, (AVG 540414.2380952381)
[1, 4, 10, 23, 57, 132, 301, 701, 1636, 3860, 8620, 19664]...: 11349453: ACCEPTED IN 21 TRIES, (AVG 540450.1428571428)
[1, 4, 10, 23, 57, 132, 301, 701, 1636, 3860, 8620, 19665]...: 11891090: ACCEPTED IN 22 TRIES, (AVG 540504.0909090909)
[1, 4, 10, 23, 57, 132, 301, 701, 1636, 3860, 8620, 19668]...: 10808404: ACCEPTED IN 20 TRIES, (AVG 540420.2)
[1, 4, 10, 23, 57, 132, 301, 701, 1636, 3860, 8620, 19692]...: 14594625: ACCEPTED IN 27 TRIES, (AVG 540541.6666666666)
[1, 4, 10, 23, 57, 132, 301, 701, 1636, 3860, 8620, 19693]...: 14596613: ACCEPTED IN 27 TRIES, (AVG 540615.2962962963)
[1, 4, 10, 23, 57, 132, 301, 701, 1636, 3860, 8620, 19695]...: 9725666: ACCEPTED IN 18 TRIES, (AVG 540314.7777777778)
[1, 4, 10, 23, 57, 132, 301, 701, 1636, 3860, 8620, 19696]...: 21631072: ACCEPTED IN 40 TRIES, (AVG 540776.8)
[1, 4, 10, 23, 57, 132, 301, 701, 1636, 3860, 8620, 19697]...: 38945878: ACCEPTED IN 72 TRIES, (AVG 540914.9722222222)
[1, 4, 10, 23, 57, 132, 301, 701, 1636, 3860, 8620, 19698]...: 46523702: ACCEPTED IN 86 TRIES, (AVG 540973.2790697674)
[1, 4, 10, 23, 57, 132, 301, 701, 1636, 3860, 8620, 19701]...: 20548408: ACCEPTED IN 38 TRIES, (AVG 540747.5789473684)
[1, 4, 10, 23, 57, 132, 301, 701, 1636, 3860, 8620, 19727]...: 10807985: ACCEPTED IN 20 TRIES, (AVG 540399.25)
[1, 4, 10, 23, 57, 132, 301, 701, 1636, 3860, 8620, 19728]...: 5935893: ACCEPTED IN 11 TRIES, (AVG 539626.6363636364)
[1, 4, 10, 23, 57, 132, 301, 701, 1636, 3860, 8620, 19729]...: 6477587: ACCEPTED IN 12 TRIES, (AVG 539798.9166666666)
[1, 4, 10, 23, 57, 132, 301, 701, 1636, 3860, 8620, 19730]...: 9184031: ACCEPTED IN 17 TRIES, (AVG 540237.1176470588)
[1, 4, 10, 23, 57, 132, 301, 701, 1636, 3860, 8620, 19731]...: 9184306: ACCEPTED IN 17 TRIES, (AVG 540253.2941176471)
[1, 4, 10, 23, 57, 132, 301, 701, 1636, 3860, 8620, 19733]...: 14596491: ACCEPTED IN 27 TRIES, (AVG 540610.7777777778)
[1, 4, 10, 23, 57, 132, 301, 701, 1636, 3860, 8620, 19760]...: 7020845: ACCEPTED IN 13 TRIES, (AVG 540065.0)
[1, 4, 10, 23, 57, 132, 301, 701, 1636, 3860, 8620, 19762]...: 8644092: ACCEPTED IN 16 TRIES, (AVG 540255.75)
[1, 4, 10, 23, 57, 132, 301, 701, 1636, 3860, 8620, 19763]...: 10808151: ACCEPTED IN 20 TRIES, (AVG 540407.55)
[1, 4, 10, 23, 57, 132, 301, 701, 1636, 3860, 8620, 19764]...: 11891012: ACCEPTED IN 22 TRIES, (AVG 540500.5454545454)
[1, 4, 10, 23, 57, 132, 301, 701, 1636, 3860, 8620, 19766]...: 10806155: ACCEPTED IN 20 TRIES, (AVG 540307.75)
[1, 4, 10, 23, 57, 132, 301, 701, 1636, 3860, 8620, 19767]...: 12432191: ACCEPTED IN 23 TRIES, (AVG 540530.0434782609)
[1, 4, 10, 23, 57, 132, 301, 701, 1636, 3860, 8620, 19791]...: 18924718: ACCEPTED IN 35 TRIES, (AVG 540706.2285714286)
[1, 4, 10, 23, 57, 132, 301, 701, 1636, 3860, 8620, 19792]...: 5938072: ACCEPTED IN 11 TRIES, (AVG 539824.7272727273)
[1, 4, 10, 23, 57, 132, 301, 701, 1636, 3860, 8620, 19794]...: 12972474: ACCEPTED IN 24 TRIES, (AVG 540519.75)
[1, 4, 10, 23, 57, 132, 301, 701, 1636, 3860, 8620, 19795]...: 12972425: ACCEPTED IN 24 TRIES, (AVG 540517.7083333334)
[1, 4, 10, 23, 57, 132, 301, 701, 1636, 3860, 8620, 19796]...: 10807777: ACCEPTED IN 20 TRIES, (AVG 540388.85)
[1, 4, 10, 23, 57, 132, 301, 701, 1636, 3860, 8620, 19797]...: 23793217: ACCEPTED IN 44 TRIES, (AVG 540754.9318181818)
[1, 4, 10, 23, 57, 132, 301, 701, 1636, 3860, 8620, 19800]...: 9185076: ACCEPTED IN 17 TRIES, (AVG 540298.5882352941)
[1, 4, 10, 23, 57, 132, 301, 701, 1636, 3860, 8620, 19803]...: 9185425: ACCEPTED IN 17 TRIES, (AVG 540319.1176470588)
[1, 4, 10, 23, 57, 132, 301, 701, 1636, 3860, 8620, 19827]...: 25416994: ACCEPTED IN 47 TRIES, (AVG 540787.1063829787)
[1, 4, 10, 23, 57, 132, 301, 701, 1636, 3860, 8620, 19828]...: 13514042: ACCEPTED IN 25 TRIES, (AVG 540561.68)
[1, 4, 10, 23, 57, 132, 301, 701, 1636, 3860, 8620, 19829]...: 11348716: ACCEPTED IN 21 TRIES, (AVG 540415.0476190476)
[1, 4, 10, 23, 57, 132, 301, 701, 1636, 3860, 8620, 19830]...: 12429706: ACCEPTED IN 23 TRIES, (AVG 540422.0)
[1, 4, 10, 23, 57, 132, 301, 701, 1636, 3860, 8620, 19833]...: 11890411: ACCEPTED IN 22 TRIES, (AVG 540473.2272727273)
[1, 4, 10, 23, 57, 132, 301, 701, 1636, 3860, 8620, 19834]...: 11349283: ACCEPTED IN 21 TRIES, (AVG 540442.0476190476)
[1, 4, 10, 23, 57, 132, 301, 701, 1636, 3860, 8620, 19859]...: 12972208: ACCEPTED IN 24 TRIES, (AVG 540508.6666666666)
[1, 4, 10, 23, 57, 132, 301, 701, 1636, 3860, 8620, 19861]...: 26501538: ACCEPTED IN 49 TRIES, (AVG 540847.7142857143)
[1, 4, 10, 23, 57, 132, 301, 701, 1636, 3860, 8620, 19862]...: 14594232: ACCEPTED IN 27 TRIES, (AVG 540527.1111111111)
[1, 4, 10, 23, 57, 132, 301, 701, 1636, 3860, 8620, 19863]...: 11347991: ACCEPTED IN 21 TRIES, (AVG 540380.5238095238)
[1, 4, 10, 23, 57, 132, 301, 701, 1636, 3860, 8620, 19865]...: 25418236: ACCEPTED IN 47 TRIES, (AVG 540813.5319148937)
[1, 4, 10, 23, 57, 132, 301, 701, 1636, 3860, 8620, 19866]...: 10807794: ACCEPTED IN 20 TRIES, (AVG 540389.7)
[1, 4, 10, 23, 57, 132, 301, 701, 1636, 3860, 8620, 19867]...: 11348798: ACCEPTED IN 21 TRIES, (AVG 540418.9523809524)
[1, 4, 10, 23, 57, 132, 301, 701, 1636, 3860, 8620, 19893]...: 24878243: ACCEPTED IN 46 TRIES, (AVG 540831.3695652174)
[1, 4, 10, 23, 57, 132, 301, 701, 1636, 3860, 8620, 19894]...: 10808899: ACCEPTED IN 20 TRIES, (AVG 540444.95)
[1, 4, 10, 23, 57, 132, 301, 701, 1636, 3860, 8620, 19895]...: 12431248: ACCEPTED IN 23 TRIES, (AVG 540489.0434782609)
[1, 4, 10, 23, 57, 132, 301, 701, 1636, 3860, 8620, 19896]...: 15678499: ACCEPTED IN 29 TRIES, (AVG 540637.8965517242)
[1, 4, 10, 23, 57, 132, 301, 701, 1636, 3860, 8620, 19897]...: 17300895: ACCEPTED IN 32 TRIES, (AVG 540652.96875)
[1, 4, 10, 23, 57, 132, 301, 701, 1636, 3860, 8620, 19898]...: 10808897: ACCEPTED IN 20 TRIES, (AVG 540444.85)
[1, 4, 10, 23, 57, 132, 301, 701, 1636, 3860, 8620, 19899]...: 15137700: ACCEPTED IN 28 TRIES, (AVG 540632.1428571428)
[1, 4, 10, 23, 57, 132, 301, 701, 1636, 3860, 8620, 19902]...: 15135885: ACCEPTED IN 28 TRIES, (AVG 540567.3214285715)
[1, 4, 10, 23, 57, 132, 301, 701, 1636, 3860, 8620, 19926]...: 9726547: ACCEPTED IN 18 TRIES, (AVG 540363.7222222222)
[1, 4, 10, 23, 57, 132, 301, 701, 1636, 3860, 8620, 19929]...: 10805812: ACCEPTED IN 20 TRIES, (AVG 540290.6)
[1, 4, 10, 23, 57, 132, 301, 701, 1636, 3860, 8620, 19932]...: 10808623: ACCEPTED IN 20 TRIES, (AVG 540431.15)
[1, 4, 10, 23, 57, 132, 301, 701, 1636, 3860, 8620, 19933]...: 11349720: ACCEPTED IN 21 TRIES, (AVG 540462.8571428572)
[1, 4, 10, 23, 57, 132, 301, 701, 1636, 3860, 8620, 19935]...: 24877435: ACCEPTED IN 46 TRIES, (AVG 540813.804347826)
[1, 4, 10, 23, 57, 132, 301, 701, 1636, 3860, 8620, 19960]...: 14595970: ACCEPTED IN 27 TRIES, (AVG 540591.4814814815)
[1, 4, 10, 23, 57, 132, 301, 701, 1636, 3860, 8620, 19961]...: 14055712: ACCEPTED IN 26 TRIES, (AVG 540604.3076923077)
[1, 4, 10, 23, 57, 132, 301, 701, 1636, 3860, 8620, 19962]...: 5938495: ACCEPTED IN 11 TRIES, (AVG 539863.1818181818)
[1, 4, 10, 23, 57, 132, 301, 701, 1636, 3860, 8620, 19964]...: 11890507: ACCEPTED IN 22 TRIES, (AVG 540477.5909090909)
[1, 4, 10, 23, 57, 132, 301, 701, 1636, 3860, 8620, 19965]...: 11349971: ACCEPTED IN 21 TRIES, (AVG 540474.8095238095)
[1, 4, 10, 23, 57, 132, 301, 701, 1636, 3860, 8620, 19966]...: 9725401: ACCEPTED IN 18 TRIES, (AVG 540300.0555555555)
[1, 4, 10, 23, 57, 132, 301, 701, 1636, 3860, 8620, 19969]...: 14596565: ACCEPTED IN 27 TRIES, (AVG 540613.5185185185)
[1, 4, 10, 23, 57, 132, 301, 701, 1636, 3860, 8620, 19993]...: 11891089: ACCEPTED IN 22 TRIES, (AVG 540504.0454545454)
[1, 4, 10, 23, 57, 132, 301, 701, 1636, 3860, 8620, 19994]...: 21630702: ACCEPTED IN 40 TRIES, (AVG 540767.55)
[1, 4, 10, 23, 57, 132, 301, 701, 1636, 3860, 8620, 19995]...: 11347587: ACCEPTED IN 21 TRIES, (AVG 540361.2857142857)
[1, 4, 10, 23, 57, 132, 301, 701, 1636, 3860, 8620, 19996]...: 20546923: ACCEPTED IN 38 TRIES, (AVG 540708.5)
[1, 4, 10, 23, 57, 132, 301, 701, 1636, 3860, 8620, 19997]...: 14596843: ACCEPTED IN 27 TRIES, (AVG 540623.8148148148)
[1, 4, 10, 23, 57, 132, 301, 701, 1636, 3860, 8620, 19998]...: 11348878: ACCEPTED IN 21 TRIES, (AVG 540422.7619047619)
[1, 4, 10, 23, 57, 132, 301, 701, 1636, 3860, 8620, 19999]...: 11890603: ACCEPTED IN 22 TRIES, (AVG 540481.9545454546)
[1, 4, 10, 23, 57, 132, 301, 701, 1636, 3860, 8620, 20025]...: 8644096: ACCEPTED IN 16 TRIES, (AVG 540256.0)
[1, 4, 10, 23, 57, 132, 301, 701, 1636, 3860, 8620, 20028]...: 8642856: ACCEPTED IN 16 TRIES, (AVG 540178.5)
[1, 4, 10, 23, 57, 132, 301, 701, 1636, 3860, 8620, 20029]...: 20548859: ACCEPTED IN 38 TRIES, (AVG 540759.447368421)
[1, 4, 10, 23, 57, 132, 301, 701, 1636, 3860, 8620, 20030]...: 14596156: ACCEPTED IN 27 TRIES, (AVG 540598.3703703703)
[1, 4, 10, 23, 57, 132, 301, 701, 1636, 3860, 8620, 20031]...: 26501051: ACCEPTED IN 49 TRIES, (AVG 540837.775510204)
[1, 4, 10, 23, 57, 132, 301, 701, 1636, 3860, 8620, 20032]...: 30286423: ACCEPTED IN 56 TRIES, (AVG 540828.9821428572)
[1, 4, 10, 23, 57, 132, 301, 701, 1636, 3860, 8620, 20034]...: 12973185: ACCEPTED IN 24 TRIES, (AVG 540549.375)
[1, 4, 10, 23, 57, 132, 301, 701, 1636, 3860, 8620, 20061]...: 10808355: ACCEPTED IN 20 TRIES, (AVG 540417.75)
[1, 4, 10, 23, 57, 132, 301, 701, 1636, 3860, 8620, 20063]...: 10807678: ACCEPTED IN 20 TRIES, (AVG 540383.9)
[1, 4, 10, 23, 57, 132, 301, 701, 1636, 3860, 8620, 20064]...: 21630125: ACCEPTED IN 40 TRIES, (AVG 540753.125)
[1, 4, 10, 23, 57, 132, 301, 701, 1636, 3860, 8620, 20065]...: 5396385: ACCEPTED IN 10 TRIES, (AVG 539638.5)
[1, 4, 10, 23, 57, 132, 301, 701, 1636, 3860, 8620, 20067]...: 14596135: ACCEPTED IN 27 TRIES, (AVG 540597.5925925926)
[1, 4, 10, 23, 57, 132, 301, 701, 1636, 3860, 8620, 20068]...: 14055623: ACCEPTED IN 26 TRIES, (AVG 540600.8846153846)
[1, 4, 10, 23, 57, 132, 301, 701, 1636, 3860, 8620, 20092]...: 8642161: ACCEPTED IN 16 TRIES, (AVG 540135.0625)
[1, 4, 10, 23, 57, 132, 301, 701, 1636, 3860, 8620, 20093]...: 11890769: ACCEPTED IN 22 TRIES, (AVG 540489.5)
[1, 4, 10, 23, 57, 132, 301, 701, 1636, 3860, 8620, 20095]...: 10808175: ACCEPTED IN 20 TRIES, (AVG 540408.75)
[1, 4, 10, 23, 57, 132, 301, 701, 1636, 3860, 8620, 20096]...: 10265897: ACCEPTED IN 19 TRIES, (AVG 540310.3684210526)
[1, 4, 10, 23, 57, 132, 301, 701, 1636, 3860, 8620, 20097]...: 11890421: ACCEPTED IN 22 TRIES, (AVG 540473.6818181818)
[1, 4, 10, 23, 57, 132, 301, 701, 1636, 3860, 8620, 20098]...: 10267758: ACCEPTED IN 19 TRIES, (AVG 540408.3157894737)
[1, 4, 10, 23, 57, 132, 301, 701, 1636, 3860, 8620, 20101]...: 14595577: ACCEPTED IN 27 TRIES, (AVG 540576.925925926)
[1, 4, 10, 23, 57, 132, 301, 701, 1636, 3860, 8620, 20127]...: 12973469: ACCEPTED IN 24 TRIES, (AVG 540561.2083333334)
[1, 4, 10, 23, 57, 132, 301, 701, 1636, 3860, 8620, 20128]...: 10807034: ACCEPTED IN 20 TRIES, (AVG 540351.7)
[1, 4, 10, 23, 57, 132, 301, 701, 1636, 3860, 8620, 20129]...: 15137237: ACCEPTED IN 28 TRIES, (AVG 540615.6071428572)
[1, 4, 10, 23, 57, 132, 301, 701, 1636, 3860, 8620, 20130]...: 7561206: ACCEPTED IN 14 TRIES, (AVG 540086.1428571428)
[1, 4, 10, 23, 57, 132, 301, 701, 1636, 3860, 8620, 20131]...: 8102335: ACCEPTED IN 15 TRIES, (AVG 540155.6666666666)
[1, 4, 10, 23, 57, 132, 301, 701, 1636, 3860, 8620, 20160]...: 10808078: ACCEPTED IN 20 TRIES, (AVG 540403.9)
[1, 4, 10, 23, 57, 132, 301, 701, 1636, 3860, 8620, 20162]...: 20548277: ACCEPTED IN 38 TRIES, (AVG 540744.1315789474)
[1, 4, 10, 23, 57, 132, 301, 701, 1636, 3860, 8620, 20163]...: 8102178: ACCEPTED IN 15 TRIES, (AVG 540145.2)
[1, 4, 10, 23, 57, 132, 301, 701, 1636, 3860, 8620, 20164]...: 12972510: ACCEPTED IN 24 TRIES, (AVG 540521.25)
[1, 4, 10, 23, 57, 132, 301, 701, 1636, 3860, 8620, 20166]...: 10267599: ACCEPTED IN 19 TRIES, (AVG 540399.947368421)
[1, 4, 10, 23, 57, 132, 301, 701, 1636, 3860, 8620, 20167]...: 9723204: ACCEPTED IN 18 TRIES, (AVG 540178.0)
[1, 4, 10, 23, 57, 132, 301, 701, 1636, 3860, 8620, 20168]...: 12972711: ACCEPTED IN 24 TRIES, (AVG 540529.625)
[1, 4, 10, 23, 57, 132, 301, 701, 1636, 3860, 8620, 20194]...: 32994238: ACCEPTED IN 61 TRIES, (AVG 540889.1475409836)
[1, 4, 10, 23, 57, 132, 301, 701, 1636, 3860, 8620, 20195]...: 9726505: ACCEPTED IN 18 TRIES, (AVG 540361.3888888889)
[1, 4, 10, 23, 57, 132, 301, 701, 1636, 3860, 8620, 20196]...: 12973079: ACCEPTED IN 24 TRIES, (AVG 540544.9583333334)
[1, 4, 10, 23, 57, 132, 301, 701, 1636, 3860, 8620, 20197]...: 11348806: ACCEPTED IN 21 TRIES, (AVG 540419.3333333334)
[1, 4, 10, 23, 57, 132, 301, 701, 1636, 3860, 8620, 20198]...: 5938656: ACCEPTED IN 11 TRIES, (AVG 539877.8181818182)
[1, 4, 10, 23, 57, 132, 301, 701, 1636, 3860, 8620, 20199]...: 11349683: ACCEPTED IN 21 TRIES, (AVG 540461.0952380953)
[1, 4, 10, 23, 57, 132, 301, 701, 1636, 3860, 8620, 20203]...: 14055126: ACCEPTED IN 26 TRIES, (AVG 540581.7692307692)
[1, 4, 10, 23, 57, 132, 301, 701, 1636, 3860, 8620, 20227]...: 26500185: ACCEPTED IN 49 TRIES, (AVG 540820.1020408163)
[1, 4, 10, 23, 57, 132, 301, 701, 1636, 3860, 8620, 20228]...: 12431617: ACCEPTED IN 23 TRIES, (AVG 540505.0869565217)
[1, 4, 10, 23, 57, 132, 301, 701, 1636, 3860, 8620, 20229]...: 11890003: ACCEPTED IN 22 TRIES, (AVG 540454.6818181818)
[1, 4, 10, 23, 57, 132, 301, 701, 1636, 3860, 8620, 20230]...: 14596891: ACCEPTED IN 27 TRIES, (AVG 540625.5925925926)
[1, 4, 10, 23, 57, 132, 301, 701, 1636, 3860, 8620, 20233]...: 11348066: ACCEPTED IN 21 TRIES, (AVG 540384.0952380953)
[1, 4, 10, 23, 57, 132, 301, 701, 1636, 3860, 8620, 20234]...: 10806462: ACCEPTED IN 20 TRIES, (AVG 540323.1)
[1, 4, 10, 23, 57, 132, 301, 701, 1636, 3860, 8620, 20259]...: 12432140: ACCEPTED IN 23 TRIES, (AVG 540527.8260869565)
[1, 4, 10, 23, 57, 132, 301, 701, 1636, 3860, 8620, 20261]...: 34616186: ACCEPTED IN 64 TRIES, (AVG 540877.90625)
[1, 4, 10, 23, 57, 132, 301, 701, 1636, 3860, 8620, 20262]...: 11890279: ACCEPTED IN 22 TRIES, (AVG 540467.2272727273)
[1, 4, 10, 23, 57, 132, 301, 701, 1636, 3860, 8620, 20263]...: 6479129: ACCEPTED IN 12 TRIES, (AVG 539927.4166666666)
[1, 4, 10, 23, 57, 132, 301, 701, 1636, 3860, 8620, 20265]...: 36782557: ACCEPTED IN 68 TRIES, (AVG 540919.9558823529)
[1, 4, 10, 23, 57, 132, 301, 701, 1636, 3860, 8620, 20266]...: 14055545: ACCEPTED IN 26 TRIES, (AVG 540597.8846153846)
[1, 4, 10, 23, 57, 132, 301, 701, 1636, 3860, 8620, 20267]...: 25959825: ACCEPTED IN 48 TRIES, (AVG 540829.6875)
[1, 4, 10, 23, 57, 132, 301, 701, 1636, 3860, 8620, 20270]...: 5394913: ACCEPTED IN 10 TRIES, (AVG 539491.3)
[1, 4, 10, 23, 57, 132, 301, 701, 1636, 3860, 8620, 20294]...: 8644109: ACCEPTED IN 16 TRIES, (AVG 540256.8125)
[1, 4, 10, 23, 57, 132, 301, 701, 1636, 3860, 8620, 20295]...: 10267407: ACCEPTED IN 19 TRIES, (AVG 540389.8421052631)
[1, 4, 10, 23, 57, 132, 301, 701, 1636, 3860, 8620, 20296]...: 12431693: ACCEPTED IN 23 TRIES, (AVG 540508.3913043478)
[1, 4, 10, 23, 57, 132, 301, 701, 1636, 3860, 8620, 20297]...: 11888537: ACCEPTED IN 22 TRIES, (AVG 540388.0454545454)
[1, 4, 10, 23, 57, 132, 301, 701, 1636, 3860, 8620, 20298]...: 11348870: ACCEPTED IN 21 TRIES, (AVG 540422.380952381)
[1, 4, 10, 23, 57, 132, 301, 701, 1636, 3860, 8620, 20299]...: 5935112: ACCEPTED IN 11 TRIES, (AVG 539555.6363636364)
[1, 4, 10, 23, 57, 132, 301, 701, 1636, 3860, 8620, 20300]...: 9725875: ACCEPTED IN 18 TRIES, (AVG 540326.3888888889)
[1, 4, 10, 23, 57, 132, 301, 701, 1636, 3860, 8620, 20302]...: 12973317: ACCEPTED IN 24 TRIES, (AVG 540554.875)
[1, 4, 10, 23, 57, 132, 301, 701, 1636, 3860, 8620, 20326]...: 9724376: ACCEPTED IN 18 TRIES, (AVG 540243.1111111111)
[1, 4, 10, 23, 57, 132, 301, 701, 1636, 3860, 8620, 20329]...: 8642864: ACCEPTED IN 16 TRIES, (AVG 540179.0)
[1, 4, 10, 23, 57, 132, 301, 701, 1636, 3860, 8620, 20330]...: 9725667: ACCEPTED IN 18 TRIES, (AVG 540314.8333333334)
[1, 4, 10, 23, 57, 132, 301, 701, 1636, 3860, 8620, 20331]...: 11889716: ACCEPTED IN 22 TRIES, (AVG 540441.6363636364)
[1, 4, 10, 23, 57, 132, 301, 701, 1636, 3860, 8620, 20332]...: 11349783: ACCEPTED IN 21 TRIES, (AVG 540465.8571428572)
[1, 4, 10, 23, 57, 132, 301, 701, 1636, 3860, 8620, 20333]...: 15678975: ACCEPTED IN 29 TRIES, (AVG 540654.3103448276)
[1, 4, 10, 23, 57, 132, 301, 701, 1636, 3860, 8620, 20335]...: 14595141: ACCEPTED IN 27 TRIES, (AVG 540560.7777777778)
[1, 4, 10, 23, 57, 132, 301, 701, 1636, 3860, 8620, 20361]...: 10266881: ACCEPTED IN 19 TRIES, (AVG 540362.1578947369)
[1, 4, 10, 23, 57, 132, 301, 701, 1636, 3860, 8620, 20362]...: 6479204: ACCEPTED IN 12 TRIES, (AVG 539933.6666666666)
[1, 4, 10, 23, 57, 132, 301, 701, 1636, 3860, 8620, 20364]...: 47061760: ACCEPTED IN 87 TRIES, (AVG 540939.7701149426)
[1, 4, 10, 23, 57, 132, 301, 701, 1636, 3860, 8620, 20365]...: 10808415: ACCEPTED IN 20 TRIES, (AVG 540420.75)
[1, 4, 10, 23, 57, 132, 301, 701, 1636, 3860, 8620, 20366]...: 24336567: ACCEPTED IN 45 TRIES, (AVG 540812.6)
[1, 4, 10, 23, 57, 132, 301, 701, 1636, 3860, 8620, 20369]...: 22172725: ACCEPTED IN 41 TRIES, (AVG 540798.1707317074)
[1, 4, 10, 23, 57, 132, 301, 701, 1636, 3860, 8620, 20393]...: 14596708: ACCEPTED IN 27 TRIES, (AVG 540618.8148148148)
[1, 4, 10, 23, 57, 132, 301, 701, 1636, 3860, 8620, 20394]...: 11347597: ACCEPTED IN 21 TRIES, (AVG 540361.7619047619)
[1, 4, 10, 23, 57, 132, 301, 701, 1636, 3860, 8620, 20396]...: 22711231: ACCEPTED IN 42 TRIES, (AVG 540743.5952380953)
[1, 4, 10, 23, 57, 132, 301, 701, 1636, 3860, 8620, 20397]...: 10267795: ACCEPTED IN 19 TRIES, (AVG 540410.2631578947)
[1, 4, 10, 23, 57, 132, 301, 701, 1636, 3860, 8620, 20398]...: 5937433: ACCEPTED IN 11 TRIES, (AVG 539766.6363636364)
[1, 4, 10, 23, 57, 132, 301, 701, 1636, 3860, 8620, 20402]...: 21631348: ACCEPTED IN 40 TRIES, (AVG 540783.7)
[1, 4, 10, 23, 57, 132, 301, 701, 1636, 3860, 8620, 20428]...: 21631232: ACCEPTED IN 40 TRIES, (AVG 540780.8)
[1, 4, 10, 23, 57, 132, 301, 701, 1636, 3860, 8620, 20429]...: 10808294: ACCEPTED IN 20 TRIES, (AVG 540414.7)
[1, 4, 10, 23, 57, 132, 301, 701, 1636, 3860, 8620, 20430]...: 30288595: ACCEPTED IN 56 TRIES, (AVG 540867.7678571428)
[1, 4, 10, 23, 57, 132, 301, 701, 1636, 3860, 8620, 20431]...: 11348637: ACCEPTED IN 21 TRIES, (AVG 540411.2857142857)
[1, 4, 10, 23, 57, 132, 301, 701, 1636, 3860, 8620, 20432]...: 11889505: ACCEPTED IN 22 TRIES, (AVG 540432.0454545454)
[1, 4, 10, 23, 57, 132, 301, 701, 1636, 3860, 8620, 20434]...: 25957300: ACCEPTED IN 48 TRIES, (AVG 540777.0833333334)
[1, 4, 10, 23, 57, 132, 301, 701, 1636, 3860, 8620, 20461]...: 9184974: ACCEPTED IN 17 TRIES, (AVG 540292.5882352941)
[1, 4, 10, 23, 57, 132, 301, 701, 1636, 3860, 8620, 20462]...: 11349546: ACCEPTED IN 21 TRIES, (AVG 540454.5714285715)
[1, 4, 10, 23, 57, 132, 301, 701, 1636, 3860, 8620, 20463]...: 9726366: ACCEPTED IN 18 TRIES, (AVG 540353.6666666666)
[1, 4, 10, 23, 57, 132, 301, 701, 1636, 3860, 8620, 20464]...: 9725940: ACCEPTED IN 18 TRIES, (AVG 540330.0)
[1, 4, 10, 23, 57, 132, 301, 701, 1636, 3860, 8620, 20465]...: 5936995: ACCEPTED IN 11 TRIES, (AVG 539726.8181818182)
[1, 4, 10, 23, 57, 132, 301, 701, 1636, 3860, 8620, 20467]...: 9725264: ACCEPTED IN 18 TRIES, (AVG 540292.4444444445)
[1, 4, 10, 23, 57, 132, 301, 701, 1636, 3860, 8620, 20468]...: 16760557: ACCEPTED IN 31 TRIES, (AVG 540663.1290322581)
[1, 4, 10, 23, 57, 132, 301, 701, 1636, 3860, 8620, 20469]...: 13514291: ACCEPTED IN 25 TRIES, (AVG 540571.64)
[1, 4, 10, 23, 57, 132, 301, 701, 1636, 3860, 8620, 20493]...: 6478253: ACCEPTED IN 12 TRIES, (AVG 539854.4166666666)
[1, 4, 10, 23, 57, 132, 301, 701, 1636, 3860, 8620, 20495]...: 14593347: ACCEPTED IN 27 TRIES, (AVG 540494.3333333334)
[1, 4, 10, 23, 57, 132, 301, 701, 1636, 3860, 8620, 20496]...: 5397295: ACCEPTED IN 10 TRIES, (AVG 539729.5)
[1, 4, 10, 23, 57, 132, 301, 701, 1636, 3860, 8620, 20497]...: 11889928: ACCEPTED IN 22 TRIES, (AVG 540451.2727272727)
[1, 4, 10, 23, 57, 132, 301, 701, 1636, 3860, 8620, 20498]...: 10808495: ACCEPTED IN 20 TRIES, (AVG 540424.75)
[1, 4, 10, 23, 57, 132, 301, 701, 1636, 3860, 8620, 20499]...: 23254543: ACCEPTED IN 43 TRIES, (AVG 540803.3255813953)
[1, 4, 10, 23, 57, 132, 301, 701, 1636, 3860, 8620, 20500]...: 32453996: ACCEPTED IN 60 TRIES, (AVG 540899.9333333333)
[1, 4, 10, 23, 57, 132, 301, 701, 1636, 3860, 8620, 20501]...: 10267802: ACCEPTED IN 19 TRIES, (AVG 540410.6315789474)
[1, 4, 10, 23, 57, 132, 301, 701, 1636, 3860, 8620, 20504]...: 7560902: ACCEPTED IN 14 TRIES, (AVG 540064.4285714285)
[1, 4, 10, 23, 57, 132, 301, 701, 1636, 3860, 8620, 20528]...: 9183561: ACCEPTED IN 17 TRIES, (AVG 540209.4705882353)
[1, 4, 10, 23, 57, 132, 301, 701, 1636, 3860, 8620, 20529]...: 9185370: ACCEPTED IN 17 TRIES, (AVG 540315.8823529412)
[1, 4, 10, 23, 57, 132, 301, 701, 1636, 3860, 8620, 20530]...: 11890593: ACCEPTED IN 22 TRIES, (AVG 540481.5)
[1, 4, 10, 23, 57, 132, 301, 701, 1636, 3860, 8620, 20531]...: 15677901: ACCEPTED IN 29 TRIES, (AVG 540617.275862069)
[1, 4, 10, 23, 57, 132, 301, 701, 1636, 3860, 8620, 20534]...: 4855905: ACCEPTED IN 9 TRIES, (AVG 539545.0)
[1, 4, 10, 23, 57, 132, 301, 701, 1636, 3860, 8620, 20535]...: 8103183: ACCEPTED IN 15 TRIES, (AVG 540212.2)
[1, 4, 10, 23, 57, 132, 301, 701, 1636, 3860, 8620, 20536]...: 7561021: ACCEPTED IN 14 TRIES, (AVG 540072.9285714285)
[1, 4, 10, 23, 57, 132, 301, 701, 1636, 3860, 8620, 20560]...: 6478847: ACCEPTED IN 12 TRIES, (AVG 539903.9166666666)
[1, 4, 10, 23, 57, 132, 301, 701, 1636, 3860, 8620, 20562]...: 9724841: ACCEPTED IN 18 TRIES, (AVG 540268.9444444445)
[1, 4, 10, 23, 57, 132, 301, 701, 1636, 3860, 8620, 20563]...: 12432098: ACCEPTED IN 23 TRIES, (AVG 540526.0)
[1, 4, 10, 23, 57, 132, 301, 701, 1636, 3860, 8620, 20564]...: 4855459: ACCEPTED IN 9 TRIES, (AVG 539495.4444444445)
[1, 4, 10, 23, 57, 132, 301, 701, 1636, 3860, 8620, 20566]...: 11348124: ACCEPTED IN 21 TRIES, (AVG 540386.8571428572)
[1, 4, 10, 23, 57, 132, 301, 701, 1636, 3860, 8620, 20567]...: 8643065: ACCEPTED IN 16 TRIES, (AVG 540191.5625)
[1, 4, 10, 23, 57, 132, 301, 701, 1636, 3860, 8620, 20568]...: 12973049: ACCEPTED IN 24 TRIES, (AVG 540543.7083333334)
[1, 4, 10, 23, 57, 132, 301, 701, 1636, 3860, 8620, 20594]...: 14595034: ACCEPTED IN 27 TRIES, (AVG 540556.8148148148)
[1, 4, 10, 23, 57, 132, 301, 701, 1636, 3860, 8620, 20595]...: 9726543: ACCEPTED IN 18 TRIES, (AVG 540363.5)
[1, 4, 10, 23, 57, 132, 301, 701, 1636, 3860, 8620, 20596]...: 5396755: ACCEPTED IN 10 TRIES, (AVG 539675.5)
[1, 4, 10, 23, 57, 132, 301, 701, 1636, 3860, 8620, 20597]...: 26501875: ACCEPTED IN 49 TRIES, (AVG 540854.5918367347)
[1, 4, 10, 23, 57, 132, 301, 701, 1636, 3860, 8620, 20598]...: 18925555: ACCEPTED IN 35 TRIES, (AVG 540730.1428571428)
[1, 4, 10, 23, 57, 132, 301, 701, 1636, 3860, 8620, 20599]...: 14594225: ACCEPTED IN 27 TRIES, (AVG 540526.8518518518)
[1, 4, 10, 23, 57, 132, 301, 701, 1636, 3860, 8620, 20600]...: 22713498: ACCEPTED IN 42 TRIES, (AVG 540797.5714285715)
[1, 4, 10, 23, 57, 132, 301, 701, 1636, 3860, 8620, 20601]...: 11347152: ACCEPTED IN 21 TRIES, (AVG 540340.5714285715)
[1, 4, 10, 23, 57, 132, 301, 701, 1636, 3860, 8620, 20603]...: 5936417: ACCEPTED IN 11 TRIES, (AVG 539674.2727272727)
[1, 4, 10, 23, 57, 132, 301, 701, 1636, 3860, 8620, 20627]...: 10807206: ACCEPTED IN 20 TRIES, (AVG 540360.3)
[1, 4, 10, 23, 57, 132, 301, 701, 1636, 3860, 8620, 20631]...: 11891102: ACCEPTED IN 22 TRIES, (AVG 540504.6363636364)
[1, 4, 10, 23, 57, 132, 301, 701, 1636, 3860, 8620, 20632]...: 11347145: ACCEPTED IN 21 TRIES, (AVG 540340.2380952381)
[1, 4, 10, 23, 57, 132, 301, 701, 1636, 3860, 8620, 20633]...: 45439522: ACCEPTED IN 84 TRIES, (AVG 540946.6904761905)
[1, 4, 10, 23, 57, 132, 301, 701, 1636, 3860, 8620, 20634]...: 14054500: ACCEPTED IN 26 TRIES, (AVG 540557.6923076923)
[1, 4, 10, 23, 57, 132, 301, 701, 1636, 3860, 8620, 20636]...: 10808877: ACCEPTED IN 20 TRIES, (AVG 540443.85)
[1, 4, 10, 23, 57, 132, 301, 701, 1636, 3860, 8620, 20662]...: 5938426: ACCEPTED IN 11 TRIES, (AVG 539856.9090909091)
[1, 4, 10, 23, 57, 132, 301, 701, 1636, 3860, 8620, 20663]...: 9726388: ACCEPTED IN 18 TRIES, (AVG 540354.8888888889)
[1, 4, 10, 23, 57, 132, 301, 701, 1636, 3860, 8620, 20665]...: 28665446: ACCEPTED IN 53 TRIES, (AVG 540857.4716981133)
[1, 4, 10, 23, 57, 132, 301, 701, 1636, 3860, 8620, 20666]...: 26500156: ACCEPTED IN 49 TRIES, (AVG 540819.5102040817)
[1, 4, 10, 23, 57, 132, 301, 701, 1636, 3860, 8620, 20667]...: 14596649: ACCEPTED IN 27 TRIES, (AVG 540616.6296296297)
[1, 4, 10, 23, 57, 132, 301, 701, 1636, 3860, 8620, 20668]...: 10807803: ACCEPTED IN 20 TRIES, (AVG 540390.15)
[1, 4, 10, 23, 57, 132, 301, 701, 1636, 3860, 8620, 20670]...: 14596723: ACCEPTED IN 27 TRIES, (AVG 540619.3703703703)
