[1, 4, 10, 23, 57, 132, 301, 701, 1654, 3846, 9178, 20206]...: 16219317: ACCEPTED IN 30 TRIES, (AVG 540643.9)
[1, 4, 10, 23, 57, 132, 301, 701, 1654, 3846, 9178, 20231]...: 11349762: ACCEPTED IN 21 TRIES, (AVG 540464.8571428572)
[1, 4, 10, 23, 57, 132, 301, 701, 1654, 3846, 9178, 20243]...: 14596484: ACCEPTED IN 27 TRIES, (AVG 540610.5185185185)
[1, 4, 10, 23, 57, 132, 301, 701, 1654, 3846, 9178, 20247]...: 14055637: ACCEPTED IN 26 TRIES, (AVG 540601.4230769231)
[1, 4, 10, 23, 57, 132, 301, 701, 1654, 3846, 9178, 20264]...: 9185280: ACCEPTED IN 17 TRIES, (AVG 540310.5882352941)
[1, 4, 10, 23, 57, 132, 301, 701, 1654, 3846, 9178, 20268]...: 15135556: ACCEPTED IN 28 TRIES, (AVG 540555.5714285715)
[1, 4, 10, 23, 57, 132, 301, 701, 1654, 3846, 9178, 20272]...: 15677465: ACCEPTED IN 29 TRIES, (AVG 540602.2413793104)
[1, 4, 10, 23, 57, 132, 301, 701, 1654, 3846, 9178, 20280]...: 21630686: ACCEPTED IN 40 TRIES, (AVG 540767.15)
[1, 4, 10, 23, 57, 132, 301, 701, 1654, 3846, 9178, 20284]...: 7019867: ACCEPTED IN 13 TRIES, (AVG 539989.7692307692)
[1, 4, 10, 23, 57, 132, 301, 701, 1654, 3846, 9178, 20301]...: 15136751: ACCEPTED IN 28 TRIES, (AVG 540598.25)
[1, 4, 10, 23, 57, 132, 301, 701, 1654, 3846, 9178, 20305]...: 6479613: ACCEPTED IN 12 TRIES, (AVG 539967.75)
[1, 4, 10, 23, 57, 132, 301, 701, 1654, 3846, 9178, 20306]...: 15677570: ACCEPTED IN 29 TRIES, (AVG 540605.8620689656)
[1, 4, 10, 23, 57, 132, 301, 701, 1654, 3846, 9178, 20309]...: 13513290: ACCEPTED IN 25 TRIES, (AVG 540531.6)
[1, 4, 10, 23, 57, 132, 301, 701, 1654, 3846, 9178, 20317]...: 5937690: ACCEPTED IN 11 TRIES, (AVG 539790.0)
[1, 4, 10, 23, 57, 132, 301, 701, 1654, 3846, 9178, 20321]...: 7561308: ACCEPTED IN 14 TRIES, (AVG 540093.4285714285)
[1, 4, 10, 23, 57, 132, 301, 701, 1654, 3846, 9178, 20338]...: 6478741: ACCEPTED IN 12 TRIES, (AVG 539895.0833333334)
[1, 4, 10, 23, 57, 132, 301, 701, 1654, 3846, 9178, 20343]...: 12431889: ACCEPTED IN 23 TRIES, (AVG 540516.9130434783)
[1, 4, 10, 23, 57, 132, 301, 701, 1654, 3846, 9178, 20363]...: 8103105: ACCEPTED IN 15 TRIES, (AVG 540207.0)
[1, 4, 10, 23, 57, 132, 301, 701, 1654, 3846, 9178, 20375]...: 7020973: ACCEPTED IN 13 TRIES, (AVG 540074.8461538461)
[1, 4, 10, 23, 57, 132, 301, 701, 1654, 3846, 9178, 20379]...: 5397209: ACCEPTED IN 10 TRIES, (AVG 539720.9)
[1, 4, 10, 23, 57, 132, 301, 701, 1654, 3846, 9178, 20392]...: 17301261: ACCEPTED IN 32 TRIES, (AVG 540664.40625)
[1, 4, 10, 23, 57, 132, 301, 701, 1654, 3846, 9178, 20400]...: 6479290: ACCEPTED IN 12 TRIES, (AVG 539940.8333333334)
[1, 4, 10, 23, 57, 132, 301, 701, 1654, 3846, 9178, 20404]...: 7019966: ACCEPTED IN 13 TRIES, (AVG 539997.3846153846)
[1, 4, 10, 23, 57, 132, 301, 701, 1654, 3846, 9178, 20412]...: 6479139: ACCEPTED IN 12 TRIES, (AVG 539928.25)
[1, 4, 10, 23, 57, 132, 301, 701, 1654, 3846, 9178, 20416]...: 11888015: ACCEPTED IN 22 TRIES, (AVG 540364.3181818182)
[1, 4, 10, 23, 57, 132, 301, 701, 1654, 3846, 9178, 20433]...: 6478972: ACCEPTED IN 12 TRIES, (AVG 539914.3333333334)
[1, 4, 10, 23, 57, 132, 301, 701, 1654, 3846, 9178, 20437]...: 11890039: ACCEPTED IN 22 TRIES, (AVG 540456.3181818182)
[1, 4, 10, 23, 57, 132, 301, 701, 1654, 3846, 9178, 20438]...: 14054243: ACCEPTED IN 26 TRIES, (AVG 540547.8076923077)
[1, 4, 10, 23, 57, 132, 301, 701, 1654, 3846, 9178, 20441]...: 15137931: ACCEPTED IN 28 TRIES, (AVG 540640.3928571428)
[1, 4, 10, 23, 57, 132, 301, 701, 1654, 3846, 9178, 20449]...: 17302355: ACCEPTED IN 32 TRIES, (AVG 540698.59375)
[1, 4, 10, 23, 57, 132, 301, 701, 1654, 3846, 9178, 20453]...: 14595277: ACCEPTED IN 27 TRIES, (AVG 540565.8148148148)
[1, 4, 10, 23, 57, 132, 301, 701, 1654, 3846, 9178, 20470]...: 9182430: ACCEPTED IN 17 TRIES, (AVG 540142.9411764706)
[1, 4, 10, 23, 57, 132, 301, 701, 1654, 3846, 9178, 20475]...: 13513986: ACCEPTED IN 25 TRIES, (AVG 540559.44)
[1, 4, 10, 23, 57, 132, 301, 701, 1654, 3846, 9178, 20507]...: 10267229: ACCEPTED IN 19 TRIES, (AVG 540380.4736842106)
[1, 4, 10, 23, 57, 132, 301, 701, 1654, 3846, 9178, 20524]...: 23793733: ACCEPTED IN 44 TRIES, (AVG 540766.6590909091)
[1, 4, 10, 23, 57, 132, 301, 701, 1654, 3846, 9178, 20532]...: 8101383: ACCEPTED IN 15 TRIES, (AVG 540092.2)
[1, 4, 10, 23, 57, 132, 301, 701, 1654, 3846, 9178, 20536]...: 16219185: ACCEPTED IN 30 TRIES, (AVG 540639.5)
[1, 4, 10, 23, 57, 132, 301, 701, 1654, 3846, 9178, 20544]...: 15678752: ACCEPTED IN 29 TRIES, (AVG 540646.6206896552)
[1, 4, 10, 23, 57, 132, 301, 701, 1654, 3846, 9178, 20565]...: 6479469: ACCEPTED IN 12 TRIES, (AVG 539955.75)
[1, 4, 10, 23, 57, 132, 301, 701, 1654, 3846, 9178, 20569]...: 7019209: ACCEPTED IN 13 TRIES, (AVG 539939.1538461539)
[1, 4, 10, 23, 57, 132, 301, 701, 1654, 3846, 9178, 20570]...: 4855143: ACCEPTED IN 9 TRIES, (AVG 539460.3333333334)
[1, 4, 10, 23, 57, 132, 301, 701, 1654, 3846, 9178, 20573]...: 7561798: ACCEPTED IN 14 TRIES, (AVG 540128.4285714285)
[1, 4, 10, 23, 57, 132, 301, 701, 1654, 3846, 9178, 20581]...: 6479262: ACCEPTED IN 12 TRIES, (AVG 539938.5)
[1, 4, 10, 23, 57, 132, 301, 701, 1654, 3846, 9178, 20585]...: 17302512: ACCEPTED IN 32 TRIES, (AVG 540703.5)
[1, 4, 10, 23, 57, 132, 301, 701, 1654, 3846, 9178, 20602]...: 13514048: ACCEPTED IN 25 TRIES, (AVG 540561.92)
[1, 4, 10, 23, 57, 132, 301, 701, 1654, 3846, 9178, 20607]...: 6479800: ACCEPTED IN 12 TRIES, (AVG 539983.3333333334)
[1, 4, 10, 23, 57, 132, 301, 701, 1654, 3846, 9178, 20610]...: 4855482: ACCEPTED IN 9 TRIES, (AVG 539498.0)
[1, 4, 10, 23, 57, 132, 301, 701, 1654, 3846, 9178, 20639]...: 7019654: ACCEPTED IN 13 TRIES, (AVG 539973.3846153846)
[1, 4, 10, 23, 57, 132, 301, 701, 1654, 3846, 9178, 20644]...: 13513595: ACCEPTED IN 25 TRIES, (AVG 540543.8)
[1, 4, 10, 23, 57, 132, 301, 701, 1654, 3846, 9178, 20656]...: 21089821: ACCEPTED IN 39 TRIES, (AVG 540764.641025641)
[1, 4, 10, 23, 57, 132, 301, 701, 1654, 3846, 9178, 20664]...: 13513535: ACCEPTED IN 25 TRIES, (AVG 540541.4)
[1, 4, 10, 23, 57, 132, 301, 701, 1654, 3846, 9178, 20668]...: 14055670: ACCEPTED IN 26 TRIES, (AVG 540602.6923076923)
[1, 4, 10, 23, 57, 132, 301, 701, 1654, 3846, 9178, 20676]...: 10266835: ACCEPTED IN 19 TRIES, (AVG 540359.7368421053)
[1, 4, 10, 23, 57, 132, 301, 701, 1654, 3846, 9178, 20680]...: 8101304: ACCEPTED IN 15 TRIES, (AVG 540086.9333333333)
[1, 4, 10, 23, 57, 132, 301, 701, 1654, 3846, 9178, 20693]...: 6479086: ACCEPTED IN 12 TRIES, (AVG 539923.8333333334)
[1, 4, 10, 23, 57, 132, 301, 701, 1654, 3846, 9178, 20697]...: 14595021: ACCEPTED IN 27 TRIES, (AVG 540556.3333333334)
[1, 4, 10, 23, 57, 132, 301, 701, 1654, 3846, 9178, 20701]...: 10267696: ACCEPTED IN 19 TRIES, (AVG 540405.052631579)
[1, 4, 10, 23, 57, 132, 301, 701, 1654, 3846, 9178, 20705]...: 10267785: ACCEPTED IN 19 TRIES, (AVG 540409.7368421053)
[1, 4, 10, 23, 57, 132, 301, 701, 1654, 3846, 9178, 20709]...: 19466354: ACCEPTED IN 36 TRIES, (AVG 540732.0555555555)
[1, 4, 10, 23, 57, 132, 301, 701, 1654, 3846, 9178, 20713]...: 10807598: ACCEPTED IN 20 TRIES, (AVG 540379.9)
[1, 4, 10, 23, 57, 132, 301, 701, 1654, 3846, 9178, 20717]...: 8102956: ACCEPTED IN 15 TRIES, (AVG 540197.0666666667)
[1, 4, 10, 23, 57, 132, 301, 701, 1654, 3846, 9178, 20734]...: 7018806: ACCEPTED IN 13 TRIES, (AVG 539908.1538461539)
[1, 4, 10, 23, 57, 132, 301, 701, 1654, 3846, 9178, 20739]...: 10808805: ACCEPTED IN 20 TRIES, (AVG 540440.25)
[1, 4, 10, 23, 57, 132, 301, 701, 1654, 3846, 9178, 20742]...: 15137929: ACCEPTED IN 28 TRIES, (AVG 540640.3214285715)
[1, 4, 10, 23, 57, 132, 301, 701, 1654, 3846, 9178, 20743]...: 8103257: ACCEPTED IN 15 TRIES, (AVG 540217.1333333333)
[1, 4, 10, 23, 57, 132, 301, 701, 1654, 3846, 9178, 20754]...: 7019855: ACCEPTED IN 13 TRIES, (AVG 539988.8461538461)
[1, 4, 10, 23, 57, 132, 301, 701, 1654, 3846, 9178, 20771]...: 6477199: ACCEPTED IN 12 TRIES, (AVG 539766.5833333334)
[1, 4, 10, 23, 57, 132, 301, 701, 1654, 3846, 9178, 20776]...: 8101044: ACCEPTED IN 15 TRIES, (AVG 540069.6)
[1, 4, 10, 23, 57, 132, 301, 701, 1654, 3846, 9178, 20788]...: 14055731: ACCEPTED IN 26 TRIES, (AVG 540605.0384615385)
[1, 4, 10, 23, 57, 132, 301, 701, 1654, 3846, 9178, 20800]...: 7561356: ACCEPTED IN 14 TRIES, (AVG 540096.8571428572)
[1, 4, 10, 23, 57, 132, 301, 701, 1654, 3846, 9178, 20808]...: 5395274: ACCEPTED IN 10 TRIES, (AVG 539527.4)
[1, 4, 10, 23, 57, 132, 301, 701, 1654, 3846, 9178, 20825]...: 15137854: ACCEPTED IN 28 TRIES, (AVG 540637.6428571428)
[1, 4, 10, 23, 57, 132, 301, 701, 1654, 3846, 9178, 20829]...: 7561708: ACCEPTED IN 14 TRIES, (AVG 540122.0)
[1, 4, 10, 23, 57, 132, 301, 701, 1654, 3846, 9178, 20833]...: 6479402: ACCEPTED IN 12 TRIES, (AVG 539950.1666666666)
[1, 4, 10, 23, 57, 132, 301, 701, 1654, 3846, 9178, 20837]...: 6478539: ACCEPTED IN 12 TRIES, (AVG 539878.25)
[1, 4, 10, 23, 57, 132, 301, 701, 1654, 3846, 9178, 20841]...: 6479456: ACCEPTED IN 12 TRIES, (AVG 539954.6666666666)
[1, 4, 10, 23, 57, 132, 301, 701, 1654, 3846, 9178, 20845]...: 13513501: ACCEPTED IN 25 TRIES, (AVG 540540.04)
[1, 4, 10, 23, 57, 132, 301, 701, 1654, 3846, 9178, 20849]...: 7018640: ACCEPTED IN 13 TRIES, (AVG 539895.3846153846)
[1, 4, 10, 23, 57, 132, 301, 701, 1654, 3846, 9178, 20866]...: 15677906: ACCEPTED IN 29 TRIES, (AVG 540617.448275862)
[1, 4, 10, 23, 57, 132, 301, 701, 1654, 3846, 9178, 20871]...: 16219703: ACCEPTED IN 30 TRIES, (AVG 540656.7666666667)
[1, 4, 10, 23, 57, 132, 301, 701, 1654, 3846, 9178, 20874]...: 21090360: ACCEPTED IN 39 TRIES, (AVG 540778.4615384615)
[1, 4, 10, 23, 57, 132, 301, 701, 1654, 3846, 9178, 20875]...: 8102428: ACCEPTED IN 15 TRIES, (AVG 540161.8666666667)
[1, 4, 10, 23, 57, 132, 301, 701, 1654, 3846, 9178, 20886]...: 8103218: ACCEPTED IN 15 TRIES, (AVG 540214.5333333333)
[1, 4, 10, 23, 57, 132, 301, 701, 1654, 3846, 9178, 20903]...: 8102143: ACCEPTED IN 15 TRIES, (AVG 540142.8666666667)
[1, 4, 10, 23, 57, 132, 301, 701, 1654, 3846, 9178, 20908]...: 7020909: ACCEPTED IN 13 TRIES, (AVG 540069.9230769231)
[1, 4, 10, 23, 57, 132, 301, 701, 1654, 3846, 9178, 20920]...: 7019875: ACCEPTED IN 13 TRIES, (AVG 539990.3846153846)
[1, 4, 10, 23, 57, 132, 301, 701, 1654, 3846, 9178, 20932]...: 24878350: ACCEPTED IN 46 TRIES, (AVG 540833.695652174)
[1, 4, 10, 23, 57, 132, 301, 701, 1654, 3846, 9178, 20940]...: 7561227: ACCEPTED IN 14 TRIES, (AVG 540087.6428571428)
[1, 4, 10, 23, 57, 132, 301, 701, 1654, 3846, 9178, 20945]...: 9725911: ACCEPTED IN 18 TRIES, (AVG 540328.3888888889)
[1, 4, 10, 23, 57, 132, 301, 701, 1654, 3846, 9178, 20957]...: 7020282: ACCEPTED IN 13 TRIES, (AVG 540021.6923076923)
[1, 4, 10, 23, 57, 132, 301, 701, 1654, 3846, 9178, 20961]...: 9726432: ACCEPTED IN 18 TRIES, (AVG 540357.3333333334)
[1, 4, 10, 23, 57, 132, 301, 701, 1654, 3846, 9178, 20965]...: 6479565: ACCEPTED IN 12 TRIES, (AVG 539963.75)
[1, 4, 10, 23, 57, 132, 301, 701, 1654, 3846, 9178, 20969]...: 9185466: ACCEPTED IN 17 TRIES, (AVG 540321.5294117647)
[1, 4, 10, 23, 57, 132, 301, 701, 1654, 3846, 9178, 20973]...: 6475716: ACCEPTED IN 12 TRIES, (AVG 539643.0)
[1, 4, 10, 23, 57, 132, 301, 701, 1654, 3846, 9178, 20977]...: 11349381: ACCEPTED IN 21 TRIES, (AVG 540446.7142857143)
[1, 4, 10, 23, 57, 132, 301, 701, 1654, 3846, 9178, 20981]...: 15137356: ACCEPTED IN 28 TRIES, (AVG 540619.8571428572)
[1, 4, 10, 23, 57, 132, 301, 701, 1654, 3846, 9178, 20994]...: 16760661: ACCEPTED IN 31 TRIES, (AVG 540666.4838709678)
[1, 4, 10, 23, 57, 132, 301, 701, 1654, 3846, 9178, 20998]...: 15678872: ACCEPTED IN 29 TRIES, (AVG 540650.7586206896)
[1, 4, 10, 23, 57, 132, 301, 701, 1654, 3846, 9178, 21006]...: 9184596: ACCEPTED IN 17 TRIES, (AVG 540270.3529411765)
[1, 4, 10, 23, 57, 132, 301, 701, 1654, 3846, 9178, 21007]...: 10267802: ACCEPTED IN 19 TRIES, (AVG 540410.6315789474)
[1, 4, 10, 23, 57, 132, 301, 701, 1654, 3846, 9178, 21010]...: 12430379: ACCEPTED IN 23 TRIES, (AVG 540451.2608695652)
[1, 4, 10, 23, 57, 132, 301, 701, 1654, 3846, 9178, 21018]...: 7019153: ACCEPTED IN 13 TRIES, (AVG 539934.8461538461)
[1, 4, 10, 23, 57, 132, 301, 701, 1654, 3846, 9178, 21035]...: 7559757: ACCEPTED IN 14 TRIES, (AVG 539982.6428571428)
[1, 4, 10, 23, 57, 132, 301, 701, 1654, 3846, 9178, 21040]...: 9184744: ACCEPTED IN 17 TRIES, (AVG 540279.0588235294)
[1, 4, 10, 23, 57, 132, 301, 701, 1654, 3846, 9178, 21044]...: 10266793: ACCEPTED IN 19 TRIES, (AVG 540357.5263157894)
[1, 4, 10, 23, 57, 132, 301, 701, 1654, 3846, 9178, 21064]...: 6479474: ACCEPTED IN 12 TRIES, (AVG 539956.1666666666)
[1, 4, 10, 23, 57, 132, 301, 701, 1654, 3846, 9178, 21072]...: 10808510: ACCEPTED IN 20 TRIES, (AVG 540425.5)
[1, 4, 10, 23, 57, 132, 301, 701, 1654, 3846, 9178, 21077]...: 7019564: ACCEPTED IN 13 TRIES, (AVG 539966.4615384615)
[1, 4, 10, 23, 57, 132, 301, 701, 1654, 3846, 9178, 21089]...: 5396713: ACCEPTED IN 10 TRIES, (AVG 539671.3)
[1, 4, 10, 23, 57, 132, 301, 701, 1654, 3846, 9178, 21093]...: 10808584: ACCEPTED IN 20 TRIES, (AVG 540429.2)
[1, 4, 10, 23, 57, 132, 301, 701, 1654, 3846, 9178, 21101]...: 6479770: ACCEPTED IN 12 TRIES, (AVG 539980.8333333334)
[1, 4, 10, 23, 57, 132, 301, 701, 1654, 3846, 9178, 21105]...: 7019045: ACCEPTED IN 13 TRIES, (AVG 539926.5384615385)
[1, 4, 10, 23, 57, 132, 301, 701, 1654, 3846, 9178, 21109]...: 17841303: ACCEPTED IN 33 TRIES, (AVG 540645.5454545454)
[1, 4, 10, 23, 57, 132, 301, 701, 1654, 3846, 9178, 21126]...: 13513279: ACCEPTED IN 25 TRIES, (AVG 540531.16)
[1, 4, 10, 23, 57, 132, 301, 701, 1654, 3846, 9178, 21130]...: 6478153: ACCEPTED IN 12 TRIES, (AVG 539846.0833333334)
[1, 4, 10, 23, 57, 132, 301, 701, 1654, 3846, 9178, 21138]...: 3772382: ACCEPTED IN 7 TRIES, (AVG 538911.7142857143)
[1, 4, 10, 23, 57, 132, 301, 701, 1654, 3846, 9178, 21139]...: 17301862: ACCEPTED IN 32 TRIES, (AVG 540683.1875)
[1, 4, 10, 23, 57, 132, 301, 701, 1654, 3846, 9178, 21142]...: 13514377: ACCEPTED IN 25 TRIES, (AVG 540575.08)
[1, 4, 10, 23, 57, 132, 301, 701, 1654, 3846, 9178, 21150]...: 7561977: ACCEPTED IN 14 TRIES, (AVG 540141.2142857143)
[1, 4, 10, 23, 57, 132, 301, 701, 1654, 3846, 9178, 21167]...: 16760975: ACCEPTED IN 31 TRIES, (AVG 540676.6129032258)
[1, 4, 10, 23, 57, 132, 301, 701, 1654, 3846, 9178, 21172]...: 7019493: ACCEPTED IN 13 TRIES, (AVG 539961.0)
[1, 4, 10, 23, 57, 132, 301, 701, 1654, 3846, 9178, 21176]...: 8103081: ACCEPTED IN 15 TRIES, (AVG 540205.4)
[1, 4, 10, 23, 57, 132, 301, 701, 1654, 3846, 9178, 21204]...: 8644293: ACCEPTED IN 16 TRIES, (AVG 540268.3125)
[1, 4, 10, 23, 57, 132, 301, 701, 1654, 3846, 9178, 21209]...: 6479648: ACCEPTED IN 12 TRIES, (AVG 539970.6666666666)
[1, 4, 10, 23, 57, 132, 301, 701, 1654, 3846, 9178, 21221]...: 8644330: ACCEPTED IN 16 TRIES, (AVG 540270.625)
[1, 4, 10, 23, 57, 132, 301, 701, 1654, 3846, 9178, 21225]...: 9726387: ACCEPTED IN 18 TRIES, (AVG 540354.8333333334)
[1, 4, 10, 23, 57, 132, 301, 701, 1654, 3846, 9178, 21233]...: 10807949: ACCEPTED IN 20 TRIES, (AVG 540397.45)
[1, 4, 10, 23, 57, 132, 301, 701, 1654, 3846, 9178, 21237]...: 5936264: ACCEPTED IN 11 TRIES, (AVG 539660.3636363636)
[1, 4, 10, 23, 57, 132, 301, 701, 1654, 3846, 9178, 21241]...: 7020952: ACCEPTED IN 13 TRIES, (AVG 540073.2307692308)
[1, 4, 10, 23, 57, 132, 301, 701, 1654, 3846, 9178, 21246]...: 6478824: ACCEPTED IN 12 TRIES, (AVG 539902.0)
[1, 4, 10, 23, 57, 132, 301, 701, 1654, 3846, 9178, 21258]...: 15132925: ACCEPTED IN 28 TRIES, (AVG 540461.6071428572)
[1, 4, 10, 23, 57, 132, 301, 701, 1654, 3846, 9178, 21262]...: 3772282: ACCEPTED IN 7 TRIES, (AVG 538897.4285714285)
[1, 4, 10, 23, 57, 132, 301, 701, 1654, 3846, 9178, 21270]...: 12972200: ACCEPTED IN 24 TRIES, (AVG 540508.3333333334)
[1, 4, 10, 23, 57, 132, 301, 701, 1654, 3846, 9178, 21271]...: 4855483: ACCEPTED IN 9 TRIES, (AVG 539498.1111111111)
[1, 4, 10, 23, 57, 132, 301, 701, 1654, 3846, 9178, 21274]...: 19466856: ACCEPTED IN 36 TRIES, (AVG 540746.0)
[1, 4, 10, 23, 57, 132, 301, 701, 1654, 3846, 9178, 21282]...: 5938097: ACCEPTED IN 11 TRIES, (AVG 539827.0)
[1, 4, 10, 23, 57, 132, 301, 701, 1654, 3846, 9178, 21295]...: 5396034: ACCEPTED IN 10 TRIES, (AVG 539603.4)
[1, 4, 10, 23, 57, 132, 301, 701, 1654, 3846, 9178, 21299]...: 15677177: ACCEPTED IN 29 TRIES, (AVG 540592.3103448276)
[1, 4, 10, 23, 57, 132, 301, 701, 1654, 3846, 9178, 21300]...: 9183854: ACCEPTED IN 17 TRIES, (AVG 540226.7058823529)
[1, 4, 10, 23, 57, 132, 301, 701, 1654, 3846, 9178, 21308]...: 12429755: ACCEPTED IN 23 TRIES, (AVG 540424.1304347826)
[1, 4, 10, 23, 57, 132, 301, 701, 1654, 3846, 9178, 21311]...: 7020691: ACCEPTED IN 13 TRIES, (AVG 540053.1538461539)
[1, 4, 10, 23, 57, 132, 301, 701, 1654, 3846, 9178, 21336]...: 12432243: ACCEPTED IN 23 TRIES, (AVG 540532.304347826)
[1, 4, 10, 23, 57, 132, 301, 701, 1654, 3846, 9178, 21341]...: 13512496: ACCEPTED IN 25 TRIES, (AVG 540499.84)
[1, 4, 10, 23, 57, 132, 301, 701, 1654, 3846, 9178, 21345]...: 8102797: ACCEPTED IN 15 TRIES, (AVG 540186.4666666667)
[1, 4, 10, 23, 57, 132, 301, 701, 1654, 3846, 9178, 21353]...: 8103041: ACCEPTED IN 15 TRIES, (AVG 540202.7333333333)
[1, 4, 10, 23, 57, 132, 301, 701, 1654, 3846, 9178, 21357]...: 7020107: ACCEPTED IN 13 TRIES, (AVG 540008.2307692308)
[1, 4, 10, 23, 57, 132, 301, 701, 1654, 3846, 9178, 21365]...: 7020170: ACCEPTED IN 13 TRIES, (AVG 540013.0769230769)
[1, 4, 10, 23, 57, 132, 301, 701, 1654, 3846, 9178, 21369]...: 7020228: ACCEPTED IN 13 TRIES, (AVG 540017.5384615385)
[1, 4, 10, 23, 57, 132, 301, 701, 1654, 3846, 9178, 21373]...: 4855601: ACCEPTED IN 9 TRIES, (AVG 539511.2222222222)
[1, 4, 10, 23, 57, 132, 301, 701, 1654, 3846, 9178, 21378]...: 7020350: ACCEPTED IN 13 TRIES, (AVG 540026.9230769231)
[1, 4, 10, 23, 57, 132, 301, 701, 1654, 3846, 9178, 21390]...: 6479741: ACCEPTED IN 12 TRIES, (AVG 539978.4166666666)
[1, 4, 10, 23, 57, 132, 301, 701, 1654, 3846, 9178, 21394]...: 11889036: ACCEPTED IN 22 TRIES, (AVG 540410.7272727273)
[1, 4, 10, 23, 57, 132, 301, 701, 1654, 3846, 9178, 21402]...: 12973276: ACCEPTED IN 24 TRIES, (AVG 540553.1666666666)
[1, 4, 10, 23, 57, 132, 301, 701, 1654, 3846, 9178, 21406]...: 9726413: ACCEPTED IN 18 TRIES, (AVG 540356.2777777778)
[1, 4, 10, 23, 57, 132, 301, 701, 1654, 3846, 9178, 21410]...: 5937938: ACCEPTED IN 11 TRIES, (AVG 539812.5454545454)
[1, 4, 10, 23, 57, 132, 301, 701, 1654, 3846, 9178, 21427]...: 5397250: ACCEPTED IN 10 TRIES, (AVG 539725.0)
[1, 4, 10, 23, 57, 132, 301, 701, 1654, 3846, 9178, 21431]...: 4314752: ACCEPTED IN 8 TRIES, (AVG 539344.0)
[1, 4, 10, 23, 57, 132, 301, 701, 1654, 3846, 9178, 21432]...: 18383820: ACCEPTED IN 34 TRIES, (AVG 540700.5882352941)
[1, 4, 10, 23, 57, 132, 301, 701, 1654, 3846, 9178, 21440]...: 6477861: ACCEPTED IN 12 TRIES, (AVG 539821.75)
[1, 4, 10, 23, 57, 132, 301, 701, 1654, 3846, 9178, 21443]...: 8102558: ACCEPTED IN 15 TRIES, (AVG 540170.5333333333)
[1, 4, 10, 23, 57, 132, 301, 701, 1654, 3846, 9178, 21444]...: 10266994: ACCEPTED IN 19 TRIES, (AVG 540368.1052631579)
[1, 4, 10, 23, 57, 132, 301, 701, 1654, 3846, 9178, 21468]...: 8102443: ACCEPTED IN 15 TRIES, (AVG 540162.8666666667)
[1, 4, 10, 23, 57, 132, 301, 701, 1654, 3846, 9178, 21473]...: 9726193: ACCEPTED IN 18 TRIES, (AVG 540344.0555555555)
[1, 4, 10, 23, 57, 132, 301, 701, 1654, 3846, 9178, 21477]...: 6478535: ACCEPTED IN 12 TRIES, (AVG 539877.9166666666)
[1, 4, 10, 23, 57, 132, 301, 701, 1654, 3846, 9178, 21485]...: 8102870: ACCEPTED IN 15 TRIES, (AVG 540191.3333333334)
[1, 4, 10, 23, 57, 132, 301, 701, 1654, 3846, 9178, 21489]...: 6476302: ACCEPTED IN 12 TRIES, (AVG 539691.8333333334)
[1, 4, 10, 23, 57, 132, 301, 701, 1654, 3846, 9178, 21501]...: 12972507: ACCEPTED IN 24 TRIES, (AVG 540521.125)
[1, 4, 10, 23, 57, 132, 301, 701, 1654, 3846, 9178, 21505]...: 4856152: ACCEPTED IN 9 TRIES, (AVG 539572.4444444445)
[1, 4, 10, 23, 57, 132, 301, 701, 1654, 3846, 9178, 21510]...: 6479130: ACCEPTED IN 12 TRIES, (AVG 539927.5)
[1, 4, 10, 23, 57, 132, 301, 701, 1654, 3846, 9178, 21522]...: 6478285: ACCEPTED IN 12 TRIES, (AVG 539857.0833333334)
[1, 4, 10, 23, 57, 132, 301, 701, 1654, 3846, 9178, 21526]...: 4856206: ACCEPTED IN 9 TRIES, (AVG 539578.4444444445)
[1, 4, 10, 23, 57, 132, 301, 701, 1654, 3846, 9178, 21534]...: 7020696: ACCEPTED IN 13 TRIES, (AVG 540053.5384615385)
[1, 4, 10, 23, 57, 132, 301, 701, 1654, 3846, 9178, 21538]...: 16760878: ACCEPTED IN 31 TRIES, (AVG 540673.4838709678)
[1, 4, 10, 23, 57, 132, 301, 701, 1654, 3846, 9178, 21542]...: 6478561: ACCEPTED IN 12 TRIES, (AVG 539880.0833333334)
[1, 4, 10, 23, 57, 132, 301, 701, 1654, 3846, 9178, 21547]...: 7018983: ACCEPTED IN 13 TRIES, (AVG 539921.7692307692)
[1, 4, 10, 23, 57, 132, 301, 701, 1654, 3846, 9178, 21559]...: 7018976: ACCEPTED IN 13 TRIES, (AVG 539921.2307692308)
[1, 4, 10, 23, 57, 132, 301, 701, 1654, 3846, 9178, 21563]...: 7019323: ACCEPTED IN 13 TRIES, (AVG 539947.9230769231)
[1, 4, 10, 23, 57, 132, 301, 701, 1654, 3846, 9178, 21564]...: 9185235: ACCEPTED IN 17 TRIES, (AVG 540307.9411764706)
[1, 4, 10, 23, 57, 132, 301, 701, 1654, 3846, 9178, 21572]...: 6479608: ACCEPTED IN 12 TRIES, (AVG 539967.3333333334)
[1, 4, 10, 23, 57, 132, 301, 701, 1654, 3846, 9178, 21575]...: 11349972: ACCEPTED IN 21 TRIES, (AVG 540474.8571428572)
[1, 4, 10, 23, 57, 132, 301, 701, 1654, 3846, 9178, 21576]...: 6479433: ACCEPTED IN 12 TRIES, (AVG 539952.75)
[1, 4, 10, 23, 57, 132, 301, 701, 1654, 3846, 9178, 21596]...: 7017973: ACCEPTED IN 13 TRIES, (AVG 539844.0769230769)
[1, 4, 10, 23, 57, 132, 301, 701, 1654, 3846, 9178, 21600]...: 14055535: ACCEPTED IN 26 TRIES, (AVG 540597.5)
[1, 4, 10, 23, 57, 132, 301, 701, 1654, 3846, 9178, 21601]...: 11890972: ACCEPTED IN 22 TRIES, (AVG 540498.7272727273)
[1, 4, 10, 23, 57, 132, 301, 701, 1654, 3846, 9178, 21605]...: 5396877: ACCEPTED IN 10 TRIES, (AVG 539687.7)
[1, 4, 10, 23, 57, 132, 301, 701, 1654, 3846, 9178, 21609]...: 7020300: ACCEPTED IN 13 TRIES, (AVG 540023.0769230769)
[1, 4, 10, 23, 57, 132, 301, 701, 1654, 3846, 9178, 21617]...: 7018978: ACCEPTED IN 13 TRIES, (AVG 539921.3846153846)
[1, 4, 10, 23, 57, 132, 301, 701, 1654, 3846, 9178, 21621]...: 7018866: ACCEPTED IN 13 TRIES, (AVG 539912.7692307692)
[1, 4, 10, 23, 57, 132, 301, 701, 1654, 3846, 9178, 21633]...: 9726554: ACCEPTED IN 18 TRIES, (AVG 540364.1111111111)
[1, 4, 10, 23, 57, 132, 301, 701, 1654, 3846, 9178, 21637]...: 5396324: ACCEPTED IN 10 TRIES, (AVG 539632.4)
[1, 4, 10, 23, 57, 132, 301, 701, 1654, 3846, 9178, 21642]...: 6478245: ACCEPTED IN 12 TRIES, (AVG 539853.75)
[1, 4, 10, 23, 57, 132, 301, 701, 1654, 3846, 9178, 21646]...: 7561875: ACCEPTED IN 14 TRIES, (AVG 540133.9285714285)
[1, 4, 10, 23, 57, 132, 301, 701, 1654, 3846, 9178, 21654]...: 9185173: ACCEPTED IN 17 TRIES, (AVG 540304.2941176471)
[1, 4, 10, 23, 57, 132, 301, 701, 1654, 3846, 9178, 21658]...: 15136068: ACCEPTED IN 28 TRIES, (AVG 540573.8571428572)
[1, 4, 10, 23, 57, 132, 301, 701, 1654, 3846, 9178, 21662]...: 6476941: ACCEPTED IN 12 TRIES, (AVG 539745.0833333334)
[1, 4, 10, 23, 57, 132, 301, 701, 1654, 3846, 9178, 21666]...: 9184911: ACCEPTED IN 17 TRIES, (AVG 540288.8823529412)
[1, 4, 10, 23, 57, 132, 301, 701, 1654, 3846, 9178, 21670]...: 7020439: ACCEPTED IN 13 TRIES, (AVG 540033.7692307692)
[1, 4, 10, 23, 57, 132, 301, 701, 1654, 3846, 9178, 21674]...: 7020322: ACCEPTED IN 13 TRIES, (AVG 540024.7692307692)
[1, 4, 10, 23, 57, 132, 301, 701, 1654, 3846, 9178, 21679]...: 11891086: ACCEPTED IN 22 TRIES, (AVG 540503.9090909091)
[1, 4, 10, 23, 57, 132, 301, 701, 1654, 3846, 9178, 21691]...: 6479556: ACCEPTED IN 12 TRIES, (AVG 539963.0)
[1, 4, 10, 23, 57, 132, 301, 701, 1654, 3846, 9178, 21695]...: 6476411: ACCEPTED IN 12 TRIES, (AVG 539700.9166666666)
[1, 4, 10, 23, 57, 132, 301, 701, 1654, 3846, 9178, 21696]...: 6478879: ACCEPTED IN 12 TRIES, (AVG 539906.5833333334)
[1, 4, 10, 23, 57, 132, 301, 701, 1654, 3846, 9178, 21707]...: 7020832: ACCEPTED IN 13 TRIES, (AVG 540064.0)
[1, 4, 10, 23, 57, 132, 301, 701, 1654, 3846, 9178, 21708]...: 13512766: ACCEPTED IN 25 TRIES, (AVG 540510.64)
[1, 4, 10, 23, 57, 132, 301, 701, 1654, 3846, 9178, 21711]...: 7019684: ACCEPTED IN 13 TRIES, (AVG 539975.6923076923)
[1, 4, 10, 23, 57, 132, 301, 701, 1654, 3846, 9178, 21728]...: 12431268: ACCEPTED IN 23 TRIES, (AVG 540489.9130434783)
[1, 4, 10, 23, 57, 132, 301, 701, 1654, 3846, 9178, 21732]...: 7020978: ACCEPTED IN 13 TRIES, (AVG 540075.2307692308)
[1, 4, 10, 23, 57, 132, 301, 701, 1654, 3846, 9178, 21733]...: 14054844: ACCEPTED IN 26 TRIES, (AVG 540570.9230769231)
[1, 4, 10, 23, 57, 132, 301, 701, 1654, 3846, 9178, 21737]...: 6479081: ACCEPTED IN 12 TRIES, (AVG 539923.4166666666)
[1, 4, 10, 23, 57, 132, 301, 701, 1654, 3846, 9178, 21741]...: 5938608: ACCEPTED IN 11 TRIES, (AVG 539873.4545454546)
[1, 4, 10, 23, 57, 132, 301, 701, 1654, 3846, 9178, 21745]...: 5397349: ACCEPTED IN 10 TRIES, (AVG 539734.9)
[1, 4, 10, 23, 57, 132, 301, 701, 1654, 3846, 9178, 21749]...: 9185275: ACCEPTED IN 17 TRIES, (AVG 540310.2941176471)
[1, 4, 10, 23, 57, 132, 301, 701, 1654, 3846, 9178, 21753]...: 13513332: ACCEPTED IN 25 TRIES, (AVG 540533.28)
[1, 4, 10, 23, 57, 132, 301, 701, 1654, 3846, 9178, 21765]...: 10806741: ACCEPTED IN 20 TRIES, (AVG 540337.05)
[1, 4, 10, 23, 57, 132, 301, 701, 1654, 3846, 9178, 21769]...: 5938693: ACCEPTED IN 11 TRIES, (AVG 539881.1818181818)
[1, 4, 10, 23, 57, 132, 301, 701, 1654, 3846, 9178, 21774]...: 6478736: ACCEPTED IN 12 TRIES, (AVG 539894.6666666666)
[1, 4, 10, 23, 57, 132, 301, 701, 1654, 3846, 9178, 21778]...: 6477733: ACCEPTED IN 12 TRIES, (AVG 539811.0833333334)
[1, 4, 10, 23, 57, 132, 301, 701, 1654, 3846, 9178, 21786]...: 6479063: ACCEPTED IN 12 TRIES, (AVG 539921.9166666666)
[1, 4, 10, 23, 57, 132, 301, 701, 1654, 3846, 9178, 21790]...: 4855510: ACCEPTED IN 9 TRIES, (AVG 539501.1111111111)
[1, 4, 10, 23, 57, 132, 301, 701, 1654, 3846, 9178, 21794]...: 8643895: ACCEPTED IN 16 TRIES, (AVG 540243.4375)
[1, 4, 10, 23, 57, 132, 301, 701, 1654, 3846, 9178, 21802]...: 5395846: ACCEPTED IN 10 TRIES, (AVG 539584.6)
[1, 4, 10, 23, 57, 132, 301, 701, 1654, 3846, 9178, 21806]...: 7017509: ACCEPTED IN 13 TRIES, (AVG 539808.3846153846)
[1, 4, 10, 23, 57, 132, 301, 701, 1654, 3846, 9178, 21811]...: 10806777: ACCEPTED IN 20 TRIES, (AVG 540338.85)
[1, 4, 10, 23, 57, 132, 301, 701, 1654, 3846, 9178, 21823]...: 4856196: ACCEPTED IN 9 TRIES, (AVG 539577.3333333334)
[1, 4, 10, 23, 57, 132, 301, 701, 1654, 3846, 9178, 21827]...: 7019720: ACCEPTED IN 13 TRIES, (AVG 539978.4615384615)
[1, 4, 10, 23, 57, 132, 301, 701, 1654, 3846, 9178, 21828]...: 5397105: ACCEPTED IN 10 TRIES, (AVG 539710.5)
[1, 4, 10, 23, 57, 132, 301, 701, 1654, 3846, 9178, 21839]...: 7020739: ACCEPTED IN 13 TRIES, (AVG 540056.8461538461)
[1, 4, 10, 23, 57, 132, 301, 701, 1654, 3846, 9178, 21840]...: 5396743: ACCEPTED IN 10 TRIES, (AVG 539674.3)
[1, 4, 10, 23, 57, 132, 301, 701, 1654, 3846, 9178, 21843]...: 6476688: ACCEPTED IN 12 TRIES, (AVG 539724.0)
[1, 4, 10, 23, 57, 132, 301, 701, 1654, 3846, 9178, 21848]...: 5396194: ACCEPTED IN 10 TRIES, (AVG 539619.4)
[1, 4, 10, 23, 57, 132, 301, 701, 1654, 3846, 9178, 21860]...: 6478523: ACCEPTED IN 12 TRIES, (AVG 539876.9166666666)
[1, 4, 10, 23, 57, 132, 301, 701, 1654, 3846, 9178, 21865]...: 6479324: ACCEPTED IN 12 TRIES, (AVG 539943.6666666666)
[1, 4, 10, 23, 57, 132, 301, 701, 1654, 3846, 9178, 21869]...: 5938219: ACCEPTED IN 11 TRIES, (AVG 539838.0909090909)
[1, 4, 10, 23, 57, 132, 301, 701, 1654, 3846, 9178, 21873]...: 6478321: ACCEPTED IN 12 TRIES, (AVG 539860.0833333334)
[1, 4, 10, 23, 57, 132, 301, 701, 1654, 3846, 9178, 21877]...: 7016982: ACCEPTED IN 13 TRIES, (AVG 539767.8461538461)
[1, 4, 10, 23, 57, 132, 301, 701, 1654, 3846, 9178, 21881]...: 5938533: ACCEPTED IN 11 TRIES, (AVG 539866.6363636364)
[1, 4, 10, 23, 57, 132, 301, 701, 1654, 3846, 9178, 21885]...: 5395326: ACCEPTED IN 10 TRIES, (AVG 539532.6)
[1, 4, 10, 23, 57, 132, 301, 701, 1654, 3846, 9178, 21897]...: 4856385: ACCEPTED IN 9 TRIES, (AVG 539598.3333333334)
[1, 4, 10, 23, 57, 132, 301, 701, 1654, 3846, 9178, 21901]...: 7020623: ACCEPTED IN 13 TRIES, (AVG 540047.9230769231)
[1, 4, 10, 23, 57, 132, 301, 701, 1654, 3846, 9178, 21902]...: 5397279: ACCEPTED IN 10 TRIES, (AVG 539727.9)
[1, 4, 10, 23, 57, 132, 301, 701, 1654, 3846, 9178, 21906]...: 5395804: ACCEPTED IN 10 TRIES, (AVG 539580.4)
[1, 4, 10, 23, 57, 132, 301, 701, 1654, 3846, 9178, 21910]...: 4854916: ACCEPTED IN 9 TRIES, (AVG 539435.1111111111)
[1, 4, 10, 23, 57, 132, 301, 701, 1654, 3846, 9178, 21918]...: 6477554: ACCEPTED IN 12 TRIES, (AVG 539796.1666666666)
[1, 4, 10, 23, 57, 132, 301, 701, 1654, 3846, 9178, 21922]...: 12431608: ACCEPTED IN 23 TRIES, (AVG 540504.695652174)
[1, 4, 10, 23, 57, 132, 301, 701, 1654, 3846, 9178, 21926]...: 5397535: ACCEPTED IN 10 TRIES, (AVG 539753.5)
[1, 4, 10, 23, 57, 132, 301, 701, 1654, 3846, 9178, 21934]...: 7017637: ACCEPTED IN 13 TRIES, (AVG 539818.2307692308)
[1, 4, 10, 23, 57, 132, 301, 701, 1654, 3846, 9178, 21938]...: 4314545: ACCEPTED IN 8 TRIES, (AVG 539318.125)
[1, 4, 10, 23, 57, 132, 301, 701, 1654, 3846, 9178, 21943]...: 6479453: ACCEPTED IN 12 TRIES, (AVG 539954.4166666666)
[1, 4, 10, 23, 57, 132, 301, 701, 1654, 3846, 9178, 21947]...: 5935960: ACCEPTED IN 11 TRIES, (AVG 539632.7272727273)
[1, 4, 10, 23, 57, 132, 301, 701, 1654, 3846, 9178, 21955]...: 6478334: ACCEPTED IN 12 TRIES, (AVG 539861.1666666666)
[1, 4, 10, 23, 57, 132, 301, 701, 1654, 3846, 9178, 21959]...: 7020466: ACCEPTED IN 13 TRIES, (AVG 540035.8461538461)
[1, 4, 10, 23, 57, 132, 301, 701, 1654, 3846, 9178, 21960]...: 7017232: ACCEPTED IN 13 TRIES, (AVG 539787.0769230769)
[1, 4, 10, 23, 57, 132, 301, 701, 1654, 3846, 9178, 21963]...: 4855897: ACCEPTED IN 9 TRIES, (AVG 539544.1111111111)
[1, 4, 10, 23, 57, 132, 301, 701, 1654, 3846, 9178, 21971]...: 7017359: ACCEPTED IN 13 TRIES, (AVG 539796.8461538461)
[1, 4, 10, 23, 57, 132, 301, 701, 1654, 3846, 9178, 21972]...: 4855254: ACCEPTED IN 9 TRIES, (AVG 539472.6666666666)
[1, 4, 10, 23, 57, 132, 301, 701, 1654, 3846, 9178, 21975]...: 4855718: ACCEPTED IN 9 TRIES, (AVG 539524.2222222222)
[1, 4, 10, 23, 57, 132, 301, 701, 1654, 3846, 9178, 21980]...: 5936914: ACCEPTED IN 11 TRIES, (AVG 539719.4545454546)
[1, 4, 10, 23, 57, 132, 301, 701, 1654, 3846, 9178, 21992]...: 7020013: ACCEPTED IN 13 TRIES, (AVG 540001.0)
[1, 4, 10, 23, 57, 132, 301, 701, 1654, 3846, 9178, 21997]...: 6479521: ACCEPTED IN 12 TRIES, (AVG 539960.0833333334)
[1, 4, 10, 23, 57, 132, 301, 701, 1654, 3846, 9178, 22001]...: 4854822: ACCEPTED IN 9 TRIES, (AVG 539424.6666666666)
[1, 4, 10, 23, 57, 132, 301, 701, 1654, 3846, 9178, 22009]...: 5937742: ACCEPTED IN 11 TRIES, (AVG 539794.7272727273)
[1, 4, 10, 23, 57, 132, 301, 701, 1654, 3846, 9178, 22013]...: 14055650: ACCEPTED IN 26 TRIES, (AVG 540601.9230769231)
[1, 4, 10, 23, 57, 132, 301, 701, 1654, 3846, 9178, 22017]...: 4855029: ACCEPTED IN 9 TRIES, (AVG 539447.6666666666)
