[1, 4, 10, 23, 57, 132, 301, 701, 1654, 3846, 8878, 19642]...: 18925631: ACCEPTED IN 35 TRIES, (AVG 540732.3142857143)
[1, 4, 10, 23, 57, 132, 301, 701, 1654, 3846, 8878, 19648]...: 8102109: ACCEPTED IN 15 TRIES, (AVG 540140.6)
[1, 4, 10, 23, 57, 132, 301, 701, 1654, 3846, 8878, 19774]...: 17300653: ACCEPTED IN 32 TRIES, (AVG 540645.40625)
[1, 4, 10, 23, 57, 132, 301, 701, 1654, 3846, 8878, 19780]...: 12972175: ACCEPTED IN 24 TRIES, (AVG 540507.2916666666)
[1, 4, 10, 23, 57, 132, 301, 701, 1654, 3846, 8878, 19949]...: 11349882: ACCEPTED IN 21 TRIES, (AVG 540470.5714285715)
[1, 4, 10, 23, 57, 132, 301, 701, 1654, 3846, 8878, 20081]...: 10807501: ACCEPTED IN 20 TRIES, (AVG 540375.05)
[1, 4, 10, 23, 57, 132, 301, 701, 1654, 3846, 8878, 20250]...: 12972347: ACCEPTED IN 24 TRIES, (AVG 540514.4583333334)
[1, 4, 10, 23, 57, 132, 301, 701, 1654, 3846, 8878, 20382]...: 14055641: ACCEPTED IN 26 TRIES, (AVG 540601.5769230769)
[1, 4, 10, 23, 57, 132, 301, 701, 1654, 3846, 8878, 20700]...: 13512436: ACCEPTED IN 25 TRIES, (AVG 540497.44)
[1, 4, 10, 23, 57, 132, 301, 701, 1654, 3846, 8878, 20832]...: 11348880: ACCEPTED IN 21 TRIES, (AVG 540422.8571428572)
[1, 4, 10, 23, 57, 132, 301, 701, 1654, 3846, 8878, 21001]...: 14596496: ACCEPTED IN 27 TRIES, (AVG 540610.9629629629)
[1, 4, 10, 23, 57, 132, 301, 701, 1654, 3846, 8878, 21133]...: 15137660: ACCEPTED IN 28 TRIES, (AVG 540630.7142857143)
[1, 4, 10, 23, 57, 132, 301, 701, 1654, 3846, 8878, 21302]...: 11348478: ACCEPTED IN 21 TRIES, (AVG 540403.7142857143)
