[1, 4, 10, 23, 57, 132, 301, 701, 1654, 3735, 8417, 18766]...: 15137821: ACCEPTED IN 28 TRIES, (AVG 540636.4642857143)
[1, 4, 10, 23, 57, 132, 301, 701, 1654, 3735, 8417, 18770]...: 14054881: ACCEPTED IN 26 TRIES, (AVG 540572.3461538461)
[1, 4, 10, 23, 57, 132, 301, 701, 1654, 3735, 8417, 18803]...: 15678565: ACCEPTED IN 29 TRIES, (AVG 540640.1724137932)
[1, 4, 10, 23, 57, 132, 301, 701, 1654, 3735, 8417, 18906]...: 15137400: ACCEPTED IN 28 TRIES, (AVG 540621.4285714285)
[1, 4, 10, 23, 57, 132, 301, 701, 1654, 3735, 8417, 19001]...: 34618267: ACCEPTED IN 64 TRIES, (AVG 540910.421875)
[1, 4, 10, 23, 57, 132, 301, 701, 1654, 3735, 8417, 19108]...: 15677657: ACCEPTED IN 29 TRIES, (AVG 540608.8620689656)
[1, 4, 10, 23, 57, 132, 301, 701, 1654, 3735, 8417, 19199]...: 17301140: ACCEPTED IN 32 TRIES, (AVG 540660.625)
[1, 4, 10, 23, 57, 132, 301, 701, 1654, 3735, 8417, 19203]...: 15677096: ACCEPTED IN 29 TRIES, (AVG 540589.5172413794)
[1, 4, 10, 23, 57, 132, 301, 701, 1654, 3735, 8417, 19277]...: 56263429: ACCEPTED IN 104 TRIES, (AVG 540994.5096153846)
[1, 4, 10, 23, 57, 132, 301, 701, 1654, 3735, 8417, 19298]...: 16219545: ACCEPTED IN 30 TRIES, (AVG 540651.5)
[1, 4, 10, 23, 57, 132, 301, 701, 1654, 3735, 8417, 19302]...: 78450713: ACCEPTED IN 145 TRIES, (AVG 541039.4)
[1, 4, 10, 23, 57, 132, 301, 701, 1654, 3735, 8417, 19339]...: 62757685: ACCEPTED IN 116 TRIES, (AVG 541014.525862069)
[1, 4, 10, 23, 57, 132, 301, 701, 1654, 3735, 8417, 19368]...: 98471595: ACCEPTED IN 182 TRIES, (AVG 541052.7197802198)
[1, 4, 10, 23, 57, 132, 301, 701, 1654, 3735, 8417, 19372]...: 25958388: ACCEPTED IN 48 TRIES, (AVG 540799.75)
[1, 4, 10, 23, 57, 132, 301, 701, 1654, 3735, 8417, 19393]...: 39488886: ACCEPTED IN 73 TRIES, (AVG 540943.6438356164)
[1, 4, 10, 23, 57, 132, 301, 701, 1654, 3735, 8417, 19471]...: 13514394: ACCEPTED IN 25 TRIES, (AVG 540575.76)
[1, 4, 10, 23, 57, 132, 301, 701, 1654, 3735, 8417, 19504]...: 36241644: ACCEPTED IN 67 TRIES, (AVG 540920.0597014925)
[1, 4, 10, 23, 57, 132, 301, 701, 1654, 3735, 8417, 19529]...: 16218765: ACCEPTED IN 30 TRIES, (AVG 540625.5)
[1, 4, 10, 23, 57, 132, 301, 701, 1654, 3735, 8417, 19533]...: 78991262: ACCEPTED IN 146 TRIES, (AVG 541036.0410958905)
[1, 4, 10, 23, 57, 132, 301, 701, 1654, 3735, 8417, 19603]...: 88190129: ACCEPTED IN 163 TRIES, (AVG 541043.736196319)
[1, 4, 10, 23, 57, 132, 301, 701, 1654, 3735, 8417, 19636]...: 11891087: ACCEPTED IN 22 TRIES, (AVG 540503.9545454546)
[1, 4, 10, 23, 57, 132, 301, 701, 1654, 3735, 8417, 19640]...: 72498079: ACCEPTED IN 134 TRIES, (AVG 541030.4402985075)
[1, 4, 10, 23, 57, 132, 301, 701, 1654, 3735, 8417, 19673]...: 39488749: ACCEPTED IN 73 TRIES, (AVG 540941.7671232877)
[1, 4, 10, 23, 57, 132, 301, 701, 1654, 3735, 8417, 19694]...: 9725167: ACCEPTED IN 18 TRIES, (AVG 540287.0555555555)
[1, 4, 10, 23, 57, 132, 301, 701, 1654, 3735, 8417, 19714]...: 15134141: ACCEPTED IN 28 TRIES, (AVG 540505.0357142857)
[1, 4, 10, 23, 57, 132, 301, 701, 1654, 3735, 8417, 19731]...: 12971739: ACCEPTED IN 24 TRIES, (AVG 540489.125)
[1, 4, 10, 23, 57, 132, 301, 701, 1654, 3735, 8417, 19768]...: 63839794: ACCEPTED IN 118 TRIES, (AVG 541015.2033898305)
[1, 4, 10, 23, 57, 132, 301, 701, 1654, 3735, 8417, 19772]...: 33536226: ACCEPTED IN 62 TRIES, (AVG 540906.8709677419)
[1, 4, 10, 23, 57, 132, 301, 701, 1654, 3735, 8417, 19793]...: 28666250: ACCEPTED IN 53 TRIES, (AVG 540872.641509434)
[1, 4, 10, 23, 57, 132, 301, 701, 1654, 3735, 8417, 19797]...: 28125233: ACCEPTED IN 52 TRIES, (AVG 540869.8653846154)
[1, 4, 10, 23, 57, 132, 301, 701, 1654, 3735, 8417, 19805]...: 15678293: ACCEPTED IN 29 TRIES, (AVG 540630.7931034482)
[1, 4, 10, 23, 57, 132, 301, 701, 1654, 3735, 8417, 19809]...: 12431834: ACCEPTED IN 23 TRIES, (AVG 540514.5217391305)
[1, 4, 10, 23, 57, 132, 301, 701, 1654, 3735, 8417, 19834]...: 24877723: ACCEPTED IN 46 TRIES, (AVG 540820.0652173914)
[1, 4, 10, 23, 57, 132, 301, 701, 1654, 3735, 8417, 19863]...: 15678170: ACCEPTED IN 29 TRIES, (AVG 540626.551724138)
[1, 4, 10, 23, 57, 132, 301, 701, 1654, 3735, 8417, 19900]...: 87649180: ACCEPTED IN 162 TRIES, (AVG 541044.3209876543)
[1, 4, 10, 23, 57, 132, 301, 701, 1654, 3735, 8417, 19904]...: 9725886: ACCEPTED IN 18 TRIES, (AVG 540327.0)
[1, 4, 10, 23, 57, 132, 301, 701, 1654, 3735, 8417, 19925]...: 43274478: ACCEPTED IN 80 TRIES, (AVG 540930.975)
[1, 4, 10, 23, 57, 132, 301, 701, 1654, 3735, 8417, 19933]...: 16220297: ACCEPTED IN 30 TRIES, (AVG 540676.5666666667)
[1, 4, 10, 23, 57, 132, 301, 701, 1654, 3735, 8417, 19937]...: 16761011: ACCEPTED IN 31 TRIES, (AVG 540677.7741935484)
[1, 4, 10, 23, 57, 132, 301, 701, 1654, 3735, 8417, 19941]...: 55723019: ACCEPTED IN 103 TRIES, (AVG 541000.1844660194)
[1, 4, 10, 23, 57, 132, 301, 701, 1654, 3735, 8417, 19978]...: 10266364: ACCEPTED IN 19 TRIES, (AVG 540334.947368421)
[1, 4, 10, 23, 57, 132, 301, 701, 1654, 3735, 8417, 19995]...: 80073785: ACCEPTED IN 148 TRIES, (AVG 541039.0878378379)
[1, 4, 10, 23, 57, 132, 301, 701, 1654, 3735, 8417, 20057]...: 44359303: ACCEPTED IN 82 TRIES, (AVG 540967.1097560975)
[1, 4, 10, 23, 57, 132, 301, 701, 1654, 3735, 8417, 20069]...: 15137469: ACCEPTED IN 28 TRIES, (AVG 540623.8928571428)
[1, 4, 10, 23, 57, 132, 301, 701, 1654, 3735, 8417, 20073]...: 11891147: ACCEPTED IN 22 TRIES, (AVG 540506.6818181818)
[1, 4, 10, 23, 57, 132, 301, 701, 1654, 3735, 8417, 20189]...: 11891174: ACCEPTED IN 22 TRIES, (AVG 540507.9090909091)
