[1, 4, 10, 23, 57, 132, 301, 701, 1654, 3851, 9166, 20187]...: 7020130: ACCEPTED IN 13 TRIES, (AVG 540010.0)
[1, 4, 10, 23, 57, 132, 301, 701, 1654, 3851, 9166, 20191]...: 7018570: ACCEPTED IN 13 TRIES, (AVG 539890.0)
[1, 4, 10, 23, 57, 132, 301, 701, 1654, 3851, 9166, 20195]...: 7019951: ACCEPTED IN 13 TRIES, (AVG 539996.2307692308)
[1, 4, 10, 23, 57, 132, 301, 701, 1654, 3851, 9166, 20224]...: 8101204: ACCEPTED IN 15 TRIES, (AVG 540080.2666666667)
[1, 4, 10, 23, 57, 132, 301, 701, 1654, 3851, 9166, 20228]...: 5396359: ACCEPTED IN 10 TRIES, (AVG 539635.9)
[1, 4, 10, 23, 57, 132, 301, 701, 1654, 3851, 9166, 20232]...: 9723134: ACCEPTED IN 18 TRIES, (AVG 540174.1111111111)
[1, 4, 10, 23, 57, 132, 301, 701, 1654, 3851, 9166, 20282]...: 8643763: ACCEPTED IN 16 TRIES, (AVG 540235.1875)
[1, 4, 10, 23, 57, 132, 301, 701, 1654, 3851, 9166, 20294]...: 10267436: ACCEPTED IN 19 TRIES, (AVG 540391.3684210526)
[1, 4, 10, 23, 57, 132, 301, 701, 1654, 3851, 9166, 20319]...: 4853047: ACCEPTED IN 9 TRIES, (AVG 539227.4444444445)
[1, 4, 10, 23, 57, 132, 301, 701, 1654, 3851, 9166, 20323]...: 10808245: ACCEPTED IN 20 TRIES, (AVG 540412.25)
[1, 4, 10, 23, 57, 132, 301, 701, 1654, 3851, 9166, 20331]...: 7020229: ACCEPTED IN 13 TRIES, (AVG 540017.6153846154)
[1, 4, 10, 23, 57, 132, 301, 701, 1654, 3851, 9166, 20356]...: 3773690: ACCEPTED IN 7 TRIES, (AVG 539098.5714285715)
[1, 4, 10, 23, 57, 132, 301, 701, 1654, 3851, 9166, 20360]...: 8643059: ACCEPTED IN 16 TRIES, (AVG 540191.1875)
[1, 4, 10, 23, 57, 132, 301, 701, 1654, 3851, 9166, 20364]...: 7020057: ACCEPTED IN 13 TRIES, (AVG 540004.3846153846)
[1, 4, 10, 23, 57, 132, 301, 701, 1654, 3851, 9166, 20380]...: 7020817: ACCEPTED IN 13 TRIES, (AVG 540062.8461538461)
[1, 4, 10, 23, 57, 132, 301, 701, 1654, 3851, 9166, 20414]...: 9185509: ACCEPTED IN 17 TRIES, (AVG 540324.0588235294)
[1, 4, 10, 23, 57, 132, 301, 701, 1654, 3851, 9166, 20451]...: 9185171: ACCEPTED IN 17 TRIES, (AVG 540304.1764705882)
[1, 4, 10, 23, 57, 132, 301, 701, 1654, 3851, 9166, 20455]...: 9184726: ACCEPTED IN 17 TRIES, (AVG 540278.0)
[1, 4, 10, 23, 57, 132, 301, 701, 1654, 3851, 9166, 20463]...: 7019012: ACCEPTED IN 13 TRIES, (AVG 539924.0)
[1, 4, 10, 23, 57, 132, 301, 701, 1654, 3851, 9166, 20488]...: 8099679: ACCEPTED IN 15 TRIES, (AVG 539978.6)
[1, 4, 10, 23, 57, 132, 301, 701, 1654, 3851, 9166, 20492]...: 5397569: ACCEPTED IN 10 TRIES, (AVG 539756.9)
[1, 4, 10, 23, 57, 132, 301, 701, 1654, 3851, 9166, 20496]...: 5936893: ACCEPTED IN 11 TRIES, (AVG 539717.5454545454)
[1, 4, 10, 23, 57, 132, 301, 701, 1654, 3851, 9166, 20512]...: 7019983: ACCEPTED IN 13 TRIES, (AVG 539998.6923076923)
[1, 4, 10, 23, 57, 132, 301, 701, 1654, 3851, 9166, 20525]...: 7019638: ACCEPTED IN 13 TRIES, (AVG 539972.1538461539)
[1, 4, 10, 23, 57, 132, 301, 701, 1654, 3851, 9166, 20529]...: 8641917: ACCEPTED IN 16 TRIES, (AVG 540119.8125)
[1, 4, 10, 23, 57, 132, 301, 701, 1654, 3851, 9166, 20533]...: 4856038: ACCEPTED IN 9 TRIES, (AVG 539559.7777777778)
[1, 4, 10, 23, 57, 132, 301, 701, 1654, 3851, 9166, 20546]...: 4855860: ACCEPTED IN 9 TRIES, (AVG 539540.0)
[1, 4, 10, 23, 57, 132, 301, 701, 1654, 3851, 9166, 20583]...: 6477187: ACCEPTED IN 12 TRIES, (AVG 539765.5833333334)
[1, 4, 10, 23, 57, 132, 301, 701, 1654, 3851, 9166, 20587]...: 6479505: ACCEPTED IN 12 TRIES, (AVG 539958.75)
[1, 4, 10, 23, 57, 132, 301, 701, 1654, 3851, 9166, 20595]...: 9724490: ACCEPTED IN 18 TRIES, (AVG 540249.4444444445)
[1, 4, 10, 23, 57, 132, 301, 701, 1654, 3851, 9166, 20620]...: 4855630: ACCEPTED IN 9 TRIES, (AVG 539514.4444444445)
[1, 4, 10, 23, 57, 132, 301, 701, 1654, 3851, 9166, 20624]...: 4856270: ACCEPTED IN 9 TRIES, (AVG 539585.5555555555)
[1, 4, 10, 23, 57, 132, 301, 701, 1654, 3851, 9166, 20628]...: 7019165: ACCEPTED IN 13 TRIES, (AVG 539935.7692307692)
[1, 4, 10, 23, 57, 132, 301, 701, 1654, 3851, 9166, 20632]...: 3231668: ACCEPTED IN 6 TRIES, (AVG 538611.3333333334)
[1, 4, 10, 23, 57, 132, 301, 701, 1654, 3851, 9166, 20644]...: 5938666: ACCEPTED IN 11 TRIES, (AVG 539878.7272727273)
[1, 4, 10, 23, 57, 132, 301, 701, 1654, 3851, 9166, 20657]...: 8644335: ACCEPTED IN 16 TRIES, (AVG 540270.9375)
[1, 4, 10, 23, 57, 132, 301, 701, 1654, 3851, 9166, 20661]...: 7017180: ACCEPTED IN 13 TRIES, (AVG 539783.0769230769)
[1, 4, 10, 23, 57, 132, 301, 701, 1654, 3851, 9166, 20665]...: 5397190: ACCEPTED IN 10 TRIES, (AVG 539719.0)
[1, 4, 10, 23, 57, 132, 301, 701, 1654, 3851, 9166, 20681]...: 5395742: ACCEPTED IN 10 TRIES, (AVG 539574.2)
[1, 4, 10, 23, 57, 132, 301, 701, 1654, 3851, 9166, 20715]...: 7559052: ACCEPTED IN 14 TRIES, (AVG 539932.2857142857)
[1, 4, 10, 23, 57, 132, 301, 701, 1654, 3851, 9166, 20719]...: 7018067: ACCEPTED IN 13 TRIES, (AVG 539851.3076923077)
[1, 4, 10, 23, 57, 132, 301, 701, 1654, 3851, 9166, 20731]...: 7560825: ACCEPTED IN 14 TRIES, (AVG 540058.9285714285)
[1, 4, 10, 23, 57, 132, 301, 701, 1654, 3851, 9166, 20752]...: 5937723: ACCEPTED IN 11 TRIES, (AVG 539793.0)
[1, 4, 10, 23, 57, 132, 301, 701, 1654, 3851, 9166, 20756]...: 6479759: ACCEPTED IN 12 TRIES, (AVG 539979.9166666666)
[1, 4, 10, 23, 57, 132, 301, 701, 1654, 3851, 9166, 20760]...: 3772181: ACCEPTED IN 7 TRIES, (AVG 538883.0)
[1, 4, 10, 23, 57, 132, 301, 701, 1654, 3851, 9166, 20764]...: 7018696: ACCEPTED IN 13 TRIES, (AVG 539899.6923076923)
[1, 4, 10, 23, 57, 132, 301, 701, 1654, 3851, 9166, 20789]...: 5938029: ACCEPTED IN 11 TRIES, (AVG 539820.8181818182)
[1, 4, 10, 23, 57, 132, 301, 701, 1654, 3851, 9166, 20793]...: 4315087: ACCEPTED IN 8 TRIES, (AVG 539385.875)
[1, 4, 10, 23, 57, 132, 301, 701, 1654, 3851, 9166, 20797]...: 7018458: ACCEPTED IN 13 TRIES, (AVG 539881.3846153846)
[1, 4, 10, 23, 57, 132, 301, 701, 1654, 3851, 9166, 20813]...: 7017956: ACCEPTED IN 13 TRIES, (AVG 539842.7692307692)
[1, 4, 10, 23, 57, 132, 301, 701, 1654, 3851, 9166, 20826]...: 7018195: ACCEPTED IN 13 TRIES, (AVG 539861.1538461539)
[1, 4, 10, 23, 57, 132, 301, 701, 1654, 3851, 9166, 20830]...: 4313827: ACCEPTED IN 8 TRIES, (AVG 539228.375)
[1, 4, 10, 23, 57, 132, 301, 701, 1654, 3851, 9166, 20847]...: 8644329: ACCEPTED IN 16 TRIES, (AVG 540270.5625)
[1, 4, 10, 23, 57, 132, 301, 701, 1654, 3851, 9166, 20851]...: 5396334: ACCEPTED IN 10 TRIES, (AVG 539633.4)
[1, 4, 10, 23, 57, 132, 301, 701, 1654, 3851, 9166, 20863]...: 7560319: ACCEPTED IN 14 TRIES, (AVG 540022.7857142857)
[1, 4, 10, 23, 57, 132, 301, 701, 1654, 3851, 9166, 20884]...: 7018775: ACCEPTED IN 13 TRIES, (AVG 539905.7692307692)
[1, 4, 10, 23, 57, 132, 301, 701, 1654, 3851, 9166, 20888]...: 6477435: ACCEPTED IN 12 TRIES, (AVG 539786.25)
[1, 4, 10, 23, 57, 132, 301, 701, 1654, 3851, 9166, 20892]...: 4314865: ACCEPTED IN 8 TRIES, (AVG 539358.125)
[1, 4, 10, 23, 57, 132, 301, 701, 1654, 3851, 9166, 20896]...: 7020259: ACCEPTED IN 13 TRIES, (AVG 540019.9230769231)
[1, 4, 10, 23, 57, 132, 301, 701, 1654, 3851, 9166, 20921]...: 5397330: ACCEPTED IN 10 TRIES, (AVG 539733.0)
[1, 4, 10, 23, 57, 132, 301, 701, 1654, 3851, 9166, 20925]...: 6479519: ACCEPTED IN 12 TRIES, (AVG 539959.9166666666)
[1, 4, 10, 23, 57, 132, 301, 701, 1654, 3851, 9166, 20929]...: 7561541: ACCEPTED IN 14 TRIES, (AVG 540110.0714285715)
[1, 4, 10, 23, 57, 132, 301, 701, 1654, 3851, 9166, 20933]...: 6479798: ACCEPTED IN 12 TRIES, (AVG 539983.1666666666)
[1, 4, 10, 23, 57, 132, 301, 701, 1654, 3851, 9166, 20945]...: 8101895: ACCEPTED IN 15 TRIES, (AVG 540126.3333333334)
[1, 4, 10, 23, 57, 132, 301, 701, 1654, 3851, 9166, 20958]...: 6478570: ACCEPTED IN 12 TRIES, (AVG 539880.8333333334)
[1, 4, 10, 23, 57, 132, 301, 701, 1654, 3851, 9166, 20962]...: 6478909: ACCEPTED IN 12 TRIES, (AVG 539909.0833333334)
[1, 4, 10, 23, 57, 132, 301, 701, 1654, 3851, 9166, 20982]...: 6479157: ACCEPTED IN 12 TRIES, (AVG 539929.75)
[1, 4, 10, 23, 57, 132, 301, 701, 1654, 3851, 9166, 20983]...: 8641452: ACCEPTED IN 16 TRIES, (AVG 540090.75)
[1, 4, 10, 23, 57, 132, 301, 701, 1654, 3851, 9166, 20995]...: 5936070: ACCEPTED IN 11 TRIES, (AVG 539642.7272727273)
[1, 4, 10, 23, 57, 132, 301, 701, 1654, 3851, 9166, 21016]...: 14052575: ACCEPTED IN 26 TRIES, (AVG 540483.6538461539)
[1, 4, 10, 23, 57, 132, 301, 701, 1654, 3851, 9166, 21020]...: 6478008: ACCEPTED IN 12 TRIES, (AVG 539834.0)
[1, 4, 10, 23, 57, 132, 301, 701, 1654, 3851, 9166, 21024]...: 5937735: ACCEPTED IN 11 TRIES, (AVG 539794.0909090909)
[1, 4, 10, 23, 57, 132, 301, 701, 1654, 3851, 9166, 21032]...: 7562106: ACCEPTED IN 14 TRIES, (AVG 540150.4285714285)
[1, 4, 10, 23, 57, 132, 301, 701, 1654, 3851, 9166, 21053]...: 5937801: ACCEPTED IN 11 TRIES, (AVG 539800.0909090909)
[1, 4, 10, 23, 57, 132, 301, 701, 1654, 3851, 9166, 21057]...: 4855836: ACCEPTED IN 9 TRIES, (AVG 539537.3333333334)
[1, 4, 10, 23, 57, 132, 301, 701, 1654, 3851, 9166, 21061]...: 7562073: ACCEPTED IN 14 TRIES, (AVG 540148.0714285715)
[1, 4, 10, 23, 57, 132, 301, 701, 1654, 3851, 9166, 21065]...: 7019262: ACCEPTED IN 13 TRIES, (AVG 539943.2307692308)
[1, 4, 10, 23, 57, 132, 301, 701, 1654, 3851, 9166, 21090]...: 7019981: ACCEPTED IN 13 TRIES, (AVG 539998.5384615385)
[1, 4, 10, 23, 57, 132, 301, 701, 1654, 3851, 9166, 21094]...: 5397573: ACCEPTED IN 10 TRIES, (AVG 539757.3)
[1, 4, 10, 23, 57, 132, 301, 701, 1654, 3851, 9166, 21114]...: 5397047: ACCEPTED IN 10 TRIES, (AVG 539704.7)
[1, 4, 10, 23, 57, 132, 301, 701, 1654, 3851, 9166, 21115]...: 7020352: ACCEPTED IN 13 TRIES, (AVG 540027.0769230769)
[1, 4, 10, 23, 57, 132, 301, 701, 1654, 3851, 9166, 21127]...: 9185430: ACCEPTED IN 17 TRIES, (AVG 540319.4117647059)
[1, 4, 10, 23, 57, 132, 301, 701, 1654, 3851, 9166, 21131]...: 4312531: ACCEPTED IN 8 TRIES, (AVG 539066.375)
[1, 4, 10, 23, 57, 132, 301, 701, 1654, 3851, 9166, 21148]...: 4313152: ACCEPTED IN 8 TRIES, (AVG 539144.0)
[1, 4, 10, 23, 57, 132, 301, 701, 1654, 3851, 9166, 21152]...: 7020070: ACCEPTED IN 13 TRIES, (AVG 540005.3846153846)
[1, 4, 10, 23, 57, 132, 301, 701, 1654, 3851, 9166, 21156]...: 9185119: ACCEPTED IN 17 TRIES, (AVG 540301.1176470588)
[1, 4, 10, 23, 57, 132, 301, 701, 1654, 3851, 9166, 21164]...: 7017309: ACCEPTED IN 13 TRIES, (AVG 539793.0)
[1, 4, 10, 23, 57, 132, 301, 701, 1654, 3851, 9166, 21185]...: 5395702: ACCEPTED IN 10 TRIES, (AVG 539570.2)
[1, 4, 10, 23, 57, 132, 301, 701, 1654, 3851, 9166, 21189]...: 5938372: ACCEPTED IN 11 TRIES, (AVG 539852.0)
[1, 4, 10, 23, 57, 132, 301, 701, 1654, 3851, 9166, 21193]...: 4314160: ACCEPTED IN 8 TRIES, (AVG 539270.0)
[1, 4, 10, 23, 57, 132, 301, 701, 1654, 3851, 9166, 21197]...: 5397501: ACCEPTED IN 10 TRIES, (AVG 539750.1)
[1, 4, 10, 23, 57, 132, 301, 701, 1654, 3851, 9166, 21222]...: 8643214: ACCEPTED IN 16 TRIES, (AVG 540200.875)
[1, 4, 10, 23, 57, 132, 301, 701, 1654, 3851, 9166, 21226]...: 7560222: ACCEPTED IN 14 TRIES, (AVG 540015.8571428572)
[1, 4, 10, 23, 57, 132, 301, 701, 1654, 3851, 9166, 21234]...: 5396381: ACCEPTED IN 10 TRIES, (AVG 539638.1)
[1, 4, 10, 23, 57, 132, 301, 701, 1654, 3851, 9166, 21246]...: 7020694: ACCEPTED IN 13 TRIES, (AVG 540053.3846153846)
[1, 4, 10, 23, 57, 132, 301, 701, 1654, 3851, 9166, 21247]...: 7018124: ACCEPTED IN 13 TRIES, (AVG 539855.6923076923)
[1, 4, 10, 23, 57, 132, 301, 701, 1654, 3851, 9166, 21259]...: 7561841: ACCEPTED IN 14 TRIES, (AVG 540131.5)
[1, 4, 10, 23, 57, 132, 301, 701, 1654, 3851, 9166, 21263]...: 8641331: ACCEPTED IN 16 TRIES, (AVG 540083.1875)
[1, 4, 10, 23, 57, 132, 301, 701, 1654, 3851, 9166, 21276]...: 7020567: ACCEPTED IN 13 TRIES, (AVG 540043.6153846154)
[1, 4, 10, 23, 57, 132, 301, 701, 1654, 3851, 9166, 21284]...: 8644074: ACCEPTED IN 16 TRIES, (AVG 540254.625)
[1, 4, 10, 23, 57, 132, 301, 701, 1654, 3851, 9166, 21288]...: 6477458: ACCEPTED IN 12 TRIES, (AVG 539788.1666666666)
[1, 4, 10, 23, 57, 132, 301, 701, 1654, 3851, 9166, 21296]...: 7018932: ACCEPTED IN 13 TRIES, (AVG 539917.8461538461)
[1, 4, 10, 23, 57, 132, 301, 701, 1654, 3851, 9166, 21317]...: 5395542: ACCEPTED IN 10 TRIES, (AVG 539554.2)
[1, 4, 10, 23, 57, 132, 301, 701, 1654, 3851, 9166, 21321]...: 5396796: ACCEPTED IN 10 TRIES, (AVG 539679.6)
[1, 4, 10, 23, 57, 132, 301, 701, 1654, 3851, 9166, 21325]...: 7019605: ACCEPTED IN 13 TRIES, (AVG 539969.6153846154)
[1, 4, 10, 23, 57, 132, 301, 701, 1654, 3851, 9166, 21329]...: 4855371: ACCEPTED IN 9 TRIES, (AVG 539485.6666666666)
[1, 4, 10, 23, 57, 132, 301, 701, 1654, 3851, 9166, 21333]...: 4853177: ACCEPTED IN 9 TRIES, (AVG 539241.8888888889)
[1, 4, 10, 23, 57, 132, 301, 701, 1654, 3851, 9166, 21354]...: 4855392: ACCEPTED IN 9 TRIES, (AVG 539488.0)
[1, 4, 10, 23, 57, 132, 301, 701, 1654, 3851, 9166, 21358]...: 5937279: ACCEPTED IN 11 TRIES, (AVG 539752.6363636364)
[1, 4, 10, 23, 57, 132, 301, 701, 1654, 3851, 9166, 21366]...: 4314680: ACCEPTED IN 8 TRIES, (AVG 539335.0)
[1, 4, 10, 23, 57, 132, 301, 701, 1654, 3851, 9166, 21391]...: 5936539: ACCEPTED IN 11 TRIES, (AVG 539685.3636363636)
[1, 4, 10, 23, 57, 132, 301, 701, 1654, 3851, 9166, 21395]...: 7018752: ACCEPTED IN 13 TRIES, (AVG 539904.0)
[1, 4, 10, 23, 57, 132, 301, 701, 1654, 3851, 9166, 21408]...: 4856211: ACCEPTED IN 9 TRIES, (AVG 539579.0)
[1, 4, 10, 23, 57, 132, 301, 701, 1654, 3851, 9166, 21416]...: 7020108: ACCEPTED IN 13 TRIES, (AVG 540008.3076923077)
[1, 4, 10, 23, 57, 132, 301, 701, 1654, 3851, 9166, 21420]...: 6476091: ACCEPTED IN 12 TRIES, (AVG 539674.25)
[1, 4, 10, 23, 57, 132, 301, 701, 1654, 3851, 9166, 21428]...: 5937579: ACCEPTED IN 11 TRIES, (AVG 539779.9090909091)
[1, 4, 10, 23, 57, 132, 301, 701, 1654, 3851, 9166, 21432]...: 8642905: ACCEPTED IN 16 TRIES, (AVG 540181.5625)
[1, 4, 10, 23, 57, 132, 301, 701, 1654, 3851, 9166, 21449]...: 7019531: ACCEPTED IN 13 TRIES, (AVG 539963.9230769231)
[1, 4, 10, 23, 57, 132, 301, 701, 1654, 3851, 9166, 21453]...: 5937145: ACCEPTED IN 11 TRIES, (AVG 539740.4545454546)
[1, 4, 10, 23, 57, 132, 301, 701, 1654, 3851, 9166, 21457]...: 5936967: ACCEPTED IN 11 TRIES, (AVG 539724.2727272727)
[1, 4, 10, 23, 57, 132, 301, 701, 1654, 3851, 9166, 21461]...: 4856156: ACCEPTED IN 9 TRIES, (AVG 539572.8888888889)
[1, 4, 10, 23, 57, 132, 301, 701, 1654, 3851, 9166, 21465]...: 5936735: ACCEPTED IN 11 TRIES, (AVG 539703.1818181818)
[1, 4, 10, 23, 57, 132, 301, 701, 1654, 3851, 9166, 21486]...: 6479496: ACCEPTED IN 12 TRIES, (AVG 539958.0)
[1, 4, 10, 23, 57, 132, 301, 701, 1654, 3851, 9166, 21490]...: 3773877: ACCEPTED IN 7 TRIES, (AVG 539125.2857142857)
[1, 4, 10, 23, 57, 132, 301, 701, 1654, 3851, 9166, 21498]...: 5937509: ACCEPTED IN 11 TRIES, (AVG 539773.5454545454)
[1, 4, 10, 23, 57, 132, 301, 701, 1654, 3851, 9166, 21523]...: 5935852: ACCEPTED IN 11 TRIES, (AVG 539622.9090909091)
[1, 4, 10, 23, 57, 132, 301, 701, 1654, 3851, 9166, 21527]...: 5396285: ACCEPTED IN 10 TRIES, (AVG 539628.5)
[1, 4, 10, 23, 57, 132, 301, 701, 1654, 3851, 9166, 21540]...: 5397028: ACCEPTED IN 10 TRIES, (AVG 539702.8)
[1, 4, 10, 23, 57, 132, 301, 701, 1654, 3851, 9166, 21548]...: 5397030: ACCEPTED IN 10 TRIES, (AVG 539703.0)
[1, 4, 10, 23, 57, 132, 301, 701, 1654, 3851, 9166, 21552]...: 9184513: ACCEPTED IN 17 TRIES, (AVG 540265.4705882353)
[1, 4, 10, 23, 57, 132, 301, 701, 1654, 3851, 9166, 21560]...: 5396281: ACCEPTED IN 10 TRIES, (AVG 539628.1)
[1, 4, 10, 23, 57, 132, 301, 701, 1654, 3851, 9166, 21564]...: 8102669: ACCEPTED IN 15 TRIES, (AVG 540177.9333333333)
[1, 4, 10, 23, 57, 132, 301, 701, 1654, 3851, 9166, 21577]...: 7018385: ACCEPTED IN 13 TRIES, (AVG 539875.7692307692)
[1, 4, 10, 23, 57, 132, 301, 701, 1654, 3851, 9166, 21581]...: 5938268: ACCEPTED IN 11 TRIES, (AVG 539842.5454545454)
[1, 4, 10, 23, 57, 132, 301, 701, 1654, 3851, 9166, 21585]...: 7560583: ACCEPTED IN 14 TRIES, (AVG 540041.6428571428)
[1, 4, 10, 23, 57, 132, 301, 701, 1654, 3851, 9166, 21589]...: 7560903: ACCEPTED IN 14 TRIES, (AVG 540064.5)
[1, 4, 10, 23, 57, 132, 301, 701, 1654, 3851, 9166, 21593]...: 5937826: ACCEPTED IN 11 TRIES, (AVG 539802.3636363636)
[1, 4, 10, 23, 57, 132, 301, 701, 1654, 3851, 9166, 21597]...: 6478341: ACCEPTED IN 12 TRIES, (AVG 539861.75)
[1, 4, 10, 23, 57, 132, 301, 701, 1654, 3851, 9166, 21618]...: 5938280: ACCEPTED IN 11 TRIES, (AVG 539843.6363636364)
[1, 4, 10, 23, 57, 132, 301, 701, 1654, 3851, 9166, 21622]...: 7559857: ACCEPTED IN 14 TRIES, (AVG 539989.7857142857)
[1, 4, 10, 23, 57, 132, 301, 701, 1654, 3851, 9166, 21626]...: 7561188: ACCEPTED IN 14 TRIES, (AVG 540084.8571428572)
[1, 4, 10, 23, 57, 132, 301, 701, 1654, 3851, 9166, 21630]...: 5397315: ACCEPTED IN 10 TRIES, (AVG 539731.5)
[1, 4, 10, 23, 57, 132, 301, 701, 1654, 3851, 9166, 21634]...: 7020486: ACCEPTED IN 13 TRIES, (AVG 540037.3846153846)
[1, 4, 10, 23, 57, 132, 301, 701, 1654, 3851, 9166, 21655]...: 6479303: ACCEPTED IN 12 TRIES, (AVG 539941.9166666666)
[1, 4, 10, 23, 57, 132, 301, 701, 1654, 3851, 9166, 21659]...: 4311807: ACCEPTED IN 8 TRIES, (AVG 538975.875)
[1, 4, 10, 23, 57, 132, 301, 701, 1654, 3851, 9166, 21672]...: 10267198: ACCEPTED IN 19 TRIES, (AVG 540378.8421052631)
[1, 4, 10, 23, 57, 132, 301, 701, 1654, 3851, 9166, 21684]...: 4854682: ACCEPTED IN 9 TRIES, (AVG 539409.1111111111)
[1, 4, 10, 23, 57, 132, 301, 701, 1654, 3851, 9166, 21692]...: 5938328: ACCEPTED IN 11 TRIES, (AVG 539848.0)
[1, 4, 10, 23, 57, 132, 301, 701, 1654, 3851, 9166, 21696]...: 7019546: ACCEPTED IN 13 TRIES, (AVG 539965.0769230769)
[1, 4, 10, 23, 57, 132, 301, 701, 1654, 3851, 9166, 21709]...: 8101211: ACCEPTED IN 15 TRIES, (AVG 540080.7333333333)
[1, 4, 10, 23, 57, 132, 301, 701, 1654, 3851, 9166, 21713]...: 5938646: ACCEPTED IN 11 TRIES, (AVG 539876.9090909091)
[1, 4, 10, 23, 57, 132, 301, 701, 1654, 3851, 9166, 21717]...: 7018615: ACCEPTED IN 13 TRIES, (AVG 539893.4615384615)
[1, 4, 10, 23, 57, 132, 301, 701, 1654, 3851, 9166, 21721]...: 6478637: ACCEPTED IN 12 TRIES, (AVG 539886.4166666666)
[1, 4, 10, 23, 57, 132, 301, 701, 1654, 3851, 9166, 21725]...: 4314794: ACCEPTED IN 8 TRIES, (AVG 539349.25)
[1, 4, 10, 23, 57, 132, 301, 701, 1654, 3851, 9166, 21729]...: 4313653: ACCEPTED IN 8 TRIES, (AVG 539206.625)
[1, 4, 10, 23, 57, 132, 301, 701, 1654, 3851, 9166, 21733]...: 4315082: ACCEPTED IN 8 TRIES, (AVG 539385.25)
[1, 4, 10, 23, 57, 132, 301, 701, 1654, 3851, 9166, 21750]...: 4313887: ACCEPTED IN 8 TRIES, (AVG 539235.875)
[1, 4, 10, 23, 57, 132, 301, 701, 1654, 3851, 9166, 21754]...: 4856107: ACCEPTED IN 9 TRIES, (AVG 539567.4444444445)
[1, 4, 10, 23, 57, 132, 301, 701, 1654, 3851, 9166, 21758]...: 7018234: ACCEPTED IN 13 TRIES, (AVG 539864.1538461539)
[1, 4, 10, 23, 57, 132, 301, 701, 1654, 3851, 9166, 21762]...: 6479351: ACCEPTED IN 12 TRIES, (AVG 539945.9166666666)
[1, 4, 10, 23, 57, 132, 301, 701, 1654, 3851, 9166, 21766]...: 7017340: ACCEPTED IN 13 TRIES, (AVG 539795.3846153846)
[1, 4, 10, 23, 57, 132, 301, 701, 1654, 3851, 9166, 21787]...: 4856354: ACCEPTED IN 9 TRIES, (AVG 539594.8888888889)
[1, 4, 10, 23, 57, 132, 301, 701, 1654, 3851, 9166, 21791]...: 4314758: ACCEPTED IN 8 TRIES, (AVG 539344.75)
[1, 4, 10, 23, 57, 132, 301, 701, 1654, 3851, 9166, 21804]...: 7020197: ACCEPTED IN 13 TRIES, (AVG 540015.1538461539)
[1, 4, 10, 23, 57, 132, 301, 701, 1654, 3851, 9166, 21816]...: 7019214: ACCEPTED IN 13 TRIES, (AVG 539939.5384615385)
[1, 4, 10, 23, 57, 132, 301, 701, 1654, 3851, 9166, 21824]...: 7561792: ACCEPTED IN 14 TRIES, (AVG 540128.0)
[1, 4, 10, 23, 57, 132, 301, 701, 1654, 3851, 9166, 21841]...: 7559663: ACCEPTED IN 14 TRIES, (AVG 539975.9285714285)
[1, 4, 10, 23, 57, 132, 301, 701, 1654, 3851, 9166, 21845]...: 5936942: ACCEPTED IN 11 TRIES, (AVG 539722.0)
[1, 4, 10, 23, 57, 132, 301, 701, 1654, 3851, 9166, 21849]...: 4855960: ACCEPTED IN 9 TRIES, (AVG 539551.1111111111)
[1, 4, 10, 23, 57, 132, 301, 701, 1654, 3851, 9166, 21853]...: 4313808: ACCEPTED IN 8 TRIES, (AVG 539226.0)
[1, 4, 10, 23, 57, 132, 301, 701, 1654, 3851, 9166, 21857]...: 10808941: ACCEPTED IN 20 TRIES, (AVG 540447.05)
[1, 4, 10, 23, 57, 132, 301, 701, 1654, 3851, 9166, 21861]...: 5397582: ACCEPTED IN 10 TRIES, (AVG 539758.2)
[1, 4, 10, 23, 57, 132, 301, 701, 1654, 3851, 9166, 21865]...: 6479665: ACCEPTED IN 12 TRIES, (AVG 539972.0833333334)
[1, 4, 10, 23, 57, 132, 301, 701, 1654, 3851, 9166, 21878]...: 7018347: ACCEPTED IN 13 TRIES, (AVG 539872.8461538461)
[1, 4, 10, 23, 57, 132, 301, 701, 1654, 3851, 9166, 21882]...: 7019337: ACCEPTED IN 13 TRIES, (AVG 539949.0)
[1, 4, 10, 23, 57, 132, 301, 701, 1654, 3851, 9166, 21886]...: 5938056: ACCEPTED IN 11 TRIES, (AVG 539823.2727272727)
[1, 4, 10, 23, 57, 132, 301, 701, 1654, 3851, 9166, 21890]...: 5938667: ACCEPTED IN 11 TRIES, (AVG 539878.8181818182)
[1, 4, 10, 23, 57, 132, 301, 701, 1654, 3851, 9166, 21894]...: 7020195: ACCEPTED IN 13 TRIES, (AVG 540015.0)
[1, 4, 10, 23, 57, 132, 301, 701, 1654, 3851, 9166, 21898]...: 5938469: ACCEPTED IN 11 TRIES, (AVG 539860.8181818182)
[1, 4, 10, 23, 57, 132, 301, 701, 1654, 3851, 9166, 21919]...: 5397430: ACCEPTED IN 10 TRIES, (AVG 539743.0)
[1, 4, 10, 23, 57, 132, 301, 701, 1654, 3851, 9166, 21923]...: 5937737: ACCEPTED IN 11 TRIES, (AVG 539794.2727272727)
[1, 4, 10, 23, 57, 132, 301, 701, 1654, 3851, 9166, 21927]...: 6478572: ACCEPTED IN 12 TRIES, (AVG 539881.0)
[1, 4, 10, 23, 57, 132, 301, 701, 1654, 3851, 9166, 21935]...: 4314521: ACCEPTED IN 8 TRIES, (AVG 539315.125)
[1, 4, 10, 23, 57, 132, 301, 701, 1654, 3851, 9166, 21936]...: 7017575: ACCEPTED IN 13 TRIES, (AVG 539813.4615384615)
[1, 4, 10, 23, 57, 132, 301, 701, 1654, 3851, 9166, 21948]...: 4855441: ACCEPTED IN 9 TRIES, (AVG 539493.4444444445)
[1, 4, 10, 23, 57, 132, 301, 701, 1654, 3851, 9166, 21956]...: 4314515: ACCEPTED IN 8 TRIES, (AVG 539314.375)
[1, 4, 10, 23, 57, 132, 301, 701, 1654, 3851, 9166, 21973]...: 4313280: ACCEPTED IN 8 TRIES, (AVG 539160.0)
[1, 4, 10, 23, 57, 132, 301, 701, 1654, 3851, 9166, 21977]...: 7019465: ACCEPTED IN 13 TRIES, (AVG 539958.8461538461)
[1, 4, 10, 23, 57, 132, 301, 701, 1654, 3851, 9166, 21985]...: 5938300: ACCEPTED IN 11 TRIES, (AVG 539845.4545454546)
[1, 4, 10, 23, 57, 132, 301, 701, 1654, 3851, 9166, 21989]...: 4311657: ACCEPTED IN 8 TRIES, (AVG 538957.125)
[1, 4, 10, 23, 57, 132, 301, 701, 1654, 3851, 9166, 21993]...: 8100568: ACCEPTED IN 15 TRIES, (AVG 540037.8666666667)
[1, 4, 10, 23, 57, 132, 301, 701, 1654, 3851, 9166, 21997]...: 4314794: ACCEPTED IN 8 TRIES, (AVG 539349.25)
