[1, 4, 10, 23, 57, 132, 301, 701, 1636, 3794, 8583, 19088]...: 537477: ACCEPTED IN 1 TRIES, (AVG 537477.0)
[1, 4, 10, 23, 57, 132, 301, 701, 1636, 3794, 8583, 19122]...: 537098: ACCEPTED IN 1 TRIES, (AVG 537098.0)
[1, 4, 10, 23, 57, 132, 301, 701, 1636, 3794, 8583, 19188]...: 4313938: ACCEPTED IN 8 TRIES, (AVG 539242.25)
[1, 4, 10, 23, 57, 132, 301, 701, 1636, 3794, 8583, 19222]...: 1076650: ACCEPTED IN 2 TRIES, (AVG 538325.0)
[1, 4, 10, 23, 57, 132, 301, 701, 1636, 3794, 8583, 19249]...: 1616081: ACCEPTED IN 3 TRIES, (AVG 538693.6666666666)
[1, 4, 10, 23, 57, 132, 301, 701, 1636, 3794, 8583, 19283]...: 1615882: ACCEPTED IN 3 TRIES, (AVG 538627.3333333334)
[1, 4, 10, 23, 57, 132, 301, 701, 1636, 3794, 8583, 19383]...: 1076888: ACCEPTED IN 2 TRIES, (AVG 538444.0)
[1, 4, 10, 23, 57, 132, 301, 701, 1636, 3794, 8583, 19385]...: 1076715: ACCEPTED IN 2 TRIES, (AVG 538357.5)
[1, 4, 10, 23, 57, 132, 301, 701, 1636, 3794, 8583, 19456]...: 1076809: ACCEPTED IN 2 TRIES, (AVG 538404.5)
[1, 4, 10, 23, 57, 132, 301, 701, 1636, 3794, 8583, 19616]...: 1076707: ACCEPTED IN 2 TRIES, (AVG 538353.5)
[1, 4, 10, 23, 57, 132, 301, 701, 1636, 3794, 8583, 19685]...: 2155579: ACCEPTED IN 4 TRIES, (AVG 538894.75)
[1, 4, 10, 23, 57, 132, 301, 701, 1636, 3794, 8583, 19716]...: 537533: ACCEPTED IN 1 TRIES, (AVG 537533.0)
[1, 4, 10, 23, 57, 132, 301, 701, 1636, 3794, 8583, 19750]...: 3235145: ACCEPTED IN 6 TRIES, (AVG 539190.8333333334)
[1, 4, 10, 23, 57, 132, 301, 701, 1636, 3794, 8583, 19785]...: 2154973: ACCEPTED IN 4 TRIES, (AVG 538743.25)
[1, 4, 10, 23, 57, 132, 301, 701, 1636, 3794, 8583, 19823]...: 1616254: ACCEPTED IN 3 TRIES, (AVG 538751.3333333334)
[1, 4, 10, 23, 57, 132, 301, 701, 1636, 3794, 8583, 19885]...: 537220: ACCEPTED IN 1 TRIES, (AVG 537220.0)
[1, 4, 10, 23, 57, 132, 301, 701, 1636, 3794, 8583, 19888]...: 1076869: ACCEPTED IN 2 TRIES, (AVG 538434.5)
[1, 4, 10, 23, 57, 132, 301, 701, 1636, 3794, 8583, 19891]...: 1077129: ACCEPTED IN 2 TRIES, (AVG 538564.5)
[1, 4, 10, 23, 57, 132, 301, 701, 1636, 3794, 8583, 19895]...: 1076846: ACCEPTED IN 2 TRIES, (AVG 538423.0)
[1, 4, 10, 23, 57, 132, 301, 701, 1636, 3794, 8583, 19954]...: 1615965: ACCEPTED IN 3 TRIES, (AVG 538655.0)
[1, 4, 10, 23, 57, 132, 301, 701, 1636, 3794, 8583, 19991]...: 2156218: ACCEPTED IN 4 TRIES, (AVG 539054.5)
[1, 4, 10, 23, 57, 132, 301, 701, 1636, 3794, 8583, 20089]...: 537239: ACCEPTED IN 1 TRIES, (AVG 537239.0)
[1, 4, 10, 23, 57, 132, 301, 701, 1636, 3794, 8583, 20153]...: 1076267: ACCEPTED IN 2 TRIES, (AVG 538133.5)
[1, 4, 10, 23, 57, 132, 301, 701, 1636, 3794, 8583, 20188]...: 2156321: ACCEPTED IN 4 TRIES, (AVG 539080.25)
[1, 4, 10, 23, 57, 132, 301, 701, 1636, 3794, 8583, 20191]...: 1077088: ACCEPTED IN 2 TRIES, (AVG 538544.0)
[1, 4, 10, 23, 57, 132, 301, 701, 1636, 3794, 8583, 20220]...: 2154702: ACCEPTED IN 4 TRIES, (AVG 538675.5)
[1, 4, 10, 23, 57, 132, 301, 701, 1636, 3794, 8583, 20221]...: 3235006: ACCEPTED IN 6 TRIES, (AVG 539167.6666666666)
[1, 4, 10, 23, 57, 132, 301, 701, 1636, 3794, 8583, 20293]...: 2155712: ACCEPTED IN 4 TRIES, (AVG 538928.0)
[1, 4, 10, 23, 57, 132, 301, 701, 1636, 3794, 8583, 20320]...: 1077058: ACCEPTED IN 2 TRIES, (AVG 538529.0)
[1, 4, 10, 23, 57, 132, 301, 701, 1636, 3794, 8583, 20327]...: 1616468: ACCEPTED IN 3 TRIES, (AVG 538822.6666666666)
[1, 4, 10, 23, 57, 132, 301, 701, 1636, 3794, 8583, 20328]...: 537553: ACCEPTED IN 1 TRIES, (AVG 537553.0)
[1, 4, 10, 23, 57, 132, 301, 701, 1636, 3794, 8583, 20354]...: 1613862: ACCEPTED IN 3 TRIES, (AVG 537954.0)
[1, 4, 10, 23, 57, 132, 301, 701, 1636, 3794, 8583, 20382]...: 2154584: ACCEPTED IN 4 TRIES, (AVG 538646.0)
[1, 4, 10, 23, 57, 132, 301, 701, 1636, 3794, 8583, 20386]...: 1076002: ACCEPTED IN 2 TRIES, (AVG 538001.0)
[1, 4, 10, 23, 57, 132, 301, 701, 1636, 3794, 8583, 20420]...: 1075982: ACCEPTED IN 2 TRIES, (AVG 537991.0)
[1, 4, 10, 23, 57, 132, 301, 701, 1636, 3794, 8583, 20421]...: 2156239: ACCEPTED IN 4 TRIES, (AVG 539059.75)
[1, 4, 10, 23, 57, 132, 301, 701, 1636, 3794, 8583, 20449]...: 1616109: ACCEPTED IN 3 TRIES, (AVG 538703.0)
[1, 4, 10, 23, 57, 132, 301, 701, 1636, 3794, 8583, 20454]...: 536882: ACCEPTED IN 1 TRIES, (AVG 536882.0)
