[1, 4, 10, 23, 57, 132, 301, 701, 1654, 3653, 8568, 18859]...: 29748493: ACCEPTED IN 55 TRIES, (AVG 540881.6909090909)
[1, 4, 10, 23, 57, 132, 301, 701, 1654, 3653, 8568, 18863]...: 29747474: ACCEPTED IN 55 TRIES, (AVG 540863.1636363637)
[1, 4, 10, 23, 57, 132, 301, 701, 1654, 3653, 8568, 18954]...: 101719095: ACCEPTED IN 188 TRIES, (AVG 541059.0159574468)
[1, 4, 10, 23, 57, 132, 301, 701, 1654, 3653, 8568, 18991]...: 7562025: ACCEPTED IN 14 TRIES, (AVG 540144.6428571428)
[1, 4, 10, 23, 57, 132, 301, 701, 1654, 3653, 8568, 18995]...: 10807382: ACCEPTED IN 20 TRIES, (AVG 540369.1)
[1, 4, 10, 23, 57, 132, 301, 701, 1654, 3653, 8568, 19028]...: 20547906: ACCEPTED IN 38 TRIES, (AVG 540734.3684210526)
[1, 4, 10, 23, 57, 132, 301, 701, 1654, 3653, 8568, 19032]...: 17301445: ACCEPTED IN 32 TRIES, (AVG 540670.15625)
[1, 4, 10, 23, 57, 132, 301, 701, 1654, 3653, 8568, 19086]...: 17843374: ACCEPTED IN 33 TRIES, (AVG 540708.303030303)
[1, 4, 10, 23, 57, 132, 301, 701, 1654, 3653, 8568, 19123]...: 29746689: ACCEPTED IN 55 TRIES, (AVG 540848.8909090909)
[1, 4, 10, 23, 57, 132, 301, 701, 1654, 3653, 8568, 19127]...: 16759428: ACCEPTED IN 31 TRIES, (AVG 540626.7096774194)
[1, 4, 10, 23, 57, 132, 301, 701, 1654, 3653, 8568, 19160]...: 11891199: ACCEPTED IN 22 TRIES, (AVG 540509.0454545454)
[1, 4, 10, 23, 57, 132, 301, 701, 1654, 3653, 8568, 19164]...: 22170544: ACCEPTED IN 41 TRIES, (AVG 540744.9756097561)
[1, 4, 10, 23, 57, 132, 301, 701, 1654, 3653, 8568, 19218]...: 17301127: ACCEPTED IN 32 TRIES, (AVG 540660.21875)
[1, 4, 10, 23, 57, 132, 301, 701, 1654, 3653, 8568, 19255]...: 8643092: ACCEPTED IN 16 TRIES, (AVG 540193.25)
[1, 4, 10, 23, 57, 132, 301, 701, 1654, 3653, 8568, 19259]...: 12431678: ACCEPTED IN 23 TRIES, (AVG 540507.7391304348)
[1, 4, 10, 23, 57, 132, 301, 701, 1654, 3653, 8568, 19292]...: 20008145: ACCEPTED IN 37 TRIES, (AVG 540760.6756756756)
[1, 4, 10, 23, 57, 132, 301, 701, 1654, 3653, 8568, 19296]...: 16759822: ACCEPTED IN 31 TRIES, (AVG 540639.4193548387)
[1, 4, 10, 23, 57, 132, 301, 701, 1654, 3653, 8568, 19329]...: 9724799: ACCEPTED IN 18 TRIES, (AVG 540266.6111111111)
[1, 4, 10, 23, 57, 132, 301, 701, 1654, 3653, 8568, 19333]...: 14055469: ACCEPTED IN 26 TRIES, (AVG 540594.9615384615)
[1, 4, 10, 23, 57, 132, 301, 701, 1654, 3653, 8568, 19350]...: 10266056: ACCEPTED IN 19 TRIES, (AVG 540318.7368421053)
[1, 4, 10, 23, 57, 132, 301, 701, 1654, 3653, 8568, 19387]...: 71957041: ACCEPTED IN 133 TRIES, (AVG 541030.3834586466)
[1, 4, 10, 23, 57, 132, 301, 701, 1654, 3653, 8568, 19391]...: 12431838: ACCEPTED IN 23 TRIES, (AVG 540514.695652174)
[1, 4, 10, 23, 57, 132, 301, 701, 1654, 3653, 8568, 19424]...: 14055609: ACCEPTED IN 26 TRIES, (AVG 540600.3461538461)
[1, 4, 10, 23, 57, 132, 301, 701, 1654, 3653, 8568, 19428]...: 16759968: ACCEPTED IN 31 TRIES, (AVG 540644.1290322581)
[1, 4, 10, 23, 57, 132, 301, 701, 1654, 3653, 8568, 19432]...: 16760353: ACCEPTED IN 31 TRIES, (AVG 540656.5483870967)
[1, 4, 10, 23, 57, 132, 301, 701, 1654, 3653, 8568, 19461]...: 9724386: ACCEPTED IN 18 TRIES, (AVG 540243.6666666666)
[1, 4, 10, 23, 57, 132, 301, 701, 1654, 3653, 8568, 19465]...: 6477789: ACCEPTED IN 12 TRIES, (AVG 539815.75)
[1, 4, 10, 23, 57, 132, 301, 701, 1654, 3653, 8568, 19519]...: 4314622: ACCEPTED IN 8 TRIES, (AVG 539327.75)
[1, 4, 10, 23, 57, 132, 301, 701, 1654, 3653, 8568, 19523]...: 14054762: ACCEPTED IN 26 TRIES, (AVG 540567.7692307692)
[1, 4, 10, 23, 57, 132, 301, 701, 1654, 3653, 8568, 19556]...: 5938452: ACCEPTED IN 11 TRIES, (AVG 539859.2727272727)
[1, 4, 10, 23, 57, 132, 301, 701, 1654, 3653, 8568, 19560]...: 14596014: ACCEPTED IN 27 TRIES, (AVG 540593.1111111111)
[1, 4, 10, 23, 57, 132, 301, 701, 1654, 3653, 8568, 19564]...: 10267592: ACCEPTED IN 19 TRIES, (AVG 540399.5789473684)
[1, 4, 10, 23, 57, 132, 301, 701, 1654, 3653, 8568, 19593]...: 9726352: ACCEPTED IN 18 TRIES, (AVG 540352.8888888889)
[1, 4, 10, 23, 57, 132, 301, 701, 1654, 3653, 8568, 19597]...: 17842709: ACCEPTED IN 33 TRIES, (AVG 540688.1515151515)
[1, 4, 10, 23, 57, 132, 301, 701, 1654, 3653, 8568, 19630]...: 12431029: ACCEPTED IN 23 TRIES, (AVG 540479.5217391305)
[1, 4, 10, 23, 57, 132, 301, 701, 1654, 3653, 8568, 19634]...: 16761137: ACCEPTED IN 31 TRIES, (AVG 540681.8387096775)
[1, 4, 10, 23, 57, 132, 301, 701, 1654, 3653, 8568, 19651]...: 8643431: ACCEPTED IN 16 TRIES, (AVG 540214.4375)
[1, 4, 10, 23, 57, 132, 301, 701, 1654, 3653, 8568, 19655]...: 7019492: ACCEPTED IN 13 TRIES, (AVG 539960.9230769231)
[1, 4, 10, 23, 57, 132, 301, 701, 1654, 3653, 8568, 19688]...: 9725632: ACCEPTED IN 18 TRIES, (AVG 540312.8888888889)
[1, 4, 10, 23, 57, 132, 301, 701, 1654, 3653, 8568, 19692]...: 9726415: ACCEPTED IN 18 TRIES, (AVG 540356.3888888889)
[1, 4, 10, 23, 57, 132, 301, 701, 1654, 3653, 8568, 19696]...: 9725653: ACCEPTED IN 18 TRIES, (AVG 540314.0555555555)
[1, 4, 10, 23, 57, 132, 301, 701, 1654, 3653, 8568, 19725]...: 9722495: ACCEPTED IN 18 TRIES, (AVG 540138.6111111111)
[1, 4, 10, 23, 57, 132, 301, 701, 1654, 3653, 8568, 19729]...: 10807715: ACCEPTED IN 20 TRIES, (AVG 540385.75)
[1, 4, 10, 23, 57, 132, 301, 701, 1654, 3653, 8568, 19733]...: 16217997: ACCEPTED IN 30 TRIES, (AVG 540599.9)
[1, 4, 10, 23, 57, 132, 301, 701, 1654, 3653, 8568, 19762]...: 4313920: ACCEPTED IN 8 TRIES, (AVG 539240.0)
[1, 4, 10, 23, 57, 132, 301, 701, 1654, 3653, 8568, 19766]...: 17842192: ACCEPTED IN 33 TRIES, (AVG 540672.4848484849)
[1, 4, 10, 23, 57, 132, 301, 701, 1654, 3653, 8568, 19787]...: 5395462: ACCEPTED IN 10 TRIES, (AVG 539546.2)
[1, 4, 10, 23, 57, 132, 301, 701, 1654, 3653, 8568, 19820]...: 9185110: ACCEPTED IN 17 TRIES, (AVG 540300.5882352941)
[1, 4, 10, 23, 57, 132, 301, 701, 1654, 3653, 8568, 19824]...: 17842788: ACCEPTED IN 33 TRIES, (AVG 540690.5454545454)
[1, 4, 10, 23, 57, 132, 301, 701, 1654, 3653, 8568, 19828]...: 11349826: ACCEPTED IN 21 TRIES, (AVG 540467.9047619047)
[1, 4, 10, 23, 57, 132, 301, 701, 1654, 3653, 8568, 19857]...: 16758762: ACCEPTED IN 31 TRIES, (AVG 540605.2258064516)
[1, 4, 10, 23, 57, 132, 301, 701, 1654, 3653, 8568, 19861]...: 9725840: ACCEPTED IN 18 TRIES, (AVG 540324.4444444445)
[1, 4, 10, 23, 57, 132, 301, 701, 1654, 3653, 8568, 19865]...: 13513968: ACCEPTED IN 25 TRIES, (AVG 540558.72)
[1, 4, 10, 23, 57, 132, 301, 701, 1654, 3653, 8568, 19894]...: 9183521: ACCEPTED IN 17 TRIES, (AVG 540207.1176470588)
[1, 4, 10, 23, 57, 132, 301, 701, 1654, 3653, 8568, 19898]...: 9723150: ACCEPTED IN 18 TRIES, (AVG 540175.0)
[1, 4, 10, 23, 57, 132, 301, 701, 1654, 3653, 8568, 19919]...: 13514351: ACCEPTED IN 25 TRIES, (AVG 540574.04)
[1, 4, 10, 23, 57, 132, 301, 701, 1654, 3653, 8568, 19931]...: 5396371: ACCEPTED IN 10 TRIES, (AVG 539637.1)
[1, 4, 10, 23, 57, 132, 301, 701, 1654, 3653, 8568, 19935]...: 10808859: ACCEPTED IN 20 TRIES, (AVG 540442.95)
[1, 4, 10, 23, 57, 132, 301, 701, 1654, 3653, 8568, 19952]...: 7559601: ACCEPTED IN 14 TRIES, (AVG 539971.5)
[1, 4, 10, 23, 57, 132, 301, 701, 1654, 3653, 8568, 19956]...: 10267258: ACCEPTED IN 19 TRIES, (AVG 540382.0)
[1, 4, 10, 23, 57, 132, 301, 701, 1654, 3653, 8568, 19960]...: 7020829: ACCEPTED IN 13 TRIES, (AVG 540063.7692307692)
[1, 4, 10, 23, 57, 132, 301, 701, 1654, 3653, 8568, 19989]...: 8642425: ACCEPTED IN 16 TRIES, (AVG 540151.5625)
[1, 4, 10, 23, 57, 132, 301, 701, 1654, 3653, 8568, 19993]...: 6478879: ACCEPTED IN 12 TRIES, (AVG 539906.5833333334)
[1, 4, 10, 23, 57, 132, 301, 701, 1654, 3653, 8568, 19997]...: 13511268: ACCEPTED IN 25 TRIES, (AVG 540450.72)
[1, 4, 10, 23, 57, 132, 301, 701, 1654, 3653, 8568, 20026]...: 12972201: ACCEPTED IN 24 TRIES, (AVG 540508.375)
[1, 4, 10, 23, 57, 132, 301, 701, 1654, 3653, 8568, 20030]...: 3773799: ACCEPTED IN 7 TRIES, (AVG 539114.1428571428)
[1, 4, 10, 23, 57, 132, 301, 701, 1654, 3653, 8568, 20051]...: 9726447: ACCEPTED IN 18 TRIES, (AVG 540358.1666666666)
[1, 4, 10, 23, 57, 132, 301, 701, 1654, 3653, 8568, 20063]...: 8103183: ACCEPTED IN 15 TRIES, (AVG 540212.2)
[1, 4, 10, 23, 57, 132, 301, 701, 1654, 3653, 8568, 20067]...: 11890738: ACCEPTED IN 22 TRIES, (AVG 540488.0909090909)
[1, 4, 10, 23, 57, 132, 301, 701, 1654, 3653, 8568, 20080]...: 9723884: ACCEPTED IN 18 TRIES, (AVG 540215.7777777778)
[1, 4, 10, 23, 57, 132, 301, 701, 1654, 3653, 8568, 20088]...: 15137968: ACCEPTED IN 28 TRIES, (AVG 540641.7142857143)
[1, 4, 10, 23, 57, 132, 301, 701, 1654, 3653, 8568, 20092]...: 8643979: ACCEPTED IN 16 TRIES, (AVG 540248.6875)
[1, 4, 10, 23, 57, 132, 301, 701, 1654, 3653, 8568, 20121]...: 8103256: ACCEPTED IN 15 TRIES, (AVG 540217.0666666667)
[1, 4, 10, 23, 57, 132, 301, 701, 1654, 3653, 8568, 20125]...: 4314112: ACCEPTED IN 8 TRIES, (AVG 539264.0)
[1, 4, 10, 23, 57, 132, 301, 701, 1654, 3653, 8568, 20129]...: 8103198: ACCEPTED IN 15 TRIES, (AVG 540213.2)
[1, 4, 10, 23, 57, 132, 301, 701, 1654, 3653, 8568, 20133]...: 9726400: ACCEPTED IN 18 TRIES, (AVG 540355.5555555555)
[1, 4, 10, 23, 57, 132, 301, 701, 1654, 3653, 8568, 20158]...: 13514323: ACCEPTED IN 25 TRIES, (AVG 540572.92)
[1, 4, 10, 23, 57, 132, 301, 701, 1654, 3653, 8568, 20162]...: 7560229: ACCEPTED IN 14 TRIES, (AVG 540016.3571428572)
[1, 4, 10, 23, 57, 132, 301, 701, 1654, 3653, 8568, 20195]...: 4313555: ACCEPTED IN 8 TRIES, (AVG 539194.375)
[1, 4, 10, 23, 57, 132, 301, 701, 1654, 3653, 8568, 20199]...: 8102382: ACCEPTED IN 15 TRIES, (AVG 540158.8)
[1, 4, 10, 23, 57, 132, 301, 701, 1654, 3653, 8568, 20212]...: 9723939: ACCEPTED IN 18 TRIES, (AVG 540218.8333333334)
[1, 4, 10, 23, 57, 132, 301, 701, 1654, 3653, 8568, 20220]...: 9184243: ACCEPTED IN 17 TRIES, (AVG 540249.5882352941)
[1, 4, 10, 23, 57, 132, 301, 701, 1654, 3653, 8568, 20224]...: 10265465: ACCEPTED IN 19 TRIES, (AVG 540287.6315789474)
[1, 4, 10, 23, 57, 132, 301, 701, 1654, 3653, 8568, 20232]...: 9725058: ACCEPTED IN 18 TRIES, (AVG 540281.0)
[1, 4, 10, 23, 57, 132, 301, 701, 1654, 3653, 8568, 20236]...: 10808587: ACCEPTED IN 20 TRIES, (AVG 540429.35)
[1, 4, 10, 23, 57, 132, 301, 701, 1654, 3653, 8568, 20253]...: 7558744: ACCEPTED IN 14 TRIES, (AVG 539910.2857142857)
[1, 4, 10, 23, 57, 132, 301, 701, 1654, 3653, 8568, 20257]...: 17842869: ACCEPTED IN 33 TRIES, (AVG 540693.0)
[1, 4, 10, 23, 57, 132, 301, 701, 1654, 3653, 8568, 20261]...: 7020879: ACCEPTED IN 13 TRIES, (AVG 540067.6153846154)
[1, 4, 10, 23, 57, 132, 301, 701, 1654, 3653, 8568, 20265]...: 14055110: ACCEPTED IN 26 TRIES, (AVG 540581.1538461539)
[1, 4, 10, 23, 57, 132, 301, 701, 1654, 3653, 8568, 20290]...: 10807694: ACCEPTED IN 20 TRIES, (AVG 540384.7)
[1, 4, 10, 23, 57, 132, 301, 701, 1654, 3653, 8568, 20294]...: 6479080: ACCEPTED IN 12 TRIES, (AVG 539923.3333333334)
[1, 4, 10, 23, 57, 132, 301, 701, 1654, 3653, 8568, 20327]...: 7019512: ACCEPTED IN 13 TRIES, (AVG 539962.4615384615)
[1, 4, 10, 23, 57, 132, 301, 701, 1654, 3653, 8568, 20331]...: 4313260: ACCEPTED IN 8 TRIES, (AVG 539157.5)
[1, 4, 10, 23, 57, 132, 301, 701, 1654, 3653, 8568, 20344]...: 9726387: ACCEPTED IN 18 TRIES, (AVG 540354.8333333334)
[1, 4, 10, 23, 57, 132, 301, 701, 1654, 3653, 8568, 20352]...: 10265446: ACCEPTED IN 19 TRIES, (AVG 540286.6315789474)
[1, 4, 10, 23, 57, 132, 301, 701, 1654, 3653, 8568, 20356]...: 5938548: ACCEPTED IN 11 TRIES, (AVG 539868.0)
[1, 4, 10, 23, 57, 132, 301, 701, 1654, 3653, 8568, 20364]...: 10807370: ACCEPTED IN 20 TRIES, (AVG 540368.5)
[1, 4, 10, 23, 57, 132, 301, 701, 1654, 3653, 8568, 20368]...: 7560477: ACCEPTED IN 14 TRIES, (AVG 540034.0714285715)
[1, 4, 10, 23, 57, 132, 301, 701, 1654, 3653, 8568, 20381]...: 3773985: ACCEPTED IN 7 TRIES, (AVG 539140.7142857143)
[1, 4, 10, 23, 57, 132, 301, 701, 1654, 3653, 8568, 20385]...: 12431300: ACCEPTED IN 23 TRIES, (AVG 540491.304347826)
[1, 4, 10, 23, 57, 132, 301, 701, 1654, 3653, 8568, 20389]...: 8101919: ACCEPTED IN 15 TRIES, (AVG 540127.9333333333)
[1, 4, 10, 23, 57, 132, 301, 701, 1654, 3653, 8568, 20393]...: 10264316: ACCEPTED IN 19 TRIES, (AVG 540227.1578947369)
[1, 4, 10, 23, 57, 132, 301, 701, 1654, 3653, 8568, 20397]...: 12430616: ACCEPTED IN 23 TRIES, (AVG 540461.5652173914)
[1, 4, 10, 23, 57, 132, 301, 701, 1654, 3653, 8568, 20422]...: 11888991: ACCEPTED IN 22 TRIES, (AVG 540408.6818181818)
[1, 4, 10, 23, 57, 132, 301, 701, 1654, 3653, 8568, 20426]...: 9726262: ACCEPTED IN 18 TRIES, (AVG 540347.8888888889)
[1, 4, 10, 23, 57, 132, 301, 701, 1654, 3653, 8568, 20434]...: 7561350: ACCEPTED IN 14 TRIES, (AVG 540096.4285714285)
[1, 4, 10, 23, 57, 132, 301, 701, 1654, 3653, 8568, 20459]...: 10806710: ACCEPTED IN 20 TRIES, (AVG 540335.5)
[1, 4, 10, 23, 57, 132, 301, 701, 1654, 3653, 8568, 20463]...: 12431877: ACCEPTED IN 23 TRIES, (AVG 540516.3913043478)
[1, 4, 10, 23, 57, 132, 301, 701, 1654, 3653, 8568, 20476]...: 6479450: ACCEPTED IN 12 TRIES, (AVG 539954.1666666666)
[1, 4, 10, 23, 57, 132, 301, 701, 1654, 3653, 8568, 20488]...: 13513989: ACCEPTED IN 25 TRIES, (AVG 540559.56)
[1, 4, 10, 23, 57, 132, 301, 701, 1654, 3653, 8568, 20496]...: 9182761: ACCEPTED IN 17 TRIES, (AVG 540162.4117647059)
[1, 4, 10, 23, 57, 132, 301, 701, 1654, 3653, 8568, 20500]...: 5938244: ACCEPTED IN 11 TRIES, (AVG 539840.3636363636)
[1, 4, 10, 23, 57, 132, 301, 701, 1654, 3653, 8568, 20513]...: 10266642: ACCEPTED IN 19 TRIES, (AVG 540349.5789473684)
[1, 4, 10, 23, 57, 132, 301, 701, 1654, 3653, 8568, 20517]...: 6478287: ACCEPTED IN 12 TRIES, (AVG 539857.25)
[1, 4, 10, 23, 57, 132, 301, 701, 1654, 3653, 8568, 20521]...: 9726368: ACCEPTED IN 18 TRIES, (AVG 540353.7777777778)
[1, 4, 10, 23, 57, 132, 301, 701, 1654, 3653, 8568, 20525]...: 10806663: ACCEPTED IN 20 TRIES, (AVG 540333.15)
[1, 4, 10, 23, 57, 132, 301, 701, 1654, 3653, 8568, 20529]...: 8102356: ACCEPTED IN 15 TRIES, (AVG 540157.0666666667)
[1, 4, 10, 23, 57, 132, 301, 701, 1654, 3653, 8568, 20533]...: 5394266: ACCEPTED IN 10 TRIES, (AVG 539426.6)
[1, 4, 10, 23, 57, 132, 301, 701, 1654, 3653, 8568, 20537]...: 8102955: ACCEPTED IN 15 TRIES, (AVG 540197.0)
[1, 4, 10, 23, 57, 132, 301, 701, 1654, 3653, 8568, 20554]...: 8103178: ACCEPTED IN 15 TRIES, (AVG 540211.8666666667)
[1, 4, 10, 23, 57, 132, 301, 701, 1654, 3653, 8568, 20558]...: 10267460: ACCEPTED IN 19 TRIES, (AVG 540392.6315789474)
