[1, 4, 10, 23, 57, 132, 301, 701, 1654, 3653, 8354, 18526]...: 16760917: ACCEPTED IN 31 TRIES, (AVG 540674.7419354839)
[1, 4, 10, 23, 57, 132, 301, 701, 1654, 3653, 8354, 18670]...: 9724465: ACCEPTED IN 18 TRIES, (AVG 540248.0555555555)
[1, 4, 10, 23, 57, 132, 301, 701, 1654, 3653, 8354, 18678]...: 11890345: ACCEPTED IN 22 TRIES, (AVG 540470.2272727273)
[1, 4, 10, 23, 57, 132, 301, 701, 1654, 3653, 8354, 18790]...: 46523188: ACCEPTED IN 86 TRIES, (AVG 540967.3023255814)
[1, 4, 10, 23, 57, 132, 301, 701, 1654, 3653, 8354, 18827]...: 69792440: ACCEPTED IN 129 TRIES, (AVG 541026.6666666666)
[1, 4, 10, 23, 57, 132, 301, 701, 1654, 3653, 8354, 18839]...: 23794848: ACCEPTED IN 44 TRIES, (AVG 540792.0)
[1, 4, 10, 23, 57, 132, 301, 701, 1654, 3653, 8354, 18901]...: 77909247: ACCEPTED IN 144 TRIES, (AVG 541036.4375)
[1, 4, 10, 23, 57, 132, 301, 701, 1654, 3653, 8354, 18922]...: 9184645: ACCEPTED IN 17 TRIES, (AVG 540273.2352941176)
[1, 4, 10, 23, 57, 132, 301, 701, 1654, 3653, 8354, 18971]...: 12432303: ACCEPTED IN 23 TRIES, (AVG 540534.9130434783)
[1, 4, 10, 23, 57, 132, 301, 701, 1654, 3653, 8354, 18996]...: 42194767: ACCEPTED IN 78 TRIES, (AVG 540958.5512820513)
[1, 4, 10, 23, 57, 132, 301, 701, 1654, 3653, 8354, 19033]...: 28122288: ACCEPTED IN 52 TRIES, (AVG 540813.2307692308)
[1, 4, 10, 23, 57, 132, 301, 701, 1654, 3653, 8354, 19091]...: 12972760: ACCEPTED IN 24 TRIES, (AVG 540531.6666666666)
[1, 4, 10, 23, 57, 132, 301, 701, 1654, 3653, 8354, 19128]...: 11890728: ACCEPTED IN 22 TRIES, (AVG 540487.6363636364)
[1, 4, 10, 23, 57, 132, 301, 701, 1654, 3653, 8354, 19165]...: 20549260: ACCEPTED IN 38 TRIES, (AVG 540770.0)
[1, 4, 10, 23, 57, 132, 301, 701, 1654, 3653, 8354, 19202]...: 71956530: ACCEPTED IN 133 TRIES, (AVG 541026.5413533835)
[1, 4, 10, 23, 57, 132, 301, 701, 1654, 3653, 8354, 19223]...: 89273386: ACCEPTED IN 165 TRIES, (AVG 541050.8242424242)
[1, 4, 10, 23, 57, 132, 301, 701, 1654, 3653, 8354, 19239]...: 32453210: ACCEPTED IN 60 TRIES, (AVG 540886.8333333334)
[1, 4, 10, 23, 57, 132, 301, 701, 1654, 3653, 8354, 19260]...: 125529490: ACCEPTED IN 232 TRIES, (AVG 541075.3879310344)
[1, 4, 10, 23, 57, 132, 301, 701, 1654, 3653, 8354, 19297]...: 20546924: ACCEPTED IN 38 TRIES, (AVG 540708.5263157894)
[1, 4, 10, 23, 57, 132, 301, 701, 1654, 3653, 8354, 19334]...: 15137708: ACCEPTED IN 28 TRIES, (AVG 540632.4285714285)
[1, 4, 10, 23, 57, 132, 301, 701, 1654, 3653, 8354, 19371]...: 11890646: ACCEPTED IN 22 TRIES, (AVG 540483.9090909091)
[1, 4, 10, 23, 57, 132, 301, 701, 1654, 3653, 8354, 19429]...: 12430769: ACCEPTED IN 23 TRIES, (AVG 540468.2173913043)
[1, 4, 10, 23, 57, 132, 301, 701, 1654, 3653, 8354, 19466]...: 11889234: ACCEPTED IN 22 TRIES, (AVG 540419.7272727273)
[1, 4, 10, 23, 57, 132, 301, 701, 1654, 3653, 8354, 19491]...: 18925836: ACCEPTED IN 35 TRIES, (AVG 540738.1714285715)
[1, 4, 10, 23, 57, 132, 301, 701, 1654, 3653, 8354, 19503]...: 28666009: ACCEPTED IN 53 TRIES, (AVG 540868.0943396227)
[1, 4, 10, 23, 57, 132, 301, 701, 1654, 3653, 8354, 19540]...: 11350073: ACCEPTED IN 21 TRIES, (AVG 540479.6666666666)
[1, 4, 10, 23, 57, 132, 301, 701, 1654, 3653, 8354, 19561]...: 36783139: ACCEPTED IN 68 TRIES, (AVG 540928.5147058824)
[1, 4, 10, 23, 57, 132, 301, 701, 1654, 3653, 8354, 19598]...: 10266723: ACCEPTED IN 19 TRIES, (AVG 540353.8421052631)
[1, 4, 10, 23, 57, 132, 301, 701, 1654, 3653, 8354, 19623]...: 8102282: ACCEPTED IN 15 TRIES, (AVG 540152.1333333333)
[1, 4, 10, 23, 57, 132, 301, 701, 1654, 3653, 8354, 19635]...: 13513403: ACCEPTED IN 25 TRIES, (AVG 540536.12)
[1, 4, 10, 23, 57, 132, 301, 701, 1654, 3653, 8354, 19652]...: 25418446: ACCEPTED IN 47 TRIES, (AVG 540818.0)
[1, 4, 10, 23, 57, 132, 301, 701, 1654, 3653, 8354, 19672]...: 8643477: ACCEPTED IN 16 TRIES, (AVG 540217.3125)
[1, 4, 10, 23, 57, 132, 301, 701, 1654, 3653, 8354, 19730]...: 22172577: ACCEPTED IN 41 TRIES, (AVG 540794.5609756098)
[1, 4, 10, 23, 57, 132, 301, 701, 1654, 3653, 8354, 19767]...: 11348801: ACCEPTED IN 21 TRIES, (AVG 540419.0952380953)
[1, 4, 10, 23, 57, 132, 301, 701, 1654, 3653, 8354, 19784]...: 11347924: ACCEPTED IN 21 TRIES, (AVG 540377.3333333334)
[1, 4, 10, 23, 57, 132, 301, 701, 1654, 3653, 8354, 19792]...: 6478929: ACCEPTED IN 12 TRIES, (AVG 539910.75)
[1, 4, 10, 23, 57, 132, 301, 701, 1654, 3653, 8354, 19804]...: 13514007: ACCEPTED IN 25 TRIES, (AVG 540560.28)
[1, 4, 10, 23, 57, 132, 301, 701, 1654, 3653, 8354, 19862]...: 18383771: ACCEPTED IN 34 TRIES, (AVG 540699.1470588235)
[1, 4, 10, 23, 57, 132, 301, 701, 1654, 3653, 8354, 19899]...: 9183554: ACCEPTED IN 17 TRIES, (AVG 540209.0588235294)
[1, 4, 10, 23, 57, 132, 301, 701, 1654, 3653, 8354, 19916]...: 25957899: ACCEPTED IN 48 TRIES, (AVG 540789.5625)
[1, 4, 10, 23, 57, 132, 301, 701, 1654, 3653, 8354, 19924]...: 10265578: ACCEPTED IN 19 TRIES, (AVG 540293.5789473684)
[1, 4, 10, 23, 57, 132, 301, 701, 1654, 3653, 8354, 19936]...: 12431026: ACCEPTED IN 23 TRIES, (AVG 540479.3913043478)
[1, 4, 10, 23, 57, 132, 301, 701, 1654, 3653, 8354, 19953]...: 10267306: ACCEPTED IN 19 TRIES, (AVG 540384.5263157894)
[1, 4, 10, 23, 57, 132, 301, 701, 1654, 3653, 8354, 20031]...: 23795821: ACCEPTED IN 44 TRIES, (AVG 540814.1136363636)
[1, 4, 10, 23, 57, 132, 301, 701, 1654, 3653, 8354, 20048]...: 18925455: ACCEPTED IN 35 TRIES, (AVG 540727.2857142857)
