[1, 4, 10, 23, 57, 132, 301, 701, 1636, 3659, 8738, 19224]...: 14596390: ACCEPTED IN 27 TRIES, (AVG 540607.0370370371)
[1, 4, 10, 23, 57, 132, 301, 701, 1636, 3659, 8738, 19225]...: 21089968: ACCEPTED IN 39 TRIES, (AVG 540768.4102564103)
[1, 4, 10, 23, 57, 132, 301, 701, 1636, 3659, 8738, 19226]...: 10265729: ACCEPTED IN 19 TRIES, (AVG 540301.5263157894)
[1, 4, 10, 23, 57, 132, 301, 701, 1636, 3659, 8738, 19255]...: 10266150: ACCEPTED IN 19 TRIES, (AVG 540323.6842105263)
[1, 4, 10, 23, 57, 132, 301, 701, 1636, 3659, 8738, 19258]...: 18384670: ACCEPTED IN 34 TRIES, (AVG 540725.5882352941)
[1, 4, 10, 23, 57, 132, 301, 701, 1636, 3659, 8738, 19259]...: 6479762: ACCEPTED IN 12 TRIES, (AVG 539980.1666666666)
[1, 4, 10, 23, 57, 132, 301, 701, 1636, 3659, 8738, 19291]...: 10808755: ACCEPTED IN 20 TRIES, (AVG 540437.75)
[1, 4, 10, 23, 57, 132, 301, 701, 1636, 3659, 8738, 19301]...: 9723960: ACCEPTED IN 18 TRIES, (AVG 540220.0)
[1, 4, 10, 23, 57, 132, 301, 701, 1636, 3659, 8738, 19323]...: 7020076: ACCEPTED IN 13 TRIES, (AVG 540005.8461538461)
[1, 4, 10, 23, 57, 132, 301, 701, 1636, 3659, 8738, 19324]...: 10266260: ACCEPTED IN 19 TRIES, (AVG 540329.4736842106)
[1, 4, 10, 23, 57, 132, 301, 701, 1636, 3659, 8738, 19325]...: 13513691: ACCEPTED IN 25 TRIES, (AVG 540547.64)
[1, 4, 10, 23, 57, 132, 301, 701, 1636, 3659, 8738, 19338]...: 9184695: ACCEPTED IN 17 TRIES, (AVG 540276.1764705882)
[1, 4, 10, 23, 57, 132, 301, 701, 1636, 3659, 8738, 19354]...: 7020526: ACCEPTED IN 13 TRIES, (AVG 540040.4615384615)
[1, 4, 10, 23, 57, 132, 301, 701, 1636, 3659, 8738, 19356]...: 19465897: ACCEPTED IN 36 TRIES, (AVG 540719.3611111111)
[1, 4, 10, 23, 57, 132, 301, 701, 1636, 3659, 8738, 19357]...: 11349856: ACCEPTED IN 21 TRIES, (AVG 540469.3333333334)
[1, 4, 10, 23, 57, 132, 301, 701, 1636, 3659, 8738, 19358]...: 6478620: ACCEPTED IN 12 TRIES, (AVG 539885.0)
[1, 4, 10, 23, 57, 132, 301, 701, 1636, 3659, 8738, 19361]...: 9726207: ACCEPTED IN 18 TRIES, (AVG 540344.8333333334)
[1, 4, 10, 23, 57, 132, 301, 701, 1636, 3659, 8738, 19390]...: 7020727: ACCEPTED IN 13 TRIES, (AVG 540055.9230769231)
[1, 4, 10, 23, 57, 132, 301, 701, 1636, 3659, 8738, 19391]...: 31370369: ACCEPTED IN 58 TRIES, (AVG 540868.4310344828)
[1, 4, 10, 23, 57, 132, 301, 701, 1636, 3659, 8738, 19393]...: 14595352: ACCEPTED IN 27 TRIES, (AVG 540568.5925925926)
[1, 4, 10, 23, 57, 132, 301, 701, 1636, 3659, 8738, 19424]...: 20008142: ACCEPTED IN 37 TRIES, (AVG 540760.5945945946)
[1, 4, 10, 23, 57, 132, 301, 701, 1636, 3659, 8738, 19428]...: 10808008: ACCEPTED IN 20 TRIES, (AVG 540400.4)
[1, 4, 10, 23, 57, 132, 301, 701, 1636, 3659, 8738, 19433]...: 8644208: ACCEPTED IN 16 TRIES, (AVG 540263.0)
[1, 4, 10, 23, 57, 132, 301, 701, 1636, 3659, 8738, 19455]...: 9724502: ACCEPTED IN 18 TRIES, (AVG 540250.1111111111)
[1, 4, 10, 23, 57, 132, 301, 701, 1636, 3659, 8738, 19456]...: 5938336: ACCEPTED IN 11 TRIES, (AVG 539848.7272727273)
[1, 4, 10, 23, 57, 132, 301, 701, 1636, 3659, 8738, 19457]...: 13514165: ACCEPTED IN 25 TRIES, (AVG 540566.6)
[1, 4, 10, 23, 57, 132, 301, 701, 1636, 3659, 8738, 19460]...: 12431636: ACCEPTED IN 23 TRIES, (AVG 540505.9130434783)
[1, 4, 10, 23, 57, 132, 301, 701, 1636, 3659, 8738, 19470]...: 7561563: ACCEPTED IN 14 TRIES, (AVG 540111.6428571428)
[1, 4, 10, 23, 57, 132, 301, 701, 1636, 3659, 8738, 19488]...: 9185514: ACCEPTED IN 17 TRIES, (AVG 540324.3529411765)
[1, 4, 10, 23, 57, 132, 301, 701, 1636, 3659, 8738, 19492]...: 7020561: ACCEPTED IN 13 TRIES, (AVG 540043.1538461539)
[1, 4, 10, 23, 57, 132, 301, 701, 1636, 3659, 8738, 19493]...: 10266823: ACCEPTED IN 19 TRIES, (AVG 540359.1052631579)
[1, 4, 10, 23, 57, 132, 301, 701, 1636, 3659, 8738, 19523]...: 10267009: ACCEPTED IN 19 TRIES, (AVG 540368.8947368421)
[1, 4, 10, 23, 57, 132, 301, 701, 1636, 3659, 8738, 19525]...: 10806820: ACCEPTED IN 20 TRIES, (AVG 540341.0)
[1, 4, 10, 23, 57, 132, 301, 701, 1636, 3659, 8738, 19527]...: 14596865: ACCEPTED IN 27 TRIES, (AVG 540624.6296296297)
[1, 4, 10, 23, 57, 132, 301, 701, 1636, 3659, 8738, 19556]...: 5936083: ACCEPTED IN 11 TRIES, (AVG 539643.9090909091)
[1, 4, 10, 23, 57, 132, 301, 701, 1636, 3659, 8738, 19559]...: 9725699: ACCEPTED IN 18 TRIES, (AVG 540316.6111111111)
[1, 4, 10, 23, 57, 132, 301, 701, 1636, 3659, 8738, 19560]...: 8102999: ACCEPTED IN 15 TRIES, (AVG 540199.9333333333)
[1, 4, 10, 23, 57, 132, 301, 701, 1636, 3659, 8738, 19587]...: 9185369: ACCEPTED IN 17 TRIES, (AVG 540315.8235294118)
[1, 4, 10, 23, 57, 132, 301, 701, 1636, 3659, 8738, 19592]...: 12972815: ACCEPTED IN 24 TRIES, (AVG 540533.9583333334)
[1, 4, 10, 23, 57, 132, 301, 701, 1636, 3659, 8738, 19602]...: 20007964: ACCEPTED IN 37 TRIES, (AVG 540755.7837837838)
[1, 4, 10, 23, 57, 132, 301, 701, 1636, 3659, 8738, 19624]...: 10806712: ACCEPTED IN 20 TRIES, (AVG 540335.6)
[1, 4, 10, 23, 57, 132, 301, 701, 1636, 3659, 8738, 19625]...: 10265091: ACCEPTED IN 19 TRIES, (AVG 540267.947368421)
[1, 4, 10, 23, 57, 132, 301, 701, 1636, 3659, 8738, 19626]...: 11889183: ACCEPTED IN 22 TRIES, (AVG 540417.4090909091)
[1, 4, 10, 23, 57, 132, 301, 701, 1636, 3659, 8738, 19655]...: 8643422: ACCEPTED IN 16 TRIES, (AVG 540213.875)
[1, 4, 10, 23, 57, 132, 301, 701, 1636, 3659, 8738, 19657]...: 6478396: ACCEPTED IN 12 TRIES, (AVG 539866.3333333334)
[1, 4, 10, 23, 57, 132, 301, 701, 1636, 3659, 8738, 19658]...: 7017229: ACCEPTED IN 13 TRIES, (AVG 539786.8461538461)
[1, 4, 10, 23, 57, 132, 301, 701, 1636, 3659, 8738, 19659]...: 8643752: ACCEPTED IN 16 TRIES, (AVG 540234.5)
[1, 4, 10, 23, 57, 132, 301, 701, 1636, 3659, 8738, 19662]...: 35701187: ACCEPTED IN 66 TRIES, (AVG 540927.0757575758)
[1, 4, 10, 23, 57, 132, 301, 701, 1636, 3659, 8738, 19691]...: 10265307: ACCEPTED IN 19 TRIES, (AVG 540279.3157894737)
[1, 4, 10, 23, 57, 132, 301, 701, 1636, 3659, 8738, 19692]...: 18384248: ACCEPTED IN 34 TRIES, (AVG 540713.1764705882)
[1, 4, 10, 23, 57, 132, 301, 701, 1636, 3659, 8738, 19694]...: 8644255: ACCEPTED IN 16 TRIES, (AVG 540265.9375)
[1, 4, 10, 23, 57, 132, 301, 701, 1636, 3659, 8738, 19725]...: 11890225: ACCEPTED IN 22 TRIES, (AVG 540464.7727272727)
[1, 4, 10, 23, 57, 132, 301, 701, 1636, 3659, 8738, 19734]...: 17842809: ACCEPTED IN 33 TRIES, (AVG 540691.1818181818)
[1, 4, 10, 23, 57, 132, 301, 701, 1636, 3659, 8738, 19756]...: 20007864: ACCEPTED IN 37 TRIES, (AVG 540753.0810810811)
[1, 4, 10, 23, 57, 132, 301, 701, 1636, 3659, 8738, 19757]...: 8644283: ACCEPTED IN 16 TRIES, (AVG 540267.6875)
[1, 4, 10, 23, 57, 132, 301, 701, 1636, 3659, 8738, 19758]...: 10265116: ACCEPTED IN 19 TRIES, (AVG 540269.2631578947)
[1, 4, 10, 23, 57, 132, 301, 701, 1636, 3659, 8738, 19761]...: 9184693: ACCEPTED IN 17 TRIES, (AVG 540276.0588235294)
[1, 4, 10, 23, 57, 132, 301, 701, 1636, 3659, 8738, 19789]...: 9726611: ACCEPTED IN 18 TRIES, (AVG 540367.2777777778)
[1, 4, 10, 23, 57, 132, 301, 701, 1636, 3659, 8738, 19790]...: 18383267: ACCEPTED IN 34 TRIES, (AVG 540684.3235294118)
[1, 4, 10, 23, 57, 132, 301, 701, 1636, 3659, 8738, 19791]...: 10267094: ACCEPTED IN 19 TRIES, (AVG 540373.3684210526)
[1, 4, 10, 23, 57, 132, 301, 701, 1636, 3659, 8738, 19793]...: 11349912: ACCEPTED IN 21 TRIES, (AVG 540472.0)
[1, 4, 10, 23, 57, 132, 301, 701, 1636, 3659, 8738, 19794]...: 11349086: ACCEPTED IN 21 TRIES, (AVG 540432.6666666666)
[1, 4, 10, 23, 57, 132, 301, 701, 1636, 3659, 8738, 19824]...: 14054553: ACCEPTED IN 26 TRIES, (AVG 540559.7307692308)
[1, 4, 10, 23, 57, 132, 301, 701, 1636, 3659, 8738, 19826]...: 5937722: ACCEPTED IN 11 TRIES, (AVG 539792.9090909091)
[1, 4, 10, 23, 57, 132, 301, 701, 1636, 3659, 8738, 19828]...: 6479143: ACCEPTED IN 12 TRIES, (AVG 539928.5833333334)
[1, 4, 10, 23, 57, 132, 301, 701, 1636, 3659, 8738, 19857]...: 9725420: ACCEPTED IN 18 TRIES, (AVG 540301.1111111111)
[1, 4, 10, 23, 57, 132, 301, 701, 1636, 3659, 8738, 19860]...: 10266118: ACCEPTED IN 19 TRIES, (AVG 540322.0)
[1, 4, 10, 23, 57, 132, 301, 701, 1636, 3659, 8738, 19888]...: 10267286: ACCEPTED IN 19 TRIES, (AVG 540383.4736842106)
[1, 4, 10, 23, 57, 132, 301, 701, 1636, 3659, 8738, 19892]...: 9726381: ACCEPTED IN 18 TRIES, (AVG 540354.5)
[1, 4, 10, 23, 57, 132, 301, 701, 1636, 3659, 8738, 19893]...: 11890673: ACCEPTED IN 22 TRIES, (AVG 540485.1363636364)
[1, 4, 10, 23, 57, 132, 301, 701, 1636, 3659, 8738, 19923]...: 10266826: ACCEPTED IN 19 TRIES, (AVG 540359.2631578947)
[1, 4, 10, 23, 57, 132, 301, 701, 1636, 3659, 8738, 19925]...: 7020511: ACCEPTED IN 13 TRIES, (AVG 540039.3076923077)
[1, 4, 10, 23, 57, 132, 301, 701, 1636, 3659, 8738, 19926]...: 10805858: ACCEPTED IN 20 TRIES, (AVG 540292.9)
[1, 4, 10, 23, 57, 132, 301, 701, 1636, 3659, 8738, 19927]...: 10808156: ACCEPTED IN 20 TRIES, (AVG 540407.8)
[1, 4, 10, 23, 57, 132, 301, 701, 1636, 3659, 8738, 19956]...: 12431893: ACCEPTED IN 23 TRIES, (AVG 540517.0869565217)
[1, 4, 10, 23, 57, 132, 301, 701, 1636, 3659, 8738, 19958]...: 10267753: ACCEPTED IN 19 TRIES, (AVG 540408.052631579)
[1, 4, 10, 23, 57, 132, 301, 701, 1636, 3659, 8738, 19959]...: 11891056: ACCEPTED IN 22 TRIES, (AVG 540502.5454545454)
[1, 4, 10, 23, 57, 132, 301, 701, 1636, 3659, 8738, 19960]...: 8102420: ACCEPTED IN 15 TRIES, (AVG 540161.3333333334)
[1, 4, 10, 23, 57, 132, 301, 701, 1636, 3659, 8738, 19992]...: 11349988: ACCEPTED IN 21 TRIES, (AVG 540475.619047619)
[1, 4, 10, 23, 57, 132, 301, 701, 1636, 3659, 8738, 19995]...: 12971309: ACCEPTED IN 24 TRIES, (AVG 540471.2083333334)
[1, 4, 10, 23, 57, 132, 301, 701, 1636, 3659, 8738, 20024]...: 7017804: ACCEPTED IN 13 TRIES, (AVG 539831.0769230769)
[1, 4, 10, 23, 57, 132, 301, 701, 1636, 3659, 8738, 20025]...: 6477942: ACCEPTED IN 12 TRIES, (AVG 539828.5)
[1, 4, 10, 23, 57, 132, 301, 701, 1636, 3659, 8738, 20026]...: 8102902: ACCEPTED IN 15 TRIES, (AVG 540193.4666666667)
[1, 4, 10, 23, 57, 132, 301, 701, 1636, 3659, 8738, 20055]...: 10267030: ACCEPTED IN 19 TRIES, (AVG 540370.0)
[1, 4, 10, 23, 57, 132, 301, 701, 1636, 3659, 8738, 20057]...: 8643754: ACCEPTED IN 16 TRIES, (AVG 540234.625)
[1, 4, 10, 23, 57, 132, 301, 701, 1636, 3659, 8738, 20058]...: 6479574: ACCEPTED IN 12 TRIES, (AVG 539964.5)
[1, 4, 10, 23, 57, 132, 301, 701, 1636, 3659, 8738, 20059]...: 8101473: ACCEPTED IN 15 TRIES, (AVG 540098.2)
[1, 4, 10, 23, 57, 132, 301, 701, 1636, 3659, 8738, 20062]...: 5936128: ACCEPTED IN 11 TRIES, (AVG 539648.0)
[1, 4, 10, 23, 57, 132, 301, 701, 1636, 3659, 8738, 20090]...: 10266688: ACCEPTED IN 19 TRIES, (AVG 540352.0)
[1, 4, 10, 23, 57, 132, 301, 701, 1636, 3659, 8738, 20091]...: 10267712: ACCEPTED IN 19 TRIES, (AVG 540405.8947368421)
[1, 4, 10, 23, 57, 132, 301, 701, 1636, 3659, 8738, 20092]...: 8643208: ACCEPTED IN 16 TRIES, (AVG 540200.5)
[1, 4, 10, 23, 57, 132, 301, 701, 1636, 3659, 8738, 20094]...: 7019514: ACCEPTED IN 13 TRIES, (AVG 539962.6153846154)
[1, 4, 10, 23, 57, 132, 301, 701, 1636, 3659, 8738, 20125]...: 5938079: ACCEPTED IN 11 TRIES, (AVG 539825.3636363636)
[1, 4, 10, 23, 57, 132, 301, 701, 1636, 3659, 8738, 20126]...: 10807571: ACCEPTED IN 20 TRIES, (AVG 540378.55)
[1, 4, 10, 23, 57, 132, 301, 701, 1636, 3659, 8738, 20127]...: 9726607: ACCEPTED IN 18 TRIES, (AVG 540367.0555555555)
[1, 4, 10, 23, 57, 132, 301, 701, 1636, 3659, 8738, 20129]...: 8101900: ACCEPTED IN 15 TRIES, (AVG 540126.6666666666)
[1, 4, 10, 23, 57, 132, 301, 701, 1636, 3659, 8738, 20157]...: 9723687: ACCEPTED IN 18 TRIES, (AVG 540204.8333333334)
[1, 4, 10, 23, 57, 132, 301, 701, 1636, 3659, 8738, 20158]...: 11349801: ACCEPTED IN 21 TRIES, (AVG 540466.7142857143)
[1, 4, 10, 23, 57, 132, 301, 701, 1636, 3659, 8738, 20161]...: 9184036: ACCEPTED IN 17 TRIES, (AVG 540237.4117647059)
[1, 4, 10, 23, 57, 132, 301, 701, 1636, 3659, 8738, 20189]...: 6479121: ACCEPTED IN 12 TRIES, (AVG 539926.75)
[1, 4, 10, 23, 57, 132, 301, 701, 1636, 3659, 8738, 20193]...: 14595609: ACCEPTED IN 27 TRIES, (AVG 540578.1111111111)
[1, 4, 10, 23, 57, 132, 301, 701, 1636, 3659, 8738, 20194]...: 5938325: ACCEPTED IN 11 TRIES, (AVG 539847.7272727273)
[1, 4, 10, 23, 57, 132, 301, 701, 1636, 3659, 8738, 20224]...: 7019883: ACCEPTED IN 13 TRIES, (AVG 539991.0)
[1, 4, 10, 23, 57, 132, 301, 701, 1636, 3659, 8738, 20226]...: 8101434: ACCEPTED IN 15 TRIES, (AVG 540095.6)
[1, 4, 10, 23, 57, 132, 301, 701, 1636, 3659, 8738, 20257]...: 5397344: ACCEPTED IN 10 TRIES, (AVG 539734.4)
[1, 4, 10, 23, 57, 132, 301, 701, 1636, 3659, 8738, 20258]...: 8641173: ACCEPTED IN 16 TRIES, (AVG 540073.3125)
[1, 4, 10, 23, 57, 132, 301, 701, 1636, 3659, 8738, 20259]...: 8100896: ACCEPTED IN 15 TRIES, (AVG 540059.7333333333)
[1, 4, 10, 23, 57, 132, 301, 701, 1636, 3659, 8738, 20260]...: 7020057: ACCEPTED IN 13 TRIES, (AVG 540004.3846153846)
[1, 4, 10, 23, 57, 132, 301, 701, 1636, 3659, 8738, 20261]...: 5938552: ACCEPTED IN 11 TRIES, (AVG 539868.3636363636)
[1, 4, 10, 23, 57, 132, 301, 701, 1636, 3659, 8738, 20289]...: 10265195: ACCEPTED IN 19 TRIES, (AVG 540273.4210526316)
[1, 4, 10, 23, 57, 132, 301, 701, 1636, 3659, 8738, 20293]...: 7020243: ACCEPTED IN 13 TRIES, (AVG 540018.6923076923)
[1, 4, 10, 23, 57, 132, 301, 701, 1636, 3659, 8738, 20296]...: 5938543: ACCEPTED IN 11 TRIES, (AVG 539867.5454545454)
[1, 4, 10, 23, 57, 132, 301, 701, 1636, 3659, 8738, 20325]...: 7560483: ACCEPTED IN 14 TRIES, (AVG 540034.5)
[1, 4, 10, 23, 57, 132, 301, 701, 1636, 3659, 8738, 20326]...: 10267071: ACCEPTED IN 19 TRIES, (AVG 540372.1578947369)
[1, 4, 10, 23, 57, 132, 301, 701, 1636, 3659, 8738, 20327]...: 14055407: ACCEPTED IN 26 TRIES, (AVG 540592.5769230769)
[1, 4, 10, 23, 57, 132, 301, 701, 1636, 3659, 8738, 20356]...: 10265804: ACCEPTED IN 19 TRIES, (AVG 540305.4736842106)
[1, 4, 10, 23, 57, 132, 301, 701, 1636, 3659, 8738, 20358]...: 13513516: ACCEPTED IN 25 TRIES, (AVG 540540.64)
[1, 4, 10, 23, 57, 132, 301, 701, 1636, 3659, 8738, 20359]...: 4856164: ACCEPTED IN 9 TRIES, (AVG 539573.7777777778)
[1, 4, 10, 23, 57, 132, 301, 701, 1636, 3659, 8738, 20360]...: 6479550: ACCEPTED IN 12 TRIES, (AVG 539962.5)
[1, 4, 10, 23, 57, 132, 301, 701, 1636, 3659, 8738, 20363]...: 8641024: ACCEPTED IN 16 TRIES, (AVG 540064.0)
[1, 4, 10, 23, 57, 132, 301, 701, 1636, 3659, 8738, 20390]...: 10265114: ACCEPTED IN 19 TRIES, (AVG 540269.1578947369)
[1, 4, 10, 23, 57, 132, 301, 701, 1636, 3659, 8738, 20391]...: 5397207: ACCEPTED IN 10 TRIES, (AVG 539720.7)
[1, 4, 10, 23, 57, 132, 301, 701, 1636, 3659, 8738, 20392]...: 6479701: ACCEPTED IN 12 TRIES, (AVG 539975.0833333334)
[1, 4, 10, 23, 57, 132, 301, 701, 1636, 3659, 8738, 20393]...: 10264633: ACCEPTED IN 19 TRIES, (AVG 540243.8421052631)
[1, 4, 10, 23, 57, 132, 301, 701, 1636, 3659, 8738, 20395]...: 8102698: ACCEPTED IN 15 TRIES, (AVG 540179.8666666667)
[1, 4, 10, 23, 57, 132, 301, 701, 1636, 3659, 8738, 20426]...: 3772200: ACCEPTED IN 7 TRIES, (AVG 538885.7142857143)
[1, 4, 10, 23, 57, 132, 301, 701, 1636, 3659, 8738, 20427]...: 10807291: ACCEPTED IN 20 TRIES, (AVG 540364.55)
[1, 4, 10, 23, 57, 132, 301, 701, 1636, 3659, 8738, 20428]...: 10266437: ACCEPTED IN 19 TRIES, (AVG 540338.7894736842)
[1, 4, 10, 23, 57, 132, 301, 701, 1636, 3659, 8738, 20458]...: 6479016: ACCEPTED IN 12 TRIES, (AVG 539918.0)
[1, 4, 10, 23, 57, 132, 301, 701, 1636, 3659, 8738, 20459]...: 10264138: ACCEPTED IN 19 TRIES, (AVG 540217.7894736842)
[1, 4, 10, 23, 57, 132, 301, 701, 1636, 3659, 8738, 20462]...: 9184960: ACCEPTED IN 17 TRIES, (AVG 540291.7647058824)
[1, 4, 10, 23, 57, 132, 301, 701, 1636, 3659, 8738, 20490]...: 5935587: ACCEPTED IN 11 TRIES, (AVG 539598.8181818182)
[1, 4, 10, 23, 57, 132, 301, 701, 1636, 3659, 8738, 20491]...: 9183813: ACCEPTED IN 17 TRIES, (AVG 540224.2941176471)
[1, 4, 10, 23, 57, 132, 301, 701, 1636, 3659, 8738, 20492]...: 10264945: ACCEPTED IN 19 TRIES, (AVG 540260.2631578947)
[1, 4, 10, 23, 57, 132, 301, 701, 1636, 3659, 8738, 20494]...: 8100799: ACCEPTED IN 15 TRIES, (AVG 540053.2666666667)
[1, 4, 10, 23, 57, 132, 301, 701, 1636, 3659, 8738, 20495]...: 7560906: ACCEPTED IN 14 TRIES, (AVG 540064.7142857143)
[1, 4, 10, 23, 57, 132, 301, 701, 1636, 3659, 8738, 20522]...: 4314359: ACCEPTED IN 8 TRIES, (AVG 539294.875)
[1, 4, 10, 23, 57, 132, 301, 701, 1636, 3659, 8738, 20525]...: 9183275: ACCEPTED IN 17 TRIES, (AVG 540192.6470588235)
[1, 4, 10, 23, 57, 132, 301, 701, 1636, 3659, 8738, 20527]...: 10265633: ACCEPTED IN 19 TRIES, (AVG 540296.4736842106)
[1, 4, 10, 23, 57, 132, 301, 701, 1636, 3659, 8738, 20558]...: 7561571: ACCEPTED IN 14 TRIES, (AVG 540112.2142857143)
[1, 4, 10, 23, 57, 132, 301, 701, 1636, 3659, 8738, 20559]...: 7019734: ACCEPTED IN 13 TRIES, (AVG 539979.5384615385)
[1, 4, 10, 23, 57, 132, 301, 701, 1636, 3659, 8738, 20560]...: 8642996: ACCEPTED IN 16 TRIES, (AVG 540187.25)
[1, 4, 10, 23, 57, 132, 301, 701, 1636, 3659, 8738, 20561]...: 9185398: ACCEPTED IN 17 TRIES, (AVG 540317.5294117647)
[1, 4, 10, 23, 57, 132, 301, 701, 1636, 3659, 8738, 20590]...: 7561594: ACCEPTED IN 14 TRIES, (AVG 540113.8571428572)
[1, 4, 10, 23, 57, 132, 301, 701, 1636, 3659, 8738, 20593]...: 10265213: ACCEPTED IN 19 TRIES, (AVG 540274.3684210526)
[1, 4, 10, 23, 57, 132, 301, 701, 1636, 3659, 8738, 20594]...: 9183937: ACCEPTED IN 17 TRIES, (AVG 540231.5882352941)
[1, 4, 10, 23, 57, 132, 301, 701, 1636, 3659, 8738, 20597]...: 5938626: ACCEPTED IN 11 TRIES, (AVG 539875.0909090909)
[1, 4, 10, 23, 57, 132, 301, 701, 1636, 3659, 8738, 20624]...: 5935861: ACCEPTED IN 11 TRIES, (AVG 539623.7272727273)
[1, 4, 10, 23, 57, 132, 301, 701, 1636, 3659, 8738, 20626]...: 9184816: ACCEPTED IN 17 TRIES, (AVG 540283.2941176471)
[1, 4, 10, 23, 57, 132, 301, 701, 1636, 3659, 8738, 20627]...: 8644209: ACCEPTED IN 16 TRIES, (AVG 540263.0625)
[1, 4, 10, 23, 57, 132, 301, 701, 1636, 3659, 8738, 20628]...: 10808825: ACCEPTED IN 20 TRIES, (AVG 540441.25)
[1, 4, 10, 23, 57, 132, 301, 701, 1636, 3659, 8738, 20657]...: 7019863: ACCEPTED IN 13 TRIES, (AVG 539989.4615384615)
[1, 4, 10, 23, 57, 132, 301, 701, 1636, 3659, 8738, 20659]...: 5937472: ACCEPTED IN 11 TRIES, (AVG 539770.1818181818)
[1, 4, 10, 23, 57, 132, 301, 701, 1636, 3659, 8738, 20660]...: 10266807: ACCEPTED IN 19 TRIES, (AVG 540358.2631578947)
[1, 4, 10, 23, 57, 132, 301, 701, 1636, 3659, 8738, 20661]...: 8102608: ACCEPTED IN 15 TRIES, (AVG 540173.8666666667)
[1, 4, 10, 23, 57, 132, 301, 701, 1636, 3659, 8738, 20691]...: 4313449: ACCEPTED IN 8 TRIES, (AVG 539181.125)
[1, 4, 10, 23, 57, 132, 301, 701, 1636, 3659, 8738, 20692]...: 7019803: ACCEPTED IN 13 TRIES, (AVG 539984.8461538461)
[1, 4, 10, 23, 57, 132, 301, 701, 1636, 3659, 8738, 20693]...: 6478533: ACCEPTED IN 12 TRIES, (AVG 539877.75)
[1, 4, 10, 23, 57, 132, 301, 701, 1636, 3659, 8738, 20696]...: 9185179: ACCEPTED IN 17 TRIES, (AVG 540304.6470588235)
[1, 4, 10, 23, 57, 132, 301, 701, 1636, 3659, 8738, 20725]...: 5396950: ACCEPTED IN 10 TRIES, (AVG 539695.0)
[1, 4, 10, 23, 57, 132, 301, 701, 1636, 3659, 8738, 20726]...: 8102312: ACCEPTED IN 15 TRIES, (AVG 540154.1333333333)
[1, 4, 10, 23, 57, 132, 301, 701, 1636, 3659, 8738, 20727]...: 8102315: ACCEPTED IN 15 TRIES, (AVG 540154.3333333334)
[1, 4, 10, 23, 57, 132, 301, 701, 1636, 3659, 8738, 20728]...: 7020761: ACCEPTED IN 13 TRIES, (AVG 540058.5384615385)
[1, 4, 10, 23, 57, 132, 301, 701, 1636, 3659, 8738, 20729]...: 8642346: ACCEPTED IN 16 TRIES, (AVG 540146.625)
[1, 4, 10, 23, 57, 132, 301, 701, 1636, 3659, 8738, 20756]...: 8103068: ACCEPTED IN 15 TRIES, (AVG 540204.5333333333)
[1, 4, 10, 23, 57, 132, 301, 701, 1636, 3659, 8738, 20759]...: 5938197: ACCEPTED IN 11 TRIES, (AVG 539836.0909090909)
[1, 4, 10, 23, 57, 132, 301, 701, 1636, 3659, 8738, 20760]...: 7560912: ACCEPTED IN 14 TRIES, (AVG 540065.1428571428)
[1, 4, 10, 23, 57, 132, 301, 701, 1636, 3659, 8738, 20763]...: 6479700: ACCEPTED IN 12 TRIES, (AVG 539975.0)
[1, 4, 10, 23, 57, 132, 301, 701, 1636, 3659, 8738, 20791]...: 10807991: ACCEPTED IN 20 TRIES, (AVG 540399.55)
[1, 4, 10, 23, 57, 132, 301, 701, 1636, 3659, 8738, 20792]...: 5934386: ACCEPTED IN 11 TRIES, (AVG 539489.6363636364)
[1, 4, 10, 23, 57, 132, 301, 701, 1636, 3659, 8738, 20793]...: 8642283: ACCEPTED IN 16 TRIES, (AVG 540142.6875)
[1, 4, 10, 23, 57, 132, 301, 701, 1636, 3659, 8738, 20795]...: 9726139: ACCEPTED IN 18 TRIES, (AVG 540341.0555555555)
[1, 4, 10, 23, 57, 132, 301, 701, 1636, 3659, 8738, 20823]...: 5936370: ACCEPTED IN 11 TRIES, (AVG 539670.0)
[1, 4, 10, 23, 57, 132, 301, 701, 1636, 3659, 8738, 20826]...: 7020793: ACCEPTED IN 13 TRIES, (AVG 540061.0)
[1, 4, 10, 23, 57, 132, 301, 701, 1636, 3659, 8738, 20827]...: 11889806: ACCEPTED IN 22 TRIES, (AVG 540445.7272727273)
[1, 4, 10, 23, 57, 132, 301, 701, 1636, 3659, 8738, 20828]...: 8103023: ACCEPTED IN 15 TRIES, (AVG 540201.5333333333)
[1, 4, 10, 23, 57, 132, 301, 701, 1636, 3659, 8738, 20858]...: 6477834: ACCEPTED IN 12 TRIES, (AVG 539819.5)
[1, 4, 10, 23, 57, 132, 301, 701, 1636, 3659, 8738, 20859]...: 7019497: ACCEPTED IN 13 TRIES, (AVG 539961.3076923077)
[1, 4, 10, 23, 57, 132, 301, 701, 1636, 3659, 8738, 20860]...: 5936934: ACCEPTED IN 11 TRIES, (AVG 539721.2727272727)
[1, 4, 10, 23, 57, 132, 301, 701, 1636, 3659, 8738, 20861]...: 8101648: ACCEPTED IN 15 TRIES, (AVG 540109.8666666667)
[1, 4, 10, 23, 57, 132, 301, 701, 1636, 3659, 8738, 20862]...: 10808130: ACCEPTED IN 20 TRIES, (AVG 540406.5)
[1, 4, 10, 23, 57, 132, 301, 701, 1636, 3659, 8738, 20891]...: 10266301: ACCEPTED IN 19 TRIES, (AVG 540331.6315789474)
[1, 4, 10, 23, 57, 132, 301, 701, 1636, 3659, 8738, 20894]...: 7019958: ACCEPTED IN 13 TRIES, (AVG 539996.7692307692)
[1, 4, 10, 23, 57, 132, 301, 701, 1636, 3659, 8738, 20895]...: 9184869: ACCEPTED IN 17 TRIES, (AVG 540286.4117647059)
[1, 4, 10, 23, 57, 132, 301, 701, 1636, 3659, 8738, 20925]...: 12430392: ACCEPTED IN 23 TRIES, (AVG 540451.8260869565)
[1, 4, 10, 23, 57, 132, 301, 701, 1636, 3659, 8738, 20927]...: 10263491: ACCEPTED IN 19 TRIES, (AVG 540183.7368421053)
[1, 4, 10, 23, 57, 132, 301, 701, 1636, 3659, 8738, 20958]...: 5397425: ACCEPTED IN 10 TRIES, (AVG 539742.5)
[1, 4, 10, 23, 57, 132, 301, 701, 1636, 3659, 8738, 20959]...: 9182434: ACCEPTED IN 17 TRIES, (AVG 540143.1764705882)
[1, 4, 10, 23, 57, 132, 301, 701, 1636, 3659, 8738, 20960]...: 5937581: ACCEPTED IN 11 TRIES, (AVG 539780.0909090909)
[1, 4, 10, 23, 57, 132, 301, 701, 1636, 3659, 8738, 20961]...: 7020285: ACCEPTED IN 13 TRIES, (AVG 540021.9230769231)
[1, 4, 10, 23, 57, 132, 301, 701, 1636, 3659, 8738, 20962]...: 5935993: ACCEPTED IN 11 TRIES, (AVG 539635.7272727273)
