[1, 4, 10, 23, 57, 132, 301, 701, 1636, 3659, 8369, 18420]...: 24875807: ACCEPTED IN 46 TRIES, (AVG 540778.4130434783)
[1, 4, 10, 23, 57, 132, 301, 701, 1636, 3659, 8369, 18452]...: 47062506: ACCEPTED IN 87 TRIES, (AVG 540948.3448275862)
[1, 4, 10, 23, 57, 132, 301, 701, 1636, 3659, 8369, 18453]...: 13513334: ACCEPTED IN 25 TRIES, (AVG 540533.36)
[1, 4, 10, 23, 57, 132, 301, 701, 1636, 3659, 8369, 18485]...: 16760159: ACCEPTED IN 31 TRIES, (AVG 540650.2903225806)
[1, 4, 10, 23, 57, 132, 301, 701, 1636, 3659, 8369, 18584]...: 14596886: ACCEPTED IN 27 TRIES, (AVG 540625.4074074074)
[1, 4, 10, 23, 57, 132, 301, 701, 1636, 3659, 8369, 18618]...: 63299071: ACCEPTED IN 117 TRIES, (AVG 541017.7008547009)
[1, 4, 10, 23, 57, 132, 301, 701, 1636, 3659, 8369, 18651]...: 9726253: ACCEPTED IN 18 TRIES, (AVG 540347.3888888889)
[1, 4, 10, 23, 57, 132, 301, 701, 1636, 3659, 8369, 18654]...: 30830923: ACCEPTED IN 57 TRIES, (AVG 540893.3859649122)
[1, 4, 10, 23, 57, 132, 301, 701, 1636, 3659, 8369, 18686]...: 30288953: ACCEPTED IN 56 TRIES, (AVG 540874.1607142857)
[1, 4, 10, 23, 57, 132, 301, 701, 1636, 3659, 8369, 18687]...: 8101473: ACCEPTED IN 15 TRIES, (AVG 540098.2)
[1, 4, 10, 23, 57, 132, 301, 701, 1636, 3659, 8369, 18717]...: 76826277: ACCEPTED IN 142 TRIES, (AVG 541030.1197183098)
[1, 4, 10, 23, 57, 132, 301, 701, 1636, 3659, 8369, 18721]...: 16760086: ACCEPTED IN 31 TRIES, (AVG 540647.9354838709)
[1, 4, 10, 23, 57, 132, 301, 701, 1636, 3659, 8369, 18750]...: 135811344: ACCEPTED IN 251 TRIES, (AVG 541081.0517928287)
[1, 4, 10, 23, 57, 132, 301, 701, 1636, 3659, 8369, 18753]...: 128235409: ACCEPTED IN 237 TRIES, (AVG 541077.6751054853)
[1, 4, 10, 23, 57, 132, 301, 701, 1636, 3659, 8369, 18786]...: 80074117: ACCEPTED IN 148 TRIES, (AVG 541041.3310810811)
[1, 4, 10, 23, 57, 132, 301, 701, 1636, 3659, 8369, 18818]...: 14594385: ACCEPTED IN 27 TRIES, (AVG 540532.7777777778)
[1, 4, 10, 23, 57, 132, 301, 701, 1636, 3659, 8369, 18819]...: 12432184: ACCEPTED IN 23 TRIES, (AVG 540529.7391304348)
[1, 4, 10, 23, 57, 132, 301, 701, 1636, 3659, 8369, 18820]...: 16760995: ACCEPTED IN 31 TRIES, (AVG 540677.2580645161)
[1, 4, 10, 23, 57, 132, 301, 701, 1636, 3659, 8369, 18849]...: 9726002: ACCEPTED IN 18 TRIES, (AVG 540333.4444444445)
[1, 4, 10, 23, 57, 132, 301, 701, 1636, 3659, 8369, 18852]...: 31912640: ACCEPTED IN 59 TRIES, (AVG 540892.2033898305)
[1, 4, 10, 23, 57, 132, 301, 701, 1636, 3659, 8369, 18853]...: 22712875: ACCEPTED IN 42 TRIES, (AVG 540782.7380952381)
[1, 4, 10, 23, 57, 132, 301, 701, 1636, 3659, 8369, 18885]...: 10267553: ACCEPTED IN 19 TRIES, (AVG 540397.5263157894)
[1, 4, 10, 23, 57, 132, 301, 701, 1636, 3659, 8369, 18919]...: 22171114: ACCEPTED IN 41 TRIES, (AVG 540758.8780487805)
[1, 4, 10, 23, 57, 132, 301, 701, 1636, 3659, 8369, 18951]...: 16758931: ACCEPTED IN 31 TRIES, (AVG 540610.6774193548)
[1, 4, 10, 23, 57, 132, 301, 701, 1636, 3659, 8369, 18952]...: 9726477: ACCEPTED IN 18 TRIES, (AVG 540359.8333333334)
[1, 4, 10, 23, 57, 132, 301, 701, 1636, 3659, 8369, 18955]...: 10807990: ACCEPTED IN 20 TRIES, (AVG 540399.5)
[1, 4, 10, 23, 57, 132, 301, 701, 1636, 3659, 8369, 18984]...: 10267593: ACCEPTED IN 19 TRIES, (AVG 540399.6315789474)
[1, 4, 10, 23, 57, 132, 301, 701, 1636, 3659, 8369, 18987]...: 31372085: ACCEPTED IN 58 TRIES, (AVG 540898.0172413794)
[1, 4, 10, 23, 57, 132, 301, 701, 1636, 3659, 8369, 19018]...: 9726554: ACCEPTED IN 18 TRIES, (AVG 540364.1111111111)
[1, 4, 10, 23, 57, 132, 301, 701, 1636, 3659, 8369, 19022]...: 53558197: ACCEPTED IN 99 TRIES, (AVG 540991.8888888889)
[1, 4, 10, 23, 57, 132, 301, 701, 1636, 3659, 8369, 19051]...: 40028785: ACCEPTED IN 74 TRIES, (AVG 540929.527027027)
[1, 4, 10, 23, 57, 132, 301, 701, 1636, 3659, 8369, 19054]...: 20006181: ACCEPTED IN 37 TRIES, (AVG 540707.5945945946)
[1, 4, 10, 23, 57, 132, 301, 701, 1636, 3659, 8369, 19083]...: 10807085: ACCEPTED IN 20 TRIES, (AVG 540354.25)
[1, 4, 10, 23, 57, 132, 301, 701, 1636, 3659, 8369, 19086]...: 89272333: ACCEPTED IN 165 TRIES, (AVG 541044.4424242424)
[1, 4, 10, 23, 57, 132, 301, 701, 1636, 3659, 8369, 19087]...: 9726300: ACCEPTED IN 18 TRIES, (AVG 540350.0)
[1, 4, 10, 23, 57, 132, 301, 701, 1636, 3659, 8369, 19119]...: 36783295: ACCEPTED IN 68 TRIES, (AVG 540930.8088235294)
[1, 4, 10, 23, 57, 132, 301, 701, 1636, 3659, 8369, 19150]...: 13512896: ACCEPTED IN 25 TRIES, (AVG 540515.84)
[1, 4, 10, 23, 57, 132, 301, 701, 1636, 3659, 8369, 19153]...: 5938207: ACCEPTED IN 11 TRIES, (AVG 539837.0)
[1, 4, 10, 23, 57, 132, 301, 701, 1636, 3659, 8369, 19154]...: 17302443: ACCEPTED IN 32 TRIES, (AVG 540701.34375)
[1, 4, 10, 23, 57, 132, 301, 701, 1636, 3659, 8369, 19186]...: 12428991: ACCEPTED IN 23 TRIES, (AVG 540390.9130434783)
[1, 4, 10, 23, 57, 132, 301, 701, 1636, 3659, 8369, 19218]...: 32453113: ACCEPTED IN 60 TRIES, (AVG 540885.2166666667)
[1, 4, 10, 23, 57, 132, 301, 701, 1636, 3659, 8369, 19220]...: 13514304: ACCEPTED IN 25 TRIES, (AVG 540572.16)
[1, 4, 10, 23, 57, 132, 301, 701, 1636, 3659, 8369, 19252]...: 12972909: ACCEPTED IN 24 TRIES, (AVG 540537.875)
[1, 4, 10, 23, 57, 132, 301, 701, 1636, 3659, 8369, 19253]...: 3774142: ACCEPTED IN 7 TRIES, (AVG 539163.1428571428)
[1, 4, 10, 23, 57, 132, 301, 701, 1636, 3659, 8369, 19256]...: 11890835: ACCEPTED IN 22 TRIES, (AVG 540492.5)
[1, 4, 10, 23, 57, 132, 301, 701, 1636, 3659, 8369, 19285]...: 8102668: ACCEPTED IN 15 TRIES, (AVG 540177.8666666667)
[1, 4, 10, 23, 57, 132, 301, 701, 1636, 3659, 8369, 19286]...: 8640959: ACCEPTED IN 16 TRIES, (AVG 540059.9375)
[1, 4, 10, 23, 57, 132, 301, 701, 1636, 3659, 8369, 19288]...: 12432272: ACCEPTED IN 23 TRIES, (AVG 540533.5652173914)
[1, 4, 10, 23, 57, 132, 301, 701, 1636, 3659, 8369, 19319]...: 12430859: ACCEPTED IN 23 TRIES, (AVG 540472.1304347826)
[1, 4, 10, 23, 57, 132, 301, 701, 1636, 3659, 8369, 19352]...: 10807003: ACCEPTED IN 20 TRIES, (AVG 540350.15)
[1, 4, 10, 23, 57, 132, 301, 701, 1636, 3659, 8369, 19355]...: 16219837: ACCEPTED IN 30 TRIES, (AVG 540661.2333333333)
[1, 4, 10, 23, 57, 132, 301, 701, 1636, 3659, 8369, 19384]...: 9185334: ACCEPTED IN 17 TRIES, (AVG 540313.7647058824)
[1, 4, 10, 23, 57, 132, 301, 701, 1636, 3659, 8369, 19387]...: 8642492: ACCEPTED IN 16 TRIES, (AVG 540155.75)
[1, 4, 10, 23, 57, 132, 301, 701, 1636, 3659, 8369, 19388]...: 14054595: ACCEPTED IN 26 TRIES, (AVG 540561.3461538461)
[1, 4, 10, 23, 57, 132, 301, 701, 1636, 3659, 8369, 19420]...: 9725475: ACCEPTED IN 18 TRIES, (AVG 540304.1666666666)
[1, 4, 10, 23, 57, 132, 301, 701, 1636, 3659, 8369, 19451]...: 31912895: ACCEPTED IN 59 TRIES, (AVG 540896.5254237289)
[1, 4, 10, 23, 57, 132, 301, 701, 1636, 3659, 8369, 19454]...: 11890985: ACCEPTED IN 22 TRIES, (AVG 540499.3181818182)
[1, 4, 10, 23, 57, 132, 301, 701, 1636, 3659, 8369, 19487]...: 9726638: ACCEPTED IN 18 TRIES, (AVG 540368.7777777778)
[1, 4, 10, 23, 57, 132, 301, 701, 1636, 3659, 8369, 19519]...: 9726233: ACCEPTED IN 18 TRIES, (AVG 540346.2777777778)
[1, 4, 10, 23, 57, 132, 301, 701, 1636, 3659, 8369, 19520]...: 21089744: ACCEPTED IN 39 TRIES, (AVG 540762.6666666666)
[1, 4, 10, 23, 57, 132, 301, 701, 1636, 3659, 8369, 19521]...: 13514097: ACCEPTED IN 25 TRIES, (AVG 540563.88)
[1, 4, 10, 23, 57, 132, 301, 701, 1636, 3659, 8369, 19553]...: 10807829: ACCEPTED IN 20 TRIES, (AVG 540391.45)
[1, 4, 10, 23, 57, 132, 301, 701, 1636, 3659, 8369, 19554]...: 15137714: ACCEPTED IN 28 TRIES, (AVG 540632.6428571428)
[1, 4, 10, 23, 57, 132, 301, 701, 1636, 3659, 8369, 19586]...: 10267262: ACCEPTED IN 19 TRIES, (AVG 540382.2105263158)
[1, 4, 10, 23, 57, 132, 301, 701, 1636, 3659, 8369, 19589]...: 9726265: ACCEPTED IN 18 TRIES, (AVG 540348.0555555555)
[1, 4, 10, 23, 57, 132, 301, 701, 1636, 3659, 8369, 19620]...: 22172410: ACCEPTED IN 41 TRIES, (AVG 540790.487804878)
[1, 4, 10, 23, 57, 132, 301, 701, 1636, 3659, 8369, 19652]...: 15137286: ACCEPTED IN 28 TRIES, (AVG 540617.3571428572)
[1, 4, 10, 23, 57, 132, 301, 701, 1636, 3659, 8369, 19653]...: 12432309: ACCEPTED IN 23 TRIES, (AVG 540535.1739130435)
[1, 4, 10, 23, 57, 132, 301, 701, 1636, 3659, 8369, 19656]...: 18925682: ACCEPTED IN 35 TRIES, (AVG 540733.7714285714)
[1, 4, 10, 23, 57, 132, 301, 701, 1636, 3659, 8369, 19685]...: 16760293: ACCEPTED IN 31 TRIES, (AVG 540654.6129032258)
[1, 4, 10, 23, 57, 132, 301, 701, 1636, 3659, 8369, 19688]...: 9184387: ACCEPTED IN 17 TRIES, (AVG 540258.0588235294)
[1, 4, 10, 23, 57, 132, 301, 701, 1636, 3659, 8369, 19721]...: 10807693: ACCEPTED IN 20 TRIES, (AVG 540384.65)
[1, 4, 10, 23, 57, 132, 301, 701, 1636, 3659, 8369, 19752]...: 17301023: ACCEPTED IN 32 TRIES, (AVG 540656.96875)
[1, 4, 10, 23, 57, 132, 301, 701, 1636, 3659, 8369, 19755]...: 6479783: ACCEPTED IN 12 TRIES, (AVG 539981.9166666666)
[1, 4, 10, 23, 57, 132, 301, 701, 1636, 3659, 8369, 19784]...: 21088465: ACCEPTED IN 39 TRIES, (AVG 540729.8717948718)
[1, 4, 10, 23, 57, 132, 301, 701, 1636, 3659, 8369, 19787]...: 22172767: ACCEPTED IN 41 TRIES, (AVG 540799.1951219512)
[1, 4, 10, 23, 57, 132, 301, 701, 1636, 3659, 8369, 19788]...: 11890967: ACCEPTED IN 22 TRIES, (AVG 540498.5)
[1, 4, 10, 23, 57, 132, 301, 701, 1636, 3659, 8369, 19820]...: 18383650: ACCEPTED IN 34 TRIES, (AVG 540695.5882352941)
[1, 4, 10, 23, 57, 132, 301, 701, 1636, 3659, 8369, 19854]...: 18922941: ACCEPTED IN 35 TRIES, (AVG 540655.4571428571)
[1, 4, 10, 23, 57, 132, 301, 701, 1636, 3659, 8369, 19855]...: 5397225: ACCEPTED IN 10 TRIES, (AVG 539722.5)
[1, 4, 10, 23, 57, 132, 301, 701, 1636, 3659, 8369, 19887]...: 8103262: ACCEPTED IN 15 TRIES, (AVG 540217.4666666667)
[1, 4, 10, 23, 57, 132, 301, 701, 1636, 3659, 8369, 19919]...: 13512082: ACCEPTED IN 25 TRIES, (AVG 540483.28)
[1, 4, 10, 23, 57, 132, 301, 701, 1636, 3659, 8369, 19921]...: 22172711: ACCEPTED IN 41 TRIES, (AVG 540797.8292682926)
[1, 4, 10, 23, 57, 132, 301, 701, 1636, 3659, 8369, 19953]...: 4314748: ACCEPTED IN 8 TRIES, (AVG 539343.5)
[1, 4, 10, 23, 57, 132, 301, 701, 1636, 3659, 8369, 19954]...: 11349448: ACCEPTED IN 21 TRIES, (AVG 540449.9047619047)
[1, 4, 10, 23, 57, 132, 301, 701, 1636, 3659, 8369, 19957]...: 8642901: ACCEPTED IN 16 TRIES, (AVG 540181.3125)
[1, 4, 10, 23, 57, 132, 301, 701, 1636, 3659, 8369, 19986]...: 8643363: ACCEPTED IN 16 TRIES, (AVG 540210.1875)
[1, 4, 10, 23, 57, 132, 301, 701, 1636, 3659, 8369, 19987]...: 9725223: ACCEPTED IN 18 TRIES, (AVG 540290.1666666666)
[1, 4, 10, 23, 57, 132, 301, 701, 1636, 3659, 8369, 19989]...: 16219543: ACCEPTED IN 30 TRIES, (AVG 540651.4333333333)
[1, 4, 10, 23, 57, 132, 301, 701, 1636, 3659, 8369, 20021]...: 8099808: ACCEPTED IN 15 TRIES, (AVG 539987.2)
[1, 4, 10, 23, 57, 132, 301, 701, 1636, 3659, 8369, 20053]...: 9185490: ACCEPTED IN 17 TRIES, (AVG 540322.9411764706)
[1, 4, 10, 23, 57, 132, 301, 701, 1636, 3659, 8369, 20056]...: 10267111: ACCEPTED IN 19 TRIES, (AVG 540374.2631578947)
[1, 4, 10, 23, 57, 132, 301, 701, 1636, 3659, 8369, 20085]...: 14596471: ACCEPTED IN 27 TRIES, (AVG 540610.0370370371)
