[1, 4, 10, 23, 57, 132, 301, 701, 1636, 3827, 9027, 19900]...: 9185281: ACCEPTED IN 17 TRIES, (AVG 540310.6470588235)
[1, 4, 10, 23, 57, 132, 301, 701, 1636, 3827, 9027, 19911]...: 11889469: ACCEPTED IN 22 TRIES, (AVG 540430.4090909091)
[1, 4, 10, 23, 57, 132, 301, 701, 1636, 3827, 9027, 19946]...: 7560281: ACCEPTED IN 14 TRIES, (AVG 540020.0714285715)
[1, 4, 10, 23, 57, 132, 301, 701, 1636, 3827, 9027, 19947]...: 12973177: ACCEPTED IN 24 TRIES, (AVG 540549.0416666666)
[1, 4, 10, 23, 57, 132, 301, 701, 1636, 3827, 9027, 19948]...: 18925409: ACCEPTED IN 35 TRIES, (AVG 540725.9714285714)
[1, 4, 10, 23, 57, 132, 301, 701, 1636, 3827, 9027, 19999]...: 7561323: ACCEPTED IN 14 TRIES, (AVG 540094.5)
[1, 4, 10, 23, 57, 132, 301, 701, 1636, 3827, 9027, 20046]...: 10265136: ACCEPTED IN 19 TRIES, (AVG 540270.3157894737)
[1, 4, 10, 23, 57, 132, 301, 701, 1636, 3827, 9027, 20047]...: 15138008: ACCEPTED IN 28 TRIES, (AVG 540643.1428571428)
[1, 4, 10, 23, 57, 132, 301, 701, 1636, 3827, 9027, 20078]...: 10266303: ACCEPTED IN 19 TRIES, (AVG 540331.7368421053)
[1, 4, 10, 23, 57, 132, 301, 701, 1636, 3827, 9027, 20080]...: 10266693: ACCEPTED IN 19 TRIES, (AVG 540352.2631578947)
[1, 4, 10, 23, 57, 132, 301, 701, 1636, 3827, 9027, 20082]...: 9726099: ACCEPTED IN 18 TRIES, (AVG 540338.8333333334)
[1, 4, 10, 23, 57, 132, 301, 701, 1636, 3827, 9027, 20113]...: 15676670: ACCEPTED IN 29 TRIES, (AVG 540574.8275862068)
[1, 4, 10, 23, 57, 132, 301, 701, 1636, 3827, 9027, 20145]...: 7019941: ACCEPTED IN 13 TRIES, (AVG 539995.4615384615)
[1, 4, 10, 23, 57, 132, 301, 701, 1636, 3827, 9027, 20149]...: 19466517: ACCEPTED IN 36 TRIES, (AVG 540736.5833333334)
[1, 4, 10, 23, 57, 132, 301, 701, 1636, 3827, 9027, 20179]...: 25418115: ACCEPTED IN 47 TRIES, (AVG 540810.9574468085)
[1, 4, 10, 23, 57, 132, 301, 701, 1636, 3827, 9027, 20181]...: 11890058: ACCEPTED IN 22 TRIES, (AVG 540457.1818181818)
[1, 4, 10, 23, 57, 132, 301, 701, 1636, 3827, 9027, 20212]...: 7020512: ACCEPTED IN 13 TRIES, (AVG 540039.3846153846)
[1, 4, 10, 23, 57, 132, 301, 701, 1636, 3827, 9027, 20249]...: 11890073: ACCEPTED IN 22 TRIES, (AVG 540457.8636363636)
[1, 4, 10, 23, 57, 132, 301, 701, 1636, 3827, 9027, 20281]...: 7020658: ACCEPTED IN 13 TRIES, (AVG 540050.6153846154)
[1, 4, 10, 23, 57, 132, 301, 701, 1636, 3827, 9027, 20300]...: 11349719: ACCEPTED IN 21 TRIES, (AVG 540462.8095238095)
[1, 4, 10, 23, 57, 132, 301, 701, 1636, 3827, 9027, 20311]...: 7020754: ACCEPTED IN 13 TRIES, (AVG 540058.0)
[1, 4, 10, 23, 57, 132, 301, 701, 1636, 3827, 9027, 20347]...: 8643023: ACCEPTED IN 16 TRIES, (AVG 540188.9375)
[1, 4, 10, 23, 57, 132, 301, 701, 1636, 3827, 9027, 20348]...: 5396009: ACCEPTED IN 10 TRIES, (AVG 539600.9)
[1, 4, 10, 23, 57, 132, 301, 701, 1636, 3827, 9027, 20379]...: 7020765: ACCEPTED IN 13 TRIES, (AVG 540058.8461538461)
[1, 4, 10, 23, 57, 132, 301, 701, 1636, 3827, 9027, 20381]...: 9726644: ACCEPTED IN 18 TRIES, (AVG 540369.1111111111)
[1, 4, 10, 23, 57, 132, 301, 701, 1636, 3827, 9027, 20383]...: 10808353: ACCEPTED IN 20 TRIES, (AVG 540417.65)
[1, 4, 10, 23, 57, 132, 301, 701, 1636, 3827, 9027, 20413]...: 11350062: ACCEPTED IN 21 TRIES, (AVG 540479.1428571428)
[1, 4, 10, 23, 57, 132, 301, 701, 1636, 3827, 9027, 20414]...: 19465761: ACCEPTED IN 36 TRIES, (AVG 540715.5833333334)
[1, 4, 10, 23, 57, 132, 301, 701, 1636, 3827, 9027, 20415]...: 9726447: ACCEPTED IN 18 TRIES, (AVG 540358.1666666666)
[1, 4, 10, 23, 57, 132, 301, 701, 1636, 3827, 9027, 20446]...: 5395943: ACCEPTED IN 10 TRIES, (AVG 539594.3)
[1, 4, 10, 23, 57, 132, 301, 701, 1636, 3827, 9027, 20480]...: 5937531: ACCEPTED IN 11 TRIES, (AVG 539775.5454545454)
[1, 4, 10, 23, 57, 132, 301, 701, 1636, 3827, 9027, 20482]...: 6479286: ACCEPTED IN 12 TRIES, (AVG 539940.5)
[1, 4, 10, 23, 57, 132, 301, 701, 1636, 3827, 9027, 20513]...: 20546670: ACCEPTED IN 38 TRIES, (AVG 540701.8421052631)
[1, 4, 10, 23, 57, 132, 301, 701, 1636, 3827, 9027, 20515]...: 4855120: ACCEPTED IN 9 TRIES, (AVG 539457.7777777778)
[1, 4, 10, 23, 57, 132, 301, 701, 1636, 3827, 9027, 20545]...: 7020546: ACCEPTED IN 13 TRIES, (AVG 540042.0)
[1, 4, 10, 23, 57, 132, 301, 701, 1636, 3827, 9027, 20550]...: 7561635: ACCEPTED IN 14 TRIES, (AVG 540116.7857142857)
[1, 4, 10, 23, 57, 132, 301, 701, 1636, 3827, 9027, 20601]...: 11349186: ACCEPTED IN 21 TRIES, (AVG 540437.4285714285)
[1, 4, 10, 23, 57, 132, 301, 701, 1636, 3827, 9027, 20612]...: 5393560: ACCEPTED IN 10 TRIES, (AVG 539356.0)
[1, 4, 10, 23, 57, 132, 301, 701, 1636, 3827, 9027, 20647]...: 5395140: ACCEPTED IN 10 TRIES, (AVG 539514.0)
[1, 4, 10, 23, 57, 132, 301, 701, 1636, 3827, 9027, 20648]...: 7559909: ACCEPTED IN 14 TRIES, (AVG 539993.5)
[1, 4, 10, 23, 57, 132, 301, 701, 1636, 3827, 9027, 20649]...: 9183143: ACCEPTED IN 17 TRIES, (AVG 540184.8823529412)
[1, 4, 10, 23, 57, 132, 301, 701, 1636, 3827, 9027, 20680]...: 7019431: ACCEPTED IN 13 TRIES, (AVG 539956.2307692308)
[1, 4, 10, 23, 57, 132, 301, 701, 1636, 3827, 9027, 20682]...: 9184746: ACCEPTED IN 17 TRIES, (AVG 540279.1764705882)
[1, 4, 10, 23, 57, 132, 301, 701, 1636, 3827, 9027, 20716]...: 11889885: ACCEPTED IN 22 TRIES, (AVG 540449.3181818182)
[1, 4, 10, 23, 57, 132, 301, 701, 1636, 3827, 9027, 20747]...: 9185104: ACCEPTED IN 17 TRIES, (AVG 540300.2352941176)
[1, 4, 10, 23, 57, 132, 301, 701, 1636, 3827, 9027, 20748]...: 8642708: ACCEPTED IN 16 TRIES, (AVG 540169.25)
[1, 4, 10, 23, 57, 132, 301, 701, 1636, 3827, 9027, 20779]...: 10266368: ACCEPTED IN 19 TRIES, (AVG 540335.1578947369)
[1, 4, 10, 23, 57, 132, 301, 701, 1636, 3827, 9027, 20781]...: 11888672: ACCEPTED IN 22 TRIES, (AVG 540394.1818181818)
[1, 4, 10, 23, 57, 132, 301, 701, 1636, 3827, 9027, 20783]...: 11348227: ACCEPTED IN 21 TRIES, (AVG 540391.7619047619)
[1, 4, 10, 23, 57, 132, 301, 701, 1636, 3827, 9027, 20814]...: 7562004: ACCEPTED IN 14 TRIES, (AVG 540143.1428571428)
[1, 4, 10, 23, 57, 132, 301, 701, 1636, 3827, 9027, 20846]...: 10266340: ACCEPTED IN 19 TRIES, (AVG 540333.6842105263)
[1, 4, 10, 23, 57, 132, 301, 701, 1636, 3827, 9027, 20851]...: 6478157: ACCEPTED IN 12 TRIES, (AVG 539846.4166666666)
[1, 4, 10, 23, 57, 132, 301, 701, 1636, 3827, 9027, 20880]...: 11349036: ACCEPTED IN 21 TRIES, (AVG 540430.2857142857)
[1, 4, 10, 23, 57, 132, 301, 701, 1636, 3827, 9027, 20882]...: 6479550: ACCEPTED IN 12 TRIES, (AVG 539962.5)
[1, 4, 10, 23, 57, 132, 301, 701, 1636, 3827, 9027, 20913]...: 5396178: ACCEPTED IN 10 TRIES, (AVG 539617.8)
[1, 4, 10, 23, 57, 132, 301, 701, 1636, 3827, 9027, 20950]...: 11890561: ACCEPTED IN 22 TRIES, (AVG 540480.0454545454)
[1, 4, 10, 23, 57, 132, 301, 701, 1636, 3827, 9027, 20981]...: 10266694: ACCEPTED IN 19 TRIES, (AVG 540352.3157894737)
[1, 4, 10, 23, 57, 132, 301, 701, 1636, 3827, 9027, 20982]...: 15137145: ACCEPTED IN 28 TRIES, (AVG 540612.3214285715)
[1, 4, 10, 23, 57, 132, 301, 701, 1636, 3827, 9027, 20983]...: 10808439: ACCEPTED IN 20 TRIES, (AVG 540421.95)
[1, 4, 10, 23, 57, 132, 301, 701, 1636, 3827, 9027, 21012]...: 6479376: ACCEPTED IN 12 TRIES, (AVG 539948.0)
[1, 4, 10, 23, 57, 132, 301, 701, 1636, 3827, 9027, 21017]...: 11891111: ACCEPTED IN 22 TRIES, (AVG 540505.0454545454)
[1, 4, 10, 23, 57, 132, 301, 701, 1636, 3827, 9027, 21048]...: 8643048: ACCEPTED IN 16 TRIES, (AVG 540190.5)
[1, 4, 10, 23, 57, 132, 301, 701, 1636, 3827, 9027, 21049]...: 7017871: ACCEPTED IN 13 TRIES, (AVG 539836.2307692308)
[1, 4, 10, 23, 57, 132, 301, 701, 1636, 3827, 9027, 21080]...: 7020412: ACCEPTED IN 13 TRIES, (AVG 540031.6923076923)
[1, 4, 10, 23, 57, 132, 301, 701, 1636, 3827, 9027, 21082]...: 13514410: ACCEPTED IN 25 TRIES, (AVG 540576.4)
[1, 4, 10, 23, 57, 132, 301, 701, 1636, 3827, 9027, 21084]...: 9725922: ACCEPTED IN 18 TRIES, (AVG 540329.0)
[1, 4, 10, 23, 57, 132, 301, 701, 1636, 3827, 9027, 21114]...: 8102520: ACCEPTED IN 15 TRIES, (AVG 540168.0)
[1, 4, 10, 23, 57, 132, 301, 701, 1636, 3827, 9027, 21115]...: 13514494: ACCEPTED IN 25 TRIES, (AVG 540579.76)
[1, 4, 10, 23, 57, 132, 301, 701, 1636, 3827, 9027, 21116]...: 11349929: ACCEPTED IN 21 TRIES, (AVG 540472.8095238095)
[1, 4, 10, 23, 57, 132, 301, 701, 1636, 3827, 9027, 21147]...: 7561862: ACCEPTED IN 14 TRIES, (AVG 540133.0)
[1, 4, 10, 23, 57, 132, 301, 701, 1636, 3827, 9027, 21181]...: 14055299: ACCEPTED IN 26 TRIES, (AVG 540588.4230769231)
[1, 4, 10, 23, 57, 132, 301, 701, 1636, 3827, 9027, 21183]...: 6478666: ACCEPTED IN 12 TRIES, (AVG 539888.8333333334)
[1, 4, 10, 23, 57, 132, 301, 701, 1636, 3827, 9027, 21214]...: 8101516: ACCEPTED IN 15 TRIES, (AVG 540101.0666666667)
[1, 4, 10, 23, 57, 132, 301, 701, 1636, 3827, 9027, 21216]...: 7020128: ACCEPTED IN 13 TRIES, (AVG 540009.8461538461)
[1, 4, 10, 23, 57, 132, 301, 701, 1636, 3827, 9027, 21246]...: 10264162: ACCEPTED IN 19 TRIES, (AVG 540219.052631579)
[1, 4, 10, 23, 57, 132, 301, 701, 1636, 3827, 9027, 21251]...: 13514263: ACCEPTED IN 25 TRIES, (AVG 540570.52)
[1, 4, 10, 23, 57, 132, 301, 701, 1636, 3827, 9027, 21282]...: 6479549: ACCEPTED IN 12 TRIES, (AVG 539962.4166666666)
[1, 4, 10, 23, 57, 132, 301, 701, 1636, 3827, 9027, 21283]...: 13513451: ACCEPTED IN 25 TRIES, (AVG 540538.04)
[1, 4, 10, 23, 57, 132, 301, 701, 1636, 3827, 9027, 21313]...: 5937915: ACCEPTED IN 11 TRIES, (AVG 539810.4545454546)
[1, 4, 10, 23, 57, 132, 301, 701, 1636, 3827, 9027, 21318]...: 8643102: ACCEPTED IN 16 TRIES, (AVG 540193.875)
[1, 4, 10, 23, 57, 132, 301, 701, 1636, 3827, 9027, 21348]...: 7561423: ACCEPTED IN 14 TRIES, (AVG 540101.6428571428)
[1, 4, 10, 23, 57, 132, 301, 701, 1636, 3827, 9027, 21349]...: 5395976: ACCEPTED IN 10 TRIES, (AVG 539597.6)
[1, 4, 10, 23, 57, 132, 301, 701, 1636, 3827, 9027, 21350]...: 13512845: ACCEPTED IN 25 TRIES, (AVG 540513.8)
[1, 4, 10, 23, 57, 132, 301, 701, 1636, 3827, 9027, 21381]...: 10266911: ACCEPTED IN 19 TRIES, (AVG 540363.7368421053)
[1, 4, 10, 23, 57, 132, 301, 701, 1636, 3827, 9027, 21383]...: 11890637: ACCEPTED IN 22 TRIES, (AVG 540483.5)
[1, 4, 10, 23, 57, 132, 301, 701, 1636, 3827, 9027, 21415]...: 9185148: ACCEPTED IN 17 TRIES, (AVG 540302.8235294118)
[1, 4, 10, 23, 57, 132, 301, 701, 1636, 3827, 9027, 21417]...: 8643049: ACCEPTED IN 16 TRIES, (AVG 540190.5625)
[1, 4, 10, 23, 57, 132, 301, 701, 1636, 3827, 9027, 21448]...: 5936860: ACCEPTED IN 11 TRIES, (AVG 539714.5454545454)
[1, 4, 10, 23, 57, 132, 301, 701, 1636, 3827, 9027, 21449]...: 8643884: ACCEPTED IN 16 TRIES, (AVG 540242.75)
[1, 4, 10, 23, 57, 132, 301, 701, 1636, 3827, 9027, 21450]...: 8644371: ACCEPTED IN 16 TRIES, (AVG 540273.1875)
[1, 4, 10, 23, 57, 132, 301, 701, 1636, 3827, 9027, 21480]...: 8643159: ACCEPTED IN 16 TRIES, (AVG 540197.4375)
[1, 4, 10, 23, 57, 132, 301, 701, 1636, 3827, 9027, 21482]...: 11348543: ACCEPTED IN 21 TRIES, (AVG 540406.8095238095)
[1, 4, 10, 23, 57, 132, 301, 701, 1636, 3827, 9027, 21484]...: 8101803: ACCEPTED IN 15 TRIES, (AVG 540120.2)
[1, 4, 10, 23, 57, 132, 301, 701, 1636, 3827, 9027, 21515]...: 9722952: ACCEPTED IN 18 TRIES, (AVG 540164.0)
[1, 4, 10, 23, 57, 132, 301, 701, 1636, 3827, 9027, 21547]...: 7020008: ACCEPTED IN 13 TRIES, (AVG 540000.6153846154)
[1, 4, 10, 23, 57, 132, 301, 701, 1636, 3827, 9027, 21552]...: 7020110: ACCEPTED IN 13 TRIES, (AVG 540008.4615384615)
[1, 4, 10, 23, 57, 132, 301, 701, 1636, 3827, 9027, 21582]...: 10267466: ACCEPTED IN 19 TRIES, (AVG 540392.947368421)
[1, 4, 10, 23, 57, 132, 301, 701, 1636, 3827, 9027, 21583]...: 7020478: ACCEPTED IN 13 TRIES, (AVG 540036.7692307692)
[1, 4, 10, 23, 57, 132, 301, 701, 1636, 3827, 9027, 21584]...: 5937668: ACCEPTED IN 11 TRIES, (AVG 539788.0)
[1, 4, 10, 23, 57, 132, 301, 701, 1636, 3827, 9027, 21614]...: 6479723: ACCEPTED IN 12 TRIES, (AVG 539976.9166666666)
[1, 4, 10, 23, 57, 132, 301, 701, 1636, 3827, 9027, 21651]...: 8102935: ACCEPTED IN 15 TRIES, (AVG 540195.6666666666)
