[1, 4, 10, 23, 57, 132, 301, 701, 1636, 3827, 8762, 19278]...: 9183431: ACCEPTED IN 17 TRIES, (AVG 540201.8235294118)
[1, 4, 10, 23, 57, 132, 301, 701, 1636, 3827, 8762, 19283]...: 9726632: ACCEPTED IN 18 TRIES, (AVG 540368.4444444445)
[1, 4, 10, 23, 57, 132, 301, 701, 1636, 3827, 8762, 19315]...: 18383410: ACCEPTED IN 34 TRIES, (AVG 540688.5294117647)
[1, 4, 10, 23, 57, 132, 301, 701, 1636, 3827, 8762, 19373]...: 29746805: ACCEPTED IN 55 TRIES, (AVG 540851.0)
[1, 4, 10, 23, 57, 132, 301, 701, 1636, 3827, 8762, 19386]...: 8102876: ACCEPTED IN 15 TRIES, (AVG 540191.7333333333)
[1, 4, 10, 23, 57, 132, 301, 701, 1636, 3827, 8762, 19410]...: 9726630: ACCEPTED IN 18 TRIES, (AVG 540368.3333333334)
[1, 4, 10, 23, 57, 132, 301, 701, 1636, 3827, 8762, 19417]...: 8101527: ACCEPTED IN 15 TRIES, (AVG 540101.8)
[1, 4, 10, 23, 57, 132, 301, 701, 1636, 3827, 8762, 19418]...: 5937822: ACCEPTED IN 11 TRIES, (AVG 539802.0)
[1, 4, 10, 23, 57, 132, 301, 701, 1636, 3827, 8762, 19485]...: 7561666: ACCEPTED IN 14 TRIES, (AVG 540119.0)
[1, 4, 10, 23, 57, 132, 301, 701, 1636, 3827, 8762, 19505]...: 10267052: ACCEPTED IN 19 TRIES, (AVG 540371.1578947369)
[1, 4, 10, 23, 57, 132, 301, 701, 1636, 3827, 8762, 19516]...: 7559992: ACCEPTED IN 14 TRIES, (AVG 539999.4285714285)
[1, 4, 10, 23, 57, 132, 301, 701, 1636, 3827, 8762, 19517]...: 7019533: ACCEPTED IN 13 TRIES, (AVG 539964.0769230769)
[1, 4, 10, 23, 57, 132, 301, 701, 1636, 3827, 8762, 19542]...: 17301534: ACCEPTED IN 32 TRIES, (AVG 540672.9375)
[1, 4, 10, 23, 57, 132, 301, 701, 1636, 3827, 8762, 19584]...: 7559569: ACCEPTED IN 14 TRIES, (AVG 539969.2142857143)
[1, 4, 10, 23, 57, 132, 301, 701, 1636, 3827, 8762, 19616]...: 15678972: ACCEPTED IN 29 TRIES, (AVG 540654.2068965518)
[1, 4, 10, 23, 57, 132, 301, 701, 1636, 3827, 8762, 19674]...: 21630144: ACCEPTED IN 40 TRIES, (AVG 540753.6)
[1, 4, 10, 23, 57, 132, 301, 701, 1636, 3827, 8762, 19719]...: 7019403: ACCEPTED IN 13 TRIES, (AVG 539954.0769230769)
[1, 4, 10, 23, 57, 132, 301, 701, 1636, 3827, 8762, 19786]...: 14054745: ACCEPTED IN 26 TRIES, (AVG 540567.1153846154)
[1, 4, 10, 23, 57, 132, 301, 701, 1636, 3827, 8762, 19806]...: 17302124: ACCEPTED IN 32 TRIES, (AVG 540691.375)
[1, 4, 10, 23, 57, 132, 301, 701, 1636, 3827, 8762, 19817]...: 11889433: ACCEPTED IN 22 TRIES, (AVG 540428.7727272727)
[1, 4, 10, 23, 57, 132, 301, 701, 1636, 3827, 8762, 19818]...: 8102086: ACCEPTED IN 15 TRIES, (AVG 540139.0666666667)
[1, 4, 10, 23, 57, 132, 301, 701, 1636, 3827, 8762, 19885]...: 8643918: ACCEPTED IN 16 TRIES, (AVG 540244.875)
[1, 4, 10, 23, 57, 132, 301, 701, 1636, 3827, 8762, 19917]...: 16219291: ACCEPTED IN 30 TRIES, (AVG 540643.0333333333)
[1, 4, 10, 23, 57, 132, 301, 701, 1636, 3827, 8762, 19984]...: 8103190: ACCEPTED IN 15 TRIES, (AVG 540212.6666666666)
[1, 4, 10, 23, 57, 132, 301, 701, 1636, 3827, 8762, 20020]...: 10266761: ACCEPTED IN 19 TRIES, (AVG 540355.8421052631)
[1, 4, 10, 23, 57, 132, 301, 701, 1636, 3827, 8762, 20087]...: 8101875: ACCEPTED IN 15 TRIES, (AVG 540125.0)
[1, 4, 10, 23, 57, 132, 301, 701, 1636, 3827, 8762, 20118]...: 8103225: ACCEPTED IN 15 TRIES, (AVG 540215.0)
[1, 4, 10, 23, 57, 132, 301, 701, 1636, 3827, 8762, 20119]...: 7561923: ACCEPTED IN 14 TRIES, (AVG 540137.3571428572)
[1, 4, 10, 23, 57, 132, 301, 701, 1636, 3827, 8762, 20186]...: 22713653: ACCEPTED IN 42 TRIES, (AVG 540801.2619047619)
[1, 4, 10, 23, 57, 132, 301, 701, 1636, 3827, 8762, 20217]...: 18922450: ACCEPTED IN 35 TRIES, (AVG 540641.4285714285)
[1, 4, 10, 23, 57, 132, 301, 701, 1636, 3827, 8762, 20218]...: 9725960: ACCEPTED IN 18 TRIES, (AVG 540331.1111111111)
[1, 4, 10, 23, 57, 132, 301, 701, 1636, 3827, 8762, 20285]...: 7018128: ACCEPTED IN 13 TRIES, (AVG 539856.0)
[1, 4, 10, 23, 57, 132, 301, 701, 1636, 3827, 8762, 20321]...: 9183777: ACCEPTED IN 17 TRIES, (AVG 540222.1764705882)
[1, 4, 10, 23, 57, 132, 301, 701, 1636, 3827, 8762, 20420]...: 6479520: ACCEPTED IN 12 TRIES, (AVG 539960.0)
[1, 4, 10, 23, 57, 132, 301, 701, 1636, 3827, 8762, 20451]...: 6478580: ACCEPTED IN 12 TRIES, (AVG 539881.6666666666)
[1, 4, 10, 23, 57, 132, 301, 701, 1636, 3827, 8762, 20487]...: 8101391: ACCEPTED IN 15 TRIES, (AVG 540092.7333333333)
[1, 4, 10, 23, 57, 132, 301, 701, 1636, 3827, 8762, 20518]...: 5397343: ACCEPTED IN 10 TRIES, (AVG 539734.3)
[1, 4, 10, 23, 57, 132, 301, 701, 1636, 3827, 8762, 20519]...: 4854667: ACCEPTED IN 9 TRIES, (AVG 539407.4444444445)
[1, 4, 10, 23, 57, 132, 301, 701, 1636, 3827, 8762, 20586]...: 6479417: ACCEPTED IN 12 TRIES, (AVG 539951.4166666666)
[1, 4, 10, 23, 57, 132, 301, 701, 1636, 3827, 8762, 20685]...: 7019827: ACCEPTED IN 13 TRIES, (AVG 539986.6923076923)
[1, 4, 10, 23, 57, 132, 301, 701, 1636, 3827, 8762, 20721]...: 7020898: ACCEPTED IN 13 TRIES, (AVG 540069.0769230769)
[1, 4, 10, 23, 57, 132, 301, 701, 1636, 3827, 8762, 20752]...: 6478226: ACCEPTED IN 12 TRIES, (AVG 539852.1666666666)
[1, 4, 10, 23, 57, 132, 301, 701, 1636, 3827, 8762, 20788]...: 10266803: ACCEPTED IN 19 TRIES, (AVG 540358.052631579)
[1, 4, 10, 23, 57, 132, 301, 701, 1636, 3827, 8762, 20819]...: 20547413: ACCEPTED IN 38 TRIES, (AVG 540721.3947368421)
[1, 4, 10, 23, 57, 132, 301, 701, 1636, 3827, 8762, 20820]...: 8103111: ACCEPTED IN 15 TRIES, (AVG 540207.4)
[1, 4, 10, 23, 57, 132, 301, 701, 1636, 3827, 8762, 20887]...: 13509966: ACCEPTED IN 25 TRIES, (AVG 540398.64)
[1, 4, 10, 23, 57, 132, 301, 701, 1636, 3827, 8762, 20919]...: 7019676: ACCEPTED IN 13 TRIES, (AVG 539975.0769230769)
[1, 4, 10, 23, 57, 132, 301, 701, 1636, 3827, 8762, 20986]...: 15138008: ACCEPTED IN 28 TRIES, (AVG 540643.1428571428)
[1, 4, 10, 23, 57, 132, 301, 701, 1636, 3827, 8762, 21022]...: 20008244: ACCEPTED IN 37 TRIES, (AVG 540763.3513513514)
