[1, 4, 10, 23, 57, 132, 301, 701, 1636, 3827, 8739, 19225]...: 36781690: ACCEPTED IN 68 TRIES, (AVG 540907.2058823529)
[1, 4, 10, 23, 57, 132, 301, 701, 1636, 3827, 8739, 19226]...: 37323304: ACCEPTED IN 69 TRIES, (AVG 540917.4492753623)
[1, 4, 10, 23, 57, 132, 301, 701, 1636, 3827, 8739, 19227]...: 16219154: ACCEPTED IN 30 TRIES, (AVG 540638.4666666667)
[1, 4, 10, 23, 57, 132, 301, 701, 1636, 3827, 8739, 19229]...: 11890642: ACCEPTED IN 22 TRIES, (AVG 540483.7272727273)
[1, 4, 10, 23, 57, 132, 301, 701, 1636, 3827, 8739, 19230]...: 21631167: ACCEPTED IN 40 TRIES, (AVG 540779.175)
[1, 4, 10, 23, 57, 132, 301, 701, 1636, 3827, 8739, 19259]...: 12973225: ACCEPTED IN 24 TRIES, (AVG 540551.0416666666)
[1, 4, 10, 23, 57, 132, 301, 701, 1636, 3827, 8739, 19260]...: 14053966: ACCEPTED IN 26 TRIES, (AVG 540537.1538461539)
[1, 4, 10, 23, 57, 132, 301, 701, 1636, 3827, 8739, 19262]...: 15137263: ACCEPTED IN 28 TRIES, (AVG 540616.5357142857)
[1, 4, 10, 23, 57, 132, 301, 701, 1636, 3827, 8739, 19263]...: 37863499: ACCEPTED IN 70 TRIES, (AVG 540907.1285714286)
[1, 4, 10, 23, 57, 132, 301, 701, 1636, 3827, 8739, 19267]...: 20548236: ACCEPTED IN 38 TRIES, (AVG 540743.052631579)
[1, 4, 10, 23, 57, 132, 301, 701, 1636, 3827, 8739, 19292]...: 25418897: ACCEPTED IN 47 TRIES, (AVG 540827.5957446808)
[1, 4, 10, 23, 57, 132, 301, 701, 1636, 3827, 8739, 19293]...: 14053488: ACCEPTED IN 26 TRIES, (AVG 540518.7692307692)
[1, 4, 10, 23, 57, 132, 301, 701, 1636, 3827, 8739, 19297]...: 22713868: ACCEPTED IN 42 TRIES, (AVG 540806.380952381)
[1, 4, 10, 23, 57, 132, 301, 701, 1636, 3827, 8739, 19300]...: 28666180: ACCEPTED IN 53 TRIES, (AVG 540871.320754717)
[1, 4, 10, 23, 57, 132, 301, 701, 1636, 3827, 8739, 19304]...: 16760503: ACCEPTED IN 31 TRIES, (AVG 540661.3870967742)
[1, 4, 10, 23, 57, 132, 301, 701, 1636, 3827, 8739, 19324]...: 10267348: ACCEPTED IN 19 TRIES, (AVG 540386.7368421053)
[1, 4, 10, 23, 57, 132, 301, 701, 1636, 3827, 8739, 19325]...: 31910891: ACCEPTED IN 59 TRIES, (AVG 540862.5593220339)
[1, 4, 10, 23, 57, 132, 301, 701, 1636, 3827, 8739, 19326]...: 7560590: ACCEPTED IN 14 TRIES, (AVG 540042.1428571428)
[1, 4, 10, 23, 57, 132, 301, 701, 1636, 3827, 8739, 19329]...: 20549110: ACCEPTED IN 38 TRIES, (AVG 540766.052631579)
[1, 4, 10, 23, 57, 132, 301, 701, 1636, 3827, 8739, 19330]...: 27582853: ACCEPTED IN 51 TRIES, (AVG 540840.2549019608)
[1, 4, 10, 23, 57, 132, 301, 701, 1636, 3827, 8739, 19358]...: 14054783: ACCEPTED IN 26 TRIES, (AVG 540568.5769230769)
[1, 4, 10, 23, 57, 132, 301, 701, 1636, 3827, 8739, 19359]...: 31912900: ACCEPTED IN 59 TRIES, (AVG 540896.6101694915)
[1, 4, 10, 23, 57, 132, 301, 701, 1636, 3827, 8739, 19361]...: 15135875: ACCEPTED IN 28 TRIES, (AVG 540566.9642857143)
[1, 4, 10, 23, 57, 132, 301, 701, 1636, 3827, 8739, 19362]...: 12430382: ACCEPTED IN 23 TRIES, (AVG 540451.3913043478)
[1, 4, 10, 23, 57, 132, 301, 701, 1636, 3827, 8739, 19391]...: 24336067: ACCEPTED IN 45 TRIES, (AVG 540801.4888888889)
[1, 4, 10, 23, 57, 132, 301, 701, 1636, 3827, 8739, 19392]...: 22712096: ACCEPTED IN 42 TRIES, (AVG 540764.1904761905)
[1, 4, 10, 23, 57, 132, 301, 701, 1636, 3827, 8739, 19394]...: 15678726: ACCEPTED IN 29 TRIES, (AVG 540645.724137931)
[1, 4, 10, 23, 57, 132, 301, 701, 1636, 3827, 8739, 19395]...: 12973184: ACCEPTED IN 24 TRIES, (AVG 540549.3333333334)
[1, 4, 10, 23, 57, 132, 301, 701, 1636, 3827, 8739, 19396]...: 16761038: ACCEPTED IN 31 TRIES, (AVG 540678.6451612903)
[1, 4, 10, 23, 57, 132, 301, 701, 1636, 3827, 8739, 19399]...: 20548644: ACCEPTED IN 38 TRIES, (AVG 540753.7894736842)
[1, 4, 10, 23, 57, 132, 301, 701, 1636, 3827, 8739, 19428]...: 12971132: ACCEPTED IN 24 TRIES, (AVG 540463.8333333334)
[1, 4, 10, 23, 57, 132, 301, 701, 1636, 3827, 8739, 19429]...: 9184823: ACCEPTED IN 17 TRIES, (AVG 540283.7058823529)
[1, 4, 10, 23, 57, 132, 301, 701, 1636, 3827, 8739, 19431]...: 15678815: ACCEPTED IN 29 TRIES, (AVG 540648.7931034482)
[1, 4, 10, 23, 57, 132, 301, 701, 1636, 3827, 8739, 19432]...: 15678074: ACCEPTED IN 29 TRIES, (AVG 540623.2413793104)
[1, 4, 10, 23, 57, 132, 301, 701, 1636, 3827, 8739, 19436]...: 27583013: ACCEPTED IN 51 TRIES, (AVG 540843.3921568628)
[1, 4, 10, 23, 57, 132, 301, 701, 1636, 3827, 8739, 19457]...: 14596273: ACCEPTED IN 27 TRIES, (AVG 540602.7037037037)
[1, 4, 10, 23, 57, 132, 301, 701, 1636, 3827, 8739, 19458]...: 12971906: ACCEPTED IN 24 TRIES, (AVG 540496.0833333334)
[1, 4, 10, 23, 57, 132, 301, 701, 1636, 3827, 8739, 19461]...: 11348769: ACCEPTED IN 21 TRIES, (AVG 540417.5714285715)
[1, 4, 10, 23, 57, 132, 301, 701, 1636, 3827, 8739, 19462]...: 14596690: ACCEPTED IN 27 TRIES, (AVG 540618.1481481482)
[1, 4, 10, 23, 57, 132, 301, 701, 1636, 3827, 8739, 19490]...: 14596854: ACCEPTED IN 27 TRIES, (AVG 540624.2222222222)
[1, 4, 10, 23, 57, 132, 301, 701, 1636, 3827, 8739, 19493]...: 20007760: ACCEPTED IN 37 TRIES, (AVG 540750.2702702703)
[1, 4, 10, 23, 57, 132, 301, 701, 1636, 3827, 8739, 19494]...: 19466562: ACCEPTED IN 36 TRIES, (AVG 540737.8333333334)
[1, 4, 10, 23, 57, 132, 301, 701, 1636, 3827, 8739, 19495]...: 42193675: ACCEPTED IN 78 TRIES, (AVG 540944.5512820513)
[1, 4, 10, 23, 57, 132, 301, 701, 1636, 3827, 8739, 19526]...: 24335544: ACCEPTED IN 45 TRIES, (AVG 540789.8666666667)
[1, 4, 10, 23, 57, 132, 301, 701, 1636, 3827, 8739, 19527]...: 17843346: ACCEPTED IN 33 TRIES, (AVG 540707.4545454546)
[1, 4, 10, 23, 57, 132, 301, 701, 1636, 3827, 8739, 19528]...: 30288804: ACCEPTED IN 56 TRIES, (AVG 540871.5)
[1, 4, 10, 23, 57, 132, 301, 701, 1636, 3827, 8739, 19530]...: 20545993: ACCEPTED IN 38 TRIES, (AVG 540684.0263157894)
[1, 4, 10, 23, 57, 132, 301, 701, 1636, 3827, 8739, 19531]...: 12971286: ACCEPTED IN 24 TRIES, (AVG 540470.25)
[1, 4, 10, 23, 57, 132, 301, 701, 1636, 3827, 8739, 19560]...: 26500495: ACCEPTED IN 49 TRIES, (AVG 540826.4285714285)
[1, 4, 10, 23, 57, 132, 301, 701, 1636, 3827, 8739, 19561]...: 25417687: ACCEPTED IN 47 TRIES, (AVG 540801.8510638297)
[1, 4, 10, 23, 57, 132, 301, 701, 1636, 3827, 8739, 19563]...: 11888206: ACCEPTED IN 22 TRIES, (AVG 540373.0)
[1, 4, 10, 23, 57, 132, 301, 701, 1636, 3827, 8739, 19564]...: 11889787: ACCEPTED IN 22 TRIES, (AVG 540444.8636363636)
[1, 4, 10, 23, 57, 132, 301, 701, 1636, 3827, 8739, 19568]...: 18384390: ACCEPTED IN 34 TRIES, (AVG 540717.3529411765)
[1, 4, 10, 23, 57, 132, 301, 701, 1636, 3827, 8739, 19589]...: 21088774: ACCEPTED IN 39 TRIES, (AVG 540737.7948717949)
[1, 4, 10, 23, 57, 132, 301, 701, 1636, 3827, 8739, 19593]...: 14055715: ACCEPTED IN 26 TRIES, (AVG 540604.4230769231)
[1, 4, 10, 23, 57, 132, 301, 701, 1636, 3827, 8739, 19594]...: 7020468: ACCEPTED IN 13 TRIES, (AVG 540036.0)
[1, 4, 10, 23, 57, 132, 301, 701, 1636, 3827, 8739, 19598]...: 36783381: ACCEPTED IN 68 TRIES, (AVG 540932.0735294118)
[1, 4, 10, 23, 57, 132, 301, 701, 1636, 3827, 8739, 19605]...: 18384614: ACCEPTED IN 34 TRIES, (AVG 540723.9411764706)
[1, 4, 10, 23, 57, 132, 301, 701, 1636, 3827, 8739, 19625]...: 21090291: ACCEPTED IN 39 TRIES, (AVG 540776.6923076923)
[1, 4, 10, 23, 57, 132, 301, 701, 1636, 3827, 8739, 19626]...: 25419270: ACCEPTED IN 47 TRIES, (AVG 540835.5319148937)
[1, 4, 10, 23, 57, 132, 301, 701, 1636, 3827, 8739, 19627]...: 12972526: ACCEPTED IN 24 TRIES, (AVG 540521.9166666666)
[1, 4, 10, 23, 57, 132, 301, 701, 1636, 3827, 8739, 19629]...: 7561151: ACCEPTED IN 14 TRIES, (AVG 540082.2142857143)
[1, 4, 10, 23, 57, 132, 301, 701, 1636, 3827, 8739, 19630]...: 18384342: ACCEPTED IN 34 TRIES, (AVG 540715.9411764706)
[1, 4, 10, 23, 57, 132, 301, 701, 1636, 3827, 8739, 19659]...: 11890792: ACCEPTED IN 22 TRIES, (AVG 540490.5454545454)
[1, 4, 10, 23, 57, 132, 301, 701, 1636, 3827, 8739, 19660]...: 7561465: ACCEPTED IN 14 TRIES, (AVG 540104.6428571428)
[1, 4, 10, 23, 57, 132, 301, 701, 1636, 3827, 8739, 19662]...: 38947541: ACCEPTED IN 72 TRIES, (AVG 540938.0694444445)
[1, 4, 10, 23, 57, 132, 301, 701, 1636, 3827, 8739, 19663]...: 24876343: ACCEPTED IN 46 TRIES, (AVG 540790.0652173914)
[1, 4, 10, 23, 57, 132, 301, 701, 1636, 3827, 8739, 19692]...: 12972964: ACCEPTED IN 24 TRIES, (AVG 540540.1666666666)
[1, 4, 10, 23, 57, 132, 301, 701, 1636, 3827, 8739, 19693]...: 10267646: ACCEPTED IN 19 TRIES, (AVG 540402.4210526316)
[1, 4, 10, 23, 57, 132, 301, 701, 1636, 3827, 8739, 19695]...: 18384136: ACCEPTED IN 34 TRIES, (AVG 540709.8823529412)
[1, 4, 10, 23, 57, 132, 301, 701, 1636, 3827, 8739, 19696]...: 11888362: ACCEPTED IN 22 TRIES, (AVG 540380.0909090909)
[1, 4, 10, 23, 57, 132, 301, 701, 1636, 3827, 8739, 19697]...: 20549310: ACCEPTED IN 38 TRIES, (AVG 540771.3157894737)
[1, 4, 10, 23, 57, 132, 301, 701, 1636, 3827, 8739, 19700]...: 10267612: ACCEPTED IN 19 TRIES, (AVG 540400.6315789474)
[1, 4, 10, 23, 57, 132, 301, 701, 1636, 3827, 8739, 19729]...: 21090076: ACCEPTED IN 39 TRIES, (AVG 540771.1794871795)
[1, 4, 10, 23, 57, 132, 301, 701, 1636, 3827, 8739, 19730]...: 6477927: ACCEPTED IN 12 TRIES, (AVG 539827.25)
[1, 4, 10, 23, 57, 132, 301, 701, 1636, 3827, 8739, 19737]...: 10267554: ACCEPTED IN 19 TRIES, (AVG 540397.5789473684)
[1, 4, 10, 23, 57, 132, 301, 701, 1636, 3827, 8739, 19758]...: 10267573: ACCEPTED IN 19 TRIES, (AVG 540398.5789473684)
[1, 4, 10, 23, 57, 132, 301, 701, 1636, 3827, 8739, 19759]...: 16760683: ACCEPTED IN 31 TRIES, (AVG 540667.1935483871)
[1, 4, 10, 23, 57, 132, 301, 701, 1636, 3827, 8739, 19761]...: 18384239: ACCEPTED IN 34 TRIES, (AVG 540712.9117647059)
[1, 4, 10, 23, 57, 132, 301, 701, 1636, 3827, 8739, 19762]...: 15679134: ACCEPTED IN 29 TRIES, (AVG 540659.7931034482)
[1, 4, 10, 23, 57, 132, 301, 701, 1636, 3827, 8739, 19791]...: 5936254: ACCEPTED IN 11 TRIES, (AVG 539659.4545454546)
[1, 4, 10, 23, 57, 132, 301, 701, 1636, 3827, 8739, 19792]...: 16218908: ACCEPTED IN 30 TRIES, (AVG 540630.2666666667)
[1, 4, 10, 23, 57, 132, 301, 701, 1636, 3827, 8739, 19794]...: 12972829: ACCEPTED IN 24 TRIES, (AVG 540534.5416666666)
[1, 4, 10, 23, 57, 132, 301, 701, 1636, 3827, 8739, 19795]...: 12971942: ACCEPTED IN 24 TRIES, (AVG 540497.5833333334)
[1, 4, 10, 23, 57, 132, 301, 701, 1636, 3827, 8739, 19796]...: 15677785: ACCEPTED IN 29 TRIES, (AVG 540613.275862069)
[1, 4, 10, 23, 57, 132, 301, 701, 1636, 3827, 8739, 19827]...: 23795689: ACCEPTED IN 44 TRIES, (AVG 540811.1136363636)
[1, 4, 10, 23, 57, 132, 301, 701, 1636, 3827, 8739, 19828]...: 10267334: ACCEPTED IN 19 TRIES, (AVG 540386.0)
[1, 4, 10, 23, 57, 132, 301, 701, 1636, 3827, 8739, 19829]...: 22171864: ACCEPTED IN 41 TRIES, (AVG 540777.1707317074)
[1, 4, 10, 23, 57, 132, 301, 701, 1636, 3827, 8739, 19831]...: 8102745: ACCEPTED IN 15 TRIES, (AVG 540183.0)
[1, 4, 10, 23, 57, 132, 301, 701, 1636, 3827, 8739, 19832]...: 35697386: ACCEPTED IN 66 TRIES, (AVG 540869.4848484849)
[1, 4, 10, 23, 57, 132, 301, 701, 1636, 3827, 8739, 19861]...: 20549093: ACCEPTED IN 38 TRIES, (AVG 540765.6052631579)
[1, 4, 10, 23, 57, 132, 301, 701, 1636, 3827, 8739, 19862]...: 8643394: ACCEPTED IN 16 TRIES, (AVG 540212.125)
[1, 4, 10, 23, 57, 132, 301, 701, 1636, 3827, 8739, 19863]...: 8643484: ACCEPTED IN 16 TRIES, (AVG 540217.75)
[1, 4, 10, 23, 57, 132, 301, 701, 1636, 3827, 8739, 19869]...: 24336229: ACCEPTED IN 45 TRIES, (AVG 540805.088888889)
[1, 4, 10, 23, 57, 132, 301, 701, 1636, 3827, 8739, 19890]...: 11889049: ACCEPTED IN 22 TRIES, (AVG 540411.3181818182)
[1, 4, 10, 23, 57, 132, 301, 701, 1636, 3827, 8739, 19893]...: 8643925: ACCEPTED IN 16 TRIES, (AVG 540245.3125)
[1, 4, 10, 23, 57, 132, 301, 701, 1636, 3827, 8739, 19894]...: 7561531: ACCEPTED IN 14 TRIES, (AVG 540109.3571428572)
[1, 4, 10, 23, 57, 132, 301, 701, 1636, 3827, 8739, 19895]...: 11886965: ACCEPTED IN 22 TRIES, (AVG 540316.5909090909)
[1, 4, 10, 23, 57, 132, 301, 701, 1636, 3827, 8739, 19899]...: 16760409: ACCEPTED IN 31 TRIES, (AVG 540658.3548387097)
[1, 4, 10, 23, 57, 132, 301, 701, 1636, 3827, 8739, 19926]...: 10266414: ACCEPTED IN 19 TRIES, (AVG 540337.5789473684)
[1, 4, 10, 23, 57, 132, 301, 701, 1636, 3827, 8739, 19927]...: 9185112: ACCEPTED IN 17 TRIES, (AVG 540300.7058823529)
[1, 4, 10, 23, 57, 132, 301, 701, 1636, 3827, 8739, 19928]...: 10266879: ACCEPTED IN 19 TRIES, (AVG 540362.052631579)
[1, 4, 10, 23, 57, 132, 301, 701, 1636, 3827, 8739, 19930]...: 7019920: ACCEPTED IN 13 TRIES, (AVG 539993.8461538461)
[1, 4, 10, 23, 57, 132, 301, 701, 1636, 3827, 8739, 19931]...: 11888045: ACCEPTED IN 22 TRIES, (AVG 540365.6818181818)
[1, 4, 10, 23, 57, 132, 301, 701, 1636, 3827, 8739, 19960]...: 11889445: ACCEPTED IN 22 TRIES, (AVG 540429.3181818182)
[1, 4, 10, 23, 57, 132, 301, 701, 1636, 3827, 8739, 19961]...: 10264315: ACCEPTED IN 19 TRIES, (AVG 540227.1052631579)
[1, 4, 10, 23, 57, 132, 301, 701, 1636, 3827, 8739, 19963]...: 14055271: ACCEPTED IN 26 TRIES, (AVG 540587.3461538461)
[1, 4, 10, 23, 57, 132, 301, 701, 1636, 3827, 8739, 19964]...: 15135870: ACCEPTED IN 28 TRIES, (AVG 540566.7857142857)
[1, 4, 10, 23, 57, 132, 301, 701, 1636, 3827, 8739, 19993]...: 11889141: ACCEPTED IN 22 TRIES, (AVG 540415.5)
[1, 4, 10, 23, 57, 132, 301, 701, 1636, 3827, 8739, 19994]...: 10266611: ACCEPTED IN 19 TRIES, (AVG 540347.947368421)
[1, 4, 10, 23, 57, 132, 301, 701, 1636, 3827, 8739, 19995]...: 10266129: ACCEPTED IN 19 TRIES, (AVG 540322.5789473684)
[1, 4, 10, 23, 57, 132, 301, 701, 1636, 3827, 8739, 19998]...: 11890435: ACCEPTED IN 22 TRIES, (AVG 540474.3181818182)
[1, 4, 10, 23, 57, 132, 301, 701, 1636, 3827, 8739, 20001]...: 20007811: ACCEPTED IN 37 TRIES, (AVG 540751.6486486486)
[1, 4, 10, 23, 57, 132, 301, 701, 1636, 3827, 8739, 20025]...: 18384091: ACCEPTED IN 34 TRIES, (AVG 540708.5588235294)
[1, 4, 10, 23, 57, 132, 301, 701, 1636, 3827, 8739, 20026]...: 11889604: ACCEPTED IN 22 TRIES, (AVG 540436.5454545454)
[1, 4, 10, 23, 57, 132, 301, 701, 1636, 3827, 8739, 20027]...: 10267129: ACCEPTED IN 19 TRIES, (AVG 540375.2105263158)
[1, 4, 10, 23, 57, 132, 301, 701, 1636, 3827, 8739, 20030]...: 11890459: ACCEPTED IN 22 TRIES, (AVG 540475.4090909091)
[1, 4, 10, 23, 57, 132, 301, 701, 1636, 3827, 8739, 20031]...: 8642956: ACCEPTED IN 16 TRIES, (AVG 540184.75)
[1, 4, 10, 23, 57, 132, 301, 701, 1636, 3827, 8739, 20059]...: 13513476: ACCEPTED IN 25 TRIES, (AVG 540539.04)
[1, 4, 10, 23, 57, 132, 301, 701, 1636, 3827, 8739, 20060]...: 11890206: ACCEPTED IN 22 TRIES, (AVG 540463.9090909091)
[1, 4, 10, 23, 57, 132, 301, 701, 1636, 3827, 8739, 20062]...: 25418456: ACCEPTED IN 47 TRIES, (AVG 540818.2127659575)
[1, 4, 10, 23, 57, 132, 301, 701, 1636, 3827, 8739, 20063]...: 10267228: ACCEPTED IN 19 TRIES, (AVG 540380.4210526316)
[1, 4, 10, 23, 57, 132, 301, 701, 1636, 3827, 8739, 20092]...: 15136456: ACCEPTED IN 28 TRIES, (AVG 540587.7142857143)
[1, 4, 10, 23, 57, 132, 301, 701, 1636, 3827, 8739, 20093]...: 8102198: ACCEPTED IN 15 TRIES, (AVG 540146.5333333333)
[1, 4, 10, 23, 57, 132, 301, 701, 1636, 3827, 8739, 20095]...: 8101905: ACCEPTED IN 15 TRIES, (AVG 540127.0)
[1, 4, 10, 23, 57, 132, 301, 701, 1636, 3827, 8739, 20096]...: 6479851: ACCEPTED IN 12 TRIES, (AVG 539987.5833333334)
[1, 4, 10, 23, 57, 132, 301, 701, 1636, 3827, 8739, 20097]...: 7559826: ACCEPTED IN 14 TRIES, (AVG 539987.5714285715)
[1, 4, 10, 23, 57, 132, 301, 701, 1636, 3827, 8739, 20127]...: 10267664: ACCEPTED IN 19 TRIES, (AVG 540403.3684210526)
[1, 4, 10, 23, 57, 132, 301, 701, 1636, 3827, 8739, 20128]...: 11349958: ACCEPTED IN 21 TRIES, (AVG 540474.1904761905)
[1, 4, 10, 23, 57, 132, 301, 701, 1636, 3827, 8739, 20129]...: 30828771: ACCEPTED IN 57 TRIES, (AVG 540855.6315789474)
[1, 4, 10, 23, 57, 132, 301, 701, 1636, 3827, 8739, 20130]...: 6479802: ACCEPTED IN 12 TRIES, (AVG 539983.5)
[1, 4, 10, 23, 57, 132, 301, 701, 1636, 3827, 8739, 20132]...: 10267747: ACCEPTED IN 19 TRIES, (AVG 540407.7368421053)
[1, 4, 10, 23, 57, 132, 301, 701, 1636, 3827, 8739, 20133]...: 16760509: ACCEPTED IN 31 TRIES, (AVG 540661.5806451613)
[1, 4, 10, 23, 57, 132, 301, 701, 1636, 3827, 8739, 20159]...: 15137897: ACCEPTED IN 28 TRIES, (AVG 540639.1785714285)
[1, 4, 10, 23, 57, 132, 301, 701, 1636, 3827, 8739, 20162]...: 15678266: ACCEPTED IN 29 TRIES, (AVG 540629.8620689656)
[1, 4, 10, 23, 57, 132, 301, 701, 1636, 3827, 8739, 20163]...: 9185249: ACCEPTED IN 17 TRIES, (AVG 540308.7647058824)
[1, 4, 10, 23, 57, 132, 301, 701, 1636, 3827, 8739, 20164]...: 6479768: ACCEPTED IN 12 TRIES, (AVG 539980.6666666666)
[1, 4, 10, 23, 57, 132, 301, 701, 1636, 3827, 8739, 20191]...: 16760288: ACCEPTED IN 31 TRIES, (AVG 540654.4516129033)
[1, 4, 10, 23, 57, 132, 301, 701, 1636, 3827, 8739, 20194]...: 18924218: ACCEPTED IN 35 TRIES, (AVG 540691.9428571429)
[1, 4, 10, 23, 57, 132, 301, 701, 1636, 3827, 8739, 20195]...: 9726376: ACCEPTED IN 18 TRIES, (AVG 540354.2222222222)
[1, 4, 10, 23, 57, 132, 301, 701, 1636, 3827, 8739, 20196]...: 10266231: ACCEPTED IN 19 TRIES, (AVG 540327.947368421)
[1, 4, 10, 23, 57, 132, 301, 701, 1636, 3827, 8739, 20227]...: 10265900: ACCEPTED IN 19 TRIES, (AVG 540310.5263157894)
[1, 4, 10, 23, 57, 132, 301, 701, 1636, 3827, 8739, 20228]...: 15137848: ACCEPTED IN 28 TRIES, (AVG 540637.4285714285)
[1, 4, 10, 23, 57, 132, 301, 701, 1636, 3827, 8739, 20229]...: 11890855: ACCEPTED IN 22 TRIES, (AVG 540493.4090909091)
[1, 4, 10, 23, 57, 132, 301, 701, 1636, 3827, 8739, 20232]...: 8100837: ACCEPTED IN 15 TRIES, (AVG 540055.8)
[1, 4, 10, 23, 57, 132, 301, 701, 1636, 3827, 8739, 20259]...: 10808526: ACCEPTED IN 20 TRIES, (AVG 540426.3)
[1, 4, 10, 23, 57, 132, 301, 701, 1636, 3827, 8739, 20260]...: 24878121: ACCEPTED IN 46 TRIES, (AVG 540828.7173913043)
[1, 4, 10, 23, 57, 132, 301, 701, 1636, 3827, 8739, 20261]...: 9185309: ACCEPTED IN 17 TRIES, (AVG 540312.2941176471)
[1, 4, 10, 23, 57, 132, 301, 701, 1636, 3827, 8739, 20262]...: 10264198: ACCEPTED IN 19 TRIES, (AVG 540220.947368421)
[1, 4, 10, 23, 57, 132, 301, 701, 1636, 3827, 8739, 20264]...: 8102978: ACCEPTED IN 15 TRIES, (AVG 540198.5333333333)
[1, 4, 10, 23, 57, 132, 301, 701, 1636, 3827, 8739, 20265]...: 10266986: ACCEPTED IN 19 TRIES, (AVG 540367.6842105263)
[1, 4, 10, 23, 57, 132, 301, 701, 1636, 3827, 8739, 20291]...: 10264716: ACCEPTED IN 19 TRIES, (AVG 540248.2105263158)
[1, 4, 10, 23, 57, 132, 301, 701, 1636, 3827, 8739, 20294]...: 15135077: ACCEPTED IN 28 TRIES, (AVG 540538.4642857143)
[1, 4, 10, 23, 57, 132, 301, 701, 1636, 3827, 8739, 20295]...: 6479191: ACCEPTED IN 12 TRIES, (AVG 539932.5833333334)
[1, 4, 10, 23, 57, 132, 301, 701, 1636, 3827, 8739, 20296]...: 7561877: ACCEPTED IN 14 TRIES, (AVG 540134.0714285715)
[1, 4, 10, 23, 57, 132, 301, 701, 1636, 3827, 8739, 20299]...: 14596180: ACCEPTED IN 27 TRIES, (AVG 540599.2592592592)
[1, 4, 10, 23, 57, 132, 301, 701, 1636, 3827, 8739, 20326]...: 9725826: ACCEPTED IN 18 TRIES, (AVG 540323.6666666666)
[1, 4, 10, 23, 57, 132, 301, 701, 1636, 3827, 8739, 20327]...: 8643801: ACCEPTED IN 16 TRIES, (AVG 540237.5625)
[1, 4, 10, 23, 57, 132, 301, 701, 1636, 3827, 8739, 20328]...: 8100228: ACCEPTED IN 15 TRIES, (AVG 540015.2)
[1, 4, 10, 23, 57, 132, 301, 701, 1636, 3827, 8739, 20330]...: 7561914: ACCEPTED IN 14 TRIES, (AVG 540136.7142857143)
[1, 4, 10, 23, 57, 132, 301, 701, 1636, 3827, 8739, 20331]...: 9185320: ACCEPTED IN 17 TRIES, (AVG 540312.9411764706)
[1, 4, 10, 23, 57, 132, 301, 701, 1636, 3827, 8739, 20360]...: 5937297: ACCEPTED IN 11 TRIES, (AVG 539754.2727272727)
[1, 4, 10, 23, 57, 132, 301, 701, 1636, 3827, 8739, 20361]...: 11890839: ACCEPTED IN 22 TRIES, (AVG 540492.6818181818)
[1, 4, 10, 23, 57, 132, 301, 701, 1636, 3827, 8739, 20363]...: 11888158: ACCEPTED IN 22 TRIES, (AVG 540370.8181818182)
[1, 4, 10, 23, 57, 132, 301, 701, 1636, 3827, 8739, 20364]...: 9185317: ACCEPTED IN 17 TRIES, (AVG 540312.7647058824)
[1, 4, 10, 23, 57, 132, 301, 701, 1636, 3827, 8739, 20392]...: 8643166: ACCEPTED IN 16 TRIES, (AVG 540197.875)
[1, 4, 10, 23, 57, 132, 301, 701, 1636, 3827, 8739, 20393]...: 7561332: ACCEPTED IN 14 TRIES, (AVG 540095.1428571428)
[1, 4, 10, 23, 57, 132, 301, 701, 1636, 3827, 8739, 20394]...: 9183655: ACCEPTED IN 17 TRIES, (AVG 540215.0)
[1, 4, 10, 23, 57, 132, 301, 701, 1636, 3827, 8739, 20396]...: 8643573: ACCEPTED IN 16 TRIES, (AVG 540223.3125)
[1, 4, 10, 23, 57, 132, 301, 701, 1636, 3827, 8739, 20397]...: 8100609: ACCEPTED IN 15 TRIES, (AVG 540040.6)
[1, 4, 10, 23, 57, 132, 301, 701, 1636, 3827, 8739, 20398]...: 20548559: ACCEPTED IN 38 TRIES, (AVG 540751.552631579)
[1, 4, 10, 23, 57, 132, 301, 701, 1636, 3827, 8739, 20428]...: 6477277: ACCEPTED IN 12 TRIES, (AVG 539773.0833333334)
[1, 4, 10, 23, 57, 132, 301, 701, 1636, 3827, 8739, 20429]...: 11888154: ACCEPTED IN 22 TRIES, (AVG 540370.6363636364)
[1, 4, 10, 23, 57, 132, 301, 701, 1636, 3827, 8739, 20430]...: 7020401: ACCEPTED IN 13 TRIES, (AVG 540030.8461538461)
[1, 4, 10, 23, 57, 132, 301, 701, 1636, 3827, 8739, 20431]...: 8100838: ACCEPTED IN 15 TRIES, (AVG 540055.8666666667)
[1, 4, 10, 23, 57, 132, 301, 701, 1636, 3827, 8739, 20460]...: 8643655: ACCEPTED IN 16 TRIES, (AVG 540228.4375)
[1, 4, 10, 23, 57, 132, 301, 701, 1636, 3827, 8739, 20462]...: 9725542: ACCEPTED IN 18 TRIES, (AVG 540307.8888888889)
[1, 4, 10, 23, 57, 132, 301, 701, 1636, 3827, 8739, 20463]...: 9183819: ACCEPTED IN 17 TRIES, (AVG 540224.6470588235)
[1, 4, 10, 23, 57, 132, 301, 701, 1636, 3827, 8739, 20465]...: 10265664: ACCEPTED IN 19 TRIES, (AVG 540298.1052631579)
[1, 4, 10, 23, 57, 132, 301, 701, 1636, 3827, 8739, 20492]...: 10265955: ACCEPTED IN 19 TRIES, (AVG 540313.4210526316)
[1, 4, 10, 23, 57, 132, 301, 701, 1636, 3827, 8739, 20493]...: 8100997: ACCEPTED IN 15 TRIES, (AVG 540066.4666666667)
[1, 4, 10, 23, 57, 132, 301, 701, 1636, 3827, 8739, 20495]...: 14596372: ACCEPTED IN 27 TRIES, (AVG 540606.3703703703)
[1, 4, 10, 23, 57, 132, 301, 701, 1636, 3827, 8739, 20496]...: 6479850: ACCEPTED IN 12 TRIES, (AVG 539987.5)
[1, 4, 10, 23, 57, 132, 301, 701, 1636, 3827, 8739, 20497]...: 8102533: ACCEPTED IN 15 TRIES, (AVG 540168.8666666667)
[1, 4, 10, 23, 57, 132, 301, 701, 1636, 3827, 8739, 20524]...: 8643601: ACCEPTED IN 16 TRIES, (AVG 540225.0625)
[1, 4, 10, 23, 57, 132, 301, 701, 1636, 3827, 8739, 20528]...: 8103001: ACCEPTED IN 15 TRIES, (AVG 540200.0666666667)
[1, 4, 10, 23, 57, 132, 301, 701, 1636, 3827, 8739, 20529]...: 6477194: ACCEPTED IN 12 TRIES, (AVG 539766.1666666666)
[1, 4, 10, 23, 57, 132, 301, 701, 1636, 3827, 8739, 20530]...: 6478996: ACCEPTED IN 12 TRIES, (AVG 539916.3333333334)
[1, 4, 10, 23, 57, 132, 301, 701, 1636, 3827, 8739, 20533]...: 6479599: ACCEPTED IN 12 TRIES, (AVG 539966.5833333334)
[1, 4, 10, 23, 57, 132, 301, 701, 1636, 3827, 8739, 20560]...: 8642841: ACCEPTED IN 16 TRIES, (AVG 540177.5625)
[1, 4, 10, 23, 57, 132, 301, 701, 1636, 3827, 8739, 20561]...: 8640953: ACCEPTED IN 16 TRIES, (AVG 540059.5625)
[1, 4, 10, 23, 57, 132, 301, 701, 1636, 3827, 8739, 20562]...: 8100840: ACCEPTED IN 15 TRIES, (AVG 540056.0)
[1, 4, 10, 23, 57, 132, 301, 701, 1636, 3827, 8739, 20563]...: 8644303: ACCEPTED IN 16 TRIES, (AVG 540268.9375)
[1, 4, 10, 23, 57, 132, 301, 701, 1636, 3827, 8739, 20564]...: 10267113: ACCEPTED IN 19 TRIES, (AVG 540374.3684210526)
[1, 4, 10, 23, 57, 132, 301, 701, 1636, 3827, 8739, 20592]...: 20007580: ACCEPTED IN 37 TRIES, (AVG 540745.4054054054)
[1, 4, 10, 23, 57, 132, 301, 701, 1636, 3827, 8739, 20594]...: 9185264: ACCEPTED IN 17 TRIES, (AVG 540309.6470588235)
[1, 4, 10, 23, 57, 132, 301, 701, 1636, 3827, 8739, 20595]...: 6477589: ACCEPTED IN 12 TRIES, (AVG 539799.0833333334)
[1, 4, 10, 23, 57, 132, 301, 701, 1636, 3827, 8739, 20596]...: 8101199: ACCEPTED IN 15 TRIES, (AVG 540079.9333333333)
[1, 4, 10, 23, 57, 132, 301, 701, 1636, 3827, 8739, 20597]...: 11890104: ACCEPTED IN 22 TRIES, (AVG 540459.2727272727)
[1, 4, 10, 23, 57, 132, 301, 701, 1636, 3827, 8739, 20600]...: 8103233: ACCEPTED IN 15 TRIES, (AVG 540215.5333333333)
[1, 4, 10, 23, 57, 132, 301, 701, 1636, 3827, 8739, 20627]...: 9181435: ACCEPTED IN 17 TRIES, (AVG 540084.4117647059)
[1, 4, 10, 23, 57, 132, 301, 701, 1636, 3827, 8739, 20628]...: 10267464: ACCEPTED IN 19 TRIES, (AVG 540392.8421052631)
[1, 4, 10, 23, 57, 132, 301, 701, 1636, 3827, 8739, 20629]...: 8103058: ACCEPTED IN 15 TRIES, (AVG 540203.8666666667)
[1, 4, 10, 23, 57, 132, 301, 701, 1636, 3827, 8739, 20631]...: 10266861: ACCEPTED IN 19 TRIES, (AVG 540361.1052631579)
[1, 4, 10, 23, 57, 132, 301, 701, 1636, 3827, 8739, 20632]...: 9725714: ACCEPTED IN 18 TRIES, (AVG 540317.4444444445)
[1, 4, 10, 23, 57, 132, 301, 701, 1636, 3827, 8739, 20661]...: 8101247: ACCEPTED IN 15 TRIES, (AVG 540083.1333333333)
[1, 4, 10, 23, 57, 132, 301, 701, 1636, 3827, 8739, 20662]...: 10807810: ACCEPTED IN 20 TRIES, (AVG 540390.5)
[1, 4, 10, 23, 57, 132, 301, 701, 1636, 3827, 8739, 20664]...: 10266258: ACCEPTED IN 19 TRIES, (AVG 540329.3684210526)
[1, 4, 10, 23, 57, 132, 301, 701, 1636, 3827, 8739, 20665]...: 5937470: ACCEPTED IN 11 TRIES, (AVG 539770.0)
[1, 4, 10, 23, 57, 132, 301, 701, 1636, 3827, 8739, 20693]...: 8102706: ACCEPTED IN 15 TRIES, (AVG 540180.4)
[1, 4, 10, 23, 57, 132, 301, 701, 1636, 3827, 8739, 20694]...: 5936386: ACCEPTED IN 11 TRIES, (AVG 539671.4545454546)
[1, 4, 10, 23, 57, 132, 301, 701, 1636, 3827, 8739, 20695]...: 11890485: ACCEPTED IN 22 TRIES, (AVG 540476.5909090909)
[1, 4, 10, 23, 57, 132, 301, 701, 1636, 3827, 8739, 20696]...: 7020376: ACCEPTED IN 13 TRIES, (AVG 540028.9230769231)
[1, 4, 10, 23, 57, 132, 301, 701, 1636, 3827, 8739, 20699]...: 15678053: ACCEPTED IN 29 TRIES, (AVG 540622.5172413794)
[1, 4, 10, 23, 57, 132, 301, 701, 1636, 3827, 8739, 20726]...: 12432233: ACCEPTED IN 23 TRIES, (AVG 540531.8695652174)
[1, 4, 10, 23, 57, 132, 301, 701, 1636, 3827, 8739, 20727]...: 10807635: ACCEPTED IN 20 TRIES, (AVG 540381.75)
[1, 4, 10, 23, 57, 132, 301, 701, 1636, 3827, 8739, 20728]...: 12431763: ACCEPTED IN 23 TRIES, (AVG 540511.4347826086)
[1, 4, 10, 23, 57, 132, 301, 701, 1636, 3827, 8739, 20729]...: 11349712: ACCEPTED IN 21 TRIES, (AVG 540462.4761904762)
[1, 4, 10, 23, 57, 132, 301, 701, 1636, 3827, 8739, 20730]...: 11349089: ACCEPTED IN 21 TRIES, (AVG 540432.8095238095)
[1, 4, 10, 23, 57, 132, 301, 701, 1636, 3827, 8739, 20731]...: 10266225: ACCEPTED IN 19 TRIES, (AVG 540327.6315789474)
[1, 4, 10, 23, 57, 132, 301, 701, 1636, 3827, 8739, 20732]...: 5937131: ACCEPTED IN 11 TRIES, (AVG 539739.1818181818)
[1, 4, 10, 23, 57, 132, 301, 701, 1636, 3827, 8739, 20761]...: 9185049: ACCEPTED IN 17 TRIES, (AVG 540297.0)
[1, 4, 10, 23, 57, 132, 301, 701, 1636, 3827, 8739, 20763]...: 9185153: ACCEPTED IN 17 TRIES, (AVG 540303.1176470588)
[1, 4, 10, 23, 57, 132, 301, 701, 1636, 3827, 8739, 20764]...: 8101751: ACCEPTED IN 15 TRIES, (AVG 540116.7333333333)
[1, 4, 10, 23, 57, 132, 301, 701, 1636, 3827, 8739, 20766]...: 7561846: ACCEPTED IN 14 TRIES, (AVG 540131.8571428572)
[1, 4, 10, 23, 57, 132, 301, 701, 1636, 3827, 8739, 20793]...: 8103203: ACCEPTED IN 15 TRIES, (AVG 540213.5333333333)
[1, 4, 10, 23, 57, 132, 301, 701, 1636, 3827, 8739, 20794]...: 6479294: ACCEPTED IN 12 TRIES, (AVG 539941.1666666666)
[1, 4, 10, 23, 57, 132, 301, 701, 1636, 3827, 8739, 20796]...: 7562121: ACCEPTED IN 14 TRIES, (AVG 540151.5)
[1, 4, 10, 23, 57, 132, 301, 701, 1636, 3827, 8739, 20797]...: 7019627: ACCEPTED IN 13 TRIES, (AVG 539971.3076923077)
[1, 4, 10, 23, 57, 132, 301, 701, 1636, 3827, 8739, 20798]...: 11349872: ACCEPTED IN 21 TRIES, (AVG 540470.0952380953)
[1, 4, 10, 23, 57, 132, 301, 701, 1636, 3827, 8739, 20825]...: 7020859: ACCEPTED IN 13 TRIES, (AVG 540066.0769230769)
[1, 4, 10, 23, 57, 132, 301, 701, 1636, 3827, 8739, 20828]...: 9184914: ACCEPTED IN 17 TRIES, (AVG 540289.0588235294)
[1, 4, 10, 23, 57, 132, 301, 701, 1636, 3827, 8739, 20829]...: 10267132: ACCEPTED IN 19 TRIES, (AVG 540375.3684210526)
[1, 4, 10, 23, 57, 132, 301, 701, 1636, 3827, 8739, 20830]...: 5394923: ACCEPTED IN 10 TRIES, (AVG 539492.3)
[1, 4, 10, 23, 57, 132, 301, 701, 1636, 3827, 8739, 20831]...: 10806465: ACCEPTED IN 20 TRIES, (AVG 540323.25)
[1, 4, 10, 23, 57, 132, 301, 701, 1636, 3827, 8739, 20834]...: 12973309: ACCEPTED IN 24 TRIES, (AVG 540554.5416666666)
[1, 4, 10, 23, 57, 132, 301, 701, 1636, 3827, 8739, 20860]...: 6479472: ACCEPTED IN 12 TRIES, (AVG 539956.0)
[1, 4, 10, 23, 57, 132, 301, 701, 1636, 3827, 8739, 20861]...: 8101740: ACCEPTED IN 15 TRIES, (AVG 540116.0)
[1, 4, 10, 23, 57, 132, 301, 701, 1636, 3827, 8739, 20862]...: 11890813: ACCEPTED IN 22 TRIES, (AVG 540491.5)
[1, 4, 10, 23, 57, 132, 301, 701, 1636, 3827, 8739, 20863]...: 9725369: ACCEPTED IN 18 TRIES, (AVG 540298.2777777778)
[1, 4, 10, 23, 57, 132, 301, 701, 1636, 3827, 8739, 20864]...: 7019214: ACCEPTED IN 13 TRIES, (AVG 539939.5384615385)
[1, 4, 10, 23, 57, 132, 301, 701, 1636, 3827, 8739, 20865]...: 8102764: ACCEPTED IN 15 TRIES, (AVG 540184.2666666667)
[1, 4, 10, 23, 57, 132, 301, 701, 1636, 3827, 8739, 20893]...: 6479328: ACCEPTED IN 12 TRIES, (AVG 539944.0)
[1, 4, 10, 23, 57, 132, 301, 701, 1636, 3827, 8739, 20895]...: 8643646: ACCEPTED IN 16 TRIES, (AVG 540227.875)
[1, 4, 10, 23, 57, 132, 301, 701, 1636, 3827, 8739, 20896]...: 8643106: ACCEPTED IN 16 TRIES, (AVG 540194.125)
[1, 4, 10, 23, 57, 132, 301, 701, 1636, 3827, 8739, 20897]...: 9184350: ACCEPTED IN 17 TRIES, (AVG 540255.8823529412)
[1, 4, 10, 23, 57, 132, 301, 701, 1636, 3827, 8739, 20898]...: 15677464: ACCEPTED IN 29 TRIES, (AVG 540602.2068965518)
[1, 4, 10, 23, 57, 132, 301, 701, 1636, 3827, 8739, 20928]...: 7019073: ACCEPTED IN 13 TRIES, (AVG 539928.6923076923)
[1, 4, 10, 23, 57, 132, 301, 701, 1636, 3827, 8739, 20929]...: 6479265: ACCEPTED IN 12 TRIES, (AVG 539938.75)
[1, 4, 10, 23, 57, 132, 301, 701, 1636, 3827, 8739, 20930]...: 7020088: ACCEPTED IN 13 TRIES, (AVG 540006.7692307692)
[1, 4, 10, 23, 57, 132, 301, 701, 1636, 3827, 8739, 20933]...: 8644216: ACCEPTED IN 16 TRIES, (AVG 540263.5)
[1, 4, 10, 23, 57, 132, 301, 701, 1636, 3827, 8739, 20960]...: 16761337: ACCEPTED IN 31 TRIES, (AVG 540688.2903225806)
[1, 4, 10, 23, 57, 132, 301, 701, 1636, 3827, 8739, 20961]...: 10267133: ACCEPTED IN 19 TRIES, (AVG 540375.4210526316)
[1, 4, 10, 23, 57, 132, 301, 701, 1636, 3827, 8739, 20962]...: 10808465: ACCEPTED IN 20 TRIES, (AVG 540423.25)
[1, 4, 10, 23, 57, 132, 301, 701, 1636, 3827, 8739, 20963]...: 11888367: ACCEPTED IN 22 TRIES, (AVG 540380.3181818182)
[1, 4, 10, 23, 57, 132, 301, 701, 1636, 3827, 8739, 20965]...: 10808840: ACCEPTED IN 20 TRIES, (AVG 540442.0)
[1, 4, 10, 23, 57, 132, 301, 701, 1636, 3827, 8739, 20966]...: 10264675: ACCEPTED IN 19 TRIES, (AVG 540246.052631579)
