[1, 4, 10, 23, 57, 132, 301, 701, 1654, 3743, 8234, 18587]...: 40028554: ACCEPTED IN 74 TRIES, (AVG 540926.4054054054)
[1, 4, 10, 23, 57, 132, 301, 701, 1654, 3743, 8234, 18599]...: 42193374: ACCEPTED IN 78 TRIES, (AVG 540940.6923076923)
[1, 4, 10, 23, 57, 132, 301, 701, 1654, 3743, 8234, 18624]...: 93061025: ACCEPTED IN 172 TRIES, (AVG 541052.4709302326)
[1, 4, 10, 23, 57, 132, 301, 701, 1654, 3743, 8234, 18661]...: 22170810: ACCEPTED IN 41 TRIES, (AVG 540751.4634146341)
[1, 4, 10, 23, 57, 132, 301, 701, 1654, 3743, 8234, 18682]...: 37864974: ACCEPTED IN 70 TRIES, (AVG 540928.2)
[1, 4, 10, 23, 57, 132, 301, 701, 1654, 3743, 8234, 18719]...: 37324086: ACCEPTED IN 69 TRIES, (AVG 540928.7826086957)
[1, 4, 10, 23, 57, 132, 301, 701, 1654, 3743, 8234, 18731]...: 39488981: ACCEPTED IN 73 TRIES, (AVG 540944.9452054794)
[1, 4, 10, 23, 57, 132, 301, 701, 1654, 3743, 8234, 18756]...: 33536550: ACCEPTED IN 62 TRIES, (AVG 540912.0967741936)
[1, 4, 10, 23, 57, 132, 301, 701, 1654, 3743, 8234, 18760]...: 56263947: ACCEPTED IN 104 TRIES, (AVG 540999.4903846154)
[1, 4, 10, 23, 57, 132, 301, 701, 1654, 3743, 8234, 18793]...: 15678918: ACCEPTED IN 29 TRIES, (AVG 540652.3448275862)
[1, 4, 10, 23, 57, 132, 301, 701, 1654, 3743, 8234, 18797]...: 78991170: ACCEPTED IN 146 TRIES, (AVG 541035.4109589041)
[1, 4, 10, 23, 57, 132, 301, 701, 1654, 3743, 8234, 18855]...: 24878039: ACCEPTED IN 46 TRIES, (AVG 540826.9347826086)
[1, 4, 10, 23, 57, 132, 301, 701, 1654, 3743, 8234, 18888]...: 28125110: ACCEPTED IN 52 TRIES, (AVG 540867.5)
[1, 4, 10, 23, 57, 132, 301, 701, 1654, 3743, 8234, 18892]...: 32994787: ACCEPTED IN 61 TRIES, (AVG 540898.1475409836)
[1, 4, 10, 23, 57, 132, 301, 701, 1654, 3743, 8234, 18925]...: 17842982: ACCEPTED IN 33 TRIES, (AVG 540696.4242424242)
[1, 4, 10, 23, 57, 132, 301, 701, 1654, 3743, 8234, 18962]...: 33536006: ACCEPTED IN 62 TRIES, (AVG 540903.3225806452)
[1, 4, 10, 23, 57, 132, 301, 701, 1654, 3743, 8234, 18983]...: 29747660: ACCEPTED IN 55 TRIES, (AVG 540866.5454545454)
[1, 4, 10, 23, 57, 132, 301, 701, 1654, 3743, 8234, 18987]...: 56264179: ACCEPTED IN 104 TRIES, (AVG 541001.7211538461)
[1, 4, 10, 23, 57, 132, 301, 701, 1654, 3743, 8234, 19020]...: 20548770: ACCEPTED IN 38 TRIES, (AVG 540757.1052631579)
[1, 4, 10, 23, 57, 132, 301, 701, 1654, 3743, 8234, 19024]...: 8644064: ACCEPTED IN 16 TRIES, (AVG 540254.0)
[1, 4, 10, 23, 57, 132, 301, 701, 1654, 3743, 8234, 19057]...: 33536503: ACCEPTED IN 62 TRIES, (AVG 540911.3387096775)
[1, 4, 10, 23, 57, 132, 301, 701, 1654, 3743, 8234, 19061]...: 29207273: ACCEPTED IN 54 TRIES, (AVG 540875.425925926)
[1, 4, 10, 23, 57, 132, 301, 701, 1654, 3743, 8234, 19094]...: 18383982: ACCEPTED IN 34 TRIES, (AVG 540705.3529411765)
[1, 4, 10, 23, 57, 132, 301, 701, 1654, 3743, 8234, 19098]...: 29747638: ACCEPTED IN 55 TRIES, (AVG 540866.1454545455)
[1, 4, 10, 23, 57, 132, 301, 701, 1654, 3743, 8234, 19119]...: 10808552: ACCEPTED IN 20 TRIES, (AVG 540427.6)
[1, 4, 10, 23, 57, 132, 301, 701, 1654, 3743, 8234, 19131]...: 38406349: ACCEPTED IN 71 TRIES, (AVG 540934.4929577465)
[1, 4, 10, 23, 57, 132, 301, 701, 1654, 3743, 8234, 19152]...: 20549373: ACCEPTED IN 38 TRIES, (AVG 540772.9736842106)
[1, 4, 10, 23, 57, 132, 301, 701, 1654, 3743, 8234, 19156]...: 40571405: ACCEPTED IN 75 TRIES, (AVG 540952.0666666667)
[1, 4, 10, 23, 57, 132, 301, 701, 1654, 3743, 8234, 19160]...: 41111243: ACCEPTED IN 76 TRIES, (AVG 540937.4078947369)
[1, 4, 10, 23, 57, 132, 301, 701, 1654, 3743, 8234, 19189]...: 69251056: ACCEPTED IN 128 TRIES, (AVG 541023.875)
[1, 4, 10, 23, 57, 132, 301, 701, 1654, 3743, 8234, 19193]...: 13513834: ACCEPTED IN 25 TRIES, (AVG 540553.36)
[1, 4, 10, 23, 57, 132, 301, 701, 1654, 3743, 8234, 19197]...: 67628209: ACCEPTED IN 125 TRIES, (AVG 541025.672)
[1, 4, 10, 23, 57, 132, 301, 701, 1654, 3743, 8234, 19226]...: 29207326: ACCEPTED IN 54 TRIES, (AVG 540876.4074074074)
[1, 4, 10, 23, 57, 132, 301, 701, 1654, 3743, 8234, 19230]...: 38406159: ACCEPTED IN 71 TRIES, (AVG 540931.8169014085)
[1, 4, 10, 23, 57, 132, 301, 701, 1654, 3743, 8234, 19251]...: 32453026: ACCEPTED IN 60 TRIES, (AVG 540883.7666666667)
[1, 4, 10, 23, 57, 132, 301, 701, 1654, 3743, 8234, 19263]...: 25419059: ACCEPTED IN 47 TRIES, (AVG 540831.0425531915)
[1, 4, 10, 23, 57, 132, 301, 701, 1654, 3743, 8234, 19284]...: 15679131: ACCEPTED IN 29 TRIES, (AVG 540659.6896551724)
[1, 4, 10, 23, 57, 132, 301, 701, 1654, 3743, 8234, 19288]...: 40570908: ACCEPTED IN 75 TRIES, (AVG 540945.44)
[1, 4, 10, 23, 57, 132, 301, 701, 1654, 3743, 8234, 19292]...: 20007139: ACCEPTED IN 37 TRIES, (AVG 540733.4864864865)
[1, 4, 10, 23, 57, 132, 301, 701, 1654, 3743, 8234, 19321]...: 41653159: ACCEPTED IN 77 TRIES, (AVG 540950.1168831169)
[1, 4, 10, 23, 57, 132, 301, 701, 1654, 3743, 8234, 19325]...: 21631599: ACCEPTED IN 40 TRIES, (AVG 540789.975)
[1, 4, 10, 23, 57, 132, 301, 701, 1654, 3743, 8234, 19329]...: 80073730: ACCEPTED IN 148 TRIES, (AVG 541038.7162162162)
[1, 4, 10, 23, 57, 132, 301, 701, 1654, 3743, 8234, 19358]...: 11349744: ACCEPTED IN 21 TRIES, (AVG 540464.0)
[1, 4, 10, 23, 57, 132, 301, 701, 1654, 3743, 8234, 19362]...: 22172152: ACCEPTED IN 41 TRIES, (AVG 540784.1951219512)
[1, 4, 10, 23, 57, 132, 301, 701, 1654, 3743, 8234, 19383]...: 15137531: ACCEPTED IN 28 TRIES, (AVG 540626.1071428572)
[1, 4, 10, 23, 57, 132, 301, 701, 1654, 3743, 8234, 19395]...: 12431960: ACCEPTED IN 23 TRIES, (AVG 540520.0)
[1, 4, 10, 23, 57, 132, 301, 701, 1654, 3743, 8234, 19412]...: 32452820: ACCEPTED IN 60 TRIES, (AVG 540880.3333333334)
[1, 4, 10, 23, 57, 132, 301, 701, 1654, 3743, 8234, 19420]...: 18383922: ACCEPTED IN 34 TRIES, (AVG 540703.5882352941)
[1, 4, 10, 23, 57, 132, 301, 701, 1654, 3743, 8234, 19424]...: 29206598: ACCEPTED IN 54 TRIES, (AVG 540862.925925926)
[1, 4, 10, 23, 57, 132, 301, 701, 1654, 3743, 8234, 19432]...: 28124437: ACCEPTED IN 52 TRIES, (AVG 540854.5576923077)
[1, 4, 10, 23, 57, 132, 301, 701, 1654, 3743, 8234, 19453]...: 27582100: ACCEPTED IN 51 TRIES, (AVG 540825.4901960784)
[1, 4, 10, 23, 57, 132, 301, 701, 1654, 3743, 8234, 19457]...: 20006178: ACCEPTED IN 37 TRIES, (AVG 540707.5135135135)
[1, 4, 10, 23, 57, 132, 301, 701, 1654, 3743, 8234, 19461]...: 27042819: ACCEPTED IN 50 TRIES, (AVG 540856.38)
[1, 4, 10, 23, 57, 132, 301, 701, 1654, 3743, 8234, 19490]...: 9184776: ACCEPTED IN 17 TRIES, (AVG 540280.9411764706)
[1, 4, 10, 23, 57, 132, 301, 701, 1654, 3743, 8234, 19494]...: 18381767: ACCEPTED IN 34 TRIES, (AVG 540640.2058823529)
[1, 4, 10, 23, 57, 132, 301, 701, 1654, 3743, 8234, 19498]...: 25419325: ACCEPTED IN 47 TRIES, (AVG 540836.7021276596)
[1, 4, 10, 23, 57, 132, 301, 701, 1654, 3743, 8234, 19527]...: 18382248: ACCEPTED IN 34 TRIES, (AVG 540654.3529411765)
[1, 4, 10, 23, 57, 132, 301, 701, 1654, 3743, 8234, 19531]...: 97390307: ACCEPTED IN 180 TRIES, (AVG 541057.2611111111)
[1, 4, 10, 23, 57, 132, 301, 701, 1654, 3743, 8234, 19544]...: 13513162: ACCEPTED IN 25 TRIES, (AVG 540526.48)
[1, 4, 10, 23, 57, 132, 301, 701, 1654, 3743, 8234, 19552]...: 21631189: ACCEPTED IN 40 TRIES, (AVG 540779.725)
[1, 4, 10, 23, 57, 132, 301, 701, 1654, 3743, 8234, 19556]...: 10267743: ACCEPTED IN 19 TRIES, (AVG 540407.5263157894)
[1, 4, 10, 23, 57, 132, 301, 701, 1654, 3743, 8234, 19564]...: 15678566: ACCEPTED IN 29 TRIES, (AVG 540640.2068965518)
[1, 4, 10, 23, 57, 132, 301, 701, 1654, 3743, 8234, 19585]...: 10265901: ACCEPTED IN 19 TRIES, (AVG 540310.5789473684)
[1, 4, 10, 23, 57, 132, 301, 701, 1654, 3743, 8234, 19589]...: 43275662: ACCEPTED IN 80 TRIES, (AVG 540945.775)
[1, 4, 10, 23, 57, 132, 301, 701, 1654, 3743, 8234, 19593]...: 8644110: ACCEPTED IN 16 TRIES, (AVG 540256.875)
[1, 4, 10, 23, 57, 132, 301, 701, 1654, 3743, 8234, 19622]...: 7560923: ACCEPTED IN 14 TRIES, (AVG 540065.9285714285)
[1, 4, 10, 23, 57, 132, 301, 701, 1654, 3743, 8234, 19626]...: 18384670: ACCEPTED IN 34 TRIES, (AVG 540725.5882352941)
[1, 4, 10, 23, 57, 132, 301, 701, 1654, 3743, 8234, 19630]...: 14055321: ACCEPTED IN 26 TRIES, (AVG 540589.2692307692)
[1, 4, 10, 23, 57, 132, 301, 701, 1654, 3743, 8234, 19659]...: 16218629: ACCEPTED IN 30 TRIES, (AVG 540620.9666666667)
[1, 4, 10, 23, 57, 132, 301, 701, 1654, 3743, 8234, 19663]...: 32452786: ACCEPTED IN 60 TRIES, (AVG 540879.7666666667)
[1, 4, 10, 23, 57, 132, 301, 701, 1654, 3743, 8234, 19676]...: 14055168: ACCEPTED IN 26 TRIES, (AVG 540583.3846153846)
[1, 4, 10, 23, 57, 132, 301, 701, 1654, 3743, 8234, 19684]...: 12970430: ACCEPTED IN 24 TRIES, (AVG 540434.5833333334)
[1, 4, 10, 23, 57, 132, 301, 701, 1654, 3743, 8234, 19688]...: 14593894: ACCEPTED IN 27 TRIES, (AVG 540514.5925925926)
[1, 4, 10, 23, 57, 132, 301, 701, 1654, 3743, 8234, 19696]...: 17299057: ACCEPTED IN 32 TRIES, (AVG 540595.53125)
[1, 4, 10, 23, 57, 132, 301, 701, 1654, 3743, 8234, 19713]...: 21090278: ACCEPTED IN 39 TRIES, (AVG 540776.358974359)
[1, 4, 10, 23, 57, 132, 301, 701, 1654, 3743, 8234, 19717]...: 17299013: ACCEPTED IN 32 TRIES, (AVG 540594.15625)
[1, 4, 10, 23, 57, 132, 301, 701, 1654, 3743, 8234, 19721]...: 5937879: ACCEPTED IN 11 TRIES, (AVG 539807.1818181818)
[1, 4, 10, 23, 57, 132, 301, 701, 1654, 3743, 8234, 19725]...: 27042253: ACCEPTED IN 50 TRIES, (AVG 540845.06)
[1, 4, 10, 23, 57, 132, 301, 701, 1654, 3743, 8234, 19754]...: 34618166: ACCEPTED IN 64 TRIES, (AVG 540908.84375)
[1, 4, 10, 23, 57, 132, 301, 701, 1654, 3743, 8234, 19758]...: 18384271: ACCEPTED IN 34 TRIES, (AVG 540713.8529411765)
