[1, 4, 10, 23, 57, 132, 301, 701, 1636, 3752, 8570, 18855]...: 53015052: ACCEPTED IN 98 TRIES, (AVG 540969.918367347)
[1, 4, 10, 23, 57, 132, 301, 701, 1636, 3752, 8570, 18887]...: 45982758: ACCEPTED IN 85 TRIES, (AVG 540973.6235294117)
[1, 4, 10, 23, 57, 132, 301, 701, 1636, 3752, 8570, 18889]...: 16219960: ACCEPTED IN 30 TRIES, (AVG 540665.3333333334)
[1, 4, 10, 23, 57, 132, 301, 701, 1636, 3752, 8570, 18892]...: 32994533: ACCEPTED IN 61 TRIES, (AVG 540893.9836065574)
[1, 4, 10, 23, 57, 132, 301, 701, 1636, 3752, 8570, 18921]...: 116870820: ACCEPTED IN 216 TRIES, (AVG 541068.6111111111)
[1, 4, 10, 23, 57, 132, 301, 701, 1636, 3752, 8570, 18922]...: 23254786: ACCEPTED IN 43 TRIES, (AVG 540808.976744186)
[1, 4, 10, 23, 57, 132, 301, 701, 1636, 3752, 8570, 18924]...: 68710017: ACCEPTED IN 127 TRIES, (AVG 541023.7559055118)
[1, 4, 10, 23, 57, 132, 301, 701, 1636, 3752, 8570, 18925]...: 52475979: ACCEPTED IN 97 TRIES, (AVG 540989.4742268041)
[1, 4, 10, 23, 57, 132, 301, 701, 1636, 3752, 8570, 18929]...: 48144955: ACCEPTED IN 89 TRIES, (AVG 540954.5505617978)
[1, 4, 10, 23, 57, 132, 301, 701, 1636, 3752, 8570, 18954]...: 47064979: ACCEPTED IN 87 TRIES, (AVG 540976.7701149426)
[1, 4, 10, 23, 57, 132, 301, 701, 1636, 3752, 8570, 18966]...: 55181751: ACCEPTED IN 102 TRIES, (AVG 540997.5588235294)
[1, 4, 10, 23, 57, 132, 301, 701, 1636, 3752, 8570, 18988]...: 15137790: ACCEPTED IN 28 TRIES, (AVG 540635.3571428572)
[1, 4, 10, 23, 57, 132, 301, 701, 1636, 3752, 8570, 19020]...: 22711893: ACCEPTED IN 42 TRIES, (AVG 540759.3571428572)
[1, 4, 10, 23, 57, 132, 301, 701, 1636, 3752, 8570, 19021]...: 23254328: ACCEPTED IN 43 TRIES, (AVG 540798.3255813953)
[1, 4, 10, 23, 57, 132, 301, 701, 1636, 3752, 8570, 19023]...: 50311803: ACCEPTED IN 93 TRIES, (AVG 540987.1290322581)
[1, 4, 10, 23, 57, 132, 301, 701, 1636, 3752, 8570, 19024]...: 23793005: ACCEPTED IN 44 TRIES, (AVG 540750.1136363636)
[1, 4, 10, 23, 57, 132, 301, 701, 1636, 3752, 8570, 19053]...: 9185018: ACCEPTED IN 17 TRIES, (AVG 540295.1764705882)
[1, 4, 10, 23, 57, 132, 301, 701, 1636, 3752, 8570, 19056]...: 23793691: ACCEPTED IN 44 TRIES, (AVG 540765.7045454546)
[1, 4, 10, 23, 57, 132, 301, 701, 1636, 3752, 8570, 19091]...: 16220249: ACCEPTED IN 30 TRIES, (AVG 540674.9666666667)
[1, 4, 10, 23, 57, 132, 301, 701, 1636, 3752, 8570, 19098]...: 22713148: ACCEPTED IN 42 TRIES, (AVG 540789.2380952381)
[1, 4, 10, 23, 57, 132, 301, 701, 1636, 3752, 8570, 19119]...: 10807702: ACCEPTED IN 20 TRIES, (AVG 540385.1)
[1, 4, 10, 23, 57, 132, 301, 701, 1636, 3752, 8570, 19120]...: 51393553: ACCEPTED IN 95 TRIES, (AVG 540984.7684210526)
[1, 4, 10, 23, 57, 132, 301, 701, 1636, 3752, 8570, 19123]...: 28124470: ACCEPTED IN 52 TRIES, (AVG 540855.1923076923)
[1, 4, 10, 23, 57, 132, 301, 701, 1636, 3752, 8570, 19152]...: 36241123: ACCEPTED IN 67 TRIES, (AVG 540912.2835820896)
[1, 4, 10, 23, 57, 132, 301, 701, 1636, 3752, 8570, 19155]...: 16220004: ACCEPTED IN 30 TRIES, (AVG 540666.8)
[1, 4, 10, 23, 57, 132, 301, 701, 1636, 3752, 8570, 19156]...: 45980251: ACCEPTED IN 85 TRIES, (AVG 540944.1294117647)
[1, 4, 10, 23, 57, 132, 301, 701, 1636, 3752, 8570, 19188]...: 55721566: ACCEPTED IN 103 TRIES, (AVG 540986.0776699029)
[1, 4, 10, 23, 57, 132, 301, 701, 1636, 3752, 8570, 19189]...: 107131096: ACCEPTED IN 198 TRIES, (AVG 541066.1414141414)
[1, 4, 10, 23, 57, 132, 301, 701, 1636, 3752, 8570, 19190]...: 9184841: ACCEPTED IN 17 TRIES, (AVG 540284.7647058824)
[1, 4, 10, 23, 57, 132, 301, 701, 1636, 3752, 8570, 19193]...: 29748380: ACCEPTED IN 55 TRIES, (AVG 540879.6363636364)
[1, 4, 10, 23, 57, 132, 301, 701, 1636, 3752, 8570, 19222]...: 36783364: ACCEPTED IN 68 TRIES, (AVG 540931.8235294118)
[1, 4, 10, 23, 57, 132, 301, 701, 1636, 3752, 8570, 19223]...: 21631175: ACCEPTED IN 40 TRIES, (AVG 540779.375)
[1, 4, 10, 23, 57, 132, 301, 701, 1636, 3752, 8570, 19230]...: 50852780: ACCEPTED IN 94 TRIES, (AVG 540987.0212765958)
[1, 4, 10, 23, 57, 132, 301, 701, 1636, 3752, 8570, 19251]...: 35700171: ACCEPTED IN 66 TRIES, (AVG 540911.6818181818)
[1, 4, 10, 23, 57, 132, 301, 701, 1636, 3752, 8570, 19255]...: 104963836: ACCEPTED IN 194 TRIES, (AVG 541050.7010309278)
[1, 4, 10, 23, 57, 132, 301, 701, 1636, 3752, 8570, 19287]...: 48145564: ACCEPTED IN 89 TRIES, (AVG 540961.3932584269)
[1, 4, 10, 23, 57, 132, 301, 701, 1636, 3752, 8570, 19288]...: 28664903: ACCEPTED IN 53 TRIES, (AVG 540847.2264150943)
[1, 4, 10, 23, 57, 132, 301, 701, 1636, 3752, 8570, 19289]...: 12973317: ACCEPTED IN 24 TRIES, (AVG 540554.875)
[1, 4, 10, 23, 57, 132, 301, 701, 1636, 3752, 8570, 19321]...: 9725665: ACCEPTED IN 18 TRIES, (AVG 540314.7222222222)
[1, 4, 10, 23, 57, 132, 301, 701, 1636, 3752, 8570, 19322]...: 22172545: ACCEPTED IN 41 TRIES, (AVG 540793.7804878049)
[1, 4, 10, 23, 57, 132, 301, 701, 1636, 3752, 8570, 19324]...: 11350018: ACCEPTED IN 21 TRIES, (AVG 540477.0476190476)
[1, 4, 10, 23, 57, 132, 301, 701, 1636, 3752, 8570, 19325]...: 10267754: ACCEPTED IN 19 TRIES, (AVG 540408.1052631579)
[1, 4, 10, 23, 57, 132, 301, 701, 1636, 3752, 8570, 19354]...: 5938565: ACCEPTED IN 11 TRIES, (AVG 539869.5454545454)
[1, 4, 10, 23, 57, 132, 301, 701, 1636, 3752, 8570, 19355]...: 20548519: ACCEPTED IN 38 TRIES, (AVG 540750.5)
[1, 4, 10, 23, 57, 132, 301, 701, 1636, 3752, 8570, 19362]...: 30287501: ACCEPTED IN 56 TRIES, (AVG 540848.2321428572)
[1, 4, 10, 23, 57, 132, 301, 701, 1636, 3752, 8570, 19392]...: 6478404: ACCEPTED IN 12 TRIES, (AVG 539867.0)
[1, 4, 10, 23, 57, 132, 301, 701, 1636, 3752, 8570, 19420]...: 17842341: ACCEPTED IN 33 TRIES, (AVG 540677.0)
[1, 4, 10, 23, 57, 132, 301, 701, 1636, 3752, 8570, 19421]...: 13512949: ACCEPTED IN 25 TRIES, (AVG 540517.96)
[1, 4, 10, 23, 57, 132, 301, 701, 1636, 3752, 8570, 19424]...: 31913199: ACCEPTED IN 59 TRIES, (AVG 540901.6779661017)
[1, 4, 10, 23, 57, 132, 301, 701, 1636, 3752, 8570, 19453]...: 30288649: ACCEPTED IN 56 TRIES, (AVG 540868.7321428572)
[1, 4, 10, 23, 57, 132, 301, 701, 1636, 3752, 8570, 19454]...: 43276382: ACCEPTED IN 80 TRIES, (AVG 540954.775)
[1, 4, 10, 23, 57, 132, 301, 701, 1636, 3752, 8570, 19456]...: 11349885: ACCEPTED IN 21 TRIES, (AVG 540470.7142857143)
[1, 4, 10, 23, 57, 132, 301, 701, 1636, 3752, 8570, 19457]...: 9183169: ACCEPTED IN 17 TRIES, (AVG 540186.4117647059)
[1, 4, 10, 23, 57, 132, 301, 701, 1636, 3752, 8570, 19491]...: 17843584: ACCEPTED IN 33 TRIES, (AVG 540714.6666666666)
[1, 4, 10, 23, 57, 132, 301, 701, 1636, 3752, 8570, 19494]...: 12432005: ACCEPTED IN 23 TRIES, (AVG 540521.9565217391)
[1, 4, 10, 23, 57, 132, 301, 701, 1636, 3752, 8570, 19523]...: 29747828: ACCEPTED IN 55 TRIES, (AVG 540869.6)
[1, 4, 10, 23, 57, 132, 301, 701, 1636, 3752, 8570, 19524]...: 13512694: ACCEPTED IN 25 TRIES, (AVG 540507.76)
[1, 4, 10, 23, 57, 132, 301, 701, 1636, 3752, 8570, 19552]...: 5397177: ACCEPTED IN 10 TRIES, (AVG 539717.7)
[1, 4, 10, 23, 57, 132, 301, 701, 1636, 3752, 8570, 19556]...: 15137419: ACCEPTED IN 28 TRIES, (AVG 540622.1071428572)
[1, 4, 10, 23, 57, 132, 301, 701, 1636, 3752, 8570, 19588]...: 22172509: ACCEPTED IN 41 TRIES, (AVG 540792.9024390244)
[1, 4, 10, 23, 57, 132, 301, 701, 1636, 3752, 8570, 19589]...: 13514621: ACCEPTED IN 25 TRIES, (AVG 540584.84)
[1, 4, 10, 23, 57, 132, 301, 701, 1636, 3752, 8570, 19590]...: 7020446: ACCEPTED IN 13 TRIES, (AVG 540034.3076923077)
[1, 4, 10, 23, 57, 132, 301, 701, 1636, 3752, 8570, 19622]...: 24878079: ACCEPTED IN 46 TRIES, (AVG 540827.804347826)
[1, 4, 10, 23, 57, 132, 301, 701, 1636, 3752, 8570, 19623]...: 18925565: ACCEPTED IN 35 TRIES, (AVG 540730.4285714285)
[1, 4, 10, 23, 57, 132, 301, 701, 1636, 3752, 8570, 19625]...: 22713640: ACCEPTED IN 42 TRIES, (AVG 540800.9523809524)
[1, 4, 10, 23, 57, 132, 301, 701, 1636, 3752, 8570, 19626]...: 18384697: ACCEPTED IN 34 TRIES, (AVG 540726.3823529412)
[1, 4, 10, 23, 57, 132, 301, 701, 1636, 3752, 8570, 19655]...: 11349233: ACCEPTED IN 21 TRIES, (AVG 540439.6666666666)
[1, 4, 10, 23, 57, 132, 301, 701, 1636, 3752, 8570, 19656]...: 10806942: ACCEPTED IN 20 TRIES, (AVG 540347.1)
[1, 4, 10, 23, 57, 132, 301, 701, 1636, 3752, 8570, 19688]...: 48688409: ACCEPTED IN 90 TRIES, (AVG 540982.3222222222)
[1, 4, 10, 23, 57, 132, 301, 701, 1636, 3752, 8570, 19689]...: 8644325: ACCEPTED IN 16 TRIES, (AVG 540270.3125)
[1, 4, 10, 23, 57, 132, 301, 701, 1636, 3752, 8570, 19721]...: 23795032: ACCEPTED IN 44 TRIES, (AVG 540796.1818181818)
[1, 4, 10, 23, 57, 132, 301, 701, 1636, 3752, 8570, 19722]...: 25959300: ACCEPTED IN 48 TRIES, (AVG 540818.75)
[1, 4, 10, 23, 57, 132, 301, 701, 1636, 3752, 8570, 19725]...: 31370784: ACCEPTED IN 58 TRIES, (AVG 540875.5862068966)
[1, 4, 10, 23, 57, 132, 301, 701, 1636, 3752, 8570, 19754]...: 16219665: ACCEPTED IN 30 TRIES, (AVG 540655.5)
[1, 4, 10, 23, 57, 132, 301, 701, 1636, 3752, 8570, 19755]...: 10807688: ACCEPTED IN 20 TRIES, (AVG 540384.4)
[1, 4, 10, 23, 57, 132, 301, 701, 1636, 3752, 8570, 19757]...: 12431324: ACCEPTED IN 23 TRIES, (AVG 540492.3478260869)
[1, 4, 10, 23, 57, 132, 301, 701, 1636, 3752, 8570, 19758]...: 9183432: ACCEPTED IN 17 TRIES, (AVG 540201.8823529412)
[1, 4, 10, 23, 57, 132, 301, 701, 1636, 3752, 8570, 19792]...: 18384340: ACCEPTED IN 34 TRIES, (AVG 540715.8823529412)
[1, 4, 10, 23, 57, 132, 301, 701, 1636, 3752, 8570, 19821]...: 9725494: ACCEPTED IN 18 TRIES, (AVG 540305.2222222222)
[1, 4, 10, 23, 57, 132, 301, 701, 1636, 3752, 8570, 19824]...: 12972749: ACCEPTED IN 24 TRIES, (AVG 540531.2083333334)
[1, 4, 10, 23, 57, 132, 301, 701, 1636, 3752, 8570, 19853]...: 13513386: ACCEPTED IN 25 TRIES, (AVG 540535.44)
[1, 4, 10, 23, 57, 132, 301, 701, 1636, 3752, 8570, 19856]...: 10266892: ACCEPTED IN 19 TRIES, (AVG 540362.7368421053)
[1, 4, 10, 23, 57, 132, 301, 701, 1636, 3752, 8570, 19857]...: 14596884: ACCEPTED IN 27 TRIES, (AVG 540625.3333333334)
[1, 4, 10, 23, 57, 132, 301, 701, 1636, 3752, 8570, 19889]...: 10805187: ACCEPTED IN 20 TRIES, (AVG 540259.35)
[1, 4, 10, 23, 57, 132, 301, 701, 1636, 3752, 8570, 19890]...: 10808805: ACCEPTED IN 20 TRIES, (AVG 540440.25)
[1, 4, 10, 23, 57, 132, 301, 701, 1636, 3752, 8570, 19891]...: 8102915: ACCEPTED IN 15 TRIES, (AVG 540194.3333333334)
[1, 4, 10, 23, 57, 132, 301, 701, 1636, 3752, 8570, 19922]...: 22711835: ACCEPTED IN 42 TRIES, (AVG 540757.9761904762)
[1, 4, 10, 23, 57, 132, 301, 701, 1636, 3752, 8570, 19923]...: 12429423: ACCEPTED IN 23 TRIES, (AVG 540409.695652174)
[1, 4, 10, 23, 57, 132, 301, 701, 1636, 3752, 8570, 19924]...: 7020083: ACCEPTED IN 13 TRIES, (AVG 540006.3846153846)
[1, 4, 10, 23, 57, 132, 301, 701, 1636, 3752, 8570, 19953]...: 12431890: ACCEPTED IN 23 TRIES, (AVG 540516.9565217391)
[1, 4, 10, 23, 57, 132, 301, 701, 1636, 3752, 8570, 19956]...: 12429958: ACCEPTED IN 23 TRIES, (AVG 540432.9565217391)
[1, 4, 10, 23, 57, 132, 301, 701, 1636, 3752, 8570, 19958]...: 30288189: ACCEPTED IN 56 TRIES, (AVG 540860.5178571428)
[1, 4, 10, 23, 57, 132, 301, 701, 1636, 3752, 8570, 19988]...: 23254889: ACCEPTED IN 43 TRIES, (AVG 540811.3720930233)
[1, 4, 10, 23, 57, 132, 301, 701, 1636, 3752, 8570, 19989]...: 8642609: ACCEPTED IN 16 TRIES, (AVG 540163.0625)
[1, 4, 10, 23, 57, 132, 301, 701, 1636, 3752, 8570, 19990]...: 10806938: ACCEPTED IN 20 TRIES, (AVG 540346.9)
[1, 4, 10, 23, 57, 132, 301, 701, 1636, 3752, 8570, 20022]...: 14054500: ACCEPTED IN 26 TRIES, (AVG 540557.6923076923)
[1, 4, 10, 23, 57, 132, 301, 701, 1636, 3752, 8570, 20023]...: 11349189: ACCEPTED IN 21 TRIES, (AVG 540437.5714285715)
[1, 4, 10, 23, 57, 132, 301, 701, 1636, 3752, 8570, 20026]...: 11348112: ACCEPTED IN 21 TRIES, (AVG 540386.2857142857)
[1, 4, 10, 23, 57, 132, 301, 701, 1636, 3752, 8570, 20054]...: 13514603: ACCEPTED IN 25 TRIES, (AVG 540584.12)
[1, 4, 10, 23, 57, 132, 301, 701, 1636, 3752, 8570, 20055]...: 13513971: ACCEPTED IN 25 TRIES, (AVG 540558.84)
[1, 4, 10, 23, 57, 132, 301, 701, 1636, 3752, 8570, 20056]...: 22713073: ACCEPTED IN 42 TRIES, (AVG 540787.4523809524)
[1, 4, 10, 23, 57, 132, 301, 701, 1636, 3752, 8570, 20090]...: 14594457: ACCEPTED IN 27 TRIES, (AVG 540535.4444444445)
[1, 4, 10, 23, 57, 132, 301, 701, 1636, 3752, 8570, 20093]...: 10807797: ACCEPTED IN 20 TRIES, (AVG 540389.85)
[1, 4, 10, 23, 57, 132, 301, 701, 1636, 3752, 8570, 20122]...: 12972334: ACCEPTED IN 24 TRIES, (AVG 540513.9166666666)
[1, 4, 10, 23, 57, 132, 301, 701, 1636, 3752, 8570, 20125]...: 12432137: ACCEPTED IN 23 TRIES, (AVG 540527.695652174)
[1, 4, 10, 23, 57, 132, 301, 701, 1636, 3752, 8570, 20154]...: 7020451: ACCEPTED IN 13 TRIES, (AVG 540034.6923076923)
[1, 4, 10, 23, 57, 132, 301, 701, 1636, 3752, 8570, 20155]...: 22713442: ACCEPTED IN 42 TRIES, (AVG 540796.2380952381)
[1, 4, 10, 23, 57, 132, 301, 701, 1636, 3752, 8570, 20157]...: 11890362: ACCEPTED IN 22 TRIES, (AVG 540471.0)
[1, 4, 10, 23, 57, 132, 301, 701, 1636, 3752, 8570, 20158]...: 10808899: ACCEPTED IN 20 TRIES, (AVG 540444.95)
[1, 4, 10, 23, 57, 132, 301, 701, 1636, 3752, 8570, 20186]...: 11890085: ACCEPTED IN 22 TRIES, (AVG 540458.4090909091)
[1, 4, 10, 23, 57, 132, 301, 701, 1636, 3752, 8570, 20192]...: 6479854: ACCEPTED IN 12 TRIES, (AVG 539987.8333333334)
[1, 4, 10, 23, 57, 132, 301, 701, 1636, 3752, 8570, 20222]...: 15137422: ACCEPTED IN 28 TRIES, (AVG 540622.2142857143)
[1, 4, 10, 23, 57, 132, 301, 701, 1636, 3752, 8570, 20223]...: 8102803: ACCEPTED IN 15 TRIES, (AVG 540186.8666666667)
[1, 4, 10, 23, 57, 132, 301, 701, 1636, 3752, 8570, 20224]...: 21088951: ACCEPTED IN 39 TRIES, (AVG 540742.3333333334)
[1, 4, 10, 23, 57, 132, 301, 701, 1636, 3752, 8570, 20225]...: 23253871: ACCEPTED IN 43 TRIES, (AVG 540787.6976744186)
[1, 4, 10, 23, 57, 132, 301, 701, 1636, 3752, 8570, 20254]...: 11890475: ACCEPTED IN 22 TRIES, (AVG 540476.1363636364)
[1, 4, 10, 23, 57, 132, 301, 701, 1636, 3752, 8570, 20257]...: 12430726: ACCEPTED IN 23 TRIES, (AVG 540466.3478260869)
[1, 4, 10, 23, 57, 132, 301, 701, 1636, 3752, 8570, 20259]...: 10807269: ACCEPTED IN 20 TRIES, (AVG 540363.45)
[1, 4, 10, 23, 57, 132, 301, 701, 1636, 3752, 8570, 20289]...: 15137327: ACCEPTED IN 28 TRIES, (AVG 540618.8214285715)
[1, 4, 10, 23, 57, 132, 301, 701, 1636, 3752, 8570, 20290]...: 9185075: ACCEPTED IN 17 TRIES, (AVG 540298.5294117647)
[1, 4, 10, 23, 57, 132, 301, 701, 1636, 3752, 8570, 20291]...: 14054340: ACCEPTED IN 26 TRIES, (AVG 540551.5384615385)
[1, 4, 10, 23, 57, 132, 301, 701, 1636, 3752, 8570, 20323]...: 25960629: ACCEPTED IN 48 TRIES, (AVG 540846.4375)
[1, 4, 10, 23, 57, 132, 301, 701, 1636, 3752, 8570, 20324]...: 29748684: ACCEPTED IN 55 TRIES, (AVG 540885.1636363637)
[1, 4, 10, 23, 57, 132, 301, 701, 1636, 3752, 8570, 20327]...: 6479408: ACCEPTED IN 12 TRIES, (AVG 539950.6666666666)
[1, 4, 10, 23, 57, 132, 301, 701, 1636, 3752, 8570, 20355]...: 10808246: ACCEPTED IN 20 TRIES, (AVG 540412.3)
[1, 4, 10, 23, 57, 132, 301, 701, 1636, 3752, 8570, 20356]...: 15137127: ACCEPTED IN 28 TRIES, (AVG 540611.6785714285)
[1, 4, 10, 23, 57, 132, 301, 701, 1636, 3752, 8570, 20357]...: 36241459: ACCEPTED IN 67 TRIES, (AVG 540917.2985074627)
[1, 4, 10, 23, 57, 132, 301, 701, 1636, 3752, 8570, 20389]...: 17843660: ACCEPTED IN 33 TRIES, (AVG 540716.9696969697)
[1, 4, 10, 23, 57, 132, 301, 701, 1636, 3752, 8570, 20390]...: 7020716: ACCEPTED IN 13 TRIES, (AVG 540055.0769230769)
[1, 4, 10, 23, 57, 132, 301, 701, 1636, 3752, 8570, 20391]...: 11348616: ACCEPTED IN 21 TRIES, (AVG 540410.2857142857)
[1, 4, 10, 23, 57, 132, 301, 701, 1636, 3752, 8570, 20423]...: 11349214: ACCEPTED IN 21 TRIES, (AVG 540438.7619047619)
[1, 4, 10, 23, 57, 132, 301, 701, 1636, 3752, 8570, 20426]...: 6479004: ACCEPTED IN 12 TRIES, (AVG 539917.0)
[1, 4, 10, 23, 57, 132, 301, 701, 1636, 3752, 8570, 20455]...: 10267284: ACCEPTED IN 19 TRIES, (AVG 540383.3684210526)
[1, 4, 10, 23, 57, 132, 301, 701, 1636, 3752, 8570, 20456]...: 23254562: ACCEPTED IN 43 TRIES, (AVG 540803.7674418605)
[1, 4, 10, 23, 57, 132, 301, 701, 1636, 3752, 8570, 20458]...: 16219870: ACCEPTED IN 30 TRIES, (AVG 540662.3333333334)
[1, 4, 10, 23, 57, 132, 301, 701, 1636, 3752, 8570, 20459]...: 52475358: ACCEPTED IN 97 TRIES, (AVG 540983.0721649484)
[1, 4, 10, 23, 57, 132, 301, 701, 1636, 3752, 8570, 20487]...: 7020639: ACCEPTED IN 13 TRIES, (AVG 540049.1538461539)
[1, 4, 10, 23, 57, 132, 301, 701, 1636, 3752, 8570, 20493]...: 18384410: ACCEPTED IN 34 TRIES, (AVG 540717.9411764706)
[1, 4, 10, 23, 57, 132, 301, 701, 1636, 3752, 8570, 20522]...: 9184752: ACCEPTED IN 17 TRIES, (AVG 540279.5294117647)
[1, 4, 10, 23, 57, 132, 301, 701, 1636, 3752, 8570, 20523]...: 22172671: ACCEPTED IN 41 TRIES, (AVG 540796.8536585366)
[1, 4, 10, 23, 57, 132, 301, 701, 1636, 3752, 8570, 20524]...: 28666245: ACCEPTED IN 53 TRIES, (AVG 540872.5471698113)
[1, 4, 10, 23, 57, 132, 301, 701, 1636, 3752, 8570, 20525]...: 6475609: ACCEPTED IN 12 TRIES, (AVG 539634.0833333334)
[1, 4, 10, 23, 57, 132, 301, 701, 1636, 3752, 8570, 20555]...: 10808535: ACCEPTED IN 20 TRIES, (AVG 540426.75)
[1, 4, 10, 23, 57, 132, 301, 701, 1636, 3752, 8570, 20557]...: 12430797: ACCEPTED IN 23 TRIES, (AVG 540469.4347826086)
[1, 4, 10, 23, 57, 132, 301, 701, 1636, 3752, 8570, 20558]...: 15137002: ACCEPTED IN 28 TRIES, (AVG 540607.2142857143)
[1, 4, 10, 23, 57, 132, 301, 701, 1636, 3752, 8570, 20560]...: 9185143: ACCEPTED IN 17 TRIES, (AVG 540302.5294117647)
