[1, 4, 10, 23, 57, 132, 301, 701, 1654, 3962, 9340, 20566]...: 8103247: ACCEPTED IN 15 TRIES, (AVG 540216.4666666667)
[1, 4, 10, 23, 57, 132, 301, 701, 1654, 3962, 9340, 20630]...: 5935600: ACCEPTED IN 11 TRIES, (AVG 539600.0)
[1, 4, 10, 23, 57, 132, 301, 701, 1654, 3962, 9340, 20671]...: 11891104: ACCEPTED IN 22 TRIES, (AVG 540504.7272727273)
[1, 4, 10, 23, 57, 132, 301, 701, 1654, 3962, 9340, 20698]...: 7019557: ACCEPTED IN 13 TRIES, (AVG 539965.9230769231)
[1, 4, 10, 23, 57, 132, 301, 701, 1654, 3962, 9340, 20762]...: 4855342: ACCEPTED IN 9 TRIES, (AVG 539482.4444444445)
[1, 4, 10, 23, 57, 132, 301, 701, 1654, 3962, 9340, 20803]...: 3231228: ACCEPTED IN 6 TRIES, (AVG 538538.0)
[1, 4, 10, 23, 57, 132, 301, 701, 1654, 3962, 9340, 20844]...: 11889747: ACCEPTED IN 22 TRIES, (AVG 540443.0454545454)
[1, 4, 10, 23, 57, 132, 301, 701, 1654, 3962, 9340, 20894]...: 2691417: ACCEPTED IN 5 TRIES, (AVG 538283.4)
[1, 4, 10, 23, 57, 132, 301, 701, 1654, 3962, 9340, 20935]...: 7020113: ACCEPTED IN 13 TRIES, (AVG 540008.6923076923)
[1, 4, 10, 23, 57, 132, 301, 701, 1654, 3962, 9340, 20976]...: 7019185: ACCEPTED IN 13 TRIES, (AVG 539937.3076923077)
[1, 4, 10, 23, 57, 132, 301, 701, 1654, 3962, 9340, 21067]...: 5397303: ACCEPTED IN 10 TRIES, (AVG 539730.3)
[1, 4, 10, 23, 57, 132, 301, 701, 1654, 3962, 9340, 21108]...: 4315007: ACCEPTED IN 8 TRIES, (AVG 539375.875)
[1, 4, 10, 23, 57, 132, 301, 701, 1654, 3962, 9340, 21195]...: 4854477: ACCEPTED IN 9 TRIES, (AVG 539386.3333333334)
[1, 4, 10, 23, 57, 132, 301, 701, 1654, 3962, 9340, 21199]...: 4311741: ACCEPTED IN 8 TRIES, (AVG 538967.625)
[1, 4, 10, 23, 57, 132, 301, 701, 1654, 3962, 9340, 21240]...: 4314376: ACCEPTED IN 8 TRIES, (AVG 539297.0)
[1, 4, 10, 23, 57, 132, 301, 701, 1654, 3962, 9340, 21331]...: 11349732: ACCEPTED IN 21 TRIES, (AVG 540463.4285714285)
[1, 4, 10, 23, 57, 132, 301, 701, 1654, 3962, 9340, 21372]...: 5938114: ACCEPTED IN 11 TRIES, (AVG 539828.5454545454)
[1, 4, 10, 23, 57, 132, 301, 701, 1654, 3962, 9340, 21463]...: 4314410: ACCEPTED IN 8 TRIES, (AVG 539301.25)
[1, 4, 10, 23, 57, 132, 301, 701, 1654, 3962, 9340, 21496]...: 2689826: ACCEPTED IN 5 TRIES, (AVG 537965.2)
[1, 4, 10, 23, 57, 132, 301, 701, 1654, 3962, 9340, 21504]...: 5937002: ACCEPTED IN 11 TRIES, (AVG 539727.4545454546)
[1, 4, 10, 23, 57, 132, 301, 701, 1654, 3962, 9340, 21595]...: 3772239: ACCEPTED IN 7 TRIES, (AVG 538891.2857142857)
[1, 4, 10, 23, 57, 132, 301, 701, 1654, 3962, 9340, 21624]...: 4855490: ACCEPTED IN 9 TRIES, (AVG 539498.8888888889)
[1, 4, 10, 23, 57, 132, 301, 701, 1654, 3962, 9340, 21636]...: 4313017: ACCEPTED IN 8 TRIES, (AVG 539127.125)
[1, 4, 10, 23, 57, 132, 301, 701, 1654, 3962, 9340, 21756]...: 9183626: ACCEPTED IN 17 TRIES, (AVG 540213.2941176471)
[1, 4, 10, 23, 57, 132, 301, 701, 1654, 3962, 9340, 21768]...: 2691217: ACCEPTED IN 5 TRIES, (AVG 538243.4)
[1, 4, 10, 23, 57, 132, 301, 701, 1654, 3962, 9340, 21797]...: 4312601: ACCEPTED IN 8 TRIES, (AVG 539075.125)
[1, 4, 10, 23, 57, 132, 301, 701, 1654, 3962, 9340, 21888]...: 3231428: ACCEPTED IN 6 TRIES, (AVG 538571.3333333334)
[1, 4, 10, 23, 57, 132, 301, 701, 1654, 3962, 9340, 21896]...: 7019865: ACCEPTED IN 13 TRIES, (AVG 539989.6153846154)
[1, 4, 10, 23, 57, 132, 301, 701, 1654, 3962, 9340, 21929]...: 4855512: ACCEPTED IN 9 TRIES, (AVG 539501.3333333334)
[1, 4, 10, 23, 57, 132, 301, 701, 1654, 3962, 9340, 22020]...: 4314905: ACCEPTED IN 8 TRIES, (AVG 539363.125)
[1, 4, 10, 23, 57, 132, 301, 701, 1654, 3962, 9340, 22061]...: 2690508: ACCEPTED IN 5 TRIES, (AVG 538101.6)
[1, 4, 10, 23, 57, 132, 301, 701, 1654, 3962, 9340, 22152]...: 4314792: ACCEPTED IN 8 TRIES, (AVG 539349.0)
[1, 4, 10, 23, 57, 132, 301, 701, 1654, 3962, 9340, 22193]...: 3773091: ACCEPTED IN 7 TRIES, (AVG 539013.0)
[1, 4, 10, 23, 57, 132, 301, 701, 1654, 3962, 9340, 22197]...: 3773607: ACCEPTED IN 7 TRIES, (AVG 539086.7142857143)
[1, 4, 10, 23, 57, 132, 301, 701, 1654, 3962, 9340, 22284]...: 3231481: ACCEPTED IN 6 TRIES, (AVG 538580.1666666666)
[1, 4, 10, 23, 57, 132, 301, 701, 1654, 3962, 9340, 22325]...: 5395685: ACCEPTED IN 10 TRIES, (AVG 539568.5)
[1, 4, 10, 23, 57, 132, 301, 701, 1654, 3962, 9340, 22416]...: 2690863: ACCEPTED IN 5 TRIES, (AVG 538172.6)
