[1, 4, 10, 23, 57, 132, 301, 701, 1654, 3809, 8836, 19696]...: 86026786: ACCEPTED IN 159 TRIES, (AVG 541048.9685534592)
[1, 4, 10, 23, 57, 132, 301, 701, 1654, 3809, 8836, 19754]...: 42735053: ACCEPTED IN 79 TRIES, (AVG 540950.0379746836)
[1, 4, 10, 23, 57, 132, 301, 701, 1654, 3809, 8836, 19795]...: 218604015: ACCEPTED IN 404 TRIES, (AVG 541099.0470297029)
[1, 4, 10, 23, 57, 132, 301, 701, 1654, 3809, 8836, 19865]...: 83862006: ACCEPTED IN 155 TRIES, (AVG 541045.2)
[1, 4, 10, 23, 57, 132, 301, 701, 1654, 3809, 8836, 19886]...: 42193603: ACCEPTED IN 78 TRIES, (AVG 540943.6282051282)
[1, 4, 10, 23, 57, 132, 301, 701, 1654, 3809, 8836, 19923]...: 95766491: ACCEPTED IN 177 TRIES, (AVG 541053.6214689265)
[1, 4, 10, 23, 57, 132, 301, 701, 1654, 3809, 8836, 19964]...: 37323156: ACCEPTED IN 69 TRIES, (AVG 540915.304347826)
[1, 4, 10, 23, 57, 132, 301, 701, 1654, 3809, 8836, 20055]...: 90355355: ACCEPTED IN 167 TRIES, (AVG 541050.0299401197)
[1, 4, 10, 23, 57, 132, 301, 701, 1654, 3809, 8836, 20059]...: 41112094: ACCEPTED IN 76 TRIES, (AVG 540948.6052631579)
[1, 4, 10, 23, 57, 132, 301, 701, 1654, 3809, 8836, 20092]...: 89273195: ACCEPTED IN 165 TRIES, (AVG 541049.6666666666)
[1, 4, 10, 23, 57, 132, 301, 701, 1654, 3809, 8836, 20100]...: 35700603: ACCEPTED IN 66 TRIES, (AVG 540918.2272727273)
[1, 4, 10, 23, 57, 132, 301, 701, 1654, 3809, 8836, 20133]...: 36241982: ACCEPTED IN 67 TRIES, (AVG 540925.104477612)
[1, 4, 10, 23, 57, 132, 301, 701, 1654, 3809, 8836, 20191]...: 12432099: ACCEPTED IN 23 TRIES, (AVG 540526.0434782609)
[1, 4, 10, 23, 57, 132, 301, 701, 1654, 3809, 8836, 20203]...: 20007319: ACCEPTED IN 37 TRIES, (AVG 540738.3513513514)
[1, 4, 10, 23, 57, 132, 301, 701, 1654, 3809, 8836, 20224]...: 81156249: ACCEPTED IN 150 TRIES, (AVG 541041.66)
[1, 4, 10, 23, 57, 132, 301, 701, 1654, 3809, 8836, 20228]...: 35159690: ACCEPTED IN 65 TRIES, (AVG 540918.3076923077)
[1, 4, 10, 23, 57, 132, 301, 701, 1654, 3809, 8836, 20232]...: 20006723: ACCEPTED IN 37 TRIES, (AVG 540722.2432432432)
[1, 4, 10, 23, 57, 132, 301, 701, 1654, 3809, 8836, 20261]...: 10266904: ACCEPTED IN 19 TRIES, (AVG 540363.3684210526)
[1, 4, 10, 23, 57, 132, 301, 701, 1654, 3809, 8836, 20265]...: 34617041: ACCEPTED IN 64 TRIES, (AVG 540891.265625)
[1, 4, 10, 23, 57, 132, 301, 701, 1654, 3809, 8836, 20298]...: 24878252: ACCEPTED IN 46 TRIES, (AVG 540831.5652173914)
[1, 4, 10, 23, 57, 132, 301, 701, 1654, 3809, 8836, 20302]...: 29747323: ACCEPTED IN 55 TRIES, (AVG 540860.4181818182)
[1, 4, 10, 23, 57, 132, 301, 701, 1654, 3809, 8836, 20323]...: 10808893: ACCEPTED IN 20 TRIES, (AVG 540444.65)
[1, 4, 10, 23, 57, 132, 301, 701, 1654, 3809, 8836, 20335]...: 30830125: ACCEPTED IN 57 TRIES, (AVG 540879.3859649122)
[1, 4, 10, 23, 57, 132, 301, 701, 1654, 3809, 8836, 20356]...: 41110570: ACCEPTED IN 76 TRIES, (AVG 540928.552631579)
[1, 4, 10, 23, 57, 132, 301, 701, 1654, 3809, 8836, 20360]...: 107671872: ACCEPTED IN 199 TRIES, (AVG 541064.6834170854)
[1, 4, 10, 23, 57, 132, 301, 701, 1654, 3809, 8836, 20364]...: 11890960: ACCEPTED IN 22 TRIES, (AVG 540498.1818181818)
[1, 4, 10, 23, 57, 132, 301, 701, 1654, 3809, 8836, 20393]...: 48687787: ACCEPTED IN 90 TRIES, (AVG 540975.411111111)
[1, 4, 10, 23, 57, 132, 301, 701, 1654, 3809, 8836, 20397]...: 19466440: ACCEPTED IN 36 TRIES, (AVG 540734.4444444445)
[1, 4, 10, 23, 57, 132, 301, 701, 1654, 3809, 8836, 20401]...: 24333538: ACCEPTED IN 45 TRIES, (AVG 540745.2888888889)
[1, 4, 10, 23, 57, 132, 301, 701, 1654, 3809, 8836, 20430]...: 12432230: ACCEPTED IN 23 TRIES, (AVG 540531.7391304348)
[1, 4, 10, 23, 57, 132, 301, 701, 1654, 3809, 8836, 20434]...: 35158779: ACCEPTED IN 65 TRIES, (AVG 540904.2923076923)
[1, 4, 10, 23, 57, 132, 301, 701, 1654, 3809, 8836, 20455]...: 42735746: ACCEPTED IN 79 TRIES, (AVG 540958.8101265823)
[1, 4, 10, 23, 57, 132, 301, 701, 1654, 3809, 8836, 20467]...: 58428878: ACCEPTED IN 108 TRIES, (AVG 541008.1296296297)
[1, 4, 10, 23, 57, 132, 301, 701, 1654, 3809, 8836, 20488]...: 10807603: ACCEPTED IN 20 TRIES, (AVG 540380.15)
[1, 4, 10, 23, 57, 132, 301, 701, 1654, 3809, 8836, 20492]...: 40030198: ACCEPTED IN 74 TRIES, (AVG 540948.6216216217)
[1, 4, 10, 23, 57, 132, 301, 701, 1654, 3809, 8836, 20496]...: 33535102: ACCEPTED IN 62 TRIES, (AVG 540888.7419354839)
[1, 4, 10, 23, 57, 132, 301, 701, 1654, 3809, 8836, 20525]...: 92520269: ACCEPTED IN 171 TRIES, (AVG 541054.2046783626)
[1, 4, 10, 23, 57, 132, 301, 701, 1654, 3809, 8836, 20533]...: 22172664: ACCEPTED IN 41 TRIES, (AVG 540796.6829268293)
[1, 4, 10, 23, 57, 132, 301, 701, 1654, 3809, 8836, 20562]...: 37324043: ACCEPTED IN 69 TRIES, (AVG 540928.1594202898)
[1, 4, 10, 23, 57, 132, 301, 701, 1654, 3809, 8836, 20566]...: 32453918: ACCEPTED IN 60 TRIES, (AVG 540898.6333333333)
[1, 4, 10, 23, 57, 132, 301, 701, 1654, 3809, 8836, 20587]...: 9724298: ACCEPTED IN 18 TRIES, (AVG 540238.7777777778)
[1, 4, 10, 23, 57, 132, 301, 701, 1654, 3809, 8836, 20599]...: 29748375: ACCEPTED IN 55 TRIES, (AVG 540879.5454545454)
[1, 4, 10, 23, 57, 132, 301, 701, 1654, 3809, 8836, 20603]...: 23254532: ACCEPTED IN 43 TRIES, (AVG 540803.0697674418)
[1, 4, 10, 23, 57, 132, 301, 701, 1654, 3809, 8836, 20616]...: 35159076: ACCEPTED IN 65 TRIES, (AVG 540908.8615384615)
[1, 4, 10, 23, 57, 132, 301, 701, 1654, 3809, 8836, 20624]...: 28121459: ACCEPTED IN 52 TRIES, (AVG 540797.2884615385)
[1, 4, 10, 23, 57, 132, 301, 701, 1654, 3809, 8836, 20628]...: 75743271: ACCEPTED IN 140 TRIES, (AVG 541023.3642857143)
[1, 4, 10, 23, 57, 132, 301, 701, 1654, 3809, 8836, 20636]...: 10808012: ACCEPTED IN 20 TRIES, (AVG 540400.6)
[1, 4, 10, 23, 57, 132, 301, 701, 1654, 3809, 8836, 20657]...: 36241931: ACCEPTED IN 67 TRIES, (AVG 540924.3432835821)
[1, 4, 10, 23, 57, 132, 301, 701, 1654, 3809, 8836, 20661]...: 11891211: ACCEPTED IN 22 TRIES, (AVG 540509.5909090909)
[1, 4, 10, 23, 57, 132, 301, 701, 1654, 3809, 8836, 20665]...: 91437832: ACCEPTED IN 169 TRIES, (AVG 541052.2603550296)
[1, 4, 10, 23, 57, 132, 301, 701, 1654, 3809, 8836, 20694]...: 29207472: ACCEPTED IN 54 TRIES, (AVG 540879.1111111111)
[1, 4, 10, 23, 57, 132, 301, 701, 1654, 3809, 8836, 20698]...: 43817987: ACCEPTED IN 81 TRIES, (AVG 540962.8024691358)
[1, 4, 10, 23, 57, 132, 301, 701, 1654, 3809, 8836, 20702]...: 9725717: ACCEPTED IN 18 TRIES, (AVG 540317.6111111111)
[1, 4, 10, 23, 57, 132, 301, 701, 1654, 3809, 8836, 20731]...: 46523837: ACCEPTED IN 86 TRIES, (AVG 540974.8488372093)
[1, 4, 10, 23, 57, 132, 301, 701, 1654, 3809, 8836, 20735]...: 21630688: ACCEPTED IN 40 TRIES, (AVG 540767.2)
[1, 4, 10, 23, 57, 132, 301, 701, 1654, 3809, 8836, 20748]...: 42194806: ACCEPTED IN 78 TRIES, (AVG 540959.0512820513)
[1, 4, 10, 23, 57, 132, 301, 701, 1654, 3809, 8836, 20756]...: 24335174: ACCEPTED IN 45 TRIES, (AVG 540781.6444444444)
[1, 4, 10, 23, 57, 132, 301, 701, 1654, 3809, 8836, 20760]...: 10267417: ACCEPTED IN 19 TRIES, (AVG 540390.3684210526)
[1, 4, 10, 23, 57, 132, 301, 701, 1654, 3809, 8836, 20768]...: 23254684: ACCEPTED IN 43 TRIES, (AVG 540806.6046511628)
[1, 4, 10, 23, 57, 132, 301, 701, 1654, 3809, 8836, 20789]...: 68167731: ACCEPTED IN 126 TRIES, (AVG 541013.7380952381)
[1, 4, 10, 23, 57, 132, 301, 701, 1654, 3809, 8836, 20793]...: 11890126: ACCEPTED IN 22 TRIES, (AVG 540460.2727272727)
[1, 4, 10, 23, 57, 132, 301, 701, 1654, 3809, 8836, 20797]...: 48687408: ACCEPTED IN 90 TRIES, (AVG 540971.2)
[1, 4, 10, 23, 57, 132, 301, 701, 1654, 3809, 8836, 20801]...: 11889981: ACCEPTED IN 22 TRIES, (AVG 540453.6818181818)
[1, 4, 10, 23, 57, 132, 301, 701, 1654, 3809, 8836, 20826]...: 9184179: ACCEPTED IN 17 TRIES, (AVG 540245.8235294118)
[1, 4, 10, 23, 57, 132, 301, 701, 1654, 3809, 8836, 20830]...: 68709386: ACCEPTED IN 127 TRIES, (AVG 541018.7874015748)
[1, 4, 10, 23, 57, 132, 301, 701, 1654, 3809, 8836, 20834]...: 5938397: ACCEPTED IN 11 TRIES, (AVG 539854.2727272727)
[1, 4, 10, 23, 57, 132, 301, 701, 1654, 3809, 8836, 20863]...: 10807321: ACCEPTED IN 20 TRIES, (AVG 540366.05)
[1, 4, 10, 23, 57, 132, 301, 701, 1654, 3809, 8836, 20867]...: 41651420: ACCEPTED IN 77 TRIES, (AVG 540927.5324675324)
[1, 4, 10, 23, 57, 132, 301, 701, 1654, 3809, 8836, 20880]...: 53558228: ACCEPTED IN 99 TRIES, (AVG 540992.2020202021)
[1, 4, 10, 23, 57, 132, 301, 701, 1654, 3809, 8836, 20888]...: 35160062: ACCEPTED IN 65 TRIES, (AVG 540924.0307692308)
[1, 4, 10, 23, 57, 132, 301, 701, 1654, 3809, 8836, 20892]...: 33536130: ACCEPTED IN 62 TRIES, (AVG 540905.3225806452)
[1, 4, 10, 23, 57, 132, 301, 701, 1654, 3809, 8836, 20900]...: 32995368: ACCEPTED IN 61 TRIES, (AVG 540907.6721311476)
[1, 4, 10, 23, 57, 132, 301, 701, 1654, 3809, 8836, 20904]...: 11890813: ACCEPTED IN 22 TRIES, (AVG 540491.5)
[1, 4, 10, 23, 57, 132, 301, 701, 1654, 3809, 8836, 20917]...: 35699343: ACCEPTED IN 66 TRIES, (AVG 540899.1363636364)
[1, 4, 10, 23, 57, 132, 301, 701, 1654, 3809, 8836, 20921]...: 21090111: ACCEPTED IN 39 TRIES, (AVG 540772.0769230769)
[1, 4, 10, 23, 57, 132, 301, 701, 1654, 3809, 8836, 20925]...: 8642432: ACCEPTED IN 16 TRIES, (AVG 540152.0)
[1, 4, 10, 23, 57, 132, 301, 701, 1654, 3809, 8836, 20929]...: 12432276: ACCEPTED IN 23 TRIES, (AVG 540533.7391304348)
[1, 4, 10, 23, 57, 132, 301, 701, 1654, 3809, 8836, 20933]...: 12431241: ACCEPTED IN 23 TRIES, (AVG 540488.7391304348)
[1, 4, 10, 23, 57, 132, 301, 701, 1654, 3809, 8836, 20937]...: 34618551: ACCEPTED IN 64 TRIES, (AVG 540914.859375)
[1, 4, 10, 23, 57, 132, 301, 701, 1654, 3809, 8836, 20958]...: 29747831: ACCEPTED IN 55 TRIES, (AVG 540869.6545454545)
[1, 4, 10, 23, 57, 132, 301, 701, 1654, 3809, 8836, 20962]...: 42194310: ACCEPTED IN 78 TRIES, (AVG 540952.6923076923)
[1, 4, 10, 23, 57, 132, 301, 701, 1654, 3809, 8836, 20966]...: 91978291: ACCEPTED IN 170 TRIES, (AVG 541048.7705882353)
[1, 4, 10, 23, 57, 132, 301, 701, 1654, 3809, 8836, 20995]...: 5937356: ACCEPTED IN 11 TRIES, (AVG 539759.6363636364)
[1, 4, 10, 23, 57, 132, 301, 701, 1654, 3809, 8836, 20999]...: 87649713: ACCEPTED IN 162 TRIES, (AVG 541047.6111111111)
[1, 4, 10, 23, 57, 132, 301, 701, 1654, 3809, 8836, 21003]...: 79532838: ACCEPTED IN 147 TRIES, (AVG 541039.7142857143)
[1, 4, 10, 23, 57, 132, 301, 701, 1654, 3809, 8836, 21012]...: 5396502: ACCEPTED IN 10 TRIES, (AVG 539650.2)
[1, 4, 10, 23, 57, 132, 301, 701, 1654, 3809, 8836, 21024]...: 17842816: ACCEPTED IN 33 TRIES, (AVG 540691.3939393939)
[1, 4, 10, 23, 57, 132, 301, 701, 1654, 3809, 8836, 21032]...: 23795156: ACCEPTED IN 44 TRIES, (AVG 540799.0)
[1, 4, 10, 23, 57, 132, 301, 701, 1654, 3809, 8836, 21036]...: 23794864: ACCEPTED IN 44 TRIES, (AVG 540792.3636363636)
[1, 4, 10, 23, 57, 132, 301, 701, 1654, 3809, 8836, 21049]...: 68168261: ACCEPTED IN 126 TRIES, (AVG 541017.9444444445)
[1, 4, 10, 23, 57, 132, 301, 701, 1654, 3809, 8836, 21053]...: 20007091: ACCEPTED IN 37 TRIES, (AVG 540732.1891891892)
[1, 4, 10, 23, 57, 132, 301, 701, 1654, 3809, 8836, 21057]...: 22172556: ACCEPTED IN 41 TRIES, (AVG 540794.0487804879)
[1, 4, 10, 23, 57, 132, 301, 701, 1654, 3809, 8836, 21061]...: 33536075: ACCEPTED IN 62 TRIES, (AVG 540904.4354838709)
[1, 4, 10, 23, 57, 132, 301, 701, 1654, 3809, 8836, 21065]...: 78450162: ACCEPTED IN 145 TRIES, (AVG 541035.6)
[1, 4, 10, 23, 57, 132, 301, 701, 1654, 3809, 8836, 21069]...: 35156990: ACCEPTED IN 65 TRIES, (AVG 540876.7692307692)
[1, 4, 10, 23, 57, 132, 301, 701, 1654, 3809, 8836, 21090]...: 11890555: ACCEPTED IN 22 TRIES, (AVG 540479.7727272727)
[1, 4, 10, 23, 57, 132, 301, 701, 1654, 3809, 8836, 21094]...: 15137572: ACCEPTED IN 28 TRIES, (AVG 540627.5714285715)
[1, 4, 10, 23, 57, 132, 301, 701, 1654, 3809, 8836, 21098]...: 12431476: ACCEPTED IN 23 TRIES, (AVG 540498.9565217391)
[1, 4, 10, 23, 57, 132, 301, 701, 1654, 3809, 8836, 21127]...: 8102967: ACCEPTED IN 15 TRIES, (AVG 540197.8)
[1, 4, 10, 23, 57, 132, 301, 701, 1654, 3809, 8836, 21131]...: 102801541: ACCEPTED IN 190 TRIES, (AVG 541060.7421052632)
[1, 4, 10, 23, 57, 132, 301, 701, 1654, 3809, 8836, 21135]...: 91437700: ACCEPTED IN 169 TRIES, (AVG 541051.4792899408)
[1, 4, 10, 23, 57, 132, 301, 701, 1654, 3809, 8836, 21144]...: 10808753: ACCEPTED IN 20 TRIES, (AVG 540437.65)
[1, 4, 10, 23, 57, 132, 301, 701, 1654, 3809, 8836, 21156]...: 7562012: ACCEPTED IN 14 TRIES, (AVG 540143.7142857143)
[1, 4, 10, 23, 57, 132, 301, 701, 1654, 3809, 8836, 21181]...: 29207134: ACCEPTED IN 54 TRIES, (AVG 540872.8518518518)
[1, 4, 10, 23, 57, 132, 301, 701, 1654, 3809, 8836, 21185]...: 35157247: ACCEPTED IN 65 TRIES, (AVG 540880.723076923)
[1, 4, 10, 23, 57, 132, 301, 701, 1654, 3809, 8836, 21189]...: 29203555: ACCEPTED IN 54 TRIES, (AVG 540806.574074074)
[1, 4, 10, 23, 57, 132, 301, 701, 1654, 3809, 8836, 21193]...: 10808139: ACCEPTED IN 20 TRIES, (AVG 540406.95)
[1, 4, 10, 23, 57, 132, 301, 701, 1654, 3809, 8836, 21197]...: 27583203: ACCEPTED IN 51 TRIES, (AVG 540847.1176470588)
[1, 4, 10, 23, 57, 132, 301, 701, 1654, 3809, 8836, 21201]...: 22172514: ACCEPTED IN 41 TRIES, (AVG 540793.0243902439)
