[1, 4, 10, 23, 57, 132, 301, 701, 1636, 3861, 8505, 18724]...: 60050939: ACCEPTED IN 111 TRIES, (AVG 540999.4504504504)
[1, 4, 10, 23, 57, 132, 301, 701, 1636, 3861, 8505, 18727]...: 86565527: ACCEPTED IN 160 TRIES, (AVG 541034.54375)
[1, 4, 10, 23, 57, 132, 301, 701, 1636, 3861, 8505, 18729]...: 23254498: ACCEPTED IN 43 TRIES, (AVG 540802.2790697674)
[1, 4, 10, 23, 57, 132, 301, 701, 1636, 3861, 8505, 18734]...: 72498057: ACCEPTED IN 134 TRIES, (AVG 541030.276119403)
[1, 4, 10, 23, 57, 132, 301, 701, 1636, 3861, 8505, 18761]...: 51934969: ACCEPTED IN 96 TRIES, (AVG 540989.2604166666)
[1, 4, 10, 23, 57, 132, 301, 701, 1636, 3861, 8505, 18823]...: 27583783: ACCEPTED IN 51 TRIES, (AVG 540858.4901960784)
[1, 4, 10, 23, 57, 132, 301, 701, 1636, 3861, 8505, 18824]...: 72497131: ACCEPTED IN 134 TRIES, (AVG 541023.3656716418)
[1, 4, 10, 23, 57, 132, 301, 701, 1636, 3861, 8505, 18826]...: 35700735: ACCEPTED IN 66 TRIES, (AVG 540920.2272727273)
[1, 4, 10, 23, 57, 132, 301, 701, 1636, 3861, 8505, 18828]...: 78990927: ACCEPTED IN 146 TRIES, (AVG 541033.7465753425)
[1, 4, 10, 23, 57, 132, 301, 701, 1636, 3861, 8505, 18856]...: 59510582: ACCEPTED IN 110 TRIES, (AVG 541005.2909090909)
[1, 4, 10, 23, 57, 132, 301, 701, 1636, 3861, 8505, 18859]...: 39489120: ACCEPTED IN 73 TRIES, (AVG 540946.8493150685)
[1, 4, 10, 23, 57, 132, 301, 701, 1636, 3861, 8505, 18861]...: 88191024: ACCEPTED IN 163 TRIES, (AVG 541049.226993865)
[1, 4, 10, 23, 57, 132, 301, 701, 1636, 3861, 8505, 18866]...: 11891008: ACCEPTED IN 22 TRIES, (AVG 540500.3636363636)
[1, 4, 10, 23, 57, 132, 301, 701, 1636, 3861, 8505, 18890]...: 181806165: ACCEPTED IN 336 TRIES, (AVG 541089.7767857143)
[1, 4, 10, 23, 57, 132, 301, 701, 1636, 3861, 8505, 18896]...: 23796156: ACCEPTED IN 44 TRIES, (AVG 540821.7272727273)
[1, 4, 10, 23, 57, 132, 301, 701, 1636, 3861, 8505, 18903]...: 31911983: ACCEPTED IN 59 TRIES, (AVG 540881.0677966102)
[1, 4, 10, 23, 57, 132, 301, 701, 1636, 3861, 8505, 18923]...: 30829767: ACCEPTED IN 57 TRIES, (AVG 540873.1052631579)
[1, 4, 10, 23, 57, 132, 301, 701, 1636, 3861, 8505, 18926]...: 50310312: ACCEPTED IN 93 TRIES, (AVG 540971.0967741936)
[1, 4, 10, 23, 57, 132, 301, 701, 1636, 3861, 8505, 18927]...: 36241538: ACCEPTED IN 67 TRIES, (AVG 540918.4776119404)
[1, 4, 10, 23, 57, 132, 301, 701, 1636, 3861, 8505, 18955]...: 51392536: ACCEPTED IN 95 TRIES, (AVG 540974.0631578948)
[1, 4, 10, 23, 57, 132, 301, 701, 1636, 3861, 8505, 18958]...: 35159271: ACCEPTED IN 65 TRIES, (AVG 540911.8615384615)
[1, 4, 10, 23, 57, 132, 301, 701, 1636, 3861, 8505, 18991]...: 51935045: ACCEPTED IN 96 TRIES, (AVG 540990.0520833334)
[1, 4, 10, 23, 57, 132, 301, 701, 1636, 3861, 8505, 18995]...: 49227013: ACCEPTED IN 91 TRIES, (AVG 540956.1868131869)
[1, 4, 10, 23, 57, 132, 301, 701, 1636, 3861, 8505, 18998]...: 79532885: ACCEPTED IN 147 TRIES, (AVG 541040.0340136054)
[1, 4, 10, 23, 57, 132, 301, 701, 1636, 3861, 8505, 19022]...: 34075919: ACCEPTED IN 63 TRIES, (AVG 540887.6031746032)
[1, 4, 10, 23, 57, 132, 301, 701, 1636, 3861, 8505, 19025]...: 31370533: ACCEPTED IN 58 TRIES, (AVG 540871.2586206896)
[1, 4, 10, 23, 57, 132, 301, 701, 1636, 3861, 8505, 19028]...: 35158829: ACCEPTED IN 65 TRIES, (AVG 540905.0615384616)
[1, 4, 10, 23, 57, 132, 301, 701, 1636, 3861, 8505, 19035]...: 33534564: ACCEPTED IN 62 TRIES, (AVG 540880.0645161291)
[1, 4, 10, 23, 57, 132, 301, 701, 1636, 3861, 8505, 19058]...: 35159861: ACCEPTED IN 65 TRIES, (AVG 540920.9384615384)
[1, 4, 10, 23, 57, 132, 301, 701, 1636, 3861, 8505, 19062]...: 119576783: ACCEPTED IN 221 TRIES, (AVG 541071.4162895927)
[1, 4, 10, 23, 57, 132, 301, 701, 1636, 3861, 8505, 19090]...: 33535258: ACCEPTED IN 62 TRIES, (AVG 540891.2580645161)
[1, 4, 10, 23, 57, 132, 301, 701, 1636, 3861, 8505, 19121]...: 38947252: ACCEPTED IN 72 TRIES, (AVG 540934.0555555555)
[1, 4, 10, 23, 57, 132, 301, 701, 1636, 3861, 8505, 19124]...: 6479560: ACCEPTED IN 12 TRIES, (AVG 539963.3333333334)
[1, 4, 10, 23, 57, 132, 301, 701, 1636, 3861, 8505, 19125]...: 31910160: ACCEPTED IN 59 TRIES, (AVG 540850.1694915254)
[1, 4, 10, 23, 57, 132, 301, 701, 1636, 3861, 8505, 19127]...: 37324242: ACCEPTED IN 69 TRIES, (AVG 540931.0434782609)
[1, 4, 10, 23, 57, 132, 301, 701, 1636, 3861, 8505, 19129]...: 36783302: ACCEPTED IN 68 TRIES, (AVG 540930.9117647059)
[1, 4, 10, 23, 57, 132, 301, 701, 1636, 3861, 8505, 19157]...: 34618870: ACCEPTED IN 64 TRIES, (AVG 540919.84375)
[1, 4, 10, 23, 57, 132, 301, 701, 1636, 3861, 8505, 19160]...: 12430649: ACCEPTED IN 23 TRIES, (AVG 540463.0)
[1, 4, 10, 23, 57, 132, 301, 701, 1636, 3861, 8505, 19161]...: 7559674: ACCEPTED IN 14 TRIES, (AVG 539976.7142857143)
[1, 4, 10, 23, 57, 132, 301, 701, 1636, 3861, 8505, 19167]...: 48147294: ACCEPTED IN 89 TRIES, (AVG 540980.8314606742)
[1, 4, 10, 23, 57, 132, 301, 701, 1636, 3861, 8505, 19191]...: 36783314: ACCEPTED IN 68 TRIES, (AVG 540931.0882352941)
[1, 4, 10, 23, 57, 132, 301, 701, 1636, 3861, 8505, 19194]...: 18383951: ACCEPTED IN 34 TRIES, (AVG 540704.4411764706)
[1, 4, 10, 23, 57, 132, 301, 701, 1636, 3861, 8505, 19197]...: 30289447: ACCEPTED IN 56 TRIES, (AVG 540882.9821428572)
[1, 4, 10, 23, 57, 132, 301, 701, 1636, 3861, 8505, 19223]...: 41111588: ACCEPTED IN 76 TRIES, (AVG 540941.947368421)
[1, 4, 10, 23, 57, 132, 301, 701, 1636, 3861, 8505, 19224]...: 17302173: ACCEPTED IN 32 TRIES, (AVG 540692.90625)
[1, 4, 10, 23, 57, 132, 301, 701, 1636, 3861, 8505, 19228]...: 29748296: ACCEPTED IN 55 TRIES, (AVG 540878.1090909091)
[1, 4, 10, 23, 57, 132, 301, 701, 1636, 3861, 8505, 19256]...: 36242058: ACCEPTED IN 67 TRIES, (AVG 540926.2388059702)
[1, 4, 10, 23, 57, 132, 301, 701, 1636, 3861, 8505, 19259]...: 40570767: ACCEPTED IN 75 TRIES, (AVG 540943.56)
[1, 4, 10, 23, 57, 132, 301, 701, 1636, 3861, 8505, 19260]...: 37324603: ACCEPTED IN 69 TRIES, (AVG 540936.2753623188)
[1, 4, 10, 23, 57, 132, 301, 701, 1636, 3861, 8505, 19261]...: 81155305: ACCEPTED IN 150 TRIES, (AVG 541035.3666666667)
[1, 4, 10, 23, 57, 132, 301, 701, 1636, 3861, 8505, 19290]...: 28123658: ACCEPTED IN 52 TRIES, (AVG 540839.5769230769)
[1, 4, 10, 23, 57, 132, 301, 701, 1636, 3861, 8505, 19292]...: 73039158: ACCEPTED IN 135 TRIES, (AVG 541030.8)
[1, 4, 10, 23, 57, 132, 301, 701, 1636, 3861, 8505, 19293]...: 32453863: ACCEPTED IN 60 TRIES, (AVG 540897.7166666667)
[1, 4, 10, 23, 57, 132, 301, 701, 1636, 3861, 8505, 19296]...: 32995431: ACCEPTED IN 61 TRIES, (AVG 540908.7049180327)
[1, 4, 10, 23, 57, 132, 301, 701, 1636, 3861, 8505, 19299]...: 23795514: ACCEPTED IN 44 TRIES, (AVG 540807.1363636364)
[1, 4, 10, 23, 57, 132, 301, 701, 1636, 3861, 8505, 19323]...: 11890339: ACCEPTED IN 22 TRIES, (AVG 540469.9545454546)
[1, 4, 10, 23, 57, 132, 301, 701, 1636, 3861, 8505, 19326]...: 14596539: ACCEPTED IN 27 TRIES, (AVG 540612.5555555555)
[1, 4, 10, 23, 57, 132, 301, 701, 1636, 3861, 8505, 19327]...: 46523691: ACCEPTED IN 86 TRIES, (AVG 540973.1511627907)
[1, 4, 10, 23, 57, 132, 301, 701, 1636, 3861, 8505, 19329]...: 36780257: ACCEPTED IN 68 TRIES, (AVG 540886.1323529412)
[1, 4, 10, 23, 57, 132, 301, 701, 1636, 3861, 8505, 19355]...: 14596327: ACCEPTED IN 27 TRIES, (AVG 540604.7037037037)
[1, 4, 10, 23, 57, 132, 301, 701, 1636, 3861, 8505, 19359]...: 31911835: ACCEPTED IN 59 TRIES, (AVG 540878.5593220339)
[1, 4, 10, 23, 57, 132, 301, 701, 1636, 3861, 8505, 19360]...: 49229496: ACCEPTED IN 91 TRIES, (AVG 540983.4725274725)
[1, 4, 10, 23, 57, 132, 301, 701, 1636, 3861, 8505, 19363]...: 36241347: ACCEPTED IN 67 TRIES, (AVG 540915.6268656716)
[1, 4, 10, 23, 57, 132, 301, 701, 1636, 3861, 8505, 19391]...: 87107871: ACCEPTED IN 161 TRIES, (AVG 541042.6770186336)
[1, 4, 10, 23, 57, 132, 301, 701, 1636, 3861, 8505, 19392]...: 27582573: ACCEPTED IN 51 TRIES, (AVG 540834.7647058824)
[1, 4, 10, 23, 57, 132, 301, 701, 1636, 3861, 8505, 19393]...: 24878428: ACCEPTED IN 46 TRIES, (AVG 540835.3913043478)
[1, 4, 10, 23, 57, 132, 301, 701, 1636, 3861, 8505, 19395]...: 13514012: ACCEPTED IN 25 TRIES, (AVG 540560.48)
[1, 4, 10, 23, 57, 132, 301, 701, 1636, 3861, 8505, 19422]...: 29207461: ACCEPTED IN 54 TRIES, (AVG 540878.9074074074)
[1, 4, 10, 23, 57, 132, 301, 701, 1636, 3861, 8505, 19425]...: 12972448: ACCEPTED IN 24 TRIES, (AVG 540518.6666666666)
[1, 4, 10, 23, 57, 132, 301, 701, 1636, 3861, 8505, 19426]...: 9726163: ACCEPTED IN 18 TRIES, (AVG 540342.3888888889)
[1, 4, 10, 23, 57, 132, 301, 701, 1636, 3861, 8505, 19428]...: 35700299: ACCEPTED IN 66 TRIES, (AVG 540913.6212121212)
[1, 4, 10, 23, 57, 132, 301, 701, 1636, 3861, 8505, 19430]...: 14595496: ACCEPTED IN 27 TRIES, (AVG 540573.925925926)
[1, 4, 10, 23, 57, 132, 301, 701, 1636, 3861, 8505, 19458]...: 31911315: ACCEPTED IN 59 TRIES, (AVG 540869.7457627119)
[1, 4, 10, 23, 57, 132, 301, 701, 1636, 3861, 8505, 19459]...: 36782924: ACCEPTED IN 68 TRIES, (AVG 540925.3529411765)
[1, 4, 10, 23, 57, 132, 301, 701, 1636, 3861, 8505, 19461]...: 35701023: ACCEPTED IN 66 TRIES, (AVG 540924.5909090909)
[1, 4, 10, 23, 57, 132, 301, 701, 1636, 3861, 8505, 19462]...: 34618277: ACCEPTED IN 64 TRIES, (AVG 540910.578125)
[1, 4, 10, 23, 57, 132, 301, 701, 1636, 3861, 8505, 19492]...: 14055636: ACCEPTED IN 26 TRIES, (AVG 540601.3846153846)
[1, 4, 10, 23, 57, 132, 301, 701, 1636, 3861, 8505, 19495]...: 52475976: ACCEPTED IN 97 TRIES, (AVG 540989.4432989691)
[1, 4, 10, 23, 57, 132, 301, 701, 1636, 3861, 8505, 19524]...: 25960120: ACCEPTED IN 48 TRIES, (AVG 540835.8333333334)
[1, 4, 10, 23, 57, 132, 301, 701, 1636, 3861, 8505, 19525]...: 13513448: ACCEPTED IN 25 TRIES, (AVG 540537.92)
[1, 4, 10, 23, 57, 132, 301, 701, 1636, 3861, 8505, 19527]...: 23254324: ACCEPTED IN 43 TRIES, (AVG 540798.2325581395)
[1, 4, 10, 23, 57, 132, 301, 701, 1636, 3861, 8505, 19557]...: 16761327: ACCEPTED IN 31 TRIES, (AVG 540687.9677419355)
[1, 4, 10, 23, 57, 132, 301, 701, 1636, 3861, 8505, 19558]...: 44358097: ACCEPTED IN 82 TRIES, (AVG 540952.4024390244)
[1, 4, 10, 23, 57, 132, 301, 701, 1636, 3861, 8505, 19560]...: 31370775: ACCEPTED IN 58 TRIES, (AVG 540875.4310344828)
[1, 4, 10, 23, 57, 132, 301, 701, 1636, 3861, 8505, 19561]...: 27582658: ACCEPTED IN 51 TRIES, (AVG 540836.431372549)
[1, 4, 10, 23, 57, 132, 301, 701, 1636, 3861, 8505, 19562]...: 21089182: ACCEPTED IN 39 TRIES, (AVG 540748.2564102564)
[1, 4, 10, 23, 57, 132, 301, 701, 1636, 3861, 8505, 19591]...: 38404392: ACCEPTED IN 71 TRIES, (AVG 540906.9295774648)
[1, 4, 10, 23, 57, 132, 301, 701, 1636, 3861, 8505, 19593]...: 30288137: ACCEPTED IN 56 TRIES, (AVG 540859.5892857143)
[1, 4, 10, 23, 57, 132, 301, 701, 1636, 3861, 8505, 19594]...: 37864649: ACCEPTED IN 70 TRIES, (AVG 540923.5571428571)
[1, 4, 10, 23, 57, 132, 301, 701, 1636, 3861, 8505, 19597]...: 12972749: ACCEPTED IN 24 TRIES, (AVG 540531.2083333334)
[1, 4, 10, 23, 57, 132, 301, 701, 1636, 3861, 8505, 19624]...: 25958847: ACCEPTED IN 48 TRIES, (AVG 540809.3125)
[1, 4, 10, 23, 57, 132, 301, 701, 1636, 3861, 8505, 19627]...: 43276325: ACCEPTED IN 80 TRIES, (AVG 540954.0625)
[1, 4, 10, 23, 57, 132, 301, 701, 1636, 3861, 8505, 19628]...: 22712392: ACCEPTED IN 42 TRIES, (AVG 540771.2380952381)
[1, 4, 10, 23, 57, 132, 301, 701, 1636, 3861, 8505, 19629]...: 10265097: ACCEPTED IN 19 TRIES, (AVG 540268.2631578947)
[1, 4, 10, 23, 57, 132, 301, 701, 1636, 3861, 8505, 19656]...: 30289156: ACCEPTED IN 56 TRIES, (AVG 540877.7857142857)
[1, 4, 10, 23, 57, 132, 301, 701, 1636, 3861, 8505, 19659]...: 14054357: ACCEPTED IN 26 TRIES, (AVG 540552.1923076923)
[1, 4, 10, 23, 57, 132, 301, 701, 1636, 3861, 8505, 19660]...: 41111782: ACCEPTED IN 76 TRIES, (AVG 540944.5)
[1, 4, 10, 23, 57, 132, 301, 701, 1636, 3861, 8505, 19661]...: 13513604: ACCEPTED IN 25 TRIES, (AVG 540544.16)
[1, 4, 10, 23, 57, 132, 301, 701, 1636, 3861, 8505, 19664]...: 37863520: ACCEPTED IN 70 TRIES, (AVG 540907.4285714285)
[1, 4, 10, 23, 57, 132, 301, 701, 1636, 3861, 8505, 19692]...: 13514408: ACCEPTED IN 25 TRIES, (AVG 540576.32)
[1, 4, 10, 23, 57, 132, 301, 701, 1636, 3861, 8505, 19693]...: 39489136: ACCEPTED IN 73 TRIES, (AVG 540947.0684931506)
[1, 4, 10, 23, 57, 132, 301, 701, 1636, 3861, 8505, 19694]...: 28664939: ACCEPTED IN 53 TRIES, (AVG 540847.9056603773)
[1, 4, 10, 23, 57, 132, 301, 701, 1636, 3861, 8505, 19696]...: 7561666: ACCEPTED IN 14 TRIES, (AVG 540119.0)
[1, 4, 10, 23, 57, 132, 301, 701, 1636, 3861, 8505, 19723]...: 14595216: ACCEPTED IN 27 TRIES, (AVG 540563.5555555555)
[1, 4, 10, 23, 57, 132, 301, 701, 1636, 3861, 8505, 19726]...: 14595773: ACCEPTED IN 27 TRIES, (AVG 540584.1851851852)
[1, 4, 10, 23, 57, 132, 301, 701, 1636, 3861, 8505, 19727]...: 23254876: ACCEPTED IN 43 TRIES, (AVG 540811.0697674418)
[1, 4, 10, 23, 57, 132, 301, 701, 1636, 3861, 8505, 19729]...: 36782762: ACCEPTED IN 68 TRIES, (AVG 540922.9705882353)
[1, 4, 10, 23, 57, 132, 301, 701, 1636, 3861, 8505, 19759]...: 12431659: ACCEPTED IN 23 TRIES, (AVG 540506.9130434783)
[1, 4, 10, 23, 57, 132, 301, 701, 1636, 3861, 8505, 19760]...: 35700921: ACCEPTED IN 66 TRIES, (AVG 540923.0454545454)
[1, 4, 10, 23, 57, 132, 301, 701, 1636, 3861, 8505, 19761]...: 24875800: ACCEPTED IN 46 TRIES, (AVG 540778.2608695652)
[1, 4, 10, 23, 57, 132, 301, 701, 1636, 3861, 8505, 19763]...: 11890203: ACCEPTED IN 22 TRIES, (AVG 540463.7727272727)
[1, 4, 10, 23, 57, 132, 301, 701, 1636, 3861, 8505, 19791]...: 5936409: ACCEPTED IN 11 TRIES, (AVG 539673.5454545454)
[1, 4, 10, 23, 57, 132, 301, 701, 1636, 3861, 8505, 19792]...: 46521035: ACCEPTED IN 86 TRIES, (AVG 540942.2674418605)
[1, 4, 10, 23, 57, 132, 301, 701, 1636, 3861, 8505, 19793]...: 32994987: ACCEPTED IN 61 TRIES, (AVG 540901.4262295082)
[1, 4, 10, 23, 57, 132, 301, 701, 1636, 3861, 8505, 19796]...: 23254999: ACCEPTED IN 43 TRIES, (AVG 540813.9302325582)
[1, 4, 10, 23, 57, 132, 301, 701, 1636, 3861, 8505, 19825]...: 15136862: ACCEPTED IN 28 TRIES, (AVG 540602.2142857143)
[1, 4, 10, 23, 57, 132, 301, 701, 1636, 3861, 8505, 19826]...: 30830837: ACCEPTED IN 57 TRIES, (AVG 540891.8771929825)
[1, 4, 10, 23, 57, 132, 301, 701, 1636, 3861, 8505, 19828]...: 50309321: ACCEPTED IN 93 TRIES, (AVG 540960.4408602151)
[1, 4, 10, 23, 57, 132, 301, 701, 1636, 3861, 8505, 19858]...: 39488659: ACCEPTED IN 73 TRIES, (AVG 540940.5342465753)
[1, 4, 10, 23, 57, 132, 301, 701, 1636, 3861, 8505, 19859]...: 23254488: ACCEPTED IN 43 TRIES, (AVG 540802.0465116279)
[1, 4, 10, 23, 57, 132, 301, 701, 1636, 3861, 8505, 19861]...: 10807094: ACCEPTED IN 20 TRIES, (AVG 540354.7)
[1, 4, 10, 23, 57, 132, 301, 701, 1636, 3861, 8505, 19862]...: 37865066: ACCEPTED IN 70 TRIES, (AVG 540929.5142857142)
[1, 4, 10, 23, 57, 132, 301, 701, 1636, 3861, 8505, 19892]...: 7561761: ACCEPTED IN 14 TRIES, (AVG 540125.7857142857)
[1, 4, 10, 23, 57, 132, 301, 701, 1636, 3861, 8505, 19893]...: 15136487: ACCEPTED IN 28 TRIES, (AVG 540588.8214285715)
[1, 4, 10, 23, 57, 132, 301, 701, 1636, 3861, 8505, 19894]...: 35160045: ACCEPTED IN 65 TRIES, (AVG 540923.7692307692)
[1, 4, 10, 23, 57, 132, 301, 701, 1636, 3861, 8505, 19895]...: 23254971: ACCEPTED IN 43 TRIES, (AVG 540813.2790697674)
[1, 4, 10, 23, 57, 132, 301, 701, 1636, 3861, 8505, 19898]...: 27583960: ACCEPTED IN 51 TRIES, (AVG 540861.9607843137)
[1, 4, 10, 23, 57, 132, 301, 701, 1636, 3861, 8505, 19924]...: 28666397: ACCEPTED IN 53 TRIES, (AVG 540875.4150943396)
[1, 4, 10, 23, 57, 132, 301, 701, 1636, 3861, 8505, 19925]...: 35158143: ACCEPTED IN 65 TRIES, (AVG 540894.5076923077)
[1, 4, 10, 23, 57, 132, 301, 701, 1636, 3861, 8505, 19928]...: 28124297: ACCEPTED IN 52 TRIES, (AVG 540851.8653846154)
[1, 4, 10, 23, 57, 132, 301, 701, 1636, 3861, 8505, 19929]...: 30289163: ACCEPTED IN 56 TRIES, (AVG 540877.9107142857)
[1, 4, 10, 23, 57, 132, 301, 701, 1636, 3861, 8505, 19930]...: 8100767: ACCEPTED IN 15 TRIES, (AVG 540051.1333333333)
[1, 4, 10, 23, 57, 132, 301, 701, 1636, 3861, 8505, 19957]...: 27583918: ACCEPTED IN 51 TRIES, (AVG 540861.1372549019)
[1, 4, 10, 23, 57, 132, 301, 701, 1636, 3861, 8505, 19960]...: 24877978: ACCEPTED IN 46 TRIES, (AVG 540825.6086956522)
[1, 4, 10, 23, 57, 132, 301, 701, 1636, 3861, 8505, 19961]...: 17301953: ACCEPTED IN 32 TRIES, (AVG 540686.03125)
[1, 4, 10, 23, 57, 132, 301, 701, 1636, 3861, 8505, 19962]...: 11889842: ACCEPTED IN 22 TRIES, (AVG 540447.3636363636)
[1, 4, 10, 23, 57, 132, 301, 701, 1636, 3861, 8505, 19993]...: 18925856: ACCEPTED IN 35 TRIES, (AVG 540738.7428571428)
[1, 4, 10, 23, 57, 132, 301, 701, 1636, 3861, 8505, 19994]...: 34618363: ACCEPTED IN 64 TRIES, (AVG 540911.921875)
[1, 4, 10, 23, 57, 132, 301, 701, 1636, 3861, 8505, 19997]...: 4314424: ACCEPTED IN 8 TRIES, (AVG 539303.0)
[1, 4, 10, 23, 57, 132, 301, 701, 1636, 3861, 8505, 20024]...: 31368329: ACCEPTED IN 58 TRIES, (AVG 540833.2586206896)
[1, 4, 10, 23, 57, 132, 301, 701, 1636, 3861, 8505, 20025]...: 35701059: ACCEPTED IN 66 TRIES, (AVG 540925.1363636364)
[1, 4, 10, 23, 57, 132, 301, 701, 1636, 3861, 8505, 20026]...: 13514482: ACCEPTED IN 25 TRIES, (AVG 540579.28)
[1, 4, 10, 23, 57, 132, 301, 701, 1636, 3861, 8505, 20027]...: 31369160: ACCEPTED IN 58 TRIES, (AVG 540847.5862068966)
[1, 4, 10, 23, 57, 132, 301, 701, 1636, 3861, 8505, 20028]...: 18925068: ACCEPTED IN 35 TRIES, (AVG 540716.2285714286)
[1, 4, 10, 23, 57, 132, 301, 701, 1636, 3861, 8505, 20030]...: 32993950: ACCEPTED IN 61 TRIES, (AVG 540884.4262295082)
[1, 4, 10, 23, 57, 132, 301, 701, 1636, 3861, 8505, 20056]...: 22713461: ACCEPTED IN 42 TRIES, (AVG 540796.6904761905)
[1, 4, 10, 23, 57, 132, 301, 701, 1636, 3861, 8505, 20060]...: 31912603: ACCEPTED IN 59 TRIES, (AVG 540891.5762711865)
[1, 4, 10, 23, 57, 132, 301, 701, 1636, 3861, 8505, 20061]...: 32995284: ACCEPTED IN 61 TRIES, (AVG 540906.2950819673)
[1, 4, 10, 23, 57, 132, 301, 701, 1636, 3861, 8505, 20062]...: 24877993: ACCEPTED IN 46 TRIES, (AVG 540825.9347826086)
[1, 4, 10, 23, 57, 132, 301, 701, 1636, 3861, 8505, 20064]...: 14054599: ACCEPTED IN 26 TRIES, (AVG 540561.5)
[1, 4, 10, 23, 57, 132, 301, 701, 1636, 3861, 8505, 20092]...: 41112310: ACCEPTED IN 76 TRIES, (AVG 540951.447368421)
[1, 4, 10, 23, 57, 132, 301, 701, 1636, 3861, 8505, 20093]...: 21090231: ACCEPTED IN 39 TRIES, (AVG 540775.1538461539)
[1, 4, 10, 23, 57, 132, 301, 701, 1636, 3861, 8505, 20094]...: 39488468: ACCEPTED IN 73 TRIES, (AVG 540937.9178082192)
[1, 4, 10, 23, 57, 132, 301, 701, 1636, 3861, 8505, 20096]...: 15136258: ACCEPTED IN 28 TRIES, (AVG 540580.6428571428)
[1, 4, 10, 23, 57, 132, 301, 701, 1636, 3861, 8505, 20126]...: 7559983: ACCEPTED IN 14 TRIES, (AVG 539998.7857142857)
[1, 4, 10, 23, 57, 132, 301, 701, 1636, 3861, 8505, 20127]...: 14596693: ACCEPTED IN 27 TRIES, (AVG 540618.2592592592)
[1, 4, 10, 23, 57, 132, 301, 701, 1636, 3861, 8505, 20129]...: 32454037: ACCEPTED IN 60 TRIES, (AVG 540900.6166666667)
[1, 4, 10, 23, 57, 132, 301, 701, 1636, 3861, 8505, 20158]...: 31912271: ACCEPTED IN 59 TRIES, (AVG 540885.9491525424)
[1, 4, 10, 23, 57, 132, 301, 701, 1636, 3861, 8505, 20159]...: 11890804: ACCEPTED IN 22 TRIES, (AVG 540491.0909090909)
[1, 4, 10, 23, 57, 132, 301, 701, 1636, 3861, 8505, 20160]...: 43817389: ACCEPTED IN 81 TRIES, (AVG 540955.4197530864)
[1, 4, 10, 23, 57, 132, 301, 701, 1636, 3861, 8505, 20162]...: 29748477: ACCEPTED IN 55 TRIES, (AVG 540881.4)
[1, 4, 10, 23, 57, 132, 301, 701, 1636, 3861, 8505, 20163]...: 36783372: ACCEPTED IN 68 TRIES, (AVG 540931.9411764706)
[1, 4, 10, 23, 57, 132, 301, 701, 1636, 3861, 8505, 20193]...: 29748643: ACCEPTED IN 55 TRIES, (AVG 540884.4181818182)
[1, 4, 10, 23, 57, 132, 301, 701, 1636, 3861, 8505, 20194]...: 14596428: ACCEPTED IN 27 TRIES, (AVG 540608.4444444445)
[1, 4, 10, 23, 57, 132, 301, 701, 1636, 3861, 8505, 20195]...: 23253894: ACCEPTED IN 43 TRIES, (AVG 540788.2325581395)
[1, 4, 10, 23, 57, 132, 301, 701, 1636, 3861, 8505, 20196]...: 17302390: ACCEPTED IN 32 TRIES, (AVG 540699.6875)
[1, 4, 10, 23, 57, 132, 301, 701, 1636, 3861, 8505, 20225]...: 13513825: ACCEPTED IN 25 TRIES, (AVG 540553.0)
[1, 4, 10, 23, 57, 132, 301, 701, 1636, 3861, 8505, 20226]...: 34075055: ACCEPTED IN 63 TRIES, (AVG 540873.8888888889)
[1, 4, 10, 23, 57, 132, 301, 701, 1636, 3861, 8505, 20228]...: 19465995: ACCEPTED IN 36 TRIES, (AVG 540722.0833333334)
[1, 4, 10, 23, 57, 132, 301, 701, 1636, 3861, 8505, 20231]...: 23255013: ACCEPTED IN 43 TRIES, (AVG 540814.2558139535)
[1, 4, 10, 23, 57, 132, 301, 701, 1636, 3861, 8505, 20258]...: 15678579: ACCEPTED IN 29 TRIES, (AVG 540640.6551724138)
[1, 4, 10, 23, 57, 132, 301, 701, 1636, 3861, 8505, 20259]...: 9184970: ACCEPTED IN 17 TRIES, (AVG 540292.3529411765)
[1, 4, 10, 23, 57, 132, 301, 701, 1636, 3861, 8505, 20261]...: 48147127: ACCEPTED IN 89 TRIES, (AVG 540978.9550561798)
[1, 4, 10, 23, 57, 132, 301, 701, 1636, 3861, 8505, 20262]...: 20548387: ACCEPTED IN 38 TRIES, (AVG 540747.0263157894)
[1, 4, 10, 23, 57, 132, 301, 701, 1636, 3861, 8505, 20263]...: 48146369: ACCEPTED IN 89 TRIES, (AVG 540970.4382022471)
[1, 4, 10, 23, 57, 132, 301, 701, 1636, 3861, 8505, 20290]...: 31369178: ACCEPTED IN 58 TRIES, (AVG 540847.8965517242)
[1, 4, 10, 23, 57, 132, 301, 701, 1636, 3861, 8505, 20294]...: 20549048: ACCEPTED IN 38 TRIES, (AVG 540764.4210526316)
[1, 4, 10, 23, 57, 132, 301, 701, 1636, 3861, 8505, 20298]...: 13514512: ACCEPTED IN 25 TRIES, (AVG 540580.48)
[1, 4, 10, 23, 57, 132, 301, 701, 1636, 3861, 8505, 20325]...: 32453456: ACCEPTED IN 60 TRIES, (AVG 540890.9333333333)
[1, 4, 10, 23, 57, 132, 301, 701, 1636, 3861, 8505, 20326]...: 10808774: ACCEPTED IN 20 TRIES, (AVG 540438.7)
[1, 4, 10, 23, 57, 132, 301, 701, 1636, 3861, 8505, 20327]...: 29747216: ACCEPTED IN 55 TRIES, (AVG 540858.4727272728)
[1, 4, 10, 23, 57, 132, 301, 701, 1636, 3861, 8505, 20328]...: 22171636: ACCEPTED IN 41 TRIES, (AVG 540771.6097560975)
[1, 4, 10, 23, 57, 132, 301, 701, 1636, 3861, 8505, 20329]...: 36782226: ACCEPTED IN 68 TRIES, (AVG 540915.0882352941)
[1, 4, 10, 23, 57, 132, 301, 701, 1636, 3861, 8505, 20330]...: 12431980: ACCEPTED IN 23 TRIES, (AVG 540520.8695652174)
[1, 4, 10, 23, 57, 132, 301, 701, 1636, 3861, 8505, 20357]...: 14595758: ACCEPTED IN 27 TRIES, (AVG 540583.6296296297)
[1, 4, 10, 23, 57, 132, 301, 701, 1636, 3861, 8505, 20360]...: 14055237: ACCEPTED IN 26 TRIES, (AVG 540586.0384615385)
[1, 4, 10, 23, 57, 132, 301, 701, 1636, 3861, 8505, 20361]...: 23253344: ACCEPTED IN 43 TRIES, (AVG 540775.4418604651)
[1, 4, 10, 23, 57, 132, 301, 701, 1636, 3861, 8505, 20362]...: 32454027: ACCEPTED IN 60 TRIES, (AVG 540900.45)
[1, 4, 10, 23, 57, 132, 301, 701, 1636, 3861, 8505, 20363]...: 10808421: ACCEPTED IN 20 TRIES, (AVG 540421.05)
[1, 4, 10, 23, 57, 132, 301, 701, 1636, 3861, 8505, 20365]...: 11891184: ACCEPTED IN 22 TRIES, (AVG 540508.3636363636)
[1, 4, 10, 23, 57, 132, 301, 701, 1636, 3861, 8505, 20393]...: 30288861: ACCEPTED IN 56 TRIES, (AVG 540872.5178571428)
[1, 4, 10, 23, 57, 132, 301, 701, 1636, 3861, 8505, 20394]...: 23253375: ACCEPTED IN 43 TRIES, (AVG 540776.1627906977)
[1, 4, 10, 23, 57, 132, 301, 701, 1636, 3861, 8505, 20395]...: 14596835: ACCEPTED IN 27 TRIES, (AVG 540623.5185185185)
[1, 4, 10, 23, 57, 132, 301, 701, 1636, 3861, 8505, 20397]...: 8102538: ACCEPTED IN 15 TRIES, (AVG 540169.2)
