[1, 4, 10, 23, 57, 132, 301, 701, 1636, 3762, 9000, 19846]...: 11890662: ACCEPTED IN 22 TRIES, (AVG 540484.6363636364)
[1, 4, 10, 23, 57, 132, 301, 701, 1636, 3762, 9000, 19913]...: 14053777: ACCEPTED IN 26 TRIES, (AVG 540529.8846153846)
[1, 4, 10, 23, 57, 132, 301, 701, 1636, 3762, 9000, 19945]...: 7019672: ACCEPTED IN 13 TRIES, (AVG 539974.7692307692)
[1, 4, 10, 23, 57, 132, 301, 701, 1636, 3762, 9000, 19981]...: 10267743: ACCEPTED IN 19 TRIES, (AVG 540407.5263157894)
[1, 4, 10, 23, 57, 132, 301, 701, 1636, 3762, 9000, 19992]...: 12973277: ACCEPTED IN 24 TRIES, (AVG 540553.2083333334)
[1, 4, 10, 23, 57, 132, 301, 701, 1636, 3762, 9000, 20012]...: 10265801: ACCEPTED IN 19 TRIES, (AVG 540305.3157894737)
[1, 4, 10, 23, 57, 132, 301, 701, 1636, 3762, 9000, 20111]...: 12972674: ACCEPTED IN 24 TRIES, (AVG 540528.0833333334)
[1, 4, 10, 23, 57, 132, 301, 701, 1636, 3762, 9000, 20124]...: 22171841: ACCEPTED IN 41 TRIES, (AVG 540776.6097560975)
[1, 4, 10, 23, 57, 132, 301, 701, 1636, 3762, 9000, 20147]...: 7562017: ACCEPTED IN 14 TRIES, (AVG 540144.0714285715)
[1, 4, 10, 23, 57, 132, 301, 701, 1636, 3762, 9000, 20214]...: 8099543: ACCEPTED IN 15 TRIES, (AVG 539969.5333333333)
[1, 4, 10, 23, 57, 132, 301, 701, 1636, 3762, 9000, 20246]...: 7020446: ACCEPTED IN 13 TRIES, (AVG 540034.3076923077)
[1, 4, 10, 23, 57, 132, 301, 701, 1636, 3762, 9000, 20256]...: 9724651: ACCEPTED IN 18 TRIES, (AVG 540258.3888888889)
[1, 4, 10, 23, 57, 132, 301, 701, 1636, 3762, 9000, 20313]...: 13512660: ACCEPTED IN 25 TRIES, (AVG 540506.4)
[1, 4, 10, 23, 57, 132, 301, 701, 1636, 3762, 9000, 20345]...: 10264583: ACCEPTED IN 19 TRIES, (AVG 540241.2105263158)
[1, 4, 10, 23, 57, 132, 301, 701, 1636, 3762, 9000, 20388]...: 10267339: ACCEPTED IN 19 TRIES, (AVG 540386.2631578947)
[1, 4, 10, 23, 57, 132, 301, 701, 1636, 3762, 9000, 20412]...: 3232323: ACCEPTED IN 6 TRIES, (AVG 538720.5)
[1, 4, 10, 23, 57, 132, 301, 701, 1636, 3762, 9000, 20448]...: 15137875: ACCEPTED IN 28 TRIES, (AVG 540638.3928571428)
[1, 4, 10, 23, 57, 132, 301, 701, 1636, 3762, 9000, 20520]...: 8102831: ACCEPTED IN 15 TRIES, (AVG 540188.7333333333)
[1, 4, 10, 23, 57, 132, 301, 701, 1636, 3762, 9000, 20547]...: 8101540: ACCEPTED IN 15 TRIES, (AVG 540102.6666666666)
[1, 4, 10, 23, 57, 132, 301, 701, 1636, 3762, 9000, 20579]...: 10266681: ACCEPTED IN 19 TRIES, (AVG 540351.6315789474)
[1, 4, 10, 23, 57, 132, 301, 701, 1636, 3762, 9000, 20614]...: 9183986: ACCEPTED IN 17 TRIES, (AVG 540234.4705882353)
[1, 4, 10, 23, 57, 132, 301, 701, 1636, 3762, 9000, 20646]...: 8099285: ACCEPTED IN 15 TRIES, (AVG 539952.3333333334)
[1, 4, 10, 23, 57, 132, 301, 701, 1636, 3762, 9000, 20652]...: 11348852: ACCEPTED IN 21 TRIES, (AVG 540421.5238095238)
[1, 4, 10, 23, 57, 132, 301, 701, 1636, 3762, 9000, 20682]...: 9722867: ACCEPTED IN 18 TRIES, (AVG 540159.2777777778)
[1, 4, 10, 23, 57, 132, 301, 701, 1636, 3762, 9000, 20713]...: 7561192: ACCEPTED IN 14 TRIES, (AVG 540085.1428571428)
[1, 4, 10, 23, 57, 132, 301, 701, 1636, 3762, 9000, 20784]...: 13512103: ACCEPTED IN 25 TRIES, (AVG 540484.12)
[1, 4, 10, 23, 57, 132, 301, 701, 1636, 3762, 9000, 20848]...: 14595571: ACCEPTED IN 27 TRIES, (AVG 540576.7037037037)
[1, 4, 10, 23, 57, 132, 301, 701, 1636, 3762, 9000, 20880]...: 7018310: ACCEPTED IN 13 TRIES, (AVG 539870.0)
[1, 4, 10, 23, 57, 132, 301, 701, 1636, 3762, 9000, 20915]...: 9184428: ACCEPTED IN 17 TRIES, (AVG 540260.4705882353)
[1, 4, 10, 23, 57, 132, 301, 701, 1636, 3762, 9000, 20916]...: 8644216: ACCEPTED IN 16 TRIES, (AVG 540263.5)
[1, 4, 10, 23, 57, 132, 301, 701, 1636, 3762, 9000, 20947]...: 8643449: ACCEPTED IN 16 TRIES, (AVG 540215.5625)
[1, 4, 10, 23, 57, 132, 301, 701, 1636, 3762, 9000, 21046]...: 7561969: ACCEPTED IN 14 TRIES, (AVG 540140.6428571428)
[1, 4, 10, 23, 57, 132, 301, 701, 1636, 3762, 9000, 21149]...: 8643072: ACCEPTED IN 16 TRIES, (AVG 540192.0)
[1, 4, 10, 23, 57, 132, 301, 701, 1636, 3762, 9000, 21181]...: 12432124: ACCEPTED IN 23 TRIES, (AVG 540527.1304347826)
[1, 4, 10, 23, 57, 132, 301, 701, 1636, 3762, 9000, 21248]...: 8103235: ACCEPTED IN 15 TRIES, (AVG 540215.6666666666)
[1, 4, 10, 23, 57, 132, 301, 701, 1636, 3762, 9000, 21280]...: 9726099: ACCEPTED IN 18 TRIES, (AVG 540338.8333333334)
[1, 4, 10, 23, 57, 132, 301, 701, 1636, 3762, 9000, 21347]...: 7020717: ACCEPTED IN 13 TRIES, (AVG 540055.1538461539)
[1, 4, 10, 23, 57, 132, 301, 701, 1636, 3762, 9000, 21383]...: 9184818: ACCEPTED IN 17 TRIES, (AVG 540283.4117647059)
[1, 4, 10, 23, 57, 132, 301, 701, 1636, 3762, 9000, 21482]...: 14055307: ACCEPTED IN 26 TRIES, (AVG 540588.7307692308)
[1, 4, 10, 23, 57, 132, 301, 701, 1636, 3762, 9000, 21549]...: 12429769: ACCEPTED IN 23 TRIES, (AVG 540424.7391304348)
[1, 4, 10, 23, 57, 132, 301, 701, 1636, 3762, 9000, 21581]...: 9184857: ACCEPTED IN 17 TRIES, (AVG 540285.7058823529)
