[1, 4, 10, 23, 57, 132, 301, 701, 1636, 3762, 8624, 18972]...: 61674359: ACCEPTED IN 114 TRIES, (AVG 541003.149122807)
[1, 4, 10, 23, 57, 132, 301, 701, 1636, 3762, 8624, 18975]...: 166114776: ACCEPTED IN 307 TRIES, (AVG 541090.4755700326)
[1, 4, 10, 23, 57, 132, 301, 701, 1636, 3762, 8624, 19004]...: 30830602: ACCEPTED IN 57 TRIES, (AVG 540887.754385965)
[1, 4, 10, 23, 57, 132, 301, 701, 1636, 3762, 8624, 19008]...: 74120195: ACCEPTED IN 137 TRIES, (AVG 541023.3211678832)
[1, 4, 10, 23, 57, 132, 301, 701, 1636, 3762, 8624, 19038]...: 32994188: ACCEPTED IN 61 TRIES, (AVG 540888.3278688524)
[1, 4, 10, 23, 57, 132, 301, 701, 1636, 3762, 8624, 19042]...: 38947291: ACCEPTED IN 72 TRIES, (AVG 540934.5972222222)
[1, 4, 10, 23, 57, 132, 301, 701, 1636, 3762, 8624, 19071]...: 44358541: ACCEPTED IN 82 TRIES, (AVG 540957.8170731707)
[1, 4, 10, 23, 57, 132, 301, 701, 1636, 3762, 8624, 19073]...: 99554616: ACCEPTED IN 184 TRIES, (AVG 541057.695652174)
[1, 4, 10, 23, 57, 132, 301, 701, 1636, 3762, 8624, 19074]...: 35159976: ACCEPTED IN 65 TRIES, (AVG 540922.7076923077)
[1, 4, 10, 23, 57, 132, 301, 701, 1636, 3762, 8624, 19103]...: 12432314: ACCEPTED IN 23 TRIES, (AVG 540535.3913043478)
[1, 4, 10, 23, 57, 132, 301, 701, 1636, 3762, 8624, 19107]...: 16217573: ACCEPTED IN 30 TRIES, (AVG 540585.7666666667)
[1, 4, 10, 23, 57, 132, 301, 701, 1636, 3762, 8624, 19110]...: 74121805: ACCEPTED IN 137 TRIES, (AVG 541035.0729927007)
[1, 4, 10, 23, 57, 132, 301, 701, 1636, 3762, 8624, 19141]...: 105507236: ACCEPTED IN 195 TRIES, (AVG 541062.7487179487)
[1, 4, 10, 23, 57, 132, 301, 701, 1636, 3762, 8624, 19170]...: 52475916: ACCEPTED IN 97 TRIES, (AVG 540988.8247422681)
[1, 4, 10, 23, 57, 132, 301, 701, 1636, 3762, 8624, 19173]...: 31370767: ACCEPTED IN 58 TRIES, (AVG 540875.2931034482)
[1, 4, 10, 23, 57, 132, 301, 701, 1636, 3762, 8624, 19174]...: 9185186: ACCEPTED IN 17 TRIES, (AVG 540305.0588235294)
[1, 4, 10, 23, 57, 132, 301, 701, 1636, 3762, 8624, 19205]...: 32453371: ACCEPTED IN 60 TRIES, (AVG 540889.5166666667)
[1, 4, 10, 23, 57, 132, 301, 701, 1636, 3762, 8624, 19206]...: 35160039: ACCEPTED IN 65 TRIES, (AVG 540923.676923077)
[1, 4, 10, 23, 57, 132, 301, 701, 1636, 3762, 8624, 19239]...: 8644148: ACCEPTED IN 16 TRIES, (AVG 540259.25)
[1, 4, 10, 23, 57, 132, 301, 701, 1636, 3762, 8624, 19240]...: 15137426: ACCEPTED IN 28 TRIES, (AVG 540622.3571428572)
[1, 4, 10, 23, 57, 132, 301, 701, 1636, 3762, 8624, 19242]...: 8101013: ACCEPTED IN 15 TRIES, (AVG 540067.5333333333)
[1, 4, 10, 23, 57, 132, 301, 701, 1636, 3762, 8624, 19260]...: 14055351: ACCEPTED IN 26 TRIES, (AVG 540590.4230769231)
[1, 4, 10, 23, 57, 132, 301, 701, 1636, 3762, 8624, 19272]...: 33536451: ACCEPTED IN 62 TRIES, (AVG 540910.5)
[1, 4, 10, 23, 57, 132, 301, 701, 1636, 3762, 8624, 19273]...: 15678331: ACCEPTED IN 29 TRIES, (AVG 540632.1034482758)
[1, 4, 10, 23, 57, 132, 301, 701, 1636, 3762, 8624, 19276]...: 38945021: ACCEPTED IN 72 TRIES, (AVG 540903.0694444445)
[1, 4, 10, 23, 57, 132, 301, 701, 1636, 3762, 8624, 19305]...: 50310527: ACCEPTED IN 93 TRIES, (AVG 540973.4086021505)
[1, 4, 10, 23, 57, 132, 301, 701, 1636, 3762, 8624, 19306]...: 35699706: ACCEPTED IN 66 TRIES, (AVG 540904.6363636364)
[1, 4, 10, 23, 57, 132, 301, 701, 1636, 3762, 8624, 19339]...: 17302153: ACCEPTED IN 32 TRIES, (AVG 540692.28125)
[1, 4, 10, 23, 57, 132, 301, 701, 1636, 3762, 8624, 19341]...: 38946954: ACCEPTED IN 72 TRIES, (AVG 540929.9166666666)
[1, 4, 10, 23, 57, 132, 301, 701, 1636, 3762, 8624, 19343]...: 12430895: ACCEPTED IN 23 TRIES, (AVG 540473.695652174)
[1, 4, 10, 23, 57, 132, 301, 701, 1636, 3762, 8624, 19371]...: 22172455: ACCEPTED IN 41 TRIES, (AVG 540791.5853658536)
[1, 4, 10, 23, 57, 132, 301, 701, 1636, 3762, 8624, 19372]...: 30830390: ACCEPTED IN 57 TRIES, (AVG 540884.0350877193)
[1, 4, 10, 23, 57, 132, 301, 701, 1636, 3762, 8624, 19375]...: 12431735: ACCEPTED IN 23 TRIES, (AVG 540510.2173913043)
[1, 4, 10, 23, 57, 132, 301, 701, 1636, 3762, 8624, 19404]...: 56804575: ACCEPTED IN 105 TRIES, (AVG 540995.9523809524)
[1, 4, 10, 23, 57, 132, 301, 701, 1636, 3762, 8624, 19408]...: 28124213: ACCEPTED IN 52 TRIES, (AVG 540850.25)
[1, 4, 10, 23, 57, 132, 301, 701, 1636, 3762, 8624, 19438]...: 29747721: ACCEPTED IN 55 TRIES, (AVG 540867.6545454545)
[1, 4, 10, 23, 57, 132, 301, 701, 1636, 3762, 8624, 19471]...: 24878121: ACCEPTED IN 46 TRIES, (AVG 540828.7173913043)
[1, 4, 10, 23, 57, 132, 301, 701, 1636, 3762, 8624, 19473]...: 27042869: ACCEPTED IN 50 TRIES, (AVG 540857.38)
[1, 4, 10, 23, 57, 132, 301, 701, 1636, 3762, 8624, 19474]...: 35159515: ACCEPTED IN 65 TRIES, (AVG 540915.6153846154)
[1, 4, 10, 23, 57, 132, 301, 701, 1636, 3762, 8624, 19475]...: 36240020: ACCEPTED IN 67 TRIES, (AVG 540895.8208955224)
[1, 4, 10, 23, 57, 132, 301, 701, 1636, 3762, 8624, 19503]...: 27583816: ACCEPTED IN 51 TRIES, (AVG 540859.1372549019)
[1, 4, 10, 23, 57, 132, 301, 701, 1636, 3762, 8624, 19506]...: 16220130: ACCEPTED IN 30 TRIES, (AVG 540671.0)
[1, 4, 10, 23, 57, 132, 301, 701, 1636, 3762, 8624, 19507]...: 26501203: ACCEPTED IN 49 TRIES, (AVG 540840.8775510204)
[1, 4, 10, 23, 57, 132, 301, 701, 1636, 3762, 8624, 19510]...: 29746631: ACCEPTED IN 55 TRIES, (AVG 540847.8363636363)
[1, 4, 10, 23, 57, 132, 301, 701, 1636, 3762, 8624, 19540]...: 48686659: ACCEPTED IN 90 TRIES, (AVG 540962.8777777777)
[1, 4, 10, 23, 57, 132, 301, 701, 1636, 3762, 8624, 19541]...: 16219593: ACCEPTED IN 30 TRIES, (AVG 540653.1)
[1, 4, 10, 23, 57, 132, 301, 701, 1636, 3762, 8624, 19570]...: 8102956: ACCEPTED IN 15 TRIES, (AVG 540197.0666666667)
[1, 4, 10, 23, 57, 132, 301, 701, 1636, 3762, 8624, 19573]...: 16216229: ACCEPTED IN 30 TRIES, (AVG 540540.9666666667)
[1, 4, 10, 23, 57, 132, 301, 701, 1636, 3762, 8624, 19574]...: 14595489: ACCEPTED IN 27 TRIES, (AVG 540573.6666666666)
[1, 4, 10, 23, 57, 132, 301, 701, 1636, 3762, 8624, 19577]...: 5938476: ACCEPTED IN 11 TRIES, (AVG 539861.4545454546)
[1, 4, 10, 23, 57, 132, 301, 701, 1636, 3762, 8624, 19605]...: 16217639: ACCEPTED IN 30 TRIES, (AVG 540587.9666666667)
[1, 4, 10, 23, 57, 132, 301, 701, 1636, 3762, 8624, 19606]...: 12973443: ACCEPTED IN 24 TRIES, (AVG 540560.125)
[1, 4, 10, 23, 57, 132, 301, 701, 1636, 3762, 8624, 19607]...: 14596739: ACCEPTED IN 27 TRIES, (AVG 540619.9629629629)
[1, 4, 10, 23, 57, 132, 301, 701, 1636, 3762, 8624, 19640]...: 5937671: ACCEPTED IN 11 TRIES, (AVG 539788.2727272727)
[1, 4, 10, 23, 57, 132, 301, 701, 1636, 3762, 8624, 19642]...: 29748528: ACCEPTED IN 55 TRIES, (AVG 540882.3272727273)
[1, 4, 10, 23, 57, 132, 301, 701, 1636, 3762, 8624, 19672]...: 32994272: ACCEPTED IN 61 TRIES, (AVG 540889.7049180327)
[1, 4, 10, 23, 57, 132, 301, 701, 1636, 3762, 8624, 19673]...: 22172028: ACCEPTED IN 41 TRIES, (AVG 540781.1707317074)
[1, 4, 10, 23, 57, 132, 301, 701, 1636, 3762, 8624, 19676]...: 12430314: ACCEPTED IN 23 TRIES, (AVG 540448.4347826086)
[1, 4, 10, 23, 57, 132, 301, 701, 1636, 3762, 8624, 19705]...: 26501525: ACCEPTED IN 49 TRIES, (AVG 540847.4489795918)
[1, 4, 10, 23, 57, 132, 301, 701, 1636, 3762, 8624, 19709]...: 14055085: ACCEPTED IN 26 TRIES, (AVG 540580.1923076923)
[1, 4, 10, 23, 57, 132, 301, 701, 1636, 3762, 8624, 19739]...: 10267397: ACCEPTED IN 19 TRIES, (AVG 540389.3157894737)
[1, 4, 10, 23, 57, 132, 301, 701, 1636, 3762, 8624, 19772]...: 12973407: ACCEPTED IN 24 TRIES, (AVG 540558.625)
[1, 4, 10, 23, 57, 132, 301, 701, 1636, 3762, 8624, 19774]...: 35159392: ACCEPTED IN 65 TRIES, (AVG 540913.723076923)
[1, 4, 10, 23, 57, 132, 301, 701, 1636, 3762, 8624, 19775]...: 7020989: ACCEPTED IN 13 TRIES, (AVG 540076.0769230769)
[1, 4, 10, 23, 57, 132, 301, 701, 1636, 3762, 8624, 19804]...: 20548561: ACCEPTED IN 38 TRIES, (AVG 540751.6052631579)
[1, 4, 10, 23, 57, 132, 301, 701, 1636, 3762, 8624, 19807]...: 8103257: ACCEPTED IN 15 TRIES, (AVG 540217.1333333333)
[1, 4, 10, 23, 57, 132, 301, 701, 1636, 3762, 8624, 19808]...: 25960338: ACCEPTED IN 48 TRIES, (AVG 540840.375)
[1, 4, 10, 23, 57, 132, 301, 701, 1636, 3762, 8624, 19811]...: 28124285: ACCEPTED IN 52 TRIES, (AVG 540851.6346153846)
[1, 4, 10, 23, 57, 132, 301, 701, 1636, 3762, 8624, 19841]...: 14596329: ACCEPTED IN 27 TRIES, (AVG 540604.7777777778)
[1, 4, 10, 23, 57, 132, 301, 701, 1636, 3762, 8624, 19842]...: 7561835: ACCEPTED IN 14 TRIES, (AVG 540131.0714285715)
[1, 4, 10, 23, 57, 132, 301, 701, 1636, 3762, 8624, 19871]...: 15137879: ACCEPTED IN 28 TRIES, (AVG 540638.5357142857)
[1, 4, 10, 23, 57, 132, 301, 701, 1636, 3762, 8624, 19874]...: 49769555: ACCEPTED IN 92 TRIES, (AVG 540973.4239130435)
[1, 4, 10, 23, 57, 132, 301, 701, 1636, 3762, 8624, 19875]...: 25418691: ACCEPTED IN 47 TRIES, (AVG 540823.2127659575)
[1, 4, 10, 23, 57, 132, 301, 701, 1636, 3762, 8624, 19906]...: 8102475: ACCEPTED IN 15 TRIES, (AVG 540165.0)
[1, 4, 10, 23, 57, 132, 301, 701, 1636, 3762, 8624, 19907]...: 26501814: ACCEPTED IN 49 TRIES, (AVG 540853.3469387755)
[1, 4, 10, 23, 57, 132, 301, 701, 1636, 3762, 8624, 19941]...: 12431903: ACCEPTED IN 23 TRIES, (AVG 540517.5217391305)
[1, 4, 10, 23, 57, 132, 301, 701, 1636, 3762, 8624, 19943]...: 14055328: ACCEPTED IN 26 TRIES, (AVG 540589.5384615385)
[1, 4, 10, 23, 57, 132, 301, 701, 1636, 3762, 8624, 19973]...: 25959310: ACCEPTED IN 48 TRIES, (AVG 540818.9583333334)
[1, 4, 10, 23, 57, 132, 301, 701, 1636, 3762, 8624, 19974]...: 15137222: ACCEPTED IN 28 TRIES, (AVG 540615.0714285715)
[1, 4, 10, 23, 57, 132, 301, 701, 1636, 3762, 8624, 19977]...: 31912043: ACCEPTED IN 59 TRIES, (AVG 540882.0847457628)
[1, 4, 10, 23, 57, 132, 301, 701, 1636, 3762, 8624, 20006]...: 50311135: ACCEPTED IN 93 TRIES, (AVG 540979.9462365592)
[1, 4, 10, 23, 57, 132, 301, 701, 1636, 3762, 8624, 20007]...: 10266663: ACCEPTED IN 19 TRIES, (AVG 540350.6842105263)
[1, 4, 10, 23, 57, 132, 301, 701, 1636, 3762, 8624, 20040]...: 25958947: ACCEPTED IN 48 TRIES, (AVG 540811.3958333334)
[1, 4, 10, 23, 57, 132, 301, 701, 1636, 3762, 8624, 20042]...: 38947823: ACCEPTED IN 72 TRIES, (AVG 540941.9861111111)
[1, 4, 10, 23, 57, 132, 301, 701, 1636, 3762, 8624, 20073]...: 30289098: ACCEPTED IN 56 TRIES, (AVG 540876.75)
[1, 4, 10, 23, 57, 132, 301, 701, 1636, 3762, 8624, 20075]...: 36782493: ACCEPTED IN 68 TRIES, (AVG 540919.0147058824)
[1, 4, 10, 23, 57, 132, 301, 701, 1636, 3762, 8624, 20076]...: 7019898: ACCEPTED IN 13 TRIES, (AVG 539992.1538461539)
[1, 4, 10, 23, 57, 132, 301, 701, 1636, 3762, 8624, 20105]...: 16218669: ACCEPTED IN 30 TRIES, (AVG 540622.3)
[1, 4, 10, 23, 57, 132, 301, 701, 1636, 3762, 8624, 20108]...: 10267087: ACCEPTED IN 19 TRIES, (AVG 540373.0)
[1, 4, 10, 23, 57, 132, 301, 701, 1636, 3762, 8624, 20109]...: 7020730: ACCEPTED IN 13 TRIES, (AVG 540056.1538461539)
[1, 4, 10, 23, 57, 132, 301, 701, 1636, 3762, 8624, 20139]...: 17302160: ACCEPTED IN 32 TRIES, (AVG 540692.5)
[1, 4, 10, 23, 57, 132, 301, 701, 1636, 3762, 8624, 20144]...: 48146553: ACCEPTED IN 89 TRIES, (AVG 540972.5056179776)
[1, 4, 10, 23, 57, 132, 301, 701, 1636, 3762, 8624, 20172]...: 7560994: ACCEPTED IN 14 TRIES, (AVG 540071.0)
[1, 4, 10, 23, 57, 132, 301, 701, 1636, 3762, 8624, 20174]...: 29748084: ACCEPTED IN 55 TRIES, (AVG 540874.2545454545)
[1, 4, 10, 23, 57, 132, 301, 701, 1636, 3762, 8624, 20175]...: 8642822: ACCEPTED IN 16 TRIES, (AVG 540176.375)
[1, 4, 10, 23, 57, 132, 301, 701, 1636, 3762, 8624, 20176]...: 8643412: ACCEPTED IN 16 TRIES, (AVG 540213.25)
[1, 4, 10, 23, 57, 132, 301, 701, 1636, 3762, 8624, 20207]...: 13514127: ACCEPTED IN 25 TRIES, (AVG 540565.08)
[1, 4, 10, 23, 57, 132, 301, 701, 1636, 3762, 8624, 20208]...: 28664603: ACCEPTED IN 53 TRIES, (AVG 540841.5660377359)
[1, 4, 10, 23, 57, 132, 301, 701, 1636, 3762, 8624, 20211]...: 7019556: ACCEPTED IN 13 TRIES, (AVG 539965.8461538461)
[1, 4, 10, 23, 57, 132, 301, 701, 1636, 3762, 8624, 20240]...: 16759875: ACCEPTED IN 31 TRIES, (AVG 540641.1290322581)
[1, 4, 10, 23, 57, 132, 301, 701, 1636, 3762, 8624, 20241]...: 6477075: ACCEPTED IN 12 TRIES, (AVG 539756.25)
[1, 4, 10, 23, 57, 132, 301, 701, 1636, 3762, 8624, 20242]...: 25958801: ACCEPTED IN 48 TRIES, (AVG 540808.3541666666)
[1, 4, 10, 23, 57, 132, 301, 701, 1636, 3762, 8624, 20271]...: 6479545: ACCEPTED IN 12 TRIES, (AVG 539962.0833333334)
[1, 4, 10, 23, 57, 132, 301, 701, 1636, 3762, 8624, 20274]...: 11891108: ACCEPTED IN 22 TRIES, (AVG 540504.9090909091)
[1, 4, 10, 23, 57, 132, 301, 701, 1636, 3762, 8624, 20275]...: 24335974: ACCEPTED IN 45 TRIES, (AVG 540799.4222222222)
[1, 4, 10, 23, 57, 132, 301, 701, 1636, 3762, 8624, 20276]...: 12432283: ACCEPTED IN 23 TRIES, (AVG 540534.0434782609)
[1, 4, 10, 23, 57, 132, 301, 701, 1636, 3762, 8624, 20278]...: 13513104: ACCEPTED IN 25 TRIES, (AVG 540524.16)
[1, 4, 10, 23, 57, 132, 301, 701, 1636, 3762, 8624, 20306]...: 20547873: ACCEPTED IN 38 TRIES, (AVG 540733.5)
[1, 4, 10, 23, 57, 132, 301, 701, 1636, 3762, 8624, 20307]...: 8100414: ACCEPTED IN 15 TRIES, (AVG 540027.6)
[1, 4, 10, 23, 57, 132, 301, 701, 1636, 3762, 8624, 20308]...: 14055336: ACCEPTED IN 26 TRIES, (AVG 540589.8461538461)
[1, 4, 10, 23, 57, 132, 301, 701, 1636, 3762, 8624, 20341]...: 7561490: ACCEPTED IN 14 TRIES, (AVG 540106.4285714285)
[1, 4, 10, 23, 57, 132, 301, 701, 1636, 3762, 8624, 20343]...: 15137481: ACCEPTED IN 28 TRIES, (AVG 540624.3214285715)
[1, 4, 10, 23, 57, 132, 301, 701, 1636, 3762, 8624, 20373]...: 8103044: ACCEPTED IN 15 TRIES, (AVG 540202.9333333333)
[1, 4, 10, 23, 57, 132, 301, 701, 1636, 3762, 8624, 20374]...: 25418595: ACCEPTED IN 47 TRIES, (AVG 540821.1702127659)
[1, 4, 10, 23, 57, 132, 301, 701, 1636, 3762, 8624, 20377]...: 32453617: ACCEPTED IN 60 TRIES, (AVG 540893.6166666667)
[1, 4, 10, 23, 57, 132, 301, 701, 1636, 3762, 8624, 20406]...: 25417447: ACCEPTED IN 47 TRIES, (AVG 540796.7446808511)
[1, 4, 10, 23, 57, 132, 301, 701, 1636, 3762, 8624, 20408]...: 9185013: ACCEPTED IN 17 TRIES, (AVG 540294.8823529412)
[1, 4, 10, 23, 57, 132, 301, 701, 1636, 3762, 8624, 20409]...: 16219355: ACCEPTED IN 30 TRIES, (AVG 540645.1666666666)
[1, 4, 10, 23, 57, 132, 301, 701, 1636, 3762, 8624, 20410]...: 7560242: ACCEPTED IN 14 TRIES, (AVG 540017.2857142857)
[1, 4, 10, 23, 57, 132, 301, 701, 1636, 3762, 8624, 20440]...: 13511317: ACCEPTED IN 25 TRIES, (AVG 540452.68)
[1, 4, 10, 23, 57, 132, 301, 701, 1636, 3762, 8624, 20445]...: 17843483: ACCEPTED IN 33 TRIES, (AVG 540711.6060606061)
[1, 4, 10, 23, 57, 132, 301, 701, 1636, 3762, 8624, 20473]...: 7560730: ACCEPTED IN 14 TRIES, (AVG 540052.1428571428)
[1, 4, 10, 23, 57, 132, 301, 701, 1636, 3762, 8624, 20475]...: 22712980: ACCEPTED IN 42 TRIES, (AVG 540785.2380952381)
[1, 4, 10, 23, 57, 132, 301, 701, 1636, 3762, 8624, 20476]...: 19466731: ACCEPTED IN 36 TRIES, (AVG 540742.5277777778)
[1, 4, 10, 23, 57, 132, 301, 701, 1636, 3762, 8624, 20477]...: 22171634: ACCEPTED IN 41 TRIES, (AVG 540771.5609756098)
[1, 4, 10, 23, 57, 132, 301, 701, 1636, 3762, 8624, 20505]...: 16217808: ACCEPTED IN 30 TRIES, (AVG 540593.6)
[1, 4, 10, 23, 57, 132, 301, 701, 1636, 3762, 8624, 20508]...: 44900133: ACCEPTED IN 83 TRIES, (AVG 540965.4578313254)
[1, 4, 10, 23, 57, 132, 301, 701, 1636, 3762, 8624, 20509]...: 13512805: ACCEPTED IN 25 TRIES, (AVG 540512.2)
[1, 4, 10, 23, 57, 132, 301, 701, 1636, 3762, 8624, 20512]...: 35701035: ACCEPTED IN 66 TRIES, (AVG 540924.7727272727)
[1, 4, 10, 23, 57, 132, 301, 701, 1636, 3762, 8624, 20540]...: 25960705: ACCEPTED IN 48 TRIES, (AVG 540848.0208333334)
[1, 4, 10, 23, 57, 132, 301, 701, 1636, 3762, 8624, 20541]...: 8643286: ACCEPTED IN 16 TRIES, (AVG 540205.375)
[1, 4, 10, 23, 57, 132, 301, 701, 1636, 3762, 8624, 20542]...: 11348985: ACCEPTED IN 21 TRIES, (AVG 540427.8571428572)
[1, 4, 10, 23, 57, 132, 301, 701, 1636, 3762, 8624, 20543]...: 10808920: ACCEPTED IN 20 TRIES, (AVG 540446.0)
[1, 4, 10, 23, 57, 132, 301, 701, 1636, 3762, 8624, 20572]...: 7561899: ACCEPTED IN 14 TRIES, (AVG 540135.6428571428)
[1, 4, 10, 23, 57, 132, 301, 701, 1636, 3762, 8624, 20575]...: 14055305: ACCEPTED IN 26 TRIES, (AVG 540588.6538461539)
[1, 4, 10, 23, 57, 132, 301, 701, 1636, 3762, 8624, 20576]...: 9726626: ACCEPTED IN 18 TRIES, (AVG 540368.1111111111)
[1, 4, 10, 23, 57, 132, 301, 701, 1636, 3762, 8624, 20577]...: 14054388: ACCEPTED IN 26 TRIES, (AVG 540553.3846153846)
[1, 4, 10, 23, 57, 132, 301, 701, 1636, 3762, 8624, 20607]...: 19466445: ACCEPTED IN 36 TRIES, (AVG 540734.5833333334)
[1, 4, 10, 23, 57, 132, 301, 701, 1636, 3762, 8624, 20608]...: 26500688: ACCEPTED IN 49 TRIES, (AVG 540830.3673469388)
[1, 4, 10, 23, 57, 132, 301, 701, 1636, 3762, 8624, 20609]...: 14596044: ACCEPTED IN 27 TRIES, (AVG 540594.2222222222)
[1, 4, 10, 23, 57, 132, 301, 701, 1636, 3762, 8624, 20611]...: 7560043: ACCEPTED IN 14 TRIES, (AVG 540003.0714285715)
[1, 4, 10, 23, 57, 132, 301, 701, 1636, 3762, 8624, 20642]...: 9725172: ACCEPTED IN 18 TRIES, (AVG 540287.3333333334)
[1, 4, 10, 23, 57, 132, 301, 701, 1636, 3762, 8624, 20644]...: 22172714: ACCEPTED IN 41 TRIES, (AVG 540797.9024390244)
[1, 4, 10, 23, 57, 132, 301, 701, 1636, 3762, 8624, 20674]...: 14596790: ACCEPTED IN 27 TRIES, (AVG 540621.8518518518)
[1, 4, 10, 23, 57, 132, 301, 701, 1636, 3762, 8624, 20675]...: 8103224: ACCEPTED IN 15 TRIES, (AVG 540214.9333333333)
[1, 4, 10, 23, 57, 132, 301, 701, 1636, 3762, 8624, 20678]...: 21630556: ACCEPTED IN 40 TRIES, (AVG 540763.9)
