[1, 4, 10, 23, 57, 132, 301, 701, 1654, 3826, 9109, 20073]...: 37322879: ACCEPTED IN 69 TRIES, (AVG 540911.2898550725)
[1, 4, 10, 23, 57, 132, 301, 701, 1654, 3826, 9109, 20077]...: 24877927: ACCEPTED IN 46 TRIES, (AVG 540824.5)
[1, 4, 10, 23, 57, 132, 301, 701, 1654, 3826, 9109, 20104]...: 46522443: ACCEPTED IN 86 TRIES, (AVG 540958.6395348837)
[1, 4, 10, 23, 57, 132, 301, 701, 1654, 3826, 9109, 20110]...: 16760681: ACCEPTED IN 31 TRIES, (AVG 540667.1290322581)
[1, 4, 10, 23, 57, 132, 301, 701, 1654, 3826, 9109, 20151]...: 35698888: ACCEPTED IN 66 TRIES, (AVG 540892.2424242424)
[1, 4, 10, 23, 57, 132, 301, 701, 1654, 3826, 9109, 20205]...: 32454334: ACCEPTED IN 60 TRIES, (AVG 540905.5666666667)
[1, 4, 10, 23, 57, 132, 301, 701, 1654, 3826, 9109, 20209]...: 24877085: ACCEPTED IN 46 TRIES, (AVG 540806.195652174)
[1, 4, 10, 23, 57, 132, 301, 701, 1654, 3826, 9109, 20236]...: 32453733: ACCEPTED IN 60 TRIES, (AVG 540895.55)
[1, 4, 10, 23, 57, 132, 301, 701, 1654, 3826, 9109, 20242]...: 50311039: ACCEPTED IN 93 TRIES, (AVG 540978.9139784946)
[1, 4, 10, 23, 57, 132, 301, 701, 1654, 3826, 9109, 20246]...: 18925674: ACCEPTED IN 35 TRIES, (AVG 540733.5428571429)
[1, 4, 10, 23, 57, 132, 301, 701, 1654, 3826, 9109, 20283]...: 18383827: ACCEPTED IN 34 TRIES, (AVG 540700.7941176471)
[1, 4, 10, 23, 57, 132, 301, 701, 1654, 3826, 9109, 20300]...: 37863679: ACCEPTED IN 70 TRIES, (AVG 540909.7)
[1, 4, 10, 23, 57, 132, 301, 701, 1654, 3826, 9109, 20337]...: 47604388: ACCEPTED IN 88 TRIES, (AVG 540958.9545454546)
[1, 4, 10, 23, 57, 132, 301, 701, 1654, 3826, 9109, 20341]...: 67085340: ACCEPTED IN 124 TRIES, (AVG 541010.8064516129)
[1, 4, 10, 23, 57, 132, 301, 701, 1654, 3826, 9109, 20374]...: 35697859: ACCEPTED IN 66 TRIES, (AVG 540876.6515151515)
[1, 4, 10, 23, 57, 132, 301, 701, 1654, 3826, 9109, 20378]...: 28124944: ACCEPTED IN 52 TRIES, (AVG 540864.3076923077)
[1, 4, 10, 23, 57, 132, 301, 701, 1654, 3826, 9109, 20415]...: 36782093: ACCEPTED IN 68 TRIES, (AVG 540913.1323529412)
[1, 4, 10, 23, 57, 132, 301, 701, 1654, 3826, 9109, 20432]...: 23254882: ACCEPTED IN 43 TRIES, (AVG 540811.2093023256)
[1, 4, 10, 23, 57, 132, 301, 701, 1654, 3826, 9109, 20469]...: 49228654: ACCEPTED IN 91 TRIES, (AVG 540974.2197802198)
[1, 4, 10, 23, 57, 132, 301, 701, 1654, 3826, 9109, 20473]...: 45979815: ACCEPTED IN 85 TRIES, (AVG 540939.0)
[1, 4, 10, 23, 57, 132, 301, 701, 1654, 3826, 9109, 20506]...: 32453233: ACCEPTED IN 60 TRIES, (AVG 540887.2166666667)
[1, 4, 10, 23, 57, 132, 301, 701, 1654, 3826, 9109, 20510]...: 17841699: ACCEPTED IN 33 TRIES, (AVG 540657.5454545454)
[1, 4, 10, 23, 57, 132, 301, 701, 1654, 3826, 9109, 20547]...: 18382878: ACCEPTED IN 34 TRIES, (AVG 540672.8823529412)
[1, 4, 10, 23, 57, 132, 301, 701, 1654, 3826, 9109, 20601]...: 18925212: ACCEPTED IN 35 TRIES, (AVG 540720.3428571429)
[1, 4, 10, 23, 57, 132, 301, 701, 1654, 3826, 9109, 20679]...: 32453233: ACCEPTED IN 60 TRIES, (AVG 540887.2166666667)
[1, 4, 10, 23, 57, 132, 301, 701, 1654, 3826, 9109, 20733]...: 18925498: ACCEPTED IN 35 TRIES, (AVG 540728.5142857142)
[1, 4, 10, 23, 57, 132, 301, 701, 1654, 3826, 9109, 20770]...: 37323140: ACCEPTED IN 69 TRIES, (AVG 540915.0724637681)
[1, 4, 10, 23, 57, 132, 301, 701, 1654, 3826, 9109, 20774]...: 47603155: ACCEPTED IN 88 TRIES, (AVG 540944.9431818182)
[1, 4, 10, 23, 57, 132, 301, 701, 1654, 3826, 9109, 20811]...: 43277066: ACCEPTED IN 80 TRIES, (AVG 540963.325)
[1, 4, 10, 23, 57, 132, 301, 701, 1654, 3826, 9109, 20902]...: 36239674: ACCEPTED IN 67 TRIES, (AVG 540890.6567164179)
[1, 4, 10, 23, 57, 132, 301, 701, 1654, 3826, 9109, 20943]...: 38947849: ACCEPTED IN 72 TRIES, (AVG 540942.3472222222)
[1, 4, 10, 23, 57, 132, 301, 701, 1654, 3826, 9109, 21034]...: 28123029: ACCEPTED IN 52 TRIES, (AVG 540827.4807692308)
[1, 4, 10, 23, 57, 132, 301, 701, 1654, 3826, 9109, 21075]...: 31371968: ACCEPTED IN 58 TRIES, (AVG 540896.0)
[1, 4, 10, 23, 57, 132, 301, 701, 1654, 3826, 9109, 21162]...: 17843494: ACCEPTED IN 33 TRIES, (AVG 540711.9393939395)
[1, 4, 10, 23, 57, 132, 301, 701, 1654, 3826, 9109, 21203]...: 36779514: ACCEPTED IN 68 TRIES, (AVG 540875.2058823529)
[1, 4, 10, 23, 57, 132, 301, 701, 1654, 3826, 9109, 21294]...: 35697988: ACCEPTED IN 66 TRIES, (AVG 540878.6060606061)
[1, 4, 10, 23, 57, 132, 301, 701, 1654, 3826, 9109, 21335]...: 15678553: ACCEPTED IN 29 TRIES, (AVG 540639.7586206896)
[1, 4, 10, 23, 57, 132, 301, 701, 1654, 3826, 9109, 21426]...: 20007298: ACCEPTED IN 37 TRIES, (AVG 540737.7837837838)
[1, 4, 10, 23, 57, 132, 301, 701, 1654, 3826, 9109, 21463]...: 12431651: ACCEPTED IN 23 TRIES, (AVG 540506.5652173914)
[1, 4, 10, 23, 57, 132, 301, 701, 1654, 3826, 9109, 21467]...: 46522080: ACCEPTED IN 86 TRIES, (AVG 540954.4186046511)
[1, 4, 10, 23, 57, 132, 301, 701, 1654, 3826, 9109, 21504]...: 18383548: ACCEPTED IN 34 TRIES, (AVG 540692.5882352941)
[1, 4, 10, 23, 57, 132, 301, 701, 1654, 3826, 9109, 21558]...: 16218250: ACCEPTED IN 30 TRIES, (AVG 540608.3333333334)
[1, 4, 10, 23, 57, 132, 301, 701, 1654, 3826, 9109, 21595]...: 36781211: ACCEPTED IN 68 TRIES, (AVG 540900.1617647059)
[1, 4, 10, 23, 57, 132, 301, 701, 1654, 3826, 9109, 21599]...: 13514013: ACCEPTED IN 25 TRIES, (AVG 540560.52)
[1, 4, 10, 23, 57, 132, 301, 701, 1654, 3826, 9109, 21636]...: 20007903: ACCEPTED IN 37 TRIES, (AVG 540754.1351351351)
[1, 4, 10, 23, 57, 132, 301, 701, 1654, 3826, 9109, 21690]...: 22171021: ACCEPTED IN 41 TRIES, (AVG 540756.6097560975)
[1, 4, 10, 23, 57, 132, 301, 701, 1654, 3826, 9109, 21727]...: 20006319: ACCEPTED IN 37 TRIES, (AVG 540711.3243243244)
[1, 4, 10, 23, 57, 132, 301, 701, 1654, 3826, 9109, 21731]...: 23253798: ACCEPTED IN 43 TRIES, (AVG 540786.0)
[1, 4, 10, 23, 57, 132, 301, 701, 1654, 3826, 9109, 21764]...: 19466792: ACCEPTED IN 36 TRIES, (AVG 540744.2222222222)
[1, 4, 10, 23, 57, 132, 301, 701, 1654, 3826, 9109, 21768]...: 30289170: ACCEPTED IN 56 TRIES, (AVG 540878.0357142857)
[1, 4, 10, 23, 57, 132, 301, 701, 1654, 3826, 9109, 21805]...: 12431709: ACCEPTED IN 23 TRIES, (AVG 540509.0869565217)
[1, 4, 10, 23, 57, 132, 301, 701, 1654, 3826, 9109, 21822]...: 37865098: ACCEPTED IN 70 TRIES, (AVG 540929.9714285714)
[1, 4, 10, 23, 57, 132, 301, 701, 1654, 3826, 9109, 21859]...: 27584068: ACCEPTED IN 51 TRIES, (AVG 540864.0784313725)
