[1, 4, 10, 23, 57, 132, 301, 701, 1636, 3760, 8701, 19250]...: 20007183: ACCEPTED IN 37 TRIES, (AVG 540734.6756756756)
[1, 4, 10, 23, 57, 132, 301, 701, 1636, 3760, 8701, 19280]...: 58969546: ACCEPTED IN 109 TRIES, (AVG 541005.0091743119)
[1, 4, 10, 23, 57, 132, 301, 701, 1636, 3760, 8701, 19282]...: 13514255: ACCEPTED IN 25 TRIES, (AVG 540570.2)
[1, 4, 10, 23, 57, 132, 301, 701, 1636, 3760, 8701, 19317]...: 18924944: ACCEPTED IN 35 TRIES, (AVG 540712.6857142857)
[1, 4, 10, 23, 57, 132, 301, 701, 1636, 3760, 8701, 19382]...: 16219920: ACCEPTED IN 30 TRIES, (AVG 540664.0)
[1, 4, 10, 23, 57, 132, 301, 701, 1636, 3760, 8701, 19414]...: 20006589: ACCEPTED IN 37 TRIES, (AVG 540718.6216216217)
[1, 4, 10, 23, 57, 132, 301, 701, 1636, 3760, 8701, 19449]...: 17840487: ACCEPTED IN 33 TRIES, (AVG 540620.8181818182)
[1, 4, 10, 23, 57, 132, 301, 701, 1636, 3760, 8701, 19551]...: 18924097: ACCEPTED IN 35 TRIES, (AVG 540688.4857142858)
[1, 4, 10, 23, 57, 132, 301, 701, 1636, 3760, 8701, 19581]...: 20007663: ACCEPTED IN 37 TRIES, (AVG 540747.6486486486)
[1, 4, 10, 23, 57, 132, 301, 701, 1636, 3760, 8701, 19583]...: 15136659: ACCEPTED IN 28 TRIES, (AVG 540594.9642857143)
[1, 4, 10, 23, 57, 132, 301, 701, 1636, 3760, 8701, 19682]...: 10808895: ACCEPTED IN 20 TRIES, (AVG 540444.75)
[1, 4, 10, 23, 57, 132, 301, 701, 1636, 3760, 8701, 19683]...: 14055654: ACCEPTED IN 26 TRIES, (AVG 540602.0769230769)
[1, 4, 10, 23, 57, 132, 301, 701, 1636, 3760, 8701, 19715]...: 14594767: ACCEPTED IN 27 TRIES, (AVG 540546.925925926)
[1, 4, 10, 23, 57, 132, 301, 701, 1636, 3760, 8701, 19717]...: 12972629: ACCEPTED IN 24 TRIES, (AVG 540526.2083333334)
[1, 4, 10, 23, 57, 132, 301, 701, 1636, 3760, 8701, 19814]...: 14596461: ACCEPTED IN 27 TRIES, (AVG 540609.6666666666)
[1, 4, 10, 23, 57, 132, 301, 701, 1636, 3760, 8701, 19849]...: 12431749: ACCEPTED IN 23 TRIES, (AVG 540510.8260869565)
[1, 4, 10, 23, 57, 132, 301, 701, 1636, 3760, 8701, 19884]...: 11349977: ACCEPTED IN 21 TRIES, (AVG 540475.0952380953)
[1, 4, 10, 23, 57, 132, 301, 701, 1636, 3760, 8701, 19951]...: 11349493: ACCEPTED IN 21 TRIES, (AVG 540452.0476190476)
[1, 4, 10, 23, 57, 132, 301, 701, 1636, 3760, 8701, 19981]...: 23253640: ACCEPTED IN 43 TRIES, (AVG 540782.3255813953)
[1, 4, 10, 23, 57, 132, 301, 701, 1636, 3760, 8701, 19983]...: 10267351: ACCEPTED IN 19 TRIES, (AVG 540386.8947368421)
[1, 4, 10, 23, 57, 132, 301, 701, 1636, 3760, 8701, 20016]...: 12429826: ACCEPTED IN 23 TRIES, (AVG 540427.2173913043)
[1, 4, 10, 23, 57, 132, 301, 701, 1636, 3760, 8701, 20018]...: 16219957: ACCEPTED IN 30 TRIES, (AVG 540665.2333333333)
[1, 4, 10, 23, 57, 132, 301, 701, 1636, 3760, 8701, 20083]...: 15137129: ACCEPTED IN 28 TRIES, (AVG 540611.75)
[1, 4, 10, 23, 57, 132, 301, 701, 1636, 3760, 8701, 20115]...: 14055151: ACCEPTED IN 26 TRIES, (AVG 540582.7307692308)
[1, 4, 10, 23, 57, 132, 301, 701, 1636, 3760, 8701, 20150]...: 18383135: ACCEPTED IN 34 TRIES, (AVG 540680.4411764706)
[1, 4, 10, 23, 57, 132, 301, 701, 1636, 3760, 8701, 20185]...: 12430128: ACCEPTED IN 23 TRIES, (AVG 540440.3478260869)
[1, 4, 10, 23, 57, 132, 301, 701, 1636, 3760, 8701, 20215]...: 14594935: ACCEPTED IN 27 TRIES, (AVG 540553.1481481482)
[1, 4, 10, 23, 57, 132, 301, 701, 1636, 3760, 8701, 20252]...: 15135250: ACCEPTED IN 28 TRIES, (AVG 540544.6428571428)
[1, 4, 10, 23, 57, 132, 301, 701, 1636, 3760, 8701, 20282]...: 12432316: ACCEPTED IN 23 TRIES, (AVG 540535.4782608695)
[1, 4, 10, 23, 57, 132, 301, 701, 1636, 3760, 8701, 20284]...: 7559705: ACCEPTED IN 14 TRIES, (AVG 539978.9285714285)
[1, 4, 10, 23, 57, 132, 301, 701, 1636, 3760, 8701, 20317]...: 9726605: ACCEPTED IN 18 TRIES, (AVG 540366.9444444445)
[1, 4, 10, 23, 57, 132, 301, 701, 1636, 3760, 8701, 20384]...: 8102848: ACCEPTED IN 15 TRIES, (AVG 540189.8666666667)
[1, 4, 10, 23, 57, 132, 301, 701, 1636, 3760, 8701, 20416]...: 9184071: ACCEPTED IN 17 TRIES, (AVG 540239.4705882353)
[1, 4, 10, 23, 57, 132, 301, 701, 1636, 3760, 8701, 20486]...: 9184021: ACCEPTED IN 17 TRIES, (AVG 540236.5294117647)
[1, 4, 10, 23, 57, 132, 301, 701, 1636, 3760, 8701, 20516]...: 11888415: ACCEPTED IN 22 TRIES, (AVG 540382.5)
[1, 4, 10, 23, 57, 132, 301, 701, 1636, 3760, 8701, 20550]...: 10806980: ACCEPTED IN 20 TRIES, (AVG 540349.0)
[1, 4, 10, 23, 57, 132, 301, 701, 1636, 3760, 8701, 20585]...: 11350059: ACCEPTED IN 21 TRIES, (AVG 540479.0)
[1, 4, 10, 23, 57, 132, 301, 701, 1636, 3760, 8701, 20617]...: 17843411: ACCEPTED IN 33 TRIES, (AVG 540709.4242424242)
[1, 4, 10, 23, 57, 132, 301, 701, 1636, 3760, 8701, 20618]...: 9179862: ACCEPTED IN 17 TRIES, (AVG 539991.8823529412)
[1, 4, 10, 23, 57, 132, 301, 701, 1636, 3760, 8701, 20652]...: 15136973: ACCEPTED IN 28 TRIES, (AVG 540606.1785714285)
[1, 4, 10, 23, 57, 132, 301, 701, 1636, 3760, 8701, 20682]...: 12432349: ACCEPTED IN 23 TRIES, (AVG 540536.9130434783)
[1, 4, 10, 23, 57, 132, 301, 701, 1636, 3760, 8701, 20717]...: 10807465: ACCEPTED IN 20 TRIES, (AVG 540373.25)
[1, 4, 10, 23, 57, 132, 301, 701, 1636, 3760, 8701, 20749]...: 11346995: ACCEPTED IN 21 TRIES, (AVG 540333.0952380953)
[1, 4, 10, 23, 57, 132, 301, 701, 1636, 3760, 8701, 20784]...: 5936785: ACCEPTED IN 11 TRIES, (AVG 539707.7272727273)
[1, 4, 10, 23, 57, 132, 301, 701, 1636, 3760, 8701, 20851]...: 9183529: ACCEPTED IN 17 TRIES, (AVG 540207.5882352941)
