[1, 4, 10, 23, 57, 132, 301, 701, 1636, 3760, 8418, 18657]...: 537304: ACCEPTED IN 1 TRIES, (AVG 537304.0)
[1, 4, 10, 23, 57, 132, 301, 701, 1636, 3760, 8418, 18721]...: 537501: ACCEPTED IN 1 TRIES, (AVG 537501.0)
[1, 4, 10, 23, 57, 132, 301, 701, 1636, 3760, 8418, 19392]...: 537451: ACCEPTED IN 1 TRIES, (AVG 537451.0)
[1, 4, 10, 23, 57, 132, 301, 701, 1636, 3760, 8418, 19455]...: 537101: ACCEPTED IN 1 TRIES, (AVG 537101.0)
[1, 4, 10, 23, 57, 132, 301, 701, 1636, 3760, 8418, 19593]...: 537531: ACCEPTED IN 1 TRIES, (AVG 537531.0)
[1, 4, 10, 23, 57, 132, 301, 701, 1636, 3760, 8418, 19622]...: 1076901: ACCEPTED IN 2 TRIES, (AVG 538450.5)
[1, 4, 10, 23, 57, 132, 301, 701, 1636, 3760, 8418, 19625]...: 536887: ACCEPTED IN 1 TRIES, (AVG 536887.0)
[1, 4, 10, 23, 57, 132, 301, 701, 1636, 3760, 8418, 19655]...: 2155266: ACCEPTED IN 4 TRIES, (AVG 538816.5)
[1, 4, 10, 23, 57, 132, 301, 701, 1636, 3760, 8418, 19660]...: 537266: ACCEPTED IN 1 TRIES, (AVG 537266.0)
[1, 4, 10, 23, 57, 132, 301, 701, 1636, 3760, 8418, 19892]...: 2156167: ACCEPTED IN 4 TRIES, (AVG 539041.75)
[1, 4, 10, 23, 57, 132, 301, 701, 1636, 3760, 8418, 19929]...: 1076729: ACCEPTED IN 2 TRIES, (AVG 538364.5)
[1, 4, 10, 23, 57, 132, 301, 701, 1636, 3760, 8418, 19997]...: 2695481: ACCEPTED IN 5 TRIES, (AVG 539096.2)
[1, 4, 10, 23, 57, 132, 301, 701, 1636, 3760, 8418, 20028]...: 536788: ACCEPTED IN 1 TRIES, (AVG 536788.0)
[1, 4, 10, 23, 57, 132, 301, 701, 1636, 3760, 8418, 20059]...: 537090: ACCEPTED IN 1 TRIES, (AVG 537090.0)
[1, 4, 10, 23, 57, 132, 301, 701, 1636, 3760, 8418, 20060]...: 536383: ACCEPTED IN 1 TRIES, (AVG 536383.0)
[1, 4, 10, 23, 57, 132, 301, 701, 1636, 3760, 8418, 20091]...: 536871: ACCEPTED IN 1 TRIES, (AVG 536871.0)
[1, 4, 10, 23, 57, 132, 301, 701, 1636, 3760, 8418, 20192]...: 536857: ACCEPTED IN 1 TRIES, (AVG 536857.0)
[1, 4, 10, 23, 57, 132, 301, 701, 1636, 3760, 8418, 20195]...: 537275: ACCEPTED IN 1 TRIES, (AVG 537275.0)
