[1, 4, 10, 23, 57, 132, 301, 701, 1636, 3760, 8532, 18775]...: 4314793: ACCEPTED IN 8 TRIES, (AVG 539349.125)
[1, 4, 10, 23, 57, 132, 301, 701, 1636, 3760, 8532, 18926]...: 17300602: ACCEPTED IN 32 TRIES, (AVG 540643.8125)
[1, 4, 10, 23, 57, 132, 301, 701, 1636, 3760, 8532, 18942]...: 18925652: ACCEPTED IN 35 TRIES, (AVG 540732.9142857143)
[1, 4, 10, 23, 57, 132, 301, 701, 1636, 3760, 8532, 19044]...: 27582907: ACCEPTED IN 51 TRIES, (AVG 540841.3137254902)
[1, 4, 10, 23, 57, 132, 301, 701, 1636, 3760, 8532, 19076]...: 10807622: ACCEPTED IN 20 TRIES, (AVG 540381.1)
[1, 4, 10, 23, 57, 132, 301, 701, 1636, 3760, 8532, 19175]...: 11890181: ACCEPTED IN 22 TRIES, (AVG 540462.7727272727)
[1, 4, 10, 23, 57, 132, 301, 701, 1636, 3760, 8532, 19377]...: 10266057: ACCEPTED IN 19 TRIES, (AVG 540318.7894736842)
[1, 4, 10, 23, 57, 132, 301, 701, 1636, 3760, 8532, 19476]...: 10807659: ACCEPTED IN 20 TRIES, (AVG 540382.95)
[1, 4, 10, 23, 57, 132, 301, 701, 1636, 3760, 8532, 19511]...: 11888513: ACCEPTED IN 22 TRIES, (AVG 540386.9545454546)
[1, 4, 10, 23, 57, 132, 301, 701, 1636, 3760, 8532, 19643]...: 7560431: ACCEPTED IN 14 TRIES, (AVG 540030.7857142857)
[1, 4, 10, 23, 57, 132, 301, 701, 1636, 3760, 8532, 19678]...: 13514402: ACCEPTED IN 25 TRIES, (AVG 540576.08)
[1, 4, 10, 23, 57, 132, 301, 701, 1636, 3760, 8532, 19745]...: 24336952: ACCEPTED IN 45 TRIES, (AVG 540821.1555555556)
[1, 4, 10, 23, 57, 132, 301, 701, 1636, 3760, 8532, 19777]...: 5938395: ACCEPTED IN 11 TRIES, (AVG 539854.0909090909)
[1, 4, 10, 23, 57, 132, 301, 701, 1636, 3760, 8532, 19877]...: 10808260: ACCEPTED IN 20 TRIES, (AVG 540413.0)
[1, 4, 10, 23, 57, 132, 301, 701, 1636, 3760, 8532, 19979]...: 23254801: ACCEPTED IN 43 TRIES, (AVG 540809.3255813953)
[1, 4, 10, 23, 57, 132, 301, 701, 1636, 3760, 8532, 20078]...: 9726082: ACCEPTED IN 18 TRIES, (AVG 540337.8888888889)
[1, 4, 10, 23, 57, 132, 301, 701, 1636, 3760, 8532, 20110]...: 5934780: ACCEPTED IN 11 TRIES, (AVG 539525.4545454546)
[1, 4, 10, 23, 57, 132, 301, 701, 1636, 3760, 8532, 20344]...: 10266358: ACCEPTED IN 19 TRIES, (AVG 540334.6315789474)
[1, 4, 10, 23, 57, 132, 301, 701, 1636, 3760, 8532, 20379]...: 15677978: ACCEPTED IN 29 TRIES, (AVG 540619.9310344828)
[1, 4, 10, 23, 57, 132, 301, 701, 1636, 3760, 8532, 20411]...: 17300593: ACCEPTED IN 32 TRIES, (AVG 540643.53125)
[1, 4, 10, 23, 57, 132, 301, 701, 1636, 3760, 8532, 20446]...: 27042765: ACCEPTED IN 50 TRIES, (AVG 540855.3)
