[1, 4, 10, 23, 57, 132, 301, 701, 1654, 3895, 8700, 19164]...: 31913172: ACCEPTED IN 59 TRIES, (AVG 540901.220338983)
[1, 4, 10, 23, 57, 132, 301, 701, 1654, 3895, 8700, 19218]...: 44359207: ACCEPTED IN 82 TRIES, (AVG 540965.9390243902)
[1, 4, 10, 23, 57, 132, 301, 701, 1654, 3895, 8700, 19255]...: 41111182: ACCEPTED IN 76 TRIES, (AVG 540936.6052631579)
[1, 4, 10, 23, 57, 132, 301, 701, 1654, 3895, 8700, 19259]...: 34616659: ACCEPTED IN 64 TRIES, (AVG 540885.296875)
[1, 4, 10, 23, 57, 132, 301, 701, 1654, 3895, 8700, 19292]...: 26501323: ACCEPTED IN 49 TRIES, (AVG 540843.3265306122)
[1, 4, 10, 23, 57, 132, 301, 701, 1654, 3895, 8700, 19296]...: 26501723: ACCEPTED IN 49 TRIES, (AVG 540851.4897959183)
[1, 4, 10, 23, 57, 132, 301, 701, 1654, 3895, 8700, 19350]...: 27042596: ACCEPTED IN 50 TRIES, (AVG 540851.92)
[1, 4, 10, 23, 57, 132, 301, 701, 1654, 3895, 8700, 19362]...: 7020401: ACCEPTED IN 13 TRIES, (AVG 540030.8461538461)
[1, 4, 10, 23, 57, 132, 301, 701, 1654, 3895, 8700, 19387]...: 10808874: ACCEPTED IN 20 TRIES, (AVG 540443.7)
[1, 4, 10, 23, 57, 132, 301, 701, 1654, 3895, 8700, 19391]...: 22168911: ACCEPTED IN 41 TRIES, (AVG 540705.1463414634)
[1, 4, 10, 23, 57, 132, 301, 701, 1654, 3895, 8700, 19424]...: 10267731: ACCEPTED IN 19 TRIES, (AVG 540406.8947368421)
[1, 4, 10, 23, 57, 132, 301, 701, 1654, 3895, 8700, 19428]...: 24336259: ACCEPTED IN 45 TRIES, (AVG 540805.7555555556)
[1, 4, 10, 23, 57, 132, 301, 701, 1654, 3895, 8700, 19465]...: 14055288: ACCEPTED IN 26 TRIES, (AVG 540588.0)
[1, 4, 10, 23, 57, 132, 301, 701, 1654, 3895, 8700, 19482]...: 23253431: ACCEPTED IN 43 TRIES, (AVG 540777.4651162791)
[1, 4, 10, 23, 57, 132, 301, 701, 1654, 3895, 8700, 19519]...: 31369602: ACCEPTED IN 58 TRIES, (AVG 540855.2068965518)
[1, 4, 10, 23, 57, 132, 301, 701, 1654, 3895, 8700, 19523]...: 14054812: ACCEPTED IN 26 TRIES, (AVG 540569.6923076923)
[1, 4, 10, 23, 57, 132, 301, 701, 1654, 3895, 8700, 19556]...: 14594801: ACCEPTED IN 27 TRIES, (AVG 540548.1851851852)
[1, 4, 10, 23, 57, 132, 301, 701, 1654, 3895, 8700, 19560]...: 22713704: ACCEPTED IN 42 TRIES, (AVG 540802.4761904762)
[1, 4, 10, 23, 57, 132, 301, 701, 1654, 3895, 8700, 19564]...: 13513824: ACCEPTED IN 25 TRIES, (AVG 540552.96)
[1, 4, 10, 23, 57, 132, 301, 701, 1654, 3895, 8700, 19593]...: 12430499: ACCEPTED IN 23 TRIES, (AVG 540456.4782608695)
[1, 4, 10, 23, 57, 132, 301, 701, 1654, 3895, 8700, 19597]...: 12971771: ACCEPTED IN 24 TRIES, (AVG 540490.4583333334)
[1, 4, 10, 23, 57, 132, 301, 701, 1654, 3895, 8700, 19614]...: 23795940: ACCEPTED IN 44 TRIES, (AVG 540816.8181818182)
[1, 4, 10, 23, 57, 132, 301, 701, 1654, 3895, 8700, 19651]...: 18384019: ACCEPTED IN 34 TRIES, (AVG 540706.4411764706)
[1, 4, 10, 23, 57, 132, 301, 701, 1654, 3895, 8700, 19655]...: 20547535: ACCEPTED IN 38 TRIES, (AVG 540724.6052631579)
[1, 4, 10, 23, 57, 132, 301, 701, 1654, 3895, 8700, 19663]...: 23254592: ACCEPTED IN 43 TRIES, (AVG 540804.4651162791)
[1, 4, 10, 23, 57, 132, 301, 701, 1654, 3895, 8700, 19688]...: 18384396: ACCEPTED IN 34 TRIES, (AVG 540717.5294117647)
[1, 4, 10, 23, 57, 132, 301, 701, 1654, 3895, 8700, 19692]...: 10808466: ACCEPTED IN 20 TRIES, (AVG 540423.3)
[1, 4, 10, 23, 57, 132, 301, 701, 1654, 3895, 8700, 19696]...: 14054735: ACCEPTED IN 26 TRIES, (AVG 540566.7307692308)
[1, 4, 10, 23, 57, 132, 301, 701, 1654, 3895, 8700, 19725]...: 33536197: ACCEPTED IN 62 TRIES, (AVG 540906.4032258064)
[1, 4, 10, 23, 57, 132, 301, 701, 1654, 3895, 8700, 19729]...: 21089798: ACCEPTED IN 39 TRIES, (AVG 540764.0512820513)
[1, 4, 10, 23, 57, 132, 301, 701, 1654, 3895, 8700, 19766]...: 20547205: ACCEPTED IN 38 TRIES, (AVG 540715.9210526316)
[1, 4, 10, 23, 57, 132, 301, 701, 1654, 3895, 8700, 19783]...: 20548466: ACCEPTED IN 38 TRIES, (AVG 540749.1052631579)
[1, 4, 10, 23, 57, 132, 301, 701, 1654, 3895, 8700, 19787]...: 20006502: ACCEPTED IN 37 TRIES, (AVG 540716.2702702703)
[1, 4, 10, 23, 57, 132, 301, 701, 1654, 3895, 8700, 19820]...: 22172760: ACCEPTED IN 41 TRIES, (AVG 540799.0243902439)
[1, 4, 10, 23, 57, 132, 301, 701, 1654, 3895, 8700, 19824]...: 17302304: ACCEPTED IN 32 TRIES, (AVG 540697.0)
[1, 4, 10, 23, 57, 132, 301, 701, 1654, 3895, 8700, 19828]...: 14055237: ACCEPTED IN 26 TRIES, (AVG 540586.0384615385)
[1, 4, 10, 23, 57, 132, 301, 701, 1654, 3895, 8700, 19857]...: 12429935: ACCEPTED IN 23 TRIES, (AVG 540431.9565217391)
[1, 4, 10, 23, 57, 132, 301, 701, 1654, 3895, 8700, 19861]...: 16760490: ACCEPTED IN 31 TRIES, (AVG 540660.9677419355)
[1, 4, 10, 23, 57, 132, 301, 701, 1654, 3895, 8700, 19865]...: 18383574: ACCEPTED IN 34 TRIES, (AVG 540693.3529411765)
[1, 4, 10, 23, 57, 132, 301, 701, 1654, 3895, 8700, 19894]...: 20006136: ACCEPTED IN 37 TRIES, (AVG 540706.3783783783)
[1, 4, 10, 23, 57, 132, 301, 701, 1654, 3895, 8700, 19898]...: 16761094: ACCEPTED IN 31 TRIES, (AVG 540680.4516129033)
[1, 4, 10, 23, 57, 132, 301, 701, 1654, 3895, 8700, 19915]...: 11349057: ACCEPTED IN 21 TRIES, (AVG 540431.2857142857)
[1, 4, 10, 23, 57, 132, 301, 701, 1654, 3895, 8700, 19919]...: 13513852: ACCEPTED IN 25 TRIES, (AVG 540554.08)
[1, 4, 10, 23, 57, 132, 301, 701, 1654, 3895, 8700, 19952]...: 17301987: ACCEPTED IN 32 TRIES, (AVG 540687.09375)
[1, 4, 10, 23, 57, 132, 301, 701, 1654, 3895, 8700, 19956]...: 29747419: ACCEPTED IN 55 TRIES, (AVG 540862.1636363637)
[1, 4, 10, 23, 57, 132, 301, 701, 1654, 3895, 8700, 19960]...: 14054997: ACCEPTED IN 26 TRIES, (AVG 540576.8076923077)
[1, 4, 10, 23, 57, 132, 301, 701, 1654, 3895, 8700, 19989]...: 14051584: ACCEPTED IN 26 TRIES, (AVG 540445.5384615385)
[1, 4, 10, 23, 57, 132, 301, 701, 1654, 3895, 8700, 19993]...: 14594637: ACCEPTED IN 27 TRIES, (AVG 540542.1111111111)
[1, 4, 10, 23, 57, 132, 301, 701, 1654, 3895, 8700, 19997]...: 10808617: ACCEPTED IN 20 TRIES, (AVG 540430.85)
[1, 4, 10, 23, 57, 132, 301, 701, 1654, 3895, 8700, 20026]...: 18923690: ACCEPTED IN 35 TRIES, (AVG 540676.8571428572)
[1, 4, 10, 23, 57, 132, 301, 701, 1654, 3895, 8700, 20030]...: 16217700: ACCEPTED IN 30 TRIES, (AVG 540590.0)
[1, 4, 10, 23, 57, 132, 301, 701, 1654, 3895, 8700, 20051]...: 23253128: ACCEPTED IN 43 TRIES, (AVG 540770.4186046511)
[1, 4, 10, 23, 57, 132, 301, 701, 1654, 3895, 8700, 20063]...: 5937178: ACCEPTED IN 11 TRIES, (AVG 539743.4545454546)
[1, 4, 10, 23, 57, 132, 301, 701, 1654, 3895, 8700, 20067]...: 28666308: ACCEPTED IN 53 TRIES, (AVG 540873.7358490566)
[1, 4, 10, 23, 57, 132, 301, 701, 1654, 3895, 8700, 20084]...: 43275514: ACCEPTED IN 80 TRIES, (AVG 540943.925)
[1, 4, 10, 23, 57, 132, 301, 701, 1654, 3895, 8700, 20088]...: 6479519: ACCEPTED IN 12 TRIES, (AVG 539959.9166666666)
[1, 4, 10, 23, 57, 132, 301, 701, 1654, 3895, 8700, 20092]...: 20549071: ACCEPTED IN 38 TRIES, (AVG 540765.0263157894)
[1, 4, 10, 23, 57, 132, 301, 701, 1654, 3895, 8700, 20121]...: 27041642: ACCEPTED IN 50 TRIES, (AVG 540832.84)
[1, 4, 10, 23, 57, 132, 301, 701, 1654, 3895, 8700, 20125]...: 17300408: ACCEPTED IN 32 TRIES, (AVG 540637.75)
[1, 4, 10, 23, 57, 132, 301, 701, 1654, 3895, 8700, 20129]...: 17301921: ACCEPTED IN 32 TRIES, (AVG 540685.03125)
[1, 4, 10, 23, 57, 132, 301, 701, 1654, 3895, 8700, 20158]...: 20549170: ACCEPTED IN 38 TRIES, (AVG 540767.6315789474)
[1, 4, 10, 23, 57, 132, 301, 701, 1654, 3895, 8700, 20162]...: 22170340: ACCEPTED IN 41 TRIES, (AVG 540740.0)
[1, 4, 10, 23, 57, 132, 301, 701, 1654, 3895, 8700, 20166]...: 12972847: ACCEPTED IN 24 TRIES, (AVG 540535.2916666666)
[1, 4, 10, 23, 57, 132, 301, 701, 1654, 3895, 8700, 20183]...: 25960647: ACCEPTED IN 48 TRIES, (AVG 540846.8125)
[1, 4, 10, 23, 57, 132, 301, 701, 1654, 3895, 8700, 20195]...: 14054306: ACCEPTED IN 26 TRIES, (AVG 540550.2307692308)
[1, 4, 10, 23, 57, 132, 301, 701, 1654, 3895, 8700, 20199]...: 12431994: ACCEPTED IN 23 TRIES, (AVG 540521.4782608695)
[1, 4, 10, 23, 57, 132, 301, 701, 1654, 3895, 8700, 20216]...: 11890982: ACCEPTED IN 22 TRIES, (AVG 540499.1818181818)
[1, 4, 10, 23, 57, 132, 301, 701, 1654, 3895, 8700, 20220]...: 13513824: ACCEPTED IN 25 TRIES, (AVG 540552.96)
[1, 4, 10, 23, 57, 132, 301, 701, 1654, 3895, 8700, 20224]...: 12971589: ACCEPTED IN 24 TRIES, (AVG 540482.875)
[1, 4, 10, 23, 57, 132, 301, 701, 1654, 3895, 8700, 20253]...: 11889784: ACCEPTED IN 22 TRIES, (AVG 540444.7272727273)
[1, 4, 10, 23, 57, 132, 301, 701, 1654, 3895, 8700, 20257]...: 14052683: ACCEPTED IN 26 TRIES, (AVG 540487.8076923077)
[1, 4, 10, 23, 57, 132, 301, 701, 1654, 3895, 8700, 20261]...: 12429676: ACCEPTED IN 23 TRIES, (AVG 540420.695652174)
[1, 4, 10, 23, 57, 132, 301, 701, 1654, 3895, 8700, 20290]...: 18383038: ACCEPTED IN 34 TRIES, (AVG 540677.5882352941)
[1, 4, 10, 23, 57, 132, 301, 701, 1654, 3895, 8700, 20294]...: 10807832: ACCEPTED IN 20 TRIES, (AVG 540391.6)
[1, 4, 10, 23, 57, 132, 301, 701, 1654, 3895, 8700, 20298]...: 14594747: ACCEPTED IN 27 TRIES, (AVG 540546.1851851852)
[1, 4, 10, 23, 57, 132, 301, 701, 1654, 3895, 8700, 20315]...: 17301816: ACCEPTED IN 32 TRIES, (AVG 540681.75)
[1, 4, 10, 23, 57, 132, 301, 701, 1654, 3895, 8700, 20327]...: 22172248: ACCEPTED IN 41 TRIES, (AVG 540786.5365853659)
[1, 4, 10, 23, 57, 132, 301, 701, 1654, 3895, 8700, 20331]...: 17843361: ACCEPTED IN 33 TRIES, (AVG 540707.9090909091)
[1, 4, 10, 23, 57, 132, 301, 701, 1654, 3895, 8700, 20344]...: 22713458: ACCEPTED IN 42 TRIES, (AVG 540796.619047619)
[1, 4, 10, 23, 57, 132, 301, 701, 1654, 3895, 8700, 20352]...: 13512398: ACCEPTED IN 25 TRIES, (AVG 540495.92)
[1, 4, 10, 23, 57, 132, 301, 701, 1654, 3895, 8700, 20356]...: 13514234: ACCEPTED IN 25 TRIES, (AVG 540569.36)
[1, 4, 10, 23, 57, 132, 301, 701, 1654, 3895, 8700, 20364]...: 14052768: ACCEPTED IN 26 TRIES, (AVG 540491.0769230769)
[1, 4, 10, 23, 57, 132, 301, 701, 1654, 3895, 8700, 20368]...: 16761154: ACCEPTED IN 31 TRIES, (AVG 540682.3870967742)
[1, 4, 10, 23, 57, 132, 301, 701, 1654, 3895, 8700, 20389]...: 12430440: ACCEPTED IN 23 TRIES, (AVG 540453.9130434783)
[1, 4, 10, 23, 57, 132, 301, 701, 1654, 3895, 8700, 20393]...: 17842689: ACCEPTED IN 33 TRIES, (AVG 540687.5454545454)
[1, 4, 10, 23, 57, 132, 301, 701, 1654, 3895, 8700, 20422]...: 14594937: ACCEPTED IN 27 TRIES, (AVG 540553.2222222222)
[1, 4, 10, 23, 57, 132, 301, 701, 1654, 3895, 8700, 20426]...: 10267000: ACCEPTED IN 19 TRIES, (AVG 540368.4210526316)
[1, 4, 10, 23, 57, 132, 301, 701, 1654, 3895, 8700, 20459]...: 16760554: ACCEPTED IN 31 TRIES, (AVG 540663.0322580645)
[1, 4, 10, 23, 57, 132, 301, 701, 1654, 3895, 8700, 20463]...: 17301489: ACCEPTED IN 32 TRIES, (AVG 540671.53125)
[1, 4, 10, 23, 57, 132, 301, 701, 1654, 3895, 8700, 20467]...: 11349959: ACCEPTED IN 21 TRIES, (AVG 540474.2380952381)
[1, 4, 10, 23, 57, 132, 301, 701, 1654, 3895, 8700, 20476]...: 18382820: ACCEPTED IN 34 TRIES, (AVG 540671.1764705882)
[1, 4, 10, 23, 57, 132, 301, 701, 1654, 3895, 8700, 20484]...: 11891191: ACCEPTED IN 22 TRIES, (AVG 540508.6818181818)
[1, 4, 10, 23, 57, 132, 301, 701, 1654, 3895, 8700, 20488]...: 20548404: ACCEPTED IN 38 TRIES, (AVG 540747.4736842106)
[1, 4, 10, 23, 57, 132, 301, 701, 1654, 3895, 8700, 20496]...: 18384662: ACCEPTED IN 34 TRIES, (AVG 540725.3529411765)
[1, 4, 10, 23, 57, 132, 301, 701, 1654, 3895, 8700, 20500]...: 10267794: ACCEPTED IN 19 TRIES, (AVG 540410.2105263158)
[1, 4, 10, 23, 57, 132, 301, 701, 1654, 3895, 8700, 20517]...: 33534695: ACCEPTED IN 62 TRIES, (AVG 540882.1774193548)
[1, 4, 10, 23, 57, 132, 301, 701, 1654, 3895, 8700, 20521]...: 7561208: ACCEPTED IN 14 TRIES, (AVG 540086.2857142857)
[1, 4, 10, 23, 57, 132, 301, 701, 1654, 3895, 8700, 20525]...: 18924561: ACCEPTED IN 35 TRIES, (AVG 540701.7428571428)
[1, 4, 10, 23, 57, 132, 301, 701, 1654, 3895, 8700, 20529]...: 19465531: ACCEPTED IN 36 TRIES, (AVG 540709.1944444445)
[1, 4, 10, 23, 57, 132, 301, 701, 1654, 3895, 8700, 20554]...: 14053890: ACCEPTED IN 26 TRIES, (AVG 540534.2307692308)
[1, 4, 10, 23, 57, 132, 301, 701, 1654, 3895, 8700, 20558]...: 17302444: ACCEPTED IN 32 TRIES, (AVG 540701.375)
[1, 4, 10, 23, 57, 132, 301, 701, 1654, 3895, 8700, 20591]...: 12432217: ACCEPTED IN 23 TRIES, (AVG 540531.1739130435)
[1, 4, 10, 23, 57, 132, 301, 701, 1654, 3895, 8700, 20595]...: 14055476: ACCEPTED IN 26 TRIES, (AVG 540595.2307692308)
[1, 4, 10, 23, 57, 132, 301, 701, 1654, 3895, 8700, 20599]...: 24337268: ACCEPTED IN 45 TRIES, (AVG 540828.1777777778)
[1, 4, 10, 23, 57, 132, 301, 701, 1654, 3895, 8700, 20608]...: 12431098: ACCEPTED IN 23 TRIES, (AVG 540482.5217391305)
[1, 4, 10, 23, 57, 132, 301, 701, 1654, 3895, 8700, 20616]...: 16760050: ACCEPTED IN 31 TRIES, (AVG 540646.7741935484)
[1, 4, 10, 23, 57, 132, 301, 701, 1654, 3895, 8700, 20620]...: 12432032: ACCEPTED IN 23 TRIES, (AVG 540523.1304347826)
[1, 4, 10, 23, 57, 132, 301, 701, 1654, 3895, 8700, 20628]...: 18384601: ACCEPTED IN 34 TRIES, (AVG 540723.5588235294)
[1, 4, 10, 23, 57, 132, 301, 701, 1654, 3895, 8700, 20632]...: 17842427: ACCEPTED IN 33 TRIES, (AVG 540679.6060606061)
[1, 4, 10, 23, 57, 132, 301, 701, 1654, 3895, 8700, 20645]...: 13513927: ACCEPTED IN 25 TRIES, (AVG 540557.08)
[1, 4, 10, 23, 57, 132, 301, 701, 1654, 3895, 8700, 20649]...: 11349695: ACCEPTED IN 21 TRIES, (AVG 540461.6666666666)
[1, 4, 10, 23, 57, 132, 301, 701, 1654, 3895, 8700, 20653]...: 16219077: ACCEPTED IN 30 TRIES, (AVG 540635.9)
[1, 4, 10, 23, 57, 132, 301, 701, 1654, 3895, 8700, 20657]...: 14055756: ACCEPTED IN 26 TRIES, (AVG 540606.0)
[1, 4, 10, 23, 57, 132, 301, 701, 1654, 3895, 8700, 20661]...: 14595586: ACCEPTED IN 27 TRIES, (AVG 540577.2592592592)
[1, 4, 10, 23, 57, 132, 301, 701, 1654, 3895, 8700, 20669]...: 12431298: ACCEPTED IN 23 TRIES, (AVG 540491.2173913043)
[1, 4, 10, 23, 57, 132, 301, 701, 1654, 3895, 8700, 20686]...: 13514467: ACCEPTED IN 25 TRIES, (AVG 540578.68)
[1, 4, 10, 23, 57, 132, 301, 701, 1654, 3895, 8700, 20690]...: 14055149: ACCEPTED IN 26 TRIES, (AVG 540582.6538461539)
[1, 4, 10, 23, 57, 132, 301, 701, 1654, 3895, 8700, 20723]...: 17842481: ACCEPTED IN 33 TRIES, (AVG 540681.2424242424)
[1, 4, 10, 23, 57, 132, 301, 701, 1654, 3895, 8700, 20727]...: 22712566: ACCEPTED IN 42 TRIES, (AVG 540775.380952381)
[1, 4, 10, 23, 57, 132, 301, 701, 1654, 3895, 8700, 20740]...: 20547620: ACCEPTED IN 38 TRIES, (AVG 540726.8421052631)
[1, 4, 10, 23, 57, 132, 301, 701, 1654, 3895, 8700, 20752]...: 14055432: ACCEPTED IN 26 TRIES, (AVG 540593.5384615385)
[1, 4, 10, 23, 57, 132, 301, 701, 1654, 3895, 8700, 20760]...: 10808815: ACCEPTED IN 20 TRIES, (AVG 540440.75)
[1, 4, 10, 23, 57, 132, 301, 701, 1654, 3895, 8700, 20764]...: 9185440: ACCEPTED IN 17 TRIES, (AVG 540320.0)
[1, 4, 10, 23, 57, 132, 301, 701, 1654, 3895, 8700, 20768]...: 17301033: ACCEPTED IN 32 TRIES, (AVG 540657.28125)
[1, 4, 10, 23, 57, 132, 301, 701, 1654, 3895, 8700, 20777]...: 22171544: ACCEPTED IN 41 TRIES, (AVG 540769.3658536585)
[1, 4, 10, 23, 57, 132, 301, 701, 1654, 3895, 8700, 20781]...: 19465361: ACCEPTED IN 36 TRIES, (AVG 540704.4722222222)
[1, 4, 10, 23, 57, 132, 301, 701, 1654, 3895, 8700, 20785]...: 12429766: ACCEPTED IN 23 TRIES, (AVG 540424.6086956522)
[1, 4, 10, 23, 57, 132, 301, 701, 1654, 3895, 8700, 20789]...: 31370827: ACCEPTED IN 58 TRIES, (AVG 540876.3275862068)
[1, 4, 10, 23, 57, 132, 301, 701, 1654, 3895, 8700, 20793]...: 9726399: ACCEPTED IN 18 TRIES, (AVG 540355.5)
[1, 4, 10, 23, 57, 132, 301, 701, 1654, 3895, 8700, 20801]...: 12972560: ACCEPTED IN 24 TRIES, (AVG 540523.3333333334)
[1, 4, 10, 23, 57, 132, 301, 701, 1654, 3895, 8700, 20818]...: 8101590: ACCEPTED IN 15 TRIES, (AVG 540106.0)
[1, 4, 10, 23, 57, 132, 301, 701, 1654, 3895, 8700, 20822]...: 17842947: ACCEPTED IN 33 TRIES, (AVG 540695.3636363636)
[1, 4, 10, 23, 57, 132, 301, 701, 1654, 3895, 8700, 20830]...: 16220237: ACCEPTED IN 30 TRIES, (AVG 540674.5666666667)
[1, 4, 10, 23, 57, 132, 301, 701, 1654, 3895, 8700, 20855]...: 12428941: ACCEPTED IN 23 TRIES, (AVG 540388.7391304348)
[1, 4, 10, 23, 57, 132, 301, 701, 1654, 3895, 8700, 20859]...: 14053797: ACCEPTED IN 26 TRIES, (AVG 540530.6538461539)
[1, 4, 10, 23, 57, 132, 301, 701, 1654, 3895, 8700, 20872]...: 9726610: ACCEPTED IN 18 TRIES, (AVG 540367.2222222222)
