[1, 4, 10, 23, 57, 132, 301, 701, 1654, 3681, 8380, 18436]...: 35159654: ACCEPTED IN 65 TRIES, (AVG 540917.7538461538)
[1, 4, 10, 23, 57, 132, 301, 701, 1654, 3681, 8380, 18449]...: 24877873: ACCEPTED IN 46 TRIES, (AVG 540823.3260869565)
[1, 4, 10, 23, 57, 132, 301, 701, 1654, 3681, 8380, 18453]...: 57887065: ACCEPTED IN 107 TRIES, (AVG 541000.6074766355)
[1, 4, 10, 23, 57, 132, 301, 701, 1654, 3681, 8380, 18457]...: 49227856: ACCEPTED IN 91 TRIES, (AVG 540965.4505494506)
[1, 4, 10, 23, 57, 132, 301, 701, 1654, 3681, 8380, 18461]...: 21090418: ACCEPTED IN 39 TRIES, (AVG 540779.9487179487)
[1, 4, 10, 23, 57, 132, 301, 701, 1654, 3681, 8380, 18465]...: 25419436: ACCEPTED IN 47 TRIES, (AVG 540839.0638297872)
[1, 4, 10, 23, 57, 132, 301, 701, 1654, 3681, 8380, 18469]...: 11349580: ACCEPTED IN 21 TRIES, (AVG 540456.1904761905)
[1, 4, 10, 23, 57, 132, 301, 701, 1654, 3681, 8380, 18473]...: 61134360: ACCEPTED IN 113 TRIES, (AVG 541012.0353982301)
[1, 4, 10, 23, 57, 132, 301, 701, 1654, 3681, 8380, 18482]...: 46522789: ACCEPTED IN 86 TRIES, (AVG 540962.6627906977)
[1, 4, 10, 23, 57, 132, 301, 701, 1654, 3681, 8380, 18490]...: 191548202: ACCEPTED IN 354 TRIES, (AVG 541096.615819209)
[1, 4, 10, 23, 57, 132, 301, 701, 1654, 3681, 8380, 18494]...: 36241517: ACCEPTED IN 67 TRIES, (AVG 540918.1641791045)
[1, 4, 10, 23, 57, 132, 301, 701, 1654, 3681, 8380, 18502]...: 43817646: ACCEPTED IN 81 TRIES, (AVG 540958.5925925926)
[1, 4, 10, 23, 57, 132, 301, 701, 1654, 3681, 8380, 18519]...: 5937929: ACCEPTED IN 11 TRIES, (AVG 539811.7272727273)
[1, 4, 10, 23, 57, 132, 301, 701, 1654, 3681, 8380, 18523]...: 37324396: ACCEPTED IN 69 TRIES, (AVG 540933.2753623188)
[1, 4, 10, 23, 57, 132, 301, 701, 1654, 3681, 8380, 18527]...: 24337322: ACCEPTED IN 45 TRIES, (AVG 540829.3777777777)
[1, 4, 10, 23, 57, 132, 301, 701, 1654, 3681, 8380, 18531]...: 16218890: ACCEPTED IN 30 TRIES, (AVG 540629.6666666666)
[1, 4, 10, 23, 57, 132, 301, 701, 1654, 3681, 8380, 18552]...: 45440911: ACCEPTED IN 84 TRIES, (AVG 540963.2261904762)
[1, 4, 10, 23, 57, 132, 301, 701, 1654, 3681, 8380, 18556]...: 56803090: ACCEPTED IN 105 TRIES, (AVG 540981.8095238095)
[1, 4, 10, 23, 57, 132, 301, 701, 1654, 3681, 8380, 18560]...: 31911249: ACCEPTED IN 59 TRIES, (AVG 540868.6271186441)
[1, 4, 10, 23, 57, 132, 301, 701, 1654, 3681, 8380, 18564]...: 45440494: ACCEPTED IN 84 TRIES, (AVG 540958.2619047619)
[1, 4, 10, 23, 57, 132, 301, 701, 1654, 3681, 8380, 18568]...: 16219179: ACCEPTED IN 30 TRIES, (AVG 540639.3)
[1, 4, 10, 23, 57, 132, 301, 701, 1654, 3681, 8380, 18581]...: 22172772: ACCEPTED IN 41 TRIES, (AVG 540799.3170731707)
[1, 4, 10, 23, 57, 132, 301, 701, 1654, 3681, 8380, 18585]...: 47606154: ACCEPTED IN 88 TRIES, (AVG 540979.0227272727)
[1, 4, 10, 23, 57, 132, 301, 701, 1654, 3681, 8380, 18589]...: 34075864: ACCEPTED IN 63 TRIES, (AVG 540886.7301587302)
[1, 4, 10, 23, 57, 132, 301, 701, 1654, 3681, 8380, 18593]...: 41111832: ACCEPTED IN 76 TRIES, (AVG 540945.1578947369)
[1, 4, 10, 23, 57, 132, 301, 701, 1654, 3681, 8380, 18597]...: 17841705: ACCEPTED IN 33 TRIES, (AVG 540657.7272727273)
[1, 4, 10, 23, 57, 132, 301, 701, 1654, 3681, 8380, 18618]...: 25419408: ACCEPTED IN 47 TRIES, (AVG 540838.4680851063)
[1, 4, 10, 23, 57, 132, 301, 701, 1654, 3681, 8380, 18622]...: 29748219: ACCEPTED IN 55 TRIES, (AVG 540876.7090909091)
[1, 4, 10, 23, 57, 132, 301, 701, 1654, 3681, 8380, 18626]...: 10266827: ACCEPTED IN 19 TRIES, (AVG 540359.3157894737)
[1, 4, 10, 23, 57, 132, 301, 701, 1654, 3681, 8380, 18634]...: 21630857: ACCEPTED IN 40 TRIES, (AVG 540771.425)
[1, 4, 10, 23, 57, 132, 301, 701, 1654, 3681, 8380, 18638]...: 15137759: ACCEPTED IN 28 TRIES, (AVG 540634.25)
[1, 4, 10, 23, 57, 132, 301, 701, 1654, 3681, 8380, 18651]...: 35699232: ACCEPTED IN 66 TRIES, (AVG 540897.4545454546)
[1, 4, 10, 23, 57, 132, 301, 701, 1654, 3681, 8380, 18655]...: 34075854: ACCEPTED IN 63 TRIES, (AVG 540886.5714285715)
[1, 4, 10, 23, 57, 132, 301, 701, 1654, 3681, 8380, 18659]...: 19466945: ACCEPTED IN 36 TRIES, (AVG 540748.4722222222)
[1, 4, 10, 23, 57, 132, 301, 701, 1654, 3681, 8380, 18663]...: 22170312: ACCEPTED IN 41 TRIES, (AVG 540739.3170731707)
[1, 4, 10, 23, 57, 132, 301, 701, 1654, 3681, 8380, 18684]...: 20549155: ACCEPTED IN 38 TRIES, (AVG 540767.2368421053)
[1, 4, 10, 23, 57, 132, 301, 701, 1654, 3681, 8380, 18692]...: 34077223: ACCEPTED IN 63 TRIES, (AVG 540908.3015873015)
[1, 4, 10, 23, 57, 132, 301, 701, 1654, 3681, 8380, 18696]...: 11350024: ACCEPTED IN 21 TRIES, (AVG 540477.3333333334)
[1, 4, 10, 23, 57, 132, 301, 701, 1654, 3681, 8380, 18700]...: 49228414: ACCEPTED IN 91 TRIES, (AVG 540971.5824175824)
[1, 4, 10, 23, 57, 132, 301, 701, 1654, 3681, 8380, 18717]...: 11890726: ACCEPTED IN 22 TRIES, (AVG 540487.5454545454)
[1, 4, 10, 23, 57, 132, 301, 701, 1654, 3681, 8380, 18721]...: 37323723: ACCEPTED IN 69 TRIES, (AVG 540923.5217391305)
[1, 4, 10, 23, 57, 132, 301, 701, 1654, 3681, 8380, 18725]...: 10267087: ACCEPTED IN 19 TRIES, (AVG 540373.0)
[1, 4, 10, 23, 57, 132, 301, 701, 1654, 3681, 8380, 18729]...: 12973250: ACCEPTED IN 24 TRIES, (AVG 540552.0833333334)
[1, 4, 10, 23, 57, 132, 301, 701, 1654, 3681, 8380, 18733]...: 12972793: ACCEPTED IN 24 TRIES, (AVG 540533.0416666666)
[1, 4, 10, 23, 57, 132, 301, 701, 1654, 3681, 8380, 18737]...: 10266656: ACCEPTED IN 19 TRIES, (AVG 540350.3157894737)
[1, 4, 10, 23, 57, 132, 301, 701, 1654, 3681, 8380, 18750]...: 47606041: ACCEPTED IN 88 TRIES, (AVG 540977.7386363636)
[1, 4, 10, 23, 57, 132, 301, 701, 1654, 3681, 8380, 18754]...: 25960711: ACCEPTED IN 48 TRIES, (AVG 540848.1458333334)
[1, 4, 10, 23, 57, 132, 301, 701, 1654, 3681, 8380, 18758]...: 31913232: ACCEPTED IN 59 TRIES, (AVG 540902.2372881356)
[1, 4, 10, 23, 57, 132, 301, 701, 1654, 3681, 8380, 18766]...: 17302290: ACCEPTED IN 32 TRIES, (AVG 540696.5625)
[1, 4, 10, 23, 57, 132, 301, 701, 1654, 3681, 8380, 18770]...: 22713792: ACCEPTED IN 42 TRIES, (AVG 540804.5714285715)
[1, 4, 10, 23, 57, 132, 301, 701, 1654, 3681, 8380, 18783]...: 34617972: ACCEPTED IN 64 TRIES, (AVG 540905.8125)
[1, 4, 10, 23, 57, 132, 301, 701, 1654, 3681, 8380, 18791]...: 47605401: ACCEPTED IN 88 TRIES, (AVG 540970.4659090909)
[1, 4, 10, 23, 57, 132, 301, 701, 1654, 3681, 8380, 18795]...: 30829493: ACCEPTED IN 57 TRIES, (AVG 540868.298245614)
[1, 4, 10, 23, 57, 132, 301, 701, 1654, 3681, 8380, 18807]...: 43815893: ACCEPTED IN 81 TRIES, (AVG 540936.9506172839)
[1, 4, 10, 23, 57, 132, 301, 701, 1654, 3681, 8380, 18820]...: 23794818: ACCEPTED IN 44 TRIES, (AVG 540791.3181818182)
[1, 4, 10, 23, 57, 132, 301, 701, 1654, 3681, 8380, 18824]...: 12428662: ACCEPTED IN 23 TRIES, (AVG 540376.6086956522)
[1, 4, 10, 23, 57, 132, 301, 701, 1654, 3681, 8380, 18828]...: 10807336: ACCEPTED IN 20 TRIES, (AVG 540366.8)
[1, 4, 10, 23, 57, 132, 301, 701, 1654, 3681, 8380, 18832]...: 11890733: ACCEPTED IN 22 TRIES, (AVG 540487.8636363636)
[1, 4, 10, 23, 57, 132, 301, 701, 1654, 3681, 8380, 18849]...: 9725885: ACCEPTED IN 18 TRIES, (AVG 540326.9444444445)
[1, 4, 10, 23, 57, 132, 301, 701, 1654, 3681, 8380, 18853]...: 24337158: ACCEPTED IN 45 TRIES, (AVG 540825.7333333333)
[1, 4, 10, 23, 57, 132, 301, 701, 1654, 3681, 8380, 18857]...: 8644160: ACCEPTED IN 16 TRIES, (AVG 540260.0)
[1, 4, 10, 23, 57, 132, 301, 701, 1654, 3681, 8380, 18861]...: 29748696: ACCEPTED IN 55 TRIES, (AVG 540885.3818181818)
[1, 4, 10, 23, 57, 132, 301, 701, 1654, 3681, 8380, 18865]...: 11889189: ACCEPTED IN 22 TRIES, (AVG 540417.6818181818)
[1, 4, 10, 23, 57, 132, 301, 701, 1654, 3681, 8380, 18869]...: 28666230: ACCEPTED IN 53 TRIES, (AVG 540872.2641509434)
[1, 4, 10, 23, 57, 132, 301, 701, 1654, 3681, 8380, 18882]...: 12973418: ACCEPTED IN 24 TRIES, (AVG 540559.0833333334)
[1, 4, 10, 23, 57, 132, 301, 701, 1654, 3681, 8380, 18886]...: 30830512: ACCEPTED IN 57 TRIES, (AVG 540886.1754385965)
[1, 4, 10, 23, 57, 132, 301, 701, 1654, 3681, 8380, 18890]...: 18383360: ACCEPTED IN 34 TRIES, (AVG 540687.0588235294)
[1, 4, 10, 23, 57, 132, 301, 701, 1654, 3681, 8380, 18898]...: 33536007: ACCEPTED IN 62 TRIES, (AVG 540903.3387096775)
[1, 4, 10, 23, 57, 132, 301, 701, 1654, 3681, 8380, 18902]...: 17842637: ACCEPTED IN 33 TRIES, (AVG 540685.9696969697)
[1, 4, 10, 23, 57, 132, 301, 701, 1654, 3681, 8380, 18906]...: 30829475: ACCEPTED IN 57 TRIES, (AVG 540867.9824561403)
[1, 4, 10, 23, 57, 132, 301, 701, 1654, 3681, 8380, 18919]...: 11890289: ACCEPTED IN 22 TRIES, (AVG 540467.6818181818)
[1, 4, 10, 23, 57, 132, 301, 701, 1654, 3681, 8380, 18923]...: 15678953: ACCEPTED IN 29 TRIES, (AVG 540653.551724138)
[1, 4, 10, 23, 57, 132, 301, 701, 1654, 3681, 8380, 18927]...: 11349260: ACCEPTED IN 21 TRIES, (AVG 540440.9523809524)
[1, 4, 10, 23, 57, 132, 301, 701, 1654, 3681, 8380, 18939]...: 10267535: ACCEPTED IN 19 TRIES, (AVG 540396.5789473684)
[1, 4, 10, 23, 57, 132, 301, 701, 1654, 3681, 8380, 18952]...: 11348828: ACCEPTED IN 21 TRIES, (AVG 540420.380952381)
[1, 4, 10, 23, 57, 132, 301, 701, 1654, 3681, 8380, 18956]...: 8642420: ACCEPTED IN 16 TRIES, (AVG 540151.25)
[1, 4, 10, 23, 57, 132, 301, 701, 1654, 3681, 8380, 18960]...: 12430945: ACCEPTED IN 23 TRIES, (AVG 540475.8695652174)
[1, 4, 10, 23, 57, 132, 301, 701, 1654, 3681, 8380, 18964]...: 10808567: ACCEPTED IN 20 TRIES, (AVG 540428.35)
[1, 4, 10, 23, 57, 132, 301, 701, 1654, 3681, 8380, 18981]...: 36240836: ACCEPTED IN 67 TRIES, (AVG 540908.0)
[1, 4, 10, 23, 57, 132, 301, 701, 1654, 3681, 8380, 18985]...: 36242030: ACCEPTED IN 67 TRIES, (AVG 540925.8208955224)
[1, 4, 10, 23, 57, 132, 301, 701, 1654, 3681, 8380, 18989]...: 11349524: ACCEPTED IN 21 TRIES, (AVG 540453.5238095238)
[1, 4, 10, 23, 57, 132, 301, 701, 1654, 3681, 8380, 18993]...: 35700662: ACCEPTED IN 66 TRIES, (AVG 540919.1212121212)
[1, 4, 10, 23, 57, 132, 301, 701, 1654, 3681, 8380, 18997]...: 13514212: ACCEPTED IN 25 TRIES, (AVG 540568.48)
[1, 4, 10, 23, 57, 132, 301, 701, 1654, 3681, 8380, 19001]...: 37323524: ACCEPTED IN 69 TRIES, (AVG 540920.6376811594)
[1, 4, 10, 23, 57, 132, 301, 701, 1654, 3681, 8380, 19018]...: 9726147: ACCEPTED IN 18 TRIES, (AVG 540341.5)
[1, 4, 10, 23, 57, 132, 301, 701, 1654, 3681, 8380, 19022]...: 11890494: ACCEPTED IN 22 TRIES, (AVG 540477.0)
[1, 4, 10, 23, 57, 132, 301, 701, 1654, 3681, 8380, 19030]...: 30289512: ACCEPTED IN 56 TRIES, (AVG 540884.1428571428)
[1, 4, 10, 23, 57, 132, 301, 701, 1654, 3681, 8380, 19034]...: 17842998: ACCEPTED IN 33 TRIES, (AVG 540696.9090909091)
[1, 4, 10, 23, 57, 132, 301, 701, 1654, 3681, 8380, 19038]...: 15678964: ACCEPTED IN 29 TRIES, (AVG 540653.9310344828)
[1, 4, 10, 23, 57, 132, 301, 701, 1654, 3681, 8380, 19051]...: 25417115: ACCEPTED IN 47 TRIES, (AVG 540789.6808510638)
[1, 4, 10, 23, 57, 132, 301, 701, 1654, 3681, 8380, 19055]...: 12431715: ACCEPTED IN 23 TRIES, (AVG 540509.3478260869)
[1, 4, 10, 23, 57, 132, 301, 701, 1654, 3681, 8380, 19059]...: 39487984: ACCEPTED IN 73 TRIES, (AVG 540931.2876712328)
[1, 4, 10, 23, 57, 132, 301, 701, 1654, 3681, 8380, 19071]...: 11347052: ACCEPTED IN 21 TRIES, (AVG 540335.8095238095)
[1, 4, 10, 23, 57, 132, 301, 701, 1654, 3681, 8380, 19084]...: 22171041: ACCEPTED IN 41 TRIES, (AVG 540757.0975609756)
[1, 4, 10, 23, 57, 132, 301, 701, 1654, 3681, 8380, 19088]...: 22713542: ACCEPTED IN 42 TRIES, (AVG 540798.619047619)
[1, 4, 10, 23, 57, 132, 301, 701, 1654, 3681, 8380, 19092]...: 12431779: ACCEPTED IN 23 TRIES, (AVG 540512.1304347826)
[1, 4, 10, 23, 57, 132, 301, 701, 1654, 3681, 8380, 19096]...: 18383097: ACCEPTED IN 34 TRIES, (AVG 540679.3235294118)
[1, 4, 10, 23, 57, 132, 301, 701, 1654, 3681, 8380, 19121]...: 39486307: ACCEPTED IN 73 TRIES, (AVG 540908.3150684931)
[1, 4, 10, 23, 57, 132, 301, 701, 1654, 3681, 8380, 19125]...: 12431782: ACCEPTED IN 23 TRIES, (AVG 540512.2608695652)
[1, 4, 10, 23, 57, 132, 301, 701, 1654, 3681, 8380, 19129]...: 11349638: ACCEPTED IN 21 TRIES, (AVG 540458.9523809524)
[1, 4, 10, 23, 57, 132, 301, 701, 1654, 3681, 8380, 19133]...: 9726461: ACCEPTED IN 18 TRIES, (AVG 540358.9444444445)
[1, 4, 10, 23, 57, 132, 301, 701, 1654, 3681, 8380, 19150]...: 13512481: ACCEPTED IN 25 TRIES, (AVG 540499.24)
[1, 4, 10, 23, 57, 132, 301, 701, 1654, 3681, 8380, 19154]...: 17843597: ACCEPTED IN 33 TRIES, (AVG 540715.0606060605)
[1, 4, 10, 23, 57, 132, 301, 701, 1654, 3681, 8380, 19158]...: 25418041: ACCEPTED IN 47 TRIES, (AVG 540809.3829787234)
[1, 4, 10, 23, 57, 132, 301, 701, 1654, 3681, 8380, 19162]...: 11890800: ACCEPTED IN 22 TRIES, (AVG 540490.9090909091)
[1, 4, 10, 23, 57, 132, 301, 701, 1654, 3681, 8380, 19166]...: 8102175: ACCEPTED IN 15 TRIES, (AVG 540145.0)
[1, 4, 10, 23, 57, 132, 301, 701, 1654, 3681, 8380, 19170]...: 12430649: ACCEPTED IN 23 TRIES, (AVG 540463.0)
[1, 4, 10, 23, 57, 132, 301, 701, 1654, 3681, 8380, 19183]...: 14595386: ACCEPTED IN 27 TRIES, (AVG 540569.8518518518)
[1, 4, 10, 23, 57, 132, 301, 701, 1654, 3681, 8380, 19187]...: 34617229: ACCEPTED IN 64 TRIES, (AVG 540894.203125)
[1, 4, 10, 23, 57, 132, 301, 701, 1654, 3681, 8380, 19191]...: 15135882: ACCEPTED IN 28 TRIES, (AVG 540567.2142857143)
[1, 4, 10, 23, 57, 132, 301, 701, 1654, 3681, 8380, 19203]...: 12971736: ACCEPTED IN 24 TRIES, (AVG 540489.0)
[1, 4, 10, 23, 57, 132, 301, 701, 1654, 3681, 8380, 19207]...: 12431103: ACCEPTED IN 23 TRIES, (AVG 540482.7391304348)
[1, 4, 10, 23, 57, 132, 301, 701, 1654, 3681, 8380, 19220]...: 10808429: ACCEPTED IN 20 TRIES, (AVG 540421.45)
[1, 4, 10, 23, 57, 132, 301, 701, 1654, 3681, 8380, 19224]...: 6479010: ACCEPTED IN 12 TRIES, (AVG 539917.5)
[1, 4, 10, 23, 57, 132, 301, 701, 1654, 3681, 8380, 19228]...: 8103164: ACCEPTED IN 15 TRIES, (AVG 540210.9333333333)
[1, 4, 10, 23, 57, 132, 301, 701, 1654, 3681, 8380, 19253]...: 23794393: ACCEPTED IN 44 TRIES, (AVG 540781.6590909091)
[1, 4, 10, 23, 57, 132, 301, 701, 1654, 3681, 8380, 19257]...: 9184798: ACCEPTED IN 17 TRIES, (AVG 540282.2352941176)
[1, 4, 10, 23, 57, 132, 301, 701, 1654, 3681, 8380, 19261]...: 5938225: ACCEPTED IN 11 TRIES, (AVG 539838.6363636364)
[1, 4, 10, 23, 57, 132, 301, 701, 1654, 3681, 8380, 19265]...: 11349642: ACCEPTED IN 21 TRIES, (AVG 540459.1428571428)
[1, 4, 10, 23, 57, 132, 301, 701, 1654, 3681, 8380, 19282]...: 21089074: ACCEPTED IN 39 TRIES, (AVG 540745.4871794871)
[1, 4, 10, 23, 57, 132, 301, 701, 1654, 3681, 8380, 19286]...: 12430411: ACCEPTED IN 23 TRIES, (AVG 540452.6521739131)
[1, 4, 10, 23, 57, 132, 301, 701, 1654, 3681, 8380, 19290]...: 23254300: ACCEPTED IN 43 TRIES, (AVG 540797.6744186047)
[1, 4, 10, 23, 57, 132, 301, 701, 1654, 3681, 8380, 19294]...: 10266669: ACCEPTED IN 19 TRIES, (AVG 540351.0)
[1, 4, 10, 23, 57, 132, 301, 701, 1654, 3681, 8380, 19298]...: 10806187: ACCEPTED IN 20 TRIES, (AVG 540309.35)
[1, 4, 10, 23, 57, 132, 301, 701, 1654, 3681, 8380, 19302]...: 22713847: ACCEPTED IN 42 TRIES, (AVG 540805.880952381)
[1, 4, 10, 23, 57, 132, 301, 701, 1654, 3681, 8380, 19319]...: 15138007: ACCEPTED IN 28 TRIES, (AVG 540643.1071428572)
[1, 4, 10, 23, 57, 132, 301, 701, 1654, 3681, 8380, 19323]...: 11889080: ACCEPTED IN 22 TRIES, (AVG 540412.7272727273)
[1, 4, 10, 23, 57, 132, 301, 701, 1654, 3681, 8380, 19335]...: 11347372: ACCEPTED IN 21 TRIES, (AVG 540351.0476190476)
[1, 4, 10, 23, 57, 132, 301, 701, 1654, 3681, 8380, 19339]...: 15137122: ACCEPTED IN 28 TRIES, (AVG 540611.5)
[1, 4, 10, 23, 57, 132, 301, 701, 1654, 3681, 8380, 19352]...: 14594964: ACCEPTED IN 27 TRIES, (AVG 540554.2222222222)
[1, 4, 10, 23, 57, 132, 301, 701, 1654, 3681, 8380, 19356]...: 29747896: ACCEPTED IN 55 TRIES, (AVG 540870.8363636363)
[1, 4, 10, 23, 57, 132, 301, 701, 1654, 3681, 8380, 19385]...: 15137518: ACCEPTED IN 28 TRIES, (AVG 540625.6428571428)
[1, 4, 10, 23, 57, 132, 301, 701, 1654, 3681, 8380, 19389]...: 35156731: ACCEPTED IN 65 TRIES, (AVG 540872.7846153846)
[1, 4, 10, 23, 57, 132, 301, 701, 1654, 3681, 8380, 19393]...: 11890689: ACCEPTED IN 22 TRIES, (AVG 540485.8636363636)
[1, 4, 10, 23, 57, 132, 301, 701, 1654, 3681, 8380, 19397]...: 5937790: ACCEPTED IN 11 TRIES, (AVG 539799.0909090909)
[1, 4, 10, 23, 57, 132, 301, 701, 1654, 3681, 8380, 19418]...: 7561434: ACCEPTED IN 14 TRIES, (AVG 540102.4285714285)
[1, 4, 10, 23, 57, 132, 301, 701, 1654, 3681, 8380, 19422]...: 34074385: ACCEPTED IN 63 TRIES, (AVG 540863.253968254)
[1, 4, 10, 23, 57, 132, 301, 701, 1654, 3681, 8380, 19426]...: 14055452: ACCEPTED IN 26 TRIES, (AVG 540594.3076923077)
[1, 4, 10, 23, 57, 132, 301, 701, 1654, 3681, 8380, 19430]...: 9184335: ACCEPTED IN 17 TRIES, (AVG 540255.0)
[1, 4, 10, 23, 57, 132, 301, 701, 1654, 3681, 8380, 19434]...: 11890301: ACCEPTED IN 22 TRIES, (AVG 540468.2272727273)
[1, 4, 10, 23, 57, 132, 301, 701, 1654, 3681, 8380, 19451]...: 12971633: ACCEPTED IN 24 TRIES, (AVG 540484.7083333334)
[1, 4, 10, 23, 57, 132, 301, 701, 1654, 3681, 8380, 19455]...: 12972241: ACCEPTED IN 24 TRIES, (AVG 540510.0416666666)
[1, 4, 10, 23, 57, 132, 301, 701, 1654, 3681, 8380, 19459]...: 29745838: ACCEPTED IN 55 TRIES, (AVG 540833.4181818182)
[1, 4, 10, 23, 57, 132, 301, 701, 1654, 3681, 8380, 19467]...: 8103063: ACCEPTED IN 15 TRIES, (AVG 540204.2)
[1, 4, 10, 23, 57, 132, 301, 701, 1654, 3681, 8380, 19471]...: 18379952: ACCEPTED IN 34 TRIES, (AVG 540586.8235294118)
[1, 4, 10, 23, 57, 132, 301, 701, 1654, 3681, 8380, 19484]...: 23254249: ACCEPTED IN 43 TRIES, (AVG 540796.4883720931)
[1, 4, 10, 23, 57, 132, 301, 701, 1654, 3681, 8380, 19488]...: 19466037: ACCEPTED IN 36 TRIES, (AVG 540723.25)
[1, 4, 10, 23, 57, 132, 301, 701, 1654, 3681, 8380, 19508]...: 5397017: ACCEPTED IN 10 TRIES, (AVG 539701.7)
[1, 4, 10, 23, 57, 132, 301, 701, 1654, 3681, 8380, 19521]...: 12432024: ACCEPTED IN 23 TRIES, (AVG 540522.7826086957)
[1, 4, 10, 23, 57, 132, 301, 701, 1654, 3681, 8380, 19525]...: 6479768: ACCEPTED IN 12 TRIES, (AVG 539980.6666666666)
[1, 4, 10, 23, 57, 132, 301, 701, 1654, 3681, 8380, 19529]...: 11347365: ACCEPTED IN 21 TRIES, (AVG 540350.7142857143)
[1, 4, 10, 23, 57, 132, 301, 701, 1654, 3681, 8380, 19550]...: 8642675: ACCEPTED IN 16 TRIES, (AVG 540167.1875)
[1, 4, 10, 23, 57, 132, 301, 701, 1654, 3681, 8380, 19554]...: 5937651: ACCEPTED IN 11 TRIES, (AVG 539786.4545454546)
[1, 4, 10, 23, 57, 132, 301, 701, 1654, 3681, 8380, 19558]...: 7020521: ACCEPTED IN 13 TRIES, (AVG 540040.0769230769)
[1, 4, 10, 23, 57, 132, 301, 701, 1654, 3681, 8380, 19562]...: 11890074: ACCEPTED IN 22 TRIES, (AVG 540457.9090909091)
[1, 4, 10, 23, 57, 132, 301, 701, 1654, 3681, 8380, 19566]...: 9725956: ACCEPTED IN 18 TRIES, (AVG 540330.8888888889)
[1, 4, 10, 23, 57, 132, 301, 701, 1654, 3681, 8380, 19583]...: 5938015: ACCEPTED IN 11 TRIES, (AVG 539819.5454545454)
[1, 4, 10, 23, 57, 132, 301, 701, 1654, 3681, 8380, 19587]...: 5938707: ACCEPTED IN 11 TRIES, (AVG 539882.4545454546)
[1, 4, 10, 23, 57, 132, 301, 701, 1654, 3681, 8380, 19591]...: 11891010: ACCEPTED IN 22 TRIES, (AVG 540500.4545454546)
[1, 4, 10, 23, 57, 132, 301, 701, 1654, 3681, 8380, 19599]...: 5938667: ACCEPTED IN 11 TRIES, (AVG 539878.8181818182)
[1, 4, 10, 23, 57, 132, 301, 701, 1654, 3681, 8380, 19603]...: 10808741: ACCEPTED IN 20 TRIES, (AVG 540437.05)
[1, 4, 10, 23, 57, 132, 301, 701, 1654, 3681, 8380, 19620]...: 9184965: ACCEPTED IN 17 TRIES, (AVG 540292.0588235294)
[1, 4, 10, 23, 57, 132, 301, 701, 1654, 3681, 8380, 19640]...: 11349831: ACCEPTED IN 21 TRIES, (AVG 540468.1428571428)
[1, 4, 10, 23, 57, 132, 301, 701, 1654, 3681, 8380, 19653]...: 9726460: ACCEPTED IN 18 TRIES, (AVG 540358.8888888889)
[1, 4, 10, 23, 57, 132, 301, 701, 1654, 3681, 8380, 19657]...: 12973449: ACCEPTED IN 24 TRIES, (AVG 540560.375)
[1, 4, 10, 23, 57, 132, 301, 701, 1654, 3681, 8380, 19682]...: 10807877: ACCEPTED IN 20 TRIES, (AVG 540393.85)
[1, 4, 10, 23, 57, 132, 301, 701, 1654, 3681, 8380, 19686]...: 5396229: ACCEPTED IN 10 TRIES, (AVG 539622.9)
[1, 4, 10, 23, 57, 132, 301, 701, 1654, 3681, 8380, 19690]...: 35699227: ACCEPTED IN 66 TRIES, (AVG 540897.3787878788)
[1, 4, 10, 23, 57, 132, 301, 701, 1654, 3681, 8380, 19694]...: 12431633: ACCEPTED IN 23 TRIES, (AVG 540505.7826086957)
[1, 4, 10, 23, 57, 132, 301, 701, 1654, 3681, 8380, 19698]...: 12429019: ACCEPTED IN 23 TRIES, (AVG 540392.1304347826)
[1, 4, 10, 23, 57, 132, 301, 701, 1654, 3681, 8380, 19719]...: 12972265: ACCEPTED IN 24 TRIES, (AVG 540511.0416666666)
[1, 4, 10, 23, 57, 132, 301, 701, 1654, 3681, 8380, 19723]...: 20007799: ACCEPTED IN 37 TRIES, (AVG 540751.3243243244)
[1, 4, 10, 23, 57, 132, 301, 701, 1654, 3681, 8380, 19731]...: 11890409: ACCEPTED IN 22 TRIES, (AVG 540473.1363636364)
[1, 4, 10, 23, 57, 132, 301, 701, 1654, 3681, 8380, 19735]...: 20007682: ACCEPTED IN 37 TRIES, (AVG 540748.1621621621)
[1, 4, 10, 23, 57, 132, 301, 701, 1654, 3681, 8380, 19752]...: 12430141: ACCEPTED IN 23 TRIES, (AVG 540440.9130434783)
[1, 4, 10, 23, 57, 132, 301, 701, 1654, 3681, 8380, 19760]...: 11890206: ACCEPTED IN 22 TRIES, (AVG 540463.9090909091)
[1, 4, 10, 23, 57, 132, 301, 701, 1654, 3681, 8380, 19772]...: 9185502: ACCEPTED IN 17 TRIES, (AVG 540323.6470588235)
[1, 4, 10, 23, 57, 132, 301, 701, 1654, 3681, 8380, 19785]...: 12971431: ACCEPTED IN 24 TRIES, (AVG 540476.2916666666)
[1, 4, 10, 23, 57, 132, 301, 701, 1654, 3681, 8380, 19789]...: 36783419: ACCEPTED IN 68 TRIES, (AVG 540932.6323529412)
[1, 4, 10, 23, 57, 132, 301, 701, 1654, 3681, 8380, 19814]...: 17840179: ACCEPTED IN 33 TRIES, (AVG 540611.4848484849)
[1, 4, 10, 23, 57, 132, 301, 701, 1654, 3681, 8380, 19822]...: 8101557: ACCEPTED IN 15 TRIES, (AVG 540103.8)
[1, 4, 10, 23, 57, 132, 301, 701, 1654, 3681, 8380, 19826]...: 11889961: ACCEPTED IN 22 TRIES, (AVG 540452.7727272727)
[1, 4, 10, 23, 57, 132, 301, 701, 1654, 3681, 8380, 19830]...: 10266585: ACCEPTED IN 19 TRIES, (AVG 540346.5789473684)
[1, 4, 10, 23, 57, 132, 301, 701, 1654, 3681, 8380, 19851]...: 9184501: ACCEPTED IN 17 TRIES, (AVG 540264.7647058824)
[1, 4, 10, 23, 57, 132, 301, 701, 1654, 3681, 8380, 19855]...: 10808814: ACCEPTED IN 20 TRIES, (AVG 540440.7)
[1, 4, 10, 23, 57, 132, 301, 701, 1654, 3681, 8380, 19859]...: 12430157: ACCEPTED IN 23 TRIES, (AVG 540441.6086956522)
[1, 4, 10, 23, 57, 132, 301, 701, 1654, 3681, 8380, 19863]...: 11349746: ACCEPTED IN 21 TRIES, (AVG 540464.0952380953)
[1, 4, 10, 23, 57, 132, 301, 701, 1654, 3681, 8380, 19867]...: 9184391: ACCEPTED IN 17 TRIES, (AVG 540258.2941176471)
[1, 4, 10, 23, 57, 132, 301, 701, 1654, 3681, 8380, 19884]...: 5936943: ACCEPTED IN 11 TRIES, (AVG 539722.0909090909)
[1, 4, 10, 23, 57, 132, 301, 701, 1654, 3681, 8380, 19892]...: 10808540: ACCEPTED IN 20 TRIES, (AVG 540427.0)
[1, 4, 10, 23, 57, 132, 301, 701, 1654, 3681, 8380, 19904]...: 21089215: ACCEPTED IN 39 TRIES, (AVG 540749.1025641026)
[1, 4, 10, 23, 57, 132, 301, 701, 1654, 3681, 8380, 19921]...: 5937747: ACCEPTED IN 11 TRIES, (AVG 539795.1818181818)
[1, 4, 10, 23, 57, 132, 301, 701, 1654, 3681, 8380, 19946]...: 9726228: ACCEPTED IN 18 TRIES, (AVG 540346.0)
[1, 4, 10, 23, 57, 132, 301, 701, 1654, 3681, 8380, 19954]...: 12428776: ACCEPTED IN 23 TRIES, (AVG 540381.5652173914)
[1, 4, 10, 23, 57, 132, 301, 701, 1654, 3681, 8380, 19958]...: 11348608: ACCEPTED IN 21 TRIES, (AVG 540409.9047619047)
[1, 4, 10, 23, 57, 132, 301, 701, 1654, 3681, 8380, 19983]...: 5937545: ACCEPTED IN 11 TRIES, (AVG 539776.8181818182)
[1, 4, 10, 23, 57, 132, 301, 701, 1654, 3681, 8380, 19987]...: 22712931: ACCEPTED IN 42 TRIES, (AVG 540784.0714285715)
[1, 4, 10, 23, 57, 132, 301, 701, 1654, 3681, 8380, 19991]...: 5937690: ACCEPTED IN 11 TRIES, (AVG 539790.0)
[1, 4, 10, 23, 57, 132, 301, 701, 1654, 3681, 8380, 19995]...: 11890432: ACCEPTED IN 22 TRIES, (AVG 540474.1818181818)
[1, 4, 10, 23, 57, 132, 301, 701, 1654, 3681, 8380, 19999]...: 8103094: ACCEPTED IN 15 TRIES, (AVG 540206.2666666667)
[1, 4, 10, 23, 57, 132, 301, 701, 1654, 3681, 8380, 20024]...: 14055022: ACCEPTED IN 26 TRIES, (AVG 540577.7692307692)
[1, 4, 10, 23, 57, 132, 301, 701, 1654, 3681, 8380, 20036]...: 14596285: ACCEPTED IN 27 TRIES, (AVG 540603.1481481482)
[1, 4, 10, 23, 57, 132, 301, 701, 1654, 3681, 8380, 20053]...: 10806283: ACCEPTED IN 20 TRIES, (AVG 540314.15)
[1, 4, 10, 23, 57, 132, 301, 701, 1654, 3681, 8380, 20078]...: 9185091: ACCEPTED IN 17 TRIES, (AVG 540299.4705882353)
[1, 4, 10, 23, 57, 132, 301, 701, 1654, 3681, 8380, 20086]...: 5396902: ACCEPTED IN 10 TRIES, (AVG 539690.2)
[1, 4, 10, 23, 57, 132, 301, 701, 1654, 3681, 8380, 20090]...: 29205163: ACCEPTED IN 54 TRIES, (AVG 540836.3518518518)
