[1, 4, 10, 23, 57, 132, 301, 701, 1636, 3796, 8932, 19726]...: 24877797: ACCEPTED IN 46 TRIES, (AVG 540821.6739130435)
[1, 4, 10, 23, 57, 132, 301, 701, 1636, 3796, 8932, 19777]...: 26501257: ACCEPTED IN 49 TRIES, (AVG 540841.9795918367)
[1, 4, 10, 23, 57, 132, 301, 701, 1636, 3796, 8932, 19825]...: 10267094: ACCEPTED IN 19 TRIES, (AVG 540373.3684210526)
[1, 4, 10, 23, 57, 132, 301, 701, 1636, 3796, 8932, 19876]...: 9185227: ACCEPTED IN 17 TRIES, (AVG 540307.4705882353)
[1, 4, 10, 23, 57, 132, 301, 701, 1636, 3796, 8932, 19975]...: 10266009: ACCEPTED IN 19 TRIES, (AVG 540316.2631578947)
[1, 4, 10, 23, 57, 132, 301, 701, 1636, 3796, 8932, 20126]...: 23254766: ACCEPTED IN 43 TRIES, (AVG 540808.5116279069)
[1, 4, 10, 23, 57, 132, 301, 701, 1636, 3796, 8932, 20177]...: 7561182: ACCEPTED IN 14 TRIES, (AVG 540084.4285714285)
[1, 4, 10, 23, 57, 132, 301, 701, 1636, 3796, 8932, 20209]...: 11889003: ACCEPTED IN 22 TRIES, (AVG 540409.2272727273)
[1, 4, 10, 23, 57, 132, 301, 701, 1636, 3796, 8932, 20276]...: 5397571: ACCEPTED IN 10 TRIES, (AVG 539757.1)
[1, 4, 10, 23, 57, 132, 301, 701, 1636, 3796, 8932, 20427]...: 17301956: ACCEPTED IN 32 TRIES, (AVG 540686.125)
[1, 4, 10, 23, 57, 132, 301, 701, 1636, 3796, 8932, 20478]...: 16759447: ACCEPTED IN 31 TRIES, (AVG 540627.3225806452)
[1, 4, 10, 23, 57, 132, 301, 701, 1636, 3796, 8932, 20510]...: 8101457: ACCEPTED IN 15 TRIES, (AVG 540097.1333333333)
[1, 4, 10, 23, 57, 132, 301, 701, 1636, 3796, 8932, 20577]...: 10267686: ACCEPTED IN 19 TRIES, (AVG 540404.5263157894)
[1, 4, 10, 23, 57, 132, 301, 701, 1636, 3796, 8932, 20811]...: 14594742: ACCEPTED IN 27 TRIES, (AVG 540546.0)
[1, 4, 10, 23, 57, 132, 301, 701, 1636, 3796, 8932, 20878]...: 11890715: ACCEPTED IN 22 TRIES, (AVG 540487.0454545454)
[1, 4, 10, 23, 57, 132, 301, 701, 1636, 3796, 8932, 20910]...: 5396875: ACCEPTED IN 10 TRIES, (AVG 539687.5)
[1, 4, 10, 23, 57, 132, 301, 701, 1636, 3796, 8932, 21112]...: 15676388: ACCEPTED IN 29 TRIES, (AVG 540565.1034482758)
[1, 4, 10, 23, 57, 132, 301, 701, 1636, 3796, 8932, 21179]...: 14596374: ACCEPTED IN 27 TRIES, (AVG 540606.4444444445)
[1, 4, 10, 23, 57, 132, 301, 701, 1636, 3796, 8932, 21211]...: 16760577: ACCEPTED IN 31 TRIES, (AVG 540663.7741935484)
[1, 4, 10, 23, 57, 132, 301, 701, 1636, 3796, 8932, 21413]...: 9726269: ACCEPTED IN 18 TRIES, (AVG 540348.2777777778)
