[1, 4, 10, 23, 57, 132, 301, 701, 1636, 3796, 8930, 19722]...: 16219563: ACCEPTED IN 30 TRIES, (AVG 540652.1)
[1, 4, 10, 23, 57, 132, 301, 701, 1636, 3796, 8930, 19854]...: 10266653: ACCEPTED IN 19 TRIES, (AVG 540350.1578947369)
[1, 4, 10, 23, 57, 132, 301, 701, 1636, 3796, 8930, 19888]...: 10265169: ACCEPTED IN 19 TRIES, (AVG 540272.052631579)
[1, 4, 10, 23, 57, 132, 301, 701, 1636, 3796, 8930, 20122]...: 22713000: ACCEPTED IN 42 TRIES, (AVG 540785.7142857143)
[1, 4, 10, 23, 57, 132, 301, 701, 1636, 3796, 8930, 20189]...: 9184009: ACCEPTED IN 17 TRIES, (AVG 540235.8235294118)
[1, 4, 10, 23, 57, 132, 301, 701, 1636, 3796, 8930, 20254]...: 24877649: ACCEPTED IN 46 TRIES, (AVG 540818.4565217391)
[1, 4, 10, 23, 57, 132, 301, 701, 1636, 3796, 8930, 20321]...: 10267218: ACCEPTED IN 19 TRIES, (AVG 540379.8947368421)
[1, 4, 10, 23, 57, 132, 301, 701, 1636, 3796, 8930, 20356]...: 6479345: ACCEPTED IN 12 TRIES, (AVG 539945.4166666666)
[1, 4, 10, 23, 57, 132, 301, 701, 1636, 3796, 8930, 20423]...: 10808438: ACCEPTED IN 20 TRIES, (AVG 540421.9)
[1, 4, 10, 23, 57, 132, 301, 701, 1636, 3796, 8930, 20488]...: 14055148: ACCEPTED IN 26 TRIES, (AVG 540582.6153846154)
[1, 4, 10, 23, 57, 132, 301, 701, 1636, 3796, 8930, 20555]...: 4856165: ACCEPTED IN 9 TRIES, (AVG 539573.8888888889)
[1, 4, 10, 23, 57, 132, 301, 701, 1636, 3796, 8930, 20589]...: 10807679: ACCEPTED IN 20 TRIES, (AVG 540383.95)
[1, 4, 10, 23, 57, 132, 301, 701, 1636, 3796, 8930, 20657]...: 5396065: ACCEPTED IN 10 TRIES, (AVG 539606.5)
[1, 4, 10, 23, 57, 132, 301, 701, 1636, 3796, 8930, 20721]...: 11346108: ACCEPTED IN 21 TRIES, (AVG 540290.8571428572)
[1, 4, 10, 23, 57, 132, 301, 701, 1636, 3796, 8930, 20789]...: 8101328: ACCEPTED IN 15 TRIES, (AVG 540088.5333333333)
[1, 4, 10, 23, 57, 132, 301, 701, 1636, 3796, 8930, 20823]...: 6478546: ACCEPTED IN 12 TRIES, (AVG 539878.8333333334)
[1, 4, 10, 23, 57, 132, 301, 701, 1636, 3796, 8930, 20890]...: 7561269: ACCEPTED IN 14 TRIES, (AVG 540090.6428571428)
[1, 4, 10, 23, 57, 132, 301, 701, 1636, 3796, 8930, 20955]...: 9185353: ACCEPTED IN 17 TRIES, (AVG 540314.8823529412)
[1, 4, 10, 23, 57, 132, 301, 701, 1636, 3796, 8930, 21022]...: 9183343: ACCEPTED IN 17 TRIES, (AVG 540196.6470588235)
[1, 4, 10, 23, 57, 132, 301, 701, 1636, 3796, 8930, 21057]...: 8642722: ACCEPTED IN 16 TRIES, (AVG 540170.125)
[1, 4, 10, 23, 57, 132, 301, 701, 1636, 3796, 8930, 21124]...: 12431955: ACCEPTED IN 23 TRIES, (AVG 540519.7826086957)
[1, 4, 10, 23, 57, 132, 301, 701, 1636, 3796, 8930, 21189]...: 12431873: ACCEPTED IN 23 TRIES, (AVG 540516.2173913043)
[1, 4, 10, 23, 57, 132, 301, 701, 1636, 3796, 8930, 21256]...: 12431880: ACCEPTED IN 23 TRIES, (AVG 540516.5217391305)
[1, 4, 10, 23, 57, 132, 301, 701, 1636, 3796, 8930, 21358]...: 9724533: ACCEPTED IN 18 TRIES, (AVG 540251.8333333334)
