[1, 4, 10, 23, 57, 132, 301, 701, 1636, 3796, 9068, 19951]...: 11349576: ACCEPTED IN 21 TRIES, (AVG 540456.0)
[1, 4, 10, 23, 57, 132, 301, 701, 1636, 3796, 9068, 20014]...: 16219192: ACCEPTED IN 30 TRIES, (AVG 540639.7333333333)
[1, 4, 10, 23, 57, 132, 301, 701, 1636, 3796, 9068, 20050]...: 31912702: ACCEPTED IN 59 TRIES, (AVG 540893.2542372881)
[1, 4, 10, 23, 57, 132, 301, 701, 1636, 3796, 9068, 20117]...: 13514464: ACCEPTED IN 25 TRIES, (AVG 540578.56)
[1, 4, 10, 23, 57, 132, 301, 701, 1636, 3796, 9068, 20216]...: 9184566: ACCEPTED IN 17 TRIES, (AVG 540268.5882352941)
[1, 4, 10, 23, 57, 132, 301, 701, 1636, 3796, 9068, 20315]...: 9723372: ACCEPTED IN 18 TRIES, (AVG 540187.3333333334)
[1, 4, 10, 23, 57, 132, 301, 701, 1636, 3796, 9068, 20351]...: 11347936: ACCEPTED IN 21 TRIES, (AVG 540377.9047619047)
[1, 4, 10, 23, 57, 132, 301, 701, 1636, 3796, 9068, 20418]...: 11348940: ACCEPTED IN 21 TRIES, (AVG 540425.7142857143)
[1, 4, 10, 23, 57, 132, 301, 701, 1636, 3796, 9068, 20450]...: 8642272: ACCEPTED IN 16 TRIES, (AVG 540142.0)
[1, 4, 10, 23, 57, 132, 301, 701, 1636, 3796, 9068, 20517]...: 10266175: ACCEPTED IN 19 TRIES, (AVG 540325.0)
[1, 4, 10, 23, 57, 132, 301, 701, 1636, 3796, 9068, 20616]...: 3771264: ACCEPTED IN 7 TRIES, (AVG 538752.0)
[1, 4, 10, 23, 57, 132, 301, 701, 1636, 3796, 9068, 20652]...: 6479783: ACCEPTED IN 12 TRIES, (AVG 539981.9166666666)
[1, 4, 10, 23, 57, 132, 301, 701, 1636, 3796, 9068, 20684]...: 8103204: ACCEPTED IN 15 TRIES, (AVG 540213.6)
[1, 4, 10, 23, 57, 132, 301, 701, 1636, 3796, 9068, 20715]...: 11888734: ACCEPTED IN 22 TRIES, (AVG 540397.0)
[1, 4, 10, 23, 57, 132, 301, 701, 1636, 3796, 9068, 20751]...: 5396555: ACCEPTED IN 10 TRIES, (AVG 539655.5)
[1, 4, 10, 23, 57, 132, 301, 701, 1636, 3796, 9068, 20818]...: 5397496: ACCEPTED IN 10 TRIES, (AVG 539749.6)
[1, 4, 10, 23, 57, 132, 301, 701, 1636, 3796, 9068, 20917]...: 5397276: ACCEPTED IN 10 TRIES, (AVG 539727.6)
[1, 4, 10, 23, 57, 132, 301, 701, 1636, 3796, 9068, 20949]...: 11889560: ACCEPTED IN 22 TRIES, (AVG 540434.5454545454)
[1, 4, 10, 23, 57, 132, 301, 701, 1636, 3796, 9068, 20985]...: 15678592: ACCEPTED IN 29 TRIES, (AVG 540641.1034482758)
[1, 4, 10, 23, 57, 132, 301, 701, 1636, 3796, 9068, 21016]...: 14054311: ACCEPTED IN 26 TRIES, (AVG 540550.4230769231)
[1, 4, 10, 23, 57, 132, 301, 701, 1636, 3796, 9068, 21052]...: 9726596: ACCEPTED IN 18 TRIES, (AVG 540366.4444444445)
[1, 4, 10, 23, 57, 132, 301, 701, 1636, 3796, 9068, 21119]...: 11348296: ACCEPTED IN 21 TRIES, (AVG 540395.0476190476)
[1, 4, 10, 23, 57, 132, 301, 701, 1636, 3796, 9068, 21151]...: 4314006: ACCEPTED IN 8 TRIES, (AVG 539250.75)
[1, 4, 10, 23, 57, 132, 301, 701, 1636, 3796, 9068, 21250]...: 9726449: ACCEPTED IN 18 TRIES, (AVG 540358.2777777778)
[1, 4, 10, 23, 57, 132, 301, 701, 1636, 3796, 9068, 21286]...: 10807564: ACCEPTED IN 20 TRIES, (AVG 540378.2)
[1, 4, 10, 23, 57, 132, 301, 701, 1636, 3796, 9068, 21317]...: 11891085: ACCEPTED IN 22 TRIES, (AVG 540503.8636363636)
[1, 4, 10, 23, 57, 132, 301, 701, 1636, 3796, 9068, 21353]...: 9724634: ACCEPTED IN 18 TRIES, (AVG 540257.4444444445)
[1, 4, 10, 23, 57, 132, 301, 701, 1636, 3796, 9068, 21385]...: 6479351: ACCEPTED IN 12 TRIES, (AVG 539945.9166666666)
[1, 4, 10, 23, 57, 132, 301, 701, 1636, 3796, 9068, 21416]...: 9725542: ACCEPTED IN 18 TRIES, (AVG 540307.8888888889)
[1, 4, 10, 23, 57, 132, 301, 701, 1636, 3796, 9068, 21452]...: 14054472: ACCEPTED IN 26 TRIES, (AVG 540556.6153846154)
[1, 4, 10, 23, 57, 132, 301, 701, 1636, 3796, 9068, 21551]...: 4314316: ACCEPTED IN 8 TRIES, (AVG 539289.5)
[1, 4, 10, 23, 57, 132, 301, 701, 1636, 3796, 9068, 21587]...: 9726216: ACCEPTED IN 18 TRIES, (AVG 540345.3333333334)
[1, 4, 10, 23, 57, 132, 301, 701, 1636, 3796, 9068, 21618]...: 4315089: ACCEPTED IN 8 TRIES, (AVG 539386.125)
[1, 4, 10, 23, 57, 132, 301, 701, 1636, 3796, 9068, 21650]...: 11349288: ACCEPTED IN 21 TRIES, (AVG 540442.2857142857)
[1, 4, 10, 23, 57, 132, 301, 701, 1636, 3796, 9068, 21686]...: 11347486: ACCEPTED IN 21 TRIES, (AVG 540356.4761904762)
[1, 4, 10, 23, 57, 132, 301, 701, 1636, 3796, 9068, 21717]...: 14596102: ACCEPTED IN 27 TRIES, (AVG 540596.3703703703)
[1, 4, 10, 23, 57, 132, 301, 701, 1636, 3796, 9068, 21753]...: 11891120: ACCEPTED IN 22 TRIES, (AVG 540505.4545454546)
