[1, 4, 10, 23, 57, 132, 301, 701, 1636, 3855, 9107, 20060]...: 5396681: ACCEPTED IN 10 TRIES, (AVG 539668.1)
[1, 4, 10, 23, 57, 132, 301, 701, 1636, 3855, 9107, 20061]...: 8643819: ACCEPTED IN 16 TRIES, (AVG 540238.6875)
[1, 4, 10, 23, 57, 132, 301, 701, 1636, 3855, 9107, 20063]...: 7561710: ACCEPTED IN 14 TRIES, (AVG 540122.1428571428)
[1, 4, 10, 23, 57, 132, 301, 701, 1636, 3855, 9107, 20064]...: 11890934: ACCEPTED IN 22 TRIES, (AVG 540497.0)
[1, 4, 10, 23, 57, 132, 301, 701, 1636, 3855, 9107, 20065]...: 9184498: ACCEPTED IN 17 TRIES, (AVG 540264.5882352941)
[1, 4, 10, 23, 57, 132, 301, 701, 1636, 3855, 9107, 20068]...: 8643282: ACCEPTED IN 16 TRIES, (AVG 540205.125)
[1, 4, 10, 23, 57, 132, 301, 701, 1636, 3855, 9107, 20070]...: 12432191: ACCEPTED IN 23 TRIES, (AVG 540530.0434782609)
[1, 4, 10, 23, 57, 132, 301, 701, 1636, 3855, 9107, 20094]...: 5396363: ACCEPTED IN 10 TRIES, (AVG 539636.3)
[1, 4, 10, 23, 57, 132, 301, 701, 1636, 3855, 9107, 20097]...: 12431736: ACCEPTED IN 23 TRIES, (AVG 540510.2608695652)
[1, 4, 10, 23, 57, 132, 301, 701, 1636, 3855, 9107, 20098]...: 15678417: ACCEPTED IN 29 TRIES, (AVG 540635.0689655172)
[1, 4, 10, 23, 57, 132, 301, 701, 1636, 3855, 9107, 20099]...: 10806968: ACCEPTED IN 20 TRIES, (AVG 540348.4)
[1, 4, 10, 23, 57, 132, 301, 701, 1636, 3855, 9107, 20100]...: 8644379: ACCEPTED IN 16 TRIES, (AVG 540273.6875)
[1, 4, 10, 23, 57, 132, 301, 701, 1636, 3855, 9107, 20103]...: 8643342: ACCEPTED IN 16 TRIES, (AVG 540208.875)
[1, 4, 10, 23, 57, 132, 301, 701, 1636, 3855, 9107, 20107]...: 8643812: ACCEPTED IN 16 TRIES, (AVG 540238.25)
[1, 4, 10, 23, 57, 132, 301, 701, 1636, 3855, 9107, 20127]...: 8101497: ACCEPTED IN 15 TRIES, (AVG 540099.8)
[1, 4, 10, 23, 57, 132, 301, 701, 1636, 3855, 9107, 20129]...: 7561748: ACCEPTED IN 14 TRIES, (AVG 540124.8571428572)
[1, 4, 10, 23, 57, 132, 301, 701, 1636, 3855, 9107, 20130]...: 7560939: ACCEPTED IN 14 TRIES, (AVG 540067.0714285715)
[1, 4, 10, 23, 57, 132, 301, 701, 1636, 3855, 9107, 20131]...: 8643812: ACCEPTED IN 16 TRIES, (AVG 540238.25)
[1, 4, 10, 23, 57, 132, 301, 701, 1636, 3855, 9107, 20140]...: 10807473: ACCEPTED IN 20 TRIES, (AVG 540373.65)
[1, 4, 10, 23, 57, 132, 301, 701, 1636, 3855, 9107, 20159]...: 10807450: ACCEPTED IN 20 TRIES, (AVG 540372.5)
[1, 4, 10, 23, 57, 132, 301, 701, 1636, 3855, 9107, 20162]...: 6479218: ACCEPTED IN 12 TRIES, (AVG 539934.8333333334)
[1, 4, 10, 23, 57, 132, 301, 701, 1636, 3855, 9107, 20163]...: 9184105: ACCEPTED IN 17 TRIES, (AVG 540241.4705882353)
[1, 4, 10, 23, 57, 132, 301, 701, 1636, 3855, 9107, 20164]...: 7020650: ACCEPTED IN 13 TRIES, (AVG 540050.0)
[1, 4, 10, 23, 57, 132, 301, 701, 1636, 3855, 9107, 20167]...: 10806977: ACCEPTED IN 20 TRIES, (AVG 540348.85)
[1, 4, 10, 23, 57, 132, 301, 701, 1636, 3855, 9107, 20193]...: 9182466: ACCEPTED IN 17 TRIES, (AVG 540145.0588235294)
[1, 4, 10, 23, 57, 132, 301, 701, 1636, 3855, 9107, 20195]...: 8642912: ACCEPTED IN 16 TRIES, (AVG 540182.0)
[1, 4, 10, 23, 57, 132, 301, 701, 1636, 3855, 9107, 20196]...: 5397025: ACCEPTED IN 10 TRIES, (AVG 539702.5)
[1, 4, 10, 23, 57, 132, 301, 701, 1636, 3855, 9107, 20197]...: 11891030: ACCEPTED IN 22 TRIES, (AVG 540501.3636363636)
[1, 4, 10, 23, 57, 132, 301, 701, 1636, 3855, 9107, 20199]...: 15134708: ACCEPTED IN 28 TRIES, (AVG 540525.2857142857)
[1, 4, 10, 23, 57, 132, 301, 701, 1636, 3855, 9107, 20200]...: 9179672: ACCEPTED IN 17 TRIES, (AVG 539980.7058823529)
[1, 4, 10, 23, 57, 132, 301, 701, 1636, 3855, 9107, 20202]...: 8640798: ACCEPTED IN 16 TRIES, (AVG 540049.875)
[1, 4, 10, 23, 57, 132, 301, 701, 1636, 3855, 9107, 20226]...: 9185212: ACCEPTED IN 17 TRIES, (AVG 540306.5882352941)
[1, 4, 10, 23, 57, 132, 301, 701, 1636, 3855, 9107, 20229]...: 8101477: ACCEPTED IN 15 TRIES, (AVG 540098.4666666667)
[1, 4, 10, 23, 57, 132, 301, 701, 1636, 3855, 9107, 20230]...: 10266284: ACCEPTED IN 19 TRIES, (AVG 540330.7368421053)
[1, 4, 10, 23, 57, 132, 301, 701, 1636, 3855, 9107, 20231]...: 9183209: ACCEPTED IN 17 TRIES, (AVG 540188.7647058824)
[1, 4, 10, 23, 57, 132, 301, 701, 1636, 3855, 9107, 20232]...: 8102403: ACCEPTED IN 15 TRIES, (AVG 540160.2)
[1, 4, 10, 23, 57, 132, 301, 701, 1636, 3855, 9107, 20234]...: 15137382: ACCEPTED IN 28 TRIES, (AVG 540620.7857142857)
[1, 4, 10, 23, 57, 132, 301, 701, 1636, 3855, 9107, 20239]...: 8102830: ACCEPTED IN 15 TRIES, (AVG 540188.6666666666)
[1, 4, 10, 23, 57, 132, 301, 701, 1636, 3855, 9107, 20261]...: 9185446: ACCEPTED IN 17 TRIES, (AVG 540320.3529411765)
[1, 4, 10, 23, 57, 132, 301, 701, 1636, 3855, 9107, 20262]...: 9182648: ACCEPTED IN 17 TRIES, (AVG 540155.7647058824)
[1, 4, 10, 23, 57, 132, 301, 701, 1636, 3855, 9107, 20263]...: 7019477: ACCEPTED IN 13 TRIES, (AVG 539959.7692307692)
[1, 4, 10, 23, 57, 132, 301, 701, 1636, 3855, 9107, 20266]...: 10267703: ACCEPTED IN 19 TRIES, (AVG 540405.4210526316)
[1, 4, 10, 23, 57, 132, 301, 701, 1636, 3855, 9107, 20272]...: 5397101: ACCEPTED IN 10 TRIES, (AVG 539710.1)
[1, 4, 10, 23, 57, 132, 301, 701, 1636, 3855, 9107, 20294]...: 9726147: ACCEPTED IN 18 TRIES, (AVG 540341.5)
[1, 4, 10, 23, 57, 132, 301, 701, 1636, 3855, 9107, 20295]...: 10806735: ACCEPTED IN 20 TRIES, (AVG 540336.75)
[1, 4, 10, 23, 57, 132, 301, 701, 1636, 3855, 9107, 20296]...: 7020936: ACCEPTED IN 13 TRIES, (AVG 540072.0)
[1, 4, 10, 23, 57, 132, 301, 701, 1636, 3855, 9107, 20298]...: 9726106: ACCEPTED IN 18 TRIES, (AVG 540339.2222222222)
[1, 4, 10, 23, 57, 132, 301, 701, 1636, 3855, 9107, 20299]...: 9184626: ACCEPTED IN 17 TRIES, (AVG 540272.1176470588)
[1, 4, 10, 23, 57, 132, 301, 701, 1636, 3855, 9107, 20302]...: 8102156: ACCEPTED IN 15 TRIES, (AVG 540143.7333333333)
[1, 4, 10, 23, 57, 132, 301, 701, 1636, 3855, 9107, 20325]...: 7561270: ACCEPTED IN 14 TRIES, (AVG 540090.7142857143)
[1, 4, 10, 23, 57, 132, 301, 701, 1636, 3855, 9107, 20328]...: 15135383: ACCEPTED IN 28 TRIES, (AVG 540549.3928571428)
[1, 4, 10, 23, 57, 132, 301, 701, 1636, 3855, 9107, 20329]...: 5938085: ACCEPTED IN 11 TRIES, (AVG 539825.9090909091)
[1, 4, 10, 23, 57, 132, 301, 701, 1636, 3855, 9107, 20331]...: 6479456: ACCEPTED IN 12 TRIES, (AVG 539954.6666666666)
[1, 4, 10, 23, 57, 132, 301, 701, 1636, 3855, 9107, 20332]...: 14054779: ACCEPTED IN 26 TRIES, (AVG 540568.4230769231)
[1, 4, 10, 23, 57, 132, 301, 701, 1636, 3855, 9107, 20333]...: 7561654: ACCEPTED IN 14 TRIES, (AVG 540118.1428571428)
[1, 4, 10, 23, 57, 132, 301, 701, 1636, 3855, 9107, 20361]...: 9183420: ACCEPTED IN 17 TRIES, (AVG 540201.1764705882)
[1, 4, 10, 23, 57, 132, 301, 701, 1636, 3855, 9107, 20362]...: 9181261: ACCEPTED IN 17 TRIES, (AVG 540074.1764705882)
[1, 4, 10, 23, 57, 132, 301, 701, 1636, 3855, 9107, 20363]...: 8101342: ACCEPTED IN 15 TRIES, (AVG 540089.4666666667)
[1, 4, 10, 23, 57, 132, 301, 701, 1636, 3855, 9107, 20364]...: 8100702: ACCEPTED IN 15 TRIES, (AVG 540046.8)
[1, 4, 10, 23, 57, 132, 301, 701, 1636, 3855, 9107, 20365]...: 8642605: ACCEPTED IN 16 TRIES, (AVG 540162.8125)
[1, 4, 10, 23, 57, 132, 301, 701, 1636, 3855, 9107, 20366]...: 7020952: ACCEPTED IN 13 TRIES, (AVG 540073.2307692308)
[1, 4, 10, 23, 57, 132, 301, 701, 1636, 3855, 9107, 20371]...: 10808108: ACCEPTED IN 20 TRIES, (AVG 540405.4)
[1, 4, 10, 23, 57, 132, 301, 701, 1636, 3855, 9107, 20393]...: 9184953: ACCEPTED IN 17 TRIES, (AVG 540291.3529411765)
[1, 4, 10, 23, 57, 132, 301, 701, 1636, 3855, 9107, 20395]...: 4854760: ACCEPTED IN 9 TRIES, (AVG 539417.7777777778)
[1, 4, 10, 23, 57, 132, 301, 701, 1636, 3855, 9107, 20398]...: 6479123: ACCEPTED IN 12 TRIES, (AVG 539926.9166666666)
[1, 4, 10, 23, 57, 132, 301, 701, 1636, 3855, 9107, 20401]...: 8103090: ACCEPTED IN 15 TRIES, (AVG 540206.0)
[1, 4, 10, 23, 57, 132, 301, 701, 1636, 3855, 9107, 20404]...: 7558720: ACCEPTED IN 14 TRIES, (AVG 539908.5714285715)
[1, 4, 10, 23, 57, 132, 301, 701, 1636, 3855, 9107, 20427]...: 7020966: ACCEPTED IN 13 TRIES, (AVG 540074.3076923077)
[1, 4, 10, 23, 57, 132, 301, 701, 1636, 3855, 9107, 20428]...: 12972189: ACCEPTED IN 24 TRIES, (AVG 540507.875)
[1, 4, 10, 23, 57, 132, 301, 701, 1636, 3855, 9107, 20430]...: 8102820: ACCEPTED IN 15 TRIES, (AVG 540188.0)
[1, 4, 10, 23, 57, 132, 301, 701, 1636, 3855, 9107, 20431]...: 7560645: ACCEPTED IN 14 TRIES, (AVG 540046.0714285715)
[1, 4, 10, 23, 57, 132, 301, 701, 1636, 3855, 9107, 20432]...: 8643148: ACCEPTED IN 16 TRIES, (AVG 540196.75)
[1, 4, 10, 23, 57, 132, 301, 701, 1636, 3855, 9107, 20434]...: 8644068: ACCEPTED IN 16 TRIES, (AVG 540254.25)
[1, 4, 10, 23, 57, 132, 301, 701, 1636, 3855, 9107, 20460]...: 7560251: ACCEPTED IN 14 TRIES, (AVG 540017.9285714285)
[1, 4, 10, 23, 57, 132, 301, 701, 1636, 3855, 9107, 20463]...: 8641724: ACCEPTED IN 16 TRIES, (AVG 540107.75)
[1, 4, 10, 23, 57, 132, 301, 701, 1636, 3855, 9107, 20464]...: 8643875: ACCEPTED IN 16 TRIES, (AVG 540242.1875)
[1, 4, 10, 23, 57, 132, 301, 701, 1636, 3855, 9107, 20465]...: 5937321: ACCEPTED IN 11 TRIES, (AVG 539756.4545454546)
[1, 4, 10, 23, 57, 132, 301, 701, 1636, 3855, 9107, 20468]...: 12432207: ACCEPTED IN 23 TRIES, (AVG 540530.7391304348)
[1, 4, 10, 23, 57, 132, 301, 701, 1636, 3855, 9107, 20494]...: 7559624: ACCEPTED IN 14 TRIES, (AVG 539973.1428571428)
[1, 4, 10, 23, 57, 132, 301, 701, 1636, 3855, 9107, 20495]...: 7020613: ACCEPTED IN 13 TRIES, (AVG 540047.1538461539)
[1, 4, 10, 23, 57, 132, 301, 701, 1636, 3855, 9107, 20496]...: 16217742: ACCEPTED IN 30 TRIES, (AVG 540591.4)
[1, 4, 10, 23, 57, 132, 301, 701, 1636, 3855, 9107, 20497]...: 8102099: ACCEPTED IN 15 TRIES, (AVG 540139.9333333333)
[1, 4, 10, 23, 57, 132, 301, 701, 1636, 3855, 9107, 20498]...: 7020631: ACCEPTED IN 13 TRIES, (AVG 540048.5384615385)
[1, 4, 10, 23, 57, 132, 301, 701, 1636, 3855, 9107, 20500]...: 8642567: ACCEPTED IN 16 TRIES, (AVG 540160.4375)
[1, 4, 10, 23, 57, 132, 301, 701, 1636, 3855, 9107, 20503]...: 9181002: ACCEPTED IN 17 TRIES, (AVG 540058.9411764706)
[1, 4, 10, 23, 57, 132, 301, 701, 1636, 3855, 9107, 20527]...: 7562093: ACCEPTED IN 14 TRIES, (AVG 540149.5)
[1, 4, 10, 23, 57, 132, 301, 701, 1636, 3855, 9107, 20530]...: 5396289: ACCEPTED IN 10 TRIES, (AVG 539628.9)
[1, 4, 10, 23, 57, 132, 301, 701, 1636, 3855, 9107, 20531]...: 7020118: ACCEPTED IN 13 TRIES, (AVG 540009.0769230769)
[1, 4, 10, 23, 57, 132, 301, 701, 1636, 3855, 9107, 20532]...: 5396295: ACCEPTED IN 10 TRIES, (AVG 539629.5)
[1, 4, 10, 23, 57, 132, 301, 701, 1636, 3855, 9107, 20533]...: 4853426: ACCEPTED IN 9 TRIES, (AVG 539269.5555555555)
[1, 4, 10, 23, 57, 132, 301, 701, 1636, 3855, 9107, 20535]...: 4855960: ACCEPTED IN 9 TRIES, (AVG 539551.1111111111)
[1, 4, 10, 23, 57, 132, 301, 701, 1636, 3855, 9107, 20536]...: 9185158: ACCEPTED IN 17 TRIES, (AVG 540303.4117647059)
[1, 4, 10, 23, 57, 132, 301, 701, 1636, 3855, 9107, 20540]...: 7557707: ACCEPTED IN 14 TRIES, (AVG 539836.2142857143)
[1, 4, 10, 23, 57, 132, 301, 701, 1636, 3855, 9107, 20559]...: 8641370: ACCEPTED IN 16 TRIES, (AVG 540085.625)
[1, 4, 10, 23, 57, 132, 301, 701, 1636, 3855, 9107, 20562]...: 4855987: ACCEPTED IN 9 TRIES, (AVG 539554.1111111111)
[1, 4, 10, 23, 57, 132, 301, 701, 1636, 3855, 9107, 20563]...: 8102814: ACCEPTED IN 15 TRIES, (AVG 540187.6)
[1, 4, 10, 23, 57, 132, 301, 701, 1636, 3855, 9107, 20564]...: 7561513: ACCEPTED IN 14 TRIES, (AVG 540108.0714285715)
[1, 4, 10, 23, 57, 132, 301, 701, 1636, 3855, 9107, 20566]...: 8643389: ACCEPTED IN 16 TRIES, (AVG 540211.8125)
[1, 4, 10, 23, 57, 132, 301, 701, 1636, 3855, 9107, 20567]...: 9184464: ACCEPTED IN 17 TRIES, (AVG 540262.5882352941)
[1, 4, 10, 23, 57, 132, 301, 701, 1636, 3855, 9107, 20595]...: 7561337: ACCEPTED IN 14 TRIES, (AVG 540095.5)
[1, 4, 10, 23, 57, 132, 301, 701, 1636, 3855, 9107, 20596]...: 8641689: ACCEPTED IN 16 TRIES, (AVG 540105.5625)
[1, 4, 10, 23, 57, 132, 301, 701, 1636, 3855, 9107, 20597]...: 8103059: ACCEPTED IN 15 TRIES, (AVG 540203.9333333333)
[1, 4, 10, 23, 57, 132, 301, 701, 1636, 3855, 9107, 20599]...: 7561608: ACCEPTED IN 14 TRIES, (AVG 540114.8571428572)
[1, 4, 10, 23, 57, 132, 301, 701, 1636, 3855, 9107, 20600]...: 5938093: ACCEPTED IN 11 TRIES, (AVG 539826.6363636364)
[1, 4, 10, 23, 57, 132, 301, 701, 1636, 3855, 9107, 20626]...: 9183979: ACCEPTED IN 17 TRIES, (AVG 540234.0588235294)
[1, 4, 10, 23, 57, 132, 301, 701, 1636, 3855, 9107, 20629]...: 7561489: ACCEPTED IN 14 TRIES, (AVG 540106.3571428572)
[1, 4, 10, 23, 57, 132, 301, 701, 1636, 3855, 9107, 20630]...: 10807622: ACCEPTED IN 20 TRIES, (AVG 540381.1)
[1, 4, 10, 23, 57, 132, 301, 701, 1636, 3855, 9107, 20632]...: 5396582: ACCEPTED IN 10 TRIES, (AVG 539658.2)
[1, 4, 10, 23, 57, 132, 301, 701, 1636, 3855, 9107, 20634]...: 8103222: ACCEPTED IN 15 TRIES, (AVG 540214.8)
[1, 4, 10, 23, 57, 132, 301, 701, 1636, 3855, 9107, 20662]...: 8644018: ACCEPTED IN 16 TRIES, (AVG 540251.125)
[1, 4, 10, 23, 57, 132, 301, 701, 1636, 3855, 9107, 20663]...: 4314939: ACCEPTED IN 8 TRIES, (AVG 539367.375)
[1, 4, 10, 23, 57, 132, 301, 701, 1636, 3855, 9107, 20664]...: 4315044: ACCEPTED IN 8 TRIES, (AVG 539380.5)
[1, 4, 10, 23, 57, 132, 301, 701, 1636, 3855, 9107, 20665]...: 9184974: ACCEPTED IN 17 TRIES, (AVG 540292.5882352941)
[1, 4, 10, 23, 57, 132, 301, 701, 1636, 3855, 9107, 20666]...: 4855545: ACCEPTED IN 9 TRIES, (AVG 539505.0)
[1, 4, 10, 23, 57, 132, 301, 701, 1636, 3855, 9107, 20667]...: 7019965: ACCEPTED IN 13 TRIES, (AVG 539997.3076923077)
[1, 4, 10, 23, 57, 132, 301, 701, 1636, 3855, 9107, 20668]...: 6479516: ACCEPTED IN 12 TRIES, (AVG 539959.6666666666)
[1, 4, 10, 23, 57, 132, 301, 701, 1636, 3855, 9107, 20672]...: 11349758: ACCEPTED IN 21 TRIES, (AVG 540464.6666666666)
[1, 4, 10, 23, 57, 132, 301, 701, 1636, 3855, 9107, 20694]...: 8102071: ACCEPTED IN 15 TRIES, (AVG 540138.0666666667)
[1, 4, 10, 23, 57, 132, 301, 701, 1636, 3855, 9107, 20696]...: 12430481: ACCEPTED IN 23 TRIES, (AVG 540455.695652174)
[1, 4, 10, 23, 57, 132, 301, 701, 1636, 3855, 9107, 20698]...: 8102036: ACCEPTED IN 15 TRIES, (AVG 540135.7333333333)
[1, 4, 10, 23, 57, 132, 301, 701, 1636, 3855, 9107, 20699]...: 8101788: ACCEPTED IN 15 TRIES, (AVG 540119.2)
[1, 4, 10, 23, 57, 132, 301, 701, 1636, 3855, 9107, 20702]...: 5396678: ACCEPTED IN 10 TRIES, (AVG 539667.8)
[1, 4, 10, 23, 57, 132, 301, 701, 1636, 3855, 9107, 20728]...: 8643806: ACCEPTED IN 16 TRIES, (AVG 540237.875)
[1, 4, 10, 23, 57, 132, 301, 701, 1636, 3855, 9107, 20729]...: 5936141: ACCEPTED IN 11 TRIES, (AVG 539649.1818181818)
[1, 4, 10, 23, 57, 132, 301, 701, 1636, 3855, 9107, 20731]...: 8642776: ACCEPTED IN 16 TRIES, (AVG 540173.5)
[1, 4, 10, 23, 57, 132, 301, 701, 1636, 3855, 9107, 20732]...: 8099956: ACCEPTED IN 15 TRIES, (AVG 539997.0666666667)
[1, 4, 10, 23, 57, 132, 301, 701, 1636, 3855, 9107, 20733]...: 4854239: ACCEPTED IN 9 TRIES, (AVG 539359.8888888889)
[1, 4, 10, 23, 57, 132, 301, 701, 1636, 3855, 9107, 20761]...: 3773193: ACCEPTED IN 7 TRIES, (AVG 539027.5714285715)
[1, 4, 10, 23, 57, 132, 301, 701, 1636, 3855, 9107, 20762]...: 9181919: ACCEPTED IN 17 TRIES, (AVG 540112.8823529412)
[1, 4, 10, 23, 57, 132, 301, 701, 1636, 3855, 9107, 20764]...: 5396617: ACCEPTED IN 10 TRIES, (AVG 539661.7)
[1, 4, 10, 23, 57, 132, 301, 701, 1636, 3855, 9107, 20765]...: 5395674: ACCEPTED IN 10 TRIES, (AVG 539567.4)
[1, 4, 10, 23, 57, 132, 301, 701, 1636, 3855, 9107, 20766]...: 8642882: ACCEPTED IN 16 TRIES, (AVG 540180.125)
[1, 4, 10, 23, 57, 132, 301, 701, 1636, 3855, 9107, 20769]...: 6478608: ACCEPTED IN 12 TRIES, (AVG 539884.0)
[1, 4, 10, 23, 57, 132, 301, 701, 1636, 3855, 9107, 20795]...: 8643833: ACCEPTED IN 16 TRIES, (AVG 540239.5625)
[1, 4, 10, 23, 57, 132, 301, 701, 1636, 3855, 9107, 20796]...: 8102056: ACCEPTED IN 15 TRIES, (AVG 540137.0666666667)
[1, 4, 10, 23, 57, 132, 301, 701, 1636, 3855, 9107, 20797]...: 12430500: ACCEPTED IN 23 TRIES, (AVG 540456.5217391305)
[1, 4, 10, 23, 57, 132, 301, 701, 1636, 3855, 9107, 20798]...: 10807069: ACCEPTED IN 20 TRIES, (AVG 540353.45)
[1, 4, 10, 23, 57, 132, 301, 701, 1636, 3855, 9107, 20799]...: 4854836: ACCEPTED IN 9 TRIES, (AVG 539426.2222222222)
[1, 4, 10, 23, 57, 132, 301, 701, 1636, 3855, 9107, 20800]...: 9184022: ACCEPTED IN 17 TRIES, (AVG 540236.5882352941)
[1, 4, 10, 23, 57, 132, 301, 701, 1636, 3855, 9107, 20801]...: 5938462: ACCEPTED IN 11 TRIES, (AVG 539860.1818181818)
[1, 4, 10, 23, 57, 132, 301, 701, 1636, 3855, 9107, 20804]...: 4856233: ACCEPTED IN 9 TRIES, (AVG 539581.4444444445)
[1, 4, 10, 23, 57, 132, 301, 701, 1636, 3855, 9107, 20828]...: 5938416: ACCEPTED IN 11 TRIES, (AVG 539856.0)
[1, 4, 10, 23, 57, 132, 301, 701, 1636, 3855, 9107, 20830]...: 11888407: ACCEPTED IN 22 TRIES, (AVG 540382.1363636364)
[1, 4, 10, 23, 57, 132, 301, 701, 1636, 3855, 9107, 20831]...: 9183177: ACCEPTED IN 17 TRIES, (AVG 540186.8823529412)
[1, 4, 10, 23, 57, 132, 301, 701, 1636, 3855, 9107, 20832]...: 7559470: ACCEPTED IN 14 TRIES, (AVG 539962.1428571428)
[1, 4, 10, 23, 57, 132, 301, 701, 1636, 3855, 9107, 20833]...: 8102636: ACCEPTED IN 15 TRIES, (AVG 540175.7333333333)
[1, 4, 10, 23, 57, 132, 301, 701, 1636, 3855, 9107, 20834]...: 8642322: ACCEPTED IN 16 TRIES, (AVG 540145.125)
[1, 4, 10, 23, 57, 132, 301, 701, 1636, 3855, 9107, 20841]...: 7020396: ACCEPTED IN 13 TRIES, (AVG 540030.4615384615)
[1, 4, 10, 23, 57, 132, 301, 701, 1636, 3855, 9107, 20860]...: 8100939: ACCEPTED IN 15 TRIES, (AVG 540062.6)
[1, 4, 10, 23, 57, 132, 301, 701, 1636, 3855, 9107, 20863]...: 8102758: ACCEPTED IN 15 TRIES, (AVG 540183.8666666667)
[1, 4, 10, 23, 57, 132, 301, 701, 1636, 3855, 9107, 20864]...: 11887862: ACCEPTED IN 22 TRIES, (AVG 540357.3636363636)
[1, 4, 10, 23, 57, 132, 301, 701, 1636, 3855, 9107, 20865]...: 9183809: ACCEPTED IN 17 TRIES, (AVG 540224.0588235294)
[1, 4, 10, 23, 57, 132, 301, 701, 1636, 3855, 9107, 20868]...: 7020330: ACCEPTED IN 13 TRIES, (AVG 540025.3846153846)
[1, 4, 10, 23, 57, 132, 301, 701, 1636, 3855, 9107, 20896]...: 9183427: ACCEPTED IN 17 TRIES, (AVG 540201.5882352941)
[1, 4, 10, 23, 57, 132, 301, 701, 1636, 3855, 9107, 20897]...: 8644003: ACCEPTED IN 16 TRIES, (AVG 540250.1875)
[1, 4, 10, 23, 57, 132, 301, 701, 1636, 3855, 9107, 20898]...: 5392839: ACCEPTED IN 10 TRIES, (AVG 539283.9)
[1, 4, 10, 23, 57, 132, 301, 701, 1636, 3855, 9107, 20900]...: 7020567: ACCEPTED IN 13 TRIES, (AVG 540043.6153846154)
[1, 4, 10, 23, 57, 132, 301, 701, 1636, 3855, 9107, 20901]...: 15677512: ACCEPTED IN 29 TRIES, (AVG 540603.8620689656)
[1, 4, 10, 23, 57, 132, 301, 701, 1636, 3855, 9107, 20927]...: 6479322: ACCEPTED IN 12 TRIES, (AVG 539943.5)
[1, 4, 10, 23, 57, 132, 301, 701, 1636, 3855, 9107, 20930]...: 8643647: ACCEPTED IN 16 TRIES, (AVG 540227.9375)
[1, 4, 10, 23, 57, 132, 301, 701, 1636, 3855, 9107, 20931]...: 6479639: ACCEPTED IN 12 TRIES, (AVG 539969.9166666666)
[1, 4, 10, 23, 57, 132, 301, 701, 1636, 3855, 9107, 20932]...: 9184235: ACCEPTED IN 17 TRIES, (AVG 540249.1176470588)
[1, 4, 10, 23, 57, 132, 301, 701, 1636, 3855, 9107, 20933]...: 6478416: ACCEPTED IN 12 TRIES, (AVG 539868.0)
[1, 4, 10, 23, 57, 132, 301, 701, 1636, 3855, 9107, 20935]...: 7558442: ACCEPTED IN 14 TRIES, (AVG 539888.7142857143)
[1, 4, 10, 23, 57, 132, 301, 701, 1636, 3855, 9107, 20962]...: 7560871: ACCEPTED IN 14 TRIES, (AVG 540062.2142857143)
[1, 4, 10, 23, 57, 132, 301, 701, 1636, 3855, 9107, 20963]...: 10267203: ACCEPTED IN 19 TRIES, (AVG 540379.1052631579)
[1, 4, 10, 23, 57, 132, 301, 701, 1636, 3855, 9107, 20964]...: 5397336: ACCEPTED IN 10 TRIES, (AVG 539733.6)
[1, 4, 10, 23, 57, 132, 301, 701, 1636, 3855, 9107, 20965]...: 6477962: ACCEPTED IN 12 TRIES, (AVG 539830.1666666666)
[1, 4, 10, 23, 57, 132, 301, 701, 1636, 3855, 9107, 20966]...: 5938659: ACCEPTED IN 11 TRIES, (AVG 539878.0909090909)
[1, 4, 10, 23, 57, 132, 301, 701, 1636, 3855, 9107, 20967]...: 10265889: ACCEPTED IN 19 TRIES, (AVG 540309.947368421)
[1, 4, 10, 23, 57, 132, 301, 701, 1636, 3855, 9107, 20973]...: 7020411: ACCEPTED IN 13 TRIES, (AVG 540031.6153846154)
[1, 4, 10, 23, 57, 132, 301, 701, 1636, 3855, 9107, 20995]...: 7561776: ACCEPTED IN 14 TRIES, (AVG 540126.8571428572)
[1, 4, 10, 23, 57, 132, 301, 701, 1636, 3855, 9107, 20996]...: 8643893: ACCEPTED IN 16 TRIES, (AVG 540243.3125)
[1, 4, 10, 23, 57, 132, 301, 701, 1636, 3855, 9107, 20997]...: 10806782: ACCEPTED IN 20 TRIES, (AVG 540339.1)
[1, 4, 10, 23, 57, 132, 301, 701, 1636, 3855, 9107, 20999]...: 5396172: ACCEPTED IN 10 TRIES, (AVG 539617.2)
[1, 4, 10, 23, 57, 132, 301, 701, 1636, 3855, 9107, 21000]...: 5395208: ACCEPTED IN 10 TRIES, (AVG 539520.8)
[1, 4, 10, 23, 57, 132, 301, 701, 1636, 3855, 9107, 21003]...: 9181901: ACCEPTED IN 17 TRIES, (AVG 540111.8235294118)
[1, 4, 10, 23, 57, 132, 301, 701, 1636, 3855, 9107, 21029]...: 5395684: ACCEPTED IN 10 TRIES, (AVG 539568.4)
[1, 4, 10, 23, 57, 132, 301, 701, 1636, 3855, 9107, 21030]...: 6479779: ACCEPTED IN 12 TRIES, (AVG 539981.5833333334)
[1, 4, 10, 23, 57, 132, 301, 701, 1636, 3855, 9107, 21032]...: 7020171: ACCEPTED IN 13 TRIES, (AVG 540013.1538461539)
[1, 4, 10, 23, 57, 132, 301, 701, 1636, 3855, 9107, 21033]...: 9184407: ACCEPTED IN 17 TRIES, (AVG 540259.2352941176)
[1, 4, 10, 23, 57, 132, 301, 701, 1636, 3855, 9107, 21034]...: 5397216: ACCEPTED IN 10 TRIES, (AVG 539721.6)
[1, 4, 10, 23, 57, 132, 301, 701, 1636, 3855, 9107, 21062]...: 8100852: ACCEPTED IN 15 TRIES, (AVG 540056.8)
[1, 4, 10, 23, 57, 132, 301, 701, 1636, 3855, 9107, 21063]...: 8643149: ACCEPTED IN 16 TRIES, (AVG 540196.8125)
[1, 4, 10, 23, 57, 132, 301, 701, 1636, 3855, 9107, 21064]...: 5397145: ACCEPTED IN 10 TRIES, (AVG 539714.5)
[1, 4, 10, 23, 57, 132, 301, 701, 1636, 3855, 9107, 21065]...: 8643258: ACCEPTED IN 16 TRIES, (AVG 540203.625)
[1, 4, 10, 23, 57, 132, 301, 701, 1636, 3855, 9107, 21066]...: 8644275: ACCEPTED IN 16 TRIES, (AVG 540267.1875)
[1, 4, 10, 23, 57, 132, 301, 701, 1636, 3855, 9107, 21067]...: 4314711: ACCEPTED IN 8 TRIES, (AVG 539338.875)
[1, 4, 10, 23, 57, 132, 301, 701, 1636, 3855, 9107, 21094]...: 9183834: ACCEPTED IN 17 TRIES, (AVG 540225.5294117647)
[1, 4, 10, 23, 57, 132, 301, 701, 1636, 3855, 9107, 21096]...: 8643948: ACCEPTED IN 16 TRIES, (AVG 540246.75)
[1, 4, 10, 23, 57, 132, 301, 701, 1636, 3855, 9107, 21097]...: 8102790: ACCEPTED IN 15 TRIES, (AVG 540186.0)
[1, 4, 10, 23, 57, 132, 301, 701, 1636, 3855, 9107, 21098]...: 15137899: ACCEPTED IN 28 TRIES, (AVG 540639.25)
[1, 4, 10, 23, 57, 132, 301, 701, 1636, 3855, 9107, 21099]...: 8101768: ACCEPTED IN 15 TRIES, (AVG 540117.8666666667)
[1, 4, 10, 23, 57, 132, 301, 701, 1636, 3855, 9107, 21102]...: 10267100: ACCEPTED IN 19 TRIES, (AVG 540373.6842105263)
[1, 4, 10, 23, 57, 132, 301, 701, 1636, 3855, 9107, 21105]...: 8101973: ACCEPTED IN 15 TRIES, (AVG 540131.5333333333)
[1, 4, 10, 23, 57, 132, 301, 701, 1636, 3855, 9107, 21128]...: 7020123: ACCEPTED IN 13 TRIES, (AVG 540009.4615384615)
[1, 4, 10, 23, 57, 132, 301, 701, 1636, 3855, 9107, 21129]...: 8102603: ACCEPTED IN 15 TRIES, (AVG 540173.5333333333)
[1, 4, 10, 23, 57, 132, 301, 701, 1636, 3855, 9107, 21131]...: 7017852: ACCEPTED IN 13 TRIES, (AVG 539834.7692307692)
[1, 4, 10, 23, 57, 132, 301, 701, 1636, 3855, 9107, 21132]...: 10806290: ACCEPTED IN 20 TRIES, (AVG 540314.5)
[1, 4, 10, 23, 57, 132, 301, 701, 1636, 3855, 9107, 21133]...: 7558414: ACCEPTED IN 14 TRIES, (AVG 539886.7142857143)
[1, 4, 10, 23, 57, 132, 301, 701, 1636, 3855, 9107, 21134]...: 9183095: ACCEPTED IN 17 TRIES, (AVG 540182.0588235294)
[1, 4, 10, 23, 57, 132, 301, 701, 1636, 3855, 9107, 21135]...: 9180679: ACCEPTED IN 17 TRIES, (AVG 540039.9411764706)
[1, 4, 10, 23, 57, 132, 301, 701, 1636, 3855, 9107, 21161]...: 10808605: ACCEPTED IN 20 TRIES, (AVG 540430.25)
[1, 4, 10, 23, 57, 132, 301, 701, 1636, 3855, 9107, 21164]...: 10807332: ACCEPTED IN 20 TRIES, (AVG 540366.6)
[1, 4, 10, 23, 57, 132, 301, 701, 1636, 3855, 9107, 21165]...: 7018777: ACCEPTED IN 13 TRIES, (AVG 539905.9230769231)
[1, 4, 10, 23, 57, 132, 301, 701, 1636, 3855, 9107, 21166]...: 5396831: ACCEPTED IN 10 TRIES, (AVG 539683.1)
[1, 4, 10, 23, 57, 132, 301, 701, 1636, 3855, 9107, 21169]...: 7559854: ACCEPTED IN 14 TRIES, (AVG 539989.5714285715)
[1, 4, 10, 23, 57, 132, 301, 701, 1636, 3855, 9107, 21196]...: 5937840: ACCEPTED IN 11 TRIES, (AVG 539803.6363636364)
[1, 4, 10, 23, 57, 132, 301, 701, 1636, 3855, 9107, 21197]...: 9183917: ACCEPTED IN 17 TRIES, (AVG 540230.4117647059)
[1, 4, 10, 23, 57, 132, 301, 701, 1636, 3855, 9107, 21198]...: 9184462: ACCEPTED IN 17 TRIES, (AVG 540262.4705882353)
[1, 4, 10, 23, 57, 132, 301, 701, 1636, 3855, 9107, 21199]...: 7018547: ACCEPTED IN 13 TRIES, (AVG 539888.2307692308)
[1, 4, 10, 23, 57, 132, 301, 701, 1636, 3855, 9107, 21201]...: 9185199: ACCEPTED IN 17 TRIES, (AVG 540305.8235294118)
[1, 4, 10, 23, 57, 132, 301, 701, 1636, 3855, 9107, 21228]...: 8100997: ACCEPTED IN 15 TRIES, (AVG 540066.4666666667)
[1, 4, 10, 23, 57, 132, 301, 701, 1636, 3855, 9107, 21229]...: 8100968: ACCEPTED IN 15 TRIES, (AVG 540064.5333333333)
[1, 4, 10, 23, 57, 132, 301, 701, 1636, 3855, 9107, 21230]...: 5397331: ACCEPTED IN 10 TRIES, (AVG 539733.1)
[1, 4, 10, 23, 57, 132, 301, 701, 1636, 3855, 9107, 21231]...: 7560979: ACCEPTED IN 14 TRIES, (AVG 540069.9285714285)
[1, 4, 10, 23, 57, 132, 301, 701, 1636, 3855, 9107, 21232]...: 10807956: ACCEPTED IN 20 TRIES, (AVG 540397.8)
[1, 4, 10, 23, 57, 132, 301, 701, 1636, 3855, 9107, 21233]...: 11890677: ACCEPTED IN 22 TRIES, (AVG 540485.3181818182)
[1, 4, 10, 23, 57, 132, 301, 701, 1636, 3855, 9107, 21234]...: 8643926: ACCEPTED IN 16 TRIES, (AVG 540245.375)
[1, 4, 10, 23, 57, 132, 301, 701, 1636, 3855, 9107, 21236]...: 7020813: ACCEPTED IN 13 TRIES, (AVG 540062.5384615385)
[1, 4, 10, 23, 57, 132, 301, 701, 1636, 3855, 9107, 21237]...: 5395674: ACCEPTED IN 10 TRIES, (AVG 539567.4)
[1, 4, 10, 23, 57, 132, 301, 701, 1636, 3855, 9107, 21260]...: 5393397: ACCEPTED IN 10 TRIES, (AVG 539339.7)
[1, 4, 10, 23, 57, 132, 301, 701, 1636, 3855, 9107, 21263]...: 3774091: ACCEPTED IN 7 TRIES, (AVG 539155.8571428572)
[1, 4, 10, 23, 57, 132, 301, 701, 1636, 3855, 9107, 21264]...: 7561085: ACCEPTED IN 14 TRIES, (AVG 540077.5)
[1, 4, 10, 23, 57, 132, 301, 701, 1636, 3855, 9107, 21265]...: 5396623: ACCEPTED IN 10 TRIES, (AVG 539662.3)
[1, 4, 10, 23, 57, 132, 301, 701, 1636, 3855, 9107, 21266]...: 8101502: ACCEPTED IN 15 TRIES, (AVG 540100.1333333333)
[1, 4, 10, 23, 57, 132, 301, 701, 1636, 3855, 9107, 21267]...: 8102150: ACCEPTED IN 15 TRIES, (AVG 540143.3333333334)
[1, 4, 10, 23, 57, 132, 301, 701, 1636, 3855, 9107, 21268]...: 8101682: ACCEPTED IN 15 TRIES, (AVG 540112.1333333333)
[1, 4, 10, 23, 57, 132, 301, 701, 1636, 3855, 9107, 21296]...: 8641828: ACCEPTED IN 16 TRIES, (AVG 540114.25)
[1, 4, 10, 23, 57, 132, 301, 701, 1636, 3855, 9107, 21297]...: 9184505: ACCEPTED IN 17 TRIES, (AVG 540265.0)
[1, 4, 10, 23, 57, 132, 301, 701, 1636, 3855, 9107, 21298]...: 6477529: ACCEPTED IN 12 TRIES, (AVG 539794.0833333334)
[1, 4, 10, 23, 57, 132, 301, 701, 1636, 3855, 9107, 21300]...: 10266885: ACCEPTED IN 19 TRIES, (AVG 540362.3684210526)
[1, 4, 10, 23, 57, 132, 301, 701, 1636, 3855, 9107, 21301]...: 5937679: ACCEPTED IN 11 TRIES, (AVG 539789.0)
[1, 4, 10, 23, 57, 132, 301, 701, 1636, 3855, 9107, 21328]...: 6478777: ACCEPTED IN 12 TRIES, (AVG 539898.0833333334)
[1, 4, 10, 23, 57, 132, 301, 701, 1636, 3855, 9107, 21330]...: 8643943: ACCEPTED IN 16 TRIES, (AVG 540246.4375)
[1, 4, 10, 23, 57, 132, 301, 701, 1636, 3855, 9107, 21331]...: 7020442: ACCEPTED IN 13 TRIES, (AVG 540034.0)
[1, 4, 10, 23, 57, 132, 301, 701, 1636, 3855, 9107, 21333]...: 7020200: ACCEPTED IN 13 TRIES, (AVG 540015.3846153846)
[1, 4, 10, 23, 57, 132, 301, 701, 1636, 3855, 9107, 21362]...: 8642368: ACCEPTED IN 16 TRIES, (AVG 540148.0)
[1, 4, 10, 23, 57, 132, 301, 701, 1636, 3855, 9107, 21363]...: 8100561: ACCEPTED IN 15 TRIES, (AVG 540037.4)
[1, 4, 10, 23, 57, 132, 301, 701, 1636, 3855, 9107, 21364]...: 7561812: ACCEPTED IN 14 TRIES, (AVG 540129.4285714285)
[1, 4, 10, 23, 57, 132, 301, 701, 1636, 3855, 9107, 21365]...: 6478801: ACCEPTED IN 12 TRIES, (AVG 539900.0833333334)
[1, 4, 10, 23, 57, 132, 301, 701, 1636, 3855, 9107, 21366]...: 9184845: ACCEPTED IN 17 TRIES, (AVG 540285.0)
[1, 4, 10, 23, 57, 132, 301, 701, 1636, 3855, 9107, 21367]...: 5397573: ACCEPTED IN 10 TRIES, (AVG 539757.3)
[1, 4, 10, 23, 57, 132, 301, 701, 1636, 3855, 9107, 21368]...: 8642933: ACCEPTED IN 16 TRIES, (AVG 540183.3125)
[1, 4, 10, 23, 57, 132, 301, 701, 1636, 3855, 9107, 21369]...: 8643674: ACCEPTED IN 16 TRIES, (AVG 540229.625)
[1, 4, 10, 23, 57, 132, 301, 701, 1636, 3855, 9107, 21395]...: 7019850: ACCEPTED IN 13 TRIES, (AVG 539988.4615384615)
[1, 4, 10, 23, 57, 132, 301, 701, 1636, 3855, 9107, 21397]...: 8641167: ACCEPTED IN 16 TRIES, (AVG 540072.9375)
[1, 4, 10, 23, 57, 132, 301, 701, 1636, 3855, 9107, 21398]...: 9183863: ACCEPTED IN 17 TRIES, (AVG 540227.2352941176)
[1, 4, 10, 23, 57, 132, 301, 701, 1636, 3855, 9107, 21399]...: 8100044: ACCEPTED IN 15 TRIES, (AVG 540002.9333333333)
[1, 4, 10, 23, 57, 132, 301, 701, 1636, 3855, 9107, 21400]...: 5395176: ACCEPTED IN 10 TRIES, (AVG 539517.6)
[1, 4, 10, 23, 57, 132, 301, 701, 1636, 3855, 9107, 21403]...: 7560877: ACCEPTED IN 14 TRIES, (AVG 540062.6428571428)
[1, 4, 10, 23, 57, 132, 301, 701, 1636, 3855, 9107, 21429]...: 9183792: ACCEPTED IN 17 TRIES, (AVG 540223.0588235294)
[1, 4, 10, 23, 57, 132, 301, 701, 1636, 3855, 9107, 21430]...: 5395752: ACCEPTED IN 10 TRIES, (AVG 539575.2)
[1, 4, 10, 23, 57, 132, 301, 701, 1636, 3855, 9107, 21432]...: 7560234: ACCEPTED IN 14 TRIES, (AVG 540016.7142857143)
[1, 4, 10, 23, 57, 132, 301, 701, 1636, 3855, 9107, 21433]...: 9183151: ACCEPTED IN 17 TRIES, (AVG 540185.3529411765)
[1, 4, 10, 23, 57, 132, 301, 701, 1636, 3855, 9107, 21434]...: 4854536: ACCEPTED IN 9 TRIES, (AVG 539392.8888888889)
[1, 4, 10, 23, 57, 132, 301, 701, 1636, 3855, 9107, 21435]...: 7561612: ACCEPTED IN 14 TRIES, (AVG 540115.1428571428)
[1, 4, 10, 23, 57, 132, 301, 701, 1636, 3855, 9107, 21462]...: 8102636: ACCEPTED IN 15 TRIES, (AVG 540175.7333333333)
[1, 4, 10, 23, 57, 132, 301, 701, 1636, 3855, 9107, 21463]...: 9183285: ACCEPTED IN 17 TRIES, (AVG 540193.2352941176)
[1, 4, 10, 23, 57, 132, 301, 701, 1636, 3855, 9107, 21465]...: 8643303: ACCEPTED IN 16 TRIES, (AVG 540206.4375)
[1, 4, 10, 23, 57, 132, 301, 701, 1636, 3855, 9107, 21466]...: 7560116: ACCEPTED IN 14 TRIES, (AVG 540008.2857142857)
[1, 4, 10, 23, 57, 132, 301, 701, 1636, 3855, 9107, 21467]...: 7560520: ACCEPTED IN 14 TRIES, (AVG 540037.1428571428)
[1, 4, 10, 23, 57, 132, 301, 701, 1636, 3855, 9107, 21470]...: 5397547: ACCEPTED IN 10 TRIES, (AVG 539754.7)
[1, 4, 10, 23, 57, 132, 301, 701, 1636, 3855, 9107, 21494]...: 8100961: ACCEPTED IN 15 TRIES, (AVG 540064.0666666667)
[1, 4, 10, 23, 57, 132, 301, 701, 1636, 3855, 9107, 21497]...: 5397390: ACCEPTED IN 10 TRIES, (AVG 539739.0)
[1, 4, 10, 23, 57, 132, 301, 701, 1636, 3855, 9107, 21498]...: 7560559: ACCEPTED IN 14 TRIES, (AVG 540039.9285714285)
[1, 4, 10, 23, 57, 132, 301, 701, 1636, 3855, 9107, 21499]...: 4852710: ACCEPTED IN 9 TRIES, (AVG 539190.0)
[1, 4, 10, 23, 57, 132, 301, 701, 1636, 3855, 9107, 21500]...: 4855620: ACCEPTED IN 9 TRIES, (AVG 539513.3333333334)
[1, 4, 10, 23, 57, 132, 301, 701, 1636, 3855, 9107, 21501]...: 5393711: ACCEPTED IN 10 TRIES, (AVG 539371.1)
[1, 4, 10, 23, 57, 132, 301, 701, 1636, 3855, 9107, 21502]...: 7020207: ACCEPTED IN 13 TRIES, (AVG 540015.9230769231)
[1, 4, 10, 23, 57, 132, 301, 701, 1636, 3855, 9107, 21529]...: 5936984: ACCEPTED IN 11 TRIES, (AVG 539725.8181818182)
[1, 4, 10, 23, 57, 132, 301, 701, 1636, 3855, 9107, 21530]...: 10805216: ACCEPTED IN 20 TRIES, (AVG 540260.8)
[1, 4, 10, 23, 57, 132, 301, 701, 1636, 3855, 9107, 21531]...: 7561220: ACCEPTED IN 14 TRIES, (AVG 540087.1428571428)
[1, 4, 10, 23, 57, 132, 301, 701, 1636, 3855, 9107, 21532]...: 7560899: ACCEPTED IN 14 TRIES, (AVG 540064.2142857143)
[1, 4, 10, 23, 57, 132, 301, 701, 1636, 3855, 9107, 21533]...: 7560626: ACCEPTED IN 14 TRIES, (AVG 540044.7142857143)
[1, 4, 10, 23, 57, 132, 301, 701, 1636, 3855, 9107, 21534]...: 8101204: ACCEPTED IN 15 TRIES, (AVG 540080.2666666667)
[1, 4, 10, 23, 57, 132, 301, 701, 1636, 3855, 9107, 21535]...: 8102523: ACCEPTED IN 15 TRIES, (AVG 540168.2)
[1, 4, 10, 23, 57, 132, 301, 701, 1636, 3855, 9107, 21561]...: 6479650: ACCEPTED IN 12 TRIES, (AVG 539970.8333333334)
[1, 4, 10, 23, 57, 132, 301, 701, 1636, 3855, 9107, 21564]...: 8101960: ACCEPTED IN 15 TRIES, (AVG 540130.6666666666)
[1, 4, 10, 23, 57, 132, 301, 701, 1636, 3855, 9107, 21565]...: 5395526: ACCEPTED IN 10 TRIES, (AVG 539552.6)
[1, 4, 10, 23, 57, 132, 301, 701, 1636, 3855, 9107, 21566]...: 7559616: ACCEPTED IN 14 TRIES, (AVG 539972.5714285715)
[1, 4, 10, 23, 57, 132, 301, 701, 1636, 3855, 9107, 21567]...: 8101892: ACCEPTED IN 15 TRIES, (AVG 540126.1333333333)
[1, 4, 10, 23, 57, 132, 301, 701, 1636, 3855, 9107, 21569]...: 7559278: ACCEPTED IN 14 TRIES, (AVG 539948.4285714285)
[1, 4, 10, 23, 57, 132, 301, 701, 1636, 3855, 9107, 21597]...: 5936766: ACCEPTED IN 11 TRIES, (AVG 539706.0)
[1, 4, 10, 23, 57, 132, 301, 701, 1636, 3855, 9107, 21598]...: 5938606: ACCEPTED IN 11 TRIES, (AVG 539873.2727272727)
[1, 4, 10, 23, 57, 132, 301, 701, 1636, 3855, 9107, 21599]...: 5397419: ACCEPTED IN 10 TRIES, (AVG 539741.9)
[1, 4, 10, 23, 57, 132, 301, 701, 1636, 3855, 9107, 21601]...: 8102666: ACCEPTED IN 15 TRIES, (AVG 540177.7333333333)
[1, 4, 10, 23, 57, 132, 301, 701, 1636, 3855, 9107, 21602]...: 5395544: ACCEPTED IN 10 TRIES, (AVG 539554.4)
[1, 4, 10, 23, 57, 132, 301, 701, 1636, 3855, 9107, 21629]...: 6479014: ACCEPTED IN 12 TRIES, (AVG 539917.8333333334)
[1, 4, 10, 23, 57, 132, 301, 701, 1636, 3855, 9107, 21631]...: 6477471: ACCEPTED IN 12 TRIES, (AVG 539789.25)
[1, 4, 10, 23, 57, 132, 301, 701, 1636, 3855, 9107, 21632]...: 7560186: ACCEPTED IN 14 TRIES, (AVG 540013.2857142857)
[1, 4, 10, 23, 57, 132, 301, 701, 1636, 3855, 9107, 21633]...: 4852714: ACCEPTED IN 9 TRIES, (AVG 539190.4444444445)
[1, 4, 10, 23, 57, 132, 301, 701, 1636, 3855, 9107, 21634]...: 7019153: ACCEPTED IN 13 TRIES, (AVG 539934.8461538461)
[1, 4, 10, 23, 57, 132, 301, 701, 1636, 3855, 9107, 21663]...: 8100325: ACCEPTED IN 15 TRIES, (AVG 540021.6666666666)
[1, 4, 10, 23, 57, 132, 301, 701, 1636, 3855, 9107, 21664]...: 5937824: ACCEPTED IN 11 TRIES, (AVG 539802.1818181818)
[1, 4, 10, 23, 57, 132, 301, 701, 1636, 3855, 9107, 21665]...: 3772875: ACCEPTED IN 7 TRIES, (AVG 538982.1428571428)
[1, 4, 10, 23, 57, 132, 301, 701, 1636, 3855, 9107, 21666]...: 5397127: ACCEPTED IN 10 TRIES, (AVG 539712.7)
[1, 4, 10, 23, 57, 132, 301, 701, 1636, 3855, 9107, 21667]...: 7559852: ACCEPTED IN 14 TRIES, (AVG 539989.4285714285)
[1, 4, 10, 23, 57, 132, 301, 701, 1636, 3855, 9107, 21668]...: 6478025: ACCEPTED IN 12 TRIES, (AVG 539835.4166666666)
[1, 4, 10, 23, 57, 132, 301, 701, 1636, 3855, 9107, 21696]...: 6479826: ACCEPTED IN 12 TRIES, (AVG 539985.5)
[1, 4, 10, 23, 57, 132, 301, 701, 1636, 3855, 9107, 21697]...: 3772322: ACCEPTED IN 7 TRIES, (AVG 538903.1428571428)
[1, 4, 10, 23, 57, 132, 301, 701, 1636, 3855, 9107, 21698]...: 8101362: ACCEPTED IN 15 TRIES, (AVG 540090.8)
[1, 4, 10, 23, 57, 132, 301, 701, 1636, 3855, 9107, 21699]...: 5396368: ACCEPTED IN 10 TRIES, (AVG 539636.8)
[1, 4, 10, 23, 57, 132, 301, 701, 1636, 3855, 9107, 21700]...: 5396407: ACCEPTED IN 10 TRIES, (AVG 539640.7)
[1, 4, 10, 23, 57, 132, 301, 701, 1636, 3855, 9107, 21701]...: 5938590: ACCEPTED IN 11 TRIES, (AVG 539871.8181818182)
[1, 4, 10, 23, 57, 132, 301, 701, 1636, 3855, 9107, 21704]...: 8102852: ACCEPTED IN 15 TRIES, (AVG 540190.1333333333)
[1, 4, 10, 23, 57, 132, 301, 701, 1636, 3855, 9107, 21730]...: 7020034: ACCEPTED IN 13 TRIES, (AVG 540002.6153846154)
[1, 4, 10, 23, 57, 132, 301, 701, 1636, 3855, 9107, 21731]...: 5938712: ACCEPTED IN 11 TRIES, (AVG 539882.9090909091)
[1, 4, 10, 23, 57, 132, 301, 701, 1636, 3855, 9107, 21733]...: 5937889: ACCEPTED IN 11 TRIES, (AVG 539808.0909090909)
[1, 4, 10, 23, 57, 132, 301, 701, 1636, 3855, 9107, 21734]...: 4856061: ACCEPTED IN 9 TRIES, (AVG 539562.3333333334)
[1, 4, 10, 23, 57, 132, 301, 701, 1636, 3855, 9107, 21735]...: 5395378: ACCEPTED IN 10 TRIES, (AVG 539537.8)
[1, 4, 10, 23, 57, 132, 301, 701, 1636, 3855, 9107, 21736]...: 4855666: ACCEPTED IN 9 TRIES, (AVG 539518.4444444445)
[1, 4, 10, 23, 57, 132, 301, 701, 1636, 3855, 9107, 21763]...: 8102445: ACCEPTED IN 15 TRIES, (AVG 540163.0)
[1, 4, 10, 23, 57, 132, 301, 701, 1636, 3855, 9107, 21764]...: 7019471: ACCEPTED IN 13 TRIES, (AVG 539959.3076923077)
[1, 4, 10, 23, 57, 132, 301, 701, 1636, 3855, 9107, 21765]...: 7560709: ACCEPTED IN 14 TRIES, (AVG 540050.6428571428)
[1, 4, 10, 23, 57, 132, 301, 701, 1636, 3855, 9107, 21766]...: 6478819: ACCEPTED IN 12 TRIES, (AVG 539901.5833333334)
[1, 4, 10, 23, 57, 132, 301, 701, 1636, 3855, 9107, 21767]...: 6478490: ACCEPTED IN 12 TRIES, (AVG 539874.1666666666)
[1, 4, 10, 23, 57, 132, 301, 701, 1636, 3855, 9107, 21768]...: 6478485: ACCEPTED IN 12 TRIES, (AVG 539873.75)
[1, 4, 10, 23, 57, 132, 301, 701, 1636, 3855, 9107, 21795]...: 7560219: ACCEPTED IN 14 TRIES, (AVG 540015.6428571428)
[1, 4, 10, 23, 57, 132, 301, 701, 1636, 3855, 9107, 21798]...: 10267700: ACCEPTED IN 19 TRIES, (AVG 540405.2631578947)
[1, 4, 10, 23, 57, 132, 301, 701, 1636, 3855, 9107, 21799]...: 7560381: ACCEPTED IN 14 TRIES, (AVG 540027.2142857143)
[1, 4, 10, 23, 57, 132, 301, 701, 1636, 3855, 9107, 21800]...: 4855555: ACCEPTED IN 9 TRIES, (AVG 539506.1111111111)
[1, 4, 10, 23, 57, 132, 301, 701, 1636, 3855, 9107, 21803]...: 6479423: ACCEPTED IN 12 TRIES, (AVG 539951.9166666666)
[1, 4, 10, 23, 57, 132, 301, 701, 1636, 3855, 9107, 21829]...: 7559754: ACCEPTED IN 14 TRIES, (AVG 539982.4285714285)
[1, 4, 10, 23, 57, 132, 301, 701, 1636, 3855, 9107, 21830]...: 9184328: ACCEPTED IN 17 TRIES, (AVG 540254.5882352941)
[1, 4, 10, 23, 57, 132, 301, 701, 1636, 3855, 9107, 21831]...: 4312249: ACCEPTED IN 8 TRIES, (AVG 539031.125)
[1, 4, 10, 23, 57, 132, 301, 701, 1636, 3855, 9107, 21832]...: 5396220: ACCEPTED IN 10 TRIES, (AVG 539622.0)
[1, 4, 10, 23, 57, 132, 301, 701, 1636, 3855, 9107, 21833]...: 4854919: ACCEPTED IN 9 TRIES, (AVG 539435.4444444445)
[1, 4, 10, 23, 57, 132, 301, 701, 1636, 3855, 9107, 21834]...: 5938178: ACCEPTED IN 11 TRIES, (AVG 539834.3636363636)
[1, 4, 10, 23, 57, 132, 301, 701, 1636, 3855, 9107, 21835]...: 7559707: ACCEPTED IN 14 TRIES, (AVG 539979.0714285715)
[1, 4, 10, 23, 57, 132, 301, 701, 1636, 3855, 9107, 21836]...: 6479751: ACCEPTED IN 12 TRIES, (AVG 539979.25)
