[1, 4, 10, 23, 57, 132, 301, 701, 1636, 3785, 8583, 19217]...: 1616648: ACCEPTED IN 3 TRIES, (AVG 538882.6666666666)
[1, 4, 10, 23, 57, 132, 301, 701, 1636, 3785, 8583, 19559]...: 1616599: ACCEPTED IN 3 TRIES, (AVG 538866.3333333334)
[1, 4, 10, 23, 57, 132, 301, 701, 1636, 3785, 8583, 19656]...: 1076376: ACCEPTED IN 2 TRIES, (AVG 538188.0)
[1, 4, 10, 23, 57, 132, 301, 701, 1636, 3785, 8583, 19887]...: 1076727: ACCEPTED IN 2 TRIES, (AVG 538363.5)
[1, 4, 10, 23, 57, 132, 301, 701, 1636, 3785, 8583, 19914]...: 536891: ACCEPTED IN 1 TRIES, (AVG 536891.0)
[1, 4, 10, 23, 57, 132, 301, 701, 1636, 3785, 8583, 19954]...: 1616240: ACCEPTED IN 3 TRIES, (AVG 538746.6666666666)
[1, 4, 10, 23, 57, 132, 301, 701, 1636, 3785, 8583, 19986]...: 537264: ACCEPTED IN 1 TRIES, (AVG 537264.0)
[1, 4, 10, 23, 57, 132, 301, 701, 1636, 3785, 8583, 20052]...: 1076405: ACCEPTED IN 2 TRIES, (AVG 538202.5)
[1, 4, 10, 23, 57, 132, 301, 701, 1636, 3785, 8583, 20092]...: 536414: ACCEPTED IN 1 TRIES, (AVG 536414.0)
[1, 4, 10, 23, 57, 132, 301, 701, 1636, 3785, 8583, 20251]...: 537253: ACCEPTED IN 1 TRIES, (AVG 537253.0)
[1, 4, 10, 23, 57, 132, 301, 701, 1636, 3785, 8583, 20321]...: 537511: ACCEPTED IN 1 TRIES, (AVG 537511.0)
[1, 4, 10, 23, 57, 132, 301, 701, 1636, 3785, 8583, 20325]...: 1616504: ACCEPTED IN 3 TRIES, (AVG 538834.6666666666)
[1, 4, 10, 23, 57, 132, 301, 701, 1636, 3785, 8583, 20382]...: 1075002: ACCEPTED IN 2 TRIES, (AVG 537501.0)
[1, 4, 10, 23, 57, 132, 301, 701, 1636, 3785, 8583, 20389]...: 1615879: ACCEPTED IN 3 TRIES, (AVG 538626.3333333334)
[1, 4, 10, 23, 57, 132, 301, 701, 1636, 3785, 8583, 20419]...: 537556: ACCEPTED IN 1 TRIES, (AVG 537556.0)
[1, 4, 10, 23, 57, 132, 301, 701, 1636, 3785, 8583, 20449]...: 537456: ACCEPTED IN 1 TRIES, (AVG 537456.0)
[1, 4, 10, 23, 57, 132, 301, 701, 1636, 3785, 8583, 20524]...: 1616095: ACCEPTED IN 3 TRIES, (AVG 538698.3333333334)
[1, 4, 10, 23, 57, 132, 301, 701, 1636, 3785, 8583, 20588]...: 537475: ACCEPTED IN 1 TRIES, (AVG 537475.0)
