[1, 4, 10, 23, 57, 132, 301, 701, 1636, 3785, 8620, 18995]...: 1616151: ACCEPTED IN 3 TRIES, (AVG 538717.0)
[1, 4, 10, 23, 57, 132, 301, 701, 1636, 3785, 8620, 19059]...: 1615657: ACCEPTED IN 3 TRIES, (AVG 538552.3333333334)
[1, 4, 10, 23, 57, 132, 301, 701, 1636, 3785, 8620, 19062]...: 1076127: ACCEPTED IN 2 TRIES, (AVG 538063.5)
[1, 4, 10, 23, 57, 132, 301, 701, 1636, 3785, 8620, 19160]...: 1076459: ACCEPTED IN 2 TRIES, (AVG 538229.5)
[1, 4, 10, 23, 57, 132, 301, 701, 1636, 3785, 8620, 19165]...: 537268: ACCEPTED IN 1 TRIES, (AVG 537268.0)
[1, 4, 10, 23, 57, 132, 301, 701, 1636, 3785, 8620, 19227]...: 1615851: ACCEPTED IN 3 TRIES, (AVG 538617.0)
[1, 4, 10, 23, 57, 132, 301, 701, 1636, 3785, 8620, 19259]...: 1615567: ACCEPTED IN 3 TRIES, (AVG 538522.3333333334)
[1, 4, 10, 23, 57, 132, 301, 701, 1636, 3785, 8620, 19260]...: 536336: ACCEPTED IN 1 TRIES, (AVG 536336.0)
[1, 4, 10, 23, 57, 132, 301, 701, 1636, 3785, 8620, 19263]...: 537490: ACCEPTED IN 1 TRIES, (AVG 537490.0)
[1, 4, 10, 23, 57, 132, 301, 701, 1636, 3785, 8620, 19293]...: 2155505: ACCEPTED IN 4 TRIES, (AVG 538876.25)
[1, 4, 10, 23, 57, 132, 301, 701, 1636, 3785, 8620, 19294]...: 1076361: ACCEPTED IN 2 TRIES, (AVG 538180.5)
[1, 4, 10, 23, 57, 132, 301, 701, 1636, 3785, 8620, 19330]...: 537069: ACCEPTED IN 1 TRIES, (AVG 537069.0)
[1, 4, 10, 23, 57, 132, 301, 701, 1636, 3785, 8620, 19331]...: 536282: ACCEPTED IN 1 TRIES, (AVG 536282.0)
[1, 4, 10, 23, 57, 132, 301, 701, 1636, 3785, 8620, 19360]...: 1616256: ACCEPTED IN 3 TRIES, (AVG 538752.0)
[1, 4, 10, 23, 57, 132, 301, 701, 1636, 3785, 8620, 19364]...: 1076436: ACCEPTED IN 2 TRIES, (AVG 538218.0)
[1, 4, 10, 23, 57, 132, 301, 701, 1636, 3785, 8620, 19465]...: 1076752: ACCEPTED IN 2 TRIES, (AVG 538376.0)
[1, 4, 10, 23, 57, 132, 301, 701, 1636, 3785, 8620, 19495]...: 1075514: ACCEPTED IN 2 TRIES, (AVG 537757.0)
[1, 4, 10, 23, 57, 132, 301, 701, 1636, 3785, 8620, 19529]...: 2156249: ACCEPTED IN 4 TRIES, (AVG 539062.25)
[1, 4, 10, 23, 57, 132, 301, 701, 1636, 3785, 8620, 19562]...: 535713: ACCEPTED IN 1 TRIES, (AVG 535713.0)
[1, 4, 10, 23, 57, 132, 301, 701, 1636, 3785, 8620, 19593]...: 1616119: ACCEPTED IN 3 TRIES, (AVG 538706.3333333334)
[1, 4, 10, 23, 57, 132, 301, 701, 1636, 3785, 8620, 19598]...: 1615930: ACCEPTED IN 3 TRIES, (AVG 538643.3333333334)
[1, 4, 10, 23, 57, 132, 301, 701, 1636, 3785, 8620, 19601]...: 1076795: ACCEPTED IN 2 TRIES, (AVG 538397.5)
[1, 4, 10, 23, 57, 132, 301, 701, 1636, 3785, 8620, 19628]...: 1076560: ACCEPTED IN 2 TRIES, (AVG 538280.0)
[1, 4, 10, 23, 57, 132, 301, 701, 1636, 3785, 8620, 19634]...: 1074735: ACCEPTED IN 2 TRIES, (AVG 537367.5)
[1, 4, 10, 23, 57, 132, 301, 701, 1636, 3785, 8620, 19665]...: 536584: ACCEPTED IN 1 TRIES, (AVG 536584.0)
[1, 4, 10, 23, 57, 132, 301, 701, 1636, 3785, 8620, 19697]...: 3235022: ACCEPTED IN 6 TRIES, (AVG 539170.3333333334)
[1, 4, 10, 23, 57, 132, 301, 701, 1636, 3785, 8620, 19727]...: 1075305: ACCEPTED IN 2 TRIES, (AVG 537652.5)
[1, 4, 10, 23, 57, 132, 301, 701, 1636, 3785, 8620, 19729]...: 1076731: ACCEPTED IN 2 TRIES, (AVG 538365.5)
[1, 4, 10, 23, 57, 132, 301, 701, 1636, 3785, 8620, 19766]...: 537387: ACCEPTED IN 1 TRIES, (AVG 537387.0)
[1, 4, 10, 23, 57, 132, 301, 701, 1636, 3785, 8620, 19767]...: 2155462: ACCEPTED IN 4 TRIES, (AVG 538865.5)
[1, 4, 10, 23, 57, 132, 301, 701, 1636, 3785, 8620, 19791]...: 1075909: ACCEPTED IN 2 TRIES, (AVG 537954.5)
[1, 4, 10, 23, 57, 132, 301, 701, 1636, 3785, 8620, 19827]...: 2693950: ACCEPTED IN 5 TRIES, (AVG 538790.0)
[1, 4, 10, 23, 57, 132, 301, 701, 1636, 3785, 8620, 19829]...: 536286: ACCEPTED IN 1 TRIES, (AVG 536286.0)
[1, 4, 10, 23, 57, 132, 301, 701, 1636, 3785, 8620, 19859]...: 1616547: ACCEPTED IN 3 TRIES, (AVG 538849.0)
[1, 4, 10, 23, 57, 132, 301, 701, 1636, 3785, 8620, 19898]...: 537091: ACCEPTED IN 1 TRIES, (AVG 537091.0)
[1, 4, 10, 23, 57, 132, 301, 701, 1636, 3785, 8620, 19929]...: 1077029: ACCEPTED IN 2 TRIES, (AVG 538514.5)
[1, 4, 10, 23, 57, 132, 301, 701, 1636, 3785, 8620, 19932]...: 537071: ACCEPTED IN 1 TRIES, (AVG 537071.0)
[1, 4, 10, 23, 57, 132, 301, 701, 1636, 3785, 8620, 19960]...: 1616084: ACCEPTED IN 3 TRIES, (AVG 538694.6666666666)
[1, 4, 10, 23, 57, 132, 301, 701, 1636, 3785, 8620, 19994]...: 1073662: ACCEPTED IN 2 TRIES, (AVG 536831.0)
[1, 4, 10, 23, 57, 132, 301, 701, 1636, 3785, 8620, 20028]...: 2155784: ACCEPTED IN 4 TRIES, (AVG 538946.0)
[1, 4, 10, 23, 57, 132, 301, 701, 1636, 3785, 8620, 20030]...: 1616545: ACCEPTED IN 3 TRIES, (AVG 538848.3333333334)
[1, 4, 10, 23, 57, 132, 301, 701, 1636, 3785, 8620, 20032]...: 1076899: ACCEPTED IN 2 TRIES, (AVG 538449.5)
[1, 4, 10, 23, 57, 132, 301, 701, 1636, 3785, 8620, 20092]...: 1076478: ACCEPTED IN 2 TRIES, (AVG 538239.0)
[1, 4, 10, 23, 57, 132, 301, 701, 1636, 3785, 8620, 20098]...: 2695900: ACCEPTED IN 5 TRIES, (AVG 539180.0)
[1, 4, 10, 23, 57, 132, 301, 701, 1636, 3785, 8620, 20101]...: 1616494: ACCEPTED IN 3 TRIES, (AVG 538831.3333333334)
[1, 4, 10, 23, 57, 132, 301, 701, 1636, 3785, 8620, 20130]...: 537367: ACCEPTED IN 1 TRIES, (AVG 537367.0)
[1, 4, 10, 23, 57, 132, 301, 701, 1636, 3785, 8620, 20162]...: 1075786: ACCEPTED IN 2 TRIES, (AVG 537893.0)
[1, 4, 10, 23, 57, 132, 301, 701, 1636, 3785, 8620, 20164]...: 537313: ACCEPTED IN 1 TRIES, (AVG 537313.0)
[1, 4, 10, 23, 57, 132, 301, 701, 1636, 3785, 8620, 20198]...: 1076121: ACCEPTED IN 2 TRIES, (AVG 538060.5)
[1, 4, 10, 23, 57, 132, 301, 701, 1636, 3785, 8620, 20199]...: 537345: ACCEPTED IN 1 TRIES, (AVG 537345.0)
[1, 4, 10, 23, 57, 132, 301, 701, 1636, 3785, 8620, 20200]...: 3773058: ACCEPTED IN 7 TRIES, (AVG 539008.2857142857)
[1, 4, 10, 23, 57, 132, 301, 701, 1636, 3785, 8620, 20228]...: 1076583: ACCEPTED IN 2 TRIES, (AVG 538291.5)
[1, 4, 10, 23, 57, 132, 301, 701, 1636, 3785, 8620, 20230]...: 1615898: ACCEPTED IN 3 TRIES, (AVG 538632.6666666666)
[1, 4, 10, 23, 57, 132, 301, 701, 1636, 3785, 8620, 20233]...: 1616668: ACCEPTED IN 3 TRIES, (AVG 538889.3333333334)
[1, 4, 10, 23, 57, 132, 301, 701, 1636, 3785, 8620, 20259]...: 8630427: ACCEPTED IN 16 TRIES, (AVG 539401.6875)
[1, 4, 10, 23, 57, 132, 301, 701, 1636, 3785, 8620, 20296]...: 537353: ACCEPTED IN 1 TRIES, (AVG 537353.0)
[1, 4, 10, 23, 57, 132, 301, 701, 1636, 3785, 8620, 20298]...: 2695106: ACCEPTED IN 5 TRIES, (AVG 539021.2)
[1, 4, 10, 23, 57, 132, 301, 701, 1636, 3785, 8620, 20331]...: 537318: ACCEPTED IN 1 TRIES, (AVG 537318.0)
[1, 4, 10, 23, 57, 132, 301, 701, 1636, 3785, 8620, 20335]...: 5393666: ACCEPTED IN 10 TRIES, (AVG 539366.6)
[1, 4, 10, 23, 57, 132, 301, 701, 1636, 3785, 8620, 20394]...: 1616014: ACCEPTED IN 3 TRIES, (AVG 538671.3333333334)
[1, 4, 10, 23, 57, 132, 301, 701, 1636, 3785, 8620, 20396]...: 537178: ACCEPTED IN 1 TRIES, (AVG 537178.0)
[1, 4, 10, 23, 57, 132, 301, 701, 1636, 3785, 8620, 20428]...: 1616259: ACCEPTED IN 3 TRIES, (AVG 538753.0)
[1, 4, 10, 23, 57, 132, 301, 701, 1636, 3785, 8620, 20429]...: 1616557: ACCEPTED IN 3 TRIES, (AVG 538852.3333333334)
[1, 4, 10, 23, 57, 132, 301, 701, 1636, 3785, 8620, 20432]...: 537485: ACCEPTED IN 1 TRIES, (AVG 537485.0)
[1, 4, 10, 23, 57, 132, 301, 701, 1636, 3785, 8620, 20462]...: 1077163: ACCEPTED IN 2 TRIES, (AVG 538581.5)
[1, 4, 10, 23, 57, 132, 301, 701, 1636, 3785, 8620, 20465]...: 1616703: ACCEPTED IN 3 TRIES, (AVG 538901.0)
[1, 4, 10, 23, 57, 132, 301, 701, 1636, 3785, 8620, 20468]...: 3235249: ACCEPTED IN 6 TRIES, (AVG 539208.1666666666)
[1, 4, 10, 23, 57, 132, 301, 701, 1636, 3785, 8620, 20493]...: 1075062: ACCEPTED IN 2 TRIES, (AVG 537531.0)
[1, 4, 10, 23, 57, 132, 301, 701, 1636, 3785, 8620, 20495]...: 536871: ACCEPTED IN 1 TRIES, (AVG 536871.0)
[1, 4, 10, 23, 57, 132, 301, 701, 1636, 3785, 8620, 20496]...: 1076885: ACCEPTED IN 2 TRIES, (AVG 538442.5)
[1, 4, 10, 23, 57, 132, 301, 701, 1636, 3785, 8620, 20499]...: 1614522: ACCEPTED IN 3 TRIES, (AVG 538174.0)
[1, 4, 10, 23, 57, 132, 301, 701, 1636, 3785, 8620, 20500]...: 537102: ACCEPTED IN 1 TRIES, (AVG 537102.0)
[1, 4, 10, 23, 57, 132, 301, 701, 1636, 3785, 8620, 20501]...: 1076983: ACCEPTED IN 2 TRIES, (AVG 538491.5)
[1, 4, 10, 23, 57, 132, 301, 701, 1636, 3785, 8620, 20504]...: 1076230: ACCEPTED IN 2 TRIES, (AVG 538115.0)
[1, 4, 10, 23, 57, 132, 301, 701, 1636, 3785, 8620, 20530]...: 1614883: ACCEPTED IN 3 TRIES, (AVG 538294.3333333334)
[1, 4, 10, 23, 57, 132, 301, 701, 1636, 3785, 8620, 20534]...: 1614528: ACCEPTED IN 3 TRIES, (AVG 538176.0)
[1, 4, 10, 23, 57, 132, 301, 701, 1636, 3785, 8620, 20560]...: 1076459: ACCEPTED IN 2 TRIES, (AVG 538229.5)
[1, 4, 10, 23, 57, 132, 301, 701, 1636, 3785, 8620, 20563]...: 1076479: ACCEPTED IN 2 TRIES, (AVG 538239.5)
[1, 4, 10, 23, 57, 132, 301, 701, 1636, 3785, 8620, 20564]...: 3774449: ACCEPTED IN 7 TRIES, (AVG 539207.0)
[1, 4, 10, 23, 57, 132, 301, 701, 1636, 3785, 8620, 20567]...: 1615106: ACCEPTED IN 3 TRIES, (AVG 538368.6666666666)
[1, 4, 10, 23, 57, 132, 301, 701, 1636, 3785, 8620, 20594]...: 1616357: ACCEPTED IN 3 TRIES, (AVG 538785.6666666666)
[1, 4, 10, 23, 57, 132, 301, 701, 1636, 3785, 8620, 20595]...: 2695627: ACCEPTED IN 5 TRIES, (AVG 539125.4)
[1, 4, 10, 23, 57, 132, 301, 701, 1636, 3785, 8620, 20603]...: 2694376: ACCEPTED IN 5 TRIES, (AVG 538875.2)
[1, 4, 10, 23, 57, 132, 301, 701, 1636, 3785, 8620, 20631]...: 1615061: ACCEPTED IN 3 TRIES, (AVG 538353.6666666666)
[1, 4, 10, 23, 57, 132, 301, 701, 1636, 3785, 8620, 20632]...: 2155682: ACCEPTED IN 4 TRIES, (AVG 538920.5)
[1, 4, 10, 23, 57, 132, 301, 701, 1636, 3785, 8620, 20636]...: 1615007: ACCEPTED IN 3 TRIES, (AVG 538335.6666666666)
[1, 4, 10, 23, 57, 132, 301, 701, 1636, 3785, 8620, 20667]...: 1076581: ACCEPTED IN 2 TRIES, (AVG 538290.5)
[1, 4, 10, 23, 57, 132, 301, 701, 1636, 3785, 8620, 20668]...: 1616557: ACCEPTED IN 3 TRIES, (AVG 538852.3333333334)
