[1, 4, 10, 23, 57, 132, 301, 701, 1636, 3854, 8756, 19337]...: 3235047: ACCEPTED IN 6 TRIES, (AVG 539174.5)
[1, 4, 10, 23, 57, 132, 301, 701, 1636, 3854, 8756, 19338]...: 1616575: ACCEPTED IN 3 TRIES, (AVG 538858.3333333334)
[1, 4, 10, 23, 57, 132, 301, 701, 1636, 3854, 8756, 19367]...: 2156296: ACCEPTED IN 4 TRIES, (AVG 539074.0)
[1, 4, 10, 23, 57, 132, 301, 701, 1636, 3854, 8756, 19434]...: 1616442: ACCEPTED IN 3 TRIES, (AVG 538814.0)
[1, 4, 10, 23, 57, 132, 301, 701, 1636, 3854, 8756, 19540]...: 3234327: ACCEPTED IN 6 TRIES, (AVG 539054.5)
[1, 4, 10, 23, 57, 132, 301, 701, 1636, 3854, 8756, 19569]...: 2155194: ACCEPTED IN 4 TRIES, (AVG 538798.5)
[1, 4, 10, 23, 57, 132, 301, 701, 1636, 3854, 8756, 19602]...: 536799: ACCEPTED IN 1 TRIES, (AVG 536799.0)
[1, 4, 10, 23, 57, 132, 301, 701, 1636, 3854, 8756, 19774]...: 1616402: ACCEPTED IN 3 TRIES, (AVG 538800.6666666666)
[1, 4, 10, 23, 57, 132, 301, 701, 1636, 3854, 8756, 19834]...: 1074903: ACCEPTED IN 2 TRIES, (AVG 537451.5)
[1, 4, 10, 23, 57, 132, 301, 701, 1636, 3854, 8756, 19841]...: 1616737: ACCEPTED IN 3 TRIES, (AVG 538912.3333333334)
[1, 4, 10, 23, 57, 132, 301, 701, 1636, 3854, 8756, 19867]...: 1615762: ACCEPTED IN 3 TRIES, (AVG 538587.3333333334)
[1, 4, 10, 23, 57, 132, 301, 701, 1636, 3854, 8756, 19906]...: 1076613: ACCEPTED IN 2 TRIES, (AVG 538306.5)
[1, 4, 10, 23, 57, 132, 301, 701, 1636, 3854, 8756, 20171]...: 1076196: ACCEPTED IN 2 TRIES, (AVG 538098.0)
[1, 4, 10, 23, 57, 132, 301, 701, 1636, 3854, 8756, 20303]...: 1077149: ACCEPTED IN 2 TRIES, (AVG 538574.5)
[1, 4, 10, 23, 57, 132, 301, 701, 1636, 3854, 8756, 20403]...: 1616672: ACCEPTED IN 3 TRIES, (AVG 538890.6666666666)
[1, 4, 10, 23, 57, 132, 301, 701, 1636, 3854, 8756, 20438]...: 3773639: ACCEPTED IN 7 TRIES, (AVG 539091.2857142857)
[1, 4, 10, 23, 57, 132, 301, 701, 1636, 3854, 8756, 20505]...: 1076735: ACCEPTED IN 2 TRIES, (AVG 538367.5)
[1, 4, 10, 23, 57, 132, 301, 701, 1636, 3854, 8756, 20539]...: 2155981: ACCEPTED IN 4 TRIES, (AVG 538995.25)
[1, 4, 10, 23, 57, 132, 301, 701, 1636, 3854, 8756, 20542]...: 1076154: ACCEPTED IN 2 TRIES, (AVG 538077.0)
[1, 4, 10, 23, 57, 132, 301, 701, 1636, 3854, 8756, 20572]...: 2155032: ACCEPTED IN 4 TRIES, (AVG 538758.0)
[1, 4, 10, 23, 57, 132, 301, 701, 1636, 3854, 8756, 20673]...: 1075896: ACCEPTED IN 2 TRIES, (AVG 537948.0)
[1, 4, 10, 23, 57, 132, 301, 701, 1636, 3854, 8756, 20804]...: 1077145: ACCEPTED IN 2 TRIES, (AVG 538572.5)
[1, 4, 10, 23, 57, 132, 301, 701, 1636, 3854, 8756, 20871]...: 1076844: ACCEPTED IN 2 TRIES, (AVG 538422.0)
[1, 4, 10, 23, 57, 132, 301, 701, 1636, 3854, 8756, 20901]...: 4853261: ACCEPTED IN 9 TRIES, (AVG 539251.2222222222)
[1, 4, 10, 23, 57, 132, 301, 701, 1636, 3854, 8756, 20936]...: 1075768: ACCEPTED IN 2 TRIES, (AVG 537884.0)
[1, 4, 10, 23, 57, 132, 301, 701, 1636, 3854, 8756, 20938]...: 1615425: ACCEPTED IN 3 TRIES, (AVG 538475.0)
[1, 4, 10, 23, 57, 132, 301, 701, 1636, 3854, 8756, 21003]...: 2156115: ACCEPTED IN 4 TRIES, (AVG 539028.75)
[1, 4, 10, 23, 57, 132, 301, 701, 1636, 3854, 8756, 21004]...: 536385: ACCEPTED IN 1 TRIES, (AVG 536385.0)
[1, 4, 10, 23, 57, 132, 301, 701, 1636, 3854, 8756, 21005]...: 2154628: ACCEPTED IN 4 TRIES, (AVG 538657.0)
