[1, 4, 10, 23, 57, 132, 301, 701, 1654, 3801, 8659, 19119]...: 15678545: ACCEPTED IN 29 TRIES, (AVG 540639.4827586206)
[1, 4, 10, 23, 57, 132, 301, 701, 1654, 3801, 8659, 19156]...: 11891014: ACCEPTED IN 22 TRIES, (AVG 540500.6363636364)
[1, 4, 10, 23, 57, 132, 301, 701, 1654, 3801, 8659, 19288]...: 12430808: ACCEPTED IN 23 TRIES, (AVG 540469.9130434783)
[1, 4, 10, 23, 57, 132, 301, 701, 1654, 3801, 8659, 19309]...: 13514576: ACCEPTED IN 25 TRIES, (AVG 540583.04)
[1, 4, 10, 23, 57, 132, 301, 701, 1654, 3801, 8659, 19383]...: 14596790: ACCEPTED IN 27 TRIES, (AVG 540621.8518518518)
[1, 4, 10, 23, 57, 132, 301, 701, 1654, 3801, 8659, 19420]...: 10265592: ACCEPTED IN 19 TRIES, (AVG 540294.3157894737)
[1, 4, 10, 23, 57, 132, 301, 701, 1654, 3801, 8659, 19453]...: 10265630: ACCEPTED IN 19 TRIES, (AVG 540296.3157894737)
[1, 4, 10, 23, 57, 132, 301, 701, 1654, 3801, 8659, 19478]...: 13513616: ACCEPTED IN 25 TRIES, (AVG 540544.64)
[1, 4, 10, 23, 57, 132, 301, 701, 1654, 3801, 8659, 19573]...: 13514456: ACCEPTED IN 25 TRIES, (AVG 540578.24)
[1, 4, 10, 23, 57, 132, 301, 701, 1654, 3801, 8659, 19581]...: 10807820: ACCEPTED IN 20 TRIES, (AVG 540391.0)
[1, 4, 10, 23, 57, 132, 301, 701, 1654, 3801, 8659, 19606]...: 12973183: ACCEPTED IN 24 TRIES, (AVG 540549.2916666666)
[1, 4, 10, 23, 57, 132, 301, 701, 1654, 3801, 8659, 19643]...: 11890941: ACCEPTED IN 22 TRIES, (AVG 540497.3181818182)
[1, 4, 10, 23, 57, 132, 301, 701, 1654, 3801, 8659, 19647]...: 32994623: ACCEPTED IN 61 TRIES, (AVG 540895.4590163934)
[1, 4, 10, 23, 57, 132, 301, 701, 1654, 3801, 8659, 19705]...: 13514154: ACCEPTED IN 25 TRIES, (AVG 540566.16)
[1, 4, 10, 23, 57, 132, 301, 701, 1654, 3801, 8659, 19725]...: 30287918: ACCEPTED IN 56 TRIES, (AVG 540855.6785714285)
[1, 4, 10, 23, 57, 132, 301, 701, 1654, 3801, 8659, 19742]...: 20548589: ACCEPTED IN 38 TRIES, (AVG 540752.3421052631)
[1, 4, 10, 23, 57, 132, 301, 701, 1654, 3801, 8659, 19775]...: 9726404: ACCEPTED IN 18 TRIES, (AVG 540355.7777777778)
[1, 4, 10, 23, 57, 132, 301, 701, 1654, 3801, 8659, 19779]...: 11348905: ACCEPTED IN 21 TRIES, (AVG 540424.0476190476)
[1, 4, 10, 23, 57, 132, 301, 701, 1654, 3801, 8659, 19812]...: 15136779: ACCEPTED IN 28 TRIES, (AVG 540599.25)
[1, 4, 10, 23, 57, 132, 301, 701, 1654, 3801, 8659, 19833]...: 11889797: ACCEPTED IN 22 TRIES, (AVG 540445.3181818182)
[1, 4, 10, 23, 57, 132, 301, 701, 1654, 3801, 8659, 19837]...: 12430354: ACCEPTED IN 23 TRIES, (AVG 540450.1739130435)
[1, 4, 10, 23, 57, 132, 301, 701, 1654, 3801, 8659, 19849]...: 56263241: ACCEPTED IN 104 TRIES, (AVG 540992.7019230769)
[1, 4, 10, 23, 57, 132, 301, 701, 1654, 3801, 8659, 19907]...: 9185296: ACCEPTED IN 17 TRIES, (AVG 540311.5294117647)
[1, 4, 10, 23, 57, 132, 301, 701, 1654, 3801, 8659, 19911]...: 43818137: ACCEPTED IN 81 TRIES, (AVG 540964.6543209876)
[1, 4, 10, 23, 57, 132, 301, 701, 1654, 3801, 8659, 19944]...: 60050887: ACCEPTED IN 111 TRIES, (AVG 540998.981981982)
[1, 4, 10, 23, 57, 132, 301, 701, 1654, 3801, 8659, 19948]...: 11889904: ACCEPTED IN 22 TRIES, (AVG 540450.1818181818)
[1, 4, 10, 23, 57, 132, 301, 701, 1654, 3801, 8659, 19981]...: 11349363: ACCEPTED IN 21 TRIES, (AVG 540445.8571428572)
[1, 4, 10, 23, 57, 132, 301, 701, 1654, 3801, 8659, 19985]...: 11891176: ACCEPTED IN 22 TRIES, (AVG 540508.0)
[1, 4, 10, 23, 57, 132, 301, 701, 1654, 3801, 8659, 20043]...: 112001290: ACCEPTED IN 207 TRIES, (AVG 541069.0338164251)
[1, 4, 10, 23, 57, 132, 301, 701, 1654, 3801, 8659, 20076]...: 20547856: ACCEPTED IN 38 TRIES, (AVG 540733.052631579)
[1, 4, 10, 23, 57, 132, 301, 701, 1654, 3801, 8659, 20080]...: 13513169: ACCEPTED IN 25 TRIES, (AVG 540526.76)
[1, 4, 10, 23, 57, 132, 301, 701, 1654, 3801, 8659, 20113]...: 16220292: ACCEPTED IN 30 TRIES, (AVG 540676.4)
[1, 4, 10, 23, 57, 132, 301, 701, 1654, 3801, 8659, 20134]...: 21629402: ACCEPTED IN 40 TRIES, (AVG 540735.05)
[1, 4, 10, 23, 57, 132, 301, 701, 1654, 3801, 8659, 20175]...: 8644360: ACCEPTED IN 16 TRIES, (AVG 540272.5)
[1, 4, 10, 23, 57, 132, 301, 701, 1654, 3801, 8659, 20208]...: 12972688: ACCEPTED IN 24 TRIES, (AVG 540528.6666666666)
[1, 4, 10, 23, 57, 132, 301, 701, 1654, 3801, 8659, 20212]...: 10267458: ACCEPTED IN 19 TRIES, (AVG 540392.5263157894)
[1, 4, 10, 23, 57, 132, 301, 701, 1654, 3801, 8659, 20233]...: 13511068: ACCEPTED IN 25 TRIES, (AVG 540442.72)
[1, 4, 10, 23, 57, 132, 301, 701, 1654, 3801, 8659, 20245]...: 12431953: ACCEPTED IN 23 TRIES, (AVG 540519.695652174)
[1, 4, 10, 23, 57, 132, 301, 701, 1654, 3801, 8659, 20249]...: 11889384: ACCEPTED IN 22 TRIES, (AVG 540426.5454545454)
[1, 4, 10, 23, 57, 132, 301, 701, 1654, 3801, 8659, 20282]...: 247284677: ACCEPTED IN 457 TRIES, (AVG 541104.3260393873)
[1, 4, 10, 23, 57, 132, 301, 701, 1654, 3801, 8659, 20286]...: 11888894: ACCEPTED IN 22 TRIES, (AVG 540404.2727272727)
[1, 4, 10, 23, 57, 132, 301, 701, 1654, 3801, 8659, 20340]...: 11348915: ACCEPTED IN 21 TRIES, (AVG 540424.5238095238)
[1, 4, 10, 23, 57, 132, 301, 701, 1654, 3801, 8659, 20377]...: 11349228: ACCEPTED IN 21 TRIES, (AVG 540439.4285714285)
[1, 4, 10, 23, 57, 132, 301, 701, 1654, 3801, 8659, 20381]...: 11348705: ACCEPTED IN 21 TRIES, (AVG 540414.5238095238)
[1, 4, 10, 23, 57, 132, 301, 701, 1654, 3801, 8659, 20394]...: 11349056: ACCEPTED IN 21 TRIES, (AVG 540431.2380952381)
[1, 4, 10, 23, 57, 132, 301, 701, 1654, 3801, 8659, 20402]...: 54640613: ACCEPTED IN 101 TRIES, (AVG 540996.1683168317)
[1, 4, 10, 23, 57, 132, 301, 701, 1654, 3801, 8659, 20406]...: 11889042: ACCEPTED IN 22 TRIES, (AVG 540411.0)
[1, 4, 10, 23, 57, 132, 301, 701, 1654, 3801, 8659, 20414]...: 11888495: ACCEPTED IN 22 TRIES, (AVG 540386.1363636364)
[1, 4, 10, 23, 57, 132, 301, 701, 1654, 3801, 8659, 20435]...: 11889784: ACCEPTED IN 22 TRIES, (AVG 540444.7272727273)
[1, 4, 10, 23, 57, 132, 301, 701, 1654, 3801, 8659, 20455]...: 80072076: ACCEPTED IN 148 TRIES, (AVG 541027.5405405406)
[1, 4, 10, 23, 57, 132, 301, 701, 1654, 3801, 8659, 20472]...: 42192545: ACCEPTED IN 78 TRIES, (AVG 540930.0641025641)
[1, 4, 10, 23, 57, 132, 301, 701, 1654, 3801, 8659, 20509]...: 11888777: ACCEPTED IN 22 TRIES, (AVG 540398.9545454546)
[1, 4, 10, 23, 57, 132, 301, 701, 1654, 3801, 8659, 20513]...: 10266148: ACCEPTED IN 19 TRIES, (AVG 540323.5789473684)
[1, 4, 10, 23, 57, 132, 301, 701, 1654, 3801, 8659, 20526]...: 9726605: ACCEPTED IN 18 TRIES, (AVG 540366.9444444445)
[1, 4, 10, 23, 57, 132, 301, 701, 1654, 3801, 8659, 20534]...: 10267745: ACCEPTED IN 19 TRIES, (AVG 540407.6315789474)
[1, 4, 10, 23, 57, 132, 301, 701, 1654, 3801, 8659, 20538]...: 15678527: ACCEPTED IN 29 TRIES, (AVG 540638.8620689656)
[1, 4, 10, 23, 57, 132, 301, 701, 1654, 3801, 8659, 20546]...: 10808105: ACCEPTED IN 20 TRIES, (AVG 540405.25)
[1, 4, 10, 23, 57, 132, 301, 701, 1654, 3801, 8659, 20550]...: 16220253: ACCEPTED IN 30 TRIES, (AVG 540675.1)
[1, 4, 10, 23, 57, 132, 301, 701, 1654, 3801, 8659, 20563]...: 12430387: ACCEPTED IN 23 TRIES, (AVG 540451.6086956522)
[1, 4, 10, 23, 57, 132, 301, 701, 1654, 3801, 8659, 20567]...: 9726267: ACCEPTED IN 18 TRIES, (AVG 540348.1666666666)
[1, 4, 10, 23, 57, 132, 301, 701, 1654, 3801, 8659, 20587]...: 13513870: ACCEPTED IN 25 TRIES, (AVG 540554.8)
[1, 4, 10, 23, 57, 132, 301, 701, 1654, 3801, 8659, 20641]...: 13514244: ACCEPTED IN 25 TRIES, (AVG 540569.76)
[1, 4, 10, 23, 57, 132, 301, 701, 1654, 3801, 8659, 20645]...: 22172552: ACCEPTED IN 41 TRIES, (AVG 540793.9512195121)
[1, 4, 10, 23, 57, 132, 301, 701, 1654, 3801, 8659, 20678]...: 32454216: ACCEPTED IN 60 TRIES, (AVG 540903.6)
[1, 4, 10, 23, 57, 132, 301, 701, 1654, 3801, 8659, 20682]...: 17842430: ACCEPTED IN 33 TRIES, (AVG 540679.696969697)
[1, 4, 10, 23, 57, 132, 301, 701, 1654, 3801, 8659, 20695]...: 178558886: ACCEPTED IN 330 TRIES, (AVG 541087.5333333333)
[1, 4, 10, 23, 57, 132, 301, 701, 1654, 3801, 8659, 20699]...: 10266522: ACCEPTED IN 19 TRIES, (AVG 540343.2631578947)
[1, 4, 10, 23, 57, 132, 301, 701, 1654, 3801, 8659, 20707]...: 13511736: ACCEPTED IN 25 TRIES, (AVG 540469.44)
[1, 4, 10, 23, 57, 132, 301, 701, 1654, 3801, 8659, 20736]...: 64380271: ACCEPTED IN 119 TRIES, (AVG 541010.680672269)
[1, 4, 10, 23, 57, 132, 301, 701, 1654, 3801, 8659, 20773]...: 167195852: ACCEPTED IN 309 TRIES, (AVG 541086.8996763754)
