[1, 4, 10, 23, 57, 132, 301, 701, 1654, 3908, 8939, 19696]...: 12973068: ACCEPTED IN 24 TRIES, (AVG 540544.5)
[1, 4, 10, 23, 57, 132, 301, 701, 1654, 3908, 8939, 19724]...: 9726377: ACCEPTED IN 18 TRIES, (AVG 540354.2777777778)
[1, 4, 10, 23, 57, 132, 301, 701, 1654, 3908, 8939, 19733]...: 14055470: ACCEPTED IN 26 TRIES, (AVG 540595.0)
[1, 4, 10, 23, 57, 132, 301, 701, 1654, 3908, 8939, 19773]...: 9185533: ACCEPTED IN 17 TRIES, (AVG 540325.4705882353)
[1, 4, 10, 23, 57, 132, 301, 701, 1654, 3908, 8939, 19828]...: 11890864: ACCEPTED IN 22 TRIES, (AVG 540493.8181818182)
[1, 4, 10, 23, 57, 132, 301, 701, 1654, 3908, 8939, 19865]...: 13514267: ACCEPTED IN 25 TRIES, (AVG 540570.68)
[1, 4, 10, 23, 57, 132, 301, 701, 1654, 3908, 8939, 19893]...: 6479536: ACCEPTED IN 12 TRIES, (AVG 539961.3333333334)
[1, 4, 10, 23, 57, 132, 301, 701, 1654, 3908, 8939, 19902]...: 14054732: ACCEPTED IN 26 TRIES, (AVG 540566.6153846154)
[1, 4, 10, 23, 57, 132, 301, 701, 1654, 3908, 8939, 19960]...: 25960355: ACCEPTED IN 48 TRIES, (AVG 540840.7291666666)
[1, 4, 10, 23, 57, 132, 301, 701, 1654, 3908, 8939, 19992]...: 9726171: ACCEPTED IN 18 TRIES, (AVG 540342.8333333334)
[1, 4, 10, 23, 57, 132, 301, 701, 1654, 3908, 8939, 19997]...: 15136388: ACCEPTED IN 28 TRIES, (AVG 540585.2857142857)
[1, 4, 10, 23, 57, 132, 301, 701, 1654, 3908, 8939, 20001]...: 25419241: ACCEPTED IN 47 TRIES, (AVG 540834.914893617)
[1, 4, 10, 23, 57, 132, 301, 701, 1654, 3908, 8939, 20025]...: 8642616: ACCEPTED IN 16 TRIES, (AVG 540163.5)
[1, 4, 10, 23, 57, 132, 301, 701, 1654, 3908, 8939, 20034]...: 34617098: ACCEPTED IN 64 TRIES, (AVG 540892.15625)
[1, 4, 10, 23, 57, 132, 301, 701, 1654, 3908, 8939, 20092]...: 14595087: ACCEPTED IN 27 TRIES, (AVG 540558.7777777778)
[1, 4, 10, 23, 57, 132, 301, 701, 1654, 3908, 8939, 20124]...: 14055226: ACCEPTED IN 26 TRIES, (AVG 540585.6153846154)
[1, 4, 10, 23, 57, 132, 301, 701, 1654, 3908, 8939, 20129]...: 18384378: ACCEPTED IN 34 TRIES, (AVG 540717.0)
[1, 4, 10, 23, 57, 132, 301, 701, 1654, 3908, 8939, 20133]...: 9724911: ACCEPTED IN 18 TRIES, (AVG 540272.8333333334)
[1, 4, 10, 23, 57, 132, 301, 701, 1654, 3908, 8939, 20166]...: 13513773: ACCEPTED IN 25 TRIES, (AVG 540550.92)
[1, 4, 10, 23, 57, 132, 301, 701, 1654, 3908, 8939, 20203]...: 9184579: ACCEPTED IN 17 TRIES, (AVG 540269.3529411765)
[1, 4, 10, 23, 57, 132, 301, 701, 1654, 3908, 8939, 20261]...: 14055078: ACCEPTED IN 26 TRIES, (AVG 540579.9230769231)
[1, 4, 10, 23, 57, 132, 301, 701, 1654, 3908, 8939, 20265]...: 10266033: ACCEPTED IN 19 TRIES, (AVG 540317.5263157894)
[1, 4, 10, 23, 57, 132, 301, 701, 1654, 3908, 8939, 20293]...: 14053073: ACCEPTED IN 26 TRIES, (AVG 540502.8076923077)
[1, 4, 10, 23, 57, 132, 301, 701, 1654, 3908, 8939, 20298]...: 15136362: ACCEPTED IN 28 TRIES, (AVG 540584.3571428572)
[1, 4, 10, 23, 57, 132, 301, 701, 1654, 3908, 8939, 20302]...: 8643786: ACCEPTED IN 16 TRIES, (AVG 540236.625)
[1, 4, 10, 23, 57, 132, 301, 701, 1654, 3908, 8939, 20306]...: 21088153: ACCEPTED IN 39 TRIES, (AVG 540721.8717948718)
[1, 4, 10, 23, 57, 132, 301, 701, 1654, 3908, 8939, 20335]...: 9726589: ACCEPTED IN 18 TRIES, (AVG 540366.0555555555)
[1, 4, 10, 23, 57, 132, 301, 701, 1654, 3908, 8939, 20393]...: 12973008: ACCEPTED IN 24 TRIES, (AVG 540542.0)
[1, 4, 10, 23, 57, 132, 301, 701, 1654, 3908, 8939, 20397]...: 12431560: ACCEPTED IN 23 TRIES, (AVG 540502.6086956522)
[1, 4, 10, 23, 57, 132, 301, 701, 1654, 3908, 8939, 20425]...: 9723762: ACCEPTED IN 18 TRIES, (AVG 540209.0)
[1, 4, 10, 23, 57, 132, 301, 701, 1654, 3908, 8939, 20430]...: 11890077: ACCEPTED IN 22 TRIES, (AVG 540458.0454545454)
[1, 4, 10, 23, 57, 132, 301, 701, 1654, 3908, 8939, 20434]...: 11888600: ACCEPTED IN 22 TRIES, (AVG 540390.9090909091)
[1, 4, 10, 23, 57, 132, 301, 701, 1654, 3908, 8939, 20438]...: 14055002: ACCEPTED IN 26 TRIES, (AVG 540577.0)
[1, 4, 10, 23, 57, 132, 301, 701, 1654, 3908, 8939, 20467]...: 17300450: ACCEPTED IN 32 TRIES, (AVG 540639.0625)
[1, 4, 10, 23, 57, 132, 301, 701, 1654, 3908, 8939, 20504]...: 9725611: ACCEPTED IN 18 TRIES, (AVG 540311.7222222222)
[1, 4, 10, 23, 57, 132, 301, 701, 1654, 3908, 8939, 20529]...: 9725784: ACCEPTED IN 18 TRIES, (AVG 540321.3333333334)
[1, 4, 10, 23, 57, 132, 301, 701, 1654, 3908, 8939, 20562]...: 14053030: ACCEPTED IN 26 TRIES, (AVG 540501.1538461539)
[1, 4, 10, 23, 57, 132, 301, 701, 1654, 3908, 8939, 20566]...: 22713899: ACCEPTED IN 42 TRIES, (AVG 540807.119047619)
[1, 4, 10, 23, 57, 132, 301, 701, 1654, 3908, 8939, 20570]...: 10806684: ACCEPTED IN 20 TRIES, (AVG 540334.2)
[1, 4, 10, 23, 57, 132, 301, 701, 1654, 3908, 8939, 20594]...: 24335781: ACCEPTED IN 45 TRIES, (AVG 540795.1333333333)
[1, 4, 10, 23, 57, 132, 301, 701, 1654, 3908, 8939, 20599]...: 25960563: ACCEPTED IN 48 TRIES, (AVG 540845.0625)
[1, 4, 10, 23, 57, 132, 301, 701, 1654, 3908, 8939, 20603]...: 10267585: ACCEPTED IN 19 TRIES, (AVG 540399.2105263158)
[1, 4, 10, 23, 57, 132, 301, 701, 1654, 3908, 8939, 20607]...: 11890475: ACCEPTED IN 22 TRIES, (AVG 540476.1363636364)
[1, 4, 10, 23, 57, 132, 301, 701, 1654, 3908, 8939, 20636]...: 12431768: ACCEPTED IN 23 TRIES, (AVG 540511.6521739131)
[1, 4, 10, 23, 57, 132, 301, 701, 1654, 3908, 8939, 20661]...: 8102501: ACCEPTED IN 15 TRIES, (AVG 540166.7333333333)
[1, 4, 10, 23, 57, 132, 301, 701, 1654, 3908, 8939, 20693]...: 9725039: ACCEPTED IN 18 TRIES, (AVG 540279.9444444445)
[1, 4, 10, 23, 57, 132, 301, 701, 1654, 3908, 8939, 20694]...: 14595317: ACCEPTED IN 27 TRIES, (AVG 540567.2962962963)
[1, 4, 10, 23, 57, 132, 301, 701, 1654, 3908, 8939, 20698]...: 12432246: ACCEPTED IN 23 TRIES, (AVG 540532.4347826086)
[1, 4, 10, 23, 57, 132, 301, 701, 1654, 3908, 8939, 20702]...: 15137356: ACCEPTED IN 28 TRIES, (AVG 540619.8571428572)
[1, 4, 10, 23, 57, 132, 301, 701, 1654, 3908, 8939, 20726]...: 12430558: ACCEPTED IN 23 TRIES, (AVG 540459.0434782609)
[1, 4, 10, 23, 57, 132, 301, 701, 1654, 3908, 8939, 20731]...: 12431661: ACCEPTED IN 23 TRIES, (AVG 540507.0)
[1, 4, 10, 23, 57, 132, 301, 701, 1654, 3908, 8939, 20735]...: 14596475: ACCEPTED IN 27 TRIES, (AVG 540610.1851851852)
[1, 4, 10, 23, 57, 132, 301, 701, 1654, 3908, 8939, 20739]...: 20548056: ACCEPTED IN 38 TRIES, (AVG 540738.3157894737)
[1, 4, 10, 23, 57, 132, 301, 701, 1654, 3908, 8939, 20768]...: 14596843: ACCEPTED IN 27 TRIES, (AVG 540623.8148148148)
[1, 4, 10, 23, 57, 132, 301, 701, 1654, 3908, 8939, 20793]...: 11349547: ACCEPTED IN 21 TRIES, (AVG 540454.619047619)
[1, 4, 10, 23, 57, 132, 301, 701, 1654, 3908, 8939, 20805]...: 20007545: ACCEPTED IN 37 TRIES, (AVG 540744.4594594594)
[1, 4, 10, 23, 57, 132, 301, 701, 1654, 3908, 8939, 20822]...: 7020169: ACCEPTED IN 13 TRIES, (AVG 540013.0)
[1, 4, 10, 23, 57, 132, 301, 701, 1654, 3908, 8939, 20825]...: 7020443: ACCEPTED IN 13 TRIES, (AVG 540034.0769230769)
[1, 4, 10, 23, 57, 132, 301, 701, 1654, 3908, 8939, 20830]...: 11890978: ACCEPTED IN 22 TRIES, (AVG 540499.0)
[1, 4, 10, 23, 57, 132, 301, 701, 1654, 3908, 8939, 20834]...: 14053757: ACCEPTED IN 26 TRIES, (AVG 540529.1153846154)
[1, 4, 10, 23, 57, 132, 301, 701, 1654, 3908, 8939, 20863]...: 9725971: ACCEPTED IN 18 TRIES, (AVG 540331.7222222222)
[1, 4, 10, 23, 57, 132, 301, 701, 1654, 3908, 8939, 20867]...: 14055215: ACCEPTED IN 26 TRIES, (AVG 540585.1923076923)
[1, 4, 10, 23, 57, 132, 301, 701, 1654, 3908, 8939, 20871]...: 12973360: ACCEPTED IN 24 TRIES, (AVG 540556.6666666666)
[1, 4, 10, 23, 57, 132, 301, 701, 1654, 3908, 8939, 20900]...: 12429710: ACCEPTED IN 23 TRIES, (AVG 540422.1739130435)
[1, 4, 10, 23, 57, 132, 301, 701, 1654, 3908, 8939, 20904]...: 10808908: ACCEPTED IN 20 TRIES, (AVG 540445.4)
[1, 4, 10, 23, 57, 132, 301, 701, 1654, 3908, 8939, 20908]...: 16219722: ACCEPTED IN 30 TRIES, (AVG 540657.4)
[1, 4, 10, 23, 57, 132, 301, 701, 1654, 3908, 8939, 20937]...: 8643328: ACCEPTED IN 16 TRIES, (AVG 540208.0)
[1, 4, 10, 23, 57, 132, 301, 701, 1654, 3908, 8939, 20945]...: 9185140: ACCEPTED IN 17 TRIES, (AVG 540302.3529411765)
[1, 4, 10, 23, 57, 132, 301, 701, 1654, 3908, 8939, 20954]...: 14055143: ACCEPTED IN 26 TRIES, (AVG 540582.4230769231)
[1, 4, 10, 23, 57, 132, 301, 701, 1654, 3908, 8939, 20962]...: 12431962: ACCEPTED IN 23 TRIES, (AVG 540520.0869565217)
[1, 4, 10, 23, 57, 132, 301, 701, 1654, 3908, 8939, 20966]...: 16218820: ACCEPTED IN 30 TRIES, (AVG 540627.3333333334)
[1, 4, 10, 23, 57, 132, 301, 701, 1654, 3908, 8939, 20994]...: 18383958: ACCEPTED IN 34 TRIES, (AVG 540704.6470588235)
[1, 4, 10, 23, 57, 132, 301, 701, 1654, 3908, 8939, 20995]...: 18384535: ACCEPTED IN 34 TRIES, (AVG 540721.6176470588)
[1, 4, 10, 23, 57, 132, 301, 701, 1654, 3908, 8939, 20999]...: 8643802: ACCEPTED IN 16 TRIES, (AVG 540237.625)
[1, 4, 10, 23, 57, 132, 301, 701, 1654, 3908, 8939, 21003]...: 11349103: ACCEPTED IN 21 TRIES, (AVG 540433.4761904762)
[1, 4, 10, 23, 57, 132, 301, 701, 1654, 3908, 8939, 21007]...: 12972090: ACCEPTED IN 24 TRIES, (AVG 540503.75)
[1, 4, 10, 23, 57, 132, 301, 701, 1654, 3908, 8939, 21032]...: 16219742: ACCEPTED IN 30 TRIES, (AVG 540658.0666666667)
[1, 4, 10, 23, 57, 132, 301, 701, 1654, 3908, 8939, 21036]...: 15138000: ACCEPTED IN 28 TRIES, (AVG 540642.8571428572)
[1, 4, 10, 23, 57, 132, 301, 701, 1654, 3908, 8939, 21040]...: 10808748: ACCEPTED IN 20 TRIES, (AVG 540437.4)
[1, 4, 10, 23, 57, 132, 301, 701, 1654, 3908, 8939, 21069]...: 22172718: ACCEPTED IN 41 TRIES, (AVG 540798.0)
[1, 4, 10, 23, 57, 132, 301, 701, 1654, 3908, 8939, 21077]...: 9726248: ACCEPTED IN 18 TRIES, (AVG 540347.1111111111)
[1, 4, 10, 23, 57, 132, 301, 701, 1654, 3908, 8939, 21086]...: 10267575: ACCEPTED IN 19 TRIES, (AVG 540398.6842105263)
[1, 4, 10, 23, 57, 132, 301, 701, 1654, 3908, 8939, 21094]...: 8102964: ACCEPTED IN 15 TRIES, (AVG 540197.6)
[1, 4, 10, 23, 57, 132, 301, 701, 1654, 3908, 8939, 21098]...: 14055322: ACCEPTED IN 26 TRIES, (AVG 540589.3076923077)
[1, 4, 10, 23, 57, 132, 301, 701, 1654, 3908, 8939, 21106]...: 19467111: ACCEPTED IN 36 TRIES, (AVG 540753.0833333334)
[1, 4, 10, 23, 57, 132, 301, 701, 1654, 3908, 8939, 21123]...: 9725358: ACCEPTED IN 18 TRIES, (AVG 540297.6666666666)
[1, 4, 10, 23, 57, 132, 301, 701, 1654, 3908, 8939, 21126]...: 7020874: ACCEPTED IN 13 TRIES, (AVG 540067.2307692308)
[1, 4, 10, 23, 57, 132, 301, 701, 1654, 3908, 8939, 21127]...: 12431647: ACCEPTED IN 23 TRIES, (AVG 540506.3913043478)
[1, 4, 10, 23, 57, 132, 301, 701, 1654, 3908, 8939, 21131]...: 22172369: ACCEPTED IN 41 TRIES, (AVG 540789.487804878)
[1, 4, 10, 23, 57, 132, 301, 701, 1654, 3908, 8939, 21135]...: 35699384: ACCEPTED IN 66 TRIES, (AVG 540899.7575757576)
[1, 4, 10, 23, 57, 132, 301, 701, 1654, 3908, 8939, 21139]...: 14594031: ACCEPTED IN 27 TRIES, (AVG 540519.6666666666)
[1, 4, 10, 23, 57, 132, 301, 701, 1654, 3908, 8939, 21164]...: 14055446: ACCEPTED IN 26 TRIES, (AVG 540594.0769230769)
[1, 4, 10, 23, 57, 132, 301, 701, 1654, 3908, 8939, 21168]...: 14596265: ACCEPTED IN 27 TRIES, (AVG 540602.4074074074)
[1, 4, 10, 23, 57, 132, 301, 701, 1654, 3908, 8939, 21172]...: 14054885: ACCEPTED IN 26 TRIES, (AVG 540572.5)
[1, 4, 10, 23, 57, 132, 301, 701, 1654, 3908, 8939, 21201]...: 9725402: ACCEPTED IN 18 TRIES, (AVG 540300.1111111111)
[1, 4, 10, 23, 57, 132, 301, 701, 1654, 3908, 8939, 21205]...: 16218274: ACCEPTED IN 30 TRIES, (AVG 540609.1333333333)
[1, 4, 10, 23, 57, 132, 301, 701, 1654, 3908, 8939, 21209]...: 21089875: ACCEPTED IN 39 TRIES, (AVG 540766.0256410256)
[1, 4, 10, 23, 57, 132, 301, 701, 1654, 3908, 8939, 21218]...: 9726196: ACCEPTED IN 18 TRIES, (AVG 540344.2222222222)
[1, 4, 10, 23, 57, 132, 301, 701, 1654, 3908, 8939, 21230]...: 9185230: ACCEPTED IN 17 TRIES, (AVG 540307.6470588235)
[1, 4, 10, 23, 57, 132, 301, 701, 1654, 3908, 8939, 21238]...: 7020439: ACCEPTED IN 13 TRIES, (AVG 540033.7692307692)
[1, 4, 10, 23, 57, 132, 301, 701, 1654, 3908, 8939, 21246]...: 7019647: ACCEPTED IN 13 TRIES, (AVG 539972.8461538461)
[1, 4, 10, 23, 57, 132, 301, 701, 1654, 3908, 8939, 21255]...: 34077659: ACCEPTED IN 63 TRIES, (AVG 540915.2222222222)
[1, 4, 10, 23, 57, 132, 301, 701, 1654, 3908, 8939, 21259]...: 11348418: ACCEPTED IN 21 TRIES, (AVG 540400.8571428572)
[1, 4, 10, 23, 57, 132, 301, 701, 1654, 3908, 8939, 21263]...: 8102001: ACCEPTED IN 15 TRIES, (AVG 540133.4)
[1, 4, 10, 23, 57, 132, 301, 701, 1654, 3908, 8939, 21267]...: 8644044: ACCEPTED IN 16 TRIES, (AVG 540252.75)
[1, 4, 10, 23, 57, 132, 301, 701, 1654, 3908, 8939, 21271]...: 11349686: ACCEPTED IN 21 TRIES, (AVG 540461.2380952381)
[1, 4, 10, 23, 57, 132, 301, 701, 1654, 3908, 8939, 21295]...: 7020811: ACCEPTED IN 13 TRIES, (AVG 540062.3846153846)
[1, 4, 10, 23, 57, 132, 301, 701, 1654, 3908, 8939, 21296]...: 8644170: ACCEPTED IN 16 TRIES, (AVG 540260.625)
[1, 4, 10, 23, 57, 132, 301, 701, 1654, 3908, 8939, 21300]...: 9724892: ACCEPTED IN 18 TRIES, (AVG 540271.7777777778)
[1, 4, 10, 23, 57, 132, 301, 701, 1654, 3908, 8939, 21304]...: 14595432: ACCEPTED IN 27 TRIES, (AVG 540571.5555555555)
[1, 4, 10, 23, 57, 132, 301, 701, 1654, 3908, 8939, 21308]...: 10267218: ACCEPTED IN 19 TRIES, (AVG 540379.8947368421)
[1, 4, 10, 23, 57, 132, 301, 701, 1654, 3908, 8939, 21333]...: 8642603: ACCEPTED IN 16 TRIES, (AVG 540162.6875)
[1, 4, 10, 23, 57, 132, 301, 701, 1654, 3908, 8939, 21337]...: 20546754: ACCEPTED IN 38 TRIES, (AVG 540704.052631579)
[1, 4, 10, 23, 57, 132, 301, 701, 1654, 3908, 8939, 21341]...: 11890048: ACCEPTED IN 22 TRIES, (AVG 540456.7272727273)
[1, 4, 10, 23, 57, 132, 301, 701, 1654, 3908, 8939, 21350]...: 17301593: ACCEPTED IN 32 TRIES, (AVG 540674.78125)
[1, 4, 10, 23, 57, 132, 301, 701, 1654, 3908, 8939, 21362]...: 7561597: ACCEPTED IN 14 TRIES, (AVG 540114.0714285715)
[1, 4, 10, 23, 57, 132, 301, 701, 1654, 3908, 8939, 21370]...: 12972805: ACCEPTED IN 24 TRIES, (AVG 540533.5416666666)
[1, 4, 10, 23, 57, 132, 301, 701, 1654, 3908, 8939, 21378]...: 21089223: ACCEPTED IN 39 TRIES, (AVG 540749.3076923077)
[1, 4, 10, 23, 57, 132, 301, 701, 1654, 3908, 8939, 21387]...: 9185223: ACCEPTED IN 17 TRIES, (AVG 540307.2352941176)
[1, 4, 10, 23, 57, 132, 301, 701, 1654, 3908, 8939, 21391]...: 12972521: ACCEPTED IN 24 TRIES, (AVG 540521.7083333334)
[1, 4, 10, 23, 57, 132, 301, 701, 1654, 3908, 8939, 21395]...: 6479108: ACCEPTED IN 12 TRIES, (AVG 539925.6666666666)
[1, 4, 10, 23, 57, 132, 301, 701, 1654, 3908, 8939, 21399]...: 7561372: ACCEPTED IN 14 TRIES, (AVG 540098.0)
[1, 4, 10, 23, 57, 132, 301, 701, 1654, 3908, 8939, 21403]...: 7560276: ACCEPTED IN 14 TRIES, (AVG 540019.7142857143)
[1, 4, 10, 23, 57, 132, 301, 701, 1654, 3908, 8939, 21407]...: 12971573: ACCEPTED IN 24 TRIES, (AVG 540482.2083333334)
[1, 4, 10, 23, 57, 132, 301, 701, 1654, 3908, 8939, 21424]...: 8643616: ACCEPTED IN 16 TRIES, (AVG 540226.0)
[1, 4, 10, 23, 57, 132, 301, 701, 1654, 3908, 8939, 21427]...: 12430170: ACCEPTED IN 23 TRIES, (AVG 540442.1739130435)
[1, 4, 10, 23, 57, 132, 301, 701, 1654, 3908, 8939, 21428]...: 8644396: ACCEPTED IN 16 TRIES, (AVG 540274.75)
[1, 4, 10, 23, 57, 132, 301, 701, 1654, 3908, 8939, 21432]...: 10266777: ACCEPTED IN 19 TRIES, (AVG 540356.6842105263)
[1, 4, 10, 23, 57, 132, 301, 701, 1654, 3908, 8939, 21436]...: 8102636: ACCEPTED IN 15 TRIES, (AVG 540175.7333333333)
[1, 4, 10, 23, 57, 132, 301, 701, 1654, 3908, 8939, 21440]...: 22172730: ACCEPTED IN 41 TRIES, (AVG 540798.2926829269)
