[1, 4, 10, 23, 57, 132, 301, 701, 1654, 3908, 9291, 20456]...: 16760855: ACCEPTED IN 31 TRIES, (AVG 540672.7419354839)
[1, 4, 10, 23, 57, 132, 301, 701, 1654, 3908, 9291, 20481]...: 9726567: ACCEPTED IN 18 TRIES, (AVG 540364.8333333334)
[1, 4, 10, 23, 57, 132, 301, 701, 1654, 3908, 9291, 20485]...: 17300353: ACCEPTED IN 32 TRIES, (AVG 540636.03125)
[1, 4, 10, 23, 57, 132, 301, 701, 1654, 3908, 9291, 20514]...: 10807681: ACCEPTED IN 20 TRIES, (AVG 540384.05)
[1, 4, 10, 23, 57, 132, 301, 701, 1654, 3908, 9291, 20518]...: 10808408: ACCEPTED IN 20 TRIES, (AVG 540420.4)
[1, 4, 10, 23, 57, 132, 301, 701, 1654, 3908, 9291, 20551]...: 10265739: ACCEPTED IN 19 TRIES, (AVG 540302.052631579)
[1, 4, 10, 23, 57, 132, 301, 701, 1654, 3908, 9291, 20555]...: 8641868: ACCEPTED IN 16 TRIES, (AVG 540116.75)
[1, 4, 10, 23, 57, 132, 301, 701, 1654, 3908, 9291, 20588]...: 9183083: ACCEPTED IN 17 TRIES, (AVG 540181.3529411765)
[1, 4, 10, 23, 57, 132, 301, 701, 1654, 3908, 9291, 20613]...: 11349072: ACCEPTED IN 21 TRIES, (AVG 540432.0)
[1, 4, 10, 23, 57, 132, 301, 701, 1654, 3908, 9291, 20617]...: 12431476: ACCEPTED IN 23 TRIES, (AVG 540498.9565217391)
[1, 4, 10, 23, 57, 132, 301, 701, 1654, 3908, 9291, 20650]...: 9184560: ACCEPTED IN 17 TRIES, (AVG 540268.2352941176)
[1, 4, 10, 23, 57, 132, 301, 701, 1654, 3908, 9291, 20654]...: 11349555: ACCEPTED IN 21 TRIES, (AVG 540455.0)
[1, 4, 10, 23, 57, 132, 301, 701, 1654, 3908, 9291, 20683]...: 29207296: ACCEPTED IN 54 TRIES, (AVG 540875.8518518518)
[1, 4, 10, 23, 57, 132, 301, 701, 1654, 3908, 9291, 20687]...: 9184342: ACCEPTED IN 17 TRIES, (AVG 540255.4117647059)
[1, 4, 10, 23, 57, 132, 301, 701, 1654, 3908, 9291, 20720]...: 9183539: ACCEPTED IN 17 TRIES, (AVG 540208.1764705882)
[1, 4, 10, 23, 57, 132, 301, 701, 1654, 3908, 9291, 20749]...: 10806612: ACCEPTED IN 20 TRIES, (AVG 540330.6)
[1, 4, 10, 23, 57, 132, 301, 701, 1654, 3908, 9291, 20782]...: 10808422: ACCEPTED IN 20 TRIES, (AVG 540421.1)
[1, 4, 10, 23, 57, 132, 301, 701, 1654, 3908, 9291, 20786]...: 29747669: ACCEPTED IN 55 TRIES, (AVG 540866.7090909091)
[1, 4, 10, 23, 57, 132, 301, 701, 1654, 3908, 9291, 20815]...: 10805458: ACCEPTED IN 20 TRIES, (AVG 540272.9)
[1, 4, 10, 23, 57, 132, 301, 701, 1654, 3908, 9291, 20819]...: 17842972: ACCEPTED IN 33 TRIES, (AVG 540696.1212121212)
[1, 4, 10, 23, 57, 132, 301, 701, 1654, 3908, 9291, 20852]...: 12432014: ACCEPTED IN 23 TRIES, (AVG 540522.3478260869)
[1, 4, 10, 23, 57, 132, 301, 701, 1654, 3908, 9291, 20856]...: 8102899: ACCEPTED IN 15 TRIES, (AVG 540193.2666666667)
[1, 4, 10, 23, 57, 132, 301, 701, 1654, 3908, 9291, 20881]...: 11890537: ACCEPTED IN 22 TRIES, (AVG 540478.9545454546)
[1, 4, 10, 23, 57, 132, 301, 701, 1654, 3908, 9291, 20914]...: 8102805: ACCEPTED IN 15 TRIES, (AVG 540187.0)
[1, 4, 10, 23, 57, 132, 301, 701, 1654, 3908, 9291, 20918]...: 12431749: ACCEPTED IN 23 TRIES, (AVG 540510.8260869565)
[1, 4, 10, 23, 57, 132, 301, 701, 1654, 3908, 9291, 20951]...: 10266652: ACCEPTED IN 19 TRIES, (AVG 540350.1052631579)
[1, 4, 10, 23, 57, 132, 301, 701, 1654, 3908, 9291, 20955]...: 7017679: ACCEPTED IN 13 TRIES, (AVG 539821.4615384615)
[1, 4, 10, 23, 57, 132, 301, 701, 1654, 3908, 9291, 20984]...: 9183115: ACCEPTED IN 17 TRIES, (AVG 540183.2352941176)
[1, 4, 10, 23, 57, 132, 301, 701, 1654, 3908, 9291, 20988]...: 10808379: ACCEPTED IN 20 TRIES, (AVG 540418.95)
[1, 4, 10, 23, 57, 132, 301, 701, 1654, 3908, 9291, 21013]...: 9726178: ACCEPTED IN 18 TRIES, (AVG 540343.2222222222)
[1, 4, 10, 23, 57, 132, 301, 701, 1654, 3908, 9291, 21050]...: 8103040: ACCEPTED IN 15 TRIES, (AVG 540202.6666666666)
[1, 4, 10, 23, 57, 132, 301, 701, 1654, 3908, 9291, 21083]...: 15677014: ACCEPTED IN 29 TRIES, (AVG 540586.6896551724)
[1, 4, 10, 23, 57, 132, 301, 701, 1654, 3908, 9291, 21087]...: 9184865: ACCEPTED IN 17 TRIES, (AVG 540286.1764705882)
[1, 4, 10, 23, 57, 132, 301, 701, 1654, 3908, 9291, 21116]...: 10807449: ACCEPTED IN 20 TRIES, (AVG 540372.45)
[1, 4, 10, 23, 57, 132, 301, 701, 1654, 3908, 9291, 21120]...: 9184490: ACCEPTED IN 17 TRIES, (AVG 540264.1176470588)
[1, 4, 10, 23, 57, 132, 301, 701, 1654, 3908, 9291, 21157]...: 11891121: ACCEPTED IN 22 TRIES, (AVG 540505.5)
[1, 4, 10, 23, 57, 132, 301, 701, 1654, 3908, 9291, 21215]...: 8643497: ACCEPTED IN 16 TRIES, (AVG 540218.5625)
[1, 4, 10, 23, 57, 132, 301, 701, 1654, 3908, 9291, 21219]...: 12973308: ACCEPTED IN 24 TRIES, (AVG 540554.5)
[1, 4, 10, 23, 57, 132, 301, 701, 1654, 3908, 9291, 21252]...: 10808339: ACCEPTED IN 20 TRIES, (AVG 540416.95)
[1, 4, 10, 23, 57, 132, 301, 701, 1654, 3908, 9291, 21256]...: 11889015: ACCEPTED IN 22 TRIES, (AVG 540409.7727272727)
[1, 4, 10, 23, 57, 132, 301, 701, 1654, 3908, 9291, 21289]...: 8642320: ACCEPTED IN 16 TRIES, (AVG 540145.0)
[1, 4, 10, 23, 57, 132, 301, 701, 1654, 3908, 9291, 21351]...: 10807682: ACCEPTED IN 20 TRIES, (AVG 540384.1)
[1, 4, 10, 23, 57, 132, 301, 701, 1654, 3908, 9291, 21384]...: 11346973: ACCEPTED IN 21 TRIES, (AVG 540332.0476190476)
[1, 4, 10, 23, 57, 132, 301, 701, 1654, 3908, 9291, 21388]...: 9726296: ACCEPTED IN 18 TRIES, (AVG 540349.7777777778)
[1, 4, 10, 23, 57, 132, 301, 701, 1654, 3908, 9291, 21421]...: 7019645: ACCEPTED IN 13 TRIES, (AVG 539972.6923076923)
[1, 4, 10, 23, 57, 132, 301, 701, 1654, 3908, 9291, 21516]...: 7560910: ACCEPTED IN 14 TRIES, (AVG 540065.0)
[1, 4, 10, 23, 57, 132, 301, 701, 1654, 3908, 9291, 21520]...: 7020913: ACCEPTED IN 13 TRIES, (AVG 540070.2307692308)
[1, 4, 10, 23, 57, 132, 301, 701, 1654, 3908, 9291, 21553]...: 11891029: ACCEPTED IN 22 TRIES, (AVG 540501.3181818182)
[1, 4, 10, 23, 57, 132, 301, 701, 1654, 3908, 9291, 21557]...: 4854797: ACCEPTED IN 9 TRIES, (AVG 539421.8888888889)
[1, 4, 10, 23, 57, 132, 301, 701, 1654, 3908, 9291, 21582]...: 8102414: ACCEPTED IN 15 TRIES, (AVG 540160.9333333333)
[1, 4, 10, 23, 57, 132, 301, 701, 1654, 3908, 9291, 21652]...: 8643858: ACCEPTED IN 16 TRIES, (AVG 540241.125)
[1, 4, 10, 23, 57, 132, 301, 701, 1654, 3908, 9291, 21685]...: 7019759: ACCEPTED IN 13 TRIES, (AVG 539981.4615384615)
[1, 4, 10, 23, 57, 132, 301, 701, 1654, 3908, 9291, 21689]...: 7561829: ACCEPTED IN 14 TRIES, (AVG 540130.6428571428)
[1, 4, 10, 23, 57, 132, 301, 701, 1654, 3908, 9291, 21714]...: 8642563: ACCEPTED IN 16 TRIES, (AVG 540160.1875)
[1, 4, 10, 23, 57, 132, 301, 701, 1654, 3908, 9291, 21817]...: 8641902: ACCEPTED IN 16 TRIES, (AVG 540118.875)
[1, 4, 10, 23, 57, 132, 301, 701, 1654, 3908, 9291, 21821]...: 10804905: ACCEPTED IN 20 TRIES, (AVG 540245.25)
[1, 4, 10, 23, 57, 132, 301, 701, 1654, 3908, 9291, 21858]...: 8643311: ACCEPTED IN 16 TRIES, (AVG 540206.9375)
[1, 4, 10, 23, 57, 132, 301, 701, 1654, 3908, 9291, 21953]...: 8642162: ACCEPTED IN 16 TRIES, (AVG 540135.125)
[1, 4, 10, 23, 57, 132, 301, 701, 1654, 3908, 9291, 21990]...: 8640550: ACCEPTED IN 16 TRIES, (AVG 540034.375)
[1, 4, 10, 23, 57, 132, 301, 701, 1654, 3908, 9291, 22122]...: 8642771: ACCEPTED IN 16 TRIES, (AVG 540173.1875)
[1, 4, 10, 23, 57, 132, 301, 701, 1654, 3908, 9291, 22254]...: 9182239: ACCEPTED IN 17 TRIES, (AVG 540131.7058823529)
[1, 4, 10, 23, 57, 132, 301, 701, 1654, 3908, 9291, 22283]...: 10807885: ACCEPTED IN 20 TRIES, (AVG 540394.25)
