[1, 4, 10, 23, 57, 132, 301, 701, 1654, 3723, 8853, 19478]...: 57345581: ACCEPTED IN 106 TRIES, (AVG 540996.0471698113)
[1, 4, 10, 23, 57, 132, 301, 701, 1654, 3723, 8853, 19515]...: 5937276: ACCEPTED IN 11 TRIES, (AVG 539752.3636363636)
[1, 4, 10, 23, 57, 132, 301, 701, 1654, 3723, 8853, 19524]...: 37864939: ACCEPTED IN 70 TRIES, (AVG 540927.7)
[1, 4, 10, 23, 57, 132, 301, 701, 1654, 3723, 8853, 19561]...: 8100824: ACCEPTED IN 15 TRIES, (AVG 540054.9333333333)
[1, 4, 10, 23, 57, 132, 301, 701, 1654, 3723, 8853, 19565]...: 18384022: ACCEPTED IN 34 TRIES, (AVG 540706.5294117647)
[1, 4, 10, 23, 57, 132, 301, 701, 1654, 3723, 8853, 19569]...: 18925619: ACCEPTED IN 35 TRIES, (AVG 540731.9714285714)
[1, 4, 10, 23, 57, 132, 301, 701, 1654, 3723, 8853, 19573]...: 9184747: ACCEPTED IN 17 TRIES, (AVG 540279.2352941176)
[1, 4, 10, 23, 57, 132, 301, 701, 1654, 3723, 8853, 19598]...: 34618892: ACCEPTED IN 64 TRIES, (AVG 540920.1875)
[1, 4, 10, 23, 57, 132, 301, 701, 1654, 3723, 8853, 19606]...: 48687759: ACCEPTED IN 90 TRIES, (AVG 540975.1)
[1, 4, 10, 23, 57, 132, 301, 701, 1654, 3723, 8853, 19610]...: 10808662: ACCEPTED IN 20 TRIES, (AVG 540433.1)
[1, 4, 10, 23, 57, 132, 301, 701, 1654, 3723, 8853, 19647]...: 66003038: ACCEPTED IN 122 TRIES, (AVG 541008.5081967213)
[1, 4, 10, 23, 57, 132, 301, 701, 1654, 3723, 8853, 19656]...: 33536511: ACCEPTED IN 62 TRIES, (AVG 540911.4677419355)
[1, 4, 10, 23, 57, 132, 301, 701, 1654, 3723, 8853, 19693]...: 8102763: ACCEPTED IN 15 TRIES, (AVG 540184.2)
[1, 4, 10, 23, 57, 132, 301, 701, 1654, 3723, 8853, 19697]...: 56803943: ACCEPTED IN 105 TRIES, (AVG 540989.9333333333)
[1, 4, 10, 23, 57, 132, 301, 701, 1654, 3723, 8853, 19730]...: 34077092: ACCEPTED IN 63 TRIES, (AVG 540906.2222222222)
[1, 4, 10, 23, 57, 132, 301, 701, 1654, 3723, 8853, 19734]...: 14595849: ACCEPTED IN 27 TRIES, (AVG 540587.0)
[1, 4, 10, 23, 57, 132, 301, 701, 1654, 3723, 8853, 19738]...: 8101019: ACCEPTED IN 15 TRIES, (AVG 540067.9333333333)
[1, 4, 10, 23, 57, 132, 301, 701, 1654, 3723, 8853, 19742]...: 22172765: ACCEPTED IN 41 TRIES, (AVG 540799.1463414634)
[1, 4, 10, 23, 57, 132, 301, 701, 1654, 3723, 8853, 19779]...: 10808019: ACCEPTED IN 20 TRIES, (AVG 540400.95)
[1, 4, 10, 23, 57, 132, 301, 701, 1654, 3723, 8853, 19788]...: 52475238: ACCEPTED IN 97 TRIES, (AVG 540981.8350515463)
[1, 4, 10, 23, 57, 132, 301, 701, 1654, 3723, 8853, 19825]...: 14054963: ACCEPTED IN 26 TRIES, (AVG 540575.5)
[1, 4, 10, 23, 57, 132, 301, 701, 1654, 3723, 8853, 19829]...: 30288211: ACCEPTED IN 56 TRIES, (AVG 540860.9107142857)
[1, 4, 10, 23, 57, 132, 301, 701, 1654, 3723, 8853, 19862]...: 14596334: ACCEPTED IN 27 TRIES, (AVG 540604.9629629629)
[1, 4, 10, 23, 57, 132, 301, 701, 1654, 3723, 8853, 19866]...: 5937718: ACCEPTED IN 11 TRIES, (AVG 539792.5454545454)
[1, 4, 10, 23, 57, 132, 301, 701, 1654, 3723, 8853, 19870]...: 14055679: ACCEPTED IN 26 TRIES, (AVG 540603.0384615385)
[1, 4, 10, 23, 57, 132, 301, 701, 1654, 3723, 8853, 19874]...: 4315212: ACCEPTED IN 8 TRIES, (AVG 539401.5)
[1, 4, 10, 23, 57, 132, 301, 701, 1654, 3723, 8853, 19899]...: 23254297: ACCEPTED IN 43 TRIES, (AVG 540797.6046511628)
[1, 4, 10, 23, 57, 132, 301, 701, 1654, 3723, 8853, 19911]...: 17843358: ACCEPTED IN 33 TRIES, (AVG 540707.8181818182)
[1, 4, 10, 23, 57, 132, 301, 701, 1654, 3723, 8853, 19920]...: 8102847: ACCEPTED IN 15 TRIES, (AVG 540189.8)
[1, 4, 10, 23, 57, 132, 301, 701, 1654, 3723, 8853, 19957]...: 10808372: ACCEPTED IN 20 TRIES, (AVG 540418.6)
[1, 4, 10, 23, 57, 132, 301, 701, 1654, 3723, 8853, 19961]...: 8102066: ACCEPTED IN 15 TRIES, (AVG 540137.7333333333)
[1, 4, 10, 23, 57, 132, 301, 701, 1654, 3723, 8853, 19994]...: 8643606: ACCEPTED IN 16 TRIES, (AVG 540225.375)
[1, 4, 10, 23, 57, 132, 301, 701, 1654, 3723, 8853, 19998]...: 12431977: ACCEPTED IN 23 TRIES, (AVG 540520.7391304348)
[1, 4, 10, 23, 57, 132, 301, 701, 1654, 3723, 8853, 20002]...: 10267395: ACCEPTED IN 19 TRIES, (AVG 540389.2105263158)
[1, 4, 10, 23, 57, 132, 301, 701, 1654, 3723, 8853, 20006]...: 34616806: ACCEPTED IN 64 TRIES, (AVG 540887.59375)
[1, 4, 10, 23, 57, 132, 301, 701, 1654, 3723, 8853, 20031]...: 27583921: ACCEPTED IN 51 TRIES, (AVG 540861.1960784313)
[1, 4, 10, 23, 57, 132, 301, 701, 1654, 3723, 8853, 20035]...: 14596460: ACCEPTED IN 27 TRIES, (AVG 540609.6296296297)
[1, 4, 10, 23, 57, 132, 301, 701, 1654, 3723, 8853, 20043]...: 5397425: ACCEPTED IN 10 TRIES, (AVG 539742.5)
[1, 4, 10, 23, 57, 132, 301, 701, 1654, 3723, 8853, 20089]...: 7020484: ACCEPTED IN 13 TRIES, (AVG 540037.2307692308)
[1, 4, 10, 23, 57, 132, 301, 701, 1654, 3723, 8853, 20093]...: 4855324: ACCEPTED IN 9 TRIES, (AVG 539480.4444444445)
[1, 4, 10, 23, 57, 132, 301, 701, 1654, 3723, 8853, 20126]...: 58968331: ACCEPTED IN 109 TRIES, (AVG 540993.8623853211)
[1, 4, 10, 23, 57, 132, 301, 701, 1654, 3723, 8853, 20130]...: 23796071: ACCEPTED IN 44 TRIES, (AVG 540819.7954545454)
[1, 4, 10, 23, 57, 132, 301, 701, 1654, 3723, 8853, 20134]...: 5938541: ACCEPTED IN 11 TRIES, (AVG 539867.3636363636)
[1, 4, 10, 23, 57, 132, 301, 701, 1654, 3723, 8853, 20163]...: 36240556: ACCEPTED IN 67 TRIES, (AVG 540903.8208955224)
[1, 4, 10, 23, 57, 132, 301, 701, 1654, 3723, 8853, 20167]...: 23795934: ACCEPTED IN 44 TRIES, (AVG 540816.6818181818)
[1, 4, 10, 23, 57, 132, 301, 701, 1654, 3723, 8853, 20175]...: 8102779: ACCEPTED IN 15 TRIES, (AVG 540185.2666666667)
[1, 4, 10, 23, 57, 132, 301, 701, 1654, 3723, 8853, 20221]...: 29206106: ACCEPTED IN 54 TRIES, (AVG 540853.8148148148)
[1, 4, 10, 23, 57, 132, 301, 701, 1654, 3723, 8853, 20225]...: 12972045: ACCEPTED IN 24 TRIES, (AVG 540501.875)
[1, 4, 10, 23, 57, 132, 301, 701, 1654, 3723, 8853, 20258]...: 7020942: ACCEPTED IN 13 TRIES, (AVG 540072.4615384615)
[1, 4, 10, 23, 57, 132, 301, 701, 1654, 3723, 8853, 20262]...: 12430711: ACCEPTED IN 23 TRIES, (AVG 540465.695652174)
[1, 4, 10, 23, 57, 132, 301, 701, 1654, 3723, 8853, 20266]...: 4855399: ACCEPTED IN 9 TRIES, (AVG 539488.7777777778)
[1, 4, 10, 23, 57, 132, 301, 701, 1654, 3723, 8853, 20295]...: 7017992: ACCEPTED IN 13 TRIES, (AVG 539845.5384615385)
[1, 4, 10, 23, 57, 132, 301, 701, 1654, 3723, 8853, 20299]...: 8644239: ACCEPTED IN 16 TRIES, (AVG 540264.9375)
[1, 4, 10, 23, 57, 132, 301, 701, 1654, 3723, 8853, 20307]...: 4855973: ACCEPTED IN 9 TRIES, (AVG 539552.5555555555)
[1, 4, 10, 23, 57, 132, 301, 701, 1654, 3723, 8853, 20336]...: 12431636: ACCEPTED IN 23 TRIES, (AVG 540505.9130434783)
[1, 4, 10, 23, 57, 132, 301, 701, 1654, 3723, 8853, 20357]...: 14593297: ACCEPTED IN 27 TRIES, (AVG 540492.4814814815)
[1, 4, 10, 23, 57, 132, 301, 701, 1654, 3723, 8853, 20390]...: 12432285: ACCEPTED IN 23 TRIES, (AVG 540534.1304347826)
[1, 4, 10, 23, 57, 132, 301, 701, 1654, 3723, 8853, 20394]...: 8102212: ACCEPTED IN 15 TRIES, (AVG 540147.4666666667)
[1, 4, 10, 23, 57, 132, 301, 701, 1654, 3723, 8853, 20398]...: 4854983: ACCEPTED IN 9 TRIES, (AVG 539442.5555555555)
[1, 4, 10, 23, 57, 132, 301, 701, 1654, 3723, 8853, 20427]...: 31912779: ACCEPTED IN 59 TRIES, (AVG 540894.5593220339)
[1, 4, 10, 23, 57, 132, 301, 701, 1654, 3723, 8853, 20431]...: 11889960: ACCEPTED IN 22 TRIES, (AVG 540452.7272727273)
[1, 4, 10, 23, 57, 132, 301, 701, 1654, 3723, 8853, 20435]...: 11890544: ACCEPTED IN 22 TRIES, (AVG 540479.2727272727)
[1, 4, 10, 23, 57, 132, 301, 701, 1654, 3723, 8853, 20468]...: 12431081: ACCEPTED IN 23 TRIES, (AVG 540481.7826086957)
[1, 4, 10, 23, 57, 132, 301, 701, 1654, 3723, 8853, 20489]...: 18383755: ACCEPTED IN 34 TRIES, (AVG 540698.6764705882)
[1, 4, 10, 23, 57, 132, 301, 701, 1654, 3723, 8853, 20522]...: 14055061: ACCEPTED IN 26 TRIES, (AVG 540579.2692307692)
[1, 4, 10, 23, 57, 132, 301, 701, 1654, 3723, 8853, 20526]...: 14595909: ACCEPTED IN 27 TRIES, (AVG 540589.2222222222)
[1, 4, 10, 23, 57, 132, 301, 701, 1654, 3723, 8853, 20530]...: 10808440: ACCEPTED IN 20 TRIES, (AVG 540422.0)
[1, 4, 10, 23, 57, 132, 301, 701, 1654, 3723, 8853, 20559]...: 23253774: ACCEPTED IN 43 TRIES, (AVG 540785.4418604651)
[1, 4, 10, 23, 57, 132, 301, 701, 1654, 3723, 8853, 20563]...: 8643644: ACCEPTED IN 16 TRIES, (AVG 540227.75)
[1, 4, 10, 23, 57, 132, 301, 701, 1654, 3723, 8853, 20567]...: 4855840: ACCEPTED IN 9 TRIES, (AVG 539537.7777777778)
[1, 4, 10, 23, 57, 132, 301, 701, 1654, 3723, 8853, 20600]...: 8643664: ACCEPTED IN 16 TRIES, (AVG 540229.0)
[1, 4, 10, 23, 57, 132, 301, 701, 1654, 3723, 8853, 20621]...: 4855484: ACCEPTED IN 9 TRIES, (AVG 539498.2222222222)
[1, 4, 10, 23, 57, 132, 301, 701, 1654, 3723, 8853, 20650]...: 12431564: ACCEPTED IN 23 TRIES, (AVG 540502.7826086957)
[1, 4, 10, 23, 57, 132, 301, 701, 1654, 3723, 8853, 20658]...: 8643610: ACCEPTED IN 16 TRIES, (AVG 540225.625)
[1, 4, 10, 23, 57, 132, 301, 701, 1654, 3723, 8853, 20662]...: 12431584: ACCEPTED IN 23 TRIES, (AVG 540503.6521739131)
[1, 4, 10, 23, 57, 132, 301, 701, 1654, 3723, 8853, 20691]...: 10807128: ACCEPTED IN 20 TRIES, (AVG 540356.4)
[1, 4, 10, 23, 57, 132, 301, 701, 1654, 3723, 8853, 20695]...: 4314839: ACCEPTED IN 8 TRIES, (AVG 539354.875)
[1, 4, 10, 23, 57, 132, 301, 701, 1654, 3723, 8853, 20699]...: 20008010: ACCEPTED IN 37 TRIES, (AVG 540757.027027027)
[1, 4, 10, 23, 57, 132, 301, 701, 1654, 3723, 8853, 20732]...: 10267382: ACCEPTED IN 19 TRIES, (AVG 540388.5263157894)
[1, 4, 10, 23, 57, 132, 301, 701, 1654, 3723, 8853, 20736]...: 9726620: ACCEPTED IN 18 TRIES, (AVG 540367.7777777778)
[1, 4, 10, 23, 57, 132, 301, 701, 1654, 3723, 8853, 20782]...: 14596003: ACCEPTED IN 27 TRIES, (AVG 540592.7037037037)
[1, 4, 10, 23, 57, 132, 301, 701, 1654, 3723, 8853, 20790]...: 7020710: ACCEPTED IN 13 TRIES, (AVG 540054.6153846154)
[1, 4, 10, 23, 57, 132, 301, 701, 1654, 3723, 8853, 20794]...: 10267578: ACCEPTED IN 19 TRIES, (AVG 540398.8421052631)
[1, 4, 10, 23, 57, 132, 301, 701, 1654, 3723, 8853, 20823]...: 7019365: ACCEPTED IN 13 TRIES, (AVG 539951.1538461539)
[1, 4, 10, 23, 57, 132, 301, 701, 1654, 3723, 8853, 20827]...: 14596335: ACCEPTED IN 27 TRIES, (AVG 540605.0)
[1, 4, 10, 23, 57, 132, 301, 701, 1654, 3723, 8853, 20831]...: 11348255: ACCEPTED IN 21 TRIES, (AVG 540393.0952380953)
[1, 4, 10, 23, 57, 132, 301, 701, 1654, 3723, 8853, 20864]...: 9726210: ACCEPTED IN 18 TRIES, (AVG 540345.0)
[1, 4, 10, 23, 57, 132, 301, 701, 1654, 3723, 8853, 20868]...: 12431257: ACCEPTED IN 23 TRIES, (AVG 540489.4347826086)
[1, 4, 10, 23, 57, 132, 301, 701, 1654, 3723, 8853, 20914]...: 21630417: ACCEPTED IN 40 TRIES, (AVG 540760.425)
[1, 4, 10, 23, 57, 132, 301, 701, 1654, 3723, 8853, 20922]...: 5937589: ACCEPTED IN 11 TRIES, (AVG 539780.8181818182)
[1, 4, 10, 23, 57, 132, 301, 701, 1654, 3723, 8853, 20926]...: 15137732: ACCEPTED IN 28 TRIES, (AVG 540633.2857142857)
[1, 4, 10, 23, 57, 132, 301, 701, 1654, 3723, 8853, 20951]...: 22171035: ACCEPTED IN 41 TRIES, (AVG 540756.9512195121)
[1, 4, 10, 23, 57, 132, 301, 701, 1654, 3723, 8853, 20955]...: 12431503: ACCEPTED IN 23 TRIES, (AVG 540500.1304347826)
[1, 4, 10, 23, 57, 132, 301, 701, 1654, 3723, 8853, 20959]...: 8100434: ACCEPTED IN 15 TRIES, (AVG 540028.9333333333)
[1, 4, 10, 23, 57, 132, 301, 701, 1654, 3723, 8853, 20963]...: 8102867: ACCEPTED IN 15 TRIES, (AVG 540191.1333333333)
[1, 4, 10, 23, 57, 132, 301, 701, 1654, 3723, 8853, 20996]...: 8644087: ACCEPTED IN 16 TRIES, (AVG 540255.4375)
[1, 4, 10, 23, 57, 132, 301, 701, 1654, 3723, 8853, 21000]...: 10807957: ACCEPTED IN 20 TRIES, (AVG 540397.85)
[1, 4, 10, 23, 57, 132, 301, 701, 1654, 3723, 8853, 21037]...: 13513483: ACCEPTED IN 25 TRIES, (AVG 540539.32)
[1, 4, 10, 23, 57, 132, 301, 701, 1654, 3723, 8853, 21046]...: 8103021: ACCEPTED IN 15 TRIES, (AVG 540201.4)
[1, 4, 10, 23, 57, 132, 301, 701, 1654, 3723, 8853, 21058]...: 12432023: ACCEPTED IN 23 TRIES, (AVG 540522.7391304348)
[1, 4, 10, 23, 57, 132, 301, 701, 1654, 3723, 8853, 21083]...: 4855500: ACCEPTED IN 9 TRIES, (AVG 539500.0)
[1, 4, 10, 23, 57, 132, 301, 701, 1654, 3723, 8853, 21087]...: 7018001: ACCEPTED IN 13 TRIES, (AVG 539846.2307692308)
[1, 4, 10, 23, 57, 132, 301, 701, 1654, 3723, 8853, 21091]...: 8101632: ACCEPTED IN 15 TRIES, (AVG 540108.8)
[1, 4, 10, 23, 57, 132, 301, 701, 1654, 3723, 8853, 21095]...: 8102869: ACCEPTED IN 15 TRIES, (AVG 540191.2666666667)
[1, 4, 10, 23, 57, 132, 301, 701, 1654, 3723, 8853, 21128]...: 12430253: ACCEPTED IN 23 TRIES, (AVG 540445.7826086957)
[1, 4, 10, 23, 57, 132, 301, 701, 1654, 3723, 8853, 21132]...: 12431538: ACCEPTED IN 23 TRIES, (AVG 540501.6521739131)
[1, 4, 10, 23, 57, 132, 301, 701, 1654, 3723, 8853, 21169]...: 4854460: ACCEPTED IN 9 TRIES, (AVG 539384.4444444445)
[1, 4, 10, 23, 57, 132, 301, 701, 1654, 3723, 8853, 21178]...: 4854663: ACCEPTED IN 9 TRIES, (AVG 539407.0)
[1, 4, 10, 23, 57, 132, 301, 701, 1654, 3723, 8853, 21215]...: 14596489: ACCEPTED IN 27 TRIES, (AVG 540610.7037037037)
[1, 4, 10, 23, 57, 132, 301, 701, 1654, 3723, 8853, 21219]...: 25419572: ACCEPTED IN 47 TRIES, (AVG 540841.9574468085)
[1, 4, 10, 23, 57, 132, 301, 701, 1654, 3723, 8853, 21223]...: 9726098: ACCEPTED IN 18 TRIES, (AVG 540338.7777777778)
[1, 4, 10, 23, 57, 132, 301, 701, 1654, 3723, 8853, 21227]...: 9725390: ACCEPTED IN 18 TRIES, (AVG 540299.4444444445)
