[1, 4, 10, 23, 57, 132, 301, 701, 1654, 3723, 8725, 19214]...: 33536294: ACCEPTED IN 62 TRIES, (AVG 540907.9677419355)
[1, 4, 10, 23, 57, 132, 301, 701, 1654, 3723, 8725, 19222]...: 62755977: ACCEPTED IN 116 TRIES, (AVG 540999.801724138)
[1, 4, 10, 23, 57, 132, 301, 701, 1654, 3723, 8725, 19268]...: 12971345: ACCEPTED IN 24 TRIES, (AVG 540472.7083333334)
[1, 4, 10, 23, 57, 132, 301, 701, 1654, 3723, 8725, 19280]...: 22712522: ACCEPTED IN 42 TRIES, (AVG 540774.3333333334)
[1, 4, 10, 23, 57, 132, 301, 701, 1654, 3723, 8725, 19305]...: 86567411: ACCEPTED IN 160 TRIES, (AVG 541046.31875)
[1, 4, 10, 23, 57, 132, 301, 701, 1654, 3723, 8725, 19309]...: 25417011: ACCEPTED IN 47 TRIES, (AVG 540787.4680851063)
[1, 4, 10, 23, 57, 132, 301, 701, 1654, 3723, 8725, 19313]...: 14055245: ACCEPTED IN 26 TRIES, (AVG 540586.3461538461)
[1, 4, 10, 23, 57, 132, 301, 701, 1654, 3723, 8725, 19317]...: 23795638: ACCEPTED IN 44 TRIES, (AVG 540809.9545454546)
[1, 4, 10, 23, 57, 132, 301, 701, 1654, 3723, 8725, 19321]...: 12432003: ACCEPTED IN 23 TRIES, (AVG 540521.8695652174)
[1, 4, 10, 23, 57, 132, 301, 701, 1654, 3723, 8725, 19342]...: 46523811: ACCEPTED IN 86 TRIES, (AVG 540974.5465116279)
[1, 4, 10, 23, 57, 132, 301, 701, 1654, 3723, 8725, 19346]...: 25418319: ACCEPTED IN 47 TRIES, (AVG 540815.2978723404)
[1, 4, 10, 23, 57, 132, 301, 701, 1654, 3723, 8725, 19350]...: 34076754: ACCEPTED IN 63 TRIES, (AVG 540900.8571428572)
[1, 4, 10, 23, 57, 132, 301, 701, 1654, 3723, 8725, 19354]...: 30829506: ACCEPTED IN 57 TRIES, (AVG 540868.5263157894)
[1, 4, 10, 23, 57, 132, 301, 701, 1654, 3723, 8725, 19383]...: 22713045: ACCEPTED IN 42 TRIES, (AVG 540786.7857142857)
[1, 4, 10, 23, 57, 132, 301, 701, 1654, 3723, 8725, 19400]...: 11891183: ACCEPTED IN 22 TRIES, (AVG 540508.3181818182)
[1, 4, 10, 23, 57, 132, 301, 701, 1654, 3723, 8725, 19412]...: 38947249: ACCEPTED IN 72 TRIES, (AVG 540934.0138888889)
[1, 4, 10, 23, 57, 132, 301, 701, 1654, 3723, 8725, 19437]...: 9184582: ACCEPTED IN 17 TRIES, (AVG 540269.5294117647)
[1, 4, 10, 23, 57, 132, 301, 701, 1654, 3723, 8725, 19441]...: 9726563: ACCEPTED IN 18 TRIES, (AVG 540364.6111111111)
[1, 4, 10, 23, 57, 132, 301, 701, 1654, 3723, 8725, 19449]...: 55180676: ACCEPTED IN 102 TRIES, (AVG 540987.0196078431)
[1, 4, 10, 23, 57, 132, 301, 701, 1654, 3723, 8725, 19474]...: 68169336: ACCEPTED IN 126 TRIES, (AVG 541026.4761904762)
[1, 4, 10, 23, 57, 132, 301, 701, 1654, 3723, 8725, 19478]...: 44357413: ACCEPTED IN 82 TRIES, (AVG 540944.0609756098)
[1, 4, 10, 23, 57, 132, 301, 701, 1654, 3723, 8725, 19482]...: 20005905: ACCEPTED IN 37 TRIES, (AVG 540700.1351351351)
[1, 4, 10, 23, 57, 132, 301, 701, 1654, 3723, 8725, 19486]...: 16759250: ACCEPTED IN 31 TRIES, (AVG 540620.9677419355)
[1, 4, 10, 23, 57, 132, 301, 701, 1654, 3723, 8725, 19490]...: 19465523: ACCEPTED IN 36 TRIES, (AVG 540708.9722222222)
[1, 4, 10, 23, 57, 132, 301, 701, 1654, 3723, 8725, 19515]...: 29746518: ACCEPTED IN 55 TRIES, (AVG 540845.7818181819)
[1, 4, 10, 23, 57, 132, 301, 701, 1654, 3723, 8725, 19532]...: 28123916: ACCEPTED IN 52 TRIES, (AVG 540844.5384615385)
[1, 4, 10, 23, 57, 132, 301, 701, 1654, 3723, 8725, 19569]...: 89813678: ACCEPTED IN 166 TRIES, (AVG 541046.2530120482)
[1, 4, 10, 23, 57, 132, 301, 701, 1654, 3723, 8725, 19573]...: 38406694: ACCEPTED IN 71 TRIES, (AVG 540939.352112676)
[1, 4, 10, 23, 57, 132, 301, 701, 1654, 3723, 8725, 19581]...: 27582372: ACCEPTED IN 51 TRIES, (AVG 540830.8235294118)
[1, 4, 10, 23, 57, 132, 301, 701, 1654, 3723, 8725, 19606]...: 35700133: ACCEPTED IN 66 TRIES, (AVG 540911.1060606061)
[1, 4, 10, 23, 57, 132, 301, 701, 1654, 3723, 8725, 19610]...: 9725969: ACCEPTED IN 18 TRIES, (AVG 540331.6111111111)
[1, 4, 10, 23, 57, 132, 301, 701, 1654, 3723, 8725, 19614]...: 13514395: ACCEPTED IN 25 TRIES, (AVG 540575.8)
[1, 4, 10, 23, 57, 132, 301, 701, 1654, 3723, 8725, 19618]...: 8644309: ACCEPTED IN 16 TRIES, (AVG 540269.3125)
[1, 4, 10, 23, 57, 132, 301, 701, 1654, 3723, 8725, 19622]...: 45982051: ACCEPTED IN 85 TRIES, (AVG 540965.305882353)
[1, 4, 10, 23, 57, 132, 301, 701, 1654, 3723, 8725, 19647]...: 12973405: ACCEPTED IN 24 TRIES, (AVG 540558.5416666666)
[1, 4, 10, 23, 57, 132, 301, 701, 1654, 3723, 8725, 19651]...: 19466209: ACCEPTED IN 36 TRIES, (AVG 540728.0277777778)
[1, 4, 10, 23, 57, 132, 301, 701, 1654, 3723, 8725, 19664]...: 28122549: ACCEPTED IN 52 TRIES, (AVG 540818.25)
[1, 4, 10, 23, 57, 132, 301, 701, 1654, 3723, 8725, 19701]...: 62216376: ACCEPTED IN 115 TRIES, (AVG 541011.9652173913)
[1, 4, 10, 23, 57, 132, 301, 701, 1654, 3723, 8725, 19705]...: 24876511: ACCEPTED IN 46 TRIES, (AVG 540793.7173913043)
[1, 4, 10, 23, 57, 132, 301, 701, 1654, 3723, 8725, 19713]...: 20007701: ACCEPTED IN 37 TRIES, (AVG 540748.6756756756)
[1, 4, 10, 23, 57, 132, 301, 701, 1654, 3723, 8725, 19738]...: 16761124: ACCEPTED IN 31 TRIES, (AVG 540681.4193548387)
[1, 4, 10, 23, 57, 132, 301, 701, 1654, 3723, 8725, 19742]...: 12431615: ACCEPTED IN 23 TRIES, (AVG 540505.0)
[1, 4, 10, 23, 57, 132, 301, 701, 1654, 3723, 8725, 19746]...: 11889020: ACCEPTED IN 22 TRIES, (AVG 540410.0)
[1, 4, 10, 23, 57, 132, 301, 701, 1654, 3723, 8725, 19750]...: 25960076: ACCEPTED IN 48 TRIES, (AVG 540834.9166666666)
[1, 4, 10, 23, 57, 132, 301, 701, 1654, 3723, 8725, 19779]...: 17302523: ACCEPTED IN 32 TRIES, (AVG 540703.84375)
[1, 4, 10, 23, 57, 132, 301, 701, 1654, 3723, 8725, 19783]...: 35700874: ACCEPTED IN 66 TRIES, (AVG 540922.3333333334)
[1, 4, 10, 23, 57, 132, 301, 701, 1654, 3723, 8725, 19791]...: 44900068: ACCEPTED IN 83 TRIES, (AVG 540964.6746987952)
[1, 4, 10, 23, 57, 132, 301, 701, 1654, 3723, 8725, 19833]...: 31912735: ACCEPTED IN 59 TRIES, (AVG 540893.813559322)
[1, 4, 10, 23, 57, 132, 301, 701, 1654, 3723, 8725, 19837]...: 24337324: ACCEPTED IN 45 TRIES, (AVG 540829.4222222222)
[1, 4, 10, 23, 57, 132, 301, 701, 1654, 3723, 8725, 19870]...: 14055229: ACCEPTED IN 26 TRIES, (AVG 540585.7307692308)
[1, 4, 10, 23, 57, 132, 301, 701, 1654, 3723, 8725, 19874]...: 30830195: ACCEPTED IN 57 TRIES, (AVG 540880.6140350878)
[1, 4, 10, 23, 57, 132, 301, 701, 1654, 3723, 8725, 19878]...: 94141676: ACCEPTED IN 174 TRIES, (AVG 541044.1149425288)
[1, 4, 10, 23, 57, 132, 301, 701, 1654, 3723, 8725, 19882]...: 35701092: ACCEPTED IN 66 TRIES, (AVG 540925.6363636364)
[1, 4, 10, 23, 57, 132, 301, 701, 1654, 3723, 8725, 19911]...: 11889237: ACCEPTED IN 22 TRIES, (AVG 540419.8636363636)
[1, 4, 10, 23, 57, 132, 301, 701, 1654, 3723, 8725, 19915]...: 22172199: ACCEPTED IN 41 TRIES, (AVG 540785.3414634146)
[1, 4, 10, 23, 57, 132, 301, 701, 1654, 3723, 8725, 19923]...: 11890036: ACCEPTED IN 22 TRIES, (AVG 540456.1818181818)
[1, 4, 10, 23, 57, 132, 301, 701, 1654, 3723, 8725, 19952]...: 13513625: ACCEPTED IN 25 TRIES, (AVG 540545.0)
[1, 4, 10, 23, 57, 132, 301, 701, 1654, 3723, 8725, 19965]...: 20549356: ACCEPTED IN 38 TRIES, (AVG 540772.5263157894)
[1, 4, 10, 23, 57, 132, 301, 701, 1654, 3723, 8725, 19969]...: 19464428: ACCEPTED IN 36 TRIES, (AVG 540678.5555555555)
[1, 4, 10, 23, 57, 132, 301, 701, 1654, 3723, 8725, 20002]...: 32995158: ACCEPTED IN 61 TRIES, (AVG 540904.2295081967)
[1, 4, 10, 23, 57, 132, 301, 701, 1654, 3723, 8725, 20006]...: 14055345: ACCEPTED IN 26 TRIES, (AVG 540590.1923076923)
[1, 4, 10, 23, 57, 132, 301, 701, 1654, 3723, 8725, 20010]...: 13514312: ACCEPTED IN 25 TRIES, (AVG 540572.48)
[1, 4, 10, 23, 57, 132, 301, 701, 1654, 3723, 8725, 20014]...: 30829496: ACCEPTED IN 57 TRIES, (AVG 540868.350877193)
[1, 4, 10, 23, 57, 132, 301, 701, 1654, 3723, 8725, 20043]...: 15134126: ACCEPTED IN 28 TRIES, (AVG 540504.5)
[1, 4, 10, 23, 57, 132, 301, 701, 1654, 3723, 8725, 20047]...: 36241875: ACCEPTED IN 67 TRIES, (AVG 540923.5074626865)
[1, 4, 10, 23, 57, 132, 301, 701, 1654, 3723, 8725, 20051]...: 16760580: ACCEPTED IN 31 TRIES, (AVG 540663.8709677419)
[1, 4, 10, 23, 57, 132, 301, 701, 1654, 3723, 8725, 20084]...: 10807574: ACCEPTED IN 20 TRIES, (AVG 540378.7)
[1, 4, 10, 23, 57, 132, 301, 701, 1654, 3723, 8725, 20101]...: 24876942: ACCEPTED IN 46 TRIES, (AVG 540803.0869565217)
[1, 4, 10, 23, 57, 132, 301, 701, 1654, 3723, 8725, 20134]...: 24877077: ACCEPTED IN 46 TRIES, (AVG 540806.0217391305)
[1, 4, 10, 23, 57, 132, 301, 701, 1654, 3723, 8725, 20138]...: 5936028: ACCEPTED IN 11 TRIES, (AVG 539638.9090909091)
[1, 4, 10, 23, 57, 132, 301, 701, 1654, 3723, 8725, 20142]...: 9184633: ACCEPTED IN 17 TRIES, (AVG 540272.5294117647)
[1, 4, 10, 23, 57, 132, 301, 701, 1654, 3723, 8725, 20175]...: 17842733: ACCEPTED IN 33 TRIES, (AVG 540688.8787878788)
[1, 4, 10, 23, 57, 132, 301, 701, 1654, 3723, 8725, 20179]...: 26500161: ACCEPTED IN 49 TRIES, (AVG 540819.612244898)
[1, 4, 10, 23, 57, 132, 301, 701, 1654, 3723, 8725, 20183]...: 21089914: ACCEPTED IN 39 TRIES, (AVG 540767.0256410256)
[1, 4, 10, 23, 57, 132, 301, 701, 1654, 3723, 8725, 20216]...: 11890353: ACCEPTED IN 22 TRIES, (AVG 540470.5909090909)
[1, 4, 10, 23, 57, 132, 301, 701, 1654, 3723, 8725, 20233]...: 11890972: ACCEPTED IN 22 TRIES, (AVG 540498.7272727273)
[1, 4, 10, 23, 57, 132, 301, 701, 1654, 3723, 8725, 20266]...: 10808262: ACCEPTED IN 20 TRIES, (AVG 540413.1)
[1, 4, 10, 23, 57, 132, 301, 701, 1654, 3723, 8725, 20270]...: 13514493: ACCEPTED IN 25 TRIES, (AVG 540579.72)
[1, 4, 10, 23, 57, 132, 301, 701, 1654, 3723, 8725, 20274]...: 24336774: ACCEPTED IN 45 TRIES, (AVG 540817.2)
[1, 4, 10, 23, 57, 132, 301, 701, 1654, 3723, 8725, 20303]...: 7020445: ACCEPTED IN 13 TRIES, (AVG 540034.2307692308)
[1, 4, 10, 23, 57, 132, 301, 701, 1654, 3723, 8725, 20307]...: 8100864: ACCEPTED IN 15 TRIES, (AVG 540057.6)
[1, 4, 10, 23, 57, 132, 301, 701, 1654, 3723, 8725, 20311]...: 17842528: ACCEPTED IN 33 TRIES, (AVG 540682.6666666666)
[1, 4, 10, 23, 57, 132, 301, 701, 1654, 3723, 8725, 20315]...: 25419459: ACCEPTED IN 47 TRIES, (AVG 540839.5531914893)
[1, 4, 10, 23, 57, 132, 301, 701, 1654, 3723, 8725, 20348]...: 8102890: ACCEPTED IN 15 TRIES, (AVG 540192.6666666666)
[1, 4, 10, 23, 57, 132, 301, 701, 1654, 3723, 8725, 20352]...: 17842332: ACCEPTED IN 33 TRIES, (AVG 540676.7272727273)
[1, 4, 10, 23, 57, 132, 301, 701, 1654, 3723, 8725, 20365]...: 13513694: ACCEPTED IN 25 TRIES, (AVG 540547.76)
[1, 4, 10, 23, 57, 132, 301, 701, 1654, 3723, 8725, 20394]...: 23796066: ACCEPTED IN 44 TRIES, (AVG 540819.6818181818)
[1, 4, 10, 23, 57, 132, 301, 701, 1654, 3723, 8725, 20402]...: 10808124: ACCEPTED IN 20 TRIES, (AVG 540406.2)
[1, 4, 10, 23, 57, 132, 301, 701, 1654, 3723, 8725, 20406]...: 11889088: ACCEPTED IN 22 TRIES, (AVG 540413.0909090909)
[1, 4, 10, 23, 57, 132, 301, 701, 1654, 3723, 8725, 20435]...: 12972932: ACCEPTED IN 24 TRIES, (AVG 540538.8333333334)
[1, 4, 10, 23, 57, 132, 301, 701, 1654, 3723, 8725, 20439]...: 18383858: ACCEPTED IN 34 TRIES, (AVG 540701.7058823529)
[1, 4, 10, 23, 57, 132, 301, 701, 1654, 3723, 8725, 20443]...: 4855098: ACCEPTED IN 9 TRIES, (AVG 539455.3333333334)
[1, 4, 10, 23, 57, 132, 301, 701, 1654, 3723, 8725, 20447]...: 18383567: ACCEPTED IN 34 TRIES, (AVG 540693.1470588235)
[1, 4, 10, 23, 57, 132, 301, 701, 1654, 3723, 8725, 20480]...: 7019404: ACCEPTED IN 13 TRIES, (AVG 539954.1538461539)
[1, 4, 10, 23, 57, 132, 301, 701, 1654, 3723, 8725, 20484]...: 10266057: ACCEPTED IN 19 TRIES, (AVG 540318.7894736842)
[1, 4, 10, 23, 57, 132, 301, 701, 1654, 3723, 8725, 20526]...: 9726047: ACCEPTED IN 18 TRIES, (AVG 540335.9444444445)
[1, 4, 10, 23, 57, 132, 301, 701, 1654, 3723, 8725, 20534]...: 32453294: ACCEPTED IN 60 TRIES, (AVG 540888.2333333333)
[1, 4, 10, 23, 57, 132, 301, 701, 1654, 3723, 8725, 20538]...: 10266955: ACCEPTED IN 19 TRIES, (AVG 540366.052631579)
[1, 4, 10, 23, 57, 132, 301, 701, 1654, 3723, 8725, 20567]...: 21631290: ACCEPTED IN 40 TRIES, (AVG 540782.25)
[1, 4, 10, 23, 57, 132, 301, 701, 1654, 3723, 8725, 20571]...: 9184469: ACCEPTED IN 17 TRIES, (AVG 540262.8823529412)
[1, 4, 10, 23, 57, 132, 301, 701, 1654, 3723, 8725, 20575]...: 25959995: ACCEPTED IN 48 TRIES, (AVG 540833.2291666666)
[1, 4, 10, 23, 57, 132, 301, 701, 1654, 3723, 8725, 20579]...: 9725563: ACCEPTED IN 18 TRIES, (AVG 540309.0555555555)
[1, 4, 10, 23, 57, 132, 301, 701, 1654, 3723, 8725, 20604]...: 24876706: ACCEPTED IN 46 TRIES, (AVG 540797.9565217391)
[1, 4, 10, 23, 57, 132, 301, 701, 1654, 3723, 8725, 20612]...: 13512841: ACCEPTED IN 25 TRIES, (AVG 540513.64)
[1, 4, 10, 23, 57, 132, 301, 701, 1654, 3723, 8725, 20616]...: 15137608: ACCEPTED IN 28 TRIES, (AVG 540628.8571428572)
[1, 4, 10, 23, 57, 132, 301, 701, 1654, 3723, 8725, 20653]...: 28665437: ACCEPTED IN 53 TRIES, (AVG 540857.3018867924)
[1, 4, 10, 23, 57, 132, 301, 701, 1654, 3723, 8725, 20658]...: 5938216: ACCEPTED IN 11 TRIES, (AVG 539837.8181818182)
[1, 4, 10, 23, 57, 132, 301, 701, 1654, 3723, 8725, 20666]...: 11890865: ACCEPTED IN 22 TRIES, (AVG 540493.8636363636)
[1, 4, 10, 23, 57, 132, 301, 701, 1654, 3723, 8725, 20670]...: 12970906: ACCEPTED IN 24 TRIES, (AVG 540454.4166666666)
[1, 4, 10, 23, 57, 132, 301, 701, 1654, 3723, 8725, 20695]...: 8642143: ACCEPTED IN 16 TRIES, (AVG 540133.9375)
[1, 4, 10, 23, 57, 132, 301, 701, 1654, 3723, 8725, 20699]...: 11890926: ACCEPTED IN 22 TRIES, (AVG 540496.6363636364)
[1, 4, 10, 23, 57, 132, 301, 701, 1654, 3723, 8725, 20703]...: 8643703: ACCEPTED IN 16 TRIES, (AVG 540231.4375)
[1, 4, 10, 23, 57, 132, 301, 701, 1654, 3723, 8725, 20707]...: 10267508: ACCEPTED IN 19 TRIES, (AVG 540395.1578947369)
[1, 4, 10, 23, 57, 132, 301, 701, 1654, 3723, 8725, 20711]...: 14055103: ACCEPTED IN 26 TRIES, (AVG 540580.8846153846)
[1, 4, 10, 23, 57, 132, 301, 701, 1654, 3723, 8725, 20736]...: 11349745: ACCEPTED IN 21 TRIES, (AVG 540464.0476190476)
[1, 4, 10, 23, 57, 132, 301, 701, 1654, 3723, 8725, 20744]...: 12973484: ACCEPTED IN 24 TRIES, (AVG 540561.8333333334)
[1, 4, 10, 23, 57, 132, 301, 701, 1654, 3723, 8725, 20748]...: 17301277: ACCEPTED IN 32 TRIES, (AVG 540664.90625)
[1, 4, 10, 23, 57, 132, 301, 701, 1654, 3723, 8725, 20785]...: 9185532: ACCEPTED IN 17 TRIES, (AVG 540325.4117647059)
[1, 4, 10, 23, 57, 132, 301, 701, 1654, 3723, 8725, 20790]...: 11891052: ACCEPTED IN 22 TRIES, (AVG 540502.3636363636)
[1, 4, 10, 23, 57, 132, 301, 701, 1654, 3723, 8725, 20802]...: 23796042: ACCEPTED IN 44 TRIES, (AVG 540819.1363636364)
[1, 4, 10, 23, 57, 132, 301, 701, 1654, 3723, 8725, 20827]...: 44357302: ACCEPTED IN 82 TRIES, (AVG 540942.7073170731)
[1, 4, 10, 23, 57, 132, 301, 701, 1654, 3723, 8725, 20831]...: 10265441: ACCEPTED IN 19 TRIES, (AVG 540286.3684210526)
[1, 4, 10, 23, 57, 132, 301, 701, 1654, 3723, 8725, 20835]...: 17843398: ACCEPTED IN 33 TRIES, (AVG 540709.0303030303)
[1, 4, 10, 23, 57, 132, 301, 701, 1654, 3723, 8725, 20839]...: 9726034: ACCEPTED IN 18 TRIES, (AVG 540335.2222222222)
[1, 4, 10, 23, 57, 132, 301, 701, 1654, 3723, 8725, 20843]...: 12431517: ACCEPTED IN 23 TRIES, (AVG 540500.7391304348)
[1, 4, 10, 23, 57, 132, 301, 701, 1654, 3723, 8725, 20868]...: 11890137: ACCEPTED IN 22 TRIES, (AVG 540460.7727272727)
[1, 4, 10, 23, 57, 132, 301, 701, 1654, 3723, 8725, 20876]...: 16761379: ACCEPTED IN 31 TRIES, (AVG 540689.6451612903)
[1, 4, 10, 23, 57, 132, 301, 701, 1654, 3723, 8725, 20880]...: 14054656: ACCEPTED IN 26 TRIES, (AVG 540563.6923076923)
[1, 4, 10, 23, 57, 132, 301, 701, 1654, 3723, 8725, 20905]...: 10808697: ACCEPTED IN 20 TRIES, (AVG 540434.85)
[1, 4, 10, 23, 57, 132, 301, 701, 1654, 3723, 8725, 20917]...: 12972719: ACCEPTED IN 24 TRIES, (AVG 540529.9583333334)
[1, 4, 10, 23, 57, 132, 301, 701, 1654, 3723, 8725, 20922]...: 12431691: ACCEPTED IN 23 TRIES, (AVG 540508.304347826)
[1, 4, 10, 23, 57, 132, 301, 701, 1654, 3723, 8725, 20934]...: 12973314: ACCEPTED IN 24 TRIES, (AVG 540554.75)
