[1, 4, 10, 23, 57, 132, 301, 701, 1636, 3692, 8592, 19177]...: 2695432: ACCEPTED IN 5 TRIES, (AVG 539086.4)
[1, 4, 10, 23, 57, 132, 301, 701, 1636, 3692, 8592, 19342]...: 537539: ACCEPTED IN 1 TRIES, (AVG 537539.0)
[1, 4, 10, 23, 57, 132, 301, 701, 1636, 3692, 8592, 19409]...: 1076373: ACCEPTED IN 2 TRIES, (AVG 538186.5)
[1, 4, 10, 23, 57, 132, 301, 701, 1636, 3692, 8592, 19410]...: 2694271: ACCEPTED IN 5 TRIES, (AVG 538854.2)
[1, 4, 10, 23, 57, 132, 301, 701, 1636, 3692, 8592, 19478]...: 2695780: ACCEPTED IN 5 TRIES, (AVG 539156.0)
[1, 4, 10, 23, 57, 132, 301, 701, 1636, 3692, 8592, 19775]...: 537567: ACCEPTED IN 1 TRIES, (AVG 537567.0)
[1, 4, 10, 23, 57, 132, 301, 701, 1636, 3692, 8592, 19779]...: 2155784: ACCEPTED IN 4 TRIES, (AVG 538946.0)
[1, 4, 10, 23, 57, 132, 301, 701, 1636, 3692, 8592, 19809]...: 2156291: ACCEPTED IN 4 TRIES, (AVG 539072.75)
[1, 4, 10, 23, 57, 132, 301, 701, 1636, 3692, 8592, 20112]...: 2695094: ACCEPTED IN 5 TRIES, (AVG 539018.8)
[1, 4, 10, 23, 57, 132, 301, 701, 1636, 3692, 8592, 20378]...: 1616606: ACCEPTED IN 3 TRIES, (AVG 538868.6666666666)
[1, 4, 10, 23, 57, 132, 301, 701, 1636, 3692, 8592, 20478]...: 1076921: ACCEPTED IN 2 TRIES, (AVG 538460.5)
[1, 4, 10, 23, 57, 132, 301, 701, 1636, 3692, 8592, 20579]...: 2156220: ACCEPTED IN 4 TRIES, (AVG 539055.0)
