[1, 4, 10, 23, 57, 132, 301, 701, 1636, 3692, 8227, 18248]...: 23254898: ACCEPTED IN 43 TRIES, (AVG 540811.5813953489)
[1, 4, 10, 23, 57, 132, 301, 701, 1636, 3692, 8227, 18280]...: 25960580: ACCEPTED IN 48 TRIES, (AVG 540845.4166666666)
[1, 4, 10, 23, 57, 132, 301, 701, 1636, 3692, 8227, 18347]...: 41653608: ACCEPTED IN 77 TRIES, (AVG 540955.9480519481)
[1, 4, 10, 23, 57, 132, 301, 701, 1636, 3692, 8227, 18446]...: 16759445: ACCEPTED IN 31 TRIES, (AVG 540627.2580645161)
[1, 4, 10, 23, 57, 132, 301, 701, 1636, 3692, 8227, 18480]...: 74662290: ACCEPTED IN 138 TRIES, (AVG 541031.0869565217)
[1, 4, 10, 23, 57, 132, 301, 701, 1636, 3692, 8227, 18513]...: 74121174: ACCEPTED IN 137 TRIES, (AVG 541030.4671532847)
[1, 4, 10, 23, 57, 132, 301, 701, 1636, 3692, 8227, 18549]...: 23796195: ACCEPTED IN 44 TRIES, (AVG 540822.6136363636)
[1, 4, 10, 23, 57, 132, 301, 701, 1636, 3692, 8227, 18581]...: 44358090: ACCEPTED IN 82 TRIES, (AVG 540952.3170731707)
[1, 4, 10, 23, 57, 132, 301, 701, 1636, 3692, 8227, 18612]...: 77366260: ACCEPTED IN 143 TRIES, (AVG 541022.7972027973)
[1, 4, 10, 23, 57, 132, 301, 701, 1636, 3692, 8227, 18747]...: 71414465: ACCEPTED IN 132 TRIES, (AVG 541018.6742424242)
[1, 4, 10, 23, 57, 132, 301, 701, 1636, 3692, 8227, 18781]...: 14595005: ACCEPTED IN 27 TRIES, (AVG 540555.7407407408)
[1, 4, 10, 23, 57, 132, 301, 701, 1636, 3692, 8227, 18814]...: 67086979: ACCEPTED IN 124 TRIES, (AVG 541024.0241935484)
[1, 4, 10, 23, 57, 132, 301, 701, 1636, 3692, 8227, 18846]...: 16220296: ACCEPTED IN 30 TRIES, (AVG 540676.5333333333)
[1, 4, 10, 23, 57, 132, 301, 701, 1636, 3692, 8227, 18882]...: 38947208: ACCEPTED IN 72 TRIES, (AVG 540933.4444444445)
[1, 4, 10, 23, 57, 132, 301, 701, 1636, 3692, 8227, 18913]...: 15136841: ACCEPTED IN 28 TRIES, (AVG 540601.4642857143)
[1, 4, 10, 23, 57, 132, 301, 701, 1636, 3692, 8227, 18950]...: 69790151: ACCEPTED IN 129 TRIES, (AVG 541008.9224806202)
[1, 4, 10, 23, 57, 132, 301, 701, 1636, 3692, 8227, 18981]...: 15136608: ACCEPTED IN 28 TRIES, (AVG 540593.1428571428)
[1, 4, 10, 23, 57, 132, 301, 701, 1636, 3692, 8227, 19048]...: 25419408: ACCEPTED IN 47 TRIES, (AVG 540838.4680851063)
[1, 4, 10, 23, 57, 132, 301, 701, 1636, 3692, 8227, 19049]...: 27042278: ACCEPTED IN 50 TRIES, (AVG 540845.56)
[1, 4, 10, 23, 57, 132, 301, 701, 1636, 3692, 8227, 19082]...: 14595742: ACCEPTED IN 27 TRIES, (AVG 540583.0370370371)
[1, 4, 10, 23, 57, 132, 301, 701, 1636, 3692, 8227, 19147]...: 40028371: ACCEPTED IN 74 TRIES, (AVG 540923.9324324324)
[1, 4, 10, 23, 57, 132, 301, 701, 1636, 3692, 8227, 19183]...: 41111285: ACCEPTED IN 76 TRIES, (AVG 540937.9605263158)
[1, 4, 10, 23, 57, 132, 301, 701, 1636, 3692, 8227, 19214]...: 41111820: ACCEPTED IN 76 TRIES, (AVG 540945.0)
[1, 4, 10, 23, 57, 132, 301, 701, 1636, 3692, 8227, 19251]...: 41112324: ACCEPTED IN 76 TRIES, (AVG 540951.6315789474)
[1, 4, 10, 23, 57, 132, 301, 701, 1636, 3692, 8227, 19282]...: 20008159: ACCEPTED IN 37 TRIES, (AVG 540761.0540540541)
[1, 4, 10, 23, 57, 132, 301, 701, 1636, 3692, 8227, 19350]...: 74119591: ACCEPTED IN 137 TRIES, (AVG 541018.9124087591)
[1, 4, 10, 23, 57, 132, 301, 701, 1636, 3692, 8227, 19381]...: 9726287: ACCEPTED IN 18 TRIES, (AVG 540349.2777777778)
[1, 4, 10, 23, 57, 132, 301, 701, 1636, 3692, 8227, 19383]...: 13514530: ACCEPTED IN 25 TRIES, (AVG 540581.2)
[1, 4, 10, 23, 57, 132, 301, 701, 1636, 3692, 8227, 19448]...: 36781087: ACCEPTED IN 68 TRIES, (AVG 540898.3382352941)
[1, 4, 10, 23, 57, 132, 301, 701, 1636, 3692, 8227, 19484]...: 12432168: ACCEPTED IN 23 TRIES, (AVG 540529.0434782609)
[1, 4, 10, 23, 57, 132, 301, 701, 1636, 3692, 8227, 19515]...: 10806607: ACCEPTED IN 20 TRIES, (AVG 540330.35)
[1, 4, 10, 23, 57, 132, 301, 701, 1636, 3692, 8227, 19547]...: 23795354: ACCEPTED IN 44 TRIES, (AVG 540803.5)
[1, 4, 10, 23, 57, 132, 301, 701, 1636, 3692, 8227, 19583]...: 12429654: ACCEPTED IN 23 TRIES, (AVG 540419.7391304348)
[1, 4, 10, 23, 57, 132, 301, 701, 1636, 3692, 8227, 19615]...: 21631613: ACCEPTED IN 40 TRIES, (AVG 540790.325)
[1, 4, 10, 23, 57, 132, 301, 701, 1636, 3692, 8227, 19651]...: 15135641: ACCEPTED IN 28 TRIES, (AVG 540558.6071428572)
[1, 4, 10, 23, 57, 132, 301, 701, 1636, 3692, 8227, 19682]...: 16219037: ACCEPTED IN 30 TRIES, (AVG 540634.5666666667)
