[1, 4, 10, 23, 57, 132, 301, 701, 1636, 3692, 8793, 19346]...: 10266810: ACCEPTED IN 19 TRIES, (AVG 540358.4210526316)
[1, 4, 10, 23, 57, 132, 301, 701, 1636, 3692, 8793, 19376]...: 24877720: ACCEPTED IN 46 TRIES, (AVG 540820.0)
[1, 4, 10, 23, 57, 132, 301, 701, 1636, 3692, 8793, 19378]...: 4855971: ACCEPTED IN 9 TRIES, (AVG 539552.3333333334)
[1, 4, 10, 23, 57, 132, 301, 701, 1636, 3692, 8793, 19380]...: 13513587: ACCEPTED IN 25 TRIES, (AVG 540543.48)
[1, 4, 10, 23, 57, 132, 301, 701, 1636, 3692, 8793, 19408]...: 34076519: ACCEPTED IN 63 TRIES, (AVG 540897.126984127)
[1, 4, 10, 23, 57, 132, 301, 701, 1636, 3692, 8793, 19411]...: 4855693: ACCEPTED IN 9 TRIES, (AVG 539521.4444444445)
[1, 4, 10, 23, 57, 132, 301, 701, 1636, 3692, 8793, 19412]...: 11348243: ACCEPTED IN 21 TRIES, (AVG 540392.5238095238)
[1, 4, 10, 23, 57, 132, 301, 701, 1636, 3692, 8793, 19445]...: 8102512: ACCEPTED IN 15 TRIES, (AVG 540167.4666666667)
[1, 4, 10, 23, 57, 132, 301, 701, 1636, 3692, 8793, 19448]...: 12972355: ACCEPTED IN 24 TRIES, (AVG 540514.7916666666)
[1, 4, 10, 23, 57, 132, 301, 701, 1636, 3692, 8793, 19466]...: 5938655: ACCEPTED IN 11 TRIES, (AVG 539877.7272727273)
[1, 4, 10, 23, 57, 132, 301, 701, 1636, 3692, 8793, 19478]...: 4855132: ACCEPTED IN 9 TRIES, (AVG 539459.1111111111)
[1, 4, 10, 23, 57, 132, 301, 701, 1636, 3692, 8793, 19479]...: 10808506: ACCEPTED IN 20 TRIES, (AVG 540425.3)
[1, 4, 10, 23, 57, 132, 301, 701, 1636, 3692, 8793, 19503]...: 23795458: ACCEPTED IN 44 TRIES, (AVG 540805.8636363636)
[1, 4, 10, 23, 57, 132, 301, 701, 1636, 3692, 8793, 19510]...: 6479149: ACCEPTED IN 12 TRIES, (AVG 539929.0833333334)
[1, 4, 10, 23, 57, 132, 301, 701, 1636, 3692, 8793, 19511]...: 12973302: ACCEPTED IN 24 TRIES, (AVG 540554.25)
[1, 4, 10, 23, 57, 132, 301, 701, 1636, 3692, 8793, 19547]...: 10266544: ACCEPTED IN 19 TRIES, (AVG 540344.4210526316)
[1, 4, 10, 23, 57, 132, 301, 701, 1636, 3692, 8793, 19577]...: 6479343: ACCEPTED IN 12 TRIES, (AVG 539945.25)
[1, 4, 10, 23, 57, 132, 301, 701, 1636, 3692, 8793, 19578]...: 3773770: ACCEPTED IN 7 TRIES, (AVG 539110.0)
[1, 4, 10, 23, 57, 132, 301, 701, 1636, 3692, 8793, 19580]...: 4856446: ACCEPTED IN 9 TRIES, (AVG 539605.1111111111)
[1, 4, 10, 23, 57, 132, 301, 701, 1636, 3692, 8793, 19598]...: 10266273: ACCEPTED IN 19 TRIES, (AVG 540330.1578947369)
[1, 4, 10, 23, 57, 132, 301, 701, 1636, 3692, 8793, 19610]...: 15676331: ACCEPTED IN 29 TRIES, (AVG 540563.1379310344)
[1, 4, 10, 23, 57, 132, 301, 701, 1636, 3692, 8793, 19614]...: 10808895: ACCEPTED IN 20 TRIES, (AVG 540444.75)
[1, 4, 10, 23, 57, 132, 301, 701, 1636, 3692, 8793, 19635]...: 6479450: ACCEPTED IN 12 TRIES, (AVG 539954.1666666666)
[1, 4, 10, 23, 57, 132, 301, 701, 1636, 3692, 8793, 19677]...: 8102025: ACCEPTED IN 15 TRIES, (AVG 540135.0)
[1, 4, 10, 23, 57, 132, 301, 701, 1636, 3692, 8793, 19679]...: 6478471: ACCEPTED IN 12 TRIES, (AVG 539872.5833333334)
[1, 4, 10, 23, 57, 132, 301, 701, 1636, 3692, 8793, 19681]...: 4853794: ACCEPTED IN 9 TRIES, (AVG 539310.4444444445)
[1, 4, 10, 23, 57, 132, 301, 701, 1636, 3692, 8793, 19709]...: 10266131: ACCEPTED IN 19 TRIES, (AVG 540322.6842105263)
[1, 4, 10, 23, 57, 132, 301, 701, 1636, 3692, 8793, 19712]...: 4852536: ACCEPTED IN 9 TRIES, (AVG 539170.6666666666)
[1, 4, 10, 23, 57, 132, 301, 701, 1636, 3692, 8793, 19713]...: 4854044: ACCEPTED IN 9 TRIES, (AVG 539338.2222222222)
[1, 4, 10, 23, 57, 132, 301, 701, 1636, 3692, 8793, 19746]...: 5937330: ACCEPTED IN 11 TRIES, (AVG 539757.2727272727)
[1, 4, 10, 23, 57, 132, 301, 701, 1636, 3692, 8793, 19767]...: 7558875: ACCEPTED IN 14 TRIES, (AVG 539919.6428571428)
[1, 4, 10, 23, 57, 132, 301, 701, 1636, 3692, 8793, 19811]...: 6479788: ACCEPTED IN 12 TRIES, (AVG 539982.3333333334)
[1, 4, 10, 23, 57, 132, 301, 701, 1636, 3692, 8793, 19812]...: 4855172: ACCEPTED IN 9 TRIES, (AVG 539463.5555555555)
[1, 4, 10, 23, 57, 132, 301, 701, 1636, 3692, 8793, 19813]...: 4853270: ACCEPTED IN 9 TRIES, (AVG 539252.2222222222)
[1, 4, 10, 23, 57, 132, 301, 701, 1636, 3692, 8793, 19848]...: 4854775: ACCEPTED IN 9 TRIES, (AVG 539419.4444444445)
[1, 4, 10, 23, 57, 132, 301, 701, 1636, 3692, 8793, 19878]...: 4856395: ACCEPTED IN 9 TRIES, (AVG 539599.4444444445)
[1, 4, 10, 23, 57, 132, 301, 701, 1636, 3692, 8793, 19879]...: 12970698: ACCEPTED IN 24 TRIES, (AVG 540445.75)
[1, 4, 10, 23, 57, 132, 301, 701, 1636, 3692, 8793, 19899]...: 5396240: ACCEPTED IN 10 TRIES, (AVG 539624.0)
[1, 4, 10, 23, 57, 132, 301, 701, 1636, 3692, 8793, 19911]...: 9184442: ACCEPTED IN 17 TRIES, (AVG 540261.2941176471)
[1, 4, 10, 23, 57, 132, 301, 701, 1636, 3692, 8793, 19915]...: 16219546: ACCEPTED IN 30 TRIES, (AVG 540651.5333333333)
[1, 4, 10, 23, 57, 132, 301, 701, 1636, 3692, 8793, 19945]...: 5937310: ACCEPTED IN 11 TRIES, (AVG 539755.4545454546)
[1, 4, 10, 23, 57, 132, 301, 701, 1636, 3692, 8793, 19947]...: 5395338: ACCEPTED IN 10 TRIES, (AVG 539533.8)
[1, 4, 10, 23, 57, 132, 301, 701, 1636, 3692, 8793, 19978]...: 2150242: ACCEPTED IN 4 TRIES, (AVG 537560.5)
[1, 4, 10, 23, 57, 132, 301, 701, 1636, 3692, 8793, 19980]...: 4856081: ACCEPTED IN 9 TRIES, (AVG 539564.5555555555)
[1, 4, 10, 23, 57, 132, 301, 701, 1636, 3692, 8793, 20010]...: 4314441: ACCEPTED IN 8 TRIES, (AVG 539305.125)
[1, 4, 10, 23, 57, 132, 301, 701, 1636, 3692, 8793, 20014]...: 5937442: ACCEPTED IN 11 TRIES, (AVG 539767.4545454546)
[1, 4, 10, 23, 57, 132, 301, 701, 1636, 3692, 8793, 20047]...: 4854238: ACCEPTED IN 9 TRIES, (AVG 539359.7777777778)
[1, 4, 10, 23, 57, 132, 301, 701, 1636, 3692, 8793, 20077]...: 5938522: ACCEPTED IN 11 TRIES, (AVG 539865.6363636364)
[1, 4, 10, 23, 57, 132, 301, 701, 1636, 3692, 8793, 20079]...: 7562047: ACCEPTED IN 14 TRIES, (AVG 540146.2142857143)
[1, 4, 10, 23, 57, 132, 301, 701, 1636, 3692, 8793, 20112]...: 8644071: ACCEPTED IN 16 TRIES, (AVG 540254.4375)
[1, 4, 10, 23, 57, 132, 301, 701, 1636, 3692, 8793, 20113]...: 8644225: ACCEPTED IN 16 TRIES, (AVG 540264.0625)
[1, 4, 10, 23, 57, 132, 301, 701, 1636, 3692, 8793, 20149]...: 5396108: ACCEPTED IN 10 TRIES, (AVG 539610.8)
[1, 4, 10, 23, 57, 132, 301, 701, 1636, 3692, 8793, 20179]...: 4854060: ACCEPTED IN 9 TRIES, (AVG 539340.0)
[1, 4, 10, 23, 57, 132, 301, 701, 1636, 3692, 8793, 20180]...: 4855992: ACCEPTED IN 9 TRIES, (AVG 539554.6666666666)
[1, 4, 10, 23, 57, 132, 301, 701, 1636, 3692, 8793, 20181]...: 3772716: ACCEPTED IN 7 TRIES, (AVG 538959.4285714285)
[1, 4, 10, 23, 57, 132, 301, 701, 1636, 3692, 8793, 20211]...: 5396463: ACCEPTED IN 10 TRIES, (AVG 539646.3)
[1, 4, 10, 23, 57, 132, 301, 701, 1636, 3692, 8793, 20212]...: 4854965: ACCEPTED IN 9 TRIES, (AVG 539440.5555555555)
[1, 4, 10, 23, 57, 132, 301, 701, 1636, 3692, 8793, 20248]...: 11347779: ACCEPTED IN 21 TRIES, (AVG 540370.4285714285)
[1, 4, 10, 23, 57, 132, 301, 701, 1636, 3692, 8793, 20279]...: 4854026: ACCEPTED IN 9 TRIES, (AVG 539336.2222222222)
[1, 4, 10, 23, 57, 132, 301, 701, 1636, 3692, 8793, 20281]...: 8101400: ACCEPTED IN 15 TRIES, (AVG 540093.3333333334)
[1, 4, 10, 23, 57, 132, 301, 701, 1636, 3692, 8793, 20311]...: 4854825: ACCEPTED IN 9 TRIES, (AVG 539425.0)
[1, 4, 10, 23, 57, 132, 301, 701, 1636, 3692, 8793, 20313]...: 3772783: ACCEPTED IN 7 TRIES, (AVG 538969.0)
[1, 4, 10, 23, 57, 132, 301, 701, 1636, 3692, 8793, 20315]...: 4856213: ACCEPTED IN 9 TRIES, (AVG 539579.2222222222)
[1, 4, 10, 23, 57, 132, 301, 701, 1636, 3692, 8793, 20378]...: 4315229: ACCEPTED IN 8 TRIES, (AVG 539403.625)
[1, 4, 10, 23, 57, 132, 301, 701, 1636, 3692, 8793, 20380]...: 5397393: ACCEPTED IN 10 TRIES, (AVG 539739.3)
[1, 4, 10, 23, 57, 132, 301, 701, 1636, 3692, 8793, 20413]...: 3772797: ACCEPTED IN 7 TRIES, (AVG 538971.0)
[1, 4, 10, 23, 57, 132, 301, 701, 1636, 3692, 8793, 20414]...: 4855436: ACCEPTED IN 9 TRIES, (AVG 539492.8888888889)
[1, 4, 10, 23, 57, 132, 301, 701, 1636, 3692, 8793, 20445]...: 4314334: ACCEPTED IN 8 TRIES, (AVG 539291.75)
[1, 4, 10, 23, 57, 132, 301, 701, 1636, 3692, 8793, 20482]...: 5397504: ACCEPTED IN 10 TRIES, (AVG 539750.4)
[1, 4, 10, 23, 57, 132, 301, 701, 1636, 3692, 8793, 20512]...: 8101080: ACCEPTED IN 15 TRIES, (AVG 540072.0)
[1, 4, 10, 23, 57, 132, 301, 701, 1636, 3692, 8793, 20513]...: 3773587: ACCEPTED IN 7 TRIES, (AVG 539083.8571428572)
[1, 4, 10, 23, 57, 132, 301, 701, 1636, 3692, 8793, 20514]...: 4315040: ACCEPTED IN 8 TRIES, (AVG 539380.0)
[1, 4, 10, 23, 57, 132, 301, 701, 1636, 3692, 8793, 20549]...: 4853738: ACCEPTED IN 9 TRIES, (AVG 539304.2222222222)
[1, 4, 10, 23, 57, 132, 301, 701, 1636, 3692, 8793, 20580]...: 5938235: ACCEPTED IN 11 TRIES, (AVG 539839.5454545454)
[1, 4, 10, 23, 57, 132, 301, 701, 1636, 3692, 8793, 20612]...: 3773629: ACCEPTED IN 7 TRIES, (AVG 539089.8571428572)
[1, 4, 10, 23, 57, 132, 301, 701, 1636, 3692, 8793, 20614]...: 4855462: ACCEPTED IN 9 TRIES, (AVG 539495.7777777778)
[1, 4, 10, 23, 57, 132, 301, 701, 1636, 3692, 8793, 20616]...: 4854216: ACCEPTED IN 9 TRIES, (AVG 539357.3333333334)
[1, 4, 10, 23, 57, 132, 301, 701, 1636, 3692, 8793, 20646]...: 4314560: ACCEPTED IN 8 TRIES, (AVG 539320.0)
[1, 4, 10, 23, 57, 132, 301, 701, 1636, 3692, 8793, 20648]...: 7020482: ACCEPTED IN 13 TRIES, (AVG 540037.0769230769)
[1, 4, 10, 23, 57, 132, 301, 701, 1636, 3692, 8793, 20679]...: 3772571: ACCEPTED IN 7 TRIES, (AVG 538938.7142857143)
[1, 4, 10, 23, 57, 132, 301, 701, 1636, 3692, 8793, 20681]...: 11349650: ACCEPTED IN 21 TRIES, (AVG 540459.5238095238)
[1, 4, 10, 23, 57, 132, 301, 701, 1636, 3692, 8793, 20715]...: 6477816: ACCEPTED IN 12 TRIES, (AVG 539818.0)
[1, 4, 10, 23, 57, 132, 301, 701, 1636, 3692, 8793, 20746]...: 4312760: ACCEPTED IN 8 TRIES, (AVG 539095.0)
[1, 4, 10, 23, 57, 132, 301, 701, 1636, 3692, 8793, 20747]...: 4314558: ACCEPTED IN 8 TRIES, (AVG 539319.75)
[1, 4, 10, 23, 57, 132, 301, 701, 1636, 3692, 8793, 20748]...: 4852648: ACCEPTED IN 9 TRIES, (AVG 539183.1111111111)
[1, 4, 10, 23, 57, 132, 301, 701, 1636, 3692, 8793, 20778]...: 3230913: ACCEPTED IN 6 TRIES, (AVG 538485.5)
[1, 4, 10, 23, 57, 132, 301, 701, 1636, 3692, 8793, 20780]...: 3773002: ACCEPTED IN 7 TRIES, (AVG 539000.2857142857)
[1, 4, 10, 23, 57, 132, 301, 701, 1636, 3692, 8793, 20783]...: 3772478: ACCEPTED IN 7 TRIES, (AVG 538925.4285714285)
[1, 4, 10, 23, 57, 132, 301, 701, 1636, 3692, 8793, 20813]...: 4852730: ACCEPTED IN 9 TRIES, (AVG 539192.2222222222)
[1, 4, 10, 23, 57, 132, 301, 701, 1636, 3692, 8793, 20814]...: 3773748: ACCEPTED IN 7 TRIES, (AVG 539106.8571428572)
[1, 4, 10, 23, 57, 132, 301, 701, 1636, 3692, 8793, 20815]...: 3232585: ACCEPTED IN 6 TRIES, (AVG 538764.1666666666)
[1, 4, 10, 23, 57, 132, 301, 701, 1636, 3692, 8793, 20850]...: 4314928: ACCEPTED IN 8 TRIES, (AVG 539366.0)
[1, 4, 10, 23, 57, 132, 301, 701, 1636, 3692, 8793, 20880]...: 4314704: ACCEPTED IN 8 TRIES, (AVG 539338.0)
[1, 4, 10, 23, 57, 132, 301, 701, 1636, 3692, 8793, 20881]...: 3770609: ACCEPTED IN 7 TRIES, (AVG 538658.4285714285)
[1, 4, 10, 23, 57, 132, 301, 701, 1636, 3692, 8793, 20882]...: 2691745: ACCEPTED IN 5 TRIES, (AVG 538349.0)
[1, 4, 10, 23, 57, 132, 301, 701, 1636, 3692, 8793, 20912]...: 3769302: ACCEPTED IN 7 TRIES, (AVG 538471.7142857143)
[1, 4, 10, 23, 57, 132, 301, 701, 1636, 3692, 8793, 20913]...: 3232748: ACCEPTED IN 6 TRIES, (AVG 538791.3333333334)
[1, 4, 10, 23, 57, 132, 301, 701, 1636, 3692, 8793, 20915]...: 5396530: ACCEPTED IN 10 TRIES, (AVG 539653.0)
[1, 4, 10, 23, 57, 132, 301, 701, 1636, 3692, 8793, 20947]...: 4855834: ACCEPTED IN 9 TRIES, (AVG 539537.1111111111)
[1, 4, 10, 23, 57, 132, 301, 701, 1636, 3692, 8793, 20949]...: 4852540: ACCEPTED IN 9 TRIES, (AVG 539171.1111111111)
[1, 4, 10, 23, 57, 132, 301, 701, 1636, 3692, 8793, 20980]...: 3773063: ACCEPTED IN 7 TRIES, (AVG 539009.0)
[1, 4, 10, 23, 57, 132, 301, 701, 1636, 3692, 8793, 20982]...: 4855624: ACCEPTED IN 9 TRIES, (AVG 539513.7777777778)
[1, 4, 10, 23, 57, 132, 301, 701, 1636, 3692, 8793, 21012]...: 3771965: ACCEPTED IN 7 TRIES, (AVG 538852.1428571428)
[1, 4, 10, 23, 57, 132, 301, 701, 1636, 3692, 8793, 21014]...: 4855741: ACCEPTED IN 9 TRIES, (AVG 539526.7777777778)
[1, 4, 10, 23, 57, 132, 301, 701, 1636, 3692, 8793, 21016]...: 3772853: ACCEPTED IN 7 TRIES, (AVG 538979.0)
[1, 4, 10, 23, 57, 132, 301, 701, 1636, 3692, 8793, 21047]...: 4855813: ACCEPTED IN 9 TRIES, (AVG 539534.7777777778)
[1, 4, 10, 23, 57, 132, 301, 701, 1636, 3692, 8793, 21048]...: 5938385: ACCEPTED IN 11 TRIES, (AVG 539853.1818181818)
[1, 4, 10, 23, 57, 132, 301, 701, 1636, 3692, 8793, 21079]...: 4314912: ACCEPTED IN 8 TRIES, (AVG 539364.0)
[1, 4, 10, 23, 57, 132, 301, 701, 1636, 3692, 8793, 21081]...: 3772639: ACCEPTED IN 7 TRIES, (AVG 538948.4285714285)
[1, 4, 10, 23, 57, 132, 301, 701, 1636, 3692, 8793, 21084]...: 3232851: ACCEPTED IN 6 TRIES, (AVG 538808.5)
