[1, 4, 10, 23, 57, 132, 301, 701, 1636, 3692, 8525, 18774]...: 175854268: ACCEPTED IN 325 TRIES, (AVG 541090.0553846154)
[1, 4, 10, 23, 57, 132, 301, 701, 1636, 3692, 8525, 18806]...: 51935242: ACCEPTED IN 96 TRIES, (AVG 540992.1041666666)
[1, 4, 10, 23, 57, 132, 301, 701, 1636, 3692, 8525, 18810]...: 75203071: ACCEPTED IN 139 TRIES, (AVG 541029.2877697842)
[1, 4, 10, 23, 57, 132, 301, 701, 1636, 3692, 8525, 18831]...: 75744248: ACCEPTED IN 140 TRIES, (AVG 541030.3428571429)
[1, 4, 10, 23, 57, 132, 301, 701, 1636, 3692, 8525, 18842]...: 99553828: ACCEPTED IN 184 TRIES, (AVG 541053.4130434783)
[1, 4, 10, 23, 57, 132, 301, 701, 1636, 3692, 8525, 18844]...: 11349263: ACCEPTED IN 21 TRIES, (AVG 540441.0952380953)
[1, 4, 10, 23, 57, 132, 301, 701, 1636, 3692, 8525, 18873]...: 76286202: ACCEPTED IN 141 TRIES, (AVG 541036.8936170213)
[1, 4, 10, 23, 57, 132, 301, 701, 1636, 3692, 8525, 18876]...: 18382019: ACCEPTED IN 34 TRIES, (AVG 540647.6176470588)
[1, 4, 10, 23, 57, 132, 301, 701, 1636, 3692, 8525, 18905]...: 25419554: ACCEPTED IN 47 TRIES, (AVG 540841.5744680851)
[1, 4, 10, 23, 57, 132, 301, 701, 1636, 3692, 8525, 18909]...: 15137977: ACCEPTED IN 28 TRIES, (AVG 540642.0357142857)
[1, 4, 10, 23, 57, 132, 301, 701, 1636, 3692, 8525, 18942]...: 21087361: ACCEPTED IN 39 TRIES, (AVG 540701.5641025641)
[1, 4, 10, 23, 57, 132, 301, 701, 1636, 3692, 8525, 18943]...: 74662396: ACCEPTED IN 138 TRIES, (AVG 541031.8550724637)
[1, 4, 10, 23, 57, 132, 301, 701, 1636, 3692, 8525, 18963]...: 15678690: ACCEPTED IN 29 TRIES, (AVG 540644.4827586206)
[1, 4, 10, 23, 57, 132, 301, 701, 1636, 3692, 8525, 18974]...: 29747169: ACCEPTED IN 55 TRIES, (AVG 540857.6181818182)
[1, 4, 10, 23, 57, 132, 301, 701, 1636, 3692, 8525, 18975]...: 24878250: ACCEPTED IN 46 TRIES, (AVG 540831.5217391305)
[1, 4, 10, 23, 57, 132, 301, 701, 1636, 3692, 8525, 18976]...: 23794943: ACCEPTED IN 44 TRIES, (AVG 540794.1590909091)
[1, 4, 10, 23, 57, 132, 301, 701, 1636, 3692, 8525, 19008]...: 19466189: ACCEPTED IN 36 TRIES, (AVG 540727.4722222222)
[1, 4, 10, 23, 57, 132, 301, 701, 1636, 3692, 8525, 19011]...: 34617978: ACCEPTED IN 64 TRIES, (AVG 540905.90625)
[1, 4, 10, 23, 57, 132, 301, 701, 1636, 3692, 8525, 19042]...: 75202085: ACCEPTED IN 139 TRIES, (AVG 541022.1942446043)
[1, 4, 10, 23, 57, 132, 301, 701, 1636, 3692, 8525, 19074]...: 21088416: ACCEPTED IN 39 TRIES, (AVG 540728.6153846154)
[1, 4, 10, 23, 57, 132, 301, 701, 1636, 3692, 8525, 19075]...: 25960743: ACCEPTED IN 48 TRIES, (AVG 540848.8125)
[1, 4, 10, 23, 57, 132, 301, 701, 1636, 3692, 8525, 19078]...: 32995301: ACCEPTED IN 61 TRIES, (AVG 540906.5737704918)
[1, 4, 10, 23, 57, 132, 301, 701, 1636, 3692, 8525, 19107]...: 18925180: ACCEPTED IN 35 TRIES, (AVG 540719.4285714285)
[1, 4, 10, 23, 57, 132, 301, 701, 1636, 3692, 8525, 19110]...: 27582935: ACCEPTED IN 51 TRIES, (AVG 540841.8627450981)
[1, 4, 10, 23, 57, 132, 301, 701, 1636, 3692, 8525, 19141]...: 16219905: ACCEPTED IN 30 TRIES, (AVG 540663.5)
[1, 4, 10, 23, 57, 132, 301, 701, 1636, 3692, 8525, 19143]...: 28124599: ACCEPTED IN 52 TRIES, (AVG 540857.6730769231)
[1, 4, 10, 23, 57, 132, 301, 701, 1636, 3692, 8525, 19145]...: 35700532: ACCEPTED IN 66 TRIES, (AVG 540917.1515151515)
[1, 4, 10, 23, 57, 132, 301, 701, 1636, 3692, 8525, 19174]...: 17302213: ACCEPTED IN 32 TRIES, (AVG 540694.15625)
[1, 4, 10, 23, 57, 132, 301, 701, 1636, 3692, 8525, 19177]...: 26501526: ACCEPTED IN 49 TRIES, (AVG 540847.4693877551)
[1, 4, 10, 23, 57, 132, 301, 701, 1636, 3692, 8525, 19206]...: 39488624: ACCEPTED IN 73 TRIES, (AVG 540940.0547945206)
[1, 4, 10, 23, 57, 132, 301, 701, 1636, 3692, 8525, 19210]...: 24336441: ACCEPTED IN 45 TRIES, (AVG 540809.8)
[1, 4, 10, 23, 57, 132, 301, 701, 1636, 3692, 8525, 19242]...: 23794441: ACCEPTED IN 44 TRIES, (AVG 540782.75)
[1, 4, 10, 23, 57, 132, 301, 701, 1636, 3692, 8525, 19273]...: 48687006: ACCEPTED IN 90 TRIES, (AVG 540966.7333333333)
[1, 4, 10, 23, 57, 132, 301, 701, 1636, 3692, 8525, 19276]...: 23254220: ACCEPTED IN 43 TRIES, (AVG 540795.8139534884)
[1, 4, 10, 23, 57, 132, 301, 701, 1636, 3692, 8525, 19277]...: 18384367: ACCEPTED IN 34 TRIES, (AVG 540716.6764705882)
[1, 4, 10, 23, 57, 132, 301, 701, 1636, 3692, 8525, 19309]...: 21630972: ACCEPTED IN 40 TRIES, (AVG 540774.3)
[1, 4, 10, 23, 57, 132, 301, 701, 1636, 3692, 8525, 19312]...: 41653133: ACCEPTED IN 77 TRIES, (AVG 540949.7792207792)
[1, 4, 10, 23, 57, 132, 301, 701, 1636, 3692, 8525, 19343]...: 18384363: ACCEPTED IN 34 TRIES, (AVG 540716.5588235294)
[1, 4, 10, 23, 57, 132, 301, 701, 1636, 3692, 8525, 19374]...: 21089508: ACCEPTED IN 39 TRIES, (AVG 540756.6153846154)
[1, 4, 10, 23, 57, 132, 301, 701, 1636, 3692, 8525, 19375]...: 15138027: ACCEPTED IN 28 TRIES, (AVG 540643.8214285715)
[1, 4, 10, 23, 57, 132, 301, 701, 1636, 3692, 8525, 19376]...: 21631141: ACCEPTED IN 40 TRIES, (AVG 540778.525)
[1, 4, 10, 23, 57, 132, 301, 701, 1636, 3692, 8525, 19379]...: 18925819: ACCEPTED IN 35 TRIES, (AVG 540737.6857142857)
[1, 4, 10, 23, 57, 132, 301, 701, 1636, 3692, 8525, 19407]...: 43817736: ACCEPTED IN 81 TRIES, (AVG 540959.7037037037)
[1, 4, 10, 23, 57, 132, 301, 701, 1636, 3692, 8525, 19408]...: 21090436: ACCEPTED IN 39 TRIES, (AVG 540780.4102564103)
[1, 4, 10, 23, 57, 132, 301, 701, 1636, 3692, 8525, 19411]...: 11889407: ACCEPTED IN 22 TRIES, (AVG 540427.5909090909)
[1, 4, 10, 23, 57, 132, 301, 701, 1636, 3692, 8525, 19442]...: 9725763: ACCEPTED IN 18 TRIES, (AVG 540320.1666666666)
[1, 4, 10, 23, 57, 132, 301, 701, 1636, 3692, 8525, 19444]...: 16219431: ACCEPTED IN 30 TRIES, (AVG 540647.7)
[1, 4, 10, 23, 57, 132, 301, 701, 1636, 3692, 8525, 19475]...: 25960458: ACCEPTED IN 48 TRIES, (AVG 540842.875)
[1, 4, 10, 23, 57, 132, 301, 701, 1636, 3692, 8525, 19478]...: 17302314: ACCEPTED IN 32 TRIES, (AVG 540697.3125)
[1, 4, 10, 23, 57, 132, 301, 701, 1636, 3692, 8525, 19506]...: 23252594: ACCEPTED IN 43 TRIES, (AVG 540758.0)
[1, 4, 10, 23, 57, 132, 301, 701, 1636, 3692, 8525, 19507]...: 18384842: ACCEPTED IN 34 TRIES, (AVG 540730.6470588235)
[1, 4, 10, 23, 57, 132, 301, 701, 1636, 3692, 8525, 19511]...: 16219407: ACCEPTED IN 30 TRIES, (AVG 540646.9)
[1, 4, 10, 23, 57, 132, 301, 701, 1636, 3692, 8525, 19543]...: 39488476: ACCEPTED IN 73 TRIES, (AVG 540938.0273972603)
[1, 4, 10, 23, 57, 132, 301, 701, 1636, 3692, 8525, 19574]...: 10266094: ACCEPTED IN 19 TRIES, (AVG 540320.7368421053)
[1, 4, 10, 23, 57, 132, 301, 701, 1636, 3692, 8525, 19576]...: 20549247: ACCEPTED IN 38 TRIES, (AVG 540769.6578947369)
[1, 4, 10, 23, 57, 132, 301, 701, 1636, 3692, 8525, 19577]...: 16220203: ACCEPTED IN 30 TRIES, (AVG 540673.4333333333)
[1, 4, 10, 23, 57, 132, 301, 701, 1636, 3692, 8525, 19610]...: 21629099: ACCEPTED IN 40 TRIES, (AVG 540727.475)
[1, 4, 10, 23, 57, 132, 301, 701, 1636, 3692, 8525, 19613]...: 27581600: ACCEPTED IN 51 TRIES, (AVG 540815.6862745098)
[1, 4, 10, 23, 57, 132, 301, 701, 1636, 3692, 8525, 19644]...: 9725640: ACCEPTED IN 18 TRIES, (AVG 540313.3333333334)
[1, 4, 10, 23, 57, 132, 301, 701, 1636, 3692, 8525, 19675]...: 34077166: ACCEPTED IN 63 TRIES, (AVG 540907.3968253968)
[1, 4, 10, 23, 57, 132, 301, 701, 1636, 3692, 8525, 19676]...: 19466083: ACCEPTED IN 36 TRIES, (AVG 540724.5277777778)
[1, 4, 10, 23, 57, 132, 301, 701, 1636, 3692, 8525, 19677]...: 17301553: ACCEPTED IN 32 TRIES, (AVG 540673.53125)
[1, 4, 10, 23, 57, 132, 301, 701, 1636, 3692, 8525, 19708]...: 38405106: ACCEPTED IN 71 TRIES, (AVG 540916.985915493)
[1, 4, 10, 23, 57, 132, 301, 701, 1636, 3692, 8525, 19709]...: 30289706: ACCEPTED IN 56 TRIES, (AVG 540887.6071428572)
[1, 4, 10, 23, 57, 132, 301, 701, 1636, 3692, 8525, 19712]...: 28666265: ACCEPTED IN 53 TRIES, (AVG 540872.9245283019)
[1, 4, 10, 23, 57, 132, 301, 701, 1636, 3692, 8525, 19743]...: 25419284: ACCEPTED IN 47 TRIES, (AVG 540835.8297872341)
[1, 4, 10, 23, 57, 132, 301, 701, 1636, 3692, 8525, 19776]...: 14054216: ACCEPTED IN 26 TRIES, (AVG 540546.7692307692)
[1, 4, 10, 23, 57, 132, 301, 701, 1636, 3692, 8525, 19779]...: 18384387: ACCEPTED IN 34 TRIES, (AVG 540717.2647058824)
[1, 4, 10, 23, 57, 132, 301, 701, 1636, 3692, 8525, 19807]...: 28663999: ACCEPTED IN 53 TRIES, (AVG 540830.1698113207)
[1, 4, 10, 23, 57, 132, 301, 701, 1636, 3692, 8525, 19808]...: 32993724: ACCEPTED IN 61 TRIES, (AVG 540880.7213114754)
[1, 4, 10, 23, 57, 132, 301, 701, 1636, 3692, 8525, 19811]...: 24335683: ACCEPTED IN 45 TRIES, (AVG 540792.9555555555)
[1, 4, 10, 23, 57, 132, 301, 701, 1636, 3692, 8525, 19842]...: 10808684: ACCEPTED IN 20 TRIES, (AVG 540434.2)
[1, 4, 10, 23, 57, 132, 301, 701, 1636, 3692, 8525, 19844]...: 25958653: ACCEPTED IN 48 TRIES, (AVG 540805.2708333334)
[1, 4, 10, 23, 57, 132, 301, 701, 1636, 3692, 8525, 19875]...: 16219960: ACCEPTED IN 30 TRIES, (AVG 540665.3333333334)
[1, 4, 10, 23, 57, 132, 301, 701, 1636, 3692, 8525, 19877]...: 21630947: ACCEPTED IN 40 TRIES, (AVG 540773.675)
[1, 4, 10, 23, 57, 132, 301, 701, 1636, 3692, 8525, 19878]...: 19465602: ACCEPTED IN 36 TRIES, (AVG 540711.1666666666)
[1, 4, 10, 23, 57, 132, 301, 701, 1636, 3692, 8525, 19911]...: 17842756: ACCEPTED IN 33 TRIES, (AVG 540689.5757575758)
[1, 4, 10, 23, 57, 132, 301, 701, 1636, 3692, 8525, 19943]...: 14055019: ACCEPTED IN 26 TRIES, (AVG 540577.6538461539)
[1, 4, 10, 23, 57, 132, 301, 701, 1636, 3692, 8525, 19974]...: 20548725: ACCEPTED IN 38 TRIES, (AVG 540755.9210526316)
[1, 4, 10, 23, 57, 132, 301, 701, 1636, 3692, 8525, 19976]...: 21631548: ACCEPTED IN 40 TRIES, (AVG 540788.7)
[1, 4, 10, 23, 57, 132, 301, 701, 1636, 3692, 8525, 19977]...: 12431176: ACCEPTED IN 23 TRIES, (AVG 540485.9130434783)
[1, 4, 10, 23, 57, 132, 301, 701, 1636, 3692, 8525, 19978]...: 23794688: ACCEPTED IN 44 TRIES, (AVG 540788.3636363636)
[1, 4, 10, 23, 57, 132, 301, 701, 1636, 3692, 8525, 20009]...: 20006789: ACCEPTED IN 37 TRIES, (AVG 540724.027027027)
[1, 4, 10, 23, 57, 132, 301, 701, 1636, 3692, 8525, 20010]...: 16761379: ACCEPTED IN 31 TRIES, (AVG 540689.6451612903)
[1, 4, 10, 23, 57, 132, 301, 701, 1636, 3692, 8525, 20013]...: 19466762: ACCEPTED IN 36 TRIES, (AVG 540743.3888888889)
[1, 4, 10, 23, 57, 132, 301, 701, 1636, 3692, 8525, 20044]...: 14596564: ACCEPTED IN 27 TRIES, (AVG 540613.4814814815)
[1, 4, 10, 23, 57, 132, 301, 701, 1636, 3692, 8525, 20045]...: 20008100: ACCEPTED IN 37 TRIES, (AVG 540759.4594594594)
[1, 4, 10, 23, 57, 132, 301, 701, 1636, 3692, 8525, 20076]...: 15678970: ACCEPTED IN 29 TRIES, (AVG 540654.1379310344)
[1, 4, 10, 23, 57, 132, 301, 701, 1636, 3692, 8525, 20077]...: 27042751: ACCEPTED IN 50 TRIES, (AVG 540855.02)
[1, 4, 10, 23, 57, 132, 301, 701, 1636, 3692, 8525, 20080]...: 22171257: ACCEPTED IN 41 TRIES, (AVG 540762.3658536585)
[1, 4, 10, 23, 57, 132, 301, 701, 1636, 3692, 8525, 20108]...: 32995340: ACCEPTED IN 61 TRIES, (AVG 540907.2131147541)
[1, 4, 10, 23, 57, 132, 301, 701, 1636, 3692, 8525, 20109]...: 15677327: ACCEPTED IN 29 TRIES, (AVG 540597.4827586206)
[1, 4, 10, 23, 57, 132, 301, 701, 1636, 3692, 8525, 20112]...: 23796053: ACCEPTED IN 44 TRIES, (AVG 540819.3863636364)
[1, 4, 10, 23, 57, 132, 301, 701, 1636, 3692, 8525, 20143]...: 14595472: ACCEPTED IN 27 TRIES, (AVG 540573.0370370371)
[1, 4, 10, 23, 57, 132, 301, 701, 1636, 3692, 8525, 20145]...: 12973462: ACCEPTED IN 24 TRIES, (AVG 540560.9166666666)
[1, 4, 10, 23, 57, 132, 301, 701, 1636, 3692, 8525, 20176]...: 9725548: ACCEPTED IN 18 TRIES, (AVG 540308.2222222222)
[1, 4, 10, 23, 57, 132, 301, 701, 1636, 3692, 8525, 20177]...: 24335890: ACCEPTED IN 45 TRIES, (AVG 540797.5555555555)
[1, 4, 10, 23, 57, 132, 301, 701, 1636, 3692, 8525, 20179]...: 14595512: ACCEPTED IN 27 TRIES, (AVG 540574.5185185185)
[1, 4, 10, 23, 57, 132, 301, 701, 1636, 3692, 8525, 20208]...: 41651823: ACCEPTED IN 77 TRIES, (AVG 540932.7662337662)
[1, 4, 10, 23, 57, 132, 301, 701, 1636, 3692, 8525, 20212]...: 26501365: ACCEPTED IN 49 TRIES, (AVG 540844.1836734693)
[1, 4, 10, 23, 57, 132, 301, 701, 1636, 3692, 8525, 20244]...: 28124371: ACCEPTED IN 52 TRIES, (AVG 540853.2884615385)
[1, 4, 10, 23, 57, 132, 301, 701, 1636, 3692, 8525, 20275]...: 49770427: ACCEPTED IN 92 TRIES, (AVG 540982.9021739131)
[1, 4, 10, 23, 57, 132, 301, 701, 1636, 3692, 8525, 20277]...: 8644222: ACCEPTED IN 16 TRIES, (AVG 540263.875)
[1, 4, 10, 23, 57, 132, 301, 701, 1636, 3692, 8525, 20278]...: 9726182: ACCEPTED IN 18 TRIES, (AVG 540343.4444444445)
[1, 4, 10, 23, 57, 132, 301, 701, 1636, 3692, 8525, 20279]...: 21089109: ACCEPTED IN 39 TRIES, (AVG 540746.3846153846)
[1, 4, 10, 23, 57, 132, 301, 701, 1636, 3692, 8525, 20309]...: 15137032: ACCEPTED IN 28 TRIES, (AVG 540608.2857142857)
[1, 4, 10, 23, 57, 132, 301, 701, 1636, 3692, 8525, 20310]...: 19465720: ACCEPTED IN 36 TRIES, (AVG 540714.4444444445)
[1, 4, 10, 23, 57, 132, 301, 701, 1636, 3692, 8525, 20311]...: 17302556: ACCEPTED IN 32 TRIES, (AVG 540704.875)
[1, 4, 10, 23, 57, 132, 301, 701, 1636, 3692, 8525, 20314]...: 14055421: ACCEPTED IN 26 TRIES, (AVG 540593.1153846154)
[1, 4, 10, 23, 57, 132, 301, 701, 1636, 3692, 8525, 20345]...: 10808410: ACCEPTED IN 20 TRIES, (AVG 540420.5)
[1, 4, 10, 23, 57, 132, 301, 701, 1636, 3692, 8525, 20346]...: 11889952: ACCEPTED IN 22 TRIES, (AVG 540452.3636363636)
[1, 4, 10, 23, 57, 132, 301, 701, 1636, 3692, 8525, 20377]...: 17843646: ACCEPTED IN 33 TRIES, (AVG 540716.5454545454)
[1, 4, 10, 23, 57, 132, 301, 701, 1636, 3692, 8525, 20378]...: 30830774: ACCEPTED IN 57 TRIES, (AVG 540890.7719298246)
[1, 4, 10, 23, 57, 132, 301, 701, 1636, 3692, 8525, 20409]...: 19467065: ACCEPTED IN 36 TRIES, (AVG 540751.8055555555)
[1, 4, 10, 23, 57, 132, 301, 701, 1636, 3692, 8525, 20410]...: 24335882: ACCEPTED IN 45 TRIES, (AVG 540797.3777777777)
[1, 4, 10, 23, 57, 132, 301, 701, 1636, 3692, 8525, 20411]...: 20007419: ACCEPTED IN 37 TRIES, (AVG 540741.0540540541)
[1, 4, 10, 23, 57, 132, 301, 701, 1636, 3692, 8525, 20413]...: 11891178: ACCEPTED IN 22 TRIES, (AVG 540508.0909090909)
[1, 4, 10, 23, 57, 132, 301, 701, 1636, 3692, 8525, 20441]...: 36781199: ACCEPTED IN 68 TRIES, (AVG 540899.9852941176)
[1, 4, 10, 23, 57, 132, 301, 701, 1636, 3692, 8525, 20444]...: 10267610: ACCEPTED IN 19 TRIES, (AVG 540400.5263157894)
[1, 4, 10, 23, 57, 132, 301, 701, 1636, 3692, 8525, 20446]...: 15137471: ACCEPTED IN 28 TRIES, (AVG 540623.9642857143)
