[1, 4, 10, 23, 57, 132, 301, 701, 1636, 3926, 8930, 19722]...: 5396951: ACCEPTED IN 10 TRIES, (AVG 539695.1)
[1, 4, 10, 23, 57, 132, 301, 701, 1636, 3926, 8930, 19854]...: 8641199: ACCEPTED IN 16 TRIES, (AVG 540074.9375)
[1, 4, 10, 23, 57, 132, 301, 701, 1636, 3926, 8930, 19888]...: 11347455: ACCEPTED IN 21 TRIES, (AVG 540355.0)
[1, 4, 10, 23, 57, 132, 301, 701, 1636, 3926, 8930, 20020]...: 9184080: ACCEPTED IN 17 TRIES, (AVG 540240.0)
[1, 4, 10, 23, 57, 132, 301, 701, 1636, 3926, 8930, 20122]...: 9726504: ACCEPTED IN 18 TRIES, (AVG 540361.3333333334)
[1, 4, 10, 23, 57, 132, 301, 701, 1636, 3926, 8930, 20189]...: 8643997: ACCEPTED IN 16 TRIES, (AVG 540249.8125)
[1, 4, 10, 23, 57, 132, 301, 701, 1636, 3926, 8930, 20254]...: 8102965: ACCEPTED IN 15 TRIES, (AVG 540197.6666666666)
[1, 4, 10, 23, 57, 132, 301, 701, 1636, 3926, 8930, 20321]...: 8102578: ACCEPTED IN 15 TRIES, (AVG 540171.8666666667)
[1, 4, 10, 23, 57, 132, 301, 701, 1636, 3926, 8930, 20356]...: 4315022: ACCEPTED IN 8 TRIES, (AVG 539377.75)
[1, 4, 10, 23, 57, 132, 301, 701, 1636, 3926, 8930, 20423]...: 13514487: ACCEPTED IN 25 TRIES, (AVG 540579.48)
[1, 4, 10, 23, 57, 132, 301, 701, 1636, 3926, 8930, 20488]...: 7018721: ACCEPTED IN 13 TRIES, (AVG 539901.6153846154)
[1, 4, 10, 23, 57, 132, 301, 701, 1636, 3926, 8930, 20555]...: 8100184: ACCEPTED IN 15 TRIES, (AVG 540012.2666666667)
[1, 4, 10, 23, 57, 132, 301, 701, 1636, 3926, 8930, 20589]...: 8102422: ACCEPTED IN 15 TRIES, (AVG 540161.4666666667)
[1, 4, 10, 23, 57, 132, 301, 701, 1636, 3926, 8930, 20657]...: 8103098: ACCEPTED IN 15 TRIES, (AVG 540206.5333333333)
[1, 4, 10, 23, 57, 132, 301, 701, 1636, 3926, 8930, 20721]...: 6479562: ACCEPTED IN 12 TRIES, (AVG 539963.5)
[1, 4, 10, 23, 57, 132, 301, 701, 1636, 3926, 8930, 20789]...: 7561873: ACCEPTED IN 14 TRIES, (AVG 540133.7857142857)
[1, 4, 10, 23, 57, 132, 301, 701, 1636, 3926, 8930, 20823]...: 7020341: ACCEPTED IN 13 TRIES, (AVG 540026.2307692308)
[1, 4, 10, 23, 57, 132, 301, 701, 1636, 3926, 8930, 20890]...: 5938423: ACCEPTED IN 11 TRIES, (AVG 539856.6363636364)
[1, 4, 10, 23, 57, 132, 301, 701, 1636, 3926, 8930, 20955]...: 4313732: ACCEPTED IN 8 TRIES, (AVG 539216.5)
[1, 4, 10, 23, 57, 132, 301, 701, 1636, 3926, 8930, 21022]...: 5396034: ACCEPTED IN 10 TRIES, (AVG 539603.4)
[1, 4, 10, 23, 57, 132, 301, 701, 1636, 3926, 8930, 21057]...: 10808122: ACCEPTED IN 20 TRIES, (AVG 540406.1)
[1, 4, 10, 23, 57, 132, 301, 701, 1636, 3926, 8930, 21124]...: 9184685: ACCEPTED IN 17 TRIES, (AVG 540275.5882352941)
[1, 4, 10, 23, 57, 132, 301, 701, 1636, 3926, 8930, 21189]...: 10807914: ACCEPTED IN 20 TRIES, (AVG 540395.7)
[1, 4, 10, 23, 57, 132, 301, 701, 1636, 3926, 8930, 21256]...: 7019211: ACCEPTED IN 13 TRIES, (AVG 539939.3076923077)
[1, 4, 10, 23, 57, 132, 301, 701, 1636, 3926, 8930, 21358]...: 10806069: ACCEPTED IN 20 TRIES, (AVG 540303.45)
