[1, 4, 10, 23, 57, 132, 301, 701, 1636, 3922, 9334, 20647]...: 9184205: ACCEPTED IN 17 TRIES, (AVG 540247.3529411765)
[1, 4, 10, 23, 57, 132, 301, 701, 1636, 3922, 9334, 20749]...: 11889570: ACCEPTED IN 22 TRIES, (AVG 540435.0)
[1, 4, 10, 23, 57, 132, 301, 701, 1636, 3922, 9334, 20779]...: 6478902: ACCEPTED IN 12 TRIES, (AVG 539908.5)
[1, 4, 10, 23, 57, 132, 301, 701, 1636, 3922, 9334, 20881]...: 6478224: ACCEPTED IN 12 TRIES, (AVG 539852.0)
[1, 4, 10, 23, 57, 132, 301, 701, 1636, 3922, 9334, 21013]...: 6479773: ACCEPTED IN 12 TRIES, (AVG 539981.0833333334)
[1, 4, 10, 23, 57, 132, 301, 701, 1636, 3922, 9334, 21216]...: 5397171: ACCEPTED IN 10 TRIES, (AVG 539717.1)
[1, 4, 10, 23, 57, 132, 301, 701, 1636, 3922, 9334, 21450]...: 5397544: ACCEPTED IN 10 TRIES, (AVG 539754.4)
[1, 4, 10, 23, 57, 132, 301, 701, 1636, 3922, 9334, 21582]...: 4315095: ACCEPTED IN 8 TRIES, (AVG 539386.875)
[1, 4, 10, 23, 57, 132, 301, 701, 1636, 3922, 9334, 21684]...: 9183700: ACCEPTED IN 17 TRIES, (AVG 540217.6470588235)
[1, 4, 10, 23, 57, 132, 301, 701, 1636, 3922, 9334, 21714]...: 9185218: ACCEPTED IN 17 TRIES, (AVG 540306.9411764706)
[1, 4, 10, 23, 57, 132, 301, 701, 1636, 3922, 9334, 21816]...: 5396508: ACCEPTED IN 10 TRIES, (AVG 539650.8)
[1, 4, 10, 23, 57, 132, 301, 701, 1636, 3922, 9334, 21917]...: 4854829: ACCEPTED IN 9 TRIES, (AVG 539425.4444444445)
[1, 4, 10, 23, 57, 132, 301, 701, 1636, 3922, 9334, 21948]...: 4313816: ACCEPTED IN 8 TRIES, (AVG 539227.0)
[1, 4, 10, 23, 57, 132, 301, 701, 1636, 3922, 9334, 22151]...: 4314957: ACCEPTED IN 8 TRIES, (AVG 539369.625)
[1, 4, 10, 23, 57, 132, 301, 701, 1636, 3922, 9334, 22283]...: 4853371: ACCEPTED IN 9 TRIES, (AVG 539263.4444444445)
[1, 4, 10, 23, 57, 132, 301, 701, 1636, 3922, 9334, 22385]...: 6479841: ACCEPTED IN 12 TRIES, (AVG 539986.75)
