[1, 4, 10, 23, 57, 132, 301, 701, 1636, 3922, 8902, 19587]...: 18382257: ACCEPTED IN 34 TRIES, (AVG 540654.6176470588)
[1, 4, 10, 23, 57, 132, 301, 701, 1636, 3922, 8902, 19617]...: 18384299: ACCEPTED IN 34 TRIES, (AVG 540714.6764705882)
[1, 4, 10, 23, 57, 132, 301, 701, 1636, 3922, 8902, 19619]...: 18925898: ACCEPTED IN 35 TRIES, (AVG 540739.9428571429)
[1, 4, 10, 23, 57, 132, 301, 701, 1636, 3922, 8902, 19620]...: 12432053: ACCEPTED IN 23 TRIES, (AVG 540524.0434782609)
[1, 4, 10, 23, 57, 132, 301, 701, 1636, 3922, 8902, 19624]...: 13513614: ACCEPTED IN 25 TRIES, (AVG 540544.56)
[1, 4, 10, 23, 57, 132, 301, 701, 1636, 3922, 8902, 19650]...: 27583249: ACCEPTED IN 51 TRIES, (AVG 540848.0196078431)
[1, 4, 10, 23, 57, 132, 301, 701, 1636, 3922, 8902, 19657]...: 11891093: ACCEPTED IN 22 TRIES, (AVG 540504.2272727273)
[1, 4, 10, 23, 57, 132, 301, 701, 1636, 3922, 8902, 19661]...: 20007558: ACCEPTED IN 37 TRIES, (AVG 540744.8108108108)
[1, 4, 10, 23, 57, 132, 301, 701, 1636, 3922, 8902, 19682]...: 14055679: ACCEPTED IN 26 TRIES, (AVG 540603.0384615385)
[1, 4, 10, 23, 57, 132, 301, 701, 1636, 3922, 8902, 19687]...: 13513586: ACCEPTED IN 25 TRIES, (AVG 540543.44)
[1, 4, 10, 23, 57, 132, 301, 701, 1636, 3922, 8902, 19698]...: 4856174: ACCEPTED IN 9 TRIES, (AVG 539574.8888888889)
[1, 4, 10, 23, 57, 132, 301, 701, 1636, 3922, 8902, 19719]...: 30287851: ACCEPTED IN 56 TRIES, (AVG 540854.4821428572)
[1, 4, 10, 23, 57, 132, 301, 701, 1636, 3922, 8902, 19749]...: 7020360: ACCEPTED IN 13 TRIES, (AVG 540027.6923076923)
[1, 4, 10, 23, 57, 132, 301, 701, 1636, 3922, 8902, 19752]...: 21088723: ACCEPTED IN 39 TRIES, (AVG 540736.4871794871)
[1, 4, 10, 23, 57, 132, 301, 701, 1636, 3922, 8902, 19756]...: 15135879: ACCEPTED IN 28 TRIES, (AVG 540567.1071428572)
[1, 4, 10, 23, 57, 132, 301, 701, 1636, 3922, 8902, 19786]...: 10807086: ACCEPTED IN 20 TRIES, (AVG 540354.3)
[1, 4, 10, 23, 57, 132, 301, 701, 1636, 3922, 8902, 19789]...: 17843235: ACCEPTED IN 33 TRIES, (AVG 540704.0909090909)
[1, 4, 10, 23, 57, 132, 301, 701, 1636, 3922, 8902, 19793]...: 4314614: ACCEPTED IN 8 TRIES, (AVG 539326.75)
[1, 4, 10, 23, 57, 132, 301, 701, 1636, 3922, 8902, 19819]...: 3773514: ACCEPTED IN 7 TRIES, (AVG 539073.4285714285)
[1, 4, 10, 23, 57, 132, 301, 701, 1636, 3922, 8902, 19830]...: 7561141: ACCEPTED IN 14 TRIES, (AVG 540081.5)
[1, 4, 10, 23, 57, 132, 301, 701, 1636, 3922, 8902, 19851]...: 21630830: ACCEPTED IN 40 TRIES, (AVG 540770.75)
[1, 4, 10, 23, 57, 132, 301, 701, 1636, 3922, 8902, 19884]...: 11349905: ACCEPTED IN 21 TRIES, (AVG 540471.6666666666)
[1, 4, 10, 23, 57, 132, 301, 701, 1636, 3922, 8902, 19885]...: 9726027: ACCEPTED IN 18 TRIES, (AVG 540334.8333333334)
[1, 4, 10, 23, 57, 132, 301, 701, 1636, 3922, 8902, 19888]...: 25416952: ACCEPTED IN 47 TRIES, (AVG 540786.2127659575)
[1, 4, 10, 23, 57, 132, 301, 701, 1636, 3922, 8902, 19918]...: 7561689: ACCEPTED IN 14 TRIES, (AVG 540120.6428571428)
[1, 4, 10, 23, 57, 132, 301, 701, 1636, 3922, 8902, 19920]...: 25419181: ACCEPTED IN 47 TRIES, (AVG 540833.6382978724)
[1, 4, 10, 23, 57, 132, 301, 701, 1636, 3922, 8902, 19921]...: 12972320: ACCEPTED IN 24 TRIES, (AVG 540513.3333333334)
[1, 4, 10, 23, 57, 132, 301, 701, 1636, 3922, 8902, 19925]...: 8100668: ACCEPTED IN 15 TRIES, (AVG 540044.5333333333)
[1, 4, 10, 23, 57, 132, 301, 701, 1636, 3922, 8902, 19951]...: 20006757: ACCEPTED IN 37 TRIES, (AVG 540723.1621621621)
[1, 4, 10, 23, 57, 132, 301, 701, 1636, 3922, 8902, 19962]...: 7561009: ACCEPTED IN 14 TRIES, (AVG 540072.0714285715)
[1, 4, 10, 23, 57, 132, 301, 701, 1636, 3922, 8902, 19983]...: 23254538: ACCEPTED IN 43 TRIES, (AVG 540803.2093023256)
[1, 4, 10, 23, 57, 132, 301, 701, 1636, 3922, 8902, 20017]...: 14055303: ACCEPTED IN 26 TRIES, (AVG 540588.5769230769)
[1, 4, 10, 23, 57, 132, 301, 701, 1636, 3922, 8902, 20020]...: 18384086: ACCEPTED IN 34 TRIES, (AVG 540708.4117647059)
[1, 4, 10, 23, 57, 132, 301, 701, 1636, 3922, 8902, 20050]...: 27042933: ACCEPTED IN 50 TRIES, (AVG 540858.66)
[1, 4, 10, 23, 57, 132, 301, 701, 1636, 3922, 8902, 20053]...: 43818199: ACCEPTED IN 81 TRIES, (AVG 540965.4197530864)
[1, 4, 10, 23, 57, 132, 301, 701, 1636, 3922, 8902, 20057]...: 7019256: ACCEPTED IN 13 TRIES, (AVG 539942.7692307692)
[1, 4, 10, 23, 57, 132, 301, 701, 1636, 3922, 8902, 20087]...: 14055583: ACCEPTED IN 26 TRIES, (AVG 540599.3461538461)
[1, 4, 10, 23, 57, 132, 301, 701, 1636, 3922, 8902, 20094]...: 12431650: ACCEPTED IN 23 TRIES, (AVG 540506.5217391305)
[1, 4, 10, 23, 57, 132, 301, 701, 1636, 3922, 8902, 20119]...: 9185000: ACCEPTED IN 17 TRIES, (AVG 540294.1176470588)
[1, 4, 10, 23, 57, 132, 301, 701, 1636, 3922, 8902, 20149]...: 4856320: ACCEPTED IN 9 TRIES, (AVG 539591.1111111111)
[1, 4, 10, 23, 57, 132, 301, 701, 1636, 3922, 8902, 20152]...: 3773948: ACCEPTED IN 7 TRIES, (AVG 539135.4285714285)
[1, 4, 10, 23, 57, 132, 301, 701, 1636, 3922, 8902, 20185]...: 5938661: ACCEPTED IN 11 TRIES, (AVG 539878.2727272727)
[1, 4, 10, 23, 57, 132, 301, 701, 1636, 3922, 8902, 20186]...: 21090471: ACCEPTED IN 39 TRIES, (AVG 540781.3076923077)
[1, 4, 10, 23, 57, 132, 301, 701, 1636, 3922, 8902, 20189]...: 8643886: ACCEPTED IN 16 TRIES, (AVG 540242.875)
[1, 4, 10, 23, 57, 132, 301, 701, 1636, 3922, 8902, 20219]...: 4312526: ACCEPTED IN 8 TRIES, (AVG 539065.75)
[1, 4, 10, 23, 57, 132, 301, 701, 1636, 3922, 8902, 20226]...: 15678265: ACCEPTED IN 29 TRIES, (AVG 540629.8275862068)
[1, 4, 10, 23, 57, 132, 301, 701, 1636, 3922, 8902, 20251]...: 18383992: ACCEPTED IN 34 TRIES, (AVG 540705.6470588235)
[1, 4, 10, 23, 57, 132, 301, 701, 1636, 3922, 8902, 20284]...: 10808278: ACCEPTED IN 20 TRIES, (AVG 540413.9)
[1, 4, 10, 23, 57, 132, 301, 701, 1636, 3922, 8902, 20318]...: 5938013: ACCEPTED IN 11 TRIES, (AVG 539819.3636363636)
[1, 4, 10, 23, 57, 132, 301, 701, 1636, 3922, 8902, 20320]...: 12432297: ACCEPTED IN 23 TRIES, (AVG 540534.6521739131)
[1, 4, 10, 23, 57, 132, 301, 701, 1636, 3922, 8902, 20321]...: 9725297: ACCEPTED IN 18 TRIES, (AVG 540294.2777777778)
[1, 4, 10, 23, 57, 132, 301, 701, 1636, 3922, 8902, 20351]...: 9726311: ACCEPTED IN 18 TRIES, (AVG 540350.6111111111)
[1, 4, 10, 23, 57, 132, 301, 701, 1636, 3922, 8902, 20358]...: 5938172: ACCEPTED IN 11 TRIES, (AVG 539833.8181818182)
[1, 4, 10, 23, 57, 132, 301, 701, 1636, 3922, 8902, 20383]...: 4856028: ACCEPTED IN 9 TRIES, (AVG 539558.6666666666)
[1, 4, 10, 23, 57, 132, 301, 701, 1636, 3922, 8902, 20388]...: 16219915: ACCEPTED IN 30 TRIES, (AVG 540663.8333333334)
[1, 4, 10, 23, 57, 132, 301, 701, 1636, 3922, 8902, 20420]...: 13511522: ACCEPTED IN 25 TRIES, (AVG 540460.88)
[1, 4, 10, 23, 57, 132, 301, 701, 1636, 3922, 8902, 20450]...: 5938082: ACCEPTED IN 11 TRIES, (AVG 539825.6363636364)
[1, 4, 10, 23, 57, 132, 301, 701, 1636, 3922, 8902, 20453]...: 9725173: ACCEPTED IN 18 TRIES, (AVG 540287.3888888889)
[1, 4, 10, 23, 57, 132, 301, 701, 1636, 3922, 8902, 20487]...: 8642640: ACCEPTED IN 16 TRIES, (AVG 540165.0)
[1, 4, 10, 23, 57, 132, 301, 701, 1636, 3922, 8902, 20490]...: 5396307: ACCEPTED IN 10 TRIES, (AVG 539630.7)
[1, 4, 10, 23, 57, 132, 301, 701, 1636, 3922, 8902, 20520]...: 5397191: ACCEPTED IN 10 TRIES, (AVG 539719.1)
[1, 4, 10, 23, 57, 132, 301, 701, 1636, 3922, 8902, 20552]...: 9726651: ACCEPTED IN 18 TRIES, (AVG 540369.5)
[1, 4, 10, 23, 57, 132, 301, 701, 1636, 3922, 8902, 20554]...: 12431282: ACCEPTED IN 23 TRIES, (AVG 540490.5217391305)
[1, 4, 10, 23, 57, 132, 301, 701, 1636, 3922, 8902, 20585]...: 16760933: ACCEPTED IN 31 TRIES, (AVG 540675.2580645161)
[1, 4, 10, 23, 57, 132, 301, 701, 1636, 3922, 8902, 20586]...: 20005924: ACCEPTED IN 37 TRIES, (AVG 540700.6486486486)
[1, 4, 10, 23, 57, 132, 301, 701, 1636, 3922, 8902, 20617]...: 16759287: ACCEPTED IN 31 TRIES, (AVG 540622.1612903225)
[1, 4, 10, 23, 57, 132, 301, 701, 1636, 3922, 8902, 20619]...: 12972864: ACCEPTED IN 24 TRIES, (AVG 540536.0)
[1, 4, 10, 23, 57, 132, 301, 701, 1636, 3922, 8902, 20621]...: 26500407: ACCEPTED IN 49 TRIES, (AVG 540824.6326530612)
[1, 4, 10, 23, 57, 132, 301, 701, 1636, 3922, 8902, 20622]...: 10808538: ACCEPTED IN 20 TRIES, (AVG 540426.9)
[1, 4, 10, 23, 57, 132, 301, 701, 1636, 3922, 8902, 20652]...: 20547715: ACCEPTED IN 38 TRIES, (AVG 540729.3421052631)
[1, 4, 10, 23, 57, 132, 301, 701, 1636, 3922, 8902, 20684]...: 8103235: ACCEPTED IN 15 TRIES, (AVG 540215.6666666666)
[1, 4, 10, 23, 57, 132, 301, 701, 1636, 3922, 8902, 20686]...: 6479490: ACCEPTED IN 12 TRIES, (AVG 539957.5)
[1, 4, 10, 23, 57, 132, 301, 701, 1636, 3922, 8902, 20718]...: 11890896: ACCEPTED IN 22 TRIES, (AVG 540495.2727272727)
[1, 4, 10, 23, 57, 132, 301, 701, 1636, 3922, 8902, 20721]...: 4314428: ACCEPTED IN 8 TRIES, (AVG 539303.5)
[1, 4, 10, 23, 57, 132, 301, 701, 1636, 3922, 8902, 20751]...: 8642831: ACCEPTED IN 16 TRIES, (AVG 540176.9375)
[1, 4, 10, 23, 57, 132, 301, 701, 1636, 3922, 8902, 20754]...: 9725124: ACCEPTED IN 18 TRIES, (AVG 540284.6666666666)
[1, 4, 10, 23, 57, 132, 301, 701, 1636, 3922, 8902, 20788]...: 5937084: ACCEPTED IN 11 TRIES, (AVG 539734.9090909091)
[1, 4, 10, 23, 57, 132, 301, 701, 1636, 3922, 8902, 20818]...: 10806617: ACCEPTED IN 20 TRIES, (AVG 540330.85)
[1, 4, 10, 23, 57, 132, 301, 701, 1636, 3922, 8902, 20819]...: 18923459: ACCEPTED IN 35 TRIES, (AVG 540670.2571428572)
[1, 4, 10, 23, 57, 132, 301, 701, 1636, 3922, 8902, 20820]...: 9182935: ACCEPTED IN 17 TRIES, (AVG 540172.6470588235)
[1, 4, 10, 23, 57, 132, 301, 701, 1636, 3922, 8902, 20850]...: 7561518: ACCEPTED IN 14 TRIES, (AVG 540108.4285714285)
[1, 4, 10, 23, 57, 132, 301, 701, 1636, 3922, 8902, 20853]...: 12431245: ACCEPTED IN 23 TRIES, (AVG 540488.9130434783)
[1, 4, 10, 23, 57, 132, 301, 701, 1636, 3922, 8902, 20855]...: 15137866: ACCEPTED IN 28 TRIES, (AVG 540638.0714285715)
[1, 4, 10, 23, 57, 132, 301, 701, 1636, 3922, 8902, 20886]...: 20005835: ACCEPTED IN 37 TRIES, (AVG 540698.2432432432)
[1, 4, 10, 23, 57, 132, 301, 701, 1636, 3922, 8902, 20887]...: 8102028: ACCEPTED IN 15 TRIES, (AVG 540135.2)
[1, 4, 10, 23, 57, 132, 301, 701, 1636, 3922, 8902, 20918]...: 8643263: ACCEPTED IN 16 TRIES, (AVG 540203.9375)
[1, 4, 10, 23, 57, 132, 301, 701, 1636, 3922, 8902, 20920]...: 4855844: ACCEPTED IN 9 TRIES, (AVG 539538.2222222222)
[1, 4, 10, 23, 57, 132, 301, 701, 1636, 3922, 8902, 20952]...: 14055511: ACCEPTED IN 26 TRIES, (AVG 540596.5769230769)
[1, 4, 10, 23, 57, 132, 301, 701, 1636, 3922, 8902, 20985]...: 15136638: ACCEPTED IN 28 TRIES, (AVG 540594.2142857143)
[1, 4, 10, 23, 57, 132, 301, 701, 1636, 3922, 8902, 20987]...: 10266225: ACCEPTED IN 19 TRIES, (AVG 540327.6315789474)
[1, 4, 10, 23, 57, 132, 301, 701, 1636, 3922, 8902, 21019]...: 13514076: ACCEPTED IN 25 TRIES, (AVG 540563.04)
[1, 4, 10, 23, 57, 132, 301, 701, 1636, 3922, 8902, 21022]...: 3773008: ACCEPTED IN 7 TRIES, (AVG 539001.1428571428)
[1, 4, 10, 23, 57, 132, 301, 701, 1636, 3922, 8902, 21052]...: 20006349: ACCEPTED IN 37 TRIES, (AVG 540712.1351351351)
[1, 4, 10, 23, 57, 132, 301, 701, 1636, 3922, 8902, 21084]...: 9726325: ACCEPTED IN 18 TRIES, (AVG 540351.3888888889)
[1, 4, 10, 23, 57, 132, 301, 701, 1636, 3922, 8902, 21089]...: 3773952: ACCEPTED IN 7 TRIES, (AVG 539136.0)
[1, 4, 10, 23, 57, 132, 301, 701, 1636, 3922, 8902, 21119]...: 17842505: ACCEPTED IN 33 TRIES, (AVG 540681.9696969697)
[1, 4, 10, 23, 57, 132, 301, 701, 1636, 3922, 8902, 21120]...: 11889922: ACCEPTED IN 22 TRIES, (AVG 540451.0)
[1, 4, 10, 23, 57, 132, 301, 701, 1636, 3922, 8902, 21121]...: 5397329: ACCEPTED IN 10 TRIES, (AVG 539732.9)
[1, 4, 10, 23, 57, 132, 301, 701, 1636, 3922, 8902, 21151]...: 4313679: ACCEPTED IN 8 TRIES, (AVG 539209.875)
[1, 4, 10, 23, 57, 132, 301, 701, 1636, 3922, 8902, 21154]...: 9185127: ACCEPTED IN 17 TRIES, (AVG 540301.5882352941)
[1, 4, 10, 23, 57, 132, 301, 701, 1636, 3922, 8902, 21188]...: 4855208: ACCEPTED IN 9 TRIES, (AVG 539467.5555555555)
[1, 4, 10, 23, 57, 132, 301, 701, 1636, 3922, 8902, 21219]...: 7019258: ACCEPTED IN 13 TRIES, (AVG 539942.9230769231)
[1, 4, 10, 23, 57, 132, 301, 701, 1636, 3922, 8902, 21221]...: 5395178: ACCEPTED IN 10 TRIES, (AVG 539517.8)
[1, 4, 10, 23, 57, 132, 301, 701, 1636, 3922, 8902, 21253]...: 17301408: ACCEPTED IN 32 TRIES, (AVG 540669.0)
[1, 4, 10, 23, 57, 132, 301, 701, 1636, 3922, 8902, 21255]...: 3773608: ACCEPTED IN 7 TRIES, (AVG 539086.8571428572)
[1, 4, 10, 23, 57, 132, 301, 701, 1636, 3922, 8902, 21286]...: 16217240: ACCEPTED IN 30 TRIES, (AVG 540574.6666666666)
[1, 4, 10, 23, 57, 132, 301, 701, 1636, 3922, 8902, 21287]...: 11349837: ACCEPTED IN 21 TRIES, (AVG 540468.4285714285)
[1, 4, 10, 23, 57, 132, 301, 701, 1636, 3922, 8902, 21318]...: 9183784: ACCEPTED IN 17 TRIES, (AVG 540222.5882352941)
[1, 4, 10, 23, 57, 132, 301, 701, 1636, 3922, 8902, 21320]...: 4314017: ACCEPTED IN 8 TRIES, (AVG 539252.125)
[1, 4, 10, 23, 57, 132, 301, 701, 1636, 3922, 8902, 21323]...: 5395062: ACCEPTED IN 10 TRIES, (AVG 539506.2)
[1, 4, 10, 23, 57, 132, 301, 701, 1636, 3922, 8902, 21353]...: 12430641: ACCEPTED IN 23 TRIES, (AVG 540462.6521739131)
