[1, 4, 10, 23, 57, 132, 301, 701, 1636, 3756, 8616, 18955]...: 45440588: ACCEPTED IN 84 TRIES, (AVG 540959.380952381)
[1, 4, 10, 23, 57, 132, 301, 701, 1636, 3756, 8616, 18956]...: 7561661: ACCEPTED IN 14 TRIES, (AVG 540118.6428571428)
[1, 4, 10, 23, 57, 132, 301, 701, 1636, 3756, 8616, 18959]...: 5938455: ACCEPTED IN 11 TRIES, (AVG 539859.5454545454)
[1, 4, 10, 23, 57, 132, 301, 701, 1636, 3756, 8616, 18979]...: 40029318: ACCEPTED IN 74 TRIES, (AVG 540936.7297297297)
[1, 4, 10, 23, 57, 132, 301, 701, 1636, 3756, 8616, 18980]...: 84943517: ACCEPTED IN 157 TRIES, (AVG 541041.5095541402)
[1, 4, 10, 23, 57, 132, 301, 701, 1636, 3756, 8616, 18982]...: 106048169: ACCEPTED IN 196 TRIES, (AVG 541062.0867346938)
[1, 4, 10, 23, 57, 132, 301, 701, 1636, 3756, 8616, 18983]...: 13514301: ACCEPTED IN 25 TRIES, (AVG 540572.04)
[1, 4, 10, 23, 57, 132, 301, 701, 1636, 3756, 8616, 18985]...: 90896922: ACCEPTED IN 168 TRIES, (AVG 541053.1071428572)
[1, 4, 10, 23, 57, 132, 301, 701, 1636, 3756, 8616, 18987]...: 86567923: ACCEPTED IN 160 TRIES, (AVG 541049.51875)
[1, 4, 10, 23, 57, 132, 301, 701, 1636, 3756, 8616, 18988]...: 8643027: ACCEPTED IN 16 TRIES, (AVG 540189.1875)
[1, 4, 10, 23, 57, 132, 301, 701, 1636, 3756, 8616, 18989]...: 42194724: ACCEPTED IN 78 TRIES, (AVG 540958.0)
[1, 4, 10, 23, 57, 132, 301, 701, 1636, 3756, 8616, 18990]...: 47605652: ACCEPTED IN 88 TRIES, (AVG 540973.3181818182)
[1, 4, 10, 23, 57, 132, 301, 701, 1636, 3756, 8616, 18991]...: 51934620: ACCEPTED IN 96 TRIES, (AVG 540985.625)
[1, 4, 10, 23, 57, 132, 301, 701, 1636, 3756, 8616, 18992]...: 31371501: ACCEPTED IN 58 TRIES, (AVG 540887.948275862)
[1, 4, 10, 23, 57, 132, 301, 701, 1636, 3756, 8616, 19014]...: 43817951: ACCEPTED IN 81 TRIES, (AVG 540962.3580246913)
[1, 4, 10, 23, 57, 132, 301, 701, 1636, 3756, 8616, 19015]...: 40029488: ACCEPTED IN 74 TRIES, (AVG 540939.027027027)
[1, 4, 10, 23, 57, 132, 301, 701, 1636, 3756, 8616, 19018]...: 90354297: ACCEPTED IN 167 TRIES, (AVG 541043.6946107785)
[1, 4, 10, 23, 57, 132, 301, 701, 1636, 3756, 8616, 19019]...: 7560899: ACCEPTED IN 14 TRIES, (AVG 540064.2142857143)
[1, 4, 10, 23, 57, 132, 301, 701, 1636, 3756, 8616, 19020]...: 67628180: ACCEPTED IN 125 TRIES, (AVG 541025.44)
[1, 4, 10, 23, 57, 132, 301, 701, 1636, 3756, 8616, 19021]...: 70873113: ACCEPTED IN 131 TRIES, (AVG 541016.1297709923)
[1, 4, 10, 23, 57, 132, 301, 701, 1636, 3756, 8616, 19023]...: 61134574: ACCEPTED IN 113 TRIES, (AVG 541013.9292035399)
[1, 4, 10, 23, 57, 132, 301, 701, 1636, 3756, 8616, 19026]...: 25959636: ACCEPTED IN 48 TRIES, (AVG 540825.75)
[1, 4, 10, 23, 57, 132, 301, 701, 1636, 3756, 8616, 19046]...: 34617746: ACCEPTED IN 64 TRIES, (AVG 540902.28125)
[1, 4, 10, 23, 57, 132, 301, 701, 1636, 3756, 8616, 19047]...: 18380812: ACCEPTED IN 34 TRIES, (AVG 540612.1176470588)
[1, 4, 10, 23, 57, 132, 301, 701, 1636, 3756, 8616, 19048]...: 28124470: ACCEPTED IN 52 TRIES, (AVG 540855.1923076923)
[1, 4, 10, 23, 57, 132, 301, 701, 1636, 3756, 8616, 19049]...: 33534041: ACCEPTED IN 62 TRIES, (AVG 540871.6290322581)
[1, 4, 10, 23, 57, 132, 301, 701, 1636, 3756, 8616, 19052]...: 74662478: ACCEPTED IN 138 TRIES, (AVG 541032.4492753623)
[1, 4, 10, 23, 57, 132, 301, 701, 1636, 3756, 8616, 19053]...: 37324344: ACCEPTED IN 69 TRIES, (AVG 540932.5217391305)
[1, 4, 10, 23, 57, 132, 301, 701, 1636, 3756, 8616, 19054]...: 105507223: ACCEPTED IN 195 TRIES, (AVG 541062.682051282)
[1, 4, 10, 23, 57, 132, 301, 701, 1636, 3756, 8616, 19057]...: 29206303: ACCEPTED IN 54 TRIES, (AVG 540857.4629629629)
[1, 4, 10, 23, 57, 132, 301, 701, 1636, 3756, 8616, 19058]...: 29206987: ACCEPTED IN 54 TRIES, (AVG 540870.1296296297)
[1, 4, 10, 23, 57, 132, 301, 701, 1636, 3756, 8616, 19079]...: 52473145: ACCEPTED IN 97 TRIES, (AVG 540960.2577319588)
[1, 4, 10, 23, 57, 132, 301, 701, 1636, 3756, 8616, 19082]...: 100637475: ACCEPTED IN 186 TRIES, (AVG 541061.6935483871)
[1, 4, 10, 23, 57, 132, 301, 701, 1636, 3756, 8616, 19083]...: 12973282: ACCEPTED IN 24 TRIES, (AVG 540553.4166666666)
[1, 4, 10, 23, 57, 132, 301, 701, 1636, 3756, 8616, 19084]...: 63840169: ACCEPTED IN 118 TRIES, (AVG 541018.3813559322)
[1, 4, 10, 23, 57, 132, 301, 701, 1636, 3756, 8616, 19087]...: 14596531: ACCEPTED IN 27 TRIES, (AVG 540612.2592592592)
[1, 4, 10, 23, 57, 132, 301, 701, 1636, 3756, 8616, 19088]...: 34077639: ACCEPTED IN 63 TRIES, (AVG 540914.9047619047)
[1, 4, 10, 23, 57, 132, 301, 701, 1636, 3756, 8616, 19089]...: 35158251: ACCEPTED IN 65 TRIES, (AVG 540896.1692307693)
[1, 4, 10, 23, 57, 132, 301, 701, 1636, 3756, 8616, 19090]...: 44359272: ACCEPTED IN 82 TRIES, (AVG 540966.731707317)
[1, 4, 10, 23, 57, 132, 301, 701, 1636, 3756, 8616, 19091]...: 28666166: ACCEPTED IN 53 TRIES, (AVG 540871.0566037736)
[1, 4, 10, 23, 57, 132, 301, 701, 1636, 3756, 8616, 19114]...: 60593296: ACCEPTED IN 112 TRIES, (AVG 541011.5714285715)
[1, 4, 10, 23, 57, 132, 301, 701, 1636, 3756, 8616, 19115]...: 12973467: ACCEPTED IN 24 TRIES, (AVG 540561.125)
[1, 4, 10, 23, 57, 132, 301, 701, 1636, 3756, 8616, 19116]...: 63837959: ACCEPTED IN 118 TRIES, (AVG 540999.6525423729)
[1, 4, 10, 23, 57, 132, 301, 701, 1636, 3756, 8616, 19117]...: 86566256: ACCEPTED IN 160 TRIES, (AVG 541039.1)
[1, 4, 10, 23, 57, 132, 301, 701, 1636, 3756, 8616, 19120]...: 44899318: ACCEPTED IN 83 TRIES, (AVG 540955.6385542168)
[1, 4, 10, 23, 57, 132, 301, 701, 1636, 3756, 8616, 19121]...: 73580415: ACCEPTED IN 136 TRIES, (AVG 541032.4632352941)
[1, 4, 10, 23, 57, 132, 301, 701, 1636, 3756, 8616, 19122]...: 18925865: ACCEPTED IN 35 TRIES, (AVG 540739.0)
[1, 4, 10, 23, 57, 132, 301, 701, 1636, 3756, 8616, 19123]...: 12431822: ACCEPTED IN 23 TRIES, (AVG 540514.0)
[1, 4, 10, 23, 57, 132, 301, 701, 1636, 3756, 8616, 19124]...: 39487806: ACCEPTED IN 73 TRIES, (AVG 540928.8493150685)
[1, 4, 10, 23, 57, 132, 301, 701, 1636, 3756, 8616, 19125]...: 9726430: ACCEPTED IN 18 TRIES, (AVG 540357.2222222222)
[1, 4, 10, 23, 57, 132, 301, 701, 1636, 3756, 8616, 19148]...: 4313987: ACCEPTED IN 8 TRIES, (AVG 539248.375)
[1, 4, 10, 23, 57, 132, 301, 701, 1636, 3756, 8616, 19151]...: 48687113: ACCEPTED IN 90 TRIES, (AVG 540967.9222222222)
[1, 4, 10, 23, 57, 132, 301, 701, 1636, 3756, 8616, 19152]...: 41652637: ACCEPTED IN 77 TRIES, (AVG 540943.3376623377)
[1, 4, 10, 23, 57, 132, 301, 701, 1636, 3756, 8616, 19153]...: 31913081: ACCEPTED IN 59 TRIES, (AVG 540899.6779661017)
[1, 4, 10, 23, 57, 132, 301, 701, 1636, 3756, 8616, 19154]...: 37865215: ACCEPTED IN 70 TRIES, (AVG 540931.6428571428)
[1, 4, 10, 23, 57, 132, 301, 701, 1636, 3756, 8616, 19155]...: 74120743: ACCEPTED IN 137 TRIES, (AVG 541027.3211678832)
[1, 4, 10, 23, 57, 132, 301, 701, 1636, 3756, 8616, 19156]...: 25419146: ACCEPTED IN 47 TRIES, (AVG 540832.8936170213)
[1, 4, 10, 23, 57, 132, 301, 701, 1636, 3756, 8616, 19157]...: 5937423: ACCEPTED IN 11 TRIES, (AVG 539765.7272727273)
[1, 4, 10, 23, 57, 132, 301, 701, 1636, 3756, 8616, 19158]...: 44359317: ACCEPTED IN 82 TRIES, (AVG 540967.2804878049)
[1, 4, 10, 23, 57, 132, 301, 701, 1636, 3756, 8616, 19180]...: 48146893: ACCEPTED IN 89 TRIES, (AVG 540976.3258426966)
[1, 4, 10, 23, 57, 132, 301, 701, 1636, 3756, 8616, 19181]...: 49770611: ACCEPTED IN 92 TRIES, (AVG 540984.9021739131)
[1, 4, 10, 23, 57, 132, 301, 701, 1636, 3756, 8616, 19182]...: 74121265: ACCEPTED IN 137 TRIES, (AVG 541031.1313868613)
[1, 4, 10, 23, 57, 132, 301, 701, 1636, 3756, 8616, 19184]...: 86026252: ACCEPTED IN 159 TRIES, (AVG 541045.6100628931)
[1, 4, 10, 23, 57, 132, 301, 701, 1636, 3756, 8616, 19185]...: 11348533: ACCEPTED IN 21 TRIES, (AVG 540406.3333333334)
[1, 4, 10, 23, 57, 132, 301, 701, 1636, 3756, 8616, 19186]...: 63839662: ACCEPTED IN 118 TRIES, (AVG 541014.0847457628)
[1, 4, 10, 23, 57, 132, 301, 701, 1636, 3756, 8616, 19187]...: 28123521: ACCEPTED IN 52 TRIES, (AVG 540836.9423076923)
[1, 4, 10, 23, 57, 132, 301, 701, 1636, 3756, 8616, 19188]...: 88190598: ACCEPTED IN 163 TRIES, (AVG 541046.6134969326)
[1, 4, 10, 23, 57, 132, 301, 701, 1636, 3756, 8616, 19189]...: 29207078: ACCEPTED IN 54 TRIES, (AVG 540871.8148148148)
[1, 4, 10, 23, 57, 132, 301, 701, 1636, 3756, 8616, 19190]...: 39487725: ACCEPTED IN 73 TRIES, (AVG 540927.7397260274)
[1, 4, 10, 23, 57, 132, 301, 701, 1636, 3756, 8616, 19213]...: 71415339: ACCEPTED IN 132 TRIES, (AVG 541025.2954545454)
[1, 4, 10, 23, 57, 132, 301, 701, 1636, 3756, 8616, 19215]...: 32453730: ACCEPTED IN 60 TRIES, (AVG 540895.5)
[1, 4, 10, 23, 57, 132, 301, 701, 1636, 3756, 8616, 19218]...: 28124890: ACCEPTED IN 52 TRIES, (AVG 540863.2692307692)
[1, 4, 10, 23, 57, 132, 301, 701, 1636, 3756, 8616, 19219]...: 67085239: ACCEPTED IN 124 TRIES, (AVG 541009.9919354839)
[1, 4, 10, 23, 57, 132, 301, 701, 1636, 3756, 8616, 19221]...: 24877619: ACCEPTED IN 46 TRIES, (AVG 540817.804347826)
[1, 4, 10, 23, 57, 132, 301, 701, 1636, 3756, 8616, 19222]...: 36783229: ACCEPTED IN 68 TRIES, (AVG 540929.8382352941)
[1, 4, 10, 23, 57, 132, 301, 701, 1636, 3756, 8616, 19223]...: 31370055: ACCEPTED IN 58 TRIES, (AVG 540863.0172413794)
[1, 4, 10, 23, 57, 132, 301, 701, 1636, 3756, 8616, 19224]...: 34077727: ACCEPTED IN 63 TRIES, (AVG 540916.3015873015)
[1, 4, 10, 23, 57, 132, 301, 701, 1636, 3756, 8616, 19247]...: 54640483: ACCEPTED IN 101 TRIES, (AVG 540994.8811881188)
[1, 4, 10, 23, 57, 132, 301, 701, 1636, 3756, 8616, 19248]...: 9185143: ACCEPTED IN 17 TRIES, (AVG 540302.5294117647)
[1, 4, 10, 23, 57, 132, 301, 701, 1636, 3756, 8616, 19250]...: 53558368: ACCEPTED IN 99 TRIES, (AVG 540993.6161616162)
[1, 4, 10, 23, 57, 132, 301, 701, 1636, 3756, 8616, 19251]...: 71414835: ACCEPTED IN 132 TRIES, (AVG 541021.4772727273)
[1, 4, 10, 23, 57, 132, 301, 701, 1636, 3756, 8616, 19252]...: 110377637: ACCEPTED IN 204 TRIES, (AVG 541066.8480392157)
[1, 4, 10, 23, 57, 132, 301, 701, 1636, 3756, 8616, 19253]...: 84943931: ACCEPTED IN 157 TRIES, (AVG 541044.1464968153)
[1, 4, 10, 23, 57, 132, 301, 701, 1636, 3756, 8616, 19254]...: 18925617: ACCEPTED IN 35 TRIES, (AVG 540731.9142857143)
[1, 4, 10, 23, 57, 132, 301, 701, 1636, 3756, 8616, 19255]...: 33536296: ACCEPTED IN 62 TRIES, (AVG 540908.0)
[1, 4, 10, 23, 57, 132, 301, 701, 1636, 3756, 8616, 19256]...: 34617877: ACCEPTED IN 64 TRIES, (AVG 540904.328125)
[1, 4, 10, 23, 57, 132, 301, 701, 1636, 3756, 8616, 19257]...: 41651833: ACCEPTED IN 77 TRIES, (AVG 540932.8961038961)
[1, 4, 10, 23, 57, 132, 301, 701, 1636, 3756, 8616, 19260]...: 26501645: ACCEPTED IN 49 TRIES, (AVG 540849.8979591837)
[1, 4, 10, 23, 57, 132, 301, 701, 1636, 3756, 8616, 19281]...: 34077442: ACCEPTED IN 63 TRIES, (AVG 540911.7777777778)
[1, 4, 10, 23, 57, 132, 301, 701, 1636, 3756, 8616, 19284]...: 17301085: ACCEPTED IN 32 TRIES, (AVG 540658.90625)
[1, 4, 10, 23, 57, 132, 301, 701, 1636, 3756, 8616, 19285]...: 9185403: ACCEPTED IN 17 TRIES, (AVG 540317.8235294118)
[1, 4, 10, 23, 57, 132, 301, 701, 1636, 3756, 8616, 19286]...: 27584126: ACCEPTED IN 51 TRIES, (AVG 540865.2156862745)
[1, 4, 10, 23, 57, 132, 301, 701, 1636, 3756, 8616, 19287]...: 74120449: ACCEPTED IN 137 TRIES, (AVG 541025.1751824818)
[1, 4, 10, 23, 57, 132, 301, 701, 1636, 3756, 8616, 19288]...: 40028941: ACCEPTED IN 74 TRIES, (AVG 540931.6351351351)
[1, 4, 10, 23, 57, 132, 301, 701, 1636, 3756, 8616, 19289]...: 34077790: ACCEPTED IN 63 TRIES, (AVG 540917.3015873015)
[1, 4, 10, 23, 57, 132, 301, 701, 1636, 3756, 8616, 19290]...: 11890927: ACCEPTED IN 22 TRIES, (AVG 540496.6818181818)
[1, 4, 10, 23, 57, 132, 301, 701, 1636, 3756, 8616, 19291]...: 18923477: ACCEPTED IN 35 TRIES, (AVG 540670.7714285714)
[1, 4, 10, 23, 57, 132, 301, 701, 1636, 3756, 8616, 19292]...: 27584148: ACCEPTED IN 51 TRIES, (AVG 540865.6470588235)
[1, 4, 10, 23, 57, 132, 301, 701, 1636, 3756, 8616, 19312]...: 11890084: ACCEPTED IN 22 TRIES, (AVG 540458.3636363636)
[1, 4, 10, 23, 57, 132, 301, 701, 1636, 3756, 8616, 19315]...: 62216590: ACCEPTED IN 115 TRIES, (AVG 541013.8260869565)
[1, 4, 10, 23, 57, 132, 301, 701, 1636, 3756, 8616, 19317]...: 43275392: ACCEPTED IN 80 TRIES, (AVG 540942.4)
[1, 4, 10, 23, 57, 132, 301, 701, 1636, 3756, 8616, 19318]...: 43817185: ACCEPTED IN 81 TRIES, (AVG 540952.9012345679)
[1, 4, 10, 23, 57, 132, 301, 701, 1636, 3756, 8616, 19320]...: 27042588: ACCEPTED IN 50 TRIES, (AVG 540851.76)
[1, 4, 10, 23, 57, 132, 301, 701, 1636, 3756, 8616, 19322]...: 11349220: ACCEPTED IN 21 TRIES, (AVG 540439.0476190476)
[1, 4, 10, 23, 57, 132, 301, 701, 1636, 3756, 8616, 19323]...: 19466086: ACCEPTED IN 36 TRIES, (AVG 540724.6111111111)
[1, 4, 10, 23, 57, 132, 301, 701, 1636, 3756, 8616, 19327]...: 39489002: ACCEPTED IN 73 TRIES, (AVG 540945.2328767123)
[1, 4, 10, 23, 57, 132, 301, 701, 1636, 3756, 8616, 19347]...: 40028514: ACCEPTED IN 74 TRIES, (AVG 540925.8648648649)
[1, 4, 10, 23, 57, 132, 301, 701, 1636, 3756, 8616, 19348]...: 31371190: ACCEPTED IN 58 TRIES, (AVG 540882.5862068966)
[1, 4, 10, 23, 57, 132, 301, 701, 1636, 3756, 8616, 19349]...: 53016946: ACCEPTED IN 98 TRIES, (AVG 540989.2448979592)
[1, 4, 10, 23, 57, 132, 301, 701, 1636, 3756, 8616, 19350]...: 62216438: ACCEPTED IN 115 TRIES, (AVG 541012.5043478261)
[1, 4, 10, 23, 57, 132, 301, 701, 1636, 3756, 8616, 19351]...: 87649765: ACCEPTED IN 162 TRIES, (AVG 541047.9320987654)
[1, 4, 10, 23, 57, 132, 301, 701, 1636, 3756, 8616, 19353]...: 11349511: ACCEPTED IN 21 TRIES, (AVG 540452.9047619047)
[1, 4, 10, 23, 57, 132, 301, 701, 1636, 3756, 8616, 19354]...: 8641806: ACCEPTED IN 16 TRIES, (AVG 540112.875)
[1, 4, 10, 23, 57, 132, 301, 701, 1636, 3756, 8616, 19356]...: 21631146: ACCEPTED IN 40 TRIES, (AVG 540778.65)
[1, 4, 10, 23, 57, 132, 301, 701, 1636, 3756, 8616, 19358]...: 43817504: ACCEPTED IN 81 TRIES, (AVG 540956.8395061728)
[1, 4, 10, 23, 57, 132, 301, 701, 1636, 3756, 8616, 19359]...: 31912276: ACCEPTED IN 59 TRIES, (AVG 540886.033898305)
[1, 4, 10, 23, 57, 132, 301, 701, 1636, 3756, 8616, 19380]...: 49770392: ACCEPTED IN 92 TRIES, (AVG 540982.5217391305)
[1, 4, 10, 23, 57, 132, 301, 701, 1636, 3756, 8616, 19383]...: 85484898: ACCEPTED IN 158 TRIES, (AVG 541043.6582278481)
[1, 4, 10, 23, 57, 132, 301, 701, 1636, 3756, 8616, 19384]...: 63839962: ACCEPTED IN 118 TRIES, (AVG 541016.6271186441)
[1, 4, 10, 23, 57, 132, 301, 701, 1636, 3756, 8616, 19385]...: 48684860: ACCEPTED IN 90 TRIES, (AVG 540942.8888888889)
[1, 4, 10, 23, 57, 132, 301, 701, 1636, 3756, 8616, 19386]...: 11350063: ACCEPTED IN 21 TRIES, (AVG 540479.1904761905)
[1, 4, 10, 23, 57, 132, 301, 701, 1636, 3756, 8616, 19387]...: 5397046: ACCEPTED IN 10 TRIES, (AVG 539704.6)
[1, 4, 10, 23, 57, 132, 301, 701, 1636, 3756, 8616, 19388]...: 4855706: ACCEPTED IN 9 TRIES, (AVG 539522.8888888889)
[1, 4, 10, 23, 57, 132, 301, 701, 1636, 3756, 8616, 19389]...: 40029375: ACCEPTED IN 74 TRIES, (AVG 540937.5)
[1, 4, 10, 23, 57, 132, 301, 701, 1636, 3756, 8616, 19390]...: 26501845: ACCEPTED IN 49 TRIES, (AVG 540853.9795918367)
[1, 4, 10, 23, 57, 132, 301, 701, 1636, 3756, 8616, 19391]...: 21090309: ACCEPTED IN 39 TRIES, (AVG 540777.1538461539)
[1, 4, 10, 23, 57, 132, 301, 701, 1636, 3756, 8616, 19392]...: 27040674: ACCEPTED IN 50 TRIES, (AVG 540813.48)
[1, 4, 10, 23, 57, 132, 301, 701, 1636, 3756, 8616, 19414]...: 5938286: ACCEPTED IN 11 TRIES, (AVG 539844.1818181818)
[1, 4, 10, 23, 57, 132, 301, 701, 1636, 3756, 8616, 19415]...: 38405726: ACCEPTED IN 71 TRIES, (AVG 540925.7183098592)
[1, 4, 10, 23, 57, 132, 301, 701, 1636, 3756, 8616, 19416]...: 38947274: ACCEPTED IN 72 TRIES, (AVG 540934.3611111111)
[1, 4, 10, 23, 57, 132, 301, 701, 1636, 3756, 8616, 19417]...: 70874894: ACCEPTED IN 131 TRIES, (AVG 541029.7251908397)
[1, 4, 10, 23, 57, 132, 301, 701, 1636, 3756, 8616, 19418]...: 41652963: ACCEPTED IN 77 TRIES, (AVG 540947.5714285715)
[1, 4, 10, 23, 57, 132, 301, 701, 1636, 3756, 8616, 19419]...: 101177618: ACCEPTED IN 187 TRIES, (AVG 541056.7807486631)
[1, 4, 10, 23, 57, 132, 301, 701, 1636, 3756, 8616, 19421]...: 18925231: ACCEPTED IN 35 TRIES, (AVG 540720.8857142857)
[1, 4, 10, 23, 57, 132, 301, 701, 1636, 3756, 8616, 19422]...: 35154985: ACCEPTED IN 65 TRIES, (AVG 540845.9230769231)
[1, 4, 10, 23, 57, 132, 301, 701, 1636, 3756, 8616, 19423]...: 28665824: ACCEPTED IN 53 TRIES, (AVG 540864.6037735849)
[1, 4, 10, 23, 57, 132, 301, 701, 1636, 3756, 8616, 19424]...: 21631471: ACCEPTED IN 40 TRIES, (AVG 540786.775)
[1, 4, 10, 23, 57, 132, 301, 701, 1636, 3756, 8616, 19447]...: 27583853: ACCEPTED IN 51 TRIES, (AVG 540859.8627450981)
[1, 4, 10, 23, 57, 132, 301, 701, 1636, 3756, 8616, 19449]...: 11348357: ACCEPTED IN 21 TRIES, (AVG 540397.9523809524)
[1, 4, 10, 23, 57, 132, 301, 701, 1636, 3756, 8616, 19450]...: 34618713: ACCEPTED IN 64 TRIES, (AVG 540917.390625)
[1, 4, 10, 23, 57, 132, 301, 701, 1636, 3756, 8616, 19452]...: 14596057: ACCEPTED IN 27 TRIES, (AVG 540594.7037037037)
[1, 4, 10, 23, 57, 132, 301, 701, 1636, 3756, 8616, 19453]...: 29207354: ACCEPTED IN 54 TRIES, (AVG 540876.925925926)
[1, 4, 10, 23, 57, 132, 301, 701, 1636, 3756, 8616, 19454]...: 16219263: ACCEPTED IN 30 TRIES, (AVG 540642.1)
[1, 4, 10, 23, 57, 132, 301, 701, 1636, 3756, 8616, 19455]...: 28123056: ACCEPTED IN 52 TRIES, (AVG 540828.0)
[1, 4, 10, 23, 57, 132, 301, 701, 1636, 3756, 8616, 19457]...: 17842683: ACCEPTED IN 33 TRIES, (AVG 540687.3636363636)
[1, 4, 10, 23, 57, 132, 301, 701, 1636, 3756, 8616, 19458]...: 38406688: ACCEPTED IN 71 TRIES, (AVG 540939.2676056338)
[1, 4, 10, 23, 57, 132, 301, 701, 1636, 3756, 8616, 19459]...: 19466404: ACCEPTED IN 36 TRIES, (AVG 540733.4444444445)
[1, 4, 10, 23, 57, 132, 301, 701, 1636, 3756, 8616, 19481]...: 48688458: ACCEPTED IN 90 TRIES, (AVG 540982.8666666667)
[1, 4, 10, 23, 57, 132, 301, 701, 1636, 3756, 8616, 19482]...: 34077367: ACCEPTED IN 63 TRIES, (AVG 540910.5873015873)
[1, 4, 10, 23, 57, 132, 301, 701, 1636, 3756, 8616, 19484]...: 39488285: ACCEPTED IN 73 TRIES, (AVG 540935.4109589041)
[1, 4, 10, 23, 57, 132, 301, 701, 1636, 3756, 8616, 19485]...: 56803849: ACCEPTED IN 105 TRIES, (AVG 540989.0380952382)
[1, 4, 10, 23, 57, 132, 301, 701, 1636, 3756, 8616, 19486]...: 31913113: ACCEPTED IN 59 TRIES, (AVG 540900.220338983)
[1, 4, 10, 23, 57, 132, 301, 701, 1636, 3756, 8616, 19487]...: 80073964: ACCEPTED IN 148 TRIES, (AVG 541040.2972972973)
[1, 4, 10, 23, 57, 132, 301, 701, 1636, 3756, 8616, 19488]...: 34077547: ACCEPTED IN 63 TRIES, (AVG 540913.4444444445)
[1, 4, 10, 23, 57, 132, 301, 701, 1636, 3756, 8616, 19489]...: 34618240: ACCEPTED IN 64 TRIES, (AVG 540910.0)
[1, 4, 10, 23, 57, 132, 301, 701, 1636, 3756, 8616, 19490]...: 37862810: ACCEPTED IN 70 TRIES, (AVG 540897.2857142857)
[1, 4, 10, 23, 57, 132, 301, 701, 1636, 3756, 8616, 19491]...: 38405980: ACCEPTED IN 71 TRIES, (AVG 540929.2957746478)
[1, 4, 10, 23, 57, 132, 301, 701, 1636, 3756, 8616, 19514]...: 18925355: ACCEPTED IN 35 TRIES, (AVG 540724.4285714285)
[1, 4, 10, 23, 57, 132, 301, 701, 1636, 3756, 8616, 19515]...: 30830498: ACCEPTED IN 57 TRIES, (AVG 540885.9298245613)
[1, 4, 10, 23, 57, 132, 301, 701, 1636, 3756, 8616, 19516]...: 49770433: ACCEPTED IN 92 TRIES, (AVG 540982.9673913043)
[1, 4, 10, 23, 57, 132, 301, 701, 1636, 3756, 8616, 19517]...: 60051523: ACCEPTED IN 111 TRIES, (AVG 541004.7117117117)
[1, 4, 10, 23, 57, 132, 301, 701, 1636, 3756, 8616, 19518]...: 53017390: ACCEPTED IN 98 TRIES, (AVG 540993.775510204)
[1, 4, 10, 23, 57, 132, 301, 701, 1636, 3756, 8616, 19519]...: 11349602: ACCEPTED IN 21 TRIES, (AVG 540457.2380952381)
[1, 4, 10, 23, 57, 132, 301, 701, 1636, 3756, 8616, 19520]...: 33536359: ACCEPTED IN 62 TRIES, (AVG 540909.0161290322)
[1, 4, 10, 23, 57, 132, 301, 701, 1636, 3756, 8616, 19521]...: 37864380: ACCEPTED IN 70 TRIES, (AVG 540919.7142857143)
[1, 4, 10, 23, 57, 132, 301, 701, 1636, 3756, 8616, 19522]...: 33534151: ACCEPTED IN 62 TRIES, (AVG 540873.4032258064)
[1, 4, 10, 23, 57, 132, 301, 701, 1636, 3756, 8616, 19523]...: 5397489: ACCEPTED IN 10 TRIES, (AVG 539748.9)
[1, 4, 10, 23, 57, 132, 301, 701, 1636, 3756, 8616, 19524]...: 12430697: ACCEPTED IN 23 TRIES, (AVG 540465.0869565217)
[1, 4, 10, 23, 57, 132, 301, 701, 1636, 3756, 8616, 19525]...: 28123770: ACCEPTED IN 52 TRIES, (AVG 540841.7307692308)
[1, 4, 10, 23, 57, 132, 301, 701, 1636, 3756, 8616, 19546]...: 14596825: ACCEPTED IN 27 TRIES, (AVG 540623.1481481482)
[1, 4, 10, 23, 57, 132, 301, 701, 1636, 3756, 8616, 19548]...: 38405028: ACCEPTED IN 71 TRIES, (AVG 540915.8873239437)
[1, 4, 10, 23, 57, 132, 301, 701, 1636, 3756, 8616, 19549]...: 8643614: ACCEPTED IN 16 TRIES, (AVG 540225.875)
[1, 4, 10, 23, 57, 132, 301, 701, 1636, 3756, 8616, 19550]...: 57345992: ACCEPTED IN 106 TRIES, (AVG 540999.9245283019)
[1, 4, 10, 23, 57, 132, 301, 701, 1636, 3756, 8616, 19551]...: 48686775: ACCEPTED IN 90 TRIES, (AVG 540964.1666666666)
[1, 4, 10, 23, 57, 132, 301, 701, 1636, 3756, 8616, 19552]...: 34617513: ACCEPTED IN 64 TRIES, (AVG 540898.640625)
[1, 4, 10, 23, 57, 132, 301, 701, 1636, 3756, 8616, 19553]...: 56804893: ACCEPTED IN 105 TRIES, (AVG 540998.9809523809)
[1, 4, 10, 23, 57, 132, 301, 701, 1636, 3756, 8616, 19554]...: 27042608: ACCEPTED IN 50 TRIES, (AVG 540852.16)
[1, 4, 10, 23, 57, 132, 301, 701, 1636, 3756, 8616, 19555]...: 34617742: ACCEPTED IN 64 TRIES, (AVG 540902.21875)
[1, 4, 10, 23, 57, 132, 301, 701, 1636, 3756, 8616, 19556]...: 9183659: ACCEPTED IN 17 TRIES, (AVG 540215.2352941176)
[1, 4, 10, 23, 57, 132, 301, 701, 1636, 3756, 8616, 19557]...: 32995266: ACCEPTED IN 61 TRIES, (AVG 540906.0)
[1, 4, 10, 23, 57, 132, 301, 701, 1636, 3756, 8616, 19558]...: 19466470: ACCEPTED IN 36 TRIES, (AVG 540735.2777777778)
[1, 4, 10, 23, 57, 132, 301, 701, 1636, 3756, 8616, 19561]...: 7561321: ACCEPTED IN 14 TRIES, (AVG 540094.3571428572)
[1, 4, 10, 23, 57, 132, 301, 701, 1636, 3756, 8616, 19581]...: 11348838: ACCEPTED IN 21 TRIES, (AVG 540420.8571428572)
[1, 4, 10, 23, 57, 132, 301, 701, 1636, 3756, 8616, 19582]...: 31371847: ACCEPTED IN 58 TRIES, (AVG 540893.9137931034)
[1, 4, 10, 23, 57, 132, 301, 701, 1636, 3756, 8616, 19583]...: 9726073: ACCEPTED IN 18 TRIES, (AVG 540337.3888888889)
[1, 4, 10, 23, 57, 132, 301, 701, 1636, 3756, 8616, 19584]...: 53015606: ACCEPTED IN 98 TRIES, (AVG 540975.5714285715)
[1, 4, 10, 23, 57, 132, 301, 701, 1636, 3756, 8616, 19585]...: 38947242: ACCEPTED IN 72 TRIES, (AVG 540933.9166666666)
[1, 4, 10, 23, 57, 132, 301, 701, 1636, 3756, 8616, 19587]...: 10267190: ACCEPTED IN 19 TRIES, (AVG 540378.4210526316)
[1, 4, 10, 23, 57, 132, 301, 701, 1636, 3756, 8616, 19588]...: 27583465: ACCEPTED IN 51 TRIES, (AVG 540852.2549019608)
[1, 4, 10, 23, 57, 132, 301, 701, 1636, 3756, 8616, 19589]...: 35700963: ACCEPTED IN 66 TRIES, (AVG 540923.6818181818)
[1, 4, 10, 23, 57, 132, 301, 701, 1636, 3756, 8616, 19590]...: 40029766: ACCEPTED IN 74 TRIES, (AVG 540942.7837837838)
[1, 4, 10, 23, 57, 132, 301, 701, 1636, 3756, 8616, 19591]...: 9184976: ACCEPTED IN 17 TRIES, (AVG 540292.7058823529)
[1, 4, 10, 23, 57, 132, 301, 701, 1636, 3756, 8616, 19592]...: 28666315: ACCEPTED IN 53 TRIES, (AVG 540873.8679245283)
[1, 4, 10, 23, 57, 132, 301, 701, 1636, 3756, 8616, 19593]...: 18924499: ACCEPTED IN 35 TRIES, (AVG 540699.9714285714)
[1, 4, 10, 23, 57, 132, 301, 701, 1636, 3756, 8616, 19613]...: 28125042: ACCEPTED IN 52 TRIES, (AVG 540866.1923076923)
[1, 4, 10, 23, 57, 132, 301, 701, 1636, 3756, 8616, 19616]...: 40027422: ACCEPTED IN 74 TRIES, (AVG 540911.1081081082)
[1, 4, 10, 23, 57, 132, 301, 701, 1636, 3756, 8616, 19617]...: 48686001: ACCEPTED IN 90 TRIES, (AVG 540955.5666666667)
[1, 4, 10, 23, 57, 132, 301, 701, 1636, 3756, 8616, 19618]...: 41653389: ACCEPTED IN 77 TRIES, (AVG 540953.1038961039)
[1, 4, 10, 23, 57, 132, 301, 701, 1636, 3756, 8616, 19619]...: 40029750: ACCEPTED IN 74 TRIES, (AVG 540942.5675675676)
[1, 4, 10, 23, 57, 132, 301, 701, 1636, 3756, 8616, 19621]...: 28123870: ACCEPTED IN 52 TRIES, (AVG 540843.6538461539)
[1, 4, 10, 23, 57, 132, 301, 701, 1636, 3756, 8616, 19622]...: 17299961: ACCEPTED IN 32 TRIES, (AVG 540623.78125)
[1, 4, 10, 23, 57, 132, 301, 701, 1636, 3756, 8616, 19623]...: 7560654: ACCEPTED IN 14 TRIES, (AVG 540046.7142857143)
[1, 4, 10, 23, 57, 132, 301, 701, 1636, 3756, 8616, 19624]...: 35159639: ACCEPTED IN 65 TRIES, (AVG 540917.5230769231)
[1, 4, 10, 23, 57, 132, 301, 701, 1636, 3756, 8616, 19647]...: 13513799: ACCEPTED IN 25 TRIES, (AVG 540551.96)
[1, 4, 10, 23, 57, 132, 301, 701, 1636, 3756, 8616, 19648]...: 8644112: ACCEPTED IN 16 TRIES, (AVG 540257.0)
[1, 4, 10, 23, 57, 132, 301, 701, 1636, 3756, 8616, 19649]...: 33535081: ACCEPTED IN 62 TRIES, (AVG 540888.4032258064)
[1, 4, 10, 23, 57, 132, 301, 701, 1636, 3756, 8616, 19650]...: 55181411: ACCEPTED IN 102 TRIES, (AVG 540994.225490196)
[1, 4, 10, 23, 57, 132, 301, 701, 1636, 3756, 8616, 19651]...: 20007318: ACCEPTED IN 37 TRIES, (AVG 540738.3243243244)
[1, 4, 10, 23, 57, 132, 301, 701, 1636, 3756, 8616, 19652]...: 34618616: ACCEPTED IN 64 TRIES, (AVG 540915.875)
[1, 4, 10, 23, 57, 132, 301, 701, 1636, 3756, 8616, 19653]...: 19467010: ACCEPTED IN 36 TRIES, (AVG 540750.2777777778)
[1, 4, 10, 23, 57, 132, 301, 701, 1636, 3756, 8616, 19654]...: 14054039: ACCEPTED IN 26 TRIES, (AVG 540539.9615384615)
[1, 4, 10, 23, 57, 132, 301, 701, 1636, 3756, 8616, 19655]...: 19465884: ACCEPTED IN 36 TRIES, (AVG 540719.0)
[1, 4, 10, 23, 57, 132, 301, 701, 1636, 3756, 8616, 19656]...: 54639895: ACCEPTED IN 101 TRIES, (AVG 540989.0594059406)
[1, 4, 10, 23, 57, 132, 301, 701, 1636, 3756, 8616, 19657]...: 17300279: ACCEPTED IN 32 TRIES, (AVG 540633.71875)
[1, 4, 10, 23, 57, 132, 301, 701, 1636, 3756, 8616, 19660]...: 25957187: ACCEPTED IN 48 TRIES, (AVG 540774.7291666666)
[1, 4, 10, 23, 57, 132, 301, 701, 1636, 3756, 8616, 19681]...: 5937499: ACCEPTED IN 11 TRIES, (AVG 539772.6363636364)
[1, 4, 10, 23, 57, 132, 301, 701, 1636, 3756, 8616, 19683]...: 48688035: ACCEPTED IN 90 TRIES, (AVG 540978.1666666666)
[1, 4, 10, 23, 57, 132, 301, 701, 1636, 3756, 8616, 19684]...: 12431631: ACCEPTED IN 23 TRIES, (AVG 540505.695652174)
[1, 4, 10, 23, 57, 132, 301, 701, 1636, 3756, 8616, 19685]...: 34618017: ACCEPTED IN 64 TRIES, (AVG 540906.515625)
[1, 4, 10, 23, 57, 132, 301, 701, 1636, 3756, 8616, 19686]...: 32453335: ACCEPTED IN 60 TRIES, (AVG 540888.9166666666)
[1, 4, 10, 23, 57, 132, 301, 701, 1636, 3756, 8616, 19687]...: 17301625: ACCEPTED IN 32 TRIES, (AVG 540675.78125)
[1, 4, 10, 23, 57, 132, 301, 701, 1636, 3756, 8616, 19688]...: 53017016: ACCEPTED IN 98 TRIES, (AVG 540989.9591836735)
[1, 4, 10, 23, 57, 132, 301, 701, 1636, 3756, 8616, 19689]...: 37864229: ACCEPTED IN 70 TRIES, (AVG 540917.5571428571)
[1, 4, 10, 23, 57, 132, 301, 701, 1636, 3756, 8616, 19690]...: 38406673: ACCEPTED IN 71 TRIES, (AVG 540939.0563380282)
[1, 4, 10, 23, 57, 132, 301, 701, 1636, 3756, 8616, 19691]...: 27583291: ACCEPTED IN 51 TRIES, (AVG 540848.8431372549)
[1, 4, 10, 23, 57, 132, 301, 701, 1636, 3756, 8616, 19692]...: 15678205: ACCEPTED IN 29 TRIES, (AVG 540627.7586206896)
[1, 4, 10, 23, 57, 132, 301, 701, 1636, 3756, 8616, 19693]...: 12972607: ACCEPTED IN 24 TRIES, (AVG 540525.2916666666)
[1, 4, 10, 23, 57, 132, 301, 701, 1636, 3756, 8616, 19715]...: 38946055: ACCEPTED IN 72 TRIES, (AVG 540917.4305555555)
[1, 4, 10, 23, 57, 132, 301, 701, 1636, 3756, 8616, 19716]...: 40029247: ACCEPTED IN 74 TRIES, (AVG 540935.7702702703)
[1, 4, 10, 23, 57, 132, 301, 701, 1636, 3756, 8616, 19717]...: 41652677: ACCEPTED IN 77 TRIES, (AVG 540943.8571428572)
[1, 4, 10, 23, 57, 132, 301, 701, 1636, 3756, 8616, 19718]...: 28124470: ACCEPTED IN 52 TRIES, (AVG 540855.1923076923)
[1, 4, 10, 23, 57, 132, 301, 701, 1636, 3756, 8616, 19719]...: 14596182: ACCEPTED IN 27 TRIES, (AVG 540599.3333333334)
[1, 4, 10, 23, 57, 132, 301, 701, 1636, 3756, 8616, 19720]...: 29748289: ACCEPTED IN 55 TRIES, (AVG 540877.9818181818)
[1, 4, 10, 23, 57, 132, 301, 701, 1636, 3756, 8616, 19721]...: 5395888: ACCEPTED IN 10 TRIES, (AVG 539588.8)
[1, 4, 10, 23, 57, 132, 301, 701, 1636, 3756, 8616, 19722]...: 7560364: ACCEPTED IN 14 TRIES, (AVG 540026.0)
[1, 4, 10, 23, 57, 132, 301, 701, 1636, 3756, 8616, 19723]...: 9184650: ACCEPTED IN 17 TRIES, (AVG 540273.5294117647)
[1, 4, 10, 23, 57, 132, 301, 701, 1636, 3756, 8616, 19724]...: 7561578: ACCEPTED IN 14 TRIES, (AVG 540112.7142857143)
[1, 4, 10, 23, 57, 132, 301, 701, 1636, 3756, 8616, 19725]...: 7561287: ACCEPTED IN 14 TRIES, (AVG 540091.9285714285)
[1, 4, 10, 23, 57, 132, 301, 701, 1636, 3756, 8616, 19748]...: 29747587: ACCEPTED IN 55 TRIES, (AVG 540865.2181818181)
[1, 4, 10, 23, 57, 132, 301, 701, 1636, 3756, 8616, 19749]...: 34077692: ACCEPTED IN 63 TRIES, (AVG 540915.746031746)
[1, 4, 10, 23, 57, 132, 301, 701, 1636, 3756, 8616, 19750]...: 18924344: ACCEPTED IN 35 TRIES, (AVG 540695.5428571429)
[1, 4, 10, 23, 57, 132, 301, 701, 1636, 3756, 8616, 19751]...: 27582290: ACCEPTED IN 51 TRIES, (AVG 540829.2156862745)
[1, 4, 10, 23, 57, 132, 301, 701, 1636, 3756, 8616, 19752]...: 60051841: ACCEPTED IN 111 TRIES, (AVG 541007.5765765766)
[1, 4, 10, 23, 57, 132, 301, 701, 1636, 3756, 8616, 19753]...: 27583894: ACCEPTED IN 51 TRIES, (AVG 540860.6666666666)
[1, 4, 10, 23, 57, 132, 301, 701, 1636, 3756, 8616, 19754]...: 59511096: ACCEPTED IN 110 TRIES, (AVG 541009.9636363636)
[1, 4, 10, 23, 57, 132, 301, 701, 1636, 3756, 8616, 19756]...: 7560914: ACCEPTED IN 14 TRIES, (AVG 540065.2857142857)
[1, 4, 10, 23, 57, 132, 301, 701, 1636, 3756, 8616, 19758]...: 16219444: ACCEPTED IN 30 TRIES, (AVG 540648.1333333333)
[1, 4, 10, 23, 57, 132, 301, 701, 1636, 3756, 8616, 19759]...: 16760888: ACCEPTED IN 31 TRIES, (AVG 540673.8064516129)
[1, 4, 10, 23, 57, 132, 301, 701, 1636, 3756, 8616, 19779]...: 11349560: ACCEPTED IN 21 TRIES, (AVG 540455.2380952381)
[1, 4, 10, 23, 57, 132, 301, 701, 1636, 3756, 8616, 19780]...: 8641843: ACCEPTED IN 16 TRIES, (AVG 540115.1875)
[1, 4, 10, 23, 57, 132, 301, 701, 1636, 3756, 8616, 19782]...: 8102293: ACCEPTED IN 15 TRIES, (AVG 540152.8666666667)
[1, 4, 10, 23, 57, 132, 301, 701, 1636, 3756, 8616, 19783]...: 34077180: ACCEPTED IN 63 TRIES, (AVG 540907.619047619)
[1, 4, 10, 23, 57, 132, 301, 701, 1636, 3756, 8616, 19784]...: 42192638: ACCEPTED IN 78 TRIES, (AVG 540931.2564102564)
[1, 4, 10, 23, 57, 132, 301, 701, 1636, 3756, 8616, 19785]...: 48686546: ACCEPTED IN 90 TRIES, (AVG 540961.6222222223)
[1, 4, 10, 23, 57, 132, 301, 701, 1636, 3756, 8616, 19786]...: 68710255: ACCEPTED IN 127 TRIES, (AVG 541025.6299212598)
[1, 4, 10, 23, 57, 132, 301, 701, 1636, 3756, 8616, 19787]...: 32995272: ACCEPTED IN 61 TRIES, (AVG 540906.0983606557)
[1, 4, 10, 23, 57, 132, 301, 701, 1636, 3756, 8616, 19788]...: 37321859: ACCEPTED IN 69 TRIES, (AVG 540896.5072463768)
[1, 4, 10, 23, 57, 132, 301, 701, 1636, 3756, 8616, 19789]...: 28122006: ACCEPTED IN 52 TRIES, (AVG 540807.8076923077)
[1, 4, 10, 23, 57, 132, 301, 701, 1636, 3756, 8616, 19790]...: 11890048: ACCEPTED IN 22 TRIES, (AVG 540456.7272727273)
[1, 4, 10, 23, 57, 132, 301, 701, 1636, 3756, 8616, 19791]...: 35158636: ACCEPTED IN 65 TRIES, (AVG 540902.0923076923)
[1, 4, 10, 23, 57, 132, 301, 701, 1636, 3756, 8616, 19792]...: 31912415: ACCEPTED IN 59 TRIES, (AVG 540888.3898305085)
[1, 4, 10, 23, 57, 132, 301, 701, 1636, 3756, 8616, 19815]...: 41653003: ACCEPTED IN 77 TRIES, (AVG 540948.0909090909)
[1, 4, 10, 23, 57, 132, 301, 701, 1636, 3756, 8616, 19816]...: 32452799: ACCEPTED IN 60 TRIES, (AVG 540879.9833333333)
[1, 4, 10, 23, 57, 132, 301, 701, 1636, 3756, 8616, 19817]...: 27583029: ACCEPTED IN 51 TRIES, (AVG 540843.7058823529)
[1, 4, 10, 23, 57, 132, 301, 701, 1636, 3756, 8616, 19818]...: 11890826: ACCEPTED IN 22 TRIES, (AVG 540492.0909090909)
[1, 4, 10, 23, 57, 132, 301, 701, 1636, 3756, 8616, 19819]...: 57887524: ACCEPTED IN 107 TRIES, (AVG 541004.8971962617)
[1, 4, 10, 23, 57, 132, 301, 701, 1636, 3756, 8616, 19820]...: 70333496: ACCEPTED IN 130 TRIES, (AVG 541026.8923076923)
[1, 4, 10, 23, 57, 132, 301, 701, 1636, 3756, 8616, 19821]...: 7560327: ACCEPTED IN 14 TRIES, (AVG 540023.3571428572)
[1, 4, 10, 23, 57, 132, 301, 701, 1636, 3756, 8616, 19822]...: 5936610: ACCEPTED IN 11 TRIES, (AVG 539691.8181818182)
[1, 4, 10, 23, 57, 132, 301, 701, 1636, 3756, 8616, 19823]...: 14596226: ACCEPTED IN 27 TRIES, (AVG 540600.9629629629)
[1, 4, 10, 23, 57, 132, 301, 701, 1636, 3756, 8616, 19824]...: 32453337: ACCEPTED IN 60 TRIES, (AVG 540888.95)
[1, 4, 10, 23, 57, 132, 301, 701, 1636, 3756, 8616, 19825]...: 7559401: ACCEPTED IN 14 TRIES, (AVG 539957.2142857143)
[1, 4, 10, 23, 57, 132, 301, 701, 1636, 3756, 8616, 19826]...: 11890583: ACCEPTED IN 22 TRIES, (AVG 540481.0454545454)
[1, 4, 10, 23, 57, 132, 301, 701, 1636, 3756, 8616, 19847]...: 34617490: ACCEPTED IN 64 TRIES, (AVG 540898.28125)
[1, 4, 10, 23, 57, 132, 301, 701, 1636, 3756, 8616, 19849]...: 4314038: ACCEPTED IN 8 TRIES, (AVG 539254.75)
[1, 4, 10, 23, 57, 132, 301, 701, 1636, 3756, 8616, 19850]...: 41111535: ACCEPTED IN 76 TRIES, (AVG 540941.25)
[1, 4, 10, 23, 57, 132, 301, 701, 1636, 3756, 8616, 19852]...: 30288347: ACCEPTED IN 56 TRIES, (AVG 540863.3392857143)
[1, 4, 10, 23, 57, 132, 301, 701, 1636, 3756, 8616, 19853]...: 38406311: ACCEPTED IN 71 TRIES, (AVG 540933.9577464788)
[1, 4, 10, 23, 57, 132, 301, 701, 1636, 3756, 8616, 19854]...: 41111184: ACCEPTED IN 76 TRIES, (AVG 540936.6315789474)
[1, 4, 10, 23, 57, 132, 301, 701, 1636, 3756, 8616, 19855]...: 60051511: ACCEPTED IN 111 TRIES, (AVG 541004.6036036036)
[1, 4, 10, 23, 57, 132, 301, 701, 1636, 3756, 8616, 19856]...: 14596449: ACCEPTED IN 27 TRIES, (AVG 540609.2222222222)
[1, 4, 10, 23, 57, 132, 301, 701, 1636, 3756, 8616, 19857]...: 37863135: ACCEPTED IN 70 TRIES, (AVG 540901.9285714285)
[1, 4, 10, 23, 57, 132, 301, 701, 1636, 3756, 8616, 19858]...: 16761094: ACCEPTED IN 31 TRIES, (AVG 540680.4516129033)
[1, 4, 10, 23, 57, 132, 301, 701, 1636, 3756, 8616, 19859]...: 28124170: ACCEPTED IN 52 TRIES, (AVG 540849.4230769231)
[1, 4, 10, 23, 57, 132, 301, 701, 1636, 3756, 8616, 19881]...: 5394791: ACCEPTED IN 10 TRIES, (AVG 539479.1)
[1, 4, 10, 23, 57, 132, 301, 701, 1636, 3756, 8616, 19883]...: 8101970: ACCEPTED IN 15 TRIES, (AVG 540131.3333333334)
[1, 4, 10, 23, 57, 132, 301, 701, 1636, 3756, 8616, 19885]...: 8643991: ACCEPTED IN 16 TRIES, (AVG 540249.4375)
[1, 4, 10, 23, 57, 132, 301, 701, 1636, 3756, 8616, 19886]...: 32453029: ACCEPTED IN 60 TRIES, (AVG 540883.8166666667)
[1, 4, 10, 23, 57, 132, 301, 701, 1636, 3756, 8616, 19888]...: 18384681: ACCEPTED IN 34 TRIES, (AVG 540725.9117647059)
[1, 4, 10, 23, 57, 132, 301, 701, 1636, 3756, 8616, 19889]...: 24336183: ACCEPTED IN 45 TRIES, (AVG 540804.0666666667)
[1, 4, 10, 23, 57, 132, 301, 701, 1636, 3756, 8616, 19890]...: 4856389: ACCEPTED IN 9 TRIES, (AVG 539598.7777777778)
[1, 4, 10, 23, 57, 132, 301, 701, 1636, 3756, 8616, 19891]...: 9183661: ACCEPTED IN 17 TRIES, (AVG 540215.3529411765)
[1, 4, 10, 23, 57, 132, 301, 701, 1636, 3756, 8616, 19894]...: 14596157: ACCEPTED IN 27 TRIES, (AVG 540598.4074074074)
[1, 4, 10, 23, 57, 132, 301, 701, 1636, 3756, 8616, 19914]...: 35159624: ACCEPTED IN 65 TRIES, (AVG 540917.2923076923)
[1, 4, 10, 23, 57, 132, 301, 701, 1636, 3756, 8616, 19917]...: 14051444: ACCEPTED IN 26 TRIES, (AVG 540440.1538461539)
[1, 4, 10, 23, 57, 132, 301, 701, 1636, 3756, 8616, 19918]...: 49228658: ACCEPTED IN 91 TRIES, (AVG 540974.2637362637)
[1, 4, 10, 23, 57, 132, 301, 701, 1636, 3756, 8616, 19919]...: 12431828: ACCEPTED IN 23 TRIES, (AVG 540514.2608695652)
[1, 4, 10, 23, 57, 132, 301, 701, 1636, 3756, 8616, 19920]...: 11348161: ACCEPTED IN 21 TRIES, (AVG 540388.619047619)
[1, 4, 10, 23, 57, 132, 301, 701, 1636, 3756, 8616, 19921]...: 27582657: ACCEPTED IN 51 TRIES, (AVG 540836.4117647059)
[1, 4, 10, 23, 57, 132, 301, 701, 1636, 3756, 8616, 19922]...: 11348003: ACCEPTED IN 21 TRIES, (AVG 540381.0952380953)
[1, 4, 10, 23, 57, 132, 301, 701, 1636, 3756, 8616, 19923]...: 26501031: ACCEPTED IN 49 TRIES, (AVG 540837.3673469388)
[1, 4, 10, 23, 57, 132, 301, 701, 1636, 3756, 8616, 19924]...: 35156731: ACCEPTED IN 65 TRIES, (AVG 540872.7846153846)
[1, 4, 10, 23, 57, 132, 301, 701, 1636, 3756, 8616, 19925]...: 9185241: ACCEPTED IN 17 TRIES, (AVG 540308.2941176471)
[1, 4, 10, 23, 57, 132, 301, 701, 1636, 3756, 8616, 19948]...: 8101335: ACCEPTED IN 15 TRIES, (AVG 540089.0)
[1, 4, 10, 23, 57, 132, 301, 701, 1636, 3756, 8616, 19949]...: 34076363: ACCEPTED IN 63 TRIES, (AVG 540894.6507936508)
[1, 4, 10, 23, 57, 132, 301, 701, 1636, 3756, 8616, 19950]...: 17842091: ACCEPTED IN 33 TRIES, (AVG 540669.4242424242)
[1, 4, 10, 23, 57, 132, 301, 701, 1636, 3756, 8616, 19951]...: 27042821: ACCEPTED IN 50 TRIES, (AVG 540856.42)
[1, 4, 10, 23, 57, 132, 301, 701, 1636, 3756, 8616, 19952]...: 12973077: ACCEPTED IN 24 TRIES, (AVG 540544.875)
[1, 4, 10, 23, 57, 132, 301, 701, 1636, 3756, 8616, 19953]...: 6479774: ACCEPTED IN 12 TRIES, (AVG 539981.1666666666)
[1, 4, 10, 23, 57, 132, 301, 701, 1636, 3756, 8616, 19954]...: 14596546: ACCEPTED IN 27 TRIES, (AVG 540612.8148148148)
[1, 4, 10, 23, 57, 132, 301, 701, 1636, 3756, 8616, 19955]...: 41653481: ACCEPTED IN 77 TRIES, (AVG 540954.2987012987)
[1, 4, 10, 23, 57, 132, 301, 701, 1636, 3756, 8616, 19956]...: 26501695: ACCEPTED IN 49 TRIES, (AVG 540850.918367347)
[1, 4, 10, 23, 57, 132, 301, 701, 1636, 3756, 8616, 19957]...: 11891013: ACCEPTED IN 22 TRIES, (AVG 540500.5909090909)
[1, 4, 10, 23, 57, 132, 301, 701, 1636, 3756, 8616, 19958]...: 29207515: ACCEPTED IN 54 TRIES, (AVG 540879.9074074074)
[1, 4, 10, 23, 57, 132, 301, 701, 1636, 3756, 8616, 19961]...: 28123543: ACCEPTED IN 52 TRIES, (AVG 540837.3653846154)
[1, 4, 10, 23, 57, 132, 301, 701, 1636, 3756, 8616, 19981]...: 23794373: ACCEPTED IN 44 TRIES, (AVG 540781.2045454546)
[1, 4, 10, 23, 57, 132, 301, 701, 1636, 3756, 8616, 19982]...: 33536014: ACCEPTED IN 62 TRIES, (AVG 540903.4516129033)
[1, 4, 10, 23, 57, 132, 301, 701, 1636, 3756, 8616, 19983]...: 9724895: ACCEPTED IN 18 TRIES, (AVG 540271.9444444445)
[1, 4, 10, 23, 57, 132, 301, 701, 1636, 3756, 8616, 19984]...: 27583636: ACCEPTED IN 51 TRIES, (AVG 540855.6078431372)
[1, 4, 10, 23, 57, 132, 301, 701, 1636, 3756, 8616, 19985]...: 40570844: ACCEPTED IN 75 TRIES, (AVG 540944.5866666667)
[1, 4, 10, 23, 57, 132, 301, 701, 1636, 3756, 8616, 19986]...: 19466836: ACCEPTED IN 36 TRIES, (AVG 540745.4444444445)
[1, 4, 10, 23, 57, 132, 301, 701, 1636, 3756, 8616, 19987]...: 17301889: ACCEPTED IN 32 TRIES, (AVG 540684.03125)
[1, 4, 10, 23, 57, 132, 301, 701, 1636, 3756, 8616, 19988]...: 7561163: ACCEPTED IN 14 TRIES, (AVG 540083.0714285715)
[1, 4, 10, 23, 57, 132, 301, 701, 1636, 3756, 8616, 19989]...: 33536471: ACCEPTED IN 62 TRIES, (AVG 540910.8225806452)
[1, 4, 10, 23, 57, 132, 301, 701, 1636, 3756, 8616, 19990]...: 21089841: ACCEPTED IN 39 TRIES, (AVG 540765.1538461539)
[1, 4, 10, 23, 57, 132, 301, 701, 1636, 3756, 8616, 19991]...: 40571207: ACCEPTED IN 75 TRIES, (AVG 540949.4266666666)
[1, 4, 10, 23, 57, 132, 301, 701, 1636, 3756, 8616, 19992]...: 7560886: ACCEPTED IN 14 TRIES, (AVG 540063.2857142857)
[1, 4, 10, 23, 57, 132, 301, 701, 1636, 3756, 8616, 19993]...: 14055364: ACCEPTED IN 26 TRIES, (AVG 540590.9230769231)
[1, 4, 10, 23, 57, 132, 301, 701, 1636, 3756, 8616, 20013]...: 27583584: ACCEPTED IN 51 TRIES, (AVG 540854.5882352941)
[1, 4, 10, 23, 57, 132, 301, 701, 1636, 3756, 8616, 20016]...: 32452947: ACCEPTED IN 60 TRIES, (AVG 540882.45)
[1, 4, 10, 23, 57, 132, 301, 701, 1636, 3756, 8616, 20017]...: 18382676: ACCEPTED IN 34 TRIES, (AVG 540666.9411764706)
[1, 4, 10, 23, 57, 132, 301, 701, 1636, 3756, 8616, 20018]...: 9184739: ACCEPTED IN 17 TRIES, (AVG 540278.7647058824)
[1, 4, 10, 23, 57, 132, 301, 701, 1636, 3756, 8616, 20019]...: 34617390: ACCEPTED IN 64 TRIES, (AVG 540896.71875)
[1, 4, 10, 23, 57, 132, 301, 701, 1636, 3756, 8616, 20020]...: 9185279: ACCEPTED IN 17 TRIES, (AVG 540310.5294117647)
[1, 4, 10, 23, 57, 132, 301, 701, 1636, 3756, 8616, 20021]...: 18925777: ACCEPTED IN 35 TRIES, (AVG 540736.4857142858)
[1, 4, 10, 23, 57, 132, 301, 701, 1636, 3756, 8616, 20022]...: 23254961: ACCEPTED IN 43 TRIES, (AVG 540813.0465116279)
[1, 4, 10, 23, 57, 132, 301, 701, 1636, 3756, 8616, 20023]...: 28666056: ACCEPTED IN 53 TRIES, (AVG 540868.9811320754)
[1, 4, 10, 23, 57, 132, 301, 701, 1636, 3756, 8616, 20024]...: 35157540: ACCEPTED IN 65 TRIES, (AVG 540885.2307692308)
[1, 4, 10, 23, 57, 132, 301, 701, 1636, 3756, 8616, 20025]...: 10808432: ACCEPTED IN 20 TRIES, (AVG 540421.6)
[1, 4, 10, 23, 57, 132, 301, 701, 1636, 3756, 8616, 20026]...: 4313790: ACCEPTED IN 8 TRIES, (AVG 539223.75)
[1, 4, 10, 23, 57, 132, 301, 701, 1636, 3756, 8616, 20049]...: 34617097: ACCEPTED IN 64 TRIES, (AVG 540892.140625)
[1, 4, 10, 23, 57, 132, 301, 701, 1636, 3756, 8616, 20050]...: 32995322: ACCEPTED IN 61 TRIES, (AVG 540906.9180327869)
[1, 4, 10, 23, 57, 132, 301, 701, 1636, 3756, 8616, 20051]...: 37324431: ACCEPTED IN 69 TRIES, (AVG 540933.7826086957)
[1, 4, 10, 23, 57, 132, 301, 701, 1636, 3756, 8616, 20052]...: 9184265: ACCEPTED IN 17 TRIES, (AVG 540250.8823529412)
[1, 4, 10, 23, 57, 132, 301, 701, 1636, 3756, 8616, 20054]...: 28123096: ACCEPTED IN 52 TRIES, (AVG 540828.7692307692)
[1, 4, 10, 23, 57, 132, 301, 701, 1636, 3756, 8616, 20055]...: 32995491: ACCEPTED IN 61 TRIES, (AVG 540909.6885245901)
[1, 4, 10, 23, 57, 132, 301, 701, 1636, 3756, 8616, 20056]...: 26501642: ACCEPTED IN 49 TRIES, (AVG 540849.8367346938)
[1, 4, 10, 23, 57, 132, 301, 701, 1636, 3756, 8616, 20057]...: 11889688: ACCEPTED IN 22 TRIES, (AVG 540440.3636363636)
[1, 4, 10, 23, 57, 132, 301, 701, 1636, 3756, 8616, 20059]...: 9726512: ACCEPTED IN 18 TRIES, (AVG 540361.7777777778)
[1, 4, 10, 23, 57, 132, 301, 701, 1636, 3756, 8616, 20060]...: 9183815: ACCEPTED IN 17 TRIES, (AVG 540224.4117647059)
[1, 4, 10, 23, 57, 132, 301, 701, 1636, 3756, 8616, 20080]...: 32994886: ACCEPTED IN 61 TRIES, (AVG 540899.7704918033)
[1, 4, 10, 23, 57, 132, 301, 701, 1636, 3756, 8616, 20081]...: 35159806: ACCEPTED IN 65 TRIES, (AVG 540920.0923076923)
[1, 4, 10, 23, 57, 132, 301, 701, 1636, 3756, 8616, 20083]...: 21088890: ACCEPTED IN 39 TRIES, (AVG 540740.7692307692)
[1, 4, 10, 23, 57, 132, 301, 701, 1636, 3756, 8616, 20084]...: 27583836: ACCEPTED IN 51 TRIES, (AVG 540859.5294117647)
[1, 4, 10, 23, 57, 132, 301, 701, 1636, 3756, 8616, 20085]...: 40570981: ACCEPTED IN 75 TRIES, (AVG 540946.4133333333)
[1, 4, 10, 23, 57, 132, 301, 701, 1636, 3756, 8616, 20086]...: 41111883: ACCEPTED IN 76 TRIES, (AVG 540945.8289473684)
[1, 4, 10, 23, 57, 132, 301, 701, 1636, 3756, 8616, 20087]...: 49227411: ACCEPTED IN 91 TRIES, (AVG 540960.5604395604)
[1, 4, 10, 23, 57, 132, 301, 701, 1636, 3756, 8616, 20088]...: 21631271: ACCEPTED IN 40 TRIES, (AVG 540781.775)
[1, 4, 10, 23, 57, 132, 301, 701, 1636, 3756, 8616, 20089]...: 23795764: ACCEPTED IN 44 TRIES, (AVG 540812.8181818182)
[1, 4, 10, 23, 57, 132, 301, 701, 1636, 3756, 8616, 20090]...: 19466785: ACCEPTED IN 36 TRIES, (AVG 540744.0277777778)
[1, 4, 10, 23, 57, 132, 301, 701, 1636, 3756, 8616, 20091]...: 7560104: ACCEPTED IN 14 TRIES, (AVG 540007.4285714285)
[1, 4, 10, 23, 57, 132, 301, 701, 1636, 3756, 8616, 20092]...: 9184034: ACCEPTED IN 17 TRIES, (AVG 540237.2941176471)
[1, 4, 10, 23, 57, 132, 301, 701, 1636, 3756, 8616, 20093]...: 8642683: ACCEPTED IN 16 TRIES, (AVG 540167.6875)
[1, 4, 10, 23, 57, 132, 301, 701, 1636, 3756, 8616, 20115]...: 33536552: ACCEPTED IN 62 TRIES, (AVG 540912.1290322581)
[1, 4, 10, 23, 57, 132, 301, 701, 1636, 3756, 8616, 20116]...: 19466764: ACCEPTED IN 36 TRIES, (AVG 540743.4444444445)
[1, 4, 10, 23, 57, 132, 301, 701, 1636, 3756, 8616, 20117]...: 15136686: ACCEPTED IN 28 TRIES, (AVG 540595.9285714285)
[1, 4, 10, 23, 57, 132, 301, 701, 1636, 3756, 8616, 20118]...: 11890995: ACCEPTED IN 22 TRIES, (AVG 540499.7727272727)
[1, 4, 10, 23, 57, 132, 301, 701, 1636, 3756, 8616, 20119]...: 39487640: ACCEPTED IN 73 TRIES, (AVG 540926.5753424658)
[1, 4, 10, 23, 57, 132, 301, 701, 1636, 3756, 8616, 20120]...: 9185089: ACCEPTED IN 17 TRIES, (AVG 540299.3529411765)
[1, 4, 10, 23, 57, 132, 301, 701, 1636, 3756, 8616, 20121]...: 11349005: ACCEPTED IN 21 TRIES, (AVG 540428.8095238095)
[1, 4, 10, 23, 57, 132, 301, 701, 1636, 3756, 8616, 20122]...: 9726522: ACCEPTED IN 18 TRIES, (AVG 540362.3333333334)
[1, 4, 10, 23, 57, 132, 301, 701, 1636, 3756, 8616, 20123]...: 9185152: ACCEPTED IN 17 TRIES, (AVG 540303.0588235294)
[1, 4, 10, 23, 57, 132, 301, 701, 1636, 3756, 8616, 20124]...: 11350051: ACCEPTED IN 21 TRIES, (AVG 540478.619047619)
[1, 4, 10, 23, 57, 132, 301, 701, 1636, 3756, 8616, 20125]...: 12432018: ACCEPTED IN 23 TRIES, (AVG 540522.5217391305)
[1, 4, 10, 23, 57, 132, 301, 701, 1636, 3756, 8616, 20148]...: 16760462: ACCEPTED IN 31 TRIES, (AVG 540660.0645161291)
[1, 4, 10, 23, 57, 132, 301, 701, 1636, 3756, 8616, 20150]...: 11349396: ACCEPTED IN 21 TRIES, (AVG 540447.4285714285)
[1, 4, 10, 23, 57, 132, 301, 701, 1636, 3756, 8616, 20151]...: 24336163: ACCEPTED IN 45 TRIES, (AVG 540803.6222222223)
[1, 4, 10, 23, 57, 132, 301, 701, 1636, 3756, 8616, 20152]...: 9184863: ACCEPTED IN 17 TRIES, (AVG 540286.0588235294)
[1, 4, 10, 23, 57, 132, 301, 701, 1636, 3756, 8616, 20153]...: 12972977: ACCEPTED IN 24 TRIES, (AVG 540540.7083333334)
[1, 4, 10, 23, 57, 132, 301, 701, 1636, 3756, 8616, 20154]...: 24878117: ACCEPTED IN 46 TRIES, (AVG 540828.6304347826)
[1, 4, 10, 23, 57, 132, 301, 701, 1636, 3756, 8616, 20155]...: 37324331: ACCEPTED IN 69 TRIES, (AVG 540932.3333333334)
[1, 4, 10, 23, 57, 132, 301, 701, 1636, 3756, 8616, 20156]...: 7561509: ACCEPTED IN 14 TRIES, (AVG 540107.7857142857)
[1, 4, 10, 23, 57, 132, 301, 701, 1636, 3756, 8616, 20157]...: 9185116: ACCEPTED IN 17 TRIES, (AVG 540300.9411764706)
[1, 4, 10, 23, 57, 132, 301, 701, 1636, 3756, 8616, 20158]...: 9184845: ACCEPTED IN 17 TRIES, (AVG 540285.0)
[1, 4, 10, 23, 57, 132, 301, 701, 1636, 3756, 8616, 20159]...: 14596331: ACCEPTED IN 27 TRIES, (AVG 540604.8518518518)
[1, 4, 10, 23, 57, 132, 301, 701, 1636, 3756, 8616, 20160]...: 23793726: ACCEPTED IN 44 TRIES, (AVG 540766.5)
[1, 4, 10, 23, 57, 132, 301, 701, 1636, 3756, 8616, 20182]...: 8644229: ACCEPTED IN 16 TRIES, (AVG 540264.3125)
[1, 4, 10, 23, 57, 132, 301, 701, 1636, 3756, 8616, 20183]...: 5396781: ACCEPTED IN 10 TRIES, (AVG 539678.1)
[1, 4, 10, 23, 57, 132, 301, 701, 1636, 3756, 8616, 20184]...: 10266576: ACCEPTED IN 19 TRIES, (AVG 540346.1052631579)
[1, 4, 10, 23, 57, 132, 301, 701, 1636, 3756, 8616, 20185]...: 31370539: ACCEPTED IN 58 TRIES, (AVG 540871.3620689656)
[1, 4, 10, 23, 57, 132, 301, 701, 1636, 3756, 8616, 20186]...: 38946933: ACCEPTED IN 72 TRIES, (AVG 540929.625)
[1, 4, 10, 23, 57, 132, 301, 701, 1636, 3756, 8616, 20187]...: 7561633: ACCEPTED IN 14 TRIES, (AVG 540116.6428571428)
[1, 4, 10, 23, 57, 132, 301, 701, 1636, 3756, 8616, 20188]...: 28666381: ACCEPTED IN 53 TRIES, (AVG 540875.1132075472)
[1, 4, 10, 23, 57, 132, 301, 701, 1636, 3756, 8616, 20189]...: 9185185: ACCEPTED IN 17 TRIES, (AVG 540305.0)
[1, 4, 10, 23, 57, 132, 301, 701, 1636, 3756, 8616, 20190]...: 27042804: ACCEPTED IN 50 TRIES, (AVG 540856.08)
[1, 4, 10, 23, 57, 132, 301, 701, 1636, 3756, 8616, 20191]...: 4855388: ACCEPTED IN 9 TRIES, (AVG 539487.5555555555)
[1, 4, 10, 23, 57, 132, 301, 701, 1636, 3756, 8616, 20192]...: 7560746: ACCEPTED IN 14 TRIES, (AVG 540053.2857142857)
[1, 4, 10, 23, 57, 132, 301, 701, 1636, 3756, 8616, 20195]...: 14596852: ACCEPTED IN 27 TRIES, (AVG 540624.1481481482)
[1, 4, 10, 23, 57, 132, 301, 701, 1636, 3756, 8616, 20215]...: 12972451: ACCEPTED IN 24 TRIES, (AVG 540518.7916666666)
[1, 4, 10, 23, 57, 132, 301, 701, 1636, 3756, 8616, 20216]...: 24878290: ACCEPTED IN 46 TRIES, (AVG 540832.3913043478)
[1, 4, 10, 23, 57, 132, 301, 701, 1636, 3756, 8616, 20217]...: 27583964: ACCEPTED IN 51 TRIES, (AVG 540862.0392156863)
[1, 4, 10, 23, 57, 132, 301, 701, 1636, 3756, 8616, 20218]...: 35701113: ACCEPTED IN 66 TRIES, (AVG 540925.9545454546)
[1, 4, 10, 23, 57, 132, 301, 701, 1636, 3756, 8616, 20219]...: 18382877: ACCEPTED IN 34 TRIES, (AVG 540672.8529411765)
[1, 4, 10, 23, 57, 132, 301, 701, 1636, 3756, 8616, 20220]...: 31910534: ACCEPTED IN 59 TRIES, (AVG 540856.5084745763)
[1, 4, 10, 23, 57, 132, 301, 701, 1636, 3756, 8616, 20221]...: 38947070: ACCEPTED IN 72 TRIES, (AVG 540931.5277777778)
[1, 4, 10, 23, 57, 132, 301, 701, 1636, 3756, 8616, 20222]...: 34074512: ACCEPTED IN 63 TRIES, (AVG 540865.2698412698)
[1, 4, 10, 23, 57, 132, 301, 701, 1636, 3756, 8616, 20223]...: 5937696: ACCEPTED IN 11 TRIES, (AVG 539790.5454545454)
[1, 4, 10, 23, 57, 132, 301, 701, 1636, 3756, 8616, 20224]...: 5935227: ACCEPTED IN 11 TRIES, (AVG 539566.0909090909)
[1, 4, 10, 23, 57, 132, 301, 701, 1636, 3756, 8616, 20225]...: 9185300: ACCEPTED IN 17 TRIES, (AVG 540311.7647058824)
[1, 4, 10, 23, 57, 132, 301, 701, 1636, 3756, 8616, 20226]...: 12431001: ACCEPTED IN 23 TRIES, (AVG 540478.304347826)
[1, 4, 10, 23, 57, 132, 301, 701, 1636, 3756, 8616, 20247]...: 8643839: ACCEPTED IN 16 TRIES, (AVG 540239.9375)
[1, 4, 10, 23, 57, 132, 301, 701, 1636, 3756, 8616, 20249]...: 23796114: ACCEPTED IN 44 TRIES, (AVG 540820.7727272727)
[1, 4, 10, 23, 57, 132, 301, 701, 1636, 3756, 8616, 20250]...: 4856301: ACCEPTED IN 9 TRIES, (AVG 539589.0)
[1, 4, 10, 23, 57, 132, 301, 701, 1636, 3756, 8616, 20251]...: 32452721: ACCEPTED IN 60 TRIES, (AVG 540878.6833333333)
[1, 4, 10, 23, 57, 132, 301, 701, 1636, 3756, 8616, 20252]...: 32993894: ACCEPTED IN 61 TRIES, (AVG 540883.5081967213)
[1, 4, 10, 23, 57, 132, 301, 701, 1636, 3756, 8616, 20253]...: 14055422: ACCEPTED IN 26 TRIES, (AVG 540593.1538461539)
[1, 4, 10, 23, 57, 132, 301, 701, 1636, 3756, 8616, 20254]...: 7020395: ACCEPTED IN 13 TRIES, (AVG 540030.3846153846)
[1, 4, 10, 23, 57, 132, 301, 701, 1636, 3756, 8616, 20255]...: 34077018: ACCEPTED IN 63 TRIES, (AVG 540905.0476190476)
[1, 4, 10, 23, 57, 132, 301, 701, 1636, 3756, 8616, 20256]...: 5397541: ACCEPTED IN 10 TRIES, (AVG 539754.1)
[1, 4, 10, 23, 57, 132, 301, 701, 1636, 3756, 8616, 20257]...: 9724589: ACCEPTED IN 18 TRIES, (AVG 540254.9444444445)
[1, 4, 10, 23, 57, 132, 301, 701, 1636, 3756, 8616, 20258]...: 32453763: ACCEPTED IN 60 TRIES, (AVG 540896.05)
[1, 4, 10, 23, 57, 132, 301, 701, 1636, 3756, 8616, 20259]...: 4314399: ACCEPTED IN 8 TRIES, (AVG 539299.875)
[1, 4, 10, 23, 57, 132, 301, 701, 1636, 3756, 8616, 20262]...: 10267303: ACCEPTED IN 19 TRIES, (AVG 540384.3684210526)
[1, 4, 10, 23, 57, 132, 301, 701, 1636, 3756, 8616, 20282]...: 38946925: ACCEPTED IN 72 TRIES, (AVG 540929.5138888889)
[1, 4, 10, 23, 57, 132, 301, 701, 1636, 3756, 8616, 20283]...: 38946696: ACCEPTED IN 72 TRIES, (AVG 540926.3333333334)
[1, 4, 10, 23, 57, 132, 301, 701, 1636, 3756, 8616, 20284]...: 14594527: ACCEPTED IN 27 TRIES, (AVG 540538.0370370371)
[1, 4, 10, 23, 57, 132, 301, 701, 1636, 3756, 8616, 20285]...: 41652207: ACCEPTED IN 77 TRIES, (AVG 540937.7532467532)
[1, 4, 10, 23, 57, 132, 301, 701, 1636, 3756, 8616, 20286]...: 9184089: ACCEPTED IN 17 TRIES, (AVG 540240.5294117647)
[1, 4, 10, 23, 57, 132, 301, 701, 1636, 3756, 8616, 20288]...: 12973300: ACCEPTED IN 24 TRIES, (AVG 540554.1666666666)
[1, 4, 10, 23, 57, 132, 301, 701, 1636, 3756, 8616, 20289]...: 26501490: ACCEPTED IN 49 TRIES, (AVG 540846.7346938775)
[1, 4, 10, 23, 57, 132, 301, 701, 1636, 3756, 8616, 20290]...: 8644186: ACCEPTED IN 16 TRIES, (AVG 540261.625)
[1, 4, 10, 23, 57, 132, 301, 701, 1636, 3756, 8616, 20291]...: 7020654: ACCEPTED IN 13 TRIES, (AVG 540050.3076923077)
[1, 4, 10, 23, 57, 132, 301, 701, 1636, 3756, 8616, 20292]...: 9185292: ACCEPTED IN 17 TRIES, (AVG 540311.2941176471)
[1, 4, 10, 23, 57, 132, 301, 701, 1636, 3756, 8616, 20293]...: 13512603: ACCEPTED IN 25 TRIES, (AVG 540504.12)
[1, 4, 10, 23, 57, 132, 301, 701, 1636, 3756, 8616, 20294]...: 32453960: ACCEPTED IN 60 TRIES, (AVG 540899.3333333334)
[1, 4, 10, 23, 57, 132, 301, 701, 1636, 3756, 8616, 20314]...: 31369783: ACCEPTED IN 58 TRIES, (AVG 540858.3275862068)
[1, 4, 10, 23, 57, 132, 301, 701, 1636, 3756, 8616, 20317]...: 33535727: ACCEPTED IN 62 TRIES, (AVG 540898.8225806452)
[1, 4, 10, 23, 57, 132, 301, 701, 1636, 3756, 8616, 20318]...: 32453845: ACCEPTED IN 60 TRIES, (AVG 540897.4166666666)
[1, 4, 10, 23, 57, 132, 301, 701, 1636, 3756, 8616, 20319]...: 7019687: ACCEPTED IN 13 TRIES, (AVG 539975.9230769231)
[1, 4, 10, 23, 57, 132, 301, 701, 1636, 3756, 8616, 20320]...: 7560825: ACCEPTED IN 14 TRIES, (AVG 540058.9285714285)
[1, 4, 10, 23, 57, 132, 301, 701, 1636, 3756, 8616, 20321]...: 9725157: ACCEPTED IN 18 TRIES, (AVG 540286.5)
[1, 4, 10, 23, 57, 132, 301, 701, 1636, 3756, 8616, 20322]...: 34618053: ACCEPTED IN 64 TRIES, (AVG 540907.078125)
[1, 4, 10, 23, 57, 132, 301, 701, 1636, 3756, 8616, 20323]...: 6479533: ACCEPTED IN 12 TRIES, (AVG 539961.0833333334)
[1, 4, 10, 23, 57, 132, 301, 701, 1636, 3756, 8616, 20324]...: 7561762: ACCEPTED IN 14 TRIES, (AVG 540125.8571428572)
[1, 4, 10, 23, 57, 132, 301, 701, 1636, 3756, 8616, 20325]...: 7020924: ACCEPTED IN 13 TRIES, (AVG 540071.0769230769)
[1, 4, 10, 23, 57, 132, 301, 701, 1636, 3756, 8616, 20326]...: 18383481: ACCEPTED IN 34 TRIES, (AVG 540690.6176470588)
[1, 4, 10, 23, 57, 132, 301, 701, 1636, 3756, 8616, 20327]...: 19466116: ACCEPTED IN 36 TRIES, (AVG 540725.4444444445)
[1, 4, 10, 23, 57, 132, 301, 701, 1636, 3756, 8616, 20349]...: 4855488: ACCEPTED IN 9 TRIES, (AVG 539498.6666666666)
[1, 4, 10, 23, 57, 132, 301, 701, 1636, 3756, 8616, 20350]...: 16761303: ACCEPTED IN 31 TRIES, (AVG 540687.1935483871)
[1, 4, 10, 23, 57, 132, 301, 701, 1636, 3756, 8616, 20351]...: 41112069: ACCEPTED IN 76 TRIES, (AVG 540948.2763157894)
[1, 4, 10, 23, 57, 132, 301, 701, 1636, 3756, 8616, 20352]...: 27583325: ACCEPTED IN 51 TRIES, (AVG 540849.5098039216)
[1, 4, 10, 23, 57, 132, 301, 701, 1636, 3756, 8616, 20353]...: 5937367: ACCEPTED IN 11 TRIES, (AVG 539760.6363636364)
[1, 4, 10, 23, 57, 132, 301, 701, 1636, 3756, 8616, 20354]...: 37864547: ACCEPTED IN 70 TRIES, (AVG 540922.1)
[1, 4, 10, 23, 57, 132, 301, 701, 1636, 3756, 8616, 20355]...: 7561529: ACCEPTED IN 14 TRIES, (AVG 540109.2142857143)
[1, 4, 10, 23, 57, 132, 301, 701, 1636, 3756, 8616, 20356]...: 48147002: ACCEPTED IN 89 TRIES, (AVG 540977.5505617978)
[1, 4, 10, 23, 57, 132, 301, 701, 1636, 3756, 8616, 20357]...: 9184883: ACCEPTED IN 17 TRIES, (AVG 540287.2352941176)
[1, 4, 10, 23, 57, 132, 301, 701, 1636, 3756, 8616, 20358]...: 14596608: ACCEPTED IN 27 TRIES, (AVG 540615.1111111111)
[1, 4, 10, 23, 57, 132, 301, 701, 1636, 3756, 8616, 20361]...: 27583754: ACCEPTED IN 51 TRIES, (AVG 540857.9215686275)
[1, 4, 10, 23, 57, 132, 301, 701, 1636, 3756, 8616, 20381]...: 8643227: ACCEPTED IN 16 TRIES, (AVG 540201.6875)
[1, 4, 10, 23, 57, 132, 301, 701, 1636, 3756, 8616, 20382]...: 9184300: ACCEPTED IN 17 TRIES, (AVG 540252.9411764706)
[1, 4, 10, 23, 57, 132, 301, 701, 1636, 3756, 8616, 20384]...: 33535312: ACCEPTED IN 62 TRIES, (AVG 540892.1290322581)
[1, 4, 10, 23, 57, 132, 301, 701, 1636, 3756, 8616, 20385]...: 8643919: ACCEPTED IN 16 TRIES, (AVG 540244.9375)
[1, 4, 10, 23, 57, 132, 301, 701, 1636, 3756, 8616, 20386]...: 38946450: ACCEPTED IN 72 TRIES, (AVG 540922.9166666666)
[1, 4, 10, 23, 57, 132, 301, 701, 1636, 3756, 8616, 20387]...: 28123572: ACCEPTED IN 52 TRIES, (AVG 540837.9230769231)
[1, 4, 10, 23, 57, 132, 301, 701, 1636, 3756, 8616, 20388]...: 17302281: ACCEPTED IN 32 TRIES, (AVG 540696.28125)
[1, 4, 10, 23, 57, 132, 301, 701, 1636, 3756, 8616, 20389]...: 10266249: ACCEPTED IN 19 TRIES, (AVG 540328.8947368421)
[1, 4, 10, 23, 57, 132, 301, 701, 1636, 3756, 8616, 20390]...: 4855184: ACCEPTED IN 9 TRIES, (AVG 539464.8888888889)
[1, 4, 10, 23, 57, 132, 301, 701, 1636, 3756, 8616, 20391]...: 7018858: ACCEPTED IN 13 TRIES, (AVG 539912.1538461539)
[1, 4, 10, 23, 57, 132, 301, 701, 1636, 3756, 8616, 20392]...: 4312925: ACCEPTED IN 8 TRIES, (AVG 539115.625)
[1, 4, 10, 23, 57, 132, 301, 701, 1636, 3756, 8616, 20393]...: 24334100: ACCEPTED IN 45 TRIES, (AVG 540757.7777777778)
[1, 4, 10, 23, 57, 132, 301, 701, 1636, 3756, 8616, 20394]...: 7561995: ACCEPTED IN 14 TRIES, (AVG 540142.5)
[1, 4, 10, 23, 57, 132, 301, 701, 1636, 3756, 8616, 20416]...: 18384825: ACCEPTED IN 34 TRIES, (AVG 540730.1470588235)
[1, 4, 10, 23, 57, 132, 301, 701, 1636, 3756, 8616, 20417]...: 28124987: ACCEPTED IN 52 TRIES, (AVG 540865.1346153846)
[1, 4, 10, 23, 57, 132, 301, 701, 1636, 3756, 8616, 20418]...: 18924275: ACCEPTED IN 35 TRIES, (AVG 540693.5714285715)
[1, 4, 10, 23, 57, 132, 301, 701, 1636, 3756, 8616, 20419]...: 9726141: ACCEPTED IN 18 TRIES, (AVG 540341.1666666666)
[1, 4, 10, 23, 57, 132, 301, 701, 1636, 3756, 8616, 20420]...: 9184483: ACCEPTED IN 17 TRIES, (AVG 540263.7058823529)
[1, 4, 10, 23, 57, 132, 301, 701, 1636, 3756, 8616, 20421]...: 17302253: ACCEPTED IN 32 TRIES, (AVG 540695.40625)
[1, 4, 10, 23, 57, 132, 301, 701, 1636, 3756, 8616, 20422]...: 18382722: ACCEPTED IN 34 TRIES, (AVG 540668.2941176471)
[1, 4, 10, 23, 57, 132, 301, 701, 1636, 3756, 8616, 20423]...: 5396101: ACCEPTED IN 10 TRIES, (AVG 539610.1)
[1, 4, 10, 23, 57, 132, 301, 701, 1636, 3756, 8616, 20424]...: 27582783: ACCEPTED IN 51 TRIES, (AVG 540838.8823529412)
[1, 4, 10, 23, 57, 132, 301, 701, 1636, 3756, 8616, 20425]...: 4856122: ACCEPTED IN 9 TRIES, (AVG 539569.1111111111)
[1, 4, 10, 23, 57, 132, 301, 701, 1636, 3756, 8616, 20426]...: 34615986: ACCEPTED IN 64 TRIES, (AVG 540874.78125)
[1, 4, 10, 23, 57, 132, 301, 701, 1636, 3756, 8616, 20449]...: 18925271: ACCEPTED IN 35 TRIES, (AVG 540722.0285714286)
[1, 4, 10, 23, 57, 132, 301, 701, 1636, 3756, 8616, 20450]...: 31909768: ACCEPTED IN 59 TRIES, (AVG 540843.5254237289)
[1, 4, 10, 23, 57, 132, 301, 701, 1636, 3756, 8616, 20451]...: 4313916: ACCEPTED IN 8 TRIES, (AVG 539239.5)
[1, 4, 10, 23, 57, 132, 301, 701, 1636, 3756, 8616, 20452]...: 34077156: ACCEPTED IN 63 TRIES, (AVG 540907.2380952381)
[1, 4, 10, 23, 57, 132, 301, 701, 1636, 3756, 8616, 20453]...: 37323562: ACCEPTED IN 69 TRIES, (AVG 540921.1884057971)
[1, 4, 10, 23, 57, 132, 301, 701, 1636, 3756, 8616, 20454]...: 8643256: ACCEPTED IN 16 TRIES, (AVG 540203.5)
[1, 4, 10, 23, 57, 132, 301, 701, 1636, 3756, 8616, 20455]...: 16759001: ACCEPTED IN 31 TRIES, (AVG 540612.9354838709)
[1, 4, 10, 23, 57, 132, 301, 701, 1636, 3756, 8616, 20456]...: 96307266: ACCEPTED IN 178 TRIES, (AVG 541052.0561797753)
[1, 4, 10, 23, 57, 132, 301, 701, 1636, 3756, 8616, 20457]...: 5396022: ACCEPTED IN 10 TRIES, (AVG 539602.2)
[1, 4, 10, 23, 57, 132, 301, 701, 1636, 3756, 8616, 20458]...: 37864997: ACCEPTED IN 70 TRIES, (AVG 540928.5285714286)
[1, 4, 10, 23, 57, 132, 301, 701, 1636, 3756, 8616, 20459]...: 14054776: ACCEPTED IN 26 TRIES, (AVG 540568.3076923077)
[1, 4, 10, 23, 57, 132, 301, 701, 1636, 3756, 8616, 20460]...: 9726351: ACCEPTED IN 18 TRIES, (AVG 540352.8333333334)
[1, 4, 10, 23, 57, 132, 301, 701, 1636, 3756, 8616, 20461]...: 4313035: ACCEPTED IN 8 TRIES, (AVG 539129.375)
[1, 4, 10, 23, 57, 132, 301, 701, 1636, 3756, 8616, 20481]...: 7557859: ACCEPTED IN 14 TRIES, (AVG 539847.0714285715)
[1, 4, 10, 23, 57, 132, 301, 701, 1636, 3756, 8616, 20483]...: 9184229: ACCEPTED IN 17 TRIES, (AVG 540248.7647058824)
[1, 4, 10, 23, 57, 132, 301, 701, 1636, 3756, 8616, 20484]...: 14052791: ACCEPTED IN 26 TRIES, (AVG 540491.9615384615)
[1, 4, 10, 23, 57, 132, 301, 701, 1636, 3756, 8616, 20485]...: 29204984: ACCEPTED IN 54 TRIES, (AVG 540833.0370370371)
[1, 4, 10, 23, 57, 132, 301, 701, 1636, 3756, 8616, 20486]...: 29206006: ACCEPTED IN 54 TRIES, (AVG 540851.9629629629)
[1, 4, 10, 23, 57, 132, 301, 701, 1636, 3756, 8616, 20487]...: 9185450: ACCEPTED IN 17 TRIES, (AVG 540320.5882352941)
[1, 4, 10, 23, 57, 132, 301, 701, 1636, 3756, 8616, 20488]...: 8644114: ACCEPTED IN 16 TRIES, (AVG 540257.125)
[1, 4, 10, 23, 57, 132, 301, 701, 1636, 3756, 8616, 20489]...: 24877448: ACCEPTED IN 46 TRIES, (AVG 540814.0869565217)
[1, 4, 10, 23, 57, 132, 301, 701, 1636, 3756, 8616, 20490]...: 28665657: ACCEPTED IN 53 TRIES, (AVG 540861.4528301887)
[1, 4, 10, 23, 57, 132, 301, 701, 1636, 3756, 8616, 20491]...: 14054651: ACCEPTED IN 26 TRIES, (AVG 540563.5)
[1, 4, 10, 23, 57, 132, 301, 701, 1636, 3756, 8616, 20492]...: 4856062: ACCEPTED IN 9 TRIES, (AVG 539562.4444444445)
[1, 4, 10, 23, 57, 132, 301, 701, 1636, 3756, 8616, 20493]...: 14055726: ACCEPTED IN 26 TRIES, (AVG 540604.8461538461)
[1, 4, 10, 23, 57, 132, 301, 701, 1636, 3756, 8616, 20496]...: 9726559: ACCEPTED IN 18 TRIES, (AVG 540364.3888888889)
[1, 4, 10, 23, 57, 132, 301, 701, 1636, 3756, 8616, 20516]...: 8642103: ACCEPTED IN 16 TRIES, (AVG 540131.4375)
[1, 4, 10, 23, 57, 132, 301, 701, 1636, 3756, 8616, 20517]...: 9726414: ACCEPTED IN 18 TRIES, (AVG 540356.3333333334)
[1, 4, 10, 23, 57, 132, 301, 701, 1636, 3756, 8616, 20518]...: 8103246: ACCEPTED IN 15 TRIES, (AVG 540216.4)
[1, 4, 10, 23, 57, 132, 301, 701, 1636, 3756, 8616, 20519]...: 32995350: ACCEPTED IN 61 TRIES, (AVG 540907.3770491803)
[1, 4, 10, 23, 57, 132, 301, 701, 1636, 3756, 8616, 20520]...: 31370655: ACCEPTED IN 58 TRIES, (AVG 540873.3620689656)
[1, 4, 10, 23, 57, 132, 301, 701, 1636, 3756, 8616, 20522]...: 9185448: ACCEPTED IN 17 TRIES, (AVG 540320.4705882353)
[1, 4, 10, 23, 57, 132, 301, 701, 1636, 3756, 8616, 20523]...: 32994049: ACCEPTED IN 61 TRIES, (AVG 540886.0491803279)
[1, 4, 10, 23, 57, 132, 301, 701, 1636, 3756, 8616, 20524]...: 6478350: ACCEPTED IN 12 TRIES, (AVG 539862.5)
[1, 4, 10, 23, 57, 132, 301, 701, 1636, 3756, 8616, 20525]...: 27582671: ACCEPTED IN 51 TRIES, (AVG 540836.6862745098)
[1, 4, 10, 23, 57, 132, 301, 701, 1636, 3756, 8616, 20526]...: 7020819: ACCEPTED IN 13 TRIES, (AVG 540063.0)
[1, 4, 10, 23, 57, 132, 301, 701, 1636, 3756, 8616, 20527]...: 12432057: ACCEPTED IN 23 TRIES, (AVG 540524.2173913043)
[1, 4, 10, 23, 57, 132, 301, 701, 1636, 3756, 8616, 20548]...: 30830606: ACCEPTED IN 57 TRIES, (AVG 540887.8245614035)
[1, 4, 10, 23, 57, 132, 301, 701, 1636, 3756, 8616, 20550]...: 9184921: ACCEPTED IN 17 TRIES, (AVG 540289.4705882353)
[1, 4, 10, 23, 57, 132, 301, 701, 1636, 3756, 8616, 20551]...: 40029606: ACCEPTED IN 74 TRIES, (AVG 540940.6216216217)
[1, 4, 10, 23, 57, 132, 301, 701, 1636, 3756, 8616, 20553]...: 28125162: ACCEPTED IN 52 TRIES, (AVG 540868.5)
[1, 4, 10, 23, 57, 132, 301, 701, 1636, 3756, 8616, 20554]...: 5396350: ACCEPTED IN 10 TRIES, (AVG 539635.0)
[1, 4, 10, 23, 57, 132, 301, 701, 1636, 3756, 8616, 20555]...: 28666375: ACCEPTED IN 53 TRIES, (AVG 540875.0)
[1, 4, 10, 23, 57, 132, 301, 701, 1636, 3756, 8616, 20556]...: 19463427: ACCEPTED IN 36 TRIES, (AVG 540650.75)
[1, 4, 10, 23, 57, 132, 301, 701, 1636, 3756, 8616, 20557]...: 7019754: ACCEPTED IN 13 TRIES, (AVG 539981.0769230769)
[1, 4, 10, 23, 57, 132, 301, 701, 1636, 3756, 8616, 20558]...: 10267584: ACCEPTED IN 19 TRIES, (AVG 540399.1578947369)
[1, 4, 10, 23, 57, 132, 301, 701, 1636, 3756, 8616, 20559]...: 7020874: ACCEPTED IN 13 TRIES, (AVG 540067.2307692308)
[1, 4, 10, 23, 57, 132, 301, 701, 1636, 3756, 8616, 20560]...: 8643331: ACCEPTED IN 16 TRIES, (AVG 540208.1875)
[1, 4, 10, 23, 57, 132, 301, 701, 1636, 3756, 8616, 20582]...: 9182391: ACCEPTED IN 17 TRIES, (AVG 540140.6470588235)
[1, 4, 10, 23, 57, 132, 301, 701, 1636, 3756, 8616, 20584]...: 28665985: ACCEPTED IN 53 TRIES, (AVG 540867.641509434)
[1, 4, 10, 23, 57, 132, 301, 701, 1636, 3756, 8616, 20585]...: 49228718: ACCEPTED IN 91 TRIES, (AVG 540974.9230769231)
[1, 4, 10, 23, 57, 132, 301, 701, 1636, 3756, 8616, 20586]...: 24337292: ACCEPTED IN 45 TRIES, (AVG 540828.7111111111)
[1, 4, 10, 23, 57, 132, 301, 701, 1636, 3756, 8616, 20587]...: 12431345: ACCEPTED IN 23 TRIES, (AVG 540493.2608695652)
[1, 4, 10, 23, 57, 132, 301, 701, 1636, 3756, 8616, 20588]...: 43818108: ACCEPTED IN 81 TRIES, (AVG 540964.2962962963)
[1, 4, 10, 23, 57, 132, 301, 701, 1636, 3756, 8616, 20589]...: 28123230: ACCEPTED IN 52 TRIES, (AVG 540831.3461538461)
[1, 4, 10, 23, 57, 132, 301, 701, 1636, 3756, 8616, 20590]...: 24877600: ACCEPTED IN 46 TRIES, (AVG 540817.3913043478)
[1, 4, 10, 23, 57, 132, 301, 701, 1636, 3756, 8616, 20591]...: 6479182: ACCEPTED IN 12 TRIES, (AVG 539931.8333333334)
[1, 4, 10, 23, 57, 132, 301, 701, 1636, 3756, 8616, 20592]...: 7019962: ACCEPTED IN 13 TRIES, (AVG 539997.0769230769)
[1, 4, 10, 23, 57, 132, 301, 701, 1636, 3756, 8616, 20593]...: 5937895: ACCEPTED IN 11 TRIES, (AVG 539808.6363636364)
[1, 4, 10, 23, 57, 132, 301, 701, 1636, 3756, 8616, 20595]...: 18384494: ACCEPTED IN 34 TRIES, (AVG 540720.4117647059)
[1, 4, 10, 23, 57, 132, 301, 701, 1636, 3756, 8616, 20615]...: 17302533: ACCEPTED IN 32 TRIES, (AVG 540704.15625)
[1, 4, 10, 23, 57, 132, 301, 701, 1636, 3756, 8616, 20618]...: 31912581: ACCEPTED IN 59 TRIES, (AVG 540891.2033898305)
[1, 4, 10, 23, 57, 132, 301, 701, 1636, 3756, 8616, 20619]...: 27583733: ACCEPTED IN 51 TRIES, (AVG 540857.5098039216)
[1, 4, 10, 23, 57, 132, 301, 701, 1636, 3756, 8616, 20620]...: 27583522: ACCEPTED IN 51 TRIES, (AVG 540853.3725490196)
[1, 4, 10, 23, 57, 132, 301, 701, 1636, 3756, 8616, 20621]...: 24337196: ACCEPTED IN 45 TRIES, (AVG 540826.5777777778)
[1, 4, 10, 23, 57, 132, 301, 701, 1636, 3756, 8616, 20622]...: 18925809: ACCEPTED IN 35 TRIES, (AVG 540737.4)
[1, 4, 10, 23, 57, 132, 301, 701, 1636, 3756, 8616, 20623]...: 11889974: ACCEPTED IN 22 TRIES, (AVG 540453.3636363636)
[1, 4, 10, 23, 57, 132, 301, 701, 1636, 3756, 8616, 20624]...: 37864633: ACCEPTED IN 70 TRIES, (AVG 540923.3285714285)
[1, 4, 10, 23, 57, 132, 301, 701, 1636, 3756, 8616, 20625]...: 26501399: ACCEPTED IN 49 TRIES, (AVG 540844.8775510204)
[1, 4, 10, 23, 57, 132, 301, 701, 1636, 3756, 8616, 20626]...: 9182824: ACCEPTED IN 17 TRIES, (AVG 540166.1176470588)
[1, 4, 10, 23, 57, 132, 301, 701, 1636, 3756, 8616, 20627]...: 11890411: ACCEPTED IN 22 TRIES, (AVG 540473.2272727273)
[1, 4, 10, 23, 57, 132, 301, 701, 1636, 3756, 8616, 20628]...: 9725557: ACCEPTED IN 18 TRIES, (AVG 540308.7222222222)
[1, 4, 10, 23, 57, 132, 301, 701, 1636, 3756, 8616, 20650]...: 34075803: ACCEPTED IN 63 TRIES, (AVG 540885.7619047619)
[1, 4, 10, 23, 57, 132, 301, 701, 1636, 3756, 8616, 20651]...: 23254738: ACCEPTED IN 43 TRIES, (AVG 540807.8604651163)
[1, 4, 10, 23, 57, 132, 301, 701, 1636, 3756, 8616, 20652]...: 14595520: ACCEPTED IN 27 TRIES, (AVG 540574.8148148148)
[1, 4, 10, 23, 57, 132, 301, 701, 1636, 3756, 8616, 20653]...: 41651860: ACCEPTED IN 77 TRIES, (AVG 540933.2467532468)
[1, 4, 10, 23, 57, 132, 301, 701, 1636, 3756, 8616, 20654]...: 48145997: ACCEPTED IN 89 TRIES, (AVG 540966.2584269663)
[1, 4, 10, 23, 57, 132, 301, 701, 1636, 3756, 8616, 20655]...: 29207384: ACCEPTED IN 54 TRIES, (AVG 540877.4814814815)
[1, 4, 10, 23, 57, 132, 301, 701, 1636, 3756, 8616, 20656]...: 5938263: ACCEPTED IN 11 TRIES, (AVG 539842.0909090909)
[1, 4, 10, 23, 57, 132, 301, 701, 1636, 3756, 8616, 20657]...: 28124699: ACCEPTED IN 52 TRIES, (AVG 540859.5961538461)
[1, 4, 10, 23, 57, 132, 301, 701, 1636, 3756, 8616, 20658]...: 9184985: ACCEPTED IN 17 TRIES, (AVG 540293.2352941176)
[1, 4, 10, 23, 57, 132, 301, 701, 1636, 3756, 8616, 20659]...: 10266721: ACCEPTED IN 19 TRIES, (AVG 540353.7368421053)
[1, 4, 10, 23, 57, 132, 301, 701, 1636, 3756, 8616, 20662]...: 7020680: ACCEPTED IN 13 TRIES, (AVG 540052.3076923077)
