[1, 4, 10, 23, 57, 132, 301, 701, 1636, 3728, 8260, 19114]...: 25418077: ACCEPTED IN 47 TRIES, (AVG 540810.1489361703)
[1, 4, 10, 23, 57, 132, 301, 701, 1636, 3728, 8260, 19148]...: 6478536: ACCEPTED IN 12 TRIES, (AVG 539878.0)
[1, 4, 10, 23, 57, 132, 301, 701, 1636, 3728, 8260, 19348]...: 36241145: ACCEPTED IN 67 TRIES, (AVG 540912.6119402985)
[1, 4, 10, 23, 57, 132, 301, 701, 1636, 3728, 8260, 19449]...: 28665550: ACCEPTED IN 53 TRIES, (AVG 540859.4339622641)
[1, 4, 10, 23, 57, 132, 301, 701, 1636, 3728, 8260, 19514]...: 80615179: ACCEPTED IN 149 TRIES, (AVG 541041.4697986577)
[1, 4, 10, 23, 57, 132, 301, 701, 1636, 3728, 8260, 19515]...: 37324086: ACCEPTED IN 69 TRIES, (AVG 540928.7826086957)
[1, 4, 10, 23, 57, 132, 301, 701, 1636, 3728, 8260, 19614]...: 49228225: ACCEPTED IN 91 TRIES, (AVG 540969.5054945055)
[1, 4, 10, 23, 57, 132, 301, 701, 1636, 3728, 8260, 19649]...: 37322553: ACCEPTED IN 69 TRIES, (AVG 540906.5652173914)
[1, 4, 10, 23, 57, 132, 301, 701, 1636, 3728, 8260, 19748]...: 24875586: ACCEPTED IN 46 TRIES, (AVG 540773.6086956522)
[1, 4, 10, 23, 57, 132, 301, 701, 1636, 3728, 8260, 19749]...: 26501727: ACCEPTED IN 49 TRIES, (AVG 540851.5714285715)
[1, 4, 10, 23, 57, 132, 301, 701, 1636, 3728, 8260, 19816]...: 29748613: ACCEPTED IN 55 TRIES, (AVG 540883.8727272727)
