[1, 4, 10, 23, 57, 132, 301, 701, 1636, 3850, 8662, 19084]...: 12431775: ACCEPTED IN 23 TRIES, (AVG 540511.9565217391)
[1, 4, 10, 23, 57, 132, 301, 701, 1636, 3850, 8662, 19186]...: 12972816: ACCEPTED IN 24 TRIES, (AVG 540534.0)
[1, 4, 10, 23, 57, 132, 301, 701, 1636, 3850, 8662, 19216]...: 15678072: ACCEPTED IN 29 TRIES, (AVG 540623.1724137932)
[1, 4, 10, 23, 57, 132, 301, 701, 1636, 3850, 8662, 19318]...: 14055416: ACCEPTED IN 26 TRIES, (AVG 540592.9230769231)
[1, 4, 10, 23, 57, 132, 301, 701, 1636, 3850, 8662, 19450]...: 14053948: ACCEPTED IN 26 TRIES, (AVG 540536.4615384615)
[1, 4, 10, 23, 57, 132, 301, 701, 1636, 3850, 8662, 19638]...: 16760116: ACCEPTED IN 31 TRIES, (AVG 540648.9032258064)
[1, 4, 10, 23, 57, 132, 301, 701, 1636, 3850, 8662, 19653]...: 10266574: ACCEPTED IN 19 TRIES, (AVG 540346.0)
[1, 4, 10, 23, 57, 132, 301, 701, 1636, 3850, 8662, 19684]...: 9184518: ACCEPTED IN 17 TRIES, (AVG 540265.7647058824)
[1, 4, 10, 23, 57, 132, 301, 701, 1636, 3850, 8662, 19785]...: 3232055: ACCEPTED IN 6 TRIES, (AVG 538675.8333333334)
[1, 4, 10, 23, 57, 132, 301, 701, 1636, 3850, 8662, 19887]...: 6478932: ACCEPTED IN 12 TRIES, (AVG 539911.0)
[1, 4, 10, 23, 57, 132, 301, 701, 1636, 3850, 8662, 19917]...: 14594450: ACCEPTED IN 27 TRIES, (AVG 540535.1851851852)
[1, 4, 10, 23, 57, 132, 301, 701, 1636, 3850, 8662, 19918]...: 3773883: ACCEPTED IN 7 TRIES, (AVG 539126.1428571428)
[1, 4, 10, 23, 57, 132, 301, 701, 1636, 3850, 8662, 20019]...: 9725745: ACCEPTED IN 18 TRIES, (AVG 540319.1666666666)
[1, 4, 10, 23, 57, 132, 301, 701, 1636, 3850, 8662, 20121]...: 7561806: ACCEPTED IN 14 TRIES, (AVG 540129.0)
[1, 4, 10, 23, 57, 132, 301, 701, 1636, 3850, 8662, 20151]...: 3232869: ACCEPTED IN 6 TRIES, (AVG 538811.5)
[1, 4, 10, 23, 57, 132, 301, 701, 1636, 3850, 8662, 20253]...: 5397041: ACCEPTED IN 10 TRIES, (AVG 539704.1)
[1, 4, 10, 23, 57, 132, 301, 701, 1636, 3850, 8662, 20354]...: 8102469: ACCEPTED IN 15 TRIES, (AVG 540164.6)
[1, 4, 10, 23, 57, 132, 301, 701, 1636, 3850, 8662, 20385]...: 3231642: ACCEPTED IN 6 TRIES, (AVG 538607.0)
[1, 4, 10, 23, 57, 132, 301, 701, 1636, 3850, 8662, 20588]...: 15678275: ACCEPTED IN 29 TRIES, (AVG 540630.1724137932)
[1, 4, 10, 23, 57, 132, 301, 701, 1636, 3850, 8662, 20619]...: 4856348: ACCEPTED IN 9 TRIES, (AVG 539594.2222222222)
[1, 4, 10, 23, 57, 132, 301, 701, 1636, 3850, 8662, 20720]...: 3232083: ACCEPTED IN 6 TRIES, (AVG 538680.5)
