[1, 4, 10, 23, 57, 132, 301, 701, 1654, 3810, 8708, 19192]...: 38406484: ACCEPTED IN 71 TRIES, (AVG 540936.3943661972)
[1, 4, 10, 23, 57, 132, 301, 701, 1654, 3810, 8708, 19212]...: 28123999: ACCEPTED IN 52 TRIES, (AVG 540846.1346153846)
[1, 4, 10, 23, 57, 132, 301, 701, 1654, 3810, 8708, 19229]...: 71415522: ACCEPTED IN 132 TRIES, (AVG 541026.6818181818)
[1, 4, 10, 23, 57, 132, 301, 701, 1654, 3810, 8708, 19234]...: 40028718: ACCEPTED IN 74 TRIES, (AVG 540928.6216216217)
[1, 4, 10, 23, 57, 132, 301, 701, 1654, 3810, 8708, 19270]...: 49227354: ACCEPTED IN 91 TRIES, (AVG 540959.934065934)
[1, 4, 10, 23, 57, 132, 301, 701, 1654, 3810, 8708, 19303]...: 42735462: ACCEPTED IN 79 TRIES, (AVG 540955.2151898735)
[1, 4, 10, 23, 57, 132, 301, 701, 1654, 3810, 8708, 19344]...: 29206674: ACCEPTED IN 54 TRIES, (AVG 540864.3333333334)
[1, 4, 10, 23, 57, 132, 301, 701, 1654, 3810, 8708, 19361]...: 21090198: ACCEPTED IN 39 TRIES, (AVG 540774.3076923077)
[1, 4, 10, 23, 57, 132, 301, 701, 1654, 3810, 8708, 19366]...: 34618419: ACCEPTED IN 64 TRIES, (AVG 540912.796875)
[1, 4, 10, 23, 57, 132, 301, 701, 1654, 3810, 8708, 19398]...: 24335796: ACCEPTED IN 45 TRIES, (AVG 540795.4666666667)
[1, 4, 10, 23, 57, 132, 301, 701, 1654, 3810, 8708, 19403]...: 18383621: ACCEPTED IN 34 TRIES, (AVG 540694.7352941176)
[1, 4, 10, 23, 57, 132, 301, 701, 1654, 3810, 8708, 19435]...: 15677068: ACCEPTED IN 29 TRIES, (AVG 540588.551724138)
[1, 4, 10, 23, 57, 132, 301, 701, 1654, 3810, 8708, 19439]...: 18925119: ACCEPTED IN 35 TRIES, (AVG 540717.6857142857)
[1, 4, 10, 23, 57, 132, 301, 701, 1654, 3810, 8708, 19476]...: 12973368: ACCEPTED IN 24 TRIES, (AVG 540557.0)
[1, 4, 10, 23, 57, 132, 301, 701, 1654, 3810, 8708, 19493]...: 28124874: ACCEPTED IN 52 TRIES, (AVG 540862.9615384615)
[1, 4, 10, 23, 57, 132, 301, 701, 1654, 3810, 8708, 19498]...: 34077300: ACCEPTED IN 63 TRIES, (AVG 540909.5238095238)
[1, 4, 10, 23, 57, 132, 301, 701, 1654, 3810, 8708, 19535]...: 36242041: ACCEPTED IN 67 TRIES, (AVG 540925.9850746269)
[1, 4, 10, 23, 57, 132, 301, 701, 1654, 3810, 8708, 19567]...: 11888355: ACCEPTED IN 22 TRIES, (AVG 540379.7727272727)
[1, 4, 10, 23, 57, 132, 301, 701, 1654, 3810, 8708, 19571]...: 41111785: ACCEPTED IN 76 TRIES, (AVG 540944.5394736842)
[1, 4, 10, 23, 57, 132, 301, 701, 1654, 3810, 8708, 19608]...: 20548511: ACCEPTED IN 38 TRIES, (AVG 540750.2894736842)
[1, 4, 10, 23, 57, 132, 301, 701, 1654, 3810, 8708, 19630]...: 35699921: ACCEPTED IN 66 TRIES, (AVG 540907.8939393939)
[1, 4, 10, 23, 57, 132, 301, 701, 1654, 3810, 8708, 19662]...: 5938585: ACCEPTED IN 11 TRIES, (AVG 539871.3636363636)
[1, 4, 10, 23, 57, 132, 301, 701, 1654, 3810, 8708, 19667]...: 66545664: ACCEPTED IN 123 TRIES, (AVG 541021.6585365854)
[1, 4, 10, 23, 57, 132, 301, 701, 1654, 3810, 8708, 19671]...: 63840167: ACCEPTED IN 118 TRIES, (AVG 541018.3644067796)
[1, 4, 10, 23, 57, 132, 301, 701, 1654, 3810, 8708, 19699]...: 17841172: ACCEPTED IN 33 TRIES, (AVG 540641.5757575758)
[1, 4, 10, 23, 57, 132, 301, 701, 1654, 3810, 8708, 19704]...: 20007883: ACCEPTED IN 37 TRIES, (AVG 540753.5945945946)
[1, 4, 10, 23, 57, 132, 301, 701, 1654, 3810, 8708, 19740]...: 14595781: ACCEPTED IN 27 TRIES, (AVG 540584.4814814815)
[1, 4, 10, 23, 57, 132, 301, 701, 1654, 3810, 8708, 19794]...: 11891032: ACCEPTED IN 22 TRIES, (AVG 540501.4545454546)
[1, 4, 10, 23, 57, 132, 301, 701, 1654, 3810, 8708, 19799]...: 15678855: ACCEPTED IN 29 TRIES, (AVG 540650.1724137932)
[1, 4, 10, 23, 57, 132, 301, 701, 1654, 3810, 8708, 19803]...: 49228286: ACCEPTED IN 91 TRIES, (AVG 540970.1758241758)
[1, 4, 10, 23, 57, 132, 301, 701, 1654, 3810, 8708, 19831]...: 25418889: ACCEPTED IN 47 TRIES, (AVG 540827.4255319149)
[1, 4, 10, 23, 57, 132, 301, 701, 1654, 3810, 8708, 19836]...: 29747314: ACCEPTED IN 55 TRIES, (AVG 540860.2545454545)
[1, 4, 10, 23, 57, 132, 301, 701, 1654, 3810, 8708, 19872]...: 49228500: ACCEPTED IN 91 TRIES, (AVG 540972.5274725275)
[1, 4, 10, 23, 57, 132, 301, 701, 1654, 3810, 8708, 19873]...: 31371684: ACCEPTED IN 58 TRIES, (AVG 540891.1034482758)
[1, 4, 10, 23, 57, 132, 301, 701, 1654, 3810, 8708, 19922]...: 20547487: ACCEPTED IN 38 TRIES, (AVG 540723.3421052631)
[1, 4, 10, 23, 57, 132, 301, 701, 1654, 3810, 8708, 19931]...: 16220295: ACCEPTED IN 30 TRIES, (AVG 540676.5)
[1, 4, 10, 23, 57, 132, 301, 701, 1654, 3810, 8708, 19935]...: 15137455: ACCEPTED IN 28 TRIES, (AVG 540623.3928571428)
[1, 4, 10, 23, 57, 132, 301, 701, 1654, 3810, 8708, 19963]...: 14596285: ACCEPTED IN 27 TRIES, (AVG 540603.1481481482)
[1, 4, 10, 23, 57, 132, 301, 701, 1654, 3810, 8708, 19968]...: 20546070: ACCEPTED IN 38 TRIES, (AVG 540686.052631579)
[1, 4, 10, 23, 57, 132, 301, 701, 1654, 3810, 8708, 19972]...: 28123474: ACCEPTED IN 52 TRIES, (AVG 540836.0384615385)
[1, 4, 10, 23, 57, 132, 301, 701, 1654, 3810, 8708, 20000]...: 13513927: ACCEPTED IN 25 TRIES, (AVG 540557.08)
[1, 4, 10, 23, 57, 132, 301, 701, 1654, 3810, 8708, 20005]...: 27041656: ACCEPTED IN 50 TRIES, (AVG 540833.12)
[1, 4, 10, 23, 57, 132, 301, 701, 1654, 3810, 8708, 20054]...: 19466899: ACCEPTED IN 36 TRIES, (AVG 540747.1944444445)
[1, 4, 10, 23, 57, 132, 301, 701, 1654, 3810, 8708, 20067]...: 30287490: ACCEPTED IN 56 TRIES, (AVG 540848.0357142857)
[1, 4, 10, 23, 57, 132, 301, 701, 1654, 3810, 8708, 20095]...: 20549134: ACCEPTED IN 38 TRIES, (AVG 540766.6842105263)
[1, 4, 10, 23, 57, 132, 301, 701, 1654, 3810, 8708, 20100]...: 24337212: ACCEPTED IN 45 TRIES, (AVG 540826.9333333333)
[1, 4, 10, 23, 57, 132, 301, 701, 1654, 3810, 8708, 20104]...: 16760623: ACCEPTED IN 31 TRIES, (AVG 540665.2580645161)
[1, 4, 10, 23, 57, 132, 301, 701, 1654, 3810, 8708, 20132]...: 15137616: ACCEPTED IN 28 TRIES, (AVG 540629.1428571428)
[1, 4, 10, 23, 57, 132, 301, 701, 1654, 3810, 8708, 20137]...: 49226508: ACCEPTED IN 91 TRIES, (AVG 540950.6373626373)
[1, 4, 10, 23, 57, 132, 301, 701, 1654, 3810, 8708, 20174]...: 11889993: ACCEPTED IN 22 TRIES, (AVG 540454.2272727273)
[1, 4, 10, 23, 57, 132, 301, 701, 1654, 3810, 8708, 20186]...: 11888740: ACCEPTED IN 22 TRIES, (AVG 540397.2727272727)
[1, 4, 10, 23, 57, 132, 301, 701, 1654, 3810, 8708, 20199]...: 16218934: ACCEPTED IN 30 TRIES, (AVG 540631.1333333333)
[1, 4, 10, 23, 57, 132, 301, 701, 1654, 3810, 8708, 20223]...: 28123837: ACCEPTED IN 52 TRIES, (AVG 540843.0192307692)
[1, 4, 10, 23, 57, 132, 301, 701, 1654, 3810, 8708, 20227]...: 17300573: ACCEPTED IN 32 TRIES, (AVG 540642.90625)
[1, 4, 10, 23, 57, 132, 301, 701, 1654, 3810, 8708, 20232]...: 26498251: ACCEPTED IN 49 TRIES, (AVG 540780.6326530612)
[1, 4, 10, 23, 57, 132, 301, 701, 1654, 3810, 8708, 20236]...: 21090016: ACCEPTED IN 39 TRIES, (AVG 540769.641025641)
[1, 4, 10, 23, 57, 132, 301, 701, 1654, 3810, 8708, 20264]...: 20548551: ACCEPTED IN 38 TRIES, (AVG 540751.3421052631)
[1, 4, 10, 23, 57, 132, 301, 701, 1654, 3810, 8708, 20269]...: 11347201: ACCEPTED IN 21 TRIES, (AVG 540342.9047619047)
[1, 4, 10, 23, 57, 132, 301, 701, 1654, 3810, 8708, 20273]...: 16760389: ACCEPTED IN 31 TRIES, (AVG 540657.7096774194)
[1, 4, 10, 23, 57, 132, 301, 701, 1654, 3810, 8708, 20301]...: 18384674: ACCEPTED IN 34 TRIES, (AVG 540725.7058823529)
[1, 4, 10, 23, 57, 132, 301, 701, 1654, 3810, 8708, 20306]...: 13514427: ACCEPTED IN 25 TRIES, (AVG 540577.08)
[1, 4, 10, 23, 57, 132, 301, 701, 1654, 3810, 8708, 20318]...: 39486823: ACCEPTED IN 73 TRIES, (AVG 540915.3835616439)
[1, 4, 10, 23, 57, 132, 301, 701, 1654, 3810, 8708, 20331]...: 13512472: ACCEPTED IN 25 TRIES, (AVG 540498.88)
[1, 4, 10, 23, 57, 132, 301, 701, 1654, 3810, 8708, 20355]...: 27042796: ACCEPTED IN 50 TRIES, (AVG 540855.92)
[1, 4, 10, 23, 57, 132, 301, 701, 1654, 3810, 8708, 20359]...: 16219810: ACCEPTED IN 30 TRIES, (AVG 540660.3333333334)
[1, 4, 10, 23, 57, 132, 301, 701, 1654, 3810, 8708, 20360]...: 11889837: ACCEPTED IN 22 TRIES, (AVG 540447.1363636364)
[1, 4, 10, 23, 57, 132, 301, 701, 1654, 3810, 8708, 20368]...: 31911144: ACCEPTED IN 59 TRIES, (AVG 540866.8474576271)
[1, 4, 10, 23, 57, 132, 301, 701, 1654, 3810, 8708, 20372]...: 34617880: ACCEPTED IN 64 TRIES, (AVG 540904.375)
[1, 4, 10, 23, 57, 132, 301, 701, 1654, 3810, 8708, 20396]...: 11890487: ACCEPTED IN 22 TRIES, (AVG 540476.6818181818)
[1, 4, 10, 23, 57, 132, 301, 701, 1654, 3810, 8708, 20401]...: 19466912: ACCEPTED IN 36 TRIES, (AVG 540747.5555555555)
[1, 4, 10, 23, 57, 132, 301, 701, 1654, 3810, 8708, 20405]...: 14596702: ACCEPTED IN 27 TRIES, (AVG 540618.5925925926)
[1, 4, 10, 23, 57, 132, 301, 701, 1654, 3810, 8708, 20433]...: 21630592: ACCEPTED IN 40 TRIES, (AVG 540764.8)
[1, 4, 10, 23, 57, 132, 301, 701, 1654, 3810, 8708, 20438]...: 14596192: ACCEPTED IN 27 TRIES, (AVG 540599.7037037037)
[1, 4, 10, 23, 57, 132, 301, 701, 1654, 3810, 8708, 20450]...: 10267132: ACCEPTED IN 19 TRIES, (AVG 540375.3684210526)
[1, 4, 10, 23, 57, 132, 301, 701, 1654, 3810, 8708, 20475]...: 20008096: ACCEPTED IN 37 TRIES, (AVG 540759.3513513514)
[1, 4, 10, 23, 57, 132, 301, 701, 1654, 3810, 8708, 20487]...: 15678172: ACCEPTED IN 29 TRIES, (AVG 540626.6206896552)
[1, 4, 10, 23, 57, 132, 301, 701, 1654, 3810, 8708, 20491]...: 9184900: ACCEPTED IN 17 TRIES, (AVG 540288.2352941176)
[1, 4, 10, 23, 57, 132, 301, 701, 1654, 3810, 8708, 20492]...: 13511348: ACCEPTED IN 25 TRIES, (AVG 540453.92)
[1, 4, 10, 23, 57, 132, 301, 701, 1654, 3810, 8708, 20500]...: 11348352: ACCEPTED IN 21 TRIES, (AVG 540397.7142857143)
[1, 4, 10, 23, 57, 132, 301, 701, 1654, 3810, 8708, 20504]...: 20547373: ACCEPTED IN 38 TRIES, (AVG 540720.3421052631)
[1, 4, 10, 23, 57, 132, 301, 701, 1654, 3810, 8708, 20524]...: 28124544: ACCEPTED IN 52 TRIES, (AVG 540856.6153846154)
[1, 4, 10, 23, 57, 132, 301, 701, 1654, 3810, 8708, 20528]...: 20003570: ACCEPTED IN 37 TRIES, (AVG 540637.027027027)
[1, 4, 10, 23, 57, 132, 301, 701, 1654, 3810, 8708, 20533]...: 11890979: ACCEPTED IN 22 TRIES, (AVG 540499.0454545454)
[1, 4, 10, 23, 57, 132, 301, 701, 1654, 3810, 8708, 20537]...: 14596264: ACCEPTED IN 27 TRIES, (AVG 540602.3703703703)
[1, 4, 10, 23, 57, 132, 301, 701, 1654, 3810, 8708, 20565]...: 11889615: ACCEPTED IN 22 TRIES, (AVG 540437.0454545454)
[1, 4, 10, 23, 57, 132, 301, 701, 1654, 3810, 8708, 20570]...: 16220165: ACCEPTED IN 30 TRIES, (AVG 540672.1666666666)
[1, 4, 10, 23, 57, 132, 301, 701, 1654, 3810, 8708, 20574]...: 36241979: ACCEPTED IN 67 TRIES, (AVG 540925.0597014925)
[1, 4, 10, 23, 57, 132, 301, 701, 1654, 3810, 8708, 20582]...: 4311934: ACCEPTED IN 8 TRIES, (AVG 538991.75)
[1, 4, 10, 23, 57, 132, 301, 701, 1654, 3810, 8708, 20602]...: 20549100: ACCEPTED IN 38 TRIES, (AVG 540765.7894736842)
[1, 4, 10, 23, 57, 132, 301, 701, 1654, 3810, 8708, 20607]...: 20008111: ACCEPTED IN 37 TRIES, (AVG 540759.7567567568)
[1, 4, 10, 23, 57, 132, 301, 701, 1654, 3810, 8708, 20619]...: 20006946: ACCEPTED IN 37 TRIES, (AVG 540728.2702702703)
[1, 4, 10, 23, 57, 132, 301, 701, 1654, 3810, 8708, 20623]...: 30289046: ACCEPTED IN 56 TRIES, (AVG 540875.8214285715)
[1, 4, 10, 23, 57, 132, 301, 701, 1654, 3810, 8708, 20624]...: 31912641: ACCEPTED IN 59 TRIES, (AVG 540892.220338983)
[1, 4, 10, 23, 57, 132, 301, 701, 1654, 3810, 8708, 20632]...: 11889401: ACCEPTED IN 22 TRIES, (AVG 540427.3181818182)
[1, 4, 10, 23, 57, 132, 301, 701, 1654, 3810, 8708, 20636]...: 12431798: ACCEPTED IN 23 TRIES, (AVG 540512.9565217391)
[1, 4, 10, 23, 57, 132, 301, 701, 1654, 3810, 8708, 20656]...: 15137005: ACCEPTED IN 28 TRIES, (AVG 540607.3214285715)
[1, 4, 10, 23, 57, 132, 301, 701, 1654, 3810, 8708, 20660]...: 43818194: ACCEPTED IN 81 TRIES, (AVG 540965.3580246913)
[1, 4, 10, 23, 57, 132, 301, 701, 1654, 3810, 8708, 20661]...: 9725848: ACCEPTED IN 18 TRIES, (AVG 540324.8888888889)
[1, 4, 10, 23, 57, 132, 301, 701, 1654, 3810, 8708, 20665]...: 11349917: ACCEPTED IN 21 TRIES, (AVG 540472.2380952381)
[1, 4, 10, 23, 57, 132, 301, 701, 1654, 3810, 8708, 20669]...: 13514591: ACCEPTED IN 25 TRIES, (AVG 540583.64)
[1, 4, 10, 23, 57, 132, 301, 701, 1654, 3810, 8708, 20673]...: 15678776: ACCEPTED IN 29 TRIES, (AVG 540647.448275862)
[1, 4, 10, 23, 57, 132, 301, 701, 1654, 3810, 8708, 20677]...: 14595315: ACCEPTED IN 27 TRIES, (AVG 540567.2222222222)
[1, 4, 10, 23, 57, 132, 301, 701, 1654, 3810, 8708, 20697]...: 23795370: ACCEPTED IN 44 TRIES, (AVG 540803.8636363636)
[1, 4, 10, 23, 57, 132, 301, 701, 1654, 3810, 8708, 20702]...: 20549327: ACCEPTED IN 38 TRIES, (AVG 540771.7631578947)
[1, 4, 10, 23, 57, 132, 301, 701, 1654, 3810, 8708, 20706]...: 32994581: ACCEPTED IN 61 TRIES, (AVG 540894.7704918033)
[1, 4, 10, 23, 57, 132, 301, 701, 1654, 3810, 8708, 20714]...: 30289742: ACCEPTED IN 56 TRIES, (AVG 540888.25)
[1, 4, 10, 23, 57, 132, 301, 701, 1654, 3810, 8708, 20734]...: 20008044: ACCEPTED IN 37 TRIES, (AVG 540757.9459459459)
[1, 4, 10, 23, 57, 132, 301, 701, 1654, 3810, 8708, 20739]...: 21630739: ACCEPTED IN 40 TRIES, (AVG 540768.475)
[1, 4, 10, 23, 57, 132, 301, 701, 1654, 3810, 8708, 20751]...: 25960056: ACCEPTED IN 48 TRIES, (AVG 540834.5)
[1, 4, 10, 23, 57, 132, 301, 701, 1654, 3810, 8708, 20756]...: 35159530: ACCEPTED IN 65 TRIES, (AVG 540915.8461538461)
[1, 4, 10, 23, 57, 132, 301, 701, 1654, 3810, 8708, 20768]...: 12431152: ACCEPTED IN 23 TRIES, (AVG 540484.8695652174)
[1, 4, 10, 23, 57, 132, 301, 701, 1654, 3810, 8708, 20776]...: 28124649: ACCEPTED IN 52 TRIES, (AVG 540858.6346153846)
[1, 4, 10, 23, 57, 132, 301, 701, 1654, 3810, 8708, 20788]...: 15677875: ACCEPTED IN 29 TRIES, (AVG 540616.3793103448)
[1, 4, 10, 23, 57, 132, 301, 701, 1654, 3810, 8708, 20792]...: 23796015: ACCEPTED IN 44 TRIES, (AVG 540818.5227272727)
[1, 4, 10, 23, 57, 132, 301, 701, 1654, 3810, 8708, 20793]...: 13514070: ACCEPTED IN 25 TRIES, (AVG 540562.8)
[1, 4, 10, 23, 57, 132, 301, 701, 1654, 3810, 8708, 20797]...: 9724892: ACCEPTED IN 18 TRIES, (AVG 540271.7777777778)
[1, 4, 10, 23, 57, 132, 301, 701, 1654, 3810, 8708, 20801]...: 20548039: ACCEPTED IN 38 TRIES, (AVG 540737.8684210526)
[1, 4, 10, 23, 57, 132, 301, 701, 1654, 3810, 8708, 20805]...: 32994991: ACCEPTED IN 61 TRIES, (AVG 540901.4918032787)
[1, 4, 10, 23, 57, 132, 301, 701, 1654, 3810, 8708, 20809]...: 28124662: ACCEPTED IN 52 TRIES, (AVG 540858.8846153846)
[1, 4, 10, 23, 57, 132, 301, 701, 1654, 3810, 8708, 20825]...: 25419029: ACCEPTED IN 47 TRIES, (AVG 540830.4042553192)
[1, 4, 10, 23, 57, 132, 301, 701, 1654, 3810, 8708, 20829]...: 14054586: ACCEPTED IN 26 TRIES, (AVG 540561.0)
[1, 4, 10, 23, 57, 132, 301, 701, 1654, 3810, 8708, 20834]...: 14596573: ACCEPTED IN 27 TRIES, (AVG 540613.8148148148)
[1, 4, 10, 23, 57, 132, 301, 701, 1654, 3810, 8708, 20838]...: 16218413: ACCEPTED IN 30 TRIES, (AVG 540613.7666666667)
[1, 4, 10, 23, 57, 132, 301, 701, 1654, 3810, 8708, 20846]...: 19466924: ACCEPTED IN 36 TRIES, (AVG 540747.8888888889)
[1, 4, 10, 23, 57, 132, 301, 701, 1654, 3810, 8708, 20866]...: 11348364: ACCEPTED IN 21 TRIES, (AVG 540398.2857142857)
[1, 4, 10, 23, 57, 132, 301, 701, 1654, 3810, 8708, 20871]...: 31370183: ACCEPTED IN 58 TRIES, (AVG 540865.224137931)
[1, 4, 10, 23, 57, 132, 301, 701, 1654, 3810, 8708, 20875]...: 17843108: ACCEPTED IN 33 TRIES, (AVG 540700.2424242424)
[1, 4, 10, 23, 57, 132, 301, 701, 1654, 3810, 8708, 20883]...: 31369446: ACCEPTED IN 58 TRIES, (AVG 540852.5172413794)
[1, 4, 10, 23, 57, 132, 301, 701, 1654, 3810, 8708, 20888]...: 15675695: ACCEPTED IN 29 TRIES, (AVG 540541.2068965518)
