[1, 4, 10, 23, 57, 132, 301, 701, 1636, 3859, 9086, 19989]...: 5397307: ACCEPTED IN 10 TRIES, (AVG 539730.7)
[1, 4, 10, 23, 57, 132, 301, 701, 1636, 3859, 9086, 19990]...: 24335771: ACCEPTED IN 45 TRIES, (AVG 540794.911111111)
[1, 4, 10, 23, 57, 132, 301, 701, 1636, 3859, 9086, 19991]...: 27042659: ACCEPTED IN 50 TRIES, (AVG 540853.18)
[1, 4, 10, 23, 57, 132, 301, 701, 1636, 3859, 9086, 19992]...: 36241006: ACCEPTED IN 67 TRIES, (AVG 540910.5373134328)
[1, 4, 10, 23, 57, 132, 301, 701, 1636, 3859, 9086, 19993]...: 14596629: ACCEPTED IN 27 TRIES, (AVG 540615.8888888889)
[1, 4, 10, 23, 57, 132, 301, 701, 1636, 3859, 9086, 19994]...: 29206311: ACCEPTED IN 54 TRIES, (AVG 540857.6111111111)
[1, 4, 10, 23, 57, 132, 301, 701, 1636, 3859, 9086, 19995]...: 28123260: ACCEPTED IN 52 TRIES, (AVG 540831.9230769231)
[1, 4, 10, 23, 57, 132, 301, 701, 1636, 3859, 9086, 19998]...: 13514474: ACCEPTED IN 25 TRIES, (AVG 540578.96)
[1, 4, 10, 23, 57, 132, 301, 701, 1636, 3859, 9086, 20021]...: 16218710: ACCEPTED IN 30 TRIES, (AVG 540623.6666666666)
[1, 4, 10, 23, 57, 132, 301, 701, 1636, 3859, 9086, 20023]...: 12431374: ACCEPTED IN 23 TRIES, (AVG 540494.5217391305)
[1, 4, 10, 23, 57, 132, 301, 701, 1636, 3859, 9086, 20024]...: 21630425: ACCEPTED IN 40 TRIES, (AVG 540760.625)
[1, 4, 10, 23, 57, 132, 301, 701, 1636, 3859, 9086, 20025]...: 11349928: ACCEPTED IN 21 TRIES, (AVG 540472.7619047619)
[1, 4, 10, 23, 57, 132, 301, 701, 1636, 3859, 9086, 20026]...: 5395851: ACCEPTED IN 10 TRIES, (AVG 539585.1)
[1, 4, 10, 23, 57, 132, 301, 701, 1636, 3859, 9086, 20027]...: 27042326: ACCEPTED IN 50 TRIES, (AVG 540846.52)
[1, 4, 10, 23, 57, 132, 301, 701, 1636, 3859, 9086, 20028]...: 15678949: ACCEPTED IN 29 TRIES, (AVG 540653.4137931034)
[1, 4, 10, 23, 57, 132, 301, 701, 1636, 3859, 9086, 20030]...: 7561683: ACCEPTED IN 14 TRIES, (AVG 540120.2142857143)
[1, 4, 10, 23, 57, 132, 301, 701, 1636, 3859, 9086, 20031]...: 23254355: ACCEPTED IN 43 TRIES, (AVG 540798.9534883721)
[1, 4, 10, 23, 57, 132, 301, 701, 1636, 3859, 9086, 20056]...: 7020907: ACCEPTED IN 13 TRIES, (AVG 540069.7692307692)
[1, 4, 10, 23, 57, 132, 301, 701, 1636, 3859, 9086, 20057]...: 6479190: ACCEPTED IN 12 TRIES, (AVG 539932.5)
[1, 4, 10, 23, 57, 132, 301, 701, 1636, 3859, 9086, 20058]...: 28123485: ACCEPTED IN 52 TRIES, (AVG 540836.25)
[1, 4, 10, 23, 57, 132, 301, 701, 1636, 3859, 9086, 20059]...: 11890239: ACCEPTED IN 22 TRIES, (AVG 540465.4090909091)
[1, 4, 10, 23, 57, 132, 301, 701, 1636, 3859, 9086, 20060]...: 9184925: ACCEPTED IN 17 TRIES, (AVG 540289.7058823529)
[1, 4, 10, 23, 57, 132, 301, 701, 1636, 3859, 9086, 20061]...: 10808875: ACCEPTED IN 20 TRIES, (AVG 540443.75)
[1, 4, 10, 23, 57, 132, 301, 701, 1636, 3859, 9086, 20062]...: 16218874: ACCEPTED IN 30 TRIES, (AVG 540629.1333333333)
[1, 4, 10, 23, 57, 132, 301, 701, 1636, 3859, 9086, 20063]...: 14054972: ACCEPTED IN 26 TRIES, (AVG 540575.8461538461)
[1, 4, 10, 23, 57, 132, 301, 701, 1636, 3859, 9086, 20064]...: 9183935: ACCEPTED IN 17 TRIES, (AVG 540231.4705882353)
[1, 4, 10, 23, 57, 132, 301, 701, 1636, 3859, 9086, 20065]...: 7562003: ACCEPTED IN 14 TRIES, (AVG 540143.0714285715)
[1, 4, 10, 23, 57, 132, 301, 701, 1636, 3859, 9086, 20088]...: 22712516: ACCEPTED IN 42 TRIES, (AVG 540774.1904761905)
[1, 4, 10, 23, 57, 132, 301, 701, 1636, 3859, 9086, 20089]...: 12431486: ACCEPTED IN 23 TRIES, (AVG 540499.3913043478)
[1, 4, 10, 23, 57, 132, 301, 701, 1636, 3859, 9086, 20091]...: 11891134: ACCEPTED IN 22 TRIES, (AVG 540506.0909090909)
[1, 4, 10, 23, 57, 132, 301, 701, 1636, 3859, 9086, 20092]...: 27582675: ACCEPTED IN 51 TRIES, (AVG 540836.7647058824)
[1, 4, 10, 23, 57, 132, 301, 701, 1636, 3859, 9086, 20093]...: 16761379: ACCEPTED IN 31 TRIES, (AVG 540689.6451612903)
[1, 4, 10, 23, 57, 132, 301, 701, 1636, 3859, 9086, 20094]...: 40027366: ACCEPTED IN 74 TRIES, (AVG 540910.3513513514)
[1, 4, 10, 23, 57, 132, 301, 701, 1636, 3859, 9086, 20097]...: 12972448: ACCEPTED IN 24 TRIES, (AVG 540518.6666666666)
[1, 4, 10, 23, 57, 132, 301, 701, 1636, 3859, 9086, 20098]...: 27581971: ACCEPTED IN 51 TRIES, (AVG 540822.9607843137)
[1, 4, 10, 23, 57, 132, 301, 701, 1636, 3859, 9086, 20123]...: 21629262: ACCEPTED IN 40 TRIES, (AVG 540731.55)
[1, 4, 10, 23, 57, 132, 301, 701, 1636, 3859, 9086, 20124]...: 17300352: ACCEPTED IN 32 TRIES, (AVG 540636.0)
[1, 4, 10, 23, 57, 132, 301, 701, 1636, 3859, 9086, 20125]...: 11348630: ACCEPTED IN 21 TRIES, (AVG 540410.9523809524)
[1, 4, 10, 23, 57, 132, 301, 701, 1636, 3859, 9086, 20126]...: 8644270: ACCEPTED IN 16 TRIES, (AVG 540266.875)
[1, 4, 10, 23, 57, 132, 301, 701, 1636, 3859, 9086, 20127]...: 37861529: ACCEPTED IN 70 TRIES, (AVG 540878.9857142858)
[1, 4, 10, 23, 57, 132, 301, 701, 1636, 3859, 9086, 20129]...: 14594541: ACCEPTED IN 27 TRIES, (AVG 540538.5555555555)
[1, 4, 10, 23, 57, 132, 301, 701, 1636, 3859, 9086, 20130]...: 11889309: ACCEPTED IN 22 TRIES, (AVG 540423.1363636364)
[1, 4, 10, 23, 57, 132, 301, 701, 1636, 3859, 9086, 20155]...: 11349100: ACCEPTED IN 21 TRIES, (AVG 540433.3333333334)
[1, 4, 10, 23, 57, 132, 301, 701, 1636, 3859, 9086, 20156]...: 14055642: ACCEPTED IN 26 TRIES, (AVG 540601.6153846154)
[1, 4, 10, 23, 57, 132, 301, 701, 1636, 3859, 9086, 20158]...: 12430336: ACCEPTED IN 23 TRIES, (AVG 540449.3913043478)
[1, 4, 10, 23, 57, 132, 301, 701, 1636, 3859, 9086, 20159]...: 11890829: ACCEPTED IN 22 TRIES, (AVG 540492.2272727273)
[1, 4, 10, 23, 57, 132, 301, 701, 1636, 3859, 9086, 20160]...: 9726550: ACCEPTED IN 18 TRIES, (AVG 540363.8888888889)
[1, 4, 10, 23, 57, 132, 301, 701, 1636, 3859, 9086, 20161]...: 27042864: ACCEPTED IN 50 TRIES, (AVG 540857.28)
[1, 4, 10, 23, 57, 132, 301, 701, 1636, 3859, 9086, 20162]...: 16758316: ACCEPTED IN 31 TRIES, (AVG 540590.8387096775)
[1, 4, 10, 23, 57, 132, 301, 701, 1636, 3859, 9086, 20163]...: 8644253: ACCEPTED IN 16 TRIES, (AVG 540265.8125)
[1, 4, 10, 23, 57, 132, 301, 701, 1636, 3859, 9086, 20164]...: 10267590: ACCEPTED IN 19 TRIES, (AVG 540399.4736842106)
[1, 4, 10, 23, 57, 132, 301, 701, 1636, 3859, 9086, 20188]...: 12973462: ACCEPTED IN 24 TRIES, (AVG 540560.9166666666)
[1, 4, 10, 23, 57, 132, 301, 701, 1636, 3859, 9086, 20190]...: 25960583: ACCEPTED IN 48 TRIES, (AVG 540845.4791666666)
[1, 4, 10, 23, 57, 132, 301, 701, 1636, 3859, 9086, 20191]...: 5397292: ACCEPTED IN 10 TRIES, (AVG 539729.2)
[1, 4, 10, 23, 57, 132, 301, 701, 1636, 3859, 9086, 20192]...: 10807298: ACCEPTED IN 20 TRIES, (AVG 540364.9)
[1, 4, 10, 23, 57, 132, 301, 701, 1636, 3859, 9086, 20193]...: 21631248: ACCEPTED IN 40 TRIES, (AVG 540781.2)
[1, 4, 10, 23, 57, 132, 301, 701, 1636, 3859, 9086, 20194]...: 27042149: ACCEPTED IN 50 TRIES, (AVG 540842.98)
[1, 4, 10, 23, 57, 132, 301, 701, 1636, 3859, 9086, 20195]...: 9726248: ACCEPTED IN 18 TRIES, (AVG 540347.1111111111)
[1, 4, 10, 23, 57, 132, 301, 701, 1636, 3859, 9086, 20196]...: 14054782: ACCEPTED IN 26 TRIES, (AVG 540568.5384615385)
[1, 4, 10, 23, 57, 132, 301, 701, 1636, 3859, 9086, 20197]...: 20006510: ACCEPTED IN 37 TRIES, (AVG 540716.4864864865)
[1, 4, 10, 23, 57, 132, 301, 701, 1636, 3859, 9086, 20200]...: 15678457: ACCEPTED IN 29 TRIES, (AVG 540636.448275862)
[1, 4, 10, 23, 57, 132, 301, 701, 1636, 3859, 9086, 20223]...: 9185431: ACCEPTED IN 17 TRIES, (AVG 540319.4705882353)
[1, 4, 10, 23, 57, 132, 301, 701, 1636, 3859, 9086, 20224]...: 16216918: ACCEPTED IN 30 TRIES, (AVG 540563.9333333333)
[1, 4, 10, 23, 57, 132, 301, 701, 1636, 3859, 9086, 20225]...: 17843699: ACCEPTED IN 33 TRIES, (AVG 540718.1515151515)
[1, 4, 10, 23, 57, 132, 301, 701, 1636, 3859, 9086, 20226]...: 8643826: ACCEPTED IN 16 TRIES, (AVG 540239.125)
[1, 4, 10, 23, 57, 132, 301, 701, 1636, 3859, 9086, 20228]...: 11890512: ACCEPTED IN 22 TRIES, (AVG 540477.8181818182)
[1, 4, 10, 23, 57, 132, 301, 701, 1636, 3859, 9086, 20229]...: 14055492: ACCEPTED IN 26 TRIES, (AVG 540595.8461538461)
[1, 4, 10, 23, 57, 132, 301, 701, 1636, 3859, 9086, 20230]...: 16760617: ACCEPTED IN 31 TRIES, (AVG 540665.0645161291)
[1, 4, 10, 23, 57, 132, 301, 701, 1636, 3859, 9086, 20232]...: 9184242: ACCEPTED IN 17 TRIES, (AVG 540249.5294117647)
[1, 4, 10, 23, 57, 132, 301, 701, 1636, 3859, 9086, 20255]...: 17841346: ACCEPTED IN 33 TRIES, (AVG 540646.8484848485)
[1, 4, 10, 23, 57, 132, 301, 701, 1636, 3859, 9086, 20257]...: 13513547: ACCEPTED IN 25 TRIES, (AVG 540541.88)
[1, 4, 10, 23, 57, 132, 301, 701, 1636, 3859, 9086, 20258]...: 8642333: ACCEPTED IN 16 TRIES, (AVG 540145.8125)
[1, 4, 10, 23, 57, 132, 301, 701, 1636, 3859, 9086, 20259]...: 11891170: ACCEPTED IN 22 TRIES, (AVG 540507.7272727273)
[1, 4, 10, 23, 57, 132, 301, 701, 1636, 3859, 9086, 20260]...: 24878390: ACCEPTED IN 46 TRIES, (AVG 540834.5652173914)
[1, 4, 10, 23, 57, 132, 301, 701, 1636, 3859, 9086, 20261]...: 11350056: ACCEPTED IN 21 TRIES, (AVG 540478.8571428572)
[1, 4, 10, 23, 57, 132, 301, 701, 1636, 3859, 9086, 20262]...: 15136705: ACCEPTED IN 28 TRIES, (AVG 540596.6071428572)
[1, 4, 10, 23, 57, 132, 301, 701, 1636, 3859, 9086, 20263]...: 17842200: ACCEPTED IN 33 TRIES, (AVG 540672.7272727273)
[1, 4, 10, 23, 57, 132, 301, 701, 1636, 3859, 9086, 20267]...: 5937989: ACCEPTED IN 11 TRIES, (AVG 539817.1818181818)
[1, 4, 10, 23, 57, 132, 301, 701, 1636, 3859, 9086, 20287]...: 11890236: ACCEPTED IN 22 TRIES, (AVG 540465.2727272727)
[1, 4, 10, 23, 57, 132, 301, 701, 1636, 3859, 9086, 20290]...: 12431912: ACCEPTED IN 23 TRIES, (AVG 540517.9130434783)
[1, 4, 10, 23, 57, 132, 301, 701, 1636, 3859, 9086, 20291]...: 11890629: ACCEPTED IN 22 TRIES, (AVG 540483.1363636364)
[1, 4, 10, 23, 57, 132, 301, 701, 1636, 3859, 9086, 20292]...: 15679148: ACCEPTED IN 29 TRIES, (AVG 540660.275862069)
[1, 4, 10, 23, 57, 132, 301, 701, 1636, 3859, 9086, 20293]...: 14055401: ACCEPTED IN 26 TRIES, (AVG 540592.3461538461)
[1, 4, 10, 23, 57, 132, 301, 701, 1636, 3859, 9086, 20294]...: 8643893: ACCEPTED IN 16 TRIES, (AVG 540243.3125)
[1, 4, 10, 23, 57, 132, 301, 701, 1636, 3859, 9086, 20295]...: 5937196: ACCEPTED IN 11 TRIES, (AVG 539745.0909090909)
[1, 4, 10, 23, 57, 132, 301, 701, 1636, 3859, 9086, 20296]...: 15678930: ACCEPTED IN 29 TRIES, (AVG 540652.7586206896)
[1, 4, 10, 23, 57, 132, 301, 701, 1636, 3859, 9086, 20299]...: 15137614: ACCEPTED IN 28 TRIES, (AVG 540629.0714285715)
[1, 4, 10, 23, 57, 132, 301, 701, 1636, 3859, 9086, 20322]...: 26501871: ACCEPTED IN 49 TRIES, (AVG 540854.5102040817)
[1, 4, 10, 23, 57, 132, 301, 701, 1636, 3859, 9086, 20324]...: 11348712: ACCEPTED IN 21 TRIES, (AVG 540414.8571428572)
[1, 4, 10, 23, 57, 132, 301, 701, 1636, 3859, 9086, 20325]...: 11348771: ACCEPTED IN 21 TRIES, (AVG 540417.6666666666)
[1, 4, 10, 23, 57, 132, 301, 701, 1636, 3859, 9086, 20326]...: 15679084: ACCEPTED IN 29 TRIES, (AVG 540658.0689655172)
[1, 4, 10, 23, 57, 132, 301, 701, 1636, 3859, 9086, 20327]...: 17302276: ACCEPTED IN 32 TRIES, (AVG 540696.125)
[1, 4, 10, 23, 57, 132, 301, 701, 1636, 3859, 9086, 20328]...: 17300882: ACCEPTED IN 32 TRIES, (AVG 540652.5625)
[1, 4, 10, 23, 57, 132, 301, 701, 1636, 3859, 9086, 20329]...: 14596642: ACCEPTED IN 27 TRIES, (AVG 540616.3703703703)
[1, 4, 10, 23, 57, 132, 301, 701, 1636, 3859, 9086, 20331]...: 17302553: ACCEPTED IN 32 TRIES, (AVG 540704.78125)
[1, 4, 10, 23, 57, 132, 301, 701, 1636, 3859, 9086, 20332]...: 8102548: ACCEPTED IN 15 TRIES, (AVG 540169.8666666667)
[1, 4, 10, 23, 57, 132, 301, 701, 1636, 3859, 9086, 20356]...: 13514135: ACCEPTED IN 25 TRIES, (AVG 540565.4)
[1, 4, 10, 23, 57, 132, 301, 701, 1636, 3859, 9086, 20357]...: 6479342: ACCEPTED IN 12 TRIES, (AVG 539945.1666666666)
[1, 4, 10, 23, 57, 132, 301, 701, 1636, 3859, 9086, 20358]...: 14596733: ACCEPTED IN 27 TRIES, (AVG 540619.7407407408)
[1, 4, 10, 23, 57, 132, 301, 701, 1636, 3859, 9086, 20359]...: 21631202: ACCEPTED IN 40 TRIES, (AVG 540780.05)
[1, 4, 10, 23, 57, 132, 301, 701, 1636, 3859, 9086, 20360]...: 11348396: ACCEPTED IN 21 TRIES, (AVG 540399.8095238095)
[1, 4, 10, 23, 57, 132, 301, 701, 1636, 3859, 9086, 20361]...: 8642616: ACCEPTED IN 16 TRIES, (AVG 540163.5)
[1, 4, 10, 23, 57, 132, 301, 701, 1636, 3859, 9086, 20362]...: 27583337: ACCEPTED IN 51 TRIES, (AVG 540849.7450980392)
[1, 4, 10, 23, 57, 132, 301, 701, 1636, 3859, 9086, 20363]...: 11891097: ACCEPTED IN 22 TRIES, (AVG 540504.4090909091)
[1, 4, 10, 23, 57, 132, 301, 701, 1636, 3859, 9086, 20364]...: 16218173: ACCEPTED IN 30 TRIES, (AVG 540605.7666666667)
[1, 4, 10, 23, 57, 132, 301, 701, 1636, 3859, 9086, 20389]...: 9726303: ACCEPTED IN 18 TRIES, (AVG 540350.1666666666)
[1, 4, 10, 23, 57, 132, 301, 701, 1636, 3859, 9086, 20390]...: 8644064: ACCEPTED IN 16 TRIES, (AVG 540254.0)
[1, 4, 10, 23, 57, 132, 301, 701, 1636, 3859, 9086, 20392]...: 27582158: ACCEPTED IN 51 TRIES, (AVG 540826.6274509804)
[1, 4, 10, 23, 57, 132, 301, 701, 1636, 3859, 9086, 20393]...: 10806536: ACCEPTED IN 20 TRIES, (AVG 540326.8)
[1, 4, 10, 23, 57, 132, 301, 701, 1636, 3859, 9086, 20394]...: 9185424: ACCEPTED IN 17 TRIES, (AVG 540319.0588235294)
[1, 4, 10, 23, 57, 132, 301, 701, 1636, 3859, 9086, 20398]...: 14054354: ACCEPTED IN 26 TRIES, (AVG 540552.0769230769)
[1, 4, 10, 23, 57, 132, 301, 701, 1636, 3859, 9086, 20399]...: 14055474: ACCEPTED IN 26 TRIES, (AVG 540595.1538461539)
[1, 4, 10, 23, 57, 132, 301, 701, 1636, 3859, 9086, 20424]...: 17300058: ACCEPTED IN 32 TRIES, (AVG 540626.8125)
[1, 4, 10, 23, 57, 132, 301, 701, 1636, 3859, 9086, 20425]...: 9184748: ACCEPTED IN 17 TRIES, (AVG 540279.2941176471)
[1, 4, 10, 23, 57, 132, 301, 701, 1636, 3859, 9086, 20426]...: 9725850: ACCEPTED IN 18 TRIES, (AVG 540325.0)
[1, 4, 10, 23, 57, 132, 301, 701, 1636, 3859, 9086, 20427]...: 8641243: ACCEPTED IN 16 TRIES, (AVG 540077.6875)
[1, 4, 10, 23, 57, 132, 301, 701, 1636, 3859, 9086, 20428]...: 26501124: ACCEPTED IN 49 TRIES, (AVG 540839.2653061225)
[1, 4, 10, 23, 57, 132, 301, 701, 1636, 3859, 9086, 20430]...: 25959553: ACCEPTED IN 48 TRIES, (AVG 540824.0208333334)
[1, 4, 10, 23, 57, 132, 301, 701, 1636, 3859, 9086, 20431]...: 12972806: ACCEPTED IN 24 TRIES, (AVG 540533.5833333334)
[1, 4, 10, 23, 57, 132, 301, 701, 1636, 3859, 9086, 20456]...: 21629191: ACCEPTED IN 40 TRIES, (AVG 540729.775)
[1, 4, 10, 23, 57, 132, 301, 701, 1636, 3859, 9086, 20457]...: 12432233: ACCEPTED IN 23 TRIES, (AVG 540531.8695652174)
[1, 4, 10, 23, 57, 132, 301, 701, 1636, 3859, 9086, 20458]...: 24876422: ACCEPTED IN 46 TRIES, (AVG 540791.7826086957)
[1, 4, 10, 23, 57, 132, 301, 701, 1636, 3859, 9086, 20459]...: 18384369: ACCEPTED IN 34 TRIES, (AVG 540716.7352941176)
[1, 4, 10, 23, 57, 132, 301, 701, 1636, 3859, 9086, 20460]...: 11889231: ACCEPTED IN 22 TRIES, (AVG 540419.5909090909)
[1, 4, 10, 23, 57, 132, 301, 701, 1636, 3859, 9086, 20461]...: 18384465: ACCEPTED IN 34 TRIES, (AVG 540719.5588235294)
[1, 4, 10, 23, 57, 132, 301, 701, 1636, 3859, 9086, 20462]...: 7561717: ACCEPTED IN 14 TRIES, (AVG 540122.6428571428)
[1, 4, 10, 23, 57, 132, 301, 701, 1636, 3859, 9086, 20463]...: 9725858: ACCEPTED IN 18 TRIES, (AVG 540325.4444444445)
[1, 4, 10, 23, 57, 132, 301, 701, 1636, 3859, 9086, 20464]...: 15676556: ACCEPTED IN 29 TRIES, (AVG 540570.8965517242)
[1, 4, 10, 23, 57, 132, 301, 701, 1636, 3859, 9086, 20465]...: 29206901: ACCEPTED IN 54 TRIES, (AVG 540868.5370370371)
[1, 4, 10, 23, 57, 132, 301, 701, 1636, 3859, 9086, 20488]...: 19467074: ACCEPTED IN 36 TRIES, (AVG 540752.0555555555)
[1, 4, 10, 23, 57, 132, 301, 701, 1636, 3859, 9086, 20489]...: 11889649: ACCEPTED IN 22 TRIES, (AVG 540438.5909090909)
[1, 4, 10, 23, 57, 132, 301, 701, 1636, 3859, 9086, 20491]...: 9726407: ACCEPTED IN 18 TRIES, (AVG 540355.9444444445)
[1, 4, 10, 23, 57, 132, 301, 701, 1636, 3859, 9086, 20492]...: 14055615: ACCEPTED IN 26 TRIES, (AVG 540600.5769230769)
[1, 4, 10, 23, 57, 132, 301, 701, 1636, 3859, 9086, 20493]...: 8643107: ACCEPTED IN 16 TRIES, (AVG 540194.1875)
[1, 4, 10, 23, 57, 132, 301, 701, 1636, 3859, 9086, 20494]...: 13512720: ACCEPTED IN 25 TRIES, (AVG 540508.8)
[1, 4, 10, 23, 57, 132, 301, 701, 1636, 3859, 9086, 20495]...: 11889626: ACCEPTED IN 22 TRIES, (AVG 540437.5454545454)
[1, 4, 10, 23, 57, 132, 301, 701, 1636, 3859, 9086, 20496]...: 11890837: ACCEPTED IN 22 TRIES, (AVG 540492.5909090909)
[1, 4, 10, 23, 57, 132, 301, 701, 1636, 3859, 9086, 20497]...: 9724305: ACCEPTED IN 18 TRIES, (AVG 540239.1666666666)
[1, 4, 10, 23, 57, 132, 301, 701, 1636, 3859, 9086, 20498]...: 5938021: ACCEPTED IN 11 TRIES, (AVG 539820.0909090909)
[1, 4, 10, 23, 57, 132, 301, 701, 1636, 3859, 9086, 20501]...: 12432159: ACCEPTED IN 23 TRIES, (AVG 540528.6521739131)
[1, 4, 10, 23, 57, 132, 301, 701, 1636, 3859, 9086, 20524]...: 11349806: ACCEPTED IN 21 TRIES, (AVG 540466.9523809524)
[1, 4, 10, 23, 57, 132, 301, 701, 1636, 3859, 9086, 20525]...: 5937693: ACCEPTED IN 11 TRIES, (AVG 539790.2727272727)
[1, 4, 10, 23, 57, 132, 301, 701, 1636, 3859, 9086, 20526]...: 21629002: ACCEPTED IN 40 TRIES, (AVG 540725.05)
[1, 4, 10, 23, 57, 132, 301, 701, 1636, 3859, 9086, 20527]...: 29207094: ACCEPTED IN 54 TRIES, (AVG 540872.1111111111)
[1, 4, 10, 23, 57, 132, 301, 701, 1636, 3859, 9086, 20529]...: 11347948: ACCEPTED IN 21 TRIES, (AVG 540378.4761904762)
[1, 4, 10, 23, 57, 132, 301, 701, 1636, 3859, 9086, 20530]...: 8642445: ACCEPTED IN 16 TRIES, (AVG 540152.8125)
[1, 4, 10, 23, 57, 132, 301, 701, 1636, 3859, 9086, 20531]...: 16219175: ACCEPTED IN 30 TRIES, (AVG 540639.1666666666)
[1, 4, 10, 23, 57, 132, 301, 701, 1636, 3859, 9086, 20533]...: 11888655: ACCEPTED IN 22 TRIES, (AVG 540393.4090909091)
[1, 4, 10, 23, 57, 132, 301, 701, 1636, 3859, 9086, 20556]...: 16219779: ACCEPTED IN 30 TRIES, (AVG 540659.3)
[1, 4, 10, 23, 57, 132, 301, 701, 1636, 3859, 9086, 20558]...: 11348593: ACCEPTED IN 21 TRIES, (AVG 540409.1904761905)
[1, 4, 10, 23, 57, 132, 301, 701, 1636, 3859, 9086, 20559]...: 11889042: ACCEPTED IN 22 TRIES, (AVG 540411.0)
[1, 4, 10, 23, 57, 132, 301, 701, 1636, 3859, 9086, 20560]...: 7020547: ACCEPTED IN 13 TRIES, (AVG 540042.0769230769)
[1, 4, 10, 23, 57, 132, 301, 701, 1636, 3859, 9086, 20561]...: 17842475: ACCEPTED IN 33 TRIES, (AVG 540681.0606060605)
[1, 4, 10, 23, 57, 132, 301, 701, 1636, 3859, 9086, 20562]...: 11890162: ACCEPTED IN 22 TRIES, (AVG 540461.9090909091)
[1, 4, 10, 23, 57, 132, 301, 701, 1636, 3859, 9086, 20563]...: 8102225: ACCEPTED IN 15 TRIES, (AVG 540148.3333333334)
[1, 4, 10, 23, 57, 132, 301, 701, 1636, 3859, 9086, 20564]...: 11891164: ACCEPTED IN 22 TRIES, (AVG 540507.4545454546)
[1, 4, 10, 23, 57, 132, 301, 701, 1636, 3859, 9086, 20588]...: 5938454: ACCEPTED IN 11 TRIES, (AVG 539859.4545454546)
[1, 4, 10, 23, 57, 132, 301, 701, 1636, 3859, 9086, 20590]...: 16759686: ACCEPTED IN 31 TRIES, (AVG 540635.0322580645)
[1, 4, 10, 23, 57, 132, 301, 701, 1636, 3859, 9086, 20591]...: 8102004: ACCEPTED IN 15 TRIES, (AVG 540133.6)
[1, 4, 10, 23, 57, 132, 301, 701, 1636, 3859, 9086, 20592]...: 7020123: ACCEPTED IN 13 TRIES, (AVG 540009.4615384615)
[1, 4, 10, 23, 57, 132, 301, 701, 1636, 3859, 9086, 20593]...: 21090516: ACCEPTED IN 39 TRIES, (AVG 540782.4615384615)
[1, 4, 10, 23, 57, 132, 301, 701, 1636, 3859, 9086, 20594]...: 5396550: ACCEPTED IN 10 TRIES, (AVG 539655.0)
[1, 4, 10, 23, 57, 132, 301, 701, 1636, 3859, 9086, 20595]...: 19466951: ACCEPTED IN 36 TRIES, (AVG 540748.6388888889)
[1, 4, 10, 23, 57, 132, 301, 701, 1636, 3859, 9086, 20596]...: 9184931: ACCEPTED IN 17 TRIES, (AVG 540290.0588235294)
[1, 4, 10, 23, 57, 132, 301, 701, 1636, 3859, 9086, 20597]...: 11890337: ACCEPTED IN 22 TRIES, (AVG 540469.8636363636)
[1, 4, 10, 23, 57, 132, 301, 701, 1636, 3859, 9086, 20600]...: 20007897: ACCEPTED IN 37 TRIES, (AVG 540753.972972973)
[1, 4, 10, 23, 57, 132, 301, 701, 1636, 3859, 9086, 20623]...: 24877552: ACCEPTED IN 46 TRIES, (AVG 540816.3478260869)
[1, 4, 10, 23, 57, 132, 301, 701, 1636, 3859, 9086, 20625]...: 5937990: ACCEPTED IN 11 TRIES, (AVG 539817.2727272727)
[1, 4, 10, 23, 57, 132, 301, 701, 1636, 3859, 9086, 20626]...: 15136976: ACCEPTED IN 28 TRIES, (AVG 540606.2857142857)
[1, 4, 10, 23, 57, 132, 301, 701, 1636, 3859, 9086, 20627]...: 11888228: ACCEPTED IN 22 TRIES, (AVG 540374.0)
[1, 4, 10, 23, 57, 132, 301, 701, 1636, 3859, 9086, 20628]...: 11347787: ACCEPTED IN 21 TRIES, (AVG 540370.8095238095)
[1, 4, 10, 23, 57, 132, 301, 701, 1636, 3859, 9086, 20629]...: 17300453: ACCEPTED IN 32 TRIES, (AVG 540639.15625)
[1, 4, 10, 23, 57, 132, 301, 701, 1636, 3859, 9086, 20630]...: 24337120: ACCEPTED IN 45 TRIES, (AVG 540824.8888888889)
[1, 4, 10, 23, 57, 132, 301, 701, 1636, 3859, 9086, 20632]...: 8102951: ACCEPTED IN 15 TRIES, (AVG 540196.7333333333)
[1, 4, 10, 23, 57, 132, 301, 701, 1636, 3859, 9086, 20633]...: 17843377: ACCEPTED IN 33 TRIES, (AVG 540708.3939393939)
[1, 4, 10, 23, 57, 132, 301, 701, 1636, 3859, 9086, 20657]...: 10808799: ACCEPTED IN 20 TRIES, (AVG 540439.95)
[1, 4, 10, 23, 57, 132, 301, 701, 1636, 3859, 9086, 20658]...: 8643644: ACCEPTED IN 16 TRIES, (AVG 540227.75)
[1, 4, 10, 23, 57, 132, 301, 701, 1636, 3859, 9086, 20659]...: 16761090: ACCEPTED IN 31 TRIES, (AVG 540680.3225806452)
[1, 4, 10, 23, 57, 132, 301, 701, 1636, 3859, 9086, 20660]...: 4315204: ACCEPTED IN 8 TRIES, (AVG 539400.5)
[1, 4, 10, 23, 57, 132, 301, 701, 1636, 3859, 9086, 20661]...: 5937531: ACCEPTED IN 11 TRIES, (AVG 539775.5454545454)
[1, 4, 10, 23, 57, 132, 301, 701, 1636, 3859, 9086, 20662]...: 9725066: ACCEPTED IN 18 TRIES, (AVG 540281.4444444445)
[1, 4, 10, 23, 57, 132, 301, 701, 1636, 3859, 9086, 20663]...: 41652850: ACCEPTED IN 77 TRIES, (AVG 540946.1038961039)
[1, 4, 10, 23, 57, 132, 301, 701, 1636, 3859, 9086, 20664]...: 5938625: ACCEPTED IN 11 TRIES, (AVG 539875.0)
[1, 4, 10, 23, 57, 132, 301, 701, 1636, 3859, 9086, 20665]...: 9184378: ACCEPTED IN 17 TRIES, (AVG 540257.5294117647)
[1, 4, 10, 23, 57, 132, 301, 701, 1636, 3859, 9086, 20690]...: 8102871: ACCEPTED IN 15 TRIES, (AVG 540191.4)
[1, 4, 10, 23, 57, 132, 301, 701, 1636, 3859, 9086, 20691]...: 5937601: ACCEPTED IN 11 TRIES, (AVG 539781.9090909091)
[1, 4, 10, 23, 57, 132, 301, 701, 1636, 3859, 9086, 20692]...: 12432255: ACCEPTED IN 23 TRIES, (AVG 540532.8260869565)
[1, 4, 10, 23, 57, 132, 301, 701, 1636, 3859, 9086, 20693]...: 8101801: ACCEPTED IN 15 TRIES, (AVG 540120.0666666667)
[1, 4, 10, 23, 57, 132, 301, 701, 1636, 3859, 9086, 20694]...: 8643077: ACCEPTED IN 16 TRIES, (AVG 540192.3125)
[1, 4, 10, 23, 57, 132, 301, 701, 1636, 3859, 9086, 20695]...: 14055019: ACCEPTED IN 26 TRIES, (AVG 540577.6538461539)
[1, 4, 10, 23, 57, 132, 301, 701, 1636, 3859, 9086, 20696]...: 15678333: ACCEPTED IN 29 TRIES, (AVG 540632.1724137932)
[1, 4, 10, 23, 57, 132, 301, 701, 1636, 3859, 9086, 20699]...: 29207247: ACCEPTED IN 54 TRIES, (AVG 540874.9444444445)
[1, 4, 10, 23, 57, 132, 301, 701, 1636, 3859, 9086, 20722]...: 15136075: ACCEPTED IN 28 TRIES, (AVG 540574.1071428572)
[1, 4, 10, 23, 57, 132, 301, 701, 1636, 3859, 9086, 20725]...: 15137151: ACCEPTED IN 28 TRIES, (AVG 540612.5357142857)
[1, 4, 10, 23, 57, 132, 301, 701, 1636, 3859, 9086, 20726]...: 4855970: ACCEPTED IN 9 TRIES, (AVG 539552.2222222222)
[1, 4, 10, 23, 57, 132, 301, 701, 1636, 3859, 9086, 20727]...: 11889008: ACCEPTED IN 22 TRIES, (AVG 540409.4545454546)
[1, 4, 10, 23, 57, 132, 301, 701, 1636, 3859, 9086, 20728]...: 14053920: ACCEPTED IN 26 TRIES, (AVG 540535.3846153846)
[1, 4, 10, 23, 57, 132, 301, 701, 1636, 3859, 9086, 20729]...: 5938339: ACCEPTED IN 11 TRIES, (AVG 539849.0)
[1, 4, 10, 23, 57, 132, 301, 701, 1636, 3859, 9086, 20731]...: 4856349: ACCEPTED IN 9 TRIES, (AVG 539594.3333333334)
[1, 4, 10, 23, 57, 132, 301, 701, 1636, 3859, 9086, 20732]...: 12431639: ACCEPTED IN 23 TRIES, (AVG 540506.0434782609)
[1, 4, 10, 23, 57, 132, 301, 701, 1636, 3859, 9086, 20757]...: 24877555: ACCEPTED IN 46 TRIES, (AVG 540816.4130434783)
[1, 4, 10, 23, 57, 132, 301, 701, 1636, 3859, 9086, 20758]...: 21627376: ACCEPTED IN 40 TRIES, (AVG 540684.4)
[1, 4, 10, 23, 57, 132, 301, 701, 1636, 3859, 9086, 20759]...: 5937754: ACCEPTED IN 11 TRIES, (AVG 539795.8181818182)
[1, 4, 10, 23, 57, 132, 301, 701, 1636, 3859, 9086, 20760]...: 6479030: ACCEPTED IN 12 TRIES, (AVG 539919.1666666666)
[1, 4, 10, 23, 57, 132, 301, 701, 1636, 3859, 9086, 20761]...: 10806739: ACCEPTED IN 20 TRIES, (AVG 540336.95)
[1, 4, 10, 23, 57, 132, 301, 701, 1636, 3859, 9086, 20762]...: 21630309: ACCEPTED IN 40 TRIES, (AVG 540757.725)
[1, 4, 10, 23, 57, 132, 301, 701, 1636, 3859, 9086, 20763]...: 8642695: ACCEPTED IN 16 TRIES, (AVG 540168.4375)
[1, 4, 10, 23, 57, 132, 301, 701, 1636, 3859, 9086, 20764]...: 14596506: ACCEPTED IN 27 TRIES, (AVG 540611.3333333334)
[1, 4, 10, 23, 57, 132, 301, 701, 1636, 3859, 9086, 20765]...: 12431354: ACCEPTED IN 23 TRIES, (AVG 540493.6521739131)
[1, 4, 10, 23, 57, 132, 301, 701, 1636, 3859, 9086, 20766]...: 9726568: ACCEPTED IN 18 TRIES, (AVG 540364.8888888889)
[1, 4, 10, 23, 57, 132, 301, 701, 1636, 3859, 9086, 20789]...: 8102822: ACCEPTED IN 15 TRIES, (AVG 540188.1333333333)
[1, 4, 10, 23, 57, 132, 301, 701, 1636, 3859, 9086, 20790]...: 13512335: ACCEPTED IN 25 TRIES, (AVG 540493.4)
[1, 4, 10, 23, 57, 132, 301, 701, 1636, 3859, 9086, 20792]...: 12972938: ACCEPTED IN 24 TRIES, (AVG 540539.0833333334)
[1, 4, 10, 23, 57, 132, 301, 701, 1636, 3859, 9086, 20793]...: 21631092: ACCEPTED IN 40 TRIES, (AVG 540777.3)
[1, 4, 10, 23, 57, 132, 301, 701, 1636, 3859, 9086, 20794]...: 8643819: ACCEPTED IN 16 TRIES, (AVG 540238.6875)
[1, 4, 10, 23, 57, 132, 301, 701, 1636, 3859, 9086, 20795]...: 26501650: ACCEPTED IN 49 TRIES, (AVG 540850.0)
[1, 4, 10, 23, 57, 132, 301, 701, 1636, 3859, 9086, 20796]...: 8101064: ACCEPTED IN 15 TRIES, (AVG 540070.9333333333)
[1, 4, 10, 23, 57, 132, 301, 701, 1636, 3859, 9086, 20797]...: 8101443: ACCEPTED IN 15 TRIES, (AVG 540096.2)
[1, 4, 10, 23, 57, 132, 301, 701, 1636, 3859, 9086, 20798]...: 21631617: ACCEPTED IN 40 TRIES, (AVG 540790.425)
[1, 4, 10, 23, 57, 132, 301, 701, 1636, 3859, 9086, 20799]...: 8101222: ACCEPTED IN 15 TRIES, (AVG 540081.4666666667)
[1, 4, 10, 23, 57, 132, 301, 701, 1636, 3859, 9086, 20824]...: 15136828: ACCEPTED IN 28 TRIES, (AVG 540601.0)
[1, 4, 10, 23, 57, 132, 301, 701, 1636, 3859, 9086, 20825]...: 15679088: ACCEPTED IN 29 TRIES, (AVG 540658.2068965518)
[1, 4, 10, 23, 57, 132, 301, 701, 1636, 3859, 9086, 20826]...: 14054380: ACCEPTED IN 26 TRIES, (AVG 540553.0769230769)
[1, 4, 10, 23, 57, 132, 301, 701, 1636, 3859, 9086, 20827]...: 12432174: ACCEPTED IN 23 TRIES, (AVG 540529.304347826)
[1, 4, 10, 23, 57, 132, 301, 701, 1636, 3859, 9086, 20828]...: 6479669: ACCEPTED IN 12 TRIES, (AVG 539972.4166666666)
[1, 4, 10, 23, 57, 132, 301, 701, 1636, 3859, 9086, 20830]...: 16760366: ACCEPTED IN 31 TRIES, (AVG 540656.9677419355)
[1, 4, 10, 23, 57, 132, 301, 701, 1636, 3859, 9086, 20831]...: 11889970: ACCEPTED IN 22 TRIES, (AVG 540453.1818181818)
[1, 4, 10, 23, 57, 132, 301, 701, 1636, 3859, 9086, 20834]...: 13512913: ACCEPTED IN 25 TRIES, (AVG 540516.52)
[1, 4, 10, 23, 57, 132, 301, 701, 1636, 3859, 9086, 20857]...: 25419447: ACCEPTED IN 47 TRIES, (AVG 540839.2978723404)
[1, 4, 10, 23, 57, 132, 301, 701, 1636, 3859, 9086, 20859]...: 5937791: ACCEPTED IN 11 TRIES, (AVG 539799.1818181818)
[1, 4, 10, 23, 57, 132, 301, 701, 1636, 3859, 9086, 20860]...: 14595830: ACCEPTED IN 27 TRIES, (AVG 540586.2962962963)
[1, 4, 10, 23, 57, 132, 301, 701, 1636, 3859, 9086, 20861]...: 7020284: ACCEPTED IN 13 TRIES, (AVG 540021.8461538461)
[1, 4, 10, 23, 57, 132, 301, 701, 1636, 3859, 9086, 20862]...: 37860512: ACCEPTED IN 70 TRIES, (AVG 540864.4571428571)
[1, 4, 10, 23, 57, 132, 301, 701, 1636, 3859, 9086, 20863]...: 18384725: ACCEPTED IN 34 TRIES, (AVG 540727.2058823529)
[1, 4, 10, 23, 57, 132, 301, 701, 1636, 3859, 9086, 20864]...: 11348994: ACCEPTED IN 21 TRIES, (AVG 540428.2857142857)
[1, 4, 10, 23, 57, 132, 301, 701, 1636, 3859, 9086, 20865]...: 15136645: ACCEPTED IN 28 TRIES, (AVG 540594.4642857143)
[1, 4, 10, 23, 57, 132, 301, 701, 1636, 3859, 9086, 20889]...: 13513105: ACCEPTED IN 25 TRIES, (AVG 540524.2)
[1, 4, 10, 23, 57, 132, 301, 701, 1636, 3859, 9086, 20891]...: 6479825: ACCEPTED IN 12 TRIES, (AVG 539985.4166666666)
[1, 4, 10, 23, 57, 132, 301, 701, 1636, 3859, 9086, 20892]...: 11888873: ACCEPTED IN 22 TRIES, (AVG 540403.3181818182)
[1, 4, 10, 23, 57, 132, 301, 701, 1636, 3859, 9086, 20893]...: 9723899: ACCEPTED IN 18 TRIES, (AVG 540216.6111111111)
[1, 4, 10, 23, 57, 132, 301, 701, 1636, 3859, 9086, 20894]...: 13512918: ACCEPTED IN 25 TRIES, (AVG 540516.72)
[1, 4, 10, 23, 57, 132, 301, 701, 1636, 3859, 9086, 20895]...: 5936127: ACCEPTED IN 11 TRIES, (AVG 539647.9090909091)
[1, 4, 10, 23, 57, 132, 301, 701, 1636, 3859, 9086, 20896]...: 8102950: ACCEPTED IN 15 TRIES, (AVG 540196.6666666666)
[1, 4, 10, 23, 57, 132, 301, 701, 1636, 3859, 9086, 20897]...: 16219703: ACCEPTED IN 30 TRIES, (AVG 540656.7666666667)
[1, 4, 10, 23, 57, 132, 301, 701, 1636, 3859, 9086, 20898]...: 21630663: ACCEPTED IN 40 TRIES, (AVG 540766.575)
[1, 4, 10, 23, 57, 132, 301, 701, 1636, 3859, 9086, 20901]...: 12430293: ACCEPTED IN 23 TRIES, (AVG 540447.5217391305)
[1, 4, 10, 23, 57, 132, 301, 701, 1636, 3859, 9086, 20924]...: 19466912: ACCEPTED IN 36 TRIES, (AVG 540747.5555555555)
[1, 4, 10, 23, 57, 132, 301, 701, 1636, 3859, 9086, 20925]...: 10808328: ACCEPTED IN 20 TRIES, (AVG 540416.4)
[1, 4, 10, 23, 57, 132, 301, 701, 1636, 3859, 9086, 20926]...: 7020624: ACCEPTED IN 13 TRIES, (AVG 540048.0)
[1, 4, 10, 23, 57, 132, 301, 701, 1636, 3859, 9086, 20927]...: 8644196: ACCEPTED IN 16 TRIES, (AVG 540262.25)
[1, 4, 10, 23, 57, 132, 301, 701, 1636, 3859, 9086, 20928]...: 10808901: ACCEPTED IN 20 TRIES, (AVG 540445.05)
[1, 4, 10, 23, 57, 132, 301, 701, 1636, 3859, 9086, 20929]...: 8644327: ACCEPTED IN 16 TRIES, (AVG 540270.4375)
[1, 4, 10, 23, 57, 132, 301, 701, 1636, 3859, 9086, 20930]...: 14054608: ACCEPTED IN 26 TRIES, (AVG 540561.8461538461)
[1, 4, 10, 23, 57, 132, 301, 701, 1636, 3859, 9086, 20931]...: 16219217: ACCEPTED IN 30 TRIES, (AVG 540640.5666666667)
[1, 4, 10, 23, 57, 132, 301, 701, 1636, 3859, 9086, 20933]...: 9725159: ACCEPTED IN 18 TRIES, (AVG 540286.6111111111)
[1, 4, 10, 23, 57, 132, 301, 701, 1636, 3859, 9086, 20956]...: 16219967: ACCEPTED IN 30 TRIES, (AVG 540665.5666666667)
[1, 4, 10, 23, 57, 132, 301, 701, 1636, 3859, 9086, 20958]...: 17302365: ACCEPTED IN 32 TRIES, (AVG 540698.90625)
[1, 4, 10, 23, 57, 132, 301, 701, 1636, 3859, 9086, 20959]...: 18924870: ACCEPTED IN 35 TRIES, (AVG 540710.5714285715)
[1, 4, 10, 23, 57, 132, 301, 701, 1636, 3859, 9086, 20960]...: 14053174: ACCEPTED IN 26 TRIES, (AVG 540506.6923076923)
[1, 4, 10, 23, 57, 132, 301, 701, 1636, 3859, 9086, 20961]...: 11349726: ACCEPTED IN 21 TRIES, (AVG 540463.1428571428)
[1, 4, 10, 23, 57, 132, 301, 701, 1636, 3859, 9086, 20962]...: 14055665: ACCEPTED IN 26 TRIES, (AVG 540602.5)
[1, 4, 10, 23, 57, 132, 301, 701, 1636, 3859, 9086, 20963]...: 14055638: ACCEPTED IN 26 TRIES, (AVG 540601.4615384615)
[1, 4, 10, 23, 57, 132, 301, 701, 1636, 3859, 9086, 20964]...: 15679102: ACCEPTED IN 29 TRIES, (AVG 540658.6896551724)
[1, 4, 10, 23, 57, 132, 301, 701, 1636, 3859, 9086, 20965]...: 6479439: ACCEPTED IN 12 TRIES, (AVG 539953.25)
[1, 4, 10, 23, 57, 132, 301, 701, 1636, 3859, 9086, 20966]...: 12432238: ACCEPTED IN 23 TRIES, (AVG 540532.0869565217)
[1, 4, 10, 23, 57, 132, 301, 701, 1636, 3859, 9086, 20991]...: 6479539: ACCEPTED IN 12 TRIES, (AVG 539961.5833333334)
[1, 4, 10, 23, 57, 132, 301, 701, 1636, 3859, 9086, 20992]...: 15136838: ACCEPTED IN 28 TRIES, (AVG 540601.3571428572)
[1, 4, 10, 23, 57, 132, 301, 701, 1636, 3859, 9086, 20993]...: 17842654: ACCEPTED IN 33 TRIES, (AVG 540686.4848484849)
[1, 4, 10, 23, 57, 132, 301, 701, 1636, 3859, 9086, 20994]...: 11890579: ACCEPTED IN 22 TRIES, (AVG 540480.8636363636)
[1, 4, 10, 23, 57, 132, 301, 701, 1636, 3859, 9086, 20995]...: 11888994: ACCEPTED IN 22 TRIES, (AVG 540408.8181818182)
[1, 4, 10, 23, 57, 132, 301, 701, 1636, 3859, 9086, 20996]...: 8643468: ACCEPTED IN 16 TRIES, (AVG 540216.75)
[1, 4, 10, 23, 57, 132, 301, 701, 1636, 3859, 9086, 20997]...: 13514110: ACCEPTED IN 25 TRIES, (AVG 540564.4)
[1, 4, 10, 23, 57, 132, 301, 701, 1636, 3859, 9086, 21000]...: 22172614: ACCEPTED IN 41 TRIES, (AVG 540795.4634146341)
[1, 4, 10, 23, 57, 132, 301, 701, 1636, 3859, 9086, 21023]...: 9726583: ACCEPTED IN 18 TRIES, (AVG 540365.7222222222)
[1, 4, 10, 23, 57, 132, 301, 701, 1636, 3859, 9086, 21026]...: 11349840: ACCEPTED IN 21 TRIES, (AVG 540468.5714285715)
[1, 4, 10, 23, 57, 132, 301, 701, 1636, 3859, 9086, 21027]...: 4856072: ACCEPTED IN 9 TRIES, (AVG 539563.5555555555)
[1, 4, 10, 23, 57, 132, 301, 701, 1636, 3859, 9086, 21028]...: 15679138: ACCEPTED IN 29 TRIES, (AVG 540659.9310344828)
[1, 4, 10, 23, 57, 132, 301, 701, 1636, 3859, 9086, 21029]...: 21631559: ACCEPTED IN 40 TRIES, (AVG 540788.975)
[1, 4, 10, 23, 57, 132, 301, 701, 1636, 3859, 9086, 21030]...: 19465042: ACCEPTED IN 36 TRIES, (AVG 540695.6111111111)
[1, 4, 10, 23, 57, 132, 301, 701, 1636, 3859, 9086, 21032]...: 10266751: ACCEPTED IN 19 TRIES, (AVG 540355.3157894737)
[1, 4, 10, 23, 57, 132, 301, 701, 1636, 3859, 9086, 21033]...: 16761152: ACCEPTED IN 31 TRIES, (AVG 540682.3225806452)
[1, 4, 10, 23, 57, 132, 301, 701, 1636, 3859, 9086, 21057]...: 8101706: ACCEPTED IN 15 TRIES, (AVG 540113.7333333333)
[1, 4, 10, 23, 57, 132, 301, 701, 1636, 3859, 9086, 21058]...: 5397274: ACCEPTED IN 10 TRIES, (AVG 539727.4)
[1, 4, 10, 23, 57, 132, 301, 701, 1636, 3859, 9086, 21059]...: 5938557: ACCEPTED IN 11 TRIES, (AVG 539868.8181818182)
[1, 4, 10, 23, 57, 132, 301, 701, 1636, 3859, 9086, 21060]...: 8103125: ACCEPTED IN 15 TRIES, (AVG 540208.3333333334)
[1, 4, 10, 23, 57, 132, 301, 701, 1636, 3859, 9086, 21061]...: 8642273: ACCEPTED IN 16 TRIES, (AVG 540142.0625)
[1, 4, 10, 23, 57, 132, 301, 701, 1636, 3859, 9086, 21062]...: 7561376: ACCEPTED IN 14 TRIES, (AVG 540098.2857142857)
[1, 4, 10, 23, 57, 132, 301, 701, 1636, 3859, 9086, 21063]...: 27583246: ACCEPTED IN 51 TRIES, (AVG 540847.9607843137)
[1, 4, 10, 23, 57, 132, 301, 701, 1636, 3859, 9086, 21064]...: 8643539: ACCEPTED IN 16 TRIES, (AVG 540221.1875)
[1, 4, 10, 23, 57, 132, 301, 701, 1636, 3859, 9086, 21065]...: 11891184: ACCEPTED IN 22 TRIES, (AVG 540508.3636363636)
[1, 4, 10, 23, 57, 132, 301, 701, 1636, 3859, 9086, 21090]...: 8642021: ACCEPTED IN 16 TRIES, (AVG 540126.3125)
[1, 4, 10, 23, 57, 132, 301, 701, 1636, 3859, 9086, 21091]...: 8644108: ACCEPTED IN 16 TRIES, (AVG 540256.75)
[1, 4, 10, 23, 57, 132, 301, 701, 1636, 3859, 9086, 21093]...: 14596510: ACCEPTED IN 27 TRIES, (AVG 540611.4814814815)
[1, 4, 10, 23, 57, 132, 301, 701, 1636, 3859, 9086, 21094]...: 7020980: ACCEPTED IN 13 TRIES, (AVG 540075.3846153846)
[1, 4, 10, 23, 57, 132, 301, 701, 1636, 3859, 9086, 21095]...: 17302219: ACCEPTED IN 32 TRIES, (AVG 540694.34375)
[1, 4, 10, 23, 57, 132, 301, 701, 1636, 3859, 9086, 21096]...: 35700008: ACCEPTED IN 66 TRIES, (AVG 540909.2121212122)
[1, 4, 10, 23, 57, 132, 301, 701, 1636, 3859, 9086, 21097]...: 8642679: ACCEPTED IN 16 TRIES, (AVG 540167.4375)
[1, 4, 10, 23, 57, 132, 301, 701, 1636, 3859, 9086, 21098]...: 17301456: ACCEPTED IN 32 TRIES, (AVG 540670.5)
[1, 4, 10, 23, 57, 132, 301, 701, 1636, 3859, 9086, 21099]...: 9184016: ACCEPTED IN 17 TRIES, (AVG 540236.2352941176)
[1, 4, 10, 23, 57, 132, 301, 701, 1636, 3859, 9086, 21100]...: 11347152: ACCEPTED IN 21 TRIES, (AVG 540340.5714285715)
[1, 4, 10, 23, 57, 132, 301, 701, 1636, 3859, 9086, 21125]...: 11891173: ACCEPTED IN 22 TRIES, (AVG 540507.8636363636)
[1, 4, 10, 23, 57, 132, 301, 701, 1636, 3859, 9086, 21126]...: 6477176: ACCEPTED IN 12 TRIES, (AVG 539764.6666666666)
[1, 4, 10, 23, 57, 132, 301, 701, 1636, 3859, 9086, 21127]...: 13513062: ACCEPTED IN 25 TRIES, (AVG 540522.48)
[1, 4, 10, 23, 57, 132, 301, 701, 1636, 3859, 9086, 21128]...: 7020785: ACCEPTED IN 13 TRIES, (AVG 540060.3846153846)
[1, 4, 10, 23, 57, 132, 301, 701, 1636, 3859, 9086, 21129]...: 13513814: ACCEPTED IN 25 TRIES, (AVG 540552.56)
[1, 4, 10, 23, 57, 132, 301, 701, 1636, 3859, 9086, 21131]...: 14595559: ACCEPTED IN 27 TRIES, (AVG 540576.2592592592)
[1, 4, 10, 23, 57, 132, 301, 701, 1636, 3859, 9086, 21132]...: 14596829: ACCEPTED IN 27 TRIES, (AVG 540623.2962962963)
[1, 4, 10, 23, 57, 132, 301, 701, 1636, 3859, 9086, 21135]...: 8100581: ACCEPTED IN 15 TRIES, (AVG 540038.7333333333)
[1, 4, 10, 23, 57, 132, 301, 701, 1636, 3859, 9086, 21158]...: 7020699: ACCEPTED IN 13 TRIES, (AVG 540053.7692307692)
[1, 4, 10, 23, 57, 132, 301, 701, 1636, 3859, 9086, 21159]...: 16220009: ACCEPTED IN 30 TRIES, (AVG 540666.9666666667)
[1, 4, 10, 23, 57, 132, 301, 701, 1636, 3859, 9086, 21160]...: 12972407: ACCEPTED IN 24 TRIES, (AVG 540516.9583333334)
[1, 4, 10, 23, 57, 132, 301, 701, 1636, 3859, 9086, 21161]...: 6479690: ACCEPTED IN 12 TRIES, (AVG 539974.1666666666)
[1, 4, 10, 23, 57, 132, 301, 701, 1636, 3859, 9086, 21162]...: 13513391: ACCEPTED IN 25 TRIES, (AVG 540535.64)
[1, 4, 10, 23, 57, 132, 301, 701, 1636, 3859, 9086, 21163]...: 7020860: ACCEPTED IN 13 TRIES, (AVG 540066.1538461539)
[1, 4, 10, 23, 57, 132, 301, 701, 1636, 3859, 9086, 21164]...: 11890319: ACCEPTED IN 22 TRIES, (AVG 540469.0454545454)
[1, 4, 10, 23, 57, 132, 301, 701, 1636, 3859, 9086, 21165]...: 10266747: ACCEPTED IN 19 TRIES, (AVG 540355.1052631579)
[1, 4, 10, 23, 57, 132, 301, 701, 1636, 3859, 9086, 21166]...: 15135853: ACCEPTED IN 28 TRIES, (AVG 540566.1785714285)
[1, 4, 10, 23, 57, 132, 301, 701, 1636, 3859, 9086, 21189]...: 8102977: ACCEPTED IN 15 TRIES, (AVG 540198.4666666667)
[1, 4, 10, 23, 57, 132, 301, 701, 1636, 3859, 9086, 21190]...: 10808204: ACCEPTED IN 20 TRIES, (AVG 540410.2)
[1, 4, 10, 23, 57, 132, 301, 701, 1636, 3859, 9086, 21192]...: 11349449: ACCEPTED IN 21 TRIES, (AVG 540449.9523809524)
[1, 4, 10, 23, 57, 132, 301, 701, 1636, 3859, 9086, 21193]...: 11891174: ACCEPTED IN 22 TRIES, (AVG 540507.9090909091)
[1, 4, 10, 23, 57, 132, 301, 701, 1636, 3859, 9086, 21194]...: 13514386: ACCEPTED IN 25 TRIES, (AVG 540575.44)
[1, 4, 10, 23, 57, 132, 301, 701, 1636, 3859, 9086, 21195]...: 9725485: ACCEPTED IN 18 TRIES, (AVG 540304.7222222222)
[1, 4, 10, 23, 57, 132, 301, 701, 1636, 3859, 9086, 21196]...: 5938585: ACCEPTED IN 11 TRIES, (AVG 539871.3636363636)
[1, 4, 10, 23, 57, 132, 301, 701, 1636, 3859, 9086, 21197]...: 12431471: ACCEPTED IN 23 TRIES, (AVG 540498.7391304348)
[1, 4, 10, 23, 57, 132, 301, 701, 1636, 3859, 9086, 21198]...: 16218528: ACCEPTED IN 30 TRIES, (AVG 540617.6)
[1, 4, 10, 23, 57, 132, 301, 701, 1636, 3859, 9086, 21199]...: 7560197: ACCEPTED IN 14 TRIES, (AVG 540014.0714285715)
[1, 4, 10, 23, 57, 132, 301, 701, 1636, 3859, 9086, 21202]...: 14054709: ACCEPTED IN 26 TRIES, (AVG 540565.7307692308)
[1, 4, 10, 23, 57, 132, 301, 701, 1636, 3859, 9086, 21225]...: 8101850: ACCEPTED IN 15 TRIES, (AVG 540123.3333333334)
[1, 4, 10, 23, 57, 132, 301, 701, 1636, 3859, 9086, 21226]...: 11349158: ACCEPTED IN 21 TRIES, (AVG 540436.0952380953)
[1, 4, 10, 23, 57, 132, 301, 701, 1636, 3859, 9086, 21227]...: 22172405: ACCEPTED IN 41 TRIES, (AVG 540790.3658536585)
[1, 4, 10, 23, 57, 132, 301, 701, 1636, 3859, 9086, 21228]...: 8643552: ACCEPTED IN 16 TRIES, (AVG 540222.0)
[1, 4, 10, 23, 57, 132, 301, 701, 1636, 3859, 9086, 21229]...: 11890990: ACCEPTED IN 22 TRIES, (AVG 540499.5454545454)
[1, 4, 10, 23, 57, 132, 301, 701, 1636, 3859, 9086, 21230]...: 11890541: ACCEPTED IN 22 TRIES, (AVG 540479.1363636364)
[1, 4, 10, 23, 57, 132, 301, 701, 1636, 3859, 9086, 21231]...: 21628347: ACCEPTED IN 40 TRIES, (AVG 540708.675)
[1, 4, 10, 23, 57, 132, 301, 701, 1636, 3859, 9086, 21232]...: 16219273: ACCEPTED IN 30 TRIES, (AVG 540642.4333333333)
[1, 4, 10, 23, 57, 132, 301, 701, 1636, 3859, 9086, 21234]...: 13514079: ACCEPTED IN 25 TRIES, (AVG 540563.16)
[1, 4, 10, 23, 57, 132, 301, 701, 1636, 3859, 9086, 21257]...: 8643780: ACCEPTED IN 16 TRIES, (AVG 540236.25)
[1, 4, 10, 23, 57, 132, 301, 701, 1636, 3859, 9086, 21259]...: 6478389: ACCEPTED IN 12 TRIES, (AVG 539865.75)
[1, 4, 10, 23, 57, 132, 301, 701, 1636, 3859, 9086, 21260]...: 14055618: ACCEPTED IN 26 TRIES, (AVG 540600.6923076923)
[1, 4, 10, 23, 57, 132, 301, 701, 1636, 3859, 9086, 21261]...: 12431586: ACCEPTED IN 23 TRIES, (AVG 540503.7391304348)
[1, 4, 10, 23, 57, 132, 301, 701, 1636, 3859, 9086, 21262]...: 10267698: ACCEPTED IN 19 TRIES, (AVG 540405.1578947369)
[1, 4, 10, 23, 57, 132, 301, 701, 1636, 3859, 9086, 21263]...: 7561728: ACCEPTED IN 14 TRIES, (AVG 540123.4285714285)
[1, 4, 10, 23, 57, 132, 301, 701, 1636, 3859, 9086, 21264]...: 13513847: ACCEPTED IN 25 TRIES, (AVG 540553.88)
[1, 4, 10, 23, 57, 132, 301, 701, 1636, 3859, 9086, 21265]...: 14595477: ACCEPTED IN 27 TRIES, (AVG 540573.2222222222)
[1, 4, 10, 23, 57, 132, 301, 701, 1636, 3859, 9086, 21266]...: 16760311: ACCEPTED IN 31 TRIES, (AVG 540655.1935483871)
[1, 4, 10, 23, 57, 132, 301, 701, 1636, 3859, 9086, 21267]...: 12431372: ACCEPTED IN 23 TRIES, (AVG 540494.4347826086)
[1, 4, 10, 23, 57, 132, 301, 701, 1636, 3859, 9086, 21291]...: 5938507: ACCEPTED IN 11 TRIES, (AVG 539864.2727272727)
[1, 4, 10, 23, 57, 132, 301, 701, 1636, 3859, 9086, 21292]...: 8644170: ACCEPTED IN 16 TRIES, (AVG 540260.625)
[1, 4, 10, 23, 57, 132, 301, 701, 1636, 3859, 9086, 21293]...: 5938379: ACCEPTED IN 11 TRIES, (AVG 539852.6363636364)
[1, 4, 10, 23, 57, 132, 301, 701, 1636, 3859, 9086, 21294]...: 12431394: ACCEPTED IN 23 TRIES, (AVG 540495.3913043478)
[1, 4, 10, 23, 57, 132, 301, 701, 1636, 3859, 9086, 21295]...: 11891008: ACCEPTED IN 22 TRIES, (AVG 540500.3636363636)
[1, 4, 10, 23, 57, 132, 301, 701, 1636, 3859, 9086, 21296]...: 12430612: ACCEPTED IN 23 TRIES, (AVG 540461.3913043478)
[1, 4, 10, 23, 57, 132, 301, 701, 1636, 3859, 9086, 21297]...: 12430868: ACCEPTED IN 23 TRIES, (AVG 540472.5217391305)
[1, 4, 10, 23, 57, 132, 301, 701, 1636, 3859, 9086, 21298]...: 8643234: ACCEPTED IN 16 TRIES, (AVG 540202.125)
[1, 4, 10, 23, 57, 132, 301, 701, 1636, 3859, 9086, 21301]...: 14596466: ACCEPTED IN 27 TRIES, (AVG 540609.8518518518)
[1, 4, 10, 23, 57, 132, 301, 701, 1636, 3859, 9086, 21324]...: 9726586: ACCEPTED IN 18 TRIES, (AVG 540365.8888888889)
[1, 4, 10, 23, 57, 132, 301, 701, 1636, 3859, 9086, 21327]...: 5397412: ACCEPTED IN 10 TRIES, (AVG 539741.2)
[1, 4, 10, 23, 57, 132, 301, 701, 1636, 3859, 9086, 21328]...: 15678794: ACCEPTED IN 29 TRIES, (AVG 540648.0689655172)
[1, 4, 10, 23, 57, 132, 301, 701, 1636, 3859, 9086, 21329]...: 5395666: ACCEPTED IN 10 TRIES, (AVG 539566.6)
[1, 4, 10, 23, 57, 132, 301, 701, 1636, 3859, 9086, 21330]...: 21629339: ACCEPTED IN 40 TRIES, (AVG 540733.475)
[1, 4, 10, 23, 57, 132, 301, 701, 1636, 3859, 9086, 21331]...: 10808640: ACCEPTED IN 20 TRIES, (AVG 540432.0)
[1, 4, 10, 23, 57, 132, 301, 701, 1636, 3859, 9086, 21333]...: 7561466: ACCEPTED IN 14 TRIES, (AVG 540104.7142857143)
[1, 4, 10, 23, 57, 132, 301, 701, 1636, 3859, 9086, 21334]...: 8644211: ACCEPTED IN 16 TRIES, (AVG 540263.1875)
[1, 4, 10, 23, 57, 132, 301, 701, 1636, 3859, 9086, 21358]...: 8642011: ACCEPTED IN 16 TRIES, (AVG 540125.6875)
[1, 4, 10, 23, 57, 132, 301, 701, 1636, 3859, 9086, 21359]...: 14054458: ACCEPTED IN 26 TRIES, (AVG 540556.0769230769)
[1, 4, 10, 23, 57, 132, 301, 701, 1636, 3859, 9086, 21360]...: 12972098: ACCEPTED IN 24 TRIES, (AVG 540504.0833333334)
[1, 4, 10, 23, 57, 132, 301, 701, 1636, 3859, 9086, 21361]...: 11348848: ACCEPTED IN 21 TRIES, (AVG 540421.3333333334)
[1, 4, 10, 23, 57, 132, 301, 701, 1636, 3859, 9086, 21362]...: 5396390: ACCEPTED IN 10 TRIES, (AVG 539639.0)
[1, 4, 10, 23, 57, 132, 301, 701, 1636, 3859, 9086, 21363]...: 7561959: ACCEPTED IN 14 TRIES, (AVG 540139.9285714285)
[1, 4, 10, 23, 57, 132, 301, 701, 1636, 3859, 9086, 21364]...: 8644228: ACCEPTED IN 16 TRIES, (AVG 540264.25)
[1, 4, 10, 23, 57, 132, 301, 701, 1636, 3859, 9086, 21365]...: 7020969: ACCEPTED IN 13 TRIES, (AVG 540074.5384615385)
[1, 4, 10, 23, 57, 132, 301, 701, 1636, 3859, 9086, 21366]...: 9726061: ACCEPTED IN 18 TRIES, (AVG 540336.7222222222)
[1, 4, 10, 23, 57, 132, 301, 701, 1636, 3859, 9086, 21391]...: 10808700: ACCEPTED IN 20 TRIES, (AVG 540435.0)
[1, 4, 10, 23, 57, 132, 301, 701, 1636, 3859, 9086, 21392]...: 8643871: ACCEPTED IN 16 TRIES, (AVG 540241.9375)
[1, 4, 10, 23, 57, 132, 301, 701, 1636, 3859, 9086, 21393]...: 6479671: ACCEPTED IN 12 TRIES, (AVG 539972.5833333334)
[1, 4, 10, 23, 57, 132, 301, 701, 1636, 3859, 9086, 21394]...: 9725273: ACCEPTED IN 18 TRIES, (AVG 540292.9444444445)
[1, 4, 10, 23, 57, 132, 301, 701, 1636, 3859, 9086, 21395]...: 11348756: ACCEPTED IN 21 TRIES, (AVG 540416.9523809524)
[1, 4, 10, 23, 57, 132, 301, 701, 1636, 3859, 9086, 21396]...: 10808791: ACCEPTED IN 20 TRIES, (AVG 540439.55)
[1, 4, 10, 23, 57, 132, 301, 701, 1636, 3859, 9086, 21397]...: 10808459: ACCEPTED IN 20 TRIES, (AVG 540422.95)
[1, 4, 10, 23, 57, 132, 301, 701, 1636, 3859, 9086, 21398]...: 5938315: ACCEPTED IN 11 TRIES, (AVG 539846.8181818182)
[1, 4, 10, 23, 57, 132, 301, 701, 1636, 3859, 9086, 21399]...: 14055406: ACCEPTED IN 26 TRIES, (AVG 540592.5384615385)
[1, 4, 10, 23, 57, 132, 301, 701, 1636, 3859, 9086, 21400]...: 15678996: ACCEPTED IN 29 TRIES, (AVG 540655.0344827586)
[1, 4, 10, 23, 57, 132, 301, 701, 1636, 3859, 9086, 21401]...: 10267387: ACCEPTED IN 19 TRIES, (AVG 540388.7894736842)
[1, 4, 10, 23, 57, 132, 301, 701, 1636, 3859, 9086, 21423]...: 19466880: ACCEPTED IN 36 TRIES, (AVG 540746.6666666666)
[1, 4, 10, 23, 57, 132, 301, 701, 1636, 3859, 9086, 21426]...: 11347784: ACCEPTED IN 21 TRIES, (AVG 540370.6666666666)
[1, 4, 10, 23, 57, 132, 301, 701, 1636, 3859, 9086, 21427]...: 9726490: ACCEPTED IN 18 TRIES, (AVG 540360.5555555555)
[1, 4, 10, 23, 57, 132, 301, 701, 1636, 3859, 9086, 21428]...: 10267031: ACCEPTED IN 19 TRIES, (AVG 540370.052631579)
[1, 4, 10, 23, 57, 132, 301, 701, 1636, 3859, 9086, 21429]...: 8643804: ACCEPTED IN 16 TRIES, (AVG 540237.75)
[1, 4, 10, 23, 57, 132, 301, 701, 1636, 3859, 9086, 21430]...: 10806179: ACCEPTED IN 20 TRIES, (AVG 540308.95)
[1, 4, 10, 23, 57, 132, 301, 701, 1636, 3859, 9086, 21432]...: 5938541: ACCEPTED IN 11 TRIES, (AVG 539867.3636363636)
[1, 4, 10, 23, 57, 132, 301, 701, 1636, 3859, 9086, 21433]...: 9726281: ACCEPTED IN 18 TRIES, (AVG 540348.9444444445)
[1, 4, 10, 23, 57, 132, 301, 701, 1636, 3859, 9086, 21436]...: 9725153: ACCEPTED IN 18 TRIES, (AVG 540286.2777777778)
[1, 4, 10, 23, 57, 132, 301, 701, 1636, 3859, 9086, 21459]...: 10267776: ACCEPTED IN 19 TRIES, (AVG 540409.2631578947)
[1, 4, 10, 23, 57, 132, 301, 701, 1636, 3859, 9086, 21460]...: 14054697: ACCEPTED IN 26 TRIES, (AVG 540565.2692307692)
[1, 4, 10, 23, 57, 132, 301, 701, 1636, 3859, 9086, 21461]...: 5396650: ACCEPTED IN 10 TRIES, (AVG 539665.0)
[1, 4, 10, 23, 57, 132, 301, 701, 1636, 3859, 9086, 21462]...: 6479247: ACCEPTED IN 12 TRIES, (AVG 539937.25)
[1, 4, 10, 23, 57, 132, 301, 701, 1636, 3859, 9086, 21463]...: 18382290: ACCEPTED IN 34 TRIES, (AVG 540655.5882352941)
[1, 4, 10, 23, 57, 132, 301, 701, 1636, 3859, 9086, 21464]...: 5937047: ACCEPTED IN 11 TRIES, (AVG 539731.5454545454)
[1, 4, 10, 23, 57, 132, 301, 701, 1636, 3859, 9086, 21465]...: 16219233: ACCEPTED IN 30 TRIES, (AVG 540641.1)
[1, 4, 10, 23, 57, 132, 301, 701, 1636, 3859, 9086, 21466]...: 8642313: ACCEPTED IN 16 TRIES, (AVG 540144.5625)
[1, 4, 10, 23, 57, 132, 301, 701, 1636, 3859, 9086, 21467]...: 9184949: ACCEPTED IN 17 TRIES, (AVG 540291.1176470588)
[1, 4, 10, 23, 57, 132, 301, 701, 1636, 3859, 9086, 21490]...: 11889602: ACCEPTED IN 22 TRIES, (AVG 540436.4545454546)
[1, 4, 10, 23, 57, 132, 301, 701, 1636, 3859, 9086, 21491]...: 8643878: ACCEPTED IN 16 TRIES, (AVG 540242.375)
[1, 4, 10, 23, 57, 132, 301, 701, 1636, 3859, 9086, 21493]...: 6479186: ACCEPTED IN 12 TRIES, (AVG 539932.1666666666)
[1, 4, 10, 23, 57, 132, 301, 701, 1636, 3859, 9086, 21494]...: 8643475: ACCEPTED IN 16 TRIES, (AVG 540217.1875)
[1, 4, 10, 23, 57, 132, 301, 701, 1636, 3859, 9086, 21495]...: 12973423: ACCEPTED IN 24 TRIES, (AVG 540559.2916666666)
[1, 4, 10, 23, 57, 132, 301, 701, 1636, 3859, 9086, 21496]...: 8102040: ACCEPTED IN 15 TRIES, (AVG 540136.0)
[1, 4, 10, 23, 57, 132, 301, 701, 1636, 3859, 9086, 21497]...: 8100630: ACCEPTED IN 15 TRIES, (AVG 540042.0)
[1, 4, 10, 23, 57, 132, 301, 701, 1636, 3859, 9086, 21498]...: 12432149: ACCEPTED IN 23 TRIES, (AVG 540528.2173913043)
[1, 4, 10, 23, 57, 132, 301, 701, 1636, 3859, 9086, 21499]...: 11348526: ACCEPTED IN 21 TRIES, (AVG 540406.0)
[1, 4, 10, 23, 57, 132, 301, 701, 1636, 3859, 9086, 21500]...: 8643550: ACCEPTED IN 16 TRIES, (AVG 540221.875)
[1, 4, 10, 23, 57, 132, 301, 701, 1636, 3859, 9086, 21525]...: 7020061: ACCEPTED IN 13 TRIES, (AVG 540004.6923076923)
[1, 4, 10, 23, 57, 132, 301, 701, 1636, 3859, 9086, 21526]...: 11349982: ACCEPTED IN 21 TRIES, (AVG 540475.3333333334)
[1, 4, 10, 23, 57, 132, 301, 701, 1636, 3859, 9086, 21527]...: 10267758: ACCEPTED IN 19 TRIES, (AVG 540408.3157894737)
[1, 4, 10, 23, 57, 132, 301, 701, 1636, 3859, 9086, 21528]...: 8102202: ACCEPTED IN 15 TRIES, (AVG 540146.8)
[1, 4, 10, 23, 57, 132, 301, 701, 1636, 3859, 9086, 21529]...: 11890122: ACCEPTED IN 22 TRIES, (AVG 540460.0909090909)
[1, 4, 10, 23, 57, 132, 301, 701, 1636, 3859, 9086, 21530]...: 8102860: ACCEPTED IN 15 TRIES, (AVG 540190.6666666666)
[1, 4, 10, 23, 57, 132, 301, 701, 1636, 3859, 9086, 21531]...: 13514166: ACCEPTED IN 25 TRIES, (AVG 540566.64)
[1, 4, 10, 23, 57, 132, 301, 701, 1636, 3859, 9086, 21532]...: 13512689: ACCEPTED IN 25 TRIES, (AVG 540507.56)
[1, 4, 10, 23, 57, 132, 301, 701, 1636, 3859, 9086, 21533]...: 15679063: ACCEPTED IN 29 TRIES, (AVG 540657.3448275862)
[1, 4, 10, 23, 57, 132, 301, 701, 1636, 3859, 9086, 21535]...: 11349754: ACCEPTED IN 21 TRIES, (AVG 540464.4761904762)
[1, 4, 10, 23, 57, 132, 301, 701, 1636, 3859, 9086, 21558]...: 9724545: ACCEPTED IN 18 TRIES, (AVG 540252.5)
[1, 4, 10, 23, 57, 132, 301, 701, 1636, 3859, 9086, 21560]...: 7020886: ACCEPTED IN 13 TRIES, (AVG 540068.1538461539)
[1, 4, 10, 23, 57, 132, 301, 701, 1636, 3859, 9086, 21561]...: 5937239: ACCEPTED IN 11 TRIES, (AVG 539749.0)
[1, 4, 10, 23, 57, 132, 301, 701, 1636, 3859, 9086, 21562]...: 11348657: ACCEPTED IN 21 TRIES, (AVG 540412.2380952381)
[1, 4, 10, 23, 57, 132, 301, 701, 1636, 3859, 9086, 21563]...: 5395855: ACCEPTED IN 10 TRIES, (AVG 539585.5)
[1, 4, 10, 23, 57, 132, 301, 701, 1636, 3859, 9086, 21564]...: 12973117: ACCEPTED IN 24 TRIES, (AVG 540546.5416666666)
[1, 4, 10, 23, 57, 132, 301, 701, 1636, 3859, 9086, 21565]...: 12973009: ACCEPTED IN 24 TRIES, (AVG 540542.0416666666)
[1, 4, 10, 23, 57, 132, 301, 701, 1636, 3859, 9086, 21566]...: 5935549: ACCEPTED IN 11 TRIES, (AVG 539595.3636363636)
[1, 4, 10, 23, 57, 132, 301, 701, 1636, 3859, 9086, 21567]...: 8101597: ACCEPTED IN 15 TRIES, (AVG 540106.4666666667)
[1, 4, 10, 23, 57, 132, 301, 701, 1636, 3859, 9086, 21568]...: 17302219: ACCEPTED IN 32 TRIES, (AVG 540694.34375)
[1, 4, 10, 23, 57, 132, 301, 701, 1636, 3859, 9086, 21592]...: 5937404: ACCEPTED IN 11 TRIES, (AVG 539764.0)
[1, 4, 10, 23, 57, 132, 301, 701, 1636, 3859, 9086, 21593]...: 4314643: ACCEPTED IN 8 TRIES, (AVG 539330.375)
[1, 4, 10, 23, 57, 132, 301, 701, 1636, 3859, 9086, 21594]...: 5937569: ACCEPTED IN 11 TRIES, (AVG 539779.0)
[1, 4, 10, 23, 57, 132, 301, 701, 1636, 3859, 9086, 21595]...: 8643364: ACCEPTED IN 16 TRIES, (AVG 540210.25)
[1, 4, 10, 23, 57, 132, 301, 701, 1636, 3859, 9086, 21596]...: 9725382: ACCEPTED IN 18 TRIES, (AVG 540299.0)
[1, 4, 10, 23, 57, 132, 301, 701, 1636, 3859, 9086, 21597]...: 9185251: ACCEPTED IN 17 TRIES, (AVG 540308.8823529412)
[1, 4, 10, 23, 57, 132, 301, 701, 1636, 3859, 9086, 21598]...: 16219005: ACCEPTED IN 30 TRIES, (AVG 540633.5)
[1, 4, 10, 23, 57, 132, 301, 701, 1636, 3859, 9086, 21599]...: 10808543: ACCEPTED IN 20 TRIES, (AVG 540427.15)
[1, 4, 10, 23, 57, 132, 301, 701, 1636, 3859, 9086, 21602]...: 5397294: ACCEPTED IN 10 TRIES, (AVG 539729.4)
[1, 4, 10, 23, 57, 132, 301, 701, 1636, 3859, 9086, 21625]...: 8643672: ACCEPTED IN 16 TRIES, (AVG 540229.5)
[1, 4, 10, 23, 57, 132, 301, 701, 1636, 3859, 9086, 21626]...: 14054343: ACCEPTED IN 26 TRIES, (AVG 540551.6538461539)
[1, 4, 10, 23, 57, 132, 301, 701, 1636, 3859, 9086, 21627]...: 16218595: ACCEPTED IN 30 TRIES, (AVG 540619.8333333334)
[1, 4, 10, 23, 57, 132, 301, 701, 1636, 3859, 9086, 21628]...: 14055447: ACCEPTED IN 26 TRIES, (AVG 540594.1153846154)
[1, 4, 10, 23, 57, 132, 301, 701, 1636, 3859, 9086, 21629]...: 6479536: ACCEPTED IN 12 TRIES, (AVG 539961.3333333334)
[1, 4, 10, 23, 57, 132, 301, 701, 1636, 3859, 9086, 21630]...: 6478923: ACCEPTED IN 12 TRIES, (AVG 539910.25)
[1, 4, 10, 23, 57, 132, 301, 701, 1636, 3859, 9086, 21631]...: 16761418: ACCEPTED IN 31 TRIES, (AVG 540690.9032258064)
[1, 4, 10, 23, 57, 132, 301, 701, 1636, 3859, 9086, 21632]...: 5937873: ACCEPTED IN 11 TRIES, (AVG 539806.6363636364)
[1, 4, 10, 23, 57, 132, 301, 701, 1636, 3859, 9086, 21634]...: 9726461: ACCEPTED IN 18 TRIES, (AVG 540358.9444444445)
[1, 4, 10, 23, 57, 132, 301, 701, 1636, 3859, 9086, 21657]...: 10807832: ACCEPTED IN 20 TRIES, (AVG 540391.6)
[1, 4, 10, 23, 57, 132, 301, 701, 1636, 3859, 9086, 21659]...: 9724309: ACCEPTED IN 18 TRIES, (AVG 540239.3888888889)
[1, 4, 10, 23, 57, 132, 301, 701, 1636, 3859, 9086, 21660]...: 6477490: ACCEPTED IN 12 TRIES, (AVG 539790.8333333334)
[1, 4, 10, 23, 57, 132, 301, 701, 1636, 3859, 9086, 21661]...: 11890923: ACCEPTED IN 22 TRIES, (AVG 540496.5)
[1, 4, 10, 23, 57, 132, 301, 701, 1636, 3859, 9086, 21662]...: 11889776: ACCEPTED IN 22 TRIES, (AVG 540444.3636363636)
[1, 4, 10, 23, 57, 132, 301, 701, 1636, 3859, 9086, 21663]...: 16217714: ACCEPTED IN 30 TRIES, (AVG 540590.4666666667)
[1, 4, 10, 23, 57, 132, 301, 701, 1636, 3859, 9086, 21664]...: 11349087: ACCEPTED IN 21 TRIES, (AVG 540432.7142857143)
[1, 4, 10, 23, 57, 132, 301, 701, 1636, 3859, 9086, 21665]...: 8644202: ACCEPTED IN 16 TRIES, (AVG 540262.625)
[1, 4, 10, 23, 57, 132, 301, 701, 1636, 3859, 9086, 21666]...: 9725369: ACCEPTED IN 18 TRIES, (AVG 540298.2777777778)
[1, 4, 10, 23, 57, 132, 301, 701, 1636, 3859, 9086, 21667]...: 7018430: ACCEPTED IN 13 TRIES, (AVG 539879.2307692308)
[1, 4, 10, 23, 57, 132, 301, 701, 1636, 3859, 9086, 21692]...: 7020582: ACCEPTED IN 13 TRIES, (AVG 540044.7692307692)
[1, 4, 10, 23, 57, 132, 301, 701, 1636, 3859, 9086, 21693]...: 8641929: ACCEPTED IN 16 TRIES, (AVG 540120.5625)
[1, 4, 10, 23, 57, 132, 301, 701, 1636, 3859, 9086, 21694]...: 15137978: ACCEPTED IN 28 TRIES, (AVG 540642.0714285715)
[1, 4, 10, 23, 57, 132, 301, 701, 1636, 3859, 9086, 21695]...: 10808565: ACCEPTED IN 20 TRIES, (AVG 540428.25)
[1, 4, 10, 23, 57, 132, 301, 701, 1636, 3859, 9086, 21696]...: 7018955: ACCEPTED IN 13 TRIES, (AVG 539919.6153846154)
[1, 4, 10, 23, 57, 132, 301, 701, 1636, 3859, 9086, 21697]...: 7020114: ACCEPTED IN 13 TRIES, (AVG 540008.7692307692)
[1, 4, 10, 23, 57, 132, 301, 701, 1636, 3859, 9086, 21698]...: 10267172: ACCEPTED IN 19 TRIES, (AVG 540377.4736842106)
[1, 4, 10, 23, 57, 132, 301, 701, 1636, 3859, 9086, 21699]...: 10808789: ACCEPTED IN 20 TRIES, (AVG 540439.45)
[1, 4, 10, 23, 57, 132, 301, 701, 1636, 3859, 9086, 21700]...: 8643235: ACCEPTED IN 16 TRIES, (AVG 540202.1875)
[1, 4, 10, 23, 57, 132, 301, 701, 1636, 3859, 9086, 21701]...: 7561971: ACCEPTED IN 14 TRIES, (AVG 540140.7857142857)
[1, 4, 10, 23, 57, 132, 301, 701, 1636, 3859, 9086, 21702]...: 15136946: ACCEPTED IN 28 TRIES, (AVG 540605.2142857143)
[1, 4, 10, 23, 57, 132, 301, 701, 1636, 3859, 9086, 21724]...: 10266878: ACCEPTED IN 19 TRIES, (AVG 540362.0)
[1, 4, 10, 23, 57, 132, 301, 701, 1636, 3859, 9086, 21727]...: 6476712: ACCEPTED IN 12 TRIES, (AVG 539726.0)
[1, 4, 10, 23, 57, 132, 301, 701, 1636, 3859, 9086, 21728]...: 8642906: ACCEPTED IN 16 TRIES, (AVG 540181.625)
[1, 4, 10, 23, 57, 132, 301, 701, 1636, 3859, 9086, 21729]...: 11349718: ACCEPTED IN 21 TRIES, (AVG 540462.7619047619)
[1, 4, 10, 23, 57, 132, 301, 701, 1636, 3859, 9086, 21730]...: 8642294: ACCEPTED IN 16 TRIES, (AVG 540143.375)
[1, 4, 10, 23, 57, 132, 301, 701, 1636, 3859, 9086, 21731]...: 7018952: ACCEPTED IN 13 TRIES, (AVG 539919.3846153846)
[1, 4, 10, 23, 57, 132, 301, 701, 1636, 3859, 9086, 21733]...: 15679098: ACCEPTED IN 29 TRIES, (AVG 540658.551724138)
[1, 4, 10, 23, 57, 132, 301, 701, 1636, 3859, 9086, 21734]...: 11890518: ACCEPTED IN 22 TRIES, (AVG 540478.0909090909)
[1, 4, 10, 23, 57, 132, 301, 701, 1636, 3859, 9086, 21759]...: 8643450: ACCEPTED IN 16 TRIES, (AVG 540215.625)
[1, 4, 10, 23, 57, 132, 301, 701, 1636, 3859, 9086, 21760]...: 5397168: ACCEPTED IN 10 TRIES, (AVG 539716.8)
[1, 4, 10, 23, 57, 132, 301, 701, 1636, 3859, 9086, 21761]...: 5396487: ACCEPTED IN 10 TRIES, (AVG 539648.7)
[1, 4, 10, 23, 57, 132, 301, 701, 1636, 3859, 9086, 21762]...: 7562117: ACCEPTED IN 14 TRIES, (AVG 540151.2142857143)
[1, 4, 10, 23, 57, 132, 301, 701, 1636, 3859, 9086, 21763]...: 14595319: ACCEPTED IN 27 TRIES, (AVG 540567.3703703703)
[1, 4, 10, 23, 57, 132, 301, 701, 1636, 3859, 9086, 21764]...: 7019815: ACCEPTED IN 13 TRIES, (AVG 539985.7692307692)
[1, 4, 10, 23, 57, 132, 301, 701, 1636, 3859, 9086, 21765]...: 8643872: ACCEPTED IN 16 TRIES, (AVG 540242.0)
[1, 4, 10, 23, 57, 132, 301, 701, 1636, 3859, 9086, 21766]...: 9183810: ACCEPTED IN 17 TRIES, (AVG 540224.1176470588)
[1, 4, 10, 23, 57, 132, 301, 701, 1636, 3859, 9086, 21791]...: 5937272: ACCEPTED IN 11 TRIES, (AVG 539752.0)
[1, 4, 10, 23, 57, 132, 301, 701, 1636, 3859, 9086, 21792]...: 3772267: ACCEPTED IN 7 TRIES, (AVG 538895.2857142857)
[1, 4, 10, 23, 57, 132, 301, 701, 1636, 3859, 9086, 21794]...: 7560802: ACCEPTED IN 14 TRIES, (AVG 540057.2857142857)
[1, 4, 10, 23, 57, 132, 301, 701, 1636, 3859, 9086, 21795]...: 5938640: ACCEPTED IN 11 TRIES, (AVG 539876.3636363636)
[1, 4, 10, 23, 57, 132, 301, 701, 1636, 3859, 9086, 21796]...: 7020175: ACCEPTED IN 13 TRIES, (AVG 540013.4615384615)
[1, 4, 10, 23, 57, 132, 301, 701, 1636, 3859, 9086, 21797]...: 10807808: ACCEPTED IN 20 TRIES, (AVG 540390.4)
[1, 4, 10, 23, 57, 132, 301, 701, 1636, 3859, 9086, 21798]...: 10808390: ACCEPTED IN 20 TRIES, (AVG 540419.5)
[1, 4, 10, 23, 57, 132, 301, 701, 1636, 3859, 9086, 21799]...: 5936386: ACCEPTED IN 11 TRIES, (AVG 539671.4545454546)
[1, 4, 10, 23, 57, 132, 301, 701, 1636, 3859, 9086, 21800]...: 15135575: ACCEPTED IN 28 TRIES, (AVG 540556.25)
[1, 4, 10, 23, 57, 132, 301, 701, 1636, 3859, 9086, 21801]...: 11888684: ACCEPTED IN 22 TRIES, (AVG 540394.7272727273)
