[1, 4, 10, 23, 57, 132, 301, 701, 1636, 3694, 8659, 19064]...: 14596514: ACCEPTED IN 27 TRIES, (AVG 540611.6296296297)
[1, 4, 10, 23, 57, 132, 301, 701, 1636, 3694, 8659, 19076]...: 9726593: ACCEPTED IN 18 TRIES, (AVG 540366.2777777778)
[1, 4, 10, 23, 57, 132, 301, 701, 1636, 3694, 8659, 19077]...: 12429491: ACCEPTED IN 23 TRIES, (AVG 540412.6521739131)
[1, 4, 10, 23, 57, 132, 301, 701, 1636, 3694, 8659, 19101]...: 5937367: ACCEPTED IN 11 TRIES, (AVG 539760.6363636364)
[1, 4, 10, 23, 57, 132, 301, 701, 1636, 3694, 8659, 19108]...: 14595820: ACCEPTED IN 27 TRIES, (AVG 540585.925925926)
[1, 4, 10, 23, 57, 132, 301, 701, 1636, 3694, 8659, 19109]...: 9725695: ACCEPTED IN 18 TRIES, (AVG 540316.3888888889)
[1, 4, 10, 23, 57, 132, 301, 701, 1636, 3694, 8659, 19112]...: 12972598: ACCEPTED IN 24 TRIES, (AVG 540524.9166666666)
[1, 4, 10, 23, 57, 132, 301, 701, 1636, 3694, 8659, 19143]...: 15137571: ACCEPTED IN 28 TRIES, (AVG 540627.5357142857)
[1, 4, 10, 23, 57, 132, 301, 701, 1636, 3694, 8659, 19175]...: 22713931: ACCEPTED IN 42 TRIES, (AVG 540807.880952381)
[1, 4, 10, 23, 57, 132, 301, 701, 1636, 3694, 8659, 19176]...: 12973279: ACCEPTED IN 24 TRIES, (AVG 540553.2916666666)
[1, 4, 10, 23, 57, 132, 301, 701, 1636, 3694, 8659, 19180]...: 30830680: ACCEPTED IN 57 TRIES, (AVG 540889.1228070175)
[1, 4, 10, 23, 57, 132, 301, 701, 1636, 3694, 8659, 19196]...: 25417828: ACCEPTED IN 47 TRIES, (AVG 540804.8510638297)
[1, 4, 10, 23, 57, 132, 301, 701, 1636, 3694, 8659, 19208]...: 12972782: ACCEPTED IN 24 TRIES, (AVG 540532.5833333334)
[1, 4, 10, 23, 57, 132, 301, 701, 1636, 3694, 8659, 19212]...: 13512290: ACCEPTED IN 25 TRIES, (AVG 540491.6)
[1, 4, 10, 23, 57, 132, 301, 701, 1636, 3694, 8659, 19233]...: 12431456: ACCEPTED IN 23 TRIES, (AVG 540498.0869565217)
[1, 4, 10, 23, 57, 132, 301, 701, 1636, 3694, 8659, 19244]...: 10806758: ACCEPTED IN 20 TRIES, (AVG 540337.9)
[1, 4, 10, 23, 57, 132, 301, 701, 1636, 3694, 8659, 19275]...: 9183912: ACCEPTED IN 17 TRIES, (AVG 540230.1176470588)
[1, 4, 10, 23, 57, 132, 301, 701, 1636, 3694, 8659, 19279]...: 10808216: ACCEPTED IN 20 TRIES, (AVG 540410.8)
[1, 4, 10, 23, 57, 132, 301, 701, 1636, 3694, 8659, 19307]...: 12972355: ACCEPTED IN 24 TRIES, (AVG 540514.7916666666)
[1, 4, 10, 23, 57, 132, 301, 701, 1636, 3694, 8659, 19311]...: 13513191: ACCEPTED IN 25 TRIES, (AVG 540527.64)
[1, 4, 10, 23, 57, 132, 301, 701, 1636, 3694, 8659, 19312]...: 14054769: ACCEPTED IN 26 TRIES, (AVG 540568.0384615385)
[1, 4, 10, 23, 57, 132, 301, 701, 1636, 3694, 8659, 19344]...: 15137951: ACCEPTED IN 28 TRIES, (AVG 540641.1071428572)
[1, 4, 10, 23, 57, 132, 301, 701, 1636, 3694, 8659, 19365]...: 12972750: ACCEPTED IN 24 TRIES, (AVG 540531.25)
[1, 4, 10, 23, 57, 132, 301, 701, 1636, 3694, 8659, 19377]...: 12973250: ACCEPTED IN 24 TRIES, (AVG 540552.0833333334)
[1, 4, 10, 23, 57, 132, 301, 701, 1636, 3694, 8659, 19378]...: 12973231: ACCEPTED IN 24 TRIES, (AVG 540551.2916666666)
[1, 4, 10, 23, 57, 132, 301, 701, 1636, 3694, 8659, 19409]...: 14053318: ACCEPTED IN 26 TRIES, (AVG 540512.2307692308)
[1, 4, 10, 23, 57, 132, 301, 701, 1636, 3694, 8659, 19410]...: 12431383: ACCEPTED IN 23 TRIES, (AVG 540494.9130434783)
[1, 4, 10, 23, 57, 132, 301, 701, 1636, 3694, 8659, 19411]...: 12430832: ACCEPTED IN 23 TRIES, (AVG 540470.9565217391)
[1, 4, 10, 23, 57, 132, 301, 701, 1636, 3694, 8659, 19413]...: 4314314: ACCEPTED IN 8 TRIES, (AVG 539289.25)
[1, 4, 10, 23, 57, 132, 301, 701, 1636, 3694, 8659, 19444]...: 11349996: ACCEPTED IN 21 TRIES, (AVG 540476.0)
[1, 4, 10, 23, 57, 132, 301, 701, 1636, 3694, 8659, 19476]...: 14054142: ACCEPTED IN 26 TRIES, (AVG 540543.9230769231)
[1, 4, 10, 23, 57, 132, 301, 701, 1636, 3694, 8659, 19477]...: 34618163: ACCEPTED IN 64 TRIES, (AVG 540908.796875)
[1, 4, 10, 23, 57, 132, 301, 701, 1636, 3694, 8659, 19497]...: 11890234: ACCEPTED IN 22 TRIES, (AVG 540465.1818181818)
[1, 4, 10, 23, 57, 132, 301, 701, 1636, 3694, 8659, 19508]...: 12429374: ACCEPTED IN 23 TRIES, (AVG 540407.5652173914)
[1, 4, 10, 23, 57, 132, 301, 701, 1636, 3694, 8659, 19509]...: 12971124: ACCEPTED IN 24 TRIES, (AVG 540463.5)
[1, 4, 10, 23, 57, 132, 301, 701, 1636, 3694, 8659, 19513]...: 6478639: ACCEPTED IN 12 TRIES, (AVG 539886.5833333334)
[1, 4, 10, 23, 57, 132, 301, 701, 1636, 3694, 8659, 19543]...: 10806928: ACCEPTED IN 20 TRIES, (AVG 540346.4)
[1, 4, 10, 23, 57, 132, 301, 701, 1636, 3694, 8659, 19545]...: 12432272: ACCEPTED IN 23 TRIES, (AVG 540533.5652173914)
[1, 4, 10, 23, 57, 132, 301, 701, 1636, 3694, 8659, 19576]...: 5936081: ACCEPTED IN 11 TRIES, (AVG 539643.7272727273)
[1, 4, 10, 23, 57, 132, 301, 701, 1636, 3694, 8659, 19580]...: 11348880: ACCEPTED IN 21 TRIES, (AVG 540422.8571428572)
[1, 4, 10, 23, 57, 132, 301, 701, 1636, 3694, 8659, 19608]...: 4315182: ACCEPTED IN 8 TRIES, (AVG 539397.75)
[1, 4, 10, 23, 57, 132, 301, 701, 1636, 3694, 8659, 19612]...: 11890396: ACCEPTED IN 22 TRIES, (AVG 540472.5454545454)
[1, 4, 10, 23, 57, 132, 301, 701, 1636, 3694, 8659, 19645]...: 16759812: ACCEPTED IN 31 TRIES, (AVG 540639.0967741936)
[1, 4, 10, 23, 57, 132, 301, 701, 1636, 3694, 8659, 19675]...: 9185425: ACCEPTED IN 17 TRIES, (AVG 540319.1176470588)
[1, 4, 10, 23, 57, 132, 301, 701, 1636, 3694, 8659, 19677]...: 11890606: ACCEPTED IN 22 TRIES, (AVG 540482.0909090909)
[1, 4, 10, 23, 57, 132, 301, 701, 1636, 3694, 8659, 19678]...: 25960027: ACCEPTED IN 48 TRIES, (AVG 540833.8958333334)
[1, 4, 10, 23, 57, 132, 301, 701, 1636, 3694, 8659, 19679]...: 11889255: ACCEPTED IN 22 TRIES, (AVG 540420.6818181818)
[1, 4, 10, 23, 57, 132, 301, 701, 1636, 3694, 8659, 19710]...: 6478306: ACCEPTED IN 12 TRIES, (AVG 539858.8333333334)
[1, 4, 10, 23, 57, 132, 301, 701, 1636, 3694, 8659, 19711]...: 11349354: ACCEPTED IN 21 TRIES, (AVG 540445.4285714285)
[1, 4, 10, 23, 57, 132, 301, 701, 1636, 3694, 8659, 19712]...: 11886791: ACCEPTED IN 22 TRIES, (AVG 540308.6818181818)
[1, 4, 10, 23, 57, 132, 301, 701, 1636, 3694, 8659, 19777]...: 20547113: ACCEPTED IN 38 TRIES, (AVG 540713.5)
[1, 4, 10, 23, 57, 132, 301, 701, 1636, 3694, 8659, 19778]...: 11891165: ACCEPTED IN 22 TRIES, (AVG 540507.5)
[1, 4, 10, 23, 57, 132, 301, 701, 1636, 3694, 8659, 19809]...: 11889581: ACCEPTED IN 22 TRIES, (AVG 540435.5)
[1, 4, 10, 23, 57, 132, 301, 701, 1636, 3694, 8659, 19810]...: 3773072: ACCEPTED IN 7 TRIES, (AVG 539010.2857142857)
[1, 4, 10, 23, 57, 132, 301, 701, 1636, 3694, 8659, 19814]...: 10808457: ACCEPTED IN 20 TRIES, (AVG 540422.85)
[1, 4, 10, 23, 57, 132, 301, 701, 1636, 3694, 8659, 19844]...: 6477645: ACCEPTED IN 12 TRIES, (AVG 539803.75)
[1, 4, 10, 23, 57, 132, 301, 701, 1636, 3694, 8659, 19877]...: 8103037: ACCEPTED IN 15 TRIES, (AVG 540202.4666666667)
[1, 4, 10, 23, 57, 132, 301, 701, 1636, 3694, 8659, 19881]...: 6479803: ACCEPTED IN 12 TRIES, (AVG 539983.5833333334)
[1, 4, 10, 23, 57, 132, 301, 701, 1636, 3694, 8659, 19909]...: 9726221: ACCEPTED IN 18 TRIES, (AVG 540345.6111111111)
[1, 4, 10, 23, 57, 132, 301, 701, 1636, 3694, 8659, 19913]...: 6478517: ACCEPTED IN 12 TRIES, (AVG 539876.4166666666)
[1, 4, 10, 23, 57, 132, 301, 701, 1636, 3694, 8659, 19945]...: 10808111: ACCEPTED IN 20 TRIES, (AVG 540405.55)
[1, 4, 10, 23, 57, 132, 301, 701, 1636, 3694, 8659, 19946]...: 4314382: ACCEPTED IN 8 TRIES, (AVG 539297.75)
[1, 4, 10, 23, 57, 132, 301, 701, 1636, 3694, 8659, 19976]...: 10808354: ACCEPTED IN 20 TRIES, (AVG 540417.7)
[1, 4, 10, 23, 57, 132, 301, 701, 1636, 3694, 8659, 19980]...: 14594871: ACCEPTED IN 27 TRIES, (AVG 540550.7777777778)
[1, 4, 10, 23, 57, 132, 301, 701, 1636, 3694, 8659, 20011]...: 12432215: ACCEPTED IN 23 TRIES, (AVG 540531.0869565217)
[1, 4, 10, 23, 57, 132, 301, 701, 1636, 3694, 8659, 20012]...: 10808640: ACCEPTED IN 20 TRIES, (AVG 540432.0)
[1, 4, 10, 23, 57, 132, 301, 701, 1636, 3694, 8659, 20013]...: 12430767: ACCEPTED IN 23 TRIES, (AVG 540468.1304347826)
[1, 4, 10, 23, 57, 132, 301, 701, 1636, 3694, 8659, 20047]...: 15677580: ACCEPTED IN 29 TRIES, (AVG 540606.2068965518)
[1, 4, 10, 23, 57, 132, 301, 701, 1636, 3694, 8659, 20077]...: 12430629: ACCEPTED IN 23 TRIES, (AVG 540462.1304347826)
[1, 4, 10, 23, 57, 132, 301, 701, 1636, 3694, 8659, 20078]...: 15678664: ACCEPTED IN 29 TRIES, (AVG 540643.5862068966)
[1, 4, 10, 23, 57, 132, 301, 701, 1636, 3694, 8659, 20079]...: 4315100: ACCEPTED IN 8 TRIES, (AVG 539387.5)
[1, 4, 10, 23, 57, 132, 301, 701, 1636, 3694, 8659, 20110]...: 10267020: ACCEPTED IN 19 TRIES, (AVG 540369.4736842106)
[1, 4, 10, 23, 57, 132, 301, 701, 1636, 3694, 8659, 20111]...: 5938226: ACCEPTED IN 11 TRIES, (AVG 539838.7272727273)
[1, 4, 10, 23, 57, 132, 301, 701, 1636, 3694, 8659, 20112]...: 6478734: ACCEPTED IN 12 TRIES, (AVG 539894.5)
[1, 4, 10, 23, 57, 132, 301, 701, 1636, 3694, 8659, 20115]...: 10267779: ACCEPTED IN 19 TRIES, (AVG 540409.4210526316)
[1, 4, 10, 23, 57, 132, 301, 701, 1636, 3694, 8659, 20145]...: 5938529: ACCEPTED IN 11 TRIES, (AVG 539866.2727272727)
[1, 4, 10, 23, 57, 132, 301, 701, 1636, 3694, 8659, 20178]...: 10807748: ACCEPTED IN 20 TRIES, (AVG 540387.4)
[1, 4, 10, 23, 57, 132, 301, 701, 1636, 3694, 8659, 20179]...: 5936447: ACCEPTED IN 11 TRIES, (AVG 539677.0)
[1, 4, 10, 23, 57, 132, 301, 701, 1636, 3694, 8659, 20209]...: 5937151: ACCEPTED IN 11 TRIES, (AVG 539741.0)
[1, 4, 10, 23, 57, 132, 301, 701, 1636, 3694, 8659, 20210]...: 10805969: ACCEPTED IN 20 TRIES, (AVG 540298.45)
[1, 4, 10, 23, 57, 132, 301, 701, 1636, 3694, 8659, 20214]...: 11889995: ACCEPTED IN 22 TRIES, (AVG 540454.3181818182)
[1, 4, 10, 23, 57, 132, 301, 701, 1636, 3694, 8659, 20244]...: 2690844: ACCEPTED IN 5 TRIES, (AVG 538168.8)
[1, 4, 10, 23, 57, 132, 301, 701, 1636, 3694, 8659, 20246]...: 10806316: ACCEPTED IN 20 TRIES, (AVG 540315.8)
[1, 4, 10, 23, 57, 132, 301, 701, 1636, 3694, 8659, 20247]...: 11349555: ACCEPTED IN 21 TRIES, (AVG 540455.0)
[1, 4, 10, 23, 57, 132, 301, 701, 1636, 3694, 8659, 20277]...: 10808889: ACCEPTED IN 20 TRIES, (AVG 540444.45)
[1, 4, 10, 23, 57, 132, 301, 701, 1636, 3694, 8659, 20281]...: 5937772: ACCEPTED IN 11 TRIES, (AVG 539797.4545454546)
[1, 4, 10, 23, 57, 132, 301, 701, 1636, 3694, 8659, 20311]...: 12431155: ACCEPTED IN 23 TRIES, (AVG 540485.0)
[1, 4, 10, 23, 57, 132, 301, 701, 1636, 3694, 8659, 20312]...: 6478347: ACCEPTED IN 12 TRIES, (AVG 539862.25)
[1, 4, 10, 23, 57, 132, 301, 701, 1636, 3694, 8659, 20313]...: 3774088: ACCEPTED IN 7 TRIES, (AVG 539155.4285714285)
[1, 4, 10, 23, 57, 132, 301, 701, 1636, 3694, 8659, 20346]...: 6477953: ACCEPTED IN 12 TRIES, (AVG 539829.4166666666)
[1, 4, 10, 23, 57, 132, 301, 701, 1636, 3694, 8659, 20348]...: 10267149: ACCEPTED IN 19 TRIES, (AVG 540376.2631578947)
[1, 4, 10, 23, 57, 132, 301, 701, 1636, 3694, 8659, 20376]...: 10808386: ACCEPTED IN 20 TRIES, (AVG 540419.3)
[1, 4, 10, 23, 57, 132, 301, 701, 1636, 3694, 8659, 20378]...: 5938711: ACCEPTED IN 11 TRIES, (AVG 539882.8181818182)
[1, 4, 10, 23, 57, 132, 301, 701, 1636, 3694, 8659, 20379]...: 7019901: ACCEPTED IN 13 TRIES, (AVG 539992.3846153846)
[1, 4, 10, 23, 57, 132, 301, 701, 1636, 3694, 8659, 20380]...: 3231537: ACCEPTED IN 6 TRIES, (AVG 538589.5)
[1, 4, 10, 23, 57, 132, 301, 701, 1636, 3694, 8659, 20411]...: 10267610: ACCEPTED IN 19 TRIES, (AVG 540400.5263157894)
[1, 4, 10, 23, 57, 132, 301, 701, 1636, 3694, 8659, 20412]...: 6479509: ACCEPTED IN 12 TRIES, (AVG 539959.0833333334)
[1, 4, 10, 23, 57, 132, 301, 701, 1636, 3694, 8659, 20413]...: 10807502: ACCEPTED IN 20 TRIES, (AVG 540375.1)
[1, 4, 10, 23, 57, 132, 301, 701, 1636, 3694, 8659, 20443]...: 4315291: ACCEPTED IN 8 TRIES, (AVG 539411.375)
[1, 4, 10, 23, 57, 132, 301, 701, 1636, 3694, 8659, 20478]...: 7562084: ACCEPTED IN 14 TRIES, (AVG 540148.8571428572)
[1, 4, 10, 23, 57, 132, 301, 701, 1636, 3694, 8659, 20479]...: 3231828: ACCEPTED IN 6 TRIES, (AVG 538638.0)
[1, 4, 10, 23, 57, 132, 301, 701, 1636, 3694, 8659, 20480]...: 12973375: ACCEPTED IN 24 TRIES, (AVG 540557.2916666666)
[1, 4, 10, 23, 57, 132, 301, 701, 1636, 3694, 8659, 20510]...: 12431263: ACCEPTED IN 23 TRIES, (AVG 540489.695652174)
[1, 4, 10, 23, 57, 132, 301, 701, 1636, 3694, 8659, 20511]...: 9726505: ACCEPTED IN 18 TRIES, (AVG 540361.3888888889)
[1, 4, 10, 23, 57, 132, 301, 701, 1636, 3694, 8659, 20515]...: 5937248: ACCEPTED IN 11 TRIES, (AVG 539749.8181818182)
[1, 4, 10, 23, 57, 132, 301, 701, 1636, 3694, 8659, 20545]...: 15678913: ACCEPTED IN 29 TRIES, (AVG 540652.1724137932)
[1, 4, 10, 23, 57, 132, 301, 701, 1636, 3694, 8659, 20547]...: 9725704: ACCEPTED IN 18 TRIES, (AVG 540316.8888888889)
[1, 4, 10, 23, 57, 132, 301, 701, 1636, 3694, 8659, 20578]...: 3773687: ACCEPTED IN 7 TRIES, (AVG 539098.1428571428)
[1, 4, 10, 23, 57, 132, 301, 701, 1636, 3694, 8659, 20582]...: 9185232: ACCEPTED IN 17 TRIES, (AVG 540307.7647058824)
[1, 4, 10, 23, 57, 132, 301, 701, 1636, 3694, 8659, 20610]...: 5937969: ACCEPTED IN 11 TRIES, (AVG 539815.3636363636)
[1, 4, 10, 23, 57, 132, 301, 701, 1636, 3694, 8659, 20612]...: 3771293: ACCEPTED IN 7 TRIES, (AVG 538756.1428571428)
[1, 4, 10, 23, 57, 132, 301, 701, 1636, 3694, 8659, 20613]...: 5938294: ACCEPTED IN 11 TRIES, (AVG 539844.9090909091)
[1, 4, 10, 23, 57, 132, 301, 701, 1636, 3694, 8659, 20614]...: 4314776: ACCEPTED IN 8 TRIES, (AVG 539347.0)
[1, 4, 10, 23, 57, 132, 301, 701, 1636, 3694, 8659, 20646]...: 6478151: ACCEPTED IN 12 TRIES, (AVG 539845.9166666666)
[1, 4, 10, 23, 57, 132, 301, 701, 1636, 3694, 8659, 20647]...: 14055744: ACCEPTED IN 26 TRIES, (AVG 540605.5384615385)
[1, 4, 10, 23, 57, 132, 301, 701, 1636, 3694, 8659, 20677]...: 10807841: ACCEPTED IN 20 TRIES, (AVG 540392.05)
[1, 4, 10, 23, 57, 132, 301, 701, 1636, 3694, 8659, 20679]...: 10267748: ACCEPTED IN 19 TRIES, (AVG 540407.7894736842)
[1, 4, 10, 23, 57, 132, 301, 701, 1636, 3694, 8659, 20681]...: 11891003: ACCEPTED IN 22 TRIES, (AVG 540500.1363636364)
[1, 4, 10, 23, 57, 132, 301, 701, 1636, 3694, 8659, 20712]...: 11891061: ACCEPTED IN 22 TRIES, (AVG 540502.7727272727)
[1, 4, 10, 23, 57, 132, 301, 701, 1636, 3694, 8659, 20713]...: 11348677: ACCEPTED IN 21 TRIES, (AVG 540413.1904761905)
[1, 4, 10, 23, 57, 132, 301, 701, 1636, 3694, 8659, 20714]...: 7019774: ACCEPTED IN 13 TRIES, (AVG 539982.6153846154)
[1, 4, 10, 23, 57, 132, 301, 701, 1636, 3694, 8659, 20744]...: 5936288: ACCEPTED IN 11 TRIES, (AVG 539662.5454545454)
[1, 4, 10, 23, 57, 132, 301, 701, 1636, 3694, 8659, 20748]...: 6478137: ACCEPTED IN 12 TRIES, (AVG 539844.75)
[1, 4, 10, 23, 57, 132, 301, 701, 1636, 3694, 8659, 20779]...: 10808417: ACCEPTED IN 20 TRIES, (AVG 540420.85)
[1, 4, 10, 23, 57, 132, 301, 701, 1636, 3694, 8659, 20780]...: 10808371: ACCEPTED IN 20 TRIES, (AVG 540418.55)
