[1, 4, 10, 23, 57, 132, 301, 701, 1654, 3817, 8815, 19401]...: 10266325: ACCEPTED IN 19 TRIES, (AVG 540332.8947368421)
[1, 4, 10, 23, 57, 132, 301, 701, 1654, 3817, 8815, 19410]...: 8643818: ACCEPTED IN 16 TRIES, (AVG 540238.625)
[1, 4, 10, 23, 57, 132, 301, 701, 1654, 3817, 8815, 19414]...: 7020864: ACCEPTED IN 13 TRIES, (AVG 540066.4615384615)
[1, 4, 10, 23, 57, 132, 301, 701, 1654, 3817, 8815, 19418]...: 10808822: ACCEPTED IN 20 TRIES, (AVG 540441.1)
[1, 4, 10, 23, 57, 132, 301, 701, 1654, 3817, 8815, 19451]...: 12431502: ACCEPTED IN 23 TRIES, (AVG 540500.0869565217)
[1, 4, 10, 23, 57, 132, 301, 701, 1654, 3817, 8815, 19455]...: 9184077: ACCEPTED IN 17 TRIES, (AVG 540239.8235294118)
[1, 4, 10, 23, 57, 132, 301, 701, 1654, 3817, 8815, 19459]...: 8644263: ACCEPTED IN 16 TRIES, (AVG 540266.4375)
[1, 4, 10, 23, 57, 132, 301, 701, 1654, 3817, 8815, 19468]...: 8643470: ACCEPTED IN 16 TRIES, (AVG 540216.875)
[1, 4, 10, 23, 57, 132, 301, 701, 1654, 3817, 8815, 19472]...: 11890097: ACCEPTED IN 22 TRIES, (AVG 540458.9545454546)
[1, 4, 10, 23, 57, 132, 301, 701, 1654, 3817, 8815, 19484]...: 11888738: ACCEPTED IN 22 TRIES, (AVG 540397.1818181818)
[1, 4, 10, 23, 57, 132, 301, 701, 1654, 3817, 8815, 19492]...: 11349808: ACCEPTED IN 21 TRIES, (AVG 540467.0476190476)
[1, 4, 10, 23, 57, 132, 301, 701, 1654, 3817, 8815, 19496]...: 14053488: ACCEPTED IN 26 TRIES, (AVG 540518.7692307692)
[1, 4, 10, 23, 57, 132, 301, 701, 1654, 3817, 8815, 19505]...: 14596835: ACCEPTED IN 27 TRIES, (AVG 540623.5185185185)
[1, 4, 10, 23, 57, 132, 301, 701, 1654, 3817, 8815, 19509]...: 18383770: ACCEPTED IN 34 TRIES, (AVG 540699.1176470588)
[1, 4, 10, 23, 57, 132, 301, 701, 1654, 3817, 8815, 19513]...: 14055125: ACCEPTED IN 26 TRIES, (AVG 540581.7307692308)
[1, 4, 10, 23, 57, 132, 301, 701, 1654, 3817, 8815, 19521]...: 11350042: ACCEPTED IN 21 TRIES, (AVG 540478.1904761905)
[1, 4, 10, 23, 57, 132, 301, 701, 1654, 3817, 8815, 19533]...: 9183011: ACCEPTED IN 17 TRIES, (AVG 540177.1176470588)
[1, 4, 10, 23, 57, 132, 301, 701, 1654, 3817, 8815, 19542]...: 10808852: ACCEPTED IN 20 TRIES, (AVG 540442.6)
[1, 4, 10, 23, 57, 132, 301, 701, 1654, 3817, 8815, 19546]...: 14055712: ACCEPTED IN 26 TRIES, (AVG 540604.3076923077)
[1, 4, 10, 23, 57, 132, 301, 701, 1654, 3817, 8815, 19550]...: 10807510: ACCEPTED IN 20 TRIES, (AVG 540375.5)
[1, 4, 10, 23, 57, 132, 301, 701, 1654, 3817, 8815, 19579]...: 5396811: ACCEPTED IN 10 TRIES, (AVG 539681.1)
[1, 4, 10, 23, 57, 132, 301, 701, 1654, 3817, 8815, 19580]...: 13512850: ACCEPTED IN 25 TRIES, (AVG 540514.0)
[1, 4, 10, 23, 57, 132, 301, 701, 1654, 3817, 8815, 19583]...: 8101831: ACCEPTED IN 15 TRIES, (AVG 540122.0666666667)
[1, 4, 10, 23, 57, 132, 301, 701, 1654, 3817, 8815, 19587]...: 7561560: ACCEPTED IN 14 TRIES, (AVG 540111.4285714285)
[1, 4, 10, 23, 57, 132, 301, 701, 1654, 3817, 8815, 19591]...: 9725035: ACCEPTED IN 18 TRIES, (AVG 540279.7222222222)
[1, 4, 10, 23, 57, 132, 301, 701, 1654, 3817, 8815, 19600]...: 7561887: ACCEPTED IN 14 TRIES, (AVG 540134.7857142857)
[1, 4, 10, 23, 57, 132, 301, 701, 1654, 3817, 8815, 19604]...: 8643624: ACCEPTED IN 16 TRIES, (AVG 540226.5)
[1, 4, 10, 23, 57, 132, 301, 701, 1654, 3817, 8815, 19616]...: 8643823: ACCEPTED IN 16 TRIES, (AVG 540238.9375)
[1, 4, 10, 23, 57, 132, 301, 701, 1654, 3817, 8815, 19620]...: 5395780: ACCEPTED IN 10 TRIES, (AVG 539578.0)
[1, 4, 10, 23, 57, 132, 301, 701, 1654, 3817, 8815, 19624]...: 9726293: ACCEPTED IN 18 TRIES, (AVG 540349.6111111111)
[1, 4, 10, 23, 57, 132, 301, 701, 1654, 3817, 8815, 19628]...: 8103157: ACCEPTED IN 15 TRIES, (AVG 540210.4666666667)
[1, 4, 10, 23, 57, 132, 301, 701, 1654, 3817, 8815, 19637]...: 8101441: ACCEPTED IN 15 TRIES, (AVG 540096.0666666667)
[1, 4, 10, 23, 57, 132, 301, 701, 1654, 3817, 8815, 19641]...: 7560823: ACCEPTED IN 14 TRIES, (AVG 540058.7857142857)
[1, 4, 10, 23, 57, 132, 301, 701, 1654, 3817, 8815, 19645]...: 12430186: ACCEPTED IN 23 TRIES, (AVG 540442.8695652174)
[1, 4, 10, 23, 57, 132, 301, 701, 1654, 3817, 8815, 19653]...: 8102436: ACCEPTED IN 15 TRIES, (AVG 540162.4)
[1, 4, 10, 23, 57, 132, 301, 701, 1654, 3817, 8815, 19665]...: 8102166: ACCEPTED IN 15 TRIES, (AVG 540144.4)
[1, 4, 10, 23, 57, 132, 301, 701, 1654, 3817, 8815, 19674]...: 8641884: ACCEPTED IN 16 TRIES, (AVG 540117.75)
[1, 4, 10, 23, 57, 132, 301, 701, 1654, 3817, 8815, 19678]...: 8643364: ACCEPTED IN 16 TRIES, (AVG 540210.25)
[1, 4, 10, 23, 57, 132, 301, 701, 1654, 3817, 8815, 19682]...: 8643536: ACCEPTED IN 16 TRIES, (AVG 540221.0)
[1, 4, 10, 23, 57, 132, 301, 701, 1654, 3817, 8815, 19711]...: 8643354: ACCEPTED IN 16 TRIES, (AVG 540209.625)
[1, 4, 10, 23, 57, 132, 301, 701, 1654, 3817, 8815, 19712]...: 5937920: ACCEPTED IN 11 TRIES, (AVG 539810.9090909091)
[1, 4, 10, 23, 57, 132, 301, 701, 1654, 3817, 8815, 19715]...: 10807612: ACCEPTED IN 20 TRIES, (AVG 540380.6)
[1, 4, 10, 23, 57, 132, 301, 701, 1654, 3817, 8815, 19719]...: 6479430: ACCEPTED IN 12 TRIES, (AVG 539952.5)
[1, 4, 10, 23, 57, 132, 301, 701, 1654, 3817, 8815, 19736]...: 17300010: ACCEPTED IN 32 TRIES, (AVG 540625.3125)
[1, 4, 10, 23, 57, 132, 301, 701, 1654, 3817, 8815, 19748]...: 14054608: ACCEPTED IN 26 TRIES, (AVG 540561.8461538461)
[1, 4, 10, 23, 57, 132, 301, 701, 1654, 3817, 8815, 19752]...: 8102384: ACCEPTED IN 15 TRIES, (AVG 540158.9333333333)
[1, 4, 10, 23, 57, 132, 301, 701, 1654, 3817, 8815, 19756]...: 6479153: ACCEPTED IN 12 TRIES, (AVG 539929.4166666666)
[1, 4, 10, 23, 57, 132, 301, 701, 1654, 3817, 8815, 19760]...: 9184855: ACCEPTED IN 17 TRIES, (AVG 540285.5882352941)
[1, 4, 10, 23, 57, 132, 301, 701, 1654, 3817, 8815, 19769]...: 10266159: ACCEPTED IN 19 TRIES, (AVG 540324.1578947369)
[1, 4, 10, 23, 57, 132, 301, 701, 1654, 3817, 8815, 19773]...: 5397264: ACCEPTED IN 10 TRIES, (AVG 539726.4)
[1, 4, 10, 23, 57, 132, 301, 701, 1654, 3817, 8815, 19777]...: 14595089: ACCEPTED IN 27 TRIES, (AVG 540558.8518518518)
[1, 4, 10, 23, 57, 132, 301, 701, 1654, 3817, 8815, 19785]...: 9184952: ACCEPTED IN 17 TRIES, (AVG 540291.2941176471)
[1, 4, 10, 23, 57, 132, 301, 701, 1654, 3817, 8815, 19797]...: 8643605: ACCEPTED IN 16 TRIES, (AVG 540225.3125)
[1, 4, 10, 23, 57, 132, 301, 701, 1654, 3817, 8815, 19806]...: 9183315: ACCEPTED IN 17 TRIES, (AVG 540195.0)
[1, 4, 10, 23, 57, 132, 301, 701, 1654, 3817, 8815, 19810]...: 11349628: ACCEPTED IN 21 TRIES, (AVG 540458.4761904762)
[1, 4, 10, 23, 57, 132, 301, 701, 1654, 3817, 8815, 19814]...: 6479840: ACCEPTED IN 12 TRIES, (AVG 539986.6666666666)
[1, 4, 10, 23, 57, 132, 301, 701, 1654, 3817, 8815, 19843]...: 4313755: ACCEPTED IN 8 TRIES, (AVG 539219.375)
[1, 4, 10, 23, 57, 132, 301, 701, 1654, 3817, 8815, 19844]...: 10806984: ACCEPTED IN 20 TRIES, (AVG 540349.2)
[1, 4, 10, 23, 57, 132, 301, 701, 1654, 3817, 8815, 19847]...: 9725901: ACCEPTED IN 18 TRIES, (AVG 540327.8333333334)
[1, 4, 10, 23, 57, 132, 301, 701, 1654, 3817, 8815, 19851]...: 7560703: ACCEPTED IN 14 TRIES, (AVG 540050.2142857143)
[1, 4, 10, 23, 57, 132, 301, 701, 1654, 3817, 8815, 19868]...: 11349709: ACCEPTED IN 21 TRIES, (AVG 540462.3333333334)
[1, 4, 10, 23, 57, 132, 301, 701, 1654, 3817, 8815, 19880]...: 5938676: ACCEPTED IN 11 TRIES, (AVG 539879.6363636364)
[1, 4, 10, 23, 57, 132, 301, 701, 1654, 3817, 8815, 19881]...: 10267237: ACCEPTED IN 19 TRIES, (AVG 540380.8947368421)
[1, 4, 10, 23, 57, 132, 301, 701, 1654, 3817, 8815, 19884]...: 12431042: ACCEPTED IN 23 TRIES, (AVG 540480.0869565217)
[1, 4, 10, 23, 57, 132, 301, 701, 1654, 3817, 8815, 19888]...: 8100343: ACCEPTED IN 15 TRIES, (AVG 540022.8666666667)
[1, 4, 10, 23, 57, 132, 301, 701, 1654, 3817, 8815, 19892]...: 12430124: ACCEPTED IN 23 TRIES, (AVG 540440.1739130435)
[1, 4, 10, 23, 57, 132, 301, 701, 1654, 3817, 8815, 19901]...: 4854539: ACCEPTED IN 9 TRIES, (AVG 539393.2222222222)
[1, 4, 10, 23, 57, 132, 301, 701, 1654, 3817, 8815, 19905]...: 9185481: ACCEPTED IN 17 TRIES, (AVG 540322.4117647059)
[1, 4, 10, 23, 57, 132, 301, 701, 1654, 3817, 8815, 19909]...: 10267522: ACCEPTED IN 19 TRIES, (AVG 540395.8947368421)
[1, 4, 10, 23, 57, 132, 301, 701, 1654, 3817, 8815, 19917]...: 7561899: ACCEPTED IN 14 TRIES, (AVG 540135.6428571428)
[1, 4, 10, 23, 57, 132, 301, 701, 1654, 3817, 8815, 19921]...: 5937682: ACCEPTED IN 11 TRIES, (AVG 539789.2727272727)
[1, 4, 10, 23, 57, 132, 301, 701, 1654, 3817, 8815, 19929]...: 9183728: ACCEPTED IN 17 TRIES, (AVG 540219.2941176471)
[1, 4, 10, 23, 57, 132, 301, 701, 1654, 3817, 8815, 19938]...: 12430815: ACCEPTED IN 23 TRIES, (AVG 540470.2173913043)
[1, 4, 10, 23, 57, 132, 301, 701, 1654, 3817, 8815, 19942]...: 9185468: ACCEPTED IN 17 TRIES, (AVG 540321.6470588235)
[1, 4, 10, 23, 57, 132, 301, 701, 1654, 3817, 8815, 19946]...: 6479663: ACCEPTED IN 12 TRIES, (AVG 539971.9166666666)
[1, 4, 10, 23, 57, 132, 301, 701, 1654, 3817, 8815, 19975]...: 9185361: ACCEPTED IN 17 TRIES, (AVG 540315.3529411765)
[1, 4, 10, 23, 57, 132, 301, 701, 1654, 3817, 8815, 19979]...: 11890184: ACCEPTED IN 22 TRIES, (AVG 540462.9090909091)
[1, 4, 10, 23, 57, 132, 301, 701, 1654, 3817, 8815, 19983]...: 9724226: ACCEPTED IN 18 TRIES, (AVG 540234.7777777778)
[1, 4, 10, 23, 57, 132, 301, 701, 1654, 3817, 8815, 20000]...: 5936578: ACCEPTED IN 11 TRIES, (AVG 539688.9090909091)
[1, 4, 10, 23, 57, 132, 301, 701, 1654, 3817, 8815, 20012]...: 8644052: ACCEPTED IN 16 TRIES, (AVG 540253.25)
[1, 4, 10, 23, 57, 132, 301, 701, 1654, 3817, 8815, 20013]...: 8100342: ACCEPTED IN 15 TRIES, (AVG 540022.8)
[1, 4, 10, 23, 57, 132, 301, 701, 1654, 3817, 8815, 20016]...: 5938270: ACCEPTED IN 11 TRIES, (AVG 539842.7272727273)
[1, 4, 10, 23, 57, 132, 301, 701, 1654, 3817, 8815, 20020]...: 7020948: ACCEPTED IN 13 TRIES, (AVG 540072.9230769231)
[1, 4, 10, 23, 57, 132, 301, 701, 1654, 3817, 8815, 20029]...: 10807009: ACCEPTED IN 20 TRIES, (AVG 540350.45)
[1, 4, 10, 23, 57, 132, 301, 701, 1654, 3817, 8815, 20037]...: 4856277: ACCEPTED IN 9 TRIES, (AVG 539586.3333333334)
[1, 4, 10, 23, 57, 132, 301, 701, 1654, 3817, 8815, 20041]...: 9185452: ACCEPTED IN 17 TRIES, (AVG 540320.7058823529)
[1, 4, 10, 23, 57, 132, 301, 701, 1654, 3817, 8815, 20049]...: 13513497: ACCEPTED IN 25 TRIES, (AVG 540539.88)
[1, 4, 10, 23, 57, 132, 301, 701, 1654, 3817, 8815, 20053]...: 11889928: ACCEPTED IN 22 TRIES, (AVG 540451.2727272727)
[1, 4, 10, 23, 57, 132, 301, 701, 1654, 3817, 8815, 20061]...: 9185010: ACCEPTED IN 17 TRIES, (AVG 540294.7058823529)
[1, 4, 10, 23, 57, 132, 301, 701, 1654, 3817, 8815, 20070]...: 14596123: ACCEPTED IN 27 TRIES, (AVG 540597.1481481482)
[1, 4, 10, 23, 57, 132, 301, 701, 1654, 3817, 8815, 20074]...: 8644148: ACCEPTED IN 16 TRIES, (AVG 540259.25)
[1, 4, 10, 23, 57, 132, 301, 701, 1654, 3817, 8815, 20078]...: 6479197: ACCEPTED IN 12 TRIES, (AVG 539933.0833333334)
[1, 4, 10, 23, 57, 132, 301, 701, 1654, 3817, 8815, 20107]...: 4856421: ACCEPTED IN 9 TRIES, (AVG 539602.3333333334)
[1, 4, 10, 23, 57, 132, 301, 701, 1654, 3817, 8815, 20111]...: 5397317: ACCEPTED IN 10 TRIES, (AVG 539731.7)
[1, 4, 10, 23, 57, 132, 301, 701, 1654, 3817, 8815, 20115]...: 8642245: ACCEPTED IN 16 TRIES, (AVG 540140.3125)
[1, 4, 10, 23, 57, 132, 301, 701, 1654, 3817, 8815, 20144]...: 7559433: ACCEPTED IN 14 TRIES, (AVG 539959.5)
[1, 4, 10, 23, 57, 132, 301, 701, 1654, 3817, 8815, 20145]...: 9182661: ACCEPTED IN 17 TRIES, (AVG 540156.5294117647)
[1, 4, 10, 23, 57, 132, 301, 701, 1654, 3817, 8815, 20148]...: 9185175: ACCEPTED IN 17 TRIES, (AVG 540304.4117647059)
[1, 4, 10, 23, 57, 132, 301, 701, 1654, 3817, 8815, 20152]...: 9184134: ACCEPTED IN 17 TRIES, (AVG 540243.1764705882)
[1, 4, 10, 23, 57, 132, 301, 701, 1654, 3817, 8815, 20161]...: 8643515: ACCEPTED IN 16 TRIES, (AVG 540219.6875)
[1, 4, 10, 23, 57, 132, 301, 701, 1654, 3817, 8815, 20169]...: 7560605: ACCEPTED IN 14 TRIES, (AVG 540043.2142857143)
[1, 4, 10, 23, 57, 132, 301, 701, 1654, 3817, 8815, 20173]...: 5937197: ACCEPTED IN 11 TRIES, (AVG 539745.1818181818)
[1, 4, 10, 23, 57, 132, 301, 701, 1654, 3817, 8815, 20181]...: 5397364: ACCEPTED IN 10 TRIES, (AVG 539736.4)
[1, 4, 10, 23, 57, 132, 301, 701, 1654, 3817, 8815, 20182]...: 4856367: ACCEPTED IN 9 TRIES, (AVG 539596.3333333334)
[1, 4, 10, 23, 57, 132, 301, 701, 1654, 3817, 8815, 20185]...: 9725939: ACCEPTED IN 18 TRIES, (AVG 540329.9444444445)
[1, 4, 10, 23, 57, 132, 301, 701, 1654, 3817, 8815, 20193]...: 5938196: ACCEPTED IN 11 TRIES, (AVG 539836.0)
[1, 4, 10, 23, 57, 132, 301, 701, 1654, 3817, 8815, 20202]...: 9726251: ACCEPTED IN 18 TRIES, (AVG 540347.2777777778)
[1, 4, 10, 23, 57, 132, 301, 701, 1654, 3817, 8815, 20206]...: 7562060: ACCEPTED IN 14 TRIES, (AVG 540147.1428571428)
[1, 4, 10, 23, 57, 132, 301, 701, 1654, 3817, 8815, 20210]...: 11349581: ACCEPTED IN 21 TRIES, (AVG 540456.2380952381)
[1, 4, 10, 23, 57, 132, 301, 701, 1654, 3817, 8815, 20222]...: 9184295: ACCEPTED IN 17 TRIES, (AVG 540252.6470588235)
[1, 4, 10, 23, 57, 132, 301, 701, 1654, 3817, 8815, 20239]...: 12973078: ACCEPTED IN 24 TRIES, (AVG 540544.9166666666)
[1, 4, 10, 23, 57, 132, 301, 701, 1654, 3817, 8815, 20243]...: 7561692: ACCEPTED IN 14 TRIES, (AVG 540120.8571428572)
[1, 4, 10, 23, 57, 132, 301, 701, 1654, 3817, 8815, 20247]...: 4855795: ACCEPTED IN 9 TRIES, (AVG 539532.7777777778)
[1, 4, 10, 23, 57, 132, 301, 701, 1654, 3817, 8815, 20276]...: 7561373: ACCEPTED IN 14 TRIES, (AVG 540098.0714285715)
[1, 4, 10, 23, 57, 132, 301, 701, 1654, 3817, 8815, 20280]...: 7020471: ACCEPTED IN 13 TRIES, (AVG 540036.2307692308)
[1, 4, 10, 23, 57, 132, 301, 701, 1654, 3817, 8815, 20281]...: 5397352: ACCEPTED IN 10 TRIES, (AVG 539735.2)
[1, 4, 10, 23, 57, 132, 301, 701, 1654, 3817, 8815, 20284]...: 9185030: ACCEPTED IN 17 TRIES, (AVG 540295.8823529412)
[1, 4, 10, 23, 57, 132, 301, 701, 1654, 3817, 8815, 20293]...: 6478316: ACCEPTED IN 12 TRIES, (AVG 539859.6666666666)
[1, 4, 10, 23, 57, 132, 301, 701, 1654, 3817, 8815, 20301]...: 6479364: ACCEPTED IN 12 TRIES, (AVG 539947.0)
[1, 4, 10, 23, 57, 132, 301, 701, 1654, 3817, 8815, 20305]...: 4853428: ACCEPTED IN 9 TRIES, (AVG 539269.7777777778)
[1, 4, 10, 23, 57, 132, 301, 701, 1654, 3817, 8815, 20313]...: 5395214: ACCEPTED IN 10 TRIES, (AVG 539521.4)
[1, 4, 10, 23, 57, 132, 301, 701, 1654, 3817, 8815, 20314]...: 5938016: ACCEPTED IN 11 TRIES, (AVG 539819.6363636364)
[1, 4, 10, 23, 57, 132, 301, 701, 1654, 3817, 8815, 20317]...: 8101647: ACCEPTED IN 15 TRIES, (AVG 540109.8)
[1, 4, 10, 23, 57, 132, 301, 701, 1654, 3817, 8815, 20321]...: 7560072: ACCEPTED IN 14 TRIES, (AVG 540005.1428571428)
[1, 4, 10, 23, 57, 132, 301, 701, 1654, 3817, 8815, 20330]...: 5395552: ACCEPTED IN 10 TRIES, (AVG 539555.2)
[1, 4, 10, 23, 57, 132, 301, 701, 1654, 3817, 8815, 20334]...: 5936386: ACCEPTED IN 11 TRIES, (AVG 539671.4545454546)
[1, 4, 10, 23, 57, 132, 301, 701, 1654, 3817, 8815, 20338]...: 4856182: ACCEPTED IN 9 TRIES, (AVG 539575.7777777778)
[1, 4, 10, 23, 57, 132, 301, 701, 1654, 3817, 8815, 20342]...: 10808658: ACCEPTED IN 20 TRIES, (AVG 540432.9)
[1, 4, 10, 23, 57, 132, 301, 701, 1654, 3817, 8815, 20354]...: 10266002: ACCEPTED IN 19 TRIES, (AVG 540315.8947368421)
[1, 4, 10, 23, 57, 132, 301, 701, 1654, 3817, 8815, 20371]...: 7561923: ACCEPTED IN 14 TRIES, (AVG 540137.3571428572)
[1, 4, 10, 23, 57, 132, 301, 701, 1654, 3817, 8815, 20375]...: 5395041: ACCEPTED IN 10 TRIES, (AVG 539504.1)
[1, 4, 10, 23, 57, 132, 301, 701, 1654, 3817, 8815, 20379]...: 8643564: ACCEPTED IN 16 TRIES, (AVG 540222.75)
[1, 4, 10, 23, 57, 132, 301, 701, 1654, 3817, 8815, 20408]...: 6479465: ACCEPTED IN 12 TRIES, (AVG 539955.4166666666)
[1, 4, 10, 23, 57, 132, 301, 701, 1654, 3817, 8815, 20412]...: 8101321: ACCEPTED IN 15 TRIES, (AVG 540088.0666666667)
[1, 4, 10, 23, 57, 132, 301, 701, 1654, 3817, 8815, 20413]...: 5935677: ACCEPTED IN 11 TRIES, (AVG 539607.0)
[1, 4, 10, 23, 57, 132, 301, 701, 1654, 3817, 8815, 20416]...: 7562117: ACCEPTED IN 14 TRIES, (AVG 540151.2142857143)
[1, 4, 10, 23, 57, 132, 301, 701, 1654, 3817, 8815, 20425]...: 7562085: ACCEPTED IN 14 TRIES, (AVG 540148.9285714285)
[1, 4, 10, 23, 57, 132, 301, 701, 1654, 3817, 8815, 20437]...: 5938680: ACCEPTED IN 11 TRIES, (AVG 539880.0)
[1, 4, 10, 23, 57, 132, 301, 701, 1654, 3817, 8815, 20445]...: 9726144: ACCEPTED IN 18 TRIES, (AVG 540341.3333333334)
[1, 4, 10, 23, 57, 132, 301, 701, 1654, 3817, 8815, 20446]...: 7561306: ACCEPTED IN 14 TRIES, (AVG 540093.2857142857)
[1, 4, 10, 23, 57, 132, 301, 701, 1654, 3817, 8815, 20449]...: 8102174: ACCEPTED IN 15 TRIES, (AVG 540144.9333333333)
[1, 4, 10, 23, 57, 132, 301, 701, 1654, 3817, 8815, 20453]...: 10808340: ACCEPTED IN 20 TRIES, (AVG 540417.0)
[1, 4, 10, 23, 57, 132, 301, 701, 1654, 3817, 8815, 20462]...: 6478859: ACCEPTED IN 12 TRIES, (AVG 539904.9166666666)
[1, 4, 10, 23, 57, 132, 301, 701, 1654, 3817, 8815, 20466]...: 8642447: ACCEPTED IN 16 TRIES, (AVG 540152.9375)
[1, 4, 10, 23, 57, 132, 301, 701, 1654, 3817, 8815, 20470]...: 8643865: ACCEPTED IN 16 TRIES, (AVG 540241.5625)
[1, 4, 10, 23, 57, 132, 301, 701, 1654, 3817, 8815, 20474]...: 5396779: ACCEPTED IN 10 TRIES, (AVG 539677.9)
[1, 4, 10, 23, 57, 132, 301, 701, 1654, 3817, 8815, 20483]...: 9184747: ACCEPTED IN 17 TRIES, (AVG 540279.2352941176)
[1, 4, 10, 23, 57, 132, 301, 701, 1654, 3817, 8815, 20486]...: 4854266: ACCEPTED IN 9 TRIES, (AVG 539362.8888888889)
[1, 4, 10, 23, 57, 132, 301, 701, 1654, 3817, 8815, 20503]...: 5937639: ACCEPTED IN 11 TRIES, (AVG 539785.3636363636)
[1, 4, 10, 23, 57, 132, 301, 701, 1654, 3817, 8815, 20507]...: 5397246: ACCEPTED IN 10 TRIES, (AVG 539724.6)
[1, 4, 10, 23, 57, 132, 301, 701, 1654, 3817, 8815, 20511]...: 7020050: ACCEPTED IN 13 TRIES, (AVG 540003.8461538461)
[1, 4, 10, 23, 57, 132, 301, 701, 1654, 3817, 8815, 20540]...: 8103262: ACCEPTED IN 15 TRIES, (AVG 540217.4666666667)
[1, 4, 10, 23, 57, 132, 301, 701, 1654, 3817, 8815, 20544]...: 10807472: ACCEPTED IN 20 TRIES, (AVG 540373.6)
[1, 4, 10, 23, 57, 132, 301, 701, 1654, 3817, 8815, 20545]...: 7019999: ACCEPTED IN 13 TRIES, (AVG 539999.9230769231)
[1, 4, 10, 23, 57, 132, 301, 701, 1654, 3817, 8815, 20548]...: 4853764: ACCEPTED IN 9 TRIES, (AVG 539307.1111111111)
[1, 4, 10, 23, 57, 132, 301, 701, 1654, 3817, 8815, 20557]...: 7020355: ACCEPTED IN 13 TRIES, (AVG 540027.3076923077)
[1, 4, 10, 23, 57, 132, 301, 701, 1654, 3817, 8815, 20569]...: 9184361: ACCEPTED IN 17 TRIES, (AVG 540256.5294117647)
[1, 4, 10, 23, 57, 132, 301, 701, 1654, 3817, 8815, 20574]...: 12430402: ACCEPTED IN 23 TRIES, (AVG 540452.2608695652)
[1, 4, 10, 23, 57, 132, 301, 701, 1654, 3817, 8815, 20577]...: 7561755: ACCEPTED IN 14 TRIES, (AVG 540125.3571428572)
[1, 4, 10, 23, 57, 132, 301, 701, 1654, 3817, 8815, 20581]...: 4853579: ACCEPTED IN 9 TRIES, (AVG 539286.5555555555)
[1, 4, 10, 23, 57, 132, 301, 701, 1654, 3817, 8815, 20582]...: 8102804: ACCEPTED IN 15 TRIES, (AVG 540186.9333333333)
[1, 4, 10, 23, 57, 132, 301, 701, 1654, 3817, 8815, 20585]...: 9185137: ACCEPTED IN 17 TRIES, (AVG 540302.1764705882)
[1, 4, 10, 23, 57, 132, 301, 701, 1654, 3817, 8815, 20594]...: 7561431: ACCEPTED IN 14 TRIES, (AVG 540102.2142857143)
[1, 4, 10, 23, 57, 132, 301, 701, 1654, 3817, 8815, 20598]...: 5395850: ACCEPTED IN 10 TRIES, (AVG 539585.0)
[1, 4, 10, 23, 57, 132, 301, 701, 1654, 3817, 8815, 20602]...: 5938440: ACCEPTED IN 11 TRIES, (AVG 539858.1818181818)
[1, 4, 10, 23, 57, 132, 301, 701, 1654, 3817, 8815, 20606]...: 5937574: ACCEPTED IN 11 TRIES, (AVG 539779.4545454546)
[1, 4, 10, 23, 57, 132, 301, 701, 1654, 3817, 8815, 20615]...: 5397308: ACCEPTED IN 10 TRIES, (AVG 539730.8)
[1, 4, 10, 23, 57, 132, 301, 701, 1654, 3817, 8815, 20618]...: 9725775: ACCEPTED IN 18 TRIES, (AVG 540320.8333333334)
[1, 4, 10, 23, 57, 132, 301, 701, 1654, 3817, 8815, 20622]...: 8642531: ACCEPTED IN 16 TRIES, (AVG 540158.1875)
[1, 4, 10, 23, 57, 132, 301, 701, 1654, 3817, 8815, 20631]...: 9725037: ACCEPTED IN 18 TRIES, (AVG 540279.8333333334)
[1, 4, 10, 23, 57, 132, 301, 701, 1654, 3817, 8815, 20635]...: 5395430: ACCEPTED IN 10 TRIES, (AVG 539543.0)
[1, 4, 10, 23, 57, 132, 301, 701, 1654, 3817, 8815, 20639]...: 4312615: ACCEPTED IN 8 TRIES, (AVG 539076.875)
[1, 4, 10, 23, 57, 132, 301, 701, 1654, 3817, 8815, 20643]...: 5396913: ACCEPTED IN 10 TRIES, (AVG 539691.3)
[1, 4, 10, 23, 57, 132, 301, 701, 1654, 3817, 8815, 20672]...: 9182474: ACCEPTED IN 17 TRIES, (AVG 540145.5294117647)
[1, 4, 10, 23, 57, 132, 301, 701, 1654, 3817, 8815, 20676]...: 5938184: ACCEPTED IN 11 TRIES, (AVG 539834.9090909091)
[1, 4, 10, 23, 57, 132, 301, 701, 1654, 3817, 8815, 20680]...: 9185257: ACCEPTED IN 17 TRIES, (AVG 540309.2352941176)
[1, 4, 10, 23, 57, 132, 301, 701, 1654, 3817, 8815, 20689]...: 9725174: ACCEPTED IN 18 TRIES, (AVG 540287.4444444445)
[1, 4, 10, 23, 57, 132, 301, 701, 1654, 3817, 8815, 20701]...: 4854673: ACCEPTED IN 9 TRIES, (AVG 539408.1111111111)
[1, 4, 10, 23, 57, 132, 301, 701, 1654, 3817, 8815, 20706]...: 6478003: ACCEPTED IN 12 TRIES, (AVG 539833.5833333334)
[1, 4, 10, 23, 57, 132, 301, 701, 1654, 3817, 8815, 20709]...: 5936025: ACCEPTED IN 11 TRIES, (AVG 539638.6363636364)
[1, 4, 10, 23, 57, 132, 301, 701, 1654, 3817, 8815, 20713]...: 5396491: ACCEPTED IN 10 TRIES, (AVG 539649.1)
[1, 4, 10, 23, 57, 132, 301, 701, 1654, 3817, 8815, 20714]...: 9184778: ACCEPTED IN 17 TRIES, (AVG 540281.0588235294)
[1, 4, 10, 23, 57, 132, 301, 701, 1654, 3817, 8815, 20717]...: 9184041: ACCEPTED IN 17 TRIES, (AVG 540237.7058823529)
[1, 4, 10, 23, 57, 132, 301, 701, 1654, 3817, 8815, 20726]...: 4855325: ACCEPTED IN 9 TRIES, (AVG 539480.5555555555)
[1, 4, 10, 23, 57, 132, 301, 701, 1654, 3817, 8815, 20730]...: 6478409: ACCEPTED IN 12 TRIES, (AVG 539867.4166666666)
[1, 4, 10, 23, 57, 132, 301, 701, 1654, 3817, 8815, 20738]...: 4315232: ACCEPTED IN 8 TRIES, (AVG 539404.0)
[1, 4, 10, 23, 57, 132, 301, 701, 1654, 3817, 8815, 20747]...: 9184652: ACCEPTED IN 17 TRIES, (AVG 540273.6470588235)
[1, 4, 10, 23, 57, 132, 301, 701, 1654, 3817, 8815, 20750]...: 8102876: ACCEPTED IN 15 TRIES, (AVG 540191.7333333333)
[1, 4, 10, 23, 57, 132, 301, 701, 1654, 3817, 8815, 20754]...: 9184858: ACCEPTED IN 17 TRIES, (AVG 540285.7647058824)
[1, 4, 10, 23, 57, 132, 301, 701, 1654, 3817, 8815, 20763]...: 5936610: ACCEPTED IN 11 TRIES, (AVG 539691.8181818182)
[1, 4, 10, 23, 57, 132, 301, 701, 1654, 3817, 8815, 20767]...: 5397573: ACCEPTED IN 10 TRIES, (AVG 539757.3)
[1, 4, 10, 23, 57, 132, 301, 701, 1654, 3817, 8815, 20771]...: 4854615: ACCEPTED IN 9 TRIES, (AVG 539401.6666666666)
[1, 4, 10, 23, 57, 132, 301, 701, 1654, 3817, 8815, 20784]...: 8103167: ACCEPTED IN 15 TRIES, (AVG 540211.1333333333)
[1, 4, 10, 23, 57, 132, 301, 701, 1654, 3817, 8815, 20804]...: 11891062: ACCEPTED IN 22 TRIES, (AVG 540502.8181818182)
[1, 4, 10, 23, 57, 132, 301, 701, 1654, 3817, 8815, 20808]...: 9183236: ACCEPTED IN 17 TRIES, (AVG 540190.3529411765)
[1, 4, 10, 23, 57, 132, 301, 701, 1654, 3817, 8815, 20812]...: 5938071: ACCEPTED IN 11 TRIES, (AVG 539824.6363636364)
[1, 4, 10, 23, 57, 132, 301, 701, 1654, 3817, 8815, 20821]...: 9183188: ACCEPTED IN 17 TRIES, (AVG 540187.5294117647)
[1, 4, 10, 23, 57, 132, 301, 701, 1654, 3817, 8815, 20838]...: 9725513: ACCEPTED IN 18 TRIES, (AVG 540306.2777777778)
[1, 4, 10, 23, 57, 132, 301, 701, 1654, 3817, 8815, 20841]...: 8102726: ACCEPTED IN 15 TRIES, (AVG 540181.7333333333)
[1, 4, 10, 23, 57, 132, 301, 701, 1654, 3817, 8815, 20845]...: 7020511: ACCEPTED IN 13 TRIES, (AVG 540039.3076923077)
[1, 4, 10, 23, 57, 132, 301, 701, 1654, 3817, 8815, 20846]...: 8102120: ACCEPTED IN 15 TRIES, (AVG 540141.3333333334)
[1, 4, 10, 23, 57, 132, 301, 701, 1654, 3817, 8815, 20849]...: 10807797: ACCEPTED IN 20 TRIES, (AVG 540389.85)
[1, 4, 10, 23, 57, 132, 301, 701, 1654, 3817, 8815, 20858]...: 9184255: ACCEPTED IN 17 TRIES, (AVG 540250.2941176471)
[1, 4, 10, 23, 57, 132, 301, 701, 1654, 3817, 8815, 20862]...: 10267337: ACCEPTED IN 19 TRIES, (AVG 540386.1578947369)
[1, 4, 10, 23, 57, 132, 301, 701, 1654, 3817, 8815, 20870]...: 5936343: ACCEPTED IN 11 TRIES, (AVG 539667.5454545454)
[1, 4, 10, 23, 57, 132, 301, 701, 1654, 3817, 8815, 20874]...: 9724696: ACCEPTED IN 18 TRIES, (AVG 540260.8888888889)
[1, 4, 10, 23, 57, 132, 301, 701, 1654, 3817, 8815, 20875]...: 5397148: ACCEPTED IN 10 TRIES, (AVG 539714.8)
[1, 4, 10, 23, 57, 132, 301, 701, 1654, 3817, 8815, 20879]...: 5937811: ACCEPTED IN 11 TRIES, (AVG 539801.0)
[1, 4, 10, 23, 57, 132, 301, 701, 1654, 3817, 8815, 20882]...: 5936761: ACCEPTED IN 11 TRIES, (AVG 539705.5454545454)
[1, 4, 10, 23, 57, 132, 301, 701, 1654, 3817, 8815, 20883]...: 4855022: ACCEPTED IN 9 TRIES, (AVG 539446.8888888889)
[1, 4, 10, 23, 57, 132, 301, 701, 1654, 3817, 8815, 20886]...: 11349180: ACCEPTED IN 21 TRIES, (AVG 540437.1428571428)
[1, 4, 10, 23, 57, 132, 301, 701, 1654, 3817, 8815, 20895]...: 7020160: ACCEPTED IN 13 TRIES, (AVG 540012.3076923077)
[1, 4, 10, 23, 57, 132, 301, 701, 1654, 3817, 8815, 20899]...: 7560964: ACCEPTED IN 14 TRIES, (AVG 540068.8571428572)
[1, 4, 10, 23, 57, 132, 301, 701, 1654, 3817, 8815, 20903]...: 5396183: ACCEPTED IN 10 TRIES, (AVG 539618.3)
[1, 4, 10, 23, 57, 132, 301, 701, 1654, 3817, 8815, 20916]...: 4852501: ACCEPTED IN 9 TRIES, (AVG 539166.7777777778)
[1, 4, 10, 23, 57, 132, 301, 701, 1654, 3817, 8815, 20923]...: 5396889: ACCEPTED IN 10 TRIES, (AVG 539688.9)
[1, 4, 10, 23, 57, 132, 301, 701, 1654, 3817, 8815, 20932]...: 5396005: ACCEPTED IN 10 TRIES, (AVG 539600.5)
[1, 4, 10, 23, 57, 132, 301, 701, 1654, 3817, 8815, 20936]...: 5396473: ACCEPTED IN 10 TRIES, (AVG 539647.3)
[1, 4, 10, 23, 57, 132, 301, 701, 1654, 3817, 8815, 20940]...: 9183663: ACCEPTED IN 17 TRIES, (AVG 540215.4705882353)
[1, 4, 10, 23, 57, 132, 301, 701, 1654, 3817, 8815, 20944]...: 8643692: ACCEPTED IN 16 TRIES, (AVG 540230.75)
[1, 4, 10, 23, 57, 132, 301, 701, 1654, 3817, 8815, 20953]...: 5397148: ACCEPTED IN 10 TRIES, (AVG 539714.8)
[1, 4, 10, 23, 57, 132, 301, 701, 1654, 3817, 8815, 20970]...: 14055689: ACCEPTED IN 26 TRIES, (AVG 540603.4230769231)
[1, 4, 10, 23, 57, 132, 301, 701, 1654, 3817, 8815, 20973]...: 8102033: ACCEPTED IN 15 TRIES, (AVG 540135.5333333333)
[1, 4, 10, 23, 57, 132, 301, 701, 1654, 3817, 8815, 20977]...: 8101181: ACCEPTED IN 15 TRIES, (AVG 540078.7333333333)
[1, 4, 10, 23, 57, 132, 301, 701, 1654, 3817, 8815, 20981]...: 4314385: ACCEPTED IN 8 TRIES, (AVG 539298.125)
[1, 4, 10, 23, 57, 132, 301, 701, 1654, 3817, 8815, 20982]...: 8644133: ACCEPTED IN 16 TRIES, (AVG 540258.3125)
[1, 4, 10, 23, 57, 132, 301, 701, 1654, 3817, 8815, 20990]...: 9725857: ACCEPTED IN 18 TRIES, (AVG 540325.3888888889)
[1, 4, 10, 23, 57, 132, 301, 701, 1654, 3817, 8815, 20994]...: 10267544: ACCEPTED IN 19 TRIES, (AVG 540397.052631579)
[1, 4, 10, 23, 57, 132, 301, 701, 1654, 3817, 8815, 21002]...: 5936345: ACCEPTED IN 11 TRIES, (AVG 539667.7272727273)
[1, 4, 10, 23, 57, 132, 301, 701, 1654, 3817, 8815, 21006]...: 8103090: ACCEPTED IN 15 TRIES, (AVG 540206.0)
[1, 4, 10, 23, 57, 132, 301, 701, 1654, 3817, 8815, 21007]...: 5395405: ACCEPTED IN 10 TRIES, (AVG 539540.5)
[1, 4, 10, 23, 57, 132, 301, 701, 1654, 3817, 8815, 21011]...: 5394246: ACCEPTED IN 10 TRIES, (AVG 539424.6)
[1, 4, 10, 23, 57, 132, 301, 701, 1654, 3817, 8815, 21014]...: 8644072: ACCEPTED IN 16 TRIES, (AVG 540254.5)
[1, 4, 10, 23, 57, 132, 301, 701, 1654, 3817, 8815, 21015]...: 8102958: ACCEPTED IN 15 TRIES, (AVG 540197.2)
[1, 4, 10, 23, 57, 132, 301, 701, 1654, 3817, 8815, 21018]...: 5937184: ACCEPTED IN 11 TRIES, (AVG 539744.0)
[1, 4, 10, 23, 57, 132, 301, 701, 1654, 3817, 8815, 21027]...: 13514153: ACCEPTED IN 25 TRIES, (AVG 540566.12)
[1, 4, 10, 23, 57, 132, 301, 701, 1654, 3817, 8815, 21031]...: 6479051: ACCEPTED IN 12 TRIES, (AVG 539920.9166666666)
[1, 4, 10, 23, 57, 132, 301, 701, 1654, 3817, 8815, 21035]...: 6478307: ACCEPTED IN 12 TRIES, (AVG 539858.9166666666)
[1, 4, 10, 23, 57, 132, 301, 701, 1654, 3817, 8815, 21048]...: 8102176: ACCEPTED IN 15 TRIES, (AVG 540145.0666666667)
[1, 4, 10, 23, 57, 132, 301, 701, 1654, 3817, 8815, 21055]...: 8642257: ACCEPTED IN 16 TRIES, (AVG 540141.0625)
[1, 4, 10, 23, 57, 132, 301, 701, 1654, 3817, 8815, 21064]...: 5936443: ACCEPTED IN 11 TRIES, (AVG 539676.6363636364)
[1, 4, 10, 23, 57, 132, 301, 701, 1654, 3817, 8815, 21068]...: 9184366: ACCEPTED IN 17 TRIES, (AVG 540256.8235294118)
[1, 4, 10, 23, 57, 132, 301, 701, 1654, 3817, 8815, 21072]...: 5934685: ACCEPTED IN 11 TRIES, (AVG 539516.8181818182)
[1, 4, 10, 23, 57, 132, 301, 701, 1654, 3817, 8815, 21085]...: 7560226: ACCEPTED IN 14 TRIES, (AVG 540016.1428571428)
[1, 4, 10, 23, 57, 132, 301, 701, 1654, 3817, 8815, 21102]...: 6479674: ACCEPTED IN 12 TRIES, (AVG 539972.8333333334)
[1, 4, 10, 23, 57, 132, 301, 701, 1654, 3817, 8815, 21105]...: 7560127: ACCEPTED IN 14 TRIES, (AVG 540009.0714285715)
[1, 4, 10, 23, 57, 132, 301, 701, 1654, 3817, 8815, 21109]...: 5938347: ACCEPTED IN 11 TRIES, (AVG 539849.7272727273)
[1, 4, 10, 23, 57, 132, 301, 701, 1654, 3817, 8815, 21113]...: 8103180: ACCEPTED IN 15 TRIES, (AVG 540212.0)
[1, 4, 10, 23, 57, 132, 301, 701, 1654, 3817, 8815, 21114]...: 8644250: ACCEPTED IN 16 TRIES, (AVG 540265.625)
[1, 4, 10, 23, 57, 132, 301, 701, 1654, 3817, 8815, 21122]...: 14596057: ACCEPTED IN 27 TRIES, (AVG 540594.7037037037)
[1, 4, 10, 23, 57, 132, 301, 701, 1654, 3817, 8815, 21126]...: 11889323: ACCEPTED IN 22 TRIES, (AVG 540423.7727272727)
[1, 4, 10, 23, 57, 132, 301, 701, 1654, 3817, 8815, 21138]...: 5938314: ACCEPTED IN 11 TRIES, (AVG 539846.7272727273)
[1, 4, 10, 23, 57, 132, 301, 701, 1654, 3817, 8815, 21139]...: 6479101: ACCEPTED IN 12 TRIES, (AVG 539925.0833333334)
[1, 4, 10, 23, 57, 132, 301, 701, 1654, 3817, 8815, 21143]...: 9182381: ACCEPTED IN 17 TRIES, (AVG 540140.0588235294)
[1, 4, 10, 23, 57, 132, 301, 701, 1654, 3817, 8815, 21146]...: 5935352: ACCEPTED IN 11 TRIES, (AVG 539577.4545454546)
[1, 4, 10, 23, 57, 132, 301, 701, 1654, 3817, 8815, 21147]...: 6479237: ACCEPTED IN 12 TRIES, (AVG 539936.4166666666)
[1, 4, 10, 23, 57, 132, 301, 701, 1654, 3817, 8815, 21150]...: 7561861: ACCEPTED IN 14 TRIES, (AVG 540132.9285714285)
