[1, 4, 10, 23, 57, 132, 301, 701, 1636, 3825, 8496, 18703]...: 23795183: ACCEPTED IN 44 TRIES, (AVG 540799.6136363636)
[1, 4, 10, 23, 57, 132, 301, 701, 1636, 3825, 8496, 18707]...: 8101369: ACCEPTED IN 15 TRIES, (AVG 540091.2666666667)
[1, 4, 10, 23, 57, 132, 301, 701, 1636, 3825, 8496, 18719]...: 12431892: ACCEPTED IN 23 TRIES, (AVG 540517.0434782609)
[1, 4, 10, 23, 57, 132, 301, 701, 1636, 3825, 8496, 18744]...: 9724703: ACCEPTED IN 18 TRIES, (AVG 540261.2777777778)
[1, 4, 10, 23, 57, 132, 301, 701, 1636, 3825, 8496, 18786]...: 77909564: ACCEPTED IN 144 TRIES, (AVG 541038.6388888889)
[1, 4, 10, 23, 57, 132, 301, 701, 1636, 3825, 8496, 18818]...: 18924656: ACCEPTED IN 35 TRIES, (AVG 540704.4571428571)
[1, 4, 10, 23, 57, 132, 301, 701, 1636, 3825, 8496, 18839]...: 8102043: ACCEPTED IN 15 TRIES, (AVG 540136.2)
[1, 4, 10, 23, 57, 132, 301, 701, 1636, 3825, 8496, 18876]...: 16219906: ACCEPTED IN 30 TRIES, (AVG 540663.5333333333)
[1, 4, 10, 23, 57, 132, 301, 701, 1636, 3825, 8496, 18971]...: 29206566: ACCEPTED IN 54 TRIES, (AVG 540862.3333333334)
[1, 4, 10, 23, 57, 132, 301, 701, 1636, 3825, 8496, 19008]...: 15137611: ACCEPTED IN 28 TRIES, (AVG 540628.9642857143)
[1, 4, 10, 23, 57, 132, 301, 701, 1636, 3825, 8496, 19020]...: 15678059: ACCEPTED IN 29 TRIES, (AVG 540622.724137931)
[1, 4, 10, 23, 57, 132, 301, 701, 1636, 3825, 8496, 19087]...: 16760056: ACCEPTED IN 31 TRIES, (AVG 540646.9677419355)
[1, 4, 10, 23, 57, 132, 301, 701, 1636, 3825, 8496, 19103]...: 10266916: ACCEPTED IN 19 TRIES, (AVG 540364.0)
[1, 4, 10, 23, 57, 132, 301, 701, 1636, 3825, 8496, 19119]...: 11887962: ACCEPTED IN 22 TRIES, (AVG 540361.9090909091)
[1, 4, 10, 23, 57, 132, 301, 701, 1636, 3825, 8496, 19140]...: 17302181: ACCEPTED IN 32 TRIES, (AVG 540693.15625)
[1, 4, 10, 23, 57, 132, 301, 701, 1636, 3825, 8496, 19272]...: 18381988: ACCEPTED IN 34 TRIES, (AVG 540646.7058823529)
[1, 4, 10, 23, 57, 132, 301, 701, 1636, 3825, 8496, 19321]...: 10807967: ACCEPTED IN 20 TRIES, (AVG 540398.35)
[1, 4, 10, 23, 57, 132, 301, 701, 1636, 3825, 8496, 19404]...: 13514470: ACCEPTED IN 25 TRIES, (AVG 540578.8)
[1, 4, 10, 23, 57, 132, 301, 701, 1636, 3825, 8496, 19420]...: 8103038: ACCEPTED IN 15 TRIES, (AVG 540202.5333333333)
[1, 4, 10, 23, 57, 132, 301, 701, 1636, 3825, 8496, 19721]...: 9185202: ACCEPTED IN 17 TRIES, (AVG 540306.0)
[1, 4, 10, 23, 57, 132, 301, 701, 1636, 3825, 8496, 20022]...: 13513397: ACCEPTED IN 25 TRIES, (AVG 540535.88)
[1, 4, 10, 23, 57, 132, 301, 701, 1636, 3825, 8496, 20121]...: 7559506: ACCEPTED IN 14 TRIES, (AVG 539964.7142857143)
