[1, 4, 10, 23, 57, 132, 301, 701, 1636, 3825, 8795, 19377]...: 20008015: ACCEPTED IN 37 TRIES, (AVG 540757.1621621621)
[1, 4, 10, 23, 57, 132, 301, 701, 1636, 3825, 8795, 19382]...: 14595967: ACCEPTED IN 27 TRIES, (AVG 540591.3703703703)
[1, 4, 10, 23, 57, 132, 301, 701, 1636, 3825, 8795, 19414]...: 20007637: ACCEPTED IN 37 TRIES, (AVG 540746.9459459459)
[1, 4, 10, 23, 57, 132, 301, 701, 1636, 3825, 8795, 19452]...: 21089334: ACCEPTED IN 39 TRIES, (AVG 540752.1538461539)
[1, 4, 10, 23, 57, 132, 301, 701, 1636, 3825, 8795, 19468]...: 21088900: ACCEPTED IN 39 TRIES, (AVG 540741.0256410256)
[1, 4, 10, 23, 57, 132, 301, 701, 1636, 3825, 8795, 19472]...: 13513642: ACCEPTED IN 25 TRIES, (AVG 540545.68)
[1, 4, 10, 23, 57, 132, 301, 701, 1636, 3825, 8795, 19484]...: 11349527: ACCEPTED IN 21 TRIES, (AVG 540453.6666666666)
[1, 4, 10, 23, 57, 132, 301, 701, 1636, 3825, 8795, 19509]...: 7562087: ACCEPTED IN 14 TRIES, (AVG 540149.0714285715)
[1, 4, 10, 23, 57, 132, 301, 701, 1636, 3825, 8795, 19551]...: 16219387: ACCEPTED IN 30 TRIES, (AVG 540646.2333333333)
[1, 4, 10, 23, 57, 132, 301, 701, 1636, 3825, 8795, 19583]...: 11889117: ACCEPTED IN 22 TRIES, (AVG 540414.4090909091)
[1, 4, 10, 23, 57, 132, 301, 701, 1636, 3825, 8795, 19584]...: 24335102: ACCEPTED IN 45 TRIES, (AVG 540780.0444444445)
[1, 4, 10, 23, 57, 132, 301, 701, 1636, 3825, 8795, 19616]...: 12430058: ACCEPTED IN 23 TRIES, (AVG 540437.304347826)
[1, 4, 10, 23, 57, 132, 301, 701, 1636, 3825, 8795, 19641]...: 10267220: ACCEPTED IN 19 TRIES, (AVG 540380.0)
[1, 4, 10, 23, 57, 132, 301, 701, 1636, 3825, 8795, 19683]...: 4855759: ACCEPTED IN 9 TRIES, (AVG 539528.7777777778)
[1, 4, 10, 23, 57, 132, 301, 701, 1636, 3825, 8795, 19685]...: 6479621: ACCEPTED IN 12 TRIES, (AVG 539968.4166666666)
[1, 4, 10, 23, 57, 132, 301, 701, 1636, 3825, 8795, 19715]...: 6477913: ACCEPTED IN 12 TRIES, (AVG 539826.0833333334)
[1, 4, 10, 23, 57, 132, 301, 701, 1636, 3825, 8795, 19773]...: 11349606: ACCEPTED IN 21 TRIES, (AVG 540457.4285714285)
[1, 4, 10, 23, 57, 132, 301, 701, 1636, 3825, 8795, 19785]...: 4314440: ACCEPTED IN 8 TRIES, (AVG 539305.0)
[1, 4, 10, 23, 57, 132, 301, 701, 1636, 3825, 8795, 19817]...: 10808608: ACCEPTED IN 20 TRIES, (AVG 540430.4)
[1, 4, 10, 23, 57, 132, 301, 701, 1636, 3825, 8795, 19852]...: 5937374: ACCEPTED IN 11 TRIES, (AVG 539761.2727272727)
[1, 4, 10, 23, 57, 132, 301, 701, 1636, 3825, 8795, 19884]...: 5938229: ACCEPTED IN 11 TRIES, (AVG 539839.0)
[1, 4, 10, 23, 57, 132, 301, 701, 1636, 3825, 8795, 19905]...: 4314705: ACCEPTED IN 8 TRIES, (AVG 539338.125)
[1, 4, 10, 23, 57, 132, 301, 701, 1636, 3825, 8795, 19917]...: 10806654: ACCEPTED IN 20 TRIES, (AVG 540332.7)
[1, 4, 10, 23, 57, 132, 301, 701, 1636, 3825, 8795, 19919]...: 9725661: ACCEPTED IN 18 TRIES, (AVG 540314.5)
[1, 4, 10, 23, 57, 132, 301, 701, 1636, 3825, 8795, 19951]...: 20548080: ACCEPTED IN 38 TRIES, (AVG 540738.947368421)
[1, 4, 10, 23, 57, 132, 301, 701, 1636, 3825, 8795, 19984]...: 11888711: ACCEPTED IN 22 TRIES, (AVG 540395.9545454546)
[1, 4, 10, 23, 57, 132, 301, 701, 1636, 3825, 8795, 20016]...: 16759377: ACCEPTED IN 31 TRIES, (AVG 540625.0645161291)
[1, 4, 10, 23, 57, 132, 301, 701, 1636, 3825, 8795, 20037]...: 16760109: ACCEPTED IN 31 TRIES, (AVG 540648.6774193548)
[1, 4, 10, 23, 57, 132, 301, 701, 1636, 3825, 8795, 20051]...: 9724759: ACCEPTED IN 18 TRIES, (AVG 540264.3888888889)
[1, 4, 10, 23, 57, 132, 301, 701, 1636, 3825, 8795, 20083]...: 12431873: ACCEPTED IN 23 TRIES, (AVG 540516.2173913043)
[1, 4, 10, 23, 57, 132, 301, 701, 1636, 3825, 8795, 20086]...: 10808872: ACCEPTED IN 20 TRIES, (AVG 540443.6)
[1, 4, 10, 23, 57, 132, 301, 701, 1636, 3825, 8795, 20153]...: 10808671: ACCEPTED IN 20 TRIES, (AVG 540433.55)
[1, 4, 10, 23, 57, 132, 301, 701, 1636, 3825, 8795, 20169]...: 12431995: ACCEPTED IN 23 TRIES, (AVG 540521.5217391305)
[1, 4, 10, 23, 57, 132, 301, 701, 1636, 3825, 8795, 20184]...: 10266256: ACCEPTED IN 19 TRIES, (AVG 540329.2631578947)
[1, 4, 10, 23, 57, 132, 301, 701, 1636, 3825, 8795, 20185]...: 8103061: ACCEPTED IN 15 TRIES, (AVG 540204.0666666667)
[1, 4, 10, 23, 57, 132, 301, 701, 1636, 3825, 8795, 20218]...: 8102918: ACCEPTED IN 15 TRIES, (AVG 540194.5333333333)
[1, 4, 10, 23, 57, 132, 301, 701, 1636, 3825, 8795, 20252]...: 9184988: ACCEPTED IN 17 TRIES, (AVG 540293.4117647059)
[1, 4, 10, 23, 57, 132, 301, 701, 1636, 3825, 8795, 20285]...: 15136367: ACCEPTED IN 28 TRIES, (AVG 540584.5357142857)
[1, 4, 10, 23, 57, 132, 301, 701, 1636, 3825, 8795, 20316]...: 4314623: ACCEPTED IN 8 TRIES, (AVG 539327.875)
[1, 4, 10, 23, 57, 132, 301, 701, 1636, 3825, 8795, 20317]...: 12429476: ACCEPTED IN 23 TRIES, (AVG 540412.0)
[1, 4, 10, 23, 57, 132, 301, 701, 1636, 3825, 8795, 20384]...: 8644253: ACCEPTED IN 16 TRIES, (AVG 540265.8125)
[1, 4, 10, 23, 57, 132, 301, 701, 1636, 3825, 8795, 20387]...: 11890159: ACCEPTED IN 22 TRIES, (AVG 540461.7727272727)
[1, 4, 10, 23, 57, 132, 301, 701, 1636, 3825, 8795, 20486]...: 9183931: ACCEPTED IN 17 TRIES, (AVG 540231.2352941176)
[1, 4, 10, 23, 57, 132, 301, 701, 1636, 3825, 8795, 20518]...: 11349426: ACCEPTED IN 21 TRIES, (AVG 540448.8571428572)
[1, 4, 10, 23, 57, 132, 301, 701, 1636, 3825, 8795, 20519]...: 11349549: ACCEPTED IN 21 TRIES, (AVG 540454.7142857143)
[1, 4, 10, 23, 57, 132, 301, 701, 1636, 3825, 8795, 20553]...: 6478359: ACCEPTED IN 12 TRIES, (AVG 539863.25)
[1, 4, 10, 23, 57, 132, 301, 701, 1636, 3825, 8795, 20617]...: 8103013: ACCEPTED IN 15 TRIES, (AVG 540200.8666666667)
[1, 4, 10, 23, 57, 132, 301, 701, 1636, 3825, 8795, 20618]...: 10805409: ACCEPTED IN 20 TRIES, (AVG 540270.45)
[1, 4, 10, 23, 57, 132, 301, 701, 1636, 3825, 8795, 20620]...: 8643800: ACCEPTED IN 16 TRIES, (AVG 540237.5)
[1, 4, 10, 23, 57, 132, 301, 701, 1636, 3825, 8795, 20652]...: 6477951: ACCEPTED IN 12 TRIES, (AVG 539829.25)
[1, 4, 10, 23, 57, 132, 301, 701, 1636, 3825, 8795, 20685]...: 4856048: ACCEPTED IN 9 TRIES, (AVG 539560.8888888889)
[1, 4, 10, 23, 57, 132, 301, 701, 1636, 3825, 8795, 20752]...: 8102092: ACCEPTED IN 15 TRIES, (AVG 540139.4666666667)
[1, 4, 10, 23, 57, 132, 301, 701, 1636, 3825, 8795, 20784]...: 9185123: ACCEPTED IN 17 TRIES, (AVG 540301.3529411765)
[1, 4, 10, 23, 57, 132, 301, 701, 1636, 3825, 8795, 20787]...: 8642529: ACCEPTED IN 16 TRIES, (AVG 540158.0625)
[1, 4, 10, 23, 57, 132, 301, 701, 1636, 3825, 8795, 20819]...: 9725270: ACCEPTED IN 18 TRIES, (AVG 540292.7777777778)
[1, 4, 10, 23, 57, 132, 301, 701, 1636, 3825, 8795, 20854]...: 12973486: ACCEPTED IN 24 TRIES, (AVG 540561.9166666666)
[1, 4, 10, 23, 57, 132, 301, 701, 1636, 3825, 8795, 20886]...: 11349262: ACCEPTED IN 21 TRIES, (AVG 540441.0476190476)
[1, 4, 10, 23, 57, 132, 301, 701, 1636, 3825, 8795, 20918]...: 10266723: ACCEPTED IN 19 TRIES, (AVG 540353.8421052631)
[1, 4, 10, 23, 57, 132, 301, 701, 1636, 3825, 8795, 20919]...: 4314152: ACCEPTED IN 8 TRIES, (AVG 539269.0)
[1, 4, 10, 23, 57, 132, 301, 701, 1636, 3825, 8795, 20953]...: 7561574: ACCEPTED IN 14 TRIES, (AVG 540112.4285714285)
[1, 4, 10, 23, 57, 132, 301, 701, 1636, 3825, 8795, 20986]...: 7562049: ACCEPTED IN 14 TRIES, (AVG 540146.3571428572)
[1, 4, 10, 23, 57, 132, 301, 701, 1636, 3825, 8795, 21018]...: 12432324: ACCEPTED IN 23 TRIES, (AVG 540535.8260869565)
[1, 4, 10, 23, 57, 132, 301, 701, 1636, 3825, 8795, 21085]...: 9726241: ACCEPTED IN 18 TRIES, (AVG 540346.7222222222)
[1, 4, 10, 23, 57, 132, 301, 701, 1636, 3825, 8795, 21088]...: 7020383: ACCEPTED IN 13 TRIES, (AVG 540029.4615384615)
