[1, 4, 10, 23, 57, 132, 301, 701, 1636, 3924, 9135, 20116]...: 10805776: ACCEPTED IN 20 TRIES, (AVG 540288.8)
[1, 4, 10, 23, 57, 132, 301, 701, 1636, 3924, 9135, 20117]...: 10267503: ACCEPTED IN 19 TRIES, (AVG 540394.8947368421)
[1, 4, 10, 23, 57, 132, 301, 701, 1636, 3924, 9135, 20150]...: 31371805: ACCEPTED IN 58 TRIES, (AVG 540893.1896551724)
[1, 4, 10, 23, 57, 132, 301, 701, 1636, 3924, 9135, 20154]...: 16760505: ACCEPTED IN 31 TRIES, (AVG 540661.4516129033)
[1, 4, 10, 23, 57, 132, 301, 701, 1636, 3924, 9135, 20183]...: 9184658: ACCEPTED IN 17 TRIES, (AVG 540274.0)
[1, 4, 10, 23, 57, 132, 301, 701, 1636, 3924, 9135, 20184]...: 8642212: ACCEPTED IN 16 TRIES, (AVG 540138.25)
[1, 4, 10, 23, 57, 132, 301, 701, 1636, 3924, 9135, 20187]...: 10267519: ACCEPTED IN 19 TRIES, (AVG 540395.7368421053)
[1, 4, 10, 23, 57, 132, 301, 701, 1636, 3924, 9135, 20191]...: 9726149: ACCEPTED IN 18 TRIES, (AVG 540341.6111111111)
[1, 4, 10, 23, 57, 132, 301, 701, 1636, 3924, 9135, 20224]...: 12972887: ACCEPTED IN 24 TRIES, (AVG 540536.9583333334)
[1, 4, 10, 23, 57, 132, 301, 701, 1636, 3924, 9135, 20228]...: 7019327: ACCEPTED IN 13 TRIES, (AVG 539948.2307692308)
[1, 4, 10, 23, 57, 132, 301, 701, 1636, 3924, 9135, 20249]...: 10808234: ACCEPTED IN 20 TRIES, (AVG 540411.7)
[1, 4, 10, 23, 57, 132, 301, 701, 1636, 3924, 9135, 20282]...: 10806619: ACCEPTED IN 20 TRIES, (AVG 540330.95)
[1, 4, 10, 23, 57, 132, 301, 701, 1636, 3924, 9135, 20286]...: 9183041: ACCEPTED IN 17 TRIES, (AVG 540178.8823529412)
[1, 4, 10, 23, 57, 132, 301, 701, 1636, 3924, 9135, 20318]...: 6479155: ACCEPTED IN 12 TRIES, (AVG 539929.5833333334)
[1, 4, 10, 23, 57, 132, 301, 701, 1636, 3924, 9135, 20319]...: 13513863: ACCEPTED IN 25 TRIES, (AVG 540554.52)
[1, 4, 10, 23, 57, 132, 301, 701, 1636, 3924, 9135, 20323]...: 9184819: ACCEPTED IN 17 TRIES, (AVG 540283.4705882353)
[1, 4, 10, 23, 57, 132, 301, 701, 1636, 3924, 9135, 20356]...: 8102747: ACCEPTED IN 15 TRIES, (AVG 540183.1333333333)
[1, 4, 10, 23, 57, 132, 301, 701, 1636, 3924, 9135, 20360]...: 10807898: ACCEPTED IN 20 TRIES, (AVG 540394.9)
[1, 4, 10, 23, 57, 132, 301, 701, 1636, 3924, 9135, 20381]...: 10265902: ACCEPTED IN 19 TRIES, (AVG 540310.6315789474)
[1, 4, 10, 23, 57, 132, 301, 701, 1636, 3924, 9135, 20386]...: 11889078: ACCEPTED IN 22 TRIES, (AVG 540412.6363636364)
[1, 4, 10, 23, 57, 132, 301, 701, 1636, 3924, 9135, 20397]...: 10808329: ACCEPTED IN 20 TRIES, (AVG 540416.45)
[1, 4, 10, 23, 57, 132, 301, 701, 1636, 3924, 9135, 20417]...: 13514264: ACCEPTED IN 25 TRIES, (AVG 540570.56)
[1, 4, 10, 23, 57, 132, 301, 701, 1636, 3924, 9135, 20418]...: 10806714: ACCEPTED IN 20 TRIES, (AVG 540335.7)
[1, 4, 10, 23, 57, 132, 301, 701, 1636, 3924, 9135, 20451]...: 8643411: ACCEPTED IN 16 TRIES, (AVG 540213.1875)
[1, 4, 10, 23, 57, 132, 301, 701, 1636, 3924, 9135, 20455]...: 6476783: ACCEPTED IN 12 TRIES, (AVG 539731.9166666666)
[1, 4, 10, 23, 57, 132, 301, 701, 1636, 3924, 9135, 20485]...: 9184949: ACCEPTED IN 17 TRIES, (AVG 540291.1176470588)
[1, 4, 10, 23, 57, 132, 301, 701, 1636, 3924, 9135, 20488]...: 10807628: ACCEPTED IN 20 TRIES, (AVG 540381.4)
[1, 4, 10, 23, 57, 132, 301, 701, 1636, 3924, 9135, 20492]...: 8643184: ACCEPTED IN 16 TRIES, (AVG 540199.0)
[1, 4, 10, 23, 57, 132, 301, 701, 1636, 3924, 9135, 20529]...: 6476842: ACCEPTED IN 12 TRIES, (AVG 539736.8333333334)
[1, 4, 10, 23, 57, 132, 301, 701, 1636, 3924, 9135, 20550]...: 8643721: ACCEPTED IN 16 TRIES, (AVG 540232.5625)
[1, 4, 10, 23, 57, 132, 301, 701, 1636, 3924, 9135, 20583]...: 9183557: ACCEPTED IN 17 TRIES, (AVG 540209.2352941176)
[1, 4, 10, 23, 57, 132, 301, 701, 1636, 3924, 9135, 20584]...: 12969905: ACCEPTED IN 24 TRIES, (AVG 540412.7083333334)
[1, 4, 10, 23, 57, 132, 301, 701, 1636, 3924, 9135, 20587]...: 10265440: ACCEPTED IN 19 TRIES, (AVG 540286.3157894737)
[1, 4, 10, 23, 57, 132, 301, 701, 1636, 3924, 9135, 20619]...: 9726609: ACCEPTED IN 18 TRIES, (AVG 540367.1666666666)
[1, 4, 10, 23, 57, 132, 301, 701, 1636, 3924, 9135, 20620]...: 12972260: ACCEPTED IN 24 TRIES, (AVG 540510.8333333334)
[1, 4, 10, 23, 57, 132, 301, 701, 1636, 3924, 9135, 20624]...: 4314708: ACCEPTED IN 8 TRIES, (AVG 539338.5)
[1, 4, 10, 23, 57, 132, 301, 701, 1636, 3924, 9135, 20661]...: 8642785: ACCEPTED IN 16 TRIES, (AVG 540174.0625)
[1, 4, 10, 23, 57, 132, 301, 701, 1636, 3924, 9135, 20682]...: 12430596: ACCEPTED IN 23 TRIES, (AVG 540460.695652174)
[1, 4, 10, 23, 57, 132, 301, 701, 1636, 3924, 9135, 20718]...: 10266757: ACCEPTED IN 19 TRIES, (AVG 540355.6315789474)
[1, 4, 10, 23, 57, 132, 301, 701, 1636, 3924, 9135, 20719]...: 10264782: ACCEPTED IN 19 TRIES, (AVG 540251.6842105263)
[1, 4, 10, 23, 57, 132, 301, 701, 1636, 3924, 9135, 20752]...: 6479482: ACCEPTED IN 12 TRIES, (AVG 539956.8333333334)
[1, 4, 10, 23, 57, 132, 301, 701, 1636, 3924, 9135, 20756]...: 6478931: ACCEPTED IN 12 TRIES, (AVG 539910.9166666666)
[1, 4, 10, 23, 57, 132, 301, 701, 1636, 3924, 9135, 20786]...: 8641817: ACCEPTED IN 16 TRIES, (AVG 540113.5625)
[1, 4, 10, 23, 57, 132, 301, 701, 1636, 3924, 9135, 20793]...: 11350027: ACCEPTED IN 21 TRIES, (AVG 540477.4761904762)
[1, 4, 10, 23, 57, 132, 301, 701, 1636, 3924, 9135, 20817]...: 5938096: ACCEPTED IN 11 TRIES, (AVG 539826.9090909091)
[1, 4, 10, 23, 57, 132, 301, 701, 1636, 3924, 9135, 20818]...: 15679057: ACCEPTED IN 29 TRIES, (AVG 540657.1379310344)
[1, 4, 10, 23, 57, 132, 301, 701, 1636, 3924, 9135, 20851]...: 8642926: ACCEPTED IN 16 TRIES, (AVG 540182.875)
[1, 4, 10, 23, 57, 132, 301, 701, 1636, 3924, 9135, 20884]...: 7561261: ACCEPTED IN 14 TRIES, (AVG 540090.0714285715)
[1, 4, 10, 23, 57, 132, 301, 701, 1636, 3924, 9135, 20885]...: 10808250: ACCEPTED IN 20 TRIES, (AVG 540412.5)
[1, 4, 10, 23, 57, 132, 301, 701, 1636, 3924, 9135, 20888]...: 11890120: ACCEPTED IN 22 TRIES, (AVG 540460.0)
[1, 4, 10, 23, 57, 132, 301, 701, 1636, 3924, 9135, 20925]...: 12969379: ACCEPTED IN 24 TRIES, (AVG 540390.7916666666)
[1, 4, 10, 23, 57, 132, 301, 701, 1636, 3924, 9135, 20983]...: 5938154: ACCEPTED IN 11 TRIES, (AVG 539832.1818181818)
[1, 4, 10, 23, 57, 132, 301, 701, 1636, 3924, 9135, 21019]...: 12972540: ACCEPTED IN 24 TRIES, (AVG 540522.5)
[1, 4, 10, 23, 57, 132, 301, 701, 1636, 3924, 9135, 21020]...: 8643207: ACCEPTED IN 16 TRIES, (AVG 540200.4375)
[1, 4, 10, 23, 57, 132, 301, 701, 1636, 3924, 9135, 21051]...: 9185202: ACCEPTED IN 17 TRIES, (AVG 540306.0)
[1, 4, 10, 23, 57, 132, 301, 701, 1636, 3924, 9135, 21057]...: 14594942: ACCEPTED IN 27 TRIES, (AVG 540553.4074074074)
[1, 4, 10, 23, 57, 132, 301, 701, 1636, 3924, 9135, 21083]...: 7559767: ACCEPTED IN 14 TRIES, (AVG 539983.3571428572)
[1, 4, 10, 23, 57, 132, 301, 701, 1636, 3924, 9135, 21087]...: 10808322: ACCEPTED IN 20 TRIES, (AVG 540416.1)
[1, 4, 10, 23, 57, 132, 301, 701, 1636, 3924, 9135, 21118]...: 14054243: ACCEPTED IN 26 TRIES, (AVG 540547.8076923077)
[1, 4, 10, 23, 57, 132, 301, 701, 1636, 3924, 9135, 21119]...: 8644153: ACCEPTED IN 16 TRIES, (AVG 540259.5625)
[1, 4, 10, 23, 57, 132, 301, 701, 1636, 3924, 9135, 21152]...: 5937690: ACCEPTED IN 11 TRIES, (AVG 539790.0)
[1, 4, 10, 23, 57, 132, 301, 701, 1636, 3924, 9135, 21186]...: 12972800: ACCEPTED IN 24 TRIES, (AVG 540533.3333333334)
[1, 4, 10, 23, 57, 132, 301, 701, 1636, 3924, 9135, 21189]...: 6479502: ACCEPTED IN 12 TRIES, (AVG 539958.5)
[1, 4, 10, 23, 57, 132, 301, 701, 1636, 3924, 9135, 21284]...: 10808089: ACCEPTED IN 20 TRIES, (AVG 540404.45)
[1, 4, 10, 23, 57, 132, 301, 701, 1636, 3924, 9135, 21285]...: 11887816: ACCEPTED IN 22 TRIES, (AVG 540355.2727272727)
[1, 4, 10, 23, 57, 132, 301, 701, 1636, 3924, 9135, 21316]...: 9726118: ACCEPTED IN 18 TRIES, (AVG 540339.8888888889)
[1, 4, 10, 23, 57, 132, 301, 701, 1636, 3924, 9135, 21320]...: 10807857: ACCEPTED IN 20 TRIES, (AVG 540392.85)
[1, 4, 10, 23, 57, 132, 301, 701, 1636, 3924, 9135, 21321]...: 9182799: ACCEPTED IN 17 TRIES, (AVG 540164.6470588235)
[1, 4, 10, 23, 57, 132, 301, 701, 1636, 3924, 9135, 21352]...: 6478729: ACCEPTED IN 12 TRIES, (AVG 539894.0833333334)
[1, 4, 10, 23, 57, 132, 301, 701, 1636, 3924, 9135, 21384]...: 11890543: ACCEPTED IN 22 TRIES, (AVG 540479.2272727273)
[1, 4, 10, 23, 57, 132, 301, 701, 1636, 3924, 9135, 21420]...: 11348626: ACCEPTED IN 21 TRIES, (AVG 540410.7619047619)
[1, 4, 10, 23, 57, 132, 301, 701, 1636, 3924, 9135, 21453]...: 7561765: ACCEPTED IN 14 TRIES, (AVG 540126.0714285715)
[1, 4, 10, 23, 57, 132, 301, 701, 1636, 3924, 9135, 21487]...: 10807979: ACCEPTED IN 20 TRIES, (AVG 540398.95)
[1, 4, 10, 23, 57, 132, 301, 701, 1636, 3924, 9135, 21518]...: 7561937: ACCEPTED IN 14 TRIES, (AVG 540138.3571428572)
[1, 4, 10, 23, 57, 132, 301, 701, 1636, 3924, 9135, 21519]...: 8643861: ACCEPTED IN 16 TRIES, (AVG 540241.3125)
[1, 4, 10, 23, 57, 132, 301, 701, 1636, 3924, 9135, 21585]...: 8643977: ACCEPTED IN 16 TRIES, (AVG 540248.5625)
[1, 4, 10, 23, 57, 132, 301, 701, 1636, 3924, 9135, 21586]...: 12971243: ACCEPTED IN 24 TRIES, (AVG 540468.4583333334)
[1, 4, 10, 23, 57, 132, 301, 701, 1636, 3924, 9135, 21617]...: 7018604: ACCEPTED IN 13 TRIES, (AVG 539892.6153846154)
[1, 4, 10, 23, 57, 132, 301, 701, 1636, 3924, 9135, 21653]...: 8644216: ACCEPTED IN 16 TRIES, (AVG 540263.5)
[1, 4, 10, 23, 57, 132, 301, 701, 1636, 3924, 9135, 21685]...: 8644330: ACCEPTED IN 16 TRIES, (AVG 540270.625)
[1, 4, 10, 23, 57, 132, 301, 701, 1636, 3924, 9135, 21721]...: 8643953: ACCEPTED IN 16 TRIES, (AVG 540247.0625)
[1, 4, 10, 23, 57, 132, 301, 701, 1636, 3924, 9135, 21752]...: 7019843: ACCEPTED IN 13 TRIES, (AVG 539987.9230769231)
[1, 4, 10, 23, 57, 132, 301, 701, 1636, 3924, 9135, 21784]...: 8103200: ACCEPTED IN 15 TRIES, (AVG 540213.3333333334)
[1, 4, 10, 23, 57, 132, 301, 701, 1636, 3924, 9135, 21788]...: 7020590: ACCEPTED IN 13 TRIES, (AVG 540045.3846153846)
[1, 4, 10, 23, 57, 132, 301, 701, 1636, 3924, 9135, 21819]...: 5937200: ACCEPTED IN 11 TRIES, (AVG 539745.4545454546)
[1, 4, 10, 23, 57, 132, 301, 701, 1636, 3924, 9135, 21820]...: 9184229: ACCEPTED IN 17 TRIES, (AVG 540248.7647058824)
[1, 4, 10, 23, 57, 132, 301, 701, 1636, 3924, 9135, 21887]...: 9726542: ACCEPTED IN 18 TRIES, (AVG 540363.4444444445)
[1, 4, 10, 23, 57, 132, 301, 701, 1636, 3924, 9135, 21918]...: 12426966: ACCEPTED IN 23 TRIES, (AVG 540302.8695652174)
