[1, 4, 10, 23, 57, 132, 301, 701, 1636, 3924, 8970, 19754]...: 12973431: ACCEPTED IN 24 TRIES, (AVG 540559.625)
[1, 4, 10, 23, 57, 132, 301, 701, 1636, 3924, 8970, 19787]...: 11890805: ACCEPTED IN 22 TRIES, (AVG 540491.1363636364)
[1, 4, 10, 23, 57, 132, 301, 701, 1636, 3924, 8970, 19788]...: 10265972: ACCEPTED IN 19 TRIES, (AVG 540314.3157894737)
[1, 4, 10, 23, 57, 132, 301, 701, 1636, 3924, 8970, 19791]...: 15678377: ACCEPTED IN 29 TRIES, (AVG 540633.6896551724)
[1, 4, 10, 23, 57, 132, 301, 701, 1636, 3924, 8970, 19820]...: 14593377: ACCEPTED IN 27 TRIES, (AVG 540495.4444444445)
[1, 4, 10, 23, 57, 132, 301, 701, 1636, 3924, 8970, 19821]...: 11889458: ACCEPTED IN 22 TRIES, (AVG 540429.9090909091)
[1, 4, 10, 23, 57, 132, 301, 701, 1636, 3924, 8970, 19824]...: 7020363: ACCEPTED IN 13 TRIES, (AVG 540027.9230769231)
[1, 4, 10, 23, 57, 132, 301, 701, 1636, 3924, 8970, 19828]...: 11889971: ACCEPTED IN 22 TRIES, (AVG 540453.2272727273)
[1, 4, 10, 23, 57, 132, 301, 701, 1636, 3924, 8970, 19853]...: 15137996: ACCEPTED IN 28 TRIES, (AVG 540642.7142857143)
[1, 4, 10, 23, 57, 132, 301, 701, 1636, 3924, 8970, 19854]...: 12431604: ACCEPTED IN 23 TRIES, (AVG 540504.5217391305)
[1, 4, 10, 23, 57, 132, 301, 701, 1636, 3924, 8970, 19861]...: 17843049: ACCEPTED IN 33 TRIES, (AVG 540698.4545454546)
[1, 4, 10, 23, 57, 132, 301, 701, 1636, 3924, 8970, 19865]...: 10806996: ACCEPTED IN 20 TRIES, (AVG 540349.8)
[1, 4, 10, 23, 57, 132, 301, 701, 1636, 3924, 8970, 19891]...: 10808228: ACCEPTED IN 20 TRIES, (AVG 540411.4)
[1, 4, 10, 23, 57, 132, 301, 701, 1636, 3924, 8970, 19919]...: 15137117: ACCEPTED IN 28 TRIES, (AVG 540611.3214285715)
[1, 4, 10, 23, 57, 132, 301, 701, 1636, 3924, 8970, 19920]...: 20006722: ACCEPTED IN 37 TRIES, (AVG 540722.2162162162)
[1, 4, 10, 23, 57, 132, 301, 701, 1636, 3924, 8970, 19923]...: 17302574: ACCEPTED IN 32 TRIES, (AVG 540705.4375)
[1, 4, 10, 23, 57, 132, 301, 701, 1636, 3924, 8970, 19952]...: 7020426: ACCEPTED IN 13 TRIES, (AVG 540032.7692307692)
[1, 4, 10, 23, 57, 132, 301, 701, 1636, 3924, 8970, 19956]...: 10808168: ACCEPTED IN 20 TRIES, (AVG 540408.4)
[1, 4, 10, 23, 57, 132, 301, 701, 1636, 3924, 8970, 19960]...: 26500080: ACCEPTED IN 49 TRIES, (AVG 540817.9591836735)
[1, 4, 10, 23, 57, 132, 301, 701, 1636, 3924, 8970, 19990]...: 17301966: ACCEPTED IN 32 TRIES, (AVG 540686.4375)
[1, 4, 10, 23, 57, 132, 301, 701, 1636, 3924, 8970, 19993]...: 10265805: ACCEPTED IN 19 TRIES, (AVG 540305.5263157894)
[1, 4, 10, 23, 57, 132, 301, 701, 1636, 3924, 8970, 19997]...: 11891154: ACCEPTED IN 22 TRIES, (AVG 540507.0)
[1, 4, 10, 23, 57, 132, 301, 701, 1636, 3924, 8970, 20021]...: 14595571: ACCEPTED IN 27 TRIES, (AVG 540576.7037037037)
[1, 4, 10, 23, 57, 132, 301, 701, 1636, 3924, 8970, 20022]...: 26501105: ACCEPTED IN 49 TRIES, (AVG 540838.8775510204)
[1, 4, 10, 23, 57, 132, 301, 701, 1636, 3924, 8970, 20023]...: 12973158: ACCEPTED IN 24 TRIES, (AVG 540548.25)
[1, 4, 10, 23, 57, 132, 301, 701, 1636, 3924, 8970, 20051]...: 15137877: ACCEPTED IN 28 TRIES, (AVG 540638.4642857143)
[1, 4, 10, 23, 57, 132, 301, 701, 1636, 3924, 8970, 20055]...: 15135664: ACCEPTED IN 28 TRIES, (AVG 540559.4285714285)
[1, 4, 10, 23, 57, 132, 301, 701, 1636, 3924, 8970, 20088]...: 10265410: ACCEPTED IN 19 TRIES, (AVG 540284.7368421053)
[1, 4, 10, 23, 57, 132, 301, 701, 1636, 3924, 8970, 20089]...: 14052717: ACCEPTED IN 26 TRIES, (AVG 540489.1153846154)
[1, 4, 10, 23, 57, 132, 301, 701, 1636, 3924, 8970, 20092]...: 9183538: ACCEPTED IN 17 TRIES, (AVG 540208.1176470588)
[1, 4, 10, 23, 57, 132, 301, 701, 1636, 3924, 8970, 20121]...: 6479448: ACCEPTED IN 12 TRIES, (AVG 539954.0)
[1, 4, 10, 23, 57, 132, 301, 701, 1636, 3924, 8970, 20122]...: 10808687: ACCEPTED IN 20 TRIES, (AVG 540434.35)
[1, 4, 10, 23, 57, 132, 301, 701, 1636, 3924, 8970, 20124]...: 10266838: ACCEPTED IN 19 TRIES, (AVG 540359.8947368421)
[1, 4, 10, 23, 57, 132, 301, 701, 1636, 3924, 8970, 20125]...: 11890506: ACCEPTED IN 22 TRIES, (AVG 540477.5454545454)
[1, 4, 10, 23, 57, 132, 301, 701, 1636, 3924, 8970, 20129]...: 10807533: ACCEPTED IN 20 TRIES, (AVG 540376.65)
[1, 4, 10, 23, 57, 132, 301, 701, 1636, 3924, 8970, 20153]...: 6478896: ACCEPTED IN 12 TRIES, (AVG 539908.0)
[1, 4, 10, 23, 57, 132, 301, 701, 1636, 3924, 8970, 20154]...: 10807932: ACCEPTED IN 20 TRIES, (AVG 540396.6)
[1, 4, 10, 23, 57, 132, 301, 701, 1636, 3924, 8970, 20155]...: 12973104: ACCEPTED IN 24 TRIES, (AVG 540546.0)
[1, 4, 10, 23, 57, 132, 301, 701, 1636, 3924, 8970, 20166]...: 11347534: ACCEPTED IN 21 TRIES, (AVG 540358.7619047619)
[1, 4, 10, 23, 57, 132, 301, 701, 1636, 3924, 8970, 20220]...: 11890942: ACCEPTED IN 22 TRIES, (AVG 540497.3636363636)
[1, 4, 10, 23, 57, 132, 301, 701, 1636, 3924, 8970, 20221]...: 10807311: ACCEPTED IN 20 TRIES, (AVG 540365.55)
[1, 4, 10, 23, 57, 132, 301, 701, 1636, 3924, 8970, 20224]...: 12429650: ACCEPTED IN 23 TRIES, (AVG 540419.5652173914)
[1, 4, 10, 23, 57, 132, 301, 701, 1636, 3924, 8970, 20253]...: 11348462: ACCEPTED IN 21 TRIES, (AVG 540402.9523809524)
[1, 4, 10, 23, 57, 132, 301, 701, 1636, 3924, 8970, 20254]...: 8643131: ACCEPTED IN 16 TRIES, (AVG 540195.6875)
[1, 4, 10, 23, 57, 132, 301, 701, 1636, 3924, 8970, 20256]...: 5397296: ACCEPTED IN 10 TRIES, (AVG 539729.6)
[1, 4, 10, 23, 57, 132, 301, 701, 1636, 3924, 8970, 20257]...: 10808454: ACCEPTED IN 20 TRIES, (AVG 540422.7)
[1, 4, 10, 23, 57, 132, 301, 701, 1636, 3924, 8970, 20261]...: 17843710: ACCEPTED IN 33 TRIES, (AVG 540718.4848484849)
[1, 4, 10, 23, 57, 132, 301, 701, 1636, 3924, 8970, 20285]...: 12432067: ACCEPTED IN 23 TRIES, (AVG 540524.6521739131)
[1, 4, 10, 23, 57, 132, 301, 701, 1636, 3924, 8970, 20291]...: 8642788: ACCEPTED IN 16 TRIES, (AVG 540174.25)
[1, 4, 10, 23, 57, 132, 301, 701, 1636, 3924, 8970, 20298]...: 9184593: ACCEPTED IN 17 TRIES, (AVG 540270.1764705882)
[1, 4, 10, 23, 57, 132, 301, 701, 1636, 3924, 8970, 20322]...: 6479089: ACCEPTED IN 12 TRIES, (AVG 539924.0833333334)
[1, 4, 10, 23, 57, 132, 301, 701, 1636, 3924, 8970, 20323]...: 26501295: ACCEPTED IN 49 TRIES, (AVG 540842.7551020408)
[1, 4, 10, 23, 57, 132, 301, 701, 1636, 3924, 8970, 20352]...: 12432175: ACCEPTED IN 23 TRIES, (AVG 540529.3478260869)
[1, 4, 10, 23, 57, 132, 301, 701, 1636, 3924, 8970, 20356]...: 11889481: ACCEPTED IN 22 TRIES, (AVG 540430.9545454546)
[1, 4, 10, 23, 57, 132, 301, 701, 1636, 3924, 8970, 20358]...: 9725440: ACCEPTED IN 18 TRIES, (AVG 540302.2222222222)
[1, 4, 10, 23, 57, 132, 301, 701, 1636, 3924, 8970, 20388]...: 10265995: ACCEPTED IN 19 TRIES, (AVG 540315.5263157894)
[1, 4, 10, 23, 57, 132, 301, 701, 1636, 3924, 8970, 20389]...: 5938639: ACCEPTED IN 11 TRIES, (AVG 539876.2727272727)
[1, 4, 10, 23, 57, 132, 301, 701, 1636, 3924, 8970, 20390]...: 10806913: ACCEPTED IN 20 TRIES, (AVG 540345.65)
[1, 4, 10, 23, 57, 132, 301, 701, 1636, 3924, 8970, 20393]...: 7020604: ACCEPTED IN 13 TRIES, (AVG 540046.4615384615)
[1, 4, 10, 23, 57, 132, 301, 701, 1636, 3924, 8970, 20422]...: 10266350: ACCEPTED IN 19 TRIES, (AVG 540334.2105263158)
[1, 4, 10, 23, 57, 132, 301, 701, 1636, 3924, 8970, 20423]...: 8644001: ACCEPTED IN 16 TRIES, (AVG 540250.0625)
[1, 4, 10, 23, 57, 132, 301, 701, 1636, 3924, 8970, 20430]...: 8641741: ACCEPTED IN 16 TRIES, (AVG 540108.8125)
[1, 4, 10, 23, 57, 132, 301, 701, 1636, 3924, 8970, 20454]...: 7560857: ACCEPTED IN 14 TRIES, (AVG 540061.2142857143)
[1, 4, 10, 23, 57, 132, 301, 701, 1636, 3924, 8970, 20455]...: 11349583: ACCEPTED IN 21 TRIES, (AVG 540456.3333333334)
[1, 4, 10, 23, 57, 132, 301, 701, 1636, 3924, 8970, 20488]...: 10806367: ACCEPTED IN 20 TRIES, (AVG 540318.35)
[1, 4, 10, 23, 57, 132, 301, 701, 1636, 3924, 8970, 20489]...: 7560407: ACCEPTED IN 14 TRIES, (AVG 540029.0714285715)
[1, 4, 10, 23, 57, 132, 301, 701, 1636, 3924, 8970, 20490]...: 10808823: ACCEPTED IN 20 TRIES, (AVG 540441.15)
[1, 4, 10, 23, 57, 132, 301, 701, 1636, 3924, 8970, 20521]...: 10808383: ACCEPTED IN 20 TRIES, (AVG 540419.15)
[1, 4, 10, 23, 57, 132, 301, 701, 1636, 3924, 8970, 20522]...: 10808695: ACCEPTED IN 20 TRIES, (AVG 540434.75)
[1, 4, 10, 23, 57, 132, 301, 701, 1636, 3924, 8970, 20525]...: 9183994: ACCEPTED IN 17 TRIES, (AVG 540234.9411764706)
[1, 4, 10, 23, 57, 132, 301, 701, 1636, 3924, 8970, 20554]...: 15136187: ACCEPTED IN 28 TRIES, (AVG 540578.1071428572)
[1, 4, 10, 23, 57, 132, 301, 701, 1636, 3924, 8970, 20555]...: 10806741: ACCEPTED IN 20 TRIES, (AVG 540337.05)
[1, 4, 10, 23, 57, 132, 301, 701, 1636, 3924, 8970, 20562]...: 5937976: ACCEPTED IN 11 TRIES, (AVG 539816.0)
[1, 4, 10, 23, 57, 132, 301, 701, 1636, 3924, 8970, 20586]...: 12432009: ACCEPTED IN 23 TRIES, (AVG 540522.1304347826)
[1, 4, 10, 23, 57, 132, 301, 701, 1636, 3924, 8970, 20592]...: 7019107: ACCEPTED IN 13 TRIES, (AVG 539931.3076923077)
[1, 4, 10, 23, 57, 132, 301, 701, 1636, 3924, 8970, 20621]...: 12430574: ACCEPTED IN 23 TRIES, (AVG 540459.7391304348)
[1, 4, 10, 23, 57, 132, 301, 701, 1636, 3924, 8970, 20622]...: 7020895: ACCEPTED IN 13 TRIES, (AVG 540068.8461538461)
[1, 4, 10, 23, 57, 132, 301, 701, 1636, 3924, 8970, 20623]...: 11348945: ACCEPTED IN 21 TRIES, (AVG 540425.9523809524)
[1, 4, 10, 23, 57, 132, 301, 701, 1636, 3924, 8970, 20624]...: 6478505: ACCEPTED IN 12 TRIES, (AVG 539875.4166666666)
[1, 4, 10, 23, 57, 132, 301, 701, 1636, 3924, 8970, 20653]...: 10808119: ACCEPTED IN 20 TRIES, (AVG 540405.95)
[1, 4, 10, 23, 57, 132, 301, 701, 1636, 3924, 8970, 20657]...: 6478387: ACCEPTED IN 12 TRIES, (AVG 539865.5833333334)
[1, 4, 10, 23, 57, 132, 301, 701, 1636, 3924, 8970, 20691]...: 9185310: ACCEPTED IN 17 TRIES, (AVG 540312.3529411765)
[1, 4, 10, 23, 57, 132, 301, 701, 1636, 3924, 8970, 20694]...: 7561444: ACCEPTED IN 14 TRIES, (AVG 540103.1428571428)
[1, 4, 10, 23, 57, 132, 301, 701, 1636, 3924, 8970, 20722]...: 11347057: ACCEPTED IN 21 TRIES, (AVG 540336.0476190476)
[1, 4, 10, 23, 57, 132, 301, 701, 1636, 3924, 8970, 20723]...: 7020334: ACCEPTED IN 13 TRIES, (AVG 540025.6923076923)
[1, 4, 10, 23, 57, 132, 301, 701, 1636, 3924, 8970, 20724]...: 8644032: ACCEPTED IN 16 TRIES, (AVG 540252.0)
[1, 4, 10, 23, 57, 132, 301, 701, 1636, 3924, 8970, 20753]...: 7020844: ACCEPTED IN 13 TRIES, (AVG 540064.9230769231)
[1, 4, 10, 23, 57, 132, 301, 701, 1636, 3924, 8970, 20755]...: 14594962: ACCEPTED IN 27 TRIES, (AVG 540554.1481481482)
[1, 4, 10, 23, 57, 132, 301, 701, 1636, 3924, 8970, 20756]...: 8644391: ACCEPTED IN 16 TRIES, (AVG 540274.4375)
[1, 4, 10, 23, 57, 132, 301, 701, 1636, 3924, 8970, 20789]...: 10267538: ACCEPTED IN 19 TRIES, (AVG 540396.7368421053)
[1, 4, 10, 23, 57, 132, 301, 701, 1636, 3924, 8970, 20790]...: 12430563: ACCEPTED IN 23 TRIES, (AVG 540459.2608695652)
[1, 4, 10, 23, 57, 132, 301, 701, 1636, 3924, 8970, 20822]...: 9183816: ACCEPTED IN 17 TRIES, (AVG 540224.4705882353)
[1, 4, 10, 23, 57, 132, 301, 701, 1636, 3924, 8970, 20823]...: 8101552: ACCEPTED IN 15 TRIES, (AVG 540103.4666666667)
[1, 4, 10, 23, 57, 132, 301, 701, 1636, 3924, 8970, 20825]...: 8103072: ACCEPTED IN 15 TRIES, (AVG 540204.8)
[1, 4, 10, 23, 57, 132, 301, 701, 1636, 3924, 8970, 20826]...: 10807193: ACCEPTED IN 20 TRIES, (AVG 540359.65)
[1, 4, 10, 23, 57, 132, 301, 701, 1636, 3924, 8970, 20854]...: 8644247: ACCEPTED IN 16 TRIES, (AVG 540265.4375)
[1, 4, 10, 23, 57, 132, 301, 701, 1636, 3924, 8970, 20855]...: 10267185: ACCEPTED IN 19 TRIES, (AVG 540378.1578947369)
[1, 4, 10, 23, 57, 132, 301, 701, 1636, 3924, 8970, 20856]...: 10808549: ACCEPTED IN 20 TRIES, (AVG 540427.45)
[1, 4, 10, 23, 57, 132, 301, 701, 1636, 3924, 8970, 20887]...: 10807318: ACCEPTED IN 20 TRIES, (AVG 540365.9)
[1, 4, 10, 23, 57, 132, 301, 701, 1636, 3924, 8970, 20922]...: 9185433: ACCEPTED IN 17 TRIES, (AVG 540319.5882352941)
[1, 4, 10, 23, 57, 132, 301, 701, 1636, 3924, 8970, 20925]...: 6478688: ACCEPTED IN 12 TRIES, (AVG 539890.6666666666)
[1, 4, 10, 23, 57, 132, 301, 701, 1636, 3924, 8970, 20954]...: 8642246: ACCEPTED IN 16 TRIES, (AVG 540140.375)
[1, 4, 10, 23, 57, 132, 301, 701, 1636, 3924, 8970, 20955]...: 10265726: ACCEPTED IN 19 TRIES, (AVG 540301.3684210526)
[1, 4, 10, 23, 57, 132, 301, 701, 1636, 3924, 8970, 20957]...: 5937922: ACCEPTED IN 11 TRIES, (AVG 539811.0909090909)
[1, 4, 10, 23, 57, 132, 301, 701, 1636, 3924, 8970, 20958]...: 10803704: ACCEPTED IN 20 TRIES, (AVG 540185.2)
[1, 4, 10, 23, 57, 132, 301, 701, 1636, 3924, 8970, 20986]...: 11888163: ACCEPTED IN 22 TRIES, (AVG 540371.0454545454)
[1, 4, 10, 23, 57, 132, 301, 701, 1636, 3924, 8970, 20992]...: 3773027: ACCEPTED IN 7 TRIES, (AVG 539003.8571428572)
[1, 4, 10, 23, 57, 132, 301, 701, 1636, 3924, 8970, 21023]...: 7018691: ACCEPTED IN 13 TRIES, (AVG 539899.3076923077)
[1, 4, 10, 23, 57, 132, 301, 701, 1636, 3924, 8970, 21024]...: 10267447: ACCEPTED IN 19 TRIES, (AVG 540391.947368421)
[1, 4, 10, 23, 57, 132, 301, 701, 1636, 3924, 8970, 21054]...: 7020142: ACCEPTED IN 13 TRIES, (AVG 540010.9230769231)
[1, 4, 10, 23, 57, 132, 301, 701, 1636, 3924, 8970, 21056]...: 8644091: ACCEPTED IN 16 TRIES, (AVG 540255.6875)
[1, 4, 10, 23, 57, 132, 301, 701, 1636, 3924, 8970, 21057]...: 3773859: ACCEPTED IN 7 TRIES, (AVG 539122.7142857143)
[1, 4, 10, 23, 57, 132, 301, 701, 1636, 3924, 8970, 21059]...: 5935747: ACCEPTED IN 11 TRIES, (AVG 539613.3636363636)
[1, 4, 10, 23, 57, 132, 301, 701, 1636, 3924, 8970, 21089]...: 6479767: ACCEPTED IN 12 TRIES, (AVG 539980.5833333334)
[1, 4, 10, 23, 57, 132, 301, 701, 1636, 3924, 8970, 21090]...: 10808909: ACCEPTED IN 20 TRIES, (AVG 540445.45)
[1, 4, 10, 23, 57, 132, 301, 701, 1636, 3924, 8970, 21091]...: 9724315: ACCEPTED IN 18 TRIES, (AVG 540239.7222222222)
[1, 4, 10, 23, 57, 132, 301, 701, 1636, 3924, 8970, 21123]...: 11348676: ACCEPTED IN 21 TRIES, (AVG 540413.1428571428)
[1, 4, 10, 23, 57, 132, 301, 701, 1636, 3924, 8970, 21124]...: 10265441: ACCEPTED IN 19 TRIES, (AVG 540286.3684210526)
[1, 4, 10, 23, 57, 132, 301, 701, 1636, 3924, 8970, 21155]...: 9184341: ACCEPTED IN 17 TRIES, (AVG 540255.3529411765)
[1, 4, 10, 23, 57, 132, 301, 701, 1636, 3924, 8970, 21156]...: 7020891: ACCEPTED IN 13 TRIES, (AVG 540068.5384615385)
[1, 4, 10, 23, 57, 132, 301, 701, 1636, 3924, 8970, 21188]...: 9185306: ACCEPTED IN 17 TRIES, (AVG 540312.1176470588)
[1, 4, 10, 23, 57, 132, 301, 701, 1636, 3924, 8970, 21189]...: 10807765: ACCEPTED IN 20 TRIES, (AVG 540388.25)
[1, 4, 10, 23, 57, 132, 301, 701, 1636, 3924, 8970, 21190]...: 10267755: ACCEPTED IN 19 TRIES, (AVG 540408.1578947369)
[1, 4, 10, 23, 57, 132, 301, 701, 1636, 3924, 8970, 21191]...: 7562005: ACCEPTED IN 14 TRIES, (AVG 540143.2142857143)
[1, 4, 10, 23, 57, 132, 301, 701, 1636, 3924, 8970, 21223]...: 10807328: ACCEPTED IN 20 TRIES, (AVG 540366.4)
[1, 4, 10, 23, 57, 132, 301, 701, 1636, 3924, 8970, 21226]...: 11890016: ACCEPTED IN 22 TRIES, (AVG 540455.2727272727)
[1, 4, 10, 23, 57, 132, 301, 701, 1636, 3924, 8970, 21255]...: 10805739: ACCEPTED IN 20 TRIES, (AVG 540286.95)
[1, 4, 10, 23, 57, 132, 301, 701, 1636, 3924, 8970, 21256]...: 17300000: ACCEPTED IN 32 TRIES, (AVG 540625.0)
[1, 4, 10, 23, 57, 132, 301, 701, 1636, 3924, 8970, 21287]...: 10808431: ACCEPTED IN 20 TRIES, (AVG 540421.55)
[1, 4, 10, 23, 57, 132, 301, 701, 1636, 3924, 8970, 21293]...: 11347767: ACCEPTED IN 21 TRIES, (AVG 540369.8571428572)
[1, 4, 10, 23, 57, 132, 301, 701, 1636, 3924, 8970, 21322]...: 7020775: ACCEPTED IN 13 TRIES, (AVG 540059.6153846154)
[1, 4, 10, 23, 57, 132, 301, 701, 1636, 3924, 8970, 21323]...: 6479433: ACCEPTED IN 12 TRIES, (AVG 539952.75)
[1, 4, 10, 23, 57, 132, 301, 701, 1636, 3924, 8970, 21324]...: 8644062: ACCEPTED IN 16 TRIES, (AVG 540253.875)
[1, 4, 10, 23, 57, 132, 301, 701, 1636, 3924, 8970, 21325]...: 7018964: ACCEPTED IN 13 TRIES, (AVG 539920.3076923077)
[1, 4, 10, 23, 57, 132, 301, 701, 1636, 3924, 8970, 21355]...: 3773903: ACCEPTED IN 7 TRIES, (AVG 539129.0)
[1, 4, 10, 23, 57, 132, 301, 701, 1636, 3924, 8970, 21357]...: 8641641: ACCEPTED IN 16 TRIES, (AVG 540102.5625)
[1, 4, 10, 23, 57, 132, 301, 701, 1636, 3924, 8970, 21358]...: 11889771: ACCEPTED IN 22 TRIES, (AVG 540444.1363636364)
[1, 4, 10, 23, 57, 132, 301, 701, 1636, 3924, 8970, 21392]...: 12429140: ACCEPTED IN 23 TRIES, (AVG 540397.3913043478)
[1, 4, 10, 23, 57, 132, 301, 701, 1636, 3924, 8970, 21423]...: 11348010: ACCEPTED IN 21 TRIES, (AVG 540381.4285714285)
[1, 4, 10, 23, 57, 132, 301, 701, 1636, 3924, 8970, 21424]...: 9184143: ACCEPTED IN 17 TRIES, (AVG 540243.7058823529)
[1, 4, 10, 23, 57, 132, 301, 701, 1636, 3924, 8970, 21425]...: 6479488: ACCEPTED IN 12 TRIES, (AVG 539957.3333333334)
[1, 4, 10, 23, 57, 132, 301, 701, 1636, 3924, 8970, 21454]...: 11889865: ACCEPTED IN 22 TRIES, (AVG 540448.4090909091)
[1, 4, 10, 23, 57, 132, 301, 701, 1636, 3924, 8970, 21456]...: 7019676: ACCEPTED IN 13 TRIES, (AVG 539975.0769230769)
[1, 4, 10, 23, 57, 132, 301, 701, 1636, 3924, 8970, 21457]...: 10265994: ACCEPTED IN 19 TRIES, (AVG 540315.4736842106)
[1, 4, 10, 23, 57, 132, 301, 701, 1636, 3924, 8970, 21489]...: 7018445: ACCEPTED IN 13 TRIES, (AVG 539880.3846153846)
[1, 4, 10, 23, 57, 132, 301, 701, 1636, 3924, 8970, 21490]...: 7018814: ACCEPTED IN 13 TRIES, (AVG 539908.7692307692)
[1, 4, 10, 23, 57, 132, 301, 701, 1636, 3924, 8970, 21491]...: 9183939: ACCEPTED IN 17 TRIES, (AVG 540231.7058823529)
[1, 4, 10, 23, 57, 132, 301, 701, 1636, 3924, 8970, 21524]...: 5937111: ACCEPTED IN 11 TRIES, (AVG 539737.3636363636)
[1, 4, 10, 23, 57, 132, 301, 701, 1636, 3924, 8970, 21527]...: 5938019: ACCEPTED IN 11 TRIES, (AVG 539819.9090909091)
