[1, 4, 10, 23, 57, 132, 301, 701, 1654, 3777, 8849, 19503]...: 40570225: ACCEPTED IN 75 TRIES, (AVG 540936.3333333334)
[1, 4, 10, 23, 57, 132, 301, 701, 1654, 3777, 8849, 19516]...: 31912916: ACCEPTED IN 59 TRIES, (AVG 540896.8813559322)
[1, 4, 10, 23, 57, 132, 301, 701, 1654, 3777, 8849, 19553]...: 21090295: ACCEPTED IN 39 TRIES, (AVG 540776.7948717949)
[1, 4, 10, 23, 57, 132, 301, 701, 1654, 3777, 8849, 19557]...: 39488731: ACCEPTED IN 73 TRIES, (AVG 540941.5205479452)
[1, 4, 10, 23, 57, 132, 301, 701, 1654, 3777, 8849, 19561]...: 42193606: ACCEPTED IN 78 TRIES, (AVG 540943.6666666666)
[1, 4, 10, 23, 57, 132, 301, 701, 1654, 3777, 8849, 19594]...: 24335744: ACCEPTED IN 45 TRIES, (AVG 540794.3111111111)
[1, 4, 10, 23, 57, 132, 301, 701, 1654, 3777, 8849, 19598]...: 22169152: ACCEPTED IN 41 TRIES, (AVG 540711.0243902439)
[1, 4, 10, 23, 57, 132, 301, 701, 1654, 3777, 8849, 19635]...: 20549368: ACCEPTED IN 38 TRIES, (AVG 540772.8421052631)
[1, 4, 10, 23, 57, 132, 301, 701, 1654, 3777, 8849, 19648]...: 35159412: ACCEPTED IN 65 TRIES, (AVG 540914.0307692308)
[1, 4, 10, 23, 57, 132, 301, 701, 1654, 3777, 8849, 19685]...: 29206651: ACCEPTED IN 54 TRIES, (AVG 540863.9074074074)
[1, 4, 10, 23, 57, 132, 301, 701, 1654, 3777, 8849, 19689]...: 35701159: ACCEPTED IN 66 TRIES, (AVG 540926.6515151515)
[1, 4, 10, 23, 57, 132, 301, 701, 1654, 3777, 8849, 19722]...: 18925498: ACCEPTED IN 35 TRIES, (AVG 540728.5142857142)
[1, 4, 10, 23, 57, 132, 301, 701, 1654, 3777, 8849, 19726]...: 35698978: ACCEPTED IN 66 TRIES, (AVG 540893.6060606061)
[1, 4, 10, 23, 57, 132, 301, 701, 1654, 3777, 8849, 19730]...: 27041173: ACCEPTED IN 50 TRIES, (AVG 540823.46)
[1, 4, 10, 23, 57, 132, 301, 701, 1654, 3777, 8849, 19767]...: 37865328: ACCEPTED IN 70 TRIES, (AVG 540933.2571428572)
[1, 4, 10, 23, 57, 132, 301, 701, 1654, 3777, 8849, 19780]...: 22172307: ACCEPTED IN 41 TRIES, (AVG 540787.9756097561)
[1, 4, 10, 23, 57, 132, 301, 701, 1654, 3777, 8849, 19817]...: 25418276: ACCEPTED IN 47 TRIES, (AVG 540814.3829787234)
[1, 4, 10, 23, 57, 132, 301, 701, 1654, 3777, 8849, 19854]...: 34077392: ACCEPTED IN 63 TRIES, (AVG 540910.9841269841)
[1, 4, 10, 23, 57, 132, 301, 701, 1654, 3777, 8849, 19858]...: 18383136: ACCEPTED IN 34 TRIES, (AVG 540680.4705882353)
[1, 4, 10, 23, 57, 132, 301, 701, 1654, 3777, 8849, 19862]...: 40569859: ACCEPTED IN 75 TRIES, (AVG 540931.4533333334)
[1, 4, 10, 23, 57, 132, 301, 701, 1654, 3777, 8849, 19899]...: 22712221: ACCEPTED IN 42 TRIES, (AVG 540767.1666666666)
[1, 4, 10, 23, 57, 132, 301, 701, 1654, 3777, 8849, 19912]...: 19463375: ACCEPTED IN 36 TRIES, (AVG 540649.3055555555)
[1, 4, 10, 23, 57, 132, 301, 701, 1654, 3777, 8849, 19949]...: 12972505: ACCEPTED IN 24 TRIES, (AVG 540521.0416666666)
[1, 4, 10, 23, 57, 132, 301, 701, 1654, 3777, 8849, 19953]...: 22712103: ACCEPTED IN 42 TRIES, (AVG 540764.3571428572)
[1, 4, 10, 23, 57, 132, 301, 701, 1654, 3777, 8849, 19986]...: 27042634: ACCEPTED IN 50 TRIES, (AVG 540852.68)
[1, 4, 10, 23, 57, 132, 301, 701, 1654, 3777, 8849, 19990]...: 20005416: ACCEPTED IN 37 TRIES, (AVG 540686.9189189189)
[1, 4, 10, 23, 57, 132, 301, 701, 1654, 3777, 8849, 19994]...: 21089800: ACCEPTED IN 39 TRIES, (AVG 540764.1025641026)
[1, 4, 10, 23, 57, 132, 301, 701, 1654, 3777, 8849, 20023]...: 31912811: ACCEPTED IN 59 TRIES, (AVG 540895.1016949152)
[1, 4, 10, 23, 57, 132, 301, 701, 1654, 3777, 8849, 20031]...: 36782895: ACCEPTED IN 68 TRIES, (AVG 540924.9264705882)
[1, 4, 10, 23, 57, 132, 301, 701, 1654, 3777, 8849, 20081]...: 22712196: ACCEPTED IN 42 TRIES, (AVG 540766.5714285715)
[1, 4, 10, 23, 57, 132, 301, 701, 1654, 3777, 8849, 20085]...: 21090446: ACCEPTED IN 39 TRIES, (AVG 540780.6666666666)
[1, 4, 10, 23, 57, 132, 301, 701, 1654, 3777, 8849, 20118]...: 35700489: ACCEPTED IN 66 TRIES, (AVG 540916.5)
[1, 4, 10, 23, 57, 132, 301, 701, 1654, 3777, 8849, 20122]...: 32453336: ACCEPTED IN 60 TRIES, (AVG 540888.9333333333)
[1, 4, 10, 23, 57, 132, 301, 701, 1654, 3777, 8849, 20155]...: 27041565: ACCEPTED IN 50 TRIES, (AVG 540831.3)
[1, 4, 10, 23, 57, 132, 301, 701, 1654, 3777, 8849, 20163]...: 22172658: ACCEPTED IN 41 TRIES, (AVG 540796.5365853659)
[1, 4, 10, 23, 57, 132, 301, 701, 1654, 3777, 8849, 20213]...: 27041579: ACCEPTED IN 50 TRIES, (AVG 540831.58)
[1, 4, 10, 23, 57, 132, 301, 701, 1654, 3777, 8849, 20217]...: 30289418: ACCEPTED IN 56 TRIES, (AVG 540882.4642857143)
[1, 4, 10, 23, 57, 132, 301, 701, 1654, 3777, 8849, 20250]...: 11891187: ACCEPTED IN 22 TRIES, (AVG 540508.5)
[1, 4, 10, 23, 57, 132, 301, 701, 1654, 3777, 8849, 20254]...: 22172207: ACCEPTED IN 41 TRIES, (AVG 540785.5365853659)
[1, 4, 10, 23, 57, 132, 301, 701, 1654, 3777, 8849, 20287]...: 36783195: ACCEPTED IN 68 TRIES, (AVG 540929.3382352941)
[1, 4, 10, 23, 57, 132, 301, 701, 1654, 3777, 8849, 20295]...: 7561770: ACCEPTED IN 14 TRIES, (AVG 540126.4285714285)
[1, 4, 10, 23, 57, 132, 301, 701, 1654, 3777, 8849, 20324]...: 33533741: ACCEPTED IN 62 TRIES, (AVG 540866.7903225806)
[1, 4, 10, 23, 57, 132, 301, 701, 1654, 3777, 8849, 20349]...: 16760555: ACCEPTED IN 31 TRIES, (AVG 540663.0645161291)
[1, 4, 10, 23, 57, 132, 301, 701, 1654, 3777, 8849, 20382]...: 18383562: ACCEPTED IN 34 TRIES, (AVG 540693.0)
[1, 4, 10, 23, 57, 132, 301, 701, 1654, 3777, 8849, 20386]...: 22713386: ACCEPTED IN 42 TRIES, (AVG 540794.9047619047)
[1, 4, 10, 23, 57, 132, 301, 701, 1654, 3777, 8849, 20419]...: 35159885: ACCEPTED IN 65 TRIES, (AVG 540921.3076923077)
[1, 4, 10, 23, 57, 132, 301, 701, 1654, 3777, 8849, 20423]...: 26500166: ACCEPTED IN 49 TRIES, (AVG 540819.7142857143)
[1, 4, 10, 23, 57, 132, 301, 701, 1654, 3777, 8849, 20456]...: 14055317: ACCEPTED IN 26 TRIES, (AVG 540589.1153846154)
[1, 4, 10, 23, 57, 132, 301, 701, 1654, 3777, 8849, 20481]...: 23794476: ACCEPTED IN 44 TRIES, (AVG 540783.5454545454)
[1, 4, 10, 23, 57, 132, 301, 701, 1654, 3777, 8849, 20514]...: 22172215: ACCEPTED IN 41 TRIES, (AVG 540785.731707317)
[1, 4, 10, 23, 57, 132, 301, 701, 1654, 3777, 8849, 20518]...: 21631227: ACCEPTED IN 40 TRIES, (AVG 540780.675)
[1, 4, 10, 23, 57, 132, 301, 701, 1654, 3777, 8849, 20551]...: 10266801: ACCEPTED IN 19 TRIES, (AVG 540357.947368421)
[1, 4, 10, 23, 57, 132, 301, 701, 1654, 3777, 8849, 20555]...: 10267261: ACCEPTED IN 19 TRIES, (AVG 540382.1578947369)
[1, 4, 10, 23, 57, 132, 301, 701, 1654, 3777, 8849, 20588]...: 18384200: ACCEPTED IN 34 TRIES, (AVG 540711.7647058824)
[1, 4, 10, 23, 57, 132, 301, 701, 1654, 3777, 8849, 20613]...: 36241467: ACCEPTED IN 67 TRIES, (AVG 540917.4179104478)
[1, 4, 10, 23, 57, 132, 301, 701, 1654, 3777, 8849, 20642]...: 20006490: ACCEPTED IN 37 TRIES, (AVG 540715.9459459459)
[1, 4, 10, 23, 57, 132, 301, 701, 1654, 3777, 8849, 20650]...: 20548708: ACCEPTED IN 38 TRIES, (AVG 540755.4736842106)
[1, 4, 10, 23, 57, 132, 301, 701, 1654, 3777, 8849, 20683]...: 22712473: ACCEPTED IN 42 TRIES, (AVG 540773.1666666666)
[1, 4, 10, 23, 57, 132, 301, 701, 1654, 3777, 8849, 20687]...: 32453026: ACCEPTED IN 60 TRIES, (AVG 540883.7666666667)
[1, 4, 10, 23, 57, 132, 301, 701, 1654, 3777, 8849, 20720]...: 9185153: ACCEPTED IN 17 TRIES, (AVG 540303.1176470588)
[1, 4, 10, 23, 57, 132, 301, 701, 1654, 3777, 8849, 20724]...: 7020239: ACCEPTED IN 13 TRIES, (AVG 540018.3846153846)
[1, 4, 10, 23, 57, 132, 301, 701, 1654, 3777, 8849, 20774]...: 51934376: ACCEPTED IN 96 TRIES, (AVG 540983.0833333334)
[1, 4, 10, 23, 57, 132, 301, 701, 1654, 3777, 8849, 20782]...: 14054812: ACCEPTED IN 26 TRIES, (AVG 540569.6923076923)
[1, 4, 10, 23, 57, 132, 301, 701, 1654, 3777, 8849, 20815]...: 23794900: ACCEPTED IN 44 TRIES, (AVG 540793.1818181818)
[1, 4, 10, 23, 57, 132, 301, 701, 1654, 3777, 8849, 20819]...: 22713571: ACCEPTED IN 42 TRIES, (AVG 540799.3095238095)
[1, 4, 10, 23, 57, 132, 301, 701, 1654, 3777, 8849, 20852]...: 11349922: ACCEPTED IN 21 TRIES, (AVG 540472.4761904762)
[1, 4, 10, 23, 57, 132, 301, 701, 1654, 3777, 8849, 20856]...: 18383806: ACCEPTED IN 34 TRIES, (AVG 540700.1764705882)
[1, 4, 10, 23, 57, 132, 301, 701, 1654, 3777, 8849, 20906]...: 11888957: ACCEPTED IN 22 TRIES, (AVG 540407.1363636364)
[1, 4, 10, 23, 57, 132, 301, 701, 1654, 3777, 8849, 20914]...: 15679029: ACCEPTED IN 29 TRIES, (AVG 540656.1724137932)
[1, 4, 10, 23, 57, 132, 301, 701, 1654, 3777, 8849, 20943]...: 7561630: ACCEPTED IN 14 TRIES, (AVG 540116.4285714285)
[1, 4, 10, 23, 57, 132, 301, 701, 1654, 3777, 8849, 20947]...: 11889246: ACCEPTED IN 22 TRIES, (AVG 540420.2727272727)
[1, 4, 10, 23, 57, 132, 301, 701, 1654, 3777, 8849, 20951]...: 11890179: ACCEPTED IN 22 TRIES, (AVG 540462.6818181818)
[1, 4, 10, 23, 57, 132, 301, 701, 1654, 3777, 8849, 20984]...: 18925201: ACCEPTED IN 35 TRIES, (AVG 540720.0285714286)
[1, 4, 10, 23, 57, 132, 301, 701, 1654, 3777, 8849, 20988]...: 22713807: ACCEPTED IN 42 TRIES, (AVG 540804.9285714285)
[1, 4, 10, 23, 57, 132, 301, 701, 1654, 3777, 8849, 21025]...: 27582803: ACCEPTED IN 51 TRIES, (AVG 540839.274509804)
[1, 4, 10, 23, 57, 132, 301, 701, 1654, 3777, 8849, 21038]...: 12971939: ACCEPTED IN 24 TRIES, (AVG 540497.4583333334)
[1, 4, 10, 23, 57, 132, 301, 701, 1654, 3777, 8849, 21075]...: 27043018: ACCEPTED IN 50 TRIES, (AVG 540860.36)
[1, 4, 10, 23, 57, 132, 301, 701, 1654, 3777, 8849, 21079]...: 7561016: ACCEPTED IN 14 TRIES, (AVG 540072.5714285715)
[1, 4, 10, 23, 57, 132, 301, 701, 1654, 3777, 8849, 21083]...: 21090297: ACCEPTED IN 39 TRIES, (AVG 540776.8461538461)
[1, 4, 10, 23, 57, 132, 301, 701, 1654, 3777, 8849, 21116]...: 11349726: ACCEPTED IN 21 TRIES, (AVG 540463.1428571428)
[1, 4, 10, 23, 57, 132, 301, 701, 1654, 3777, 8849, 21120]...: 20007769: ACCEPTED IN 37 TRIES, (AVG 540750.5135135135)
[1, 4, 10, 23, 57, 132, 301, 701, 1654, 3777, 8849, 21157]...: 20007887: ACCEPTED IN 37 TRIES, (AVG 540753.7027027027)
[1, 4, 10, 23, 57, 132, 301, 701, 1654, 3777, 8849, 21170]...: 13514444: ACCEPTED IN 25 TRIES, (AVG 540577.76)
[1, 4, 10, 23, 57, 132, 301, 701, 1654, 3777, 8849, 21207]...: 7561257: ACCEPTED IN 14 TRIES, (AVG 540089.7857142857)
[1, 4, 10, 23, 57, 132, 301, 701, 1654, 3777, 8849, 21211]...: 18384742: ACCEPTED IN 34 TRIES, (AVG 540727.7058823529)
[1, 4, 10, 23, 57, 132, 301, 701, 1654, 3777, 8849, 21215]...: 20006643: ACCEPTED IN 37 TRIES, (AVG 540720.0810810811)
