[1, 4, 10, 23, 57, 132, 301, 701, 1636, 3891, 9122, 20068]...: 12972139: ACCEPTED IN 24 TRIES, (AVG 540505.7916666666)
[1, 4, 10, 23, 57, 132, 301, 701, 1636, 3891, 9122, 20094]...: 20006518: ACCEPTED IN 37 TRIES, (AVG 540716.7027027027)
[1, 4, 10, 23, 57, 132, 301, 701, 1636, 3891, 9122, 20097]...: 9184242: ACCEPTED IN 17 TRIES, (AVG 540249.5294117647)
[1, 4, 10, 23, 57, 132, 301, 701, 1636, 3891, 9122, 20098]...: 14595509: ACCEPTED IN 27 TRIES, (AVG 540574.4074074074)
[1, 4, 10, 23, 57, 132, 301, 701, 1636, 3891, 9122, 20099]...: 31911909: ACCEPTED IN 59 TRIES, (AVG 540879.813559322)
[1, 4, 10, 23, 57, 132, 301, 701, 1636, 3891, 9122, 20100]...: 7561430: ACCEPTED IN 14 TRIES, (AVG 540102.1428571428)
[1, 4, 10, 23, 57, 132, 301, 701, 1636, 3891, 9122, 20101]...: 18924829: ACCEPTED IN 35 TRIES, (AVG 540709.4)
[1, 4, 10, 23, 57, 132, 301, 701, 1636, 3891, 9122, 20103]...: 12972800: ACCEPTED IN 24 TRIES, (AVG 540533.3333333334)
[1, 4, 10, 23, 57, 132, 301, 701, 1636, 3891, 9122, 20129]...: 8644089: ACCEPTED IN 16 TRIES, (AVG 540255.5625)
[1, 4, 10, 23, 57, 132, 301, 701, 1636, 3891, 9122, 20133]...: 12972636: ACCEPTED IN 24 TRIES, (AVG 540526.5)
[1, 4, 10, 23, 57, 132, 301, 701, 1636, 3891, 9122, 20134]...: 14055561: ACCEPTED IN 26 TRIES, (AVG 540598.5)
[1, 4, 10, 23, 57, 132, 301, 701, 1636, 3891, 9122, 20136]...: 10267754: ACCEPTED IN 19 TRIES, (AVG 540408.1052631579)
[1, 4, 10, 23, 57, 132, 301, 701, 1636, 3891, 9122, 20137]...: 14054192: ACCEPTED IN 26 TRIES, (AVG 540545.8461538461)
[1, 4, 10, 23, 57, 132, 301, 701, 1636, 3891, 9122, 20138]...: 12971644: ACCEPTED IN 24 TRIES, (AVG 540485.1666666666)
[1, 4, 10, 23, 57, 132, 301, 701, 1636, 3891, 9122, 20165]...: 16760290: ACCEPTED IN 31 TRIES, (AVG 540654.5161290322)
[1, 4, 10, 23, 57, 132, 301, 701, 1636, 3891, 9122, 20166]...: 16759091: ACCEPTED IN 31 TRIES, (AVG 540615.8387096775)
[1, 4, 10, 23, 57, 132, 301, 701, 1636, 3891, 9122, 20167]...: 15134734: ACCEPTED IN 28 TRIES, (AVG 540526.2142857143)
[1, 4, 10, 23, 57, 132, 301, 701, 1636, 3891, 9122, 20170]...: 19466690: ACCEPTED IN 36 TRIES, (AVG 540741.3888888889)
[1, 4, 10, 23, 57, 132, 301, 701, 1636, 3891, 9122, 20189]...: 15678703: ACCEPTED IN 29 TRIES, (AVG 540644.9310344828)
[1, 4, 10, 23, 57, 132, 301, 701, 1636, 3891, 9122, 20196]...: 9184611: ACCEPTED IN 17 TRIES, (AVG 540271.2352941176)
[1, 4, 10, 23, 57, 132, 301, 701, 1636, 3891, 9122, 20197]...: 20549122: ACCEPTED IN 38 TRIES, (AVG 540766.3684210526)
[1, 4, 10, 23, 57, 132, 301, 701, 1636, 3891, 9122, 20199]...: 10807803: ACCEPTED IN 20 TRIES, (AVG 540390.15)
[1, 4, 10, 23, 57, 132, 301, 701, 1636, 3891, 9122, 20200]...: 8644122: ACCEPTED IN 16 TRIES, (AVG 540257.625)
[1, 4, 10, 23, 57, 132, 301, 701, 1636, 3891, 9122, 20226]...: 8101819: ACCEPTED IN 15 TRIES, (AVG 540121.2666666667)
[1, 4, 10, 23, 57, 132, 301, 701, 1636, 3891, 9122, 20231]...: 10808628: ACCEPTED IN 20 TRIES, (AVG 540431.4)
[1, 4, 10, 23, 57, 132, 301, 701, 1636, 3891, 9122, 20232]...: 15136591: ACCEPTED IN 28 TRIES, (AVG 540592.5357142857)
[1, 4, 10, 23, 57, 132, 301, 701, 1636, 3891, 9122, 20233]...: 11349943: ACCEPTED IN 21 TRIES, (AVG 540473.4761904762)
[1, 4, 10, 23, 57, 132, 301, 701, 1636, 3891, 9122, 20235]...: 19465628: ACCEPTED IN 36 TRIES, (AVG 540711.8888888889)
[1, 4, 10, 23, 57, 132, 301, 701, 1636, 3891, 9122, 20236]...: 12431484: ACCEPTED IN 23 TRIES, (AVG 540499.304347826)
[1, 4, 10, 23, 57, 132, 301, 701, 1636, 3891, 9122, 20237]...: 14594458: ACCEPTED IN 27 TRIES, (AVG 540535.4814814815)
[1, 4, 10, 23, 57, 132, 301, 701, 1636, 3891, 9122, 20264]...: 26501292: ACCEPTED IN 49 TRIES, (AVG 540842.693877551)
[1, 4, 10, 23, 57, 132, 301, 701, 1636, 3891, 9122, 20266]...: 14595454: ACCEPTED IN 27 TRIES, (AVG 540572.3703703703)
[1, 4, 10, 23, 57, 132, 301, 701, 1636, 3891, 9122, 20268]...: 10267669: ACCEPTED IN 19 TRIES, (AVG 540403.6315789474)
[1, 4, 10, 23, 57, 132, 301, 701, 1636, 3891, 9122, 20269]...: 21089606: ACCEPTED IN 39 TRIES, (AVG 540759.1282051282)
[1, 4, 10, 23, 57, 132, 301, 701, 1636, 3891, 9122, 20270]...: 7019336: ACCEPTED IN 13 TRIES, (AVG 539948.9230769231)
[1, 4, 10, 23, 57, 132, 301, 701, 1636, 3891, 9122, 20272]...: 15676876: ACCEPTED IN 29 TRIES, (AVG 540581.9310344828)
[1, 4, 10, 23, 57, 132, 301, 701, 1636, 3891, 9122, 20296]...: 17301512: ACCEPTED IN 32 TRIES, (AVG 540672.25)
[1, 4, 10, 23, 57, 132, 301, 701, 1636, 3891, 9122, 20298]...: 11889970: ACCEPTED IN 22 TRIES, (AVG 540453.1818181818)
[1, 4, 10, 23, 57, 132, 301, 701, 1636, 3891, 9122, 20299]...: 14594120: ACCEPTED IN 27 TRIES, (AVG 540522.9629629629)
[1, 4, 10, 23, 57, 132, 301, 701, 1636, 3891, 9122, 20302]...: 4314470: ACCEPTED IN 8 TRIES, (AVG 539308.75)
[1, 4, 10, 23, 57, 132, 301, 701, 1636, 3891, 9122, 20303]...: 16759925: ACCEPTED IN 31 TRIES, (AVG 540642.7419354839)
[1, 4, 10, 23, 57, 132, 301, 701, 1636, 3891, 9122, 20331]...: 14595102: ACCEPTED IN 27 TRIES, (AVG 540559.3333333334)
[1, 4, 10, 23, 57, 132, 301, 701, 1636, 3891, 9122, 20332]...: 13513355: ACCEPTED IN 25 TRIES, (AVG 540534.2)
[1, 4, 10, 23, 57, 132, 301, 701, 1636, 3891, 9122, 20335]...: 14053946: ACCEPTED IN 26 TRIES, (AVG 540536.3846153846)
[1, 4, 10, 23, 57, 132, 301, 701, 1636, 3891, 9122, 20336]...: 12431013: ACCEPTED IN 23 TRIES, (AVG 540478.8260869565)
[1, 4, 10, 23, 57, 132, 301, 701, 1636, 3891, 9122, 20339]...: 10807992: ACCEPTED IN 20 TRIES, (AVG 540399.6)
[1, 4, 10, 23, 57, 132, 301, 701, 1636, 3891, 9122, 20358]...: 16759827: ACCEPTED IN 31 TRIES, (AVG 540639.5806451613)
[1, 4, 10, 23, 57, 132, 301, 701, 1636, 3891, 9122, 20363]...: 12972183: ACCEPTED IN 24 TRIES, (AVG 540507.625)
[1, 4, 10, 23, 57, 132, 301, 701, 1636, 3891, 9122, 20365]...: 12432251: ACCEPTED IN 23 TRIES, (AVG 540532.6521739131)
[1, 4, 10, 23, 57, 132, 301, 701, 1636, 3891, 9122, 20367]...: 11349675: ACCEPTED IN 21 TRIES, (AVG 540460.7142857143)
[1, 4, 10, 23, 57, 132, 301, 701, 1636, 3891, 9122, 20368]...: 16759709: ACCEPTED IN 31 TRIES, (AVG 540635.7741935484)
[1, 4, 10, 23, 57, 132, 301, 701, 1636, 3891, 9122, 20369]...: 14594977: ACCEPTED IN 27 TRIES, (AVG 540554.7037037037)
[1, 4, 10, 23, 57, 132, 301, 701, 1636, 3891, 9122, 20395]...: 17841587: ACCEPTED IN 33 TRIES, (AVG 540654.1515151515)
[1, 4, 10, 23, 57, 132, 301, 701, 1636, 3891, 9122, 20398]...: 4855204: ACCEPTED IN 9 TRIES, (AVG 539467.1111111111)
[1, 4, 10, 23, 57, 132, 301, 701, 1636, 3891, 9122, 20399]...: 11349113: ACCEPTED IN 21 TRIES, (AVG 540433.9523809524)
[1, 4, 10, 23, 57, 132, 301, 701, 1636, 3891, 9122, 20400]...: 23795350: ACCEPTED IN 44 TRIES, (AVG 540803.4090909091)
[1, 4, 10, 23, 57, 132, 301, 701, 1636, 3891, 9122, 20401]...: 12971350: ACCEPTED IN 24 TRIES, (AVG 540472.9166666666)
[1, 4, 10, 23, 57, 132, 301, 701, 1636, 3891, 9122, 20402]...: 4314953: ACCEPTED IN 8 TRIES, (AVG 539369.125)
[1, 4, 10, 23, 57, 132, 301, 701, 1636, 3891, 9122, 20404]...: 16760695: ACCEPTED IN 31 TRIES, (AVG 540667.5806451613)
[1, 4, 10, 23, 57, 132, 301, 701, 1636, 3891, 9122, 20430]...: 17842789: ACCEPTED IN 33 TRIES, (AVG 540690.5757575758)
[1, 4, 10, 23, 57, 132, 301, 701, 1636, 3891, 9122, 20434]...: 16760210: ACCEPTED IN 31 TRIES, (AVG 540651.9354838709)
[1, 4, 10, 23, 57, 132, 301, 701, 1636, 3891, 9122, 20435]...: 14053203: ACCEPTED IN 26 TRIES, (AVG 540507.8076923077)
[1, 4, 10, 23, 57, 132, 301, 701, 1636, 3891, 9122, 20439]...: 12429956: ACCEPTED IN 23 TRIES, (AVG 540432.8695652174)
[1, 4, 10, 23, 57, 132, 301, 701, 1636, 3891, 9122, 20464]...: 7560943: ACCEPTED IN 14 TRIES, (AVG 540067.3571428572)
[1, 4, 10, 23, 57, 132, 301, 701, 1636, 3891, 9122, 20466]...: 15136363: ACCEPTED IN 28 TRIES, (AVG 540584.3928571428)
[1, 4, 10, 23, 57, 132, 301, 701, 1636, 3891, 9122, 20467]...: 13514469: ACCEPTED IN 25 TRIES, (AVG 540578.76)
[1, 4, 10, 23, 57, 132, 301, 701, 1636, 3891, 9122, 20468]...: 13513051: ACCEPTED IN 25 TRIES, (AVG 540522.04)
[1, 4, 10, 23, 57, 132, 301, 701, 1636, 3891, 9122, 20471]...: 10266844: ACCEPTED IN 19 TRIES, (AVG 540360.2105263158)
[1, 4, 10, 23, 57, 132, 301, 701, 1636, 3891, 9122, 20490]...: 8644311: ACCEPTED IN 16 TRIES, (AVG 540269.4375)
[1, 4, 10, 23, 57, 132, 301, 701, 1636, 3891, 9122, 20497]...: 8644322: ACCEPTED IN 16 TRIES, (AVG 540270.125)
[1, 4, 10, 23, 57, 132, 301, 701, 1636, 3891, 9122, 20498]...: 14595199: ACCEPTED IN 27 TRIES, (AVG 540562.925925926)
[1, 4, 10, 23, 57, 132, 301, 701, 1636, 3891, 9122, 20500]...: 12973431: ACCEPTED IN 24 TRIES, (AVG 540559.625)
[1, 4, 10, 23, 57, 132, 301, 701, 1636, 3891, 9122, 20501]...: 13513543: ACCEPTED IN 25 TRIES, (AVG 540541.72)
[1, 4, 10, 23, 57, 132, 301, 701, 1636, 3891, 9122, 20532]...: 11890757: ACCEPTED IN 22 TRIES, (AVG 540488.9545454546)
[1, 4, 10, 23, 57, 132, 301, 701, 1636, 3891, 9122, 20533]...: 8644312: ACCEPTED IN 16 TRIES, (AVG 540269.5)
[1, 4, 10, 23, 57, 132, 301, 701, 1636, 3891, 9122, 20534]...: 12972921: ACCEPTED IN 24 TRIES, (AVG 540538.375)
[1, 4, 10, 23, 57, 132, 301, 701, 1636, 3891, 9122, 20536]...: 11891053: ACCEPTED IN 22 TRIES, (AVG 540502.4090909091)
[1, 4, 10, 23, 57, 132, 301, 701, 1636, 3891, 9122, 20537]...: 8644390: ACCEPTED IN 16 TRIES, (AVG 540274.375)
[1, 4, 10, 23, 57, 132, 301, 701, 1636, 3891, 9122, 20538]...: 12431743: ACCEPTED IN 23 TRIES, (AVG 540510.5652173914)
[1, 4, 10, 23, 57, 132, 301, 701, 1636, 3891, 9122, 20565]...: 7562052: ACCEPTED IN 14 TRIES, (AVG 540146.5714285715)
[1, 4, 10, 23, 57, 132, 301, 701, 1636, 3891, 9122, 20566]...: 4313884: ACCEPTED IN 8 TRIES, (AVG 539235.5)
[1, 4, 10, 23, 57, 132, 301, 701, 1636, 3891, 9122, 20567]...: 8643916: ACCEPTED IN 16 TRIES, (AVG 540244.75)
[1, 4, 10, 23, 57, 132, 301, 701, 1636, 3891, 9122, 20569]...: 9184231: ACCEPTED IN 17 TRIES, (AVG 540248.8823529412)
[1, 4, 10, 23, 57, 132, 301, 701, 1636, 3891, 9122, 20570]...: 11349658: ACCEPTED IN 21 TRIES, (AVG 540459.9047619047)
[1, 4, 10, 23, 57, 132, 301, 701, 1636, 3891, 9122, 20571]...: 14593889: ACCEPTED IN 27 TRIES, (AVG 540514.4074074074)
[1, 4, 10, 23, 57, 132, 301, 701, 1636, 3891, 9122, 20573]...: 6479286: ACCEPTED IN 12 TRIES, (AVG 539940.5)
[1, 4, 10, 23, 57, 132, 301, 701, 1636, 3891, 9122, 20596]...: 12431012: ACCEPTED IN 23 TRIES, (AVG 540478.7826086957)
[1, 4, 10, 23, 57, 132, 301, 701, 1636, 3891, 9122, 20597]...: 12431635: ACCEPTED IN 23 TRIES, (AVG 540505.8695652174)
[1, 4, 10, 23, 57, 132, 301, 701, 1636, 3891, 9122, 20599]...: 11349876: ACCEPTED IN 21 TRIES, (AVG 540470.2857142857)
[1, 4, 10, 23, 57, 132, 301, 701, 1636, 3891, 9122, 20600]...: 17302440: ACCEPTED IN 32 TRIES, (AVG 540701.25)
[1, 4, 10, 23, 57, 132, 301, 701, 1636, 3891, 9122, 20603]...: 10267688: ACCEPTED IN 19 TRIES, (AVG 540404.6315789474)
[1, 4, 10, 23, 57, 132, 301, 701, 1636, 3891, 9122, 20604]...: 12431286: ACCEPTED IN 23 TRIES, (AVG 540490.695652174)
[1, 4, 10, 23, 57, 132, 301, 701, 1636, 3891, 9122, 20632]...: 11890671: ACCEPTED IN 22 TRIES, (AVG 540485.0454545454)
[1, 4, 10, 23, 57, 132, 301, 701, 1636, 3891, 9122, 20633]...: 16217902: ACCEPTED IN 30 TRIES, (AVG 540596.7333333333)
[1, 4, 10, 23, 57, 132, 301, 701, 1636, 3891, 9122, 20636]...: 14594158: ACCEPTED IN 27 TRIES, (AVG 540524.3703703703)
[1, 4, 10, 23, 57, 132, 301, 701, 1636, 3891, 9122, 20637]...: 11890252: ACCEPTED IN 22 TRIES, (AVG 540466.0)
[1, 4, 10, 23, 57, 132, 301, 701, 1636, 3891, 9122, 20664]...: 7562100: ACCEPTED IN 14 TRIES, (AVG 540150.0)
[1, 4, 10, 23, 57, 132, 301, 701, 1636, 3891, 9122, 20666]...: 7561037: ACCEPTED IN 14 TRIES, (AVG 540074.0714285715)
[1, 4, 10, 23, 57, 132, 301, 701, 1636, 3891, 9122, 20668]...: 15136354: ACCEPTED IN 28 TRIES, (AVG 540584.0714285715)
[1, 4, 10, 23, 57, 132, 301, 701, 1636, 3891, 9122, 20669]...: 12431522: ACCEPTED IN 23 TRIES, (AVG 540500.9565217391)
[1, 4, 10, 23, 57, 132, 301, 701, 1636, 3891, 9122, 20670]...: 12970539: ACCEPTED IN 24 TRIES, (AVG 540439.125)
[1, 4, 10, 23, 57, 132, 301, 701, 1636, 3891, 9122, 20672]...: 18924612: ACCEPTED IN 35 TRIES, (AVG 540703.2)
[1, 4, 10, 23, 57, 132, 301, 701, 1636, 3891, 9122, 20696]...: 12431954: ACCEPTED IN 23 TRIES, (AVG 540519.7391304348)
[1, 4, 10, 23, 57, 132, 301, 701, 1636, 3891, 9122, 20698]...: 12431582: ACCEPTED IN 23 TRIES, (AVG 540503.5652173914)
[1, 4, 10, 23, 57, 132, 301, 701, 1636, 3891, 9122, 20699]...: 7018786: ACCEPTED IN 13 TRIES, (AVG 539906.6153846154)
[1, 4, 10, 23, 57, 132, 301, 701, 1636, 3891, 9122, 20700]...: 12431613: ACCEPTED IN 23 TRIES, (AVG 540504.9130434783)
[1, 4, 10, 23, 57, 132, 301, 701, 1636, 3891, 9122, 20701]...: 5938480: ACCEPTED IN 11 TRIES, (AVG 539861.8181818182)
[1, 4, 10, 23, 57, 132, 301, 701, 1636, 3891, 9122, 20702]...: 6479238: ACCEPTED IN 12 TRIES, (AVG 539936.5)
[1, 4, 10, 23, 57, 132, 301, 701, 1636, 3891, 9122, 20703]...: 13514227: ACCEPTED IN 25 TRIES, (AVG 540569.08)
[1, 4, 10, 23, 57, 132, 301, 701, 1636, 3891, 9122, 20705]...: 14594436: ACCEPTED IN 27 TRIES, (AVG 540534.6666666666)
[1, 4, 10, 23, 57, 132, 301, 701, 1636, 3891, 9122, 20731]...: 7560747: ACCEPTED IN 14 TRIES, (AVG 540053.3571428572)
[1, 4, 10, 23, 57, 132, 301, 701, 1636, 3891, 9122, 20735]...: 12972903: ACCEPTED IN 24 TRIES, (AVG 540537.625)
[1, 4, 10, 23, 57, 132, 301, 701, 1636, 3891, 9122, 20736]...: 9183793: ACCEPTED IN 17 TRIES, (AVG 540223.1176470588)
[1, 4, 10, 23, 57, 132, 301, 701, 1636, 3891, 9122, 20740]...: 12971041: ACCEPTED IN 24 TRIES, (AVG 540460.0416666666)
[1, 4, 10, 23, 57, 132, 301, 701, 1636, 3891, 9122, 20765]...: 12431800: ACCEPTED IN 23 TRIES, (AVG 540513.0434782609)
[1, 4, 10, 23, 57, 132, 301, 701, 1636, 3891, 9122, 20767]...: 4855337: ACCEPTED IN 9 TRIES, (AVG 539481.8888888889)
[1, 4, 10, 23, 57, 132, 301, 701, 1636, 3891, 9122, 20768]...: 11349782: ACCEPTED IN 21 TRIES, (AVG 540465.8095238095)
[1, 4, 10, 23, 57, 132, 301, 701, 1636, 3891, 9122, 20769]...: 12431884: ACCEPTED IN 23 TRIES, (AVG 540516.695652174)
[1, 4, 10, 23, 57, 132, 301, 701, 1636, 3891, 9122, 20798]...: 7020008: ACCEPTED IN 13 TRIES, (AVG 540000.6153846154)
[1, 4, 10, 23, 57, 132, 301, 701, 1636, 3891, 9122, 20799]...: 16220096: ACCEPTED IN 30 TRIES, (AVG 540669.8666666667)
[1, 4, 10, 23, 57, 132, 301, 701, 1636, 3891, 9122, 20800]...: 17302530: ACCEPTED IN 32 TRIES, (AVG 540704.0625)
[1, 4, 10, 23, 57, 132, 301, 701, 1636, 3891, 9122, 20801]...: 11349335: ACCEPTED IN 21 TRIES, (AVG 540444.5238095238)
[1, 4, 10, 23, 57, 132, 301, 701, 1636, 3891, 9122, 20802]...: 14595306: ACCEPTED IN 27 TRIES, (AVG 540566.8888888889)
[1, 4, 10, 23, 57, 132, 301, 701, 1636, 3891, 9122, 20804]...: 12971493: ACCEPTED IN 24 TRIES, (AVG 540478.875)
[1, 4, 10, 23, 57, 132, 301, 701, 1636, 3891, 9122, 20830]...: 12431099: ACCEPTED IN 23 TRIES, (AVG 540482.5652173914)
[1, 4, 10, 23, 57, 132, 301, 701, 1636, 3891, 9122, 20833]...: 10806359: ACCEPTED IN 20 TRIES, (AVG 540317.95)
[1, 4, 10, 23, 57, 132, 301, 701, 1636, 3891, 9122, 20834]...: 16761216: ACCEPTED IN 31 TRIES, (AVG 540684.3870967742)
[1, 4, 10, 23, 57, 132, 301, 701, 1636, 3891, 9122, 20835]...: 15679031: ACCEPTED IN 29 TRIES, (AVG 540656.2413793104)
[1, 4, 10, 23, 57, 132, 301, 701, 1636, 3891, 9122, 20837]...: 9184755: ACCEPTED IN 17 TRIES, (AVG 540279.7058823529)
[1, 4, 10, 23, 57, 132, 301, 701, 1636, 3891, 9122, 20838]...: 11348577: ACCEPTED IN 21 TRIES, (AVG 540408.4285714285)
[1, 4, 10, 23, 57, 132, 301, 701, 1636, 3891, 9122, 20839]...: 11348390: ACCEPTED IN 21 TRIES, (AVG 540399.5238095238)
[1, 4, 10, 23, 57, 132, 301, 701, 1636, 3891, 9122, 20866]...: 10808835: ACCEPTED IN 20 TRIES, (AVG 540441.75)
[1, 4, 10, 23, 57, 132, 301, 701, 1636, 3891, 9122, 20867]...: 11348899: ACCEPTED IN 21 TRIES, (AVG 540423.7619047619)
[1, 4, 10, 23, 57, 132, 301, 701, 1636, 3891, 9122, 20868]...: 7019043: ACCEPTED IN 13 TRIES, (AVG 539926.3846153846)
[1, 4, 10, 23, 57, 132, 301, 701, 1636, 3891, 9122, 20870]...: 12431414: ACCEPTED IN 23 TRIES, (AVG 540496.2608695652)
[1, 4, 10, 23, 57, 132, 301, 701, 1636, 3891, 9122, 20871]...: 8102645: ACCEPTED IN 15 TRIES, (AVG 540176.3333333334)
[1, 4, 10, 23, 57, 132, 301, 701, 1636, 3891, 9122, 20872]...: 12427427: ACCEPTED IN 23 TRIES, (AVG 540322.9130434783)
[1, 4, 10, 23, 57, 132, 301, 701, 1636, 3891, 9122, 20897]...: 10807529: ACCEPTED IN 20 TRIES, (AVG 540376.45)
[1, 4, 10, 23, 57, 132, 301, 701, 1636, 3891, 9122, 20898]...: 12428888: ACCEPTED IN 23 TRIES, (AVG 540386.4347826086)
[1, 4, 10, 23, 57, 132, 301, 701, 1636, 3891, 9122, 20900]...: 9185030: ACCEPTED IN 17 TRIES, (AVG 540295.8823529412)
[1, 4, 10, 23, 57, 132, 301, 701, 1636, 3891, 9122, 20901]...: 16219793: ACCEPTED IN 30 TRIES, (AVG 540659.7666666667)
[1, 4, 10, 23, 57, 132, 301, 701, 1636, 3891, 9122, 20906]...: 12431315: ACCEPTED IN 23 TRIES, (AVG 540491.9565217391)
[1, 4, 10, 23, 57, 132, 301, 701, 1636, 3891, 9122, 20932]...: 14595559: ACCEPTED IN 27 TRIES, (AVG 540576.2592592592)
[1, 4, 10, 23, 57, 132, 301, 701, 1636, 3891, 9122, 20933]...: 14595393: ACCEPTED IN 27 TRIES, (AVG 540570.1111111111)
[1, 4, 10, 23, 57, 132, 301, 701, 1636, 3891, 9122, 20934]...: 15136743: ACCEPTED IN 28 TRIES, (AVG 540597.9642857143)
[1, 4, 10, 23, 57, 132, 301, 701, 1636, 3891, 9122, 20936]...: 9725100: ACCEPTED IN 18 TRIES, (AVG 540283.3333333334)
[1, 4, 10, 23, 57, 132, 301, 701, 1636, 3891, 9122, 20937]...: 7020677: ACCEPTED IN 13 TRIES, (AVG 540052.0769230769)
[1, 4, 10, 23, 57, 132, 301, 701, 1636, 3891, 9122, 20938]...: 8102853: ACCEPTED IN 15 TRIES, (AVG 540190.2)
[1, 4, 10, 23, 57, 132, 301, 701, 1636, 3891, 9122, 20965]...: 12971864: ACCEPTED IN 24 TRIES, (AVG 540494.3333333334)
[1, 4, 10, 23, 57, 132, 301, 701, 1636, 3891, 9122, 20967]...: 16760817: ACCEPTED IN 31 TRIES, (AVG 540671.5161290322)
[1, 4, 10, 23, 57, 132, 301, 701, 1636, 3891, 9122, 20969]...: 12973306: ACCEPTED IN 24 TRIES, (AVG 540554.4166666666)
[1, 4, 10, 23, 57, 132, 301, 701, 1636, 3891, 9122, 20970]...: 12431117: ACCEPTED IN 23 TRIES, (AVG 540483.3478260869)
[1, 4, 10, 23, 57, 132, 301, 701, 1636, 3891, 9122, 20971]...: 11347979: ACCEPTED IN 21 TRIES, (AVG 540379.9523809524)
[1, 4, 10, 23, 57, 132, 301, 701, 1636, 3891, 9122, 20973]...: 7020271: ACCEPTED IN 13 TRIES, (AVG 540020.8461538461)
[1, 4, 10, 23, 57, 132, 301, 701, 1636, 3891, 9122, 20997]...: 7561441: ACCEPTED IN 14 TRIES, (AVG 540102.9285714285)
[1, 4, 10, 23, 57, 132, 301, 701, 1636, 3891, 9122, 20999]...: 5396887: ACCEPTED IN 10 TRIES, (AVG 539688.7)
[1, 4, 10, 23, 57, 132, 301, 701, 1636, 3891, 9122, 21000]...: 7019345: ACCEPTED IN 13 TRIES, (AVG 539949.6153846154)
[1, 4, 10, 23, 57, 132, 301, 701, 1636, 3891, 9122, 21001]...: 14593443: ACCEPTED IN 27 TRIES, (AVG 540497.8888888889)
[1, 4, 10, 23, 57, 132, 301, 701, 1636, 3891, 9122, 21002]...: 12971404: ACCEPTED IN 24 TRIES, (AVG 540475.1666666666)
[1, 4, 10, 23, 57, 132, 301, 701, 1636, 3891, 9122, 21003]...: 5938557: ACCEPTED IN 11 TRIES, (AVG 539868.8181818182)
[1, 4, 10, 23, 57, 132, 301, 701, 1636, 3891, 9122, 21004]...: 12972675: ACCEPTED IN 24 TRIES, (AVG 540528.125)
[1, 4, 10, 23, 57, 132, 301, 701, 1636, 3891, 9122, 21032]...: 7020213: ACCEPTED IN 13 TRIES, (AVG 540016.3846153846)
[1, 4, 10, 23, 57, 132, 301, 701, 1636, 3891, 9122, 21033]...: 21629539: ACCEPTED IN 40 TRIES, (AVG 540738.475)
[1, 4, 10, 23, 57, 132, 301, 701, 1636, 3891, 9122, 21036]...: 14596469: ACCEPTED IN 27 TRIES, (AVG 540609.9629629629)
[1, 4, 10, 23, 57, 132, 301, 701, 1636, 3891, 9122, 21037]...: 9723804: ACCEPTED IN 18 TRIES, (AVG 540211.3333333334)
[1, 4, 10, 23, 57, 132, 301, 701, 1636, 3891, 9122, 21038]...: 16758493: ACCEPTED IN 31 TRIES, (AVG 540596.5483870967)
[1, 4, 10, 23, 57, 132, 301, 701, 1636, 3891, 9122, 21041]...: 12431511: ACCEPTED IN 23 TRIES, (AVG 540500.4782608695)
[1, 4, 10, 23, 57, 132, 301, 701, 1636, 3891, 9122, 21064]...: 11349144: ACCEPTED IN 21 TRIES, (AVG 540435.4285714285)
[1, 4, 10, 23, 57, 132, 301, 701, 1636, 3891, 9122, 21066]...: 20006386: ACCEPTED IN 37 TRIES, (AVG 540713.1351351351)
[1, 4, 10, 23, 57, 132, 301, 701, 1636, 3891, 9122, 21068]...: 12973400: ACCEPTED IN 24 TRIES, (AVG 540558.3333333334)
[1, 4, 10, 23, 57, 132, 301, 701, 1636, 3891, 9122, 21069]...: 9184571: ACCEPTED IN 17 TRIES, (AVG 540268.8823529412)
[1, 4, 10, 23, 57, 132, 301, 701, 1636, 3891, 9122, 21070]...: 9182762: ACCEPTED IN 17 TRIES, (AVG 540162.4705882353)
[1, 4, 10, 23, 57, 132, 301, 701, 1636, 3891, 9122, 21099]...: 4855161: ACCEPTED IN 9 TRIES, (AVG 539462.3333333334)
[1, 4, 10, 23, 57, 132, 301, 701, 1636, 3891, 9122, 21100]...: 11346776: ACCEPTED IN 21 TRIES, (AVG 540322.6666666666)
[1, 4, 10, 23, 57, 132, 301, 701, 1636, 3891, 9122, 21101]...: 11889959: ACCEPTED IN 22 TRIES, (AVG 540452.6818181818)
[1, 4, 10, 23, 57, 132, 301, 701, 1636, 3891, 9122, 21102]...: 11347464: ACCEPTED IN 21 TRIES, (AVG 540355.4285714285)
[1, 4, 10, 23, 57, 132, 301, 701, 1636, 3891, 9122, 21103]...: 9183491: ACCEPTED IN 17 TRIES, (AVG 540205.3529411765)
[1, 4, 10, 23, 57, 132, 301, 701, 1636, 3891, 9122, 21105]...: 12973383: ACCEPTED IN 24 TRIES, (AVG 540557.625)
[1, 4, 10, 23, 57, 132, 301, 701, 1636, 3891, 9122, 21131]...: 8644378: ACCEPTED IN 16 TRIES, (AVG 540273.625)
[1, 4, 10, 23, 57, 132, 301, 701, 1636, 3891, 9122, 21134]...: 12431446: ACCEPTED IN 23 TRIES, (AVG 540497.6521739131)
[1, 4, 10, 23, 57, 132, 301, 701, 1636, 3891, 9122, 21135]...: 11349638: ACCEPTED IN 21 TRIES, (AVG 540458.9523809524)
[1, 4, 10, 23, 57, 132, 301, 701, 1636, 3891, 9122, 21136]...: 11890709: ACCEPTED IN 22 TRIES, (AVG 540486.7727272727)
[1, 4, 10, 23, 57, 132, 301, 701, 1636, 3891, 9122, 21140]...: 5937645: ACCEPTED IN 11 TRIES, (AVG 539785.9090909091)
[1, 4, 10, 23, 57, 132, 301, 701, 1636, 3891, 9122, 21165]...: 16220027: ACCEPTED IN 30 TRIES, (AVG 540667.5666666667)
[1, 4, 10, 23, 57, 132, 301, 701, 1636, 3891, 9122, 21167]...: 8644357: ACCEPTED IN 16 TRIES, (AVG 540272.3125)
[1, 4, 10, 23, 57, 132, 301, 701, 1636, 3891, 9122, 21168]...: 12428840: ACCEPTED IN 23 TRIES, (AVG 540384.3478260869)
[1, 4, 10, 23, 57, 132, 301, 701, 1636, 3891, 9122, 21169]...: 7020785: ACCEPTED IN 13 TRIES, (AVG 540060.3846153846)
[1, 4, 10, 23, 57, 132, 301, 701, 1636, 3891, 9122, 21170]...: 12429859: ACCEPTED IN 23 TRIES, (AVG 540428.6521739131)
[1, 4, 10, 23, 57, 132, 301, 701, 1636, 3891, 9122, 21171]...: 14595788: ACCEPTED IN 27 TRIES, (AVG 540584.7407407408)
[1, 4, 10, 23, 57, 132, 301, 701, 1636, 3891, 9122, 21172]...: 12972364: ACCEPTED IN 24 TRIES, (AVG 540515.1666666666)
[1, 4, 10, 23, 57, 132, 301, 701, 1636, 3891, 9122, 21173]...: 12973304: ACCEPTED IN 24 TRIES, (AVG 540554.3333333334)
[1, 4, 10, 23, 57, 132, 301, 701, 1636, 3891, 9122, 21198]...: 11890459: ACCEPTED IN 22 TRIES, (AVG 540475.4090909091)
[1, 4, 10, 23, 57, 132, 301, 701, 1636, 3891, 9122, 21199]...: 11349061: ACCEPTED IN 21 TRIES, (AVG 540431.4761904762)
[1, 4, 10, 23, 57, 132, 301, 701, 1636, 3891, 9122, 21201]...: 11348264: ACCEPTED IN 21 TRIES, (AVG 540393.5238095238)
[1, 4, 10, 23, 57, 132, 301, 701, 1636, 3891, 9122, 21202]...: 14595927: ACCEPTED IN 27 TRIES, (AVG 540589.8888888889)
[1, 4, 10, 23, 57, 132, 301, 701, 1636, 3891, 9122, 21207]...: 10808373: ACCEPTED IN 20 TRIES, (AVG 540418.65)
[1, 4, 10, 23, 57, 132, 301, 701, 1636, 3891, 9122, 21233]...: 10267022: ACCEPTED IN 19 TRIES, (AVG 540369.5789473684)
[1, 4, 10, 23, 57, 132, 301, 701, 1636, 3891, 9122, 21234]...: 11346279: ACCEPTED IN 21 TRIES, (AVG 540299.0)
[1, 4, 10, 23, 57, 132, 301, 701, 1636, 3891, 9122, 21235]...: 16217340: ACCEPTED IN 30 TRIES, (AVG 540578.0)
[1, 4, 10, 23, 57, 132, 301, 701, 1636, 3891, 9122, 21237]...: 4855975: ACCEPTED IN 9 TRIES, (AVG 539552.7777777778)
[1, 4, 10, 23, 57, 132, 301, 701, 1636, 3891, 9122, 21238]...: 3772864: ACCEPTED IN 7 TRIES, (AVG 538980.5714285715)
[1, 4, 10, 23, 57, 132, 301, 701, 1636, 3891, 9122, 21239]...: 9184650: ACCEPTED IN 17 TRIES, (AVG 540273.5294117647)
[1, 4, 10, 23, 57, 132, 301, 701, 1636, 3891, 9122, 21266]...: 11348356: ACCEPTED IN 21 TRIES, (AVG 540397.9047619047)
[1, 4, 10, 23, 57, 132, 301, 701, 1636, 3891, 9122, 21267]...: 12971268: ACCEPTED IN 24 TRIES, (AVG 540469.5)
[1, 4, 10, 23, 57, 132, 301, 701, 1636, 3891, 9122, 21268]...: 12429839: ACCEPTED IN 23 TRIES, (AVG 540427.7826086957)
[1, 4, 10, 23, 57, 132, 301, 701, 1636, 3891, 9122, 21270]...: 11889873: ACCEPTED IN 22 TRIES, (AVG 540448.7727272727)
[1, 4, 10, 23, 57, 132, 301, 701, 1636, 3891, 9122, 21271]...: 11348561: ACCEPTED IN 21 TRIES, (AVG 540407.6666666666)
[1, 4, 10, 23, 57, 132, 301, 701, 1636, 3891, 9122, 21272]...: 8643431: ACCEPTED IN 16 TRIES, (AVG 540214.4375)
[1, 4, 10, 23, 57, 132, 301, 701, 1636, 3891, 9122, 21274]...: 7018490: ACCEPTED IN 13 TRIES, (AVG 539883.8461538461)
[1, 4, 10, 23, 57, 132, 301, 701, 1636, 3891, 9122, 21297]...: 16219275: ACCEPTED IN 30 TRIES, (AVG 540642.5)
[1, 4, 10, 23, 57, 132, 301, 701, 1636, 3891, 9122, 21298]...: 17301830: ACCEPTED IN 32 TRIES, (AVG 540682.1875)
[1, 4, 10, 23, 57, 132, 301, 701, 1636, 3891, 9122, 21300]...: 5937035: ACCEPTED IN 11 TRIES, (AVG 539730.4545454546)
[1, 4, 10, 23, 57, 132, 301, 701, 1636, 3891, 9122, 21301]...: 15678676: ACCEPTED IN 29 TRIES, (AVG 540644.0)
[1, 4, 10, 23, 57, 132, 301, 701, 1636, 3891, 9122, 21302]...: 16760399: ACCEPTED IN 31 TRIES, (AVG 540658.0322580645)
[1, 4, 10, 23, 57, 132, 301, 701, 1636, 3891, 9122, 21303]...: 9725463: ACCEPTED IN 18 TRIES, (AVG 540303.5)
[1, 4, 10, 23, 57, 132, 301, 701, 1636, 3891, 9122, 21304]...: 16217193: ACCEPTED IN 30 TRIES, (AVG 540573.1)
[1, 4, 10, 23, 57, 132, 301, 701, 1636, 3891, 9122, 21305]...: 9184593: ACCEPTED IN 17 TRIES, (AVG 540270.1764705882)
[1, 4, 10, 23, 57, 132, 301, 701, 1636, 3891, 9122, 21333]...: 10807631: ACCEPTED IN 20 TRIES, (AVG 540381.55)
[1, 4, 10, 23, 57, 132, 301, 701, 1636, 3891, 9122, 21334]...: 17299760: ACCEPTED IN 32 TRIES, (AVG 540617.5)
[1, 4, 10, 23, 57, 132, 301, 701, 1636, 3891, 9122, 21337]...: 4855752: ACCEPTED IN 9 TRIES, (AVG 539528.0)
[1, 4, 10, 23, 57, 132, 301, 701, 1636, 3891, 9122, 21338]...: 9184298: ACCEPTED IN 17 TRIES, (AVG 540252.8235294118)
[1, 4, 10, 23, 57, 132, 301, 701, 1636, 3891, 9122, 21339]...: 8103005: ACCEPTED IN 15 TRIES, (AVG 540200.3333333334)
[1, 4, 10, 23, 57, 132, 301, 701, 1636, 3891, 9122, 21365]...: 9184729: ACCEPTED IN 17 TRIES, (AVG 540278.1764705882)
[1, 4, 10, 23, 57, 132, 301, 701, 1636, 3891, 9122, 21367]...: 10267088: ACCEPTED IN 19 TRIES, (AVG 540373.052631579)
[1, 4, 10, 23, 57, 132, 301, 701, 1636, 3891, 9122, 21369]...: 9184413: ACCEPTED IN 17 TRIES, (AVG 540259.5882352941)
[1, 4, 10, 23, 57, 132, 301, 701, 1636, 3891, 9122, 21370]...: 10807905: ACCEPTED IN 20 TRIES, (AVG 540395.25)
[1, 4, 10, 23, 57, 132, 301, 701, 1636, 3891, 9122, 21371]...: 10267627: ACCEPTED IN 19 TRIES, (AVG 540401.4210526316)
[1, 4, 10, 23, 57, 132, 301, 701, 1636, 3891, 9122, 21373]...: 8643923: ACCEPTED IN 16 TRIES, (AVG 540245.1875)
[1, 4, 10, 23, 57, 132, 301, 701, 1636, 3891, 9122, 21399]...: 8643471: ACCEPTED IN 16 TRIES, (AVG 540216.9375)
[1, 4, 10, 23, 57, 132, 301, 701, 1636, 3891, 9122, 21400]...: 15137772: ACCEPTED IN 28 TRIES, (AVG 540634.7142857143)
[1, 4, 10, 23, 57, 132, 301, 701, 1636, 3891, 9122, 21401]...: 12972880: ACCEPTED IN 24 TRIES, (AVG 540536.6666666666)
[1, 4, 10, 23, 57, 132, 301, 701, 1636, 3891, 9122, 21402]...: 16760783: ACCEPTED IN 31 TRIES, (AVG 540670.4193548387)
[1, 4, 10, 23, 57, 132, 301, 701, 1636, 3891, 9122, 21403]...: 8102818: ACCEPTED IN 15 TRIES, (AVG 540187.8666666667)
[1, 4, 10, 23, 57, 132, 301, 701, 1636, 3891, 9122, 21404]...: 9184132: ACCEPTED IN 17 TRIES, (AVG 540243.0588235294)
[1, 4, 10, 23, 57, 132, 301, 701, 1636, 3891, 9122, 21406]...: 5937727: ACCEPTED IN 11 TRIES, (AVG 539793.3636363636)
[1, 4, 10, 23, 57, 132, 301, 701, 1636, 3891, 9122, 21432]...: 11348361: ACCEPTED IN 21 TRIES, (AVG 540398.1428571428)
[1, 4, 10, 23, 57, 132, 301, 701, 1636, 3891, 9122, 21435]...: 2691268: ACCEPTED IN 5 TRIES, (AVG 538253.6)
[1, 4, 10, 23, 57, 132, 301, 701, 1636, 3891, 9122, 21436]...: 7019214: ACCEPTED IN 13 TRIES, (AVG 539939.5384615385)
[1, 4, 10, 23, 57, 132, 301, 701, 1636, 3891, 9122, 21437]...: 10808705: ACCEPTED IN 20 TRIES, (AVG 540435.25)
[1, 4, 10, 23, 57, 132, 301, 701, 1636, 3891, 9122, 21441]...: 8102695: ACCEPTED IN 15 TRIES, (AVG 540179.6666666666)
[1, 4, 10, 23, 57, 132, 301, 701, 1636, 3891, 9122, 21466]...: 9724689: ACCEPTED IN 18 TRIES, (AVG 540260.5)
[1, 4, 10, 23, 57, 132, 301, 701, 1636, 3891, 9122, 21468]...: 4855209: ACCEPTED IN 9 TRIES, (AVG 539467.6666666666)
[1, 4, 10, 23, 57, 132, 301, 701, 1636, 3891, 9122, 21469]...: 11347258: ACCEPTED IN 21 TRIES, (AVG 540345.619047619)
[1, 4, 10, 23, 57, 132, 301, 701, 1636, 3891, 9122, 21470]...: 12973443: ACCEPTED IN 24 TRIES, (AVG 540560.125)
[1, 4, 10, 23, 57, 132, 301, 701, 1636, 3891, 9122, 21471]...: 5396888: ACCEPTED IN 10 TRIES, (AVG 539688.8)
[1, 4, 10, 23, 57, 132, 301, 701, 1636, 3891, 9122, 21472]...: 11348297: ACCEPTED IN 21 TRIES, (AVG 540395.0952380953)
[1, 4, 10, 23, 57, 132, 301, 701, 1636, 3891, 9122, 21473]...: 12431745: ACCEPTED IN 23 TRIES, (AVG 540510.6521739131)
[1, 4, 10, 23, 57, 132, 301, 701, 1636, 3891, 9122, 21499]...: 12428378: ACCEPTED IN 23 TRIES, (AVG 540364.2608695652)
[1, 4, 10, 23, 57, 132, 301, 701, 1636, 3891, 9122, 21500]...: 9183775: ACCEPTED IN 17 TRIES, (AVG 540222.0588235294)
[1, 4, 10, 23, 57, 132, 301, 701, 1636, 3891, 9122, 21501]...: 12972616: ACCEPTED IN 24 TRIES, (AVG 540525.6666666666)
[1, 4, 10, 23, 57, 132, 301, 701, 1636, 3891, 9122, 21502]...: 4313655: ACCEPTED IN 8 TRIES, (AVG 539206.875)
[1, 4, 10, 23, 57, 132, 301, 701, 1636, 3891, 9122, 21503]...: 12432303: ACCEPTED IN 23 TRIES, (AVG 540534.9130434783)
[1, 4, 10, 23, 57, 132, 301, 701, 1636, 3891, 9122, 21505]...: 7020434: ACCEPTED IN 13 TRIES, (AVG 540033.3846153846)
[1, 4, 10, 23, 57, 132, 301, 701, 1636, 3891, 9122, 21508]...: 15137651: ACCEPTED IN 28 TRIES, (AVG 540630.3928571428)
[1, 4, 10, 23, 57, 132, 301, 701, 1636, 3891, 9122, 21531]...: 15678562: ACCEPTED IN 29 TRIES, (AVG 540640.0689655172)
[1, 4, 10, 23, 57, 132, 301, 701, 1636, 3891, 9122, 21534]...: 9185189: ACCEPTED IN 17 TRIES, (AVG 540305.2352941176)
[1, 4, 10, 23, 57, 132, 301, 701, 1636, 3891, 9122, 21535]...: 11350058: ACCEPTED IN 21 TRIES, (AVG 540478.9523809524)
[1, 4, 10, 23, 57, 132, 301, 701, 1636, 3891, 9122, 21536]...: 9184809: ACCEPTED IN 17 TRIES, (AVG 540282.8823529412)
[1, 4, 10, 23, 57, 132, 301, 701, 1636, 3891, 9122, 21538]...: 11349563: ACCEPTED IN 21 TRIES, (AVG 540455.380952381)
[1, 4, 10, 23, 57, 132, 301, 701, 1636, 3891, 9122, 21539]...: 10807319: ACCEPTED IN 20 TRIES, (AVG 540365.95)
[1, 4, 10, 23, 57, 132, 301, 701, 1636, 3891, 9122, 21540]...: 4313143: ACCEPTED IN 8 TRIES, (AVG 539142.875)
[1, 4, 10, 23, 57, 132, 301, 701, 1636, 3891, 9122, 21567]...: 13512151: ACCEPTED IN 25 TRIES, (AVG 540486.04)
[1, 4, 10, 23, 57, 132, 301, 701, 1636, 3891, 9122, 21568]...: 9184959: ACCEPTED IN 17 TRIES, (AVG 540291.7058823529)
[1, 4, 10, 23, 57, 132, 301, 701, 1636, 3891, 9122, 21569]...: 13514501: ACCEPTED IN 25 TRIES, (AVG 540580.04)
[1, 4, 10, 23, 57, 132, 301, 701, 1636, 3891, 9122, 21571]...: 5396329: ACCEPTED IN 10 TRIES, (AVG 539632.9)
[1, 4, 10, 23, 57, 132, 301, 701, 1636, 3891, 9122, 21572]...: 9185017: ACCEPTED IN 17 TRIES, (AVG 540295.1176470588)
[1, 4, 10, 23, 57, 132, 301, 701, 1636, 3891, 9122, 21573]...: 8643983: ACCEPTED IN 16 TRIES, (AVG 540248.9375)
[1, 4, 10, 23, 57, 132, 301, 701, 1636, 3891, 9122, 21598]...: 4313619: ACCEPTED IN 8 TRIES, (AVG 539202.375)
[1, 4, 10, 23, 57, 132, 301, 701, 1636, 3891, 9122, 21599]...: 7560964: ACCEPTED IN 14 TRIES, (AVG 540068.8571428572)
[1, 4, 10, 23, 57, 132, 301, 701, 1636, 3891, 9122, 21601]...: 7560473: ACCEPTED IN 14 TRIES, (AVG 540033.7857142857)
[1, 4, 10, 23, 57, 132, 301, 701, 1636, 3891, 9122, 21602]...: 7562050: ACCEPTED IN 14 TRIES, (AVG 540146.4285714285)
[1, 4, 10, 23, 57, 132, 301, 701, 1636, 3891, 9122, 21603]...: 9183491: ACCEPTED IN 17 TRIES, (AVG 540205.3529411765)
[1, 4, 10, 23, 57, 132, 301, 701, 1636, 3891, 9122, 21604]...: 9184683: ACCEPTED IN 17 TRIES, (AVG 540275.4705882353)
[1, 4, 10, 23, 57, 132, 301, 701, 1636, 3891, 9122, 21605]...: 12973426: ACCEPTED IN 24 TRIES, (AVG 540559.4166666666)
[1, 4, 10, 23, 57, 132, 301, 701, 1636, 3891, 9122, 21607]...: 13513910: ACCEPTED IN 25 TRIES, (AVG 540556.4)
[1, 4, 10, 23, 57, 132, 301, 701, 1636, 3891, 9122, 21633]...: 14593198: ACCEPTED IN 27 TRIES, (AVG 540488.8148148148)
[1, 4, 10, 23, 57, 132, 301, 701, 1636, 3891, 9122, 21634]...: 15678403: ACCEPTED IN 29 TRIES, (AVG 540634.5862068966)
[1, 4, 10, 23, 57, 132, 301, 701, 1636, 3891, 9122, 21635]...: 16761351: ACCEPTED IN 31 TRIES, (AVG 540688.7419354839)
[1, 4, 10, 23, 57, 132, 301, 701, 1636, 3891, 9122, 21637]...: 9184546: ACCEPTED IN 17 TRIES, (AVG 540267.4117647059)
[1, 4, 10, 23, 57, 132, 301, 701, 1636, 3891, 9122, 21638]...: 16759729: ACCEPTED IN 31 TRIES, (AVG 540636.4193548387)
[1, 4, 10, 23, 57, 132, 301, 701, 1636, 3891, 9122, 21639]...: 8102456: ACCEPTED IN 15 TRIES, (AVG 540163.7333333333)
[1, 4, 10, 23, 57, 132, 301, 701, 1636, 3891, 9122, 21640]...: 11349103: ACCEPTED IN 21 TRIES, (AVG 540433.4761904762)
[1, 4, 10, 23, 57, 132, 301, 701, 1636, 3891, 9122, 21666]...: 5937208: ACCEPTED IN 11 TRIES, (AVG 539746.1818181818)
[1, 4, 10, 23, 57, 132, 301, 701, 1636, 3891, 9122, 21668]...: 9726244: ACCEPTED IN 18 TRIES, (AVG 540346.8888888889)
[1, 4, 10, 23, 57, 132, 301, 701, 1636, 3891, 9122, 21670]...: 14595641: ACCEPTED IN 27 TRIES, (AVG 540579.2962962963)
[1, 4, 10, 23, 57, 132, 301, 701, 1636, 3891, 9122, 21671]...: 5396881: ACCEPTED IN 10 TRIES, (AVG 539688.1)
[1, 4, 10, 23, 57, 132, 301, 701, 1636, 3891, 9122, 21672]...: 7020350: ACCEPTED IN 13 TRIES, (AVG 540026.9230769231)
[1, 4, 10, 23, 57, 132, 301, 701, 1636, 3891, 9122, 21674]...: 9185429: ACCEPTED IN 17 TRIES, (AVG 540319.3529411765)
[1, 4, 10, 23, 57, 132, 301, 701, 1636, 3891, 9122, 21700]...: 4315178: ACCEPTED IN 8 TRIES, (AVG 539397.25)
[1, 4, 10, 23, 57, 132, 301, 701, 1636, 3891, 9122, 21701]...: 8644320: ACCEPTED IN 16 TRIES, (AVG 540270.0)
[1, 4, 10, 23, 57, 132, 301, 701, 1636, 3891, 9122, 21702]...: 8643647: ACCEPTED IN 16 TRIES, (AVG 540227.9375)
[1, 4, 10, 23, 57, 132, 301, 701, 1636, 3891, 9122, 21703]...: 4313609: ACCEPTED IN 8 TRIES, (AVG 539201.125)
[1, 4, 10, 23, 57, 132, 301, 701, 1636, 3891, 9122, 21704]...: 11349261: ACCEPTED IN 21 TRIES, (AVG 540441.0)
[1, 4, 10, 23, 57, 132, 301, 701, 1636, 3891, 9122, 21705]...: 17302104: ACCEPTED IN 32 TRIES, (AVG 540690.75)
[1, 4, 10, 23, 57, 132, 301, 701, 1636, 3891, 9122, 21733]...: 7018993: ACCEPTED IN 13 TRIES, (AVG 539922.5384615385)
[1, 4, 10, 23, 57, 132, 301, 701, 1636, 3891, 9122, 21734]...: 8643697: ACCEPTED IN 16 TRIES, (AVG 540231.0625)
[1, 4, 10, 23, 57, 132, 301, 701, 1636, 3891, 9122, 21735]...: 14595099: ACCEPTED IN 27 TRIES, (AVG 540559.2222222222)
[1, 4, 10, 23, 57, 132, 301, 701, 1636, 3891, 9122, 21736]...: 8643331: ACCEPTED IN 16 TRIES, (AVG 540208.1875)
[1, 4, 10, 23, 57, 132, 301, 701, 1636, 3891, 9122, 21737]...: 5397434: ACCEPTED IN 10 TRIES, (AVG 539743.4)
[1, 4, 10, 23, 57, 132, 301, 701, 1636, 3891, 9122, 21738]...: 13513612: ACCEPTED IN 25 TRIES, (AVG 540544.48)
[1, 4, 10, 23, 57, 132, 301, 701, 1636, 3891, 9122, 21739]...: 12972122: ACCEPTED IN 24 TRIES, (AVG 540505.0833333334)
[1, 4, 10, 23, 57, 132, 301, 701, 1636, 3891, 9122, 21742]...: 5938189: ACCEPTED IN 11 TRIES, (AVG 539835.3636363636)
[1, 4, 10, 23, 57, 132, 301, 701, 1636, 3891, 9122, 21765]...: 4856116: ACCEPTED IN 9 TRIES, (AVG 539568.4444444445)
[1, 4, 10, 23, 57, 132, 301, 701, 1636, 3891, 9122, 21767]...: 12431061: ACCEPTED IN 23 TRIES, (AVG 540480.9130434783)
[1, 4, 10, 23, 57, 132, 301, 701, 1636, 3891, 9122, 21769]...: 7561194: ACCEPTED IN 14 TRIES, (AVG 540085.2857142857)
[1, 4, 10, 23, 57, 132, 301, 701, 1636, 3891, 9122, 21770]...: 14055721: ACCEPTED IN 26 TRIES, (AVG 540604.6538461539)
[1, 4, 10, 23, 57, 132, 301, 701, 1636, 3891, 9122, 21771]...: 11890371: ACCEPTED IN 22 TRIES, (AVG 540471.4090909091)
[1, 4, 10, 23, 57, 132, 301, 701, 1636, 3891, 9122, 21772]...: 12970710: ACCEPTED IN 24 TRIES, (AVG 540446.25)
[1, 4, 10, 23, 57, 132, 301, 701, 1636, 3891, 9122, 21773]...: 7561292: ACCEPTED IN 14 TRIES, (AVG 540092.2857142857)
[1, 4, 10, 23, 57, 132, 301, 701, 1636, 3891, 9122, 21774]...: 12972960: ACCEPTED IN 24 TRIES, (AVG 540540.0)
[1, 4, 10, 23, 57, 132, 301, 701, 1636, 3891, 9122, 21800]...: 9185235: ACCEPTED IN 17 TRIES, (AVG 540307.9411764706)
[1, 4, 10, 23, 57, 132, 301, 701, 1636, 3891, 9122, 21801]...: 12972591: ACCEPTED IN 24 TRIES, (AVG 540524.625)
[1, 4, 10, 23, 57, 132, 301, 701, 1636, 3891, 9122, 21802]...: 12429913: ACCEPTED IN 23 TRIES, (AVG 540431.0)
[1, 4, 10, 23, 57, 132, 301, 701, 1636, 3891, 9122, 21803]...: 9725894: ACCEPTED IN 18 TRIES, (AVG 540327.4444444445)
[1, 4, 10, 23, 57, 132, 301, 701, 1636, 3891, 9122, 21804]...: 5937333: ACCEPTED IN 11 TRIES, (AVG 539757.5454545454)
[1, 4, 10, 23, 57, 132, 301, 701, 1636, 3891, 9122, 21806]...: 7018309: ACCEPTED IN 13 TRIES, (AVG 539869.9230769231)
[1, 4, 10, 23, 57, 132, 301, 701, 1636, 3891, 9122, 21832]...: 4315176: ACCEPTED IN 8 TRIES, (AVG 539397.0)
[1, 4, 10, 23, 57, 132, 301, 701, 1636, 3891, 9122, 21835]...: 9182549: ACCEPTED IN 17 TRIES, (AVG 540149.9411764706)
[1, 4, 10, 23, 57, 132, 301, 701, 1636, 3891, 9122, 21836]...: 9726093: ACCEPTED IN 18 TRIES, (AVG 540338.5)
[1, 4, 10, 23, 57, 132, 301, 701, 1636, 3891, 9122, 21837]...: 7020477: ACCEPTED IN 13 TRIES, (AVG 540036.6923076923)
[1, 4, 10, 23, 57, 132, 301, 701, 1636, 3891, 9122, 21841]...: 4314342: ACCEPTED IN 8 TRIES, (AVG 539292.75)
[1, 4, 10, 23, 57, 132, 301, 701, 1636, 3891, 9122, 21867]...: 8102726: ACCEPTED IN 15 TRIES, (AVG 540181.7333333333)
[1, 4, 10, 23, 57, 132, 301, 701, 1636, 3891, 9122, 21868]...: 7561663: ACCEPTED IN 14 TRIES, (AVG 540118.7857142857)
[1, 4, 10, 23, 57, 132, 301, 701, 1636, 3891, 9122, 21869]...: 9182213: ACCEPTED IN 17 TRIES, (AVG 540130.1764705882)
[1, 4, 10, 23, 57, 132, 301, 701, 1636, 3891, 9122, 21870]...: 6479504: ACCEPTED IN 12 TRIES, (AVG 539958.6666666666)
[1, 4, 10, 23, 57, 132, 301, 701, 1636, 3891, 9122, 21871]...: 15135662: ACCEPTED IN 28 TRIES, (AVG 540559.3571428572)
[1, 4, 10, 23, 57, 132, 301, 701, 1636, 3891, 9122, 21872]...: 7561994: ACCEPTED IN 14 TRIES, (AVG 540142.4285714285)
[1, 4, 10, 23, 57, 132, 301, 701, 1636, 3891, 9122, 21873]...: 8101386: ACCEPTED IN 15 TRIES, (AVG 540092.4)
[1, 4, 10, 23, 57, 132, 301, 701, 1636, 3891, 9122, 21874]...: 14596404: ACCEPTED IN 27 TRIES, (AVG 540607.5555555555)
