[1, 4, 10, 23, 57, 132, 301, 701, 1636, 3818, 8934, 19662]...: 5936730: ACCEPTED IN 11 TRIES, (AVG 539702.7272727273)
[1, 4, 10, 23, 57, 132, 301, 701, 1636, 3818, 8934, 19681]...: 5397530: ACCEPTED IN 10 TRIES, (AVG 539753.0)
[1, 4, 10, 23, 57, 132, 301, 701, 1636, 3818, 8934, 19715]...: 11349522: ACCEPTED IN 21 TRIES, (AVG 540453.4285714285)
[1, 4, 10, 23, 57, 132, 301, 701, 1636, 3818, 8934, 19783]...: 5397432: ACCEPTED IN 10 TRIES, (AVG 539743.2)
[1, 4, 10, 23, 57, 132, 301, 701, 1636, 3818, 8934, 19794]...: 4855831: ACCEPTED IN 9 TRIES, (AVG 539536.7777777778)
[1, 4, 10, 23, 57, 132, 301, 701, 1636, 3818, 8934, 19813]...: 9183623: ACCEPTED IN 17 TRIES, (AVG 540213.1176470588)
[1, 4, 10, 23, 57, 132, 301, 701, 1636, 3818, 8934, 19847]...: 4854824: ACCEPTED IN 9 TRIES, (AVG 539424.8888888889)
[1, 4, 10, 23, 57, 132, 301, 701, 1636, 3818, 8934, 19915]...: 4855342: ACCEPTED IN 9 TRIES, (AVG 539482.4444444445)
[1, 4, 10, 23, 57, 132, 301, 701, 1636, 3818, 8934, 19926]...: 8642343: ACCEPTED IN 16 TRIES, (AVG 540146.4375)
[1, 4, 10, 23, 57, 132, 301, 701, 1636, 3818, 8934, 19949]...: 7020969: ACCEPTED IN 13 TRIES, (AVG 540074.5384615385)
[1, 4, 10, 23, 57, 132, 301, 701, 1636, 3818, 8934, 19979]...: 9183983: ACCEPTED IN 17 TRIES, (AVG 540234.2941176471)
[1, 4, 10, 23, 57, 132, 301, 701, 1636, 3818, 8934, 20016]...: 4856030: ACCEPTED IN 9 TRIES, (AVG 539558.8888888889)
[1, 4, 10, 23, 57, 132, 301, 701, 1636, 3818, 8934, 20047]...: 5397222: ACCEPTED IN 10 TRIES, (AVG 539722.2)
[1, 4, 10, 23, 57, 132, 301, 701, 1636, 3818, 8934, 20058]...: 3232259: ACCEPTED IN 6 TRIES, (AVG 538709.8333333334)
[1, 4, 10, 23, 57, 132, 301, 701, 1636, 3818, 8934, 20081]...: 5397397: ACCEPTED IN 10 TRIES, (AVG 539739.7)
[1, 4, 10, 23, 57, 132, 301, 701, 1636, 3818, 8934, 20148]...: 3230782: ACCEPTED IN 6 TRIES, (AVG 538463.6666666666)
[1, 4, 10, 23, 57, 132, 301, 701, 1636, 3818, 8934, 20190]...: 4314312: ACCEPTED IN 8 TRIES, (AVG 539289.0)
[1, 4, 10, 23, 57, 132, 301, 701, 1636, 3818, 8934, 20213]...: 5395013: ACCEPTED IN 10 TRIES, (AVG 539501.3)
[1, 4, 10, 23, 57, 132, 301, 701, 1636, 3818, 8934, 20250]...: 8102908: ACCEPTED IN 15 TRIES, (AVG 540193.8666666667)
[1, 4, 10, 23, 57, 132, 301, 701, 1636, 3818, 8934, 20280]...: 7561623: ACCEPTED IN 14 TRIES, (AVG 540115.9285714285)
[1, 4, 10, 23, 57, 132, 301, 701, 1636, 3818, 8934, 20322]...: 4854626: ACCEPTED IN 9 TRIES, (AVG 539402.8888888889)
[1, 4, 10, 23, 57, 132, 301, 701, 1636, 3818, 8934, 20382]...: 4314382: ACCEPTED IN 8 TRIES, (AVG 539297.75)
[1, 4, 10, 23, 57, 132, 301, 701, 1636, 3818, 8934, 20416]...: 6478953: ACCEPTED IN 12 TRIES, (AVG 539912.75)
[1, 4, 10, 23, 57, 132, 301, 701, 1636, 3818, 8934, 20454]...: 3232199: ACCEPTED IN 6 TRIES, (AVG 538699.8333333334)
[1, 4, 10, 23, 57, 132, 301, 701, 1636, 3818, 8934, 20484]...: 8101395: ACCEPTED IN 15 TRIES, (AVG 540093.0)
[1, 4, 10, 23, 57, 132, 301, 701, 1636, 3818, 8934, 20514]...: 5937301: ACCEPTED IN 11 TRIES, (AVG 539754.6363636364)
[1, 4, 10, 23, 57, 132, 301, 701, 1636, 3818, 8934, 20586]...: 5395424: ACCEPTED IN 10 TRIES, (AVG 539542.4)
[1, 4, 10, 23, 57, 132, 301, 701, 1636, 3818, 8934, 20616]...: 5397511: ACCEPTED IN 10 TRIES, (AVG 539751.1)
[1, 4, 10, 23, 57, 132, 301, 701, 1636, 3818, 8934, 20650]...: 3773917: ACCEPTED IN 7 TRIES, (AVG 539131.0)
[1, 4, 10, 23, 57, 132, 301, 701, 1636, 3818, 8934, 20717]...: 6478926: ACCEPTED IN 12 TRIES, (AVG 539910.5)
[1, 4, 10, 23, 57, 132, 301, 701, 1636, 3818, 8934, 20718]...: 2690105: ACCEPTED IN 5 TRIES, (AVG 538021.0)
[1, 4, 10, 23, 57, 132, 301, 701, 1636, 3818, 8934, 20748]...: 4855856: ACCEPTED IN 9 TRIES, (AVG 539539.5555555555)
[1, 4, 10, 23, 57, 132, 301, 701, 1636, 3818, 8934, 20782]...: 7020564: ACCEPTED IN 13 TRIES, (AVG 540043.3846153846)
[1, 4, 10, 23, 57, 132, 301, 701, 1636, 3818, 8934, 20850]...: 5394505: ACCEPTED IN 10 TRIES, (AVG 539450.5)
[1, 4, 10, 23, 57, 132, 301, 701, 1636, 3818, 8934, 20914]...: 9184294: ACCEPTED IN 17 TRIES, (AVG 540252.5882352941)
[1, 4, 10, 23, 57, 132, 301, 701, 1636, 3818, 8934, 20951]...: 5397120: ACCEPTED IN 10 TRIES, (AVG 539712.0)
[1, 4, 10, 23, 57, 132, 301, 701, 1636, 3818, 8934, 20982]...: 8102282: ACCEPTED IN 15 TRIES, (AVG 540152.1333333333)
[1, 4, 10, 23, 57, 132, 301, 701, 1636, 3818, 8934, 21083]...: 3230720: ACCEPTED IN 6 TRIES, (AVG 538453.3333333334)
[1, 4, 10, 23, 57, 132, 301, 701, 1636, 3818, 8934, 21185]...: 4314384: ACCEPTED IN 8 TRIES, (AVG 539298.0)
[1, 4, 10, 23, 57, 132, 301, 701, 1636, 3818, 8934, 21215]...: 8642889: ACCEPTED IN 16 TRIES, (AVG 540180.5625)
[1, 4, 10, 23, 57, 132, 301, 701, 1636, 3818, 8934, 21317]...: 4856176: ACCEPTED IN 9 TRIES, (AVG 539575.1111111111)
[1, 4, 10, 23, 57, 132, 301, 701, 1636, 3818, 8934, 21351]...: 4313796: ACCEPTED IN 8 TRIES, (AVG 539224.5)
[1, 4, 10, 23, 57, 132, 301, 701, 1636, 3818, 8934, 21419]...: 7562049: ACCEPTED IN 14 TRIES, (AVG 540146.3571428572)
