[1, 4, 10, 23, 57, 132, 301, 701, 1636, 3818, 8992, 19799]...: 9724584: ACCEPTED IN 18 TRIES, (AVG 540254.6666666666)
[1, 4, 10, 23, 57, 132, 301, 701, 1636, 3818, 8992, 19806]...: 22171470: ACCEPTED IN 41 TRIES, (AVG 540767.5609756098)
[1, 4, 10, 23, 57, 132, 301, 701, 1636, 3818, 8992, 19809]...: 20548423: ACCEPTED IN 38 TRIES, (AVG 540747.9736842106)
[1, 4, 10, 23, 57, 132, 301, 701, 1636, 3818, 8992, 19810]...: 10808783: ACCEPTED IN 20 TRIES, (AVG 540439.15)
[1, 4, 10, 23, 57, 132, 301, 701, 1636, 3818, 8992, 19841]...: 7560936: ACCEPTED IN 14 TRIES, (AVG 540066.8571428572)
[1, 4, 10, 23, 57, 132, 301, 701, 1636, 3818, 8992, 19842]...: 6479419: ACCEPTED IN 12 TRIES, (AVG 539951.5833333334)
[1, 4, 10, 23, 57, 132, 301, 701, 1636, 3818, 8992, 19843]...: 14054053: ACCEPTED IN 26 TRIES, (AVG 540540.5)
[1, 4, 10, 23, 57, 132, 301, 701, 1636, 3818, 8992, 19846]...: 9185484: ACCEPTED IN 17 TRIES, (AVG 540322.5882352941)
[1, 4, 10, 23, 57, 132, 301, 701, 1636, 3818, 8992, 19874]...: 11349800: ACCEPTED IN 21 TRIES, (AVG 540466.6666666666)
[1, 4, 10, 23, 57, 132, 301, 701, 1636, 3818, 8992, 19876]...: 11350009: ACCEPTED IN 21 TRIES, (AVG 540476.619047619)
[1, 4, 10, 23, 57, 132, 301, 701, 1636, 3818, 8992, 19878]...: 17301345: ACCEPTED IN 32 TRIES, (AVG 540667.03125)
[1, 4, 10, 23, 57, 132, 301, 701, 1636, 3818, 8992, 19908]...: 9184438: ACCEPTED IN 17 TRIES, (AVG 540261.0588235294)
[1, 4, 10, 23, 57, 132, 301, 701, 1636, 3818, 8992, 19909]...: 5937922: ACCEPTED IN 11 TRIES, (AVG 539811.0909090909)
[1, 4, 10, 23, 57, 132, 301, 701, 1636, 3818, 8992, 19941]...: 10808912: ACCEPTED IN 20 TRIES, (AVG 540445.6)
[1, 4, 10, 23, 57, 132, 301, 701, 1636, 3818, 8992, 19942]...: 7018640: ACCEPTED IN 13 TRIES, (AVG 539895.3846153846)
[1, 4, 10, 23, 57, 132, 301, 701, 1636, 3818, 8992, 19945]...: 11349413: ACCEPTED IN 21 TRIES, (AVG 540448.2380952381)
[1, 4, 10, 23, 57, 132, 301, 701, 1636, 3818, 8992, 19968]...: 5938424: ACCEPTED IN 11 TRIES, (AVG 539856.7272727273)
[1, 4, 10, 23, 57, 132, 301, 701, 1636, 3818, 8992, 19973]...: 3774124: ACCEPTED IN 7 TRIES, (AVG 539160.5714285715)
[1, 4, 10, 23, 57, 132, 301, 701, 1636, 3818, 8992, 19975]...: 22710982: ACCEPTED IN 42 TRIES, (AVG 540737.6666666666)
[1, 4, 10, 23, 57, 132, 301, 701, 1636, 3818, 8992, 19978]...: 9726357: ACCEPTED IN 18 TRIES, (AVG 540353.1666666666)
[1, 4, 10, 23, 57, 132, 301, 701, 1636, 3818, 8992, 20008]...: 13513720: ACCEPTED IN 25 TRIES, (AVG 540548.8)
[1, 4, 10, 23, 57, 132, 301, 701, 1636, 3818, 8992, 20010]...: 10808178: ACCEPTED IN 20 TRIES, (AVG 540408.9)
[1, 4, 10, 23, 57, 132, 301, 701, 1636, 3818, 8992, 20012]...: 18925874: ACCEPTED IN 35 TRIES, (AVG 540739.2571428572)
[1, 4, 10, 23, 57, 132, 301, 701, 1636, 3818, 8992, 20040]...: 20546981: ACCEPTED IN 38 TRIES, (AVG 540710.0263157894)
[1, 4, 10, 23, 57, 132, 301, 701, 1636, 3818, 8992, 20043]...: 6478220: ACCEPTED IN 12 TRIES, (AVG 539851.6666666666)
[1, 4, 10, 23, 57, 132, 301, 701, 1636, 3818, 8992, 20044]...: 14054786: ACCEPTED IN 26 TRIES, (AVG 540568.6923076923)
[1, 4, 10, 23, 57, 132, 301, 701, 1636, 3818, 8992, 20074]...: 10266041: ACCEPTED IN 19 TRIES, (AVG 540317.947368421)
[1, 4, 10, 23, 57, 132, 301, 701, 1636, 3818, 8992, 20077]...: 6479798: ACCEPTED IN 12 TRIES, (AVG 539983.1666666666)
[1, 4, 10, 23, 57, 132, 301, 701, 1636, 3818, 8992, 20100]...: 5938297: ACCEPTED IN 11 TRIES, (AVG 539845.1818181818)
[1, 4, 10, 23, 57, 132, 301, 701, 1636, 3818, 8992, 20107]...: 4855684: ACCEPTED IN 9 TRIES, (AVG 539520.4444444445)
[1, 4, 10, 23, 57, 132, 301, 701, 1636, 3818, 8992, 20110]...: 5937494: ACCEPTED IN 11 TRIES, (AVG 539772.1818181818)
[1, 4, 10, 23, 57, 132, 301, 701, 1636, 3818, 8992, 20111]...: 22172640: ACCEPTED IN 41 TRIES, (AVG 540796.0975609756)
[1, 4, 10, 23, 57, 132, 301, 701, 1636, 3818, 8992, 20142]...: 7019389: ACCEPTED IN 13 TRIES, (AVG 539953.0)
[1, 4, 10, 23, 57, 132, 301, 701, 1636, 3818, 8992, 20143]...: 9184334: ACCEPTED IN 17 TRIES, (AVG 540254.9411764706)
[1, 4, 10, 23, 57, 132, 301, 701, 1636, 3818, 8992, 20144]...: 12972754: ACCEPTED IN 24 TRIES, (AVG 540531.4166666666)
[1, 4, 10, 23, 57, 132, 301, 701, 1636, 3818, 8992, 20175]...: 9726392: ACCEPTED IN 18 TRIES, (AVG 540355.1111111111)
[1, 4, 10, 23, 57, 132, 301, 701, 1636, 3818, 8992, 20176]...: 11889669: ACCEPTED IN 22 TRIES, (AVG 540439.5)
[1, 4, 10, 23, 57, 132, 301, 701, 1636, 3818, 8992, 20179]...: 6479696: ACCEPTED IN 12 TRIES, (AVG 539974.6666666666)
[1, 4, 10, 23, 57, 132, 301, 701, 1636, 3818, 8992, 20206]...: 9726140: ACCEPTED IN 18 TRIES, (AVG 540341.1111111111)
[1, 4, 10, 23, 57, 132, 301, 701, 1636, 3818, 8992, 20209]...: 12972265: ACCEPTED IN 24 TRIES, (AVG 540511.0416666666)
[1, 4, 10, 23, 57, 132, 301, 701, 1636, 3818, 8992, 20210]...: 9185397: ACCEPTED IN 17 TRIES, (AVG 540317.4705882353)
[1, 4, 10, 23, 57, 132, 301, 701, 1636, 3818, 8992, 20242]...: 7558318: ACCEPTED IN 14 TRIES, (AVG 539879.8571428572)
[1, 4, 10, 23, 57, 132, 301, 701, 1636, 3818, 8992, 20243]...: 7561606: ACCEPTED IN 14 TRIES, (AVG 540114.7142857143)
[1, 4, 10, 23, 57, 132, 301, 701, 1636, 3818, 8992, 20246]...: 5397571: ACCEPTED IN 10 TRIES, (AVG 539757.1)
[1, 4, 10, 23, 57, 132, 301, 701, 1636, 3818, 8992, 20274]...: 27583493: ACCEPTED IN 51 TRIES, (AVG 540852.8039215687)
[1, 4, 10, 23, 57, 132, 301, 701, 1636, 3818, 8992, 20276]...: 10807167: ACCEPTED IN 20 TRIES, (AVG 540358.35)
[1, 4, 10, 23, 57, 132, 301, 701, 1636, 3818, 8992, 20278]...: 8643646: ACCEPTED IN 16 TRIES, (AVG 540227.875)
[1, 4, 10, 23, 57, 132, 301, 701, 1636, 3818, 8992, 20308]...: 10265112: ACCEPTED IN 19 TRIES, (AVG 540269.052631579)
[1, 4, 10, 23, 57, 132, 301, 701, 1636, 3818, 8992, 20309]...: 9185047: ACCEPTED IN 17 TRIES, (AVG 540296.8823529412)
[1, 4, 10, 23, 57, 132, 301, 701, 1636, 3818, 8992, 20311]...: 5937826: ACCEPTED IN 11 TRIES, (AVG 539802.3636363636)
[1, 4, 10, 23, 57, 132, 301, 701, 1636, 3818, 8992, 20313]...: 9726143: ACCEPTED IN 18 TRIES, (AVG 540341.2777777778)
[1, 4, 10, 23, 57, 132, 301, 701, 1636, 3818, 8992, 20341]...: 7020558: ACCEPTED IN 13 TRIES, (AVG 540042.9230769231)
[1, 4, 10, 23, 57, 132, 301, 701, 1636, 3818, 8992, 20344]...: 9182267: ACCEPTED IN 17 TRIES, (AVG 540133.3529411765)
[1, 4, 10, 23, 57, 132, 301, 701, 1636, 3818, 8992, 20345]...: 5396623: ACCEPTED IN 10 TRIES, (AVG 539662.3)
[1, 4, 10, 23, 57, 132, 301, 701, 1636, 3818, 8992, 20375]...: 5938712: ACCEPTED IN 11 TRIES, (AVG 539882.9090909091)
[1, 4, 10, 23, 57, 132, 301, 701, 1636, 3818, 8992, 20378]...: 15678506: ACCEPTED IN 29 TRIES, (AVG 540638.1379310344)
[1, 4, 10, 23, 57, 132, 301, 701, 1636, 3818, 8992, 20408]...: 7019752: ACCEPTED IN 13 TRIES, (AVG 539980.9230769231)
[1, 4, 10, 23, 57, 132, 301, 701, 1636, 3818, 8992, 20410]...: 9184521: ACCEPTED IN 17 TRIES, (AVG 540265.9411764706)
[1, 4, 10, 23, 57, 132, 301, 701, 1636, 3818, 8992, 20412]...: 22169986: ACCEPTED IN 41 TRIES, (AVG 540731.3658536585)
[1, 4, 10, 23, 57, 132, 301, 701, 1636, 3818, 8992, 20440]...: 9184945: ACCEPTED IN 17 TRIES, (AVG 540290.8823529412)
[1, 4, 10, 23, 57, 132, 301, 701, 1636, 3818, 8992, 20443]...: 18925278: ACCEPTED IN 35 TRIES, (AVG 540722.2285714286)
[1, 4, 10, 23, 57, 132, 301, 701, 1636, 3818, 8992, 20444]...: 4314822: ACCEPTED IN 8 TRIES, (AVG 539352.75)
[1, 4, 10, 23, 57, 132, 301, 701, 1636, 3818, 8992, 20445]...: 18923502: ACCEPTED IN 35 TRIES, (AVG 540671.4857142858)
[1, 4, 10, 23, 57, 132, 301, 701, 1636, 3818, 8992, 20476]...: 4855541: ACCEPTED IN 9 TRIES, (AVG 539504.5555555555)
[1, 4, 10, 23, 57, 132, 301, 701, 1636, 3818, 8992, 20477]...: 7559500: ACCEPTED IN 14 TRIES, (AVG 539964.2857142857)
[1, 4, 10, 23, 57, 132, 301, 701, 1636, 3818, 8992, 20480]...: 5394668: ACCEPTED IN 10 TRIES, (AVG 539466.8)
[1, 4, 10, 23, 57, 132, 301, 701, 1636, 3818, 8992, 20507]...: 7561303: ACCEPTED IN 14 TRIES, (AVG 540093.0714285715)
[1, 4, 10, 23, 57, 132, 301, 701, 1636, 3818, 8992, 20510]...: 7020467: ACCEPTED IN 13 TRIES, (AVG 540035.9230769231)
[1, 4, 10, 23, 57, 132, 301, 701, 1636, 3818, 8992, 20511]...: 14595495: ACCEPTED IN 27 TRIES, (AVG 540573.8888888889)
[1, 4, 10, 23, 57, 132, 301, 701, 1636, 3818, 8992, 20542]...: 6479737: ACCEPTED IN 12 TRIES, (AVG 539978.0833333334)
[1, 4, 10, 23, 57, 132, 301, 701, 1636, 3818, 8992, 20543]...: 7560140: ACCEPTED IN 14 TRIES, (AVG 540010.0)
[1, 4, 10, 23, 57, 132, 301, 701, 1636, 3818, 8992, 20544]...: 11349470: ACCEPTED IN 21 TRIES, (AVG 540450.9523809524)
[1, 4, 10, 23, 57, 132, 301, 701, 1636, 3818, 8992, 20547]...: 5935440: ACCEPTED IN 11 TRIES, (AVG 539585.4545454546)
[1, 4, 10, 23, 57, 132, 301, 701, 1636, 3818, 8992, 20575]...: 6477939: ACCEPTED IN 12 TRIES, (AVG 539828.25)
[1, 4, 10, 23, 57, 132, 301, 701, 1636, 3818, 8992, 20577]...: 6477522: ACCEPTED IN 12 TRIES, (AVG 539793.5)
[1, 4, 10, 23, 57, 132, 301, 701, 1636, 3818, 8992, 20579]...: 9184864: ACCEPTED IN 17 TRIES, (AVG 540286.1176470588)
[1, 4, 10, 23, 57, 132, 301, 701, 1636, 3818, 8992, 20609]...: 7562119: ACCEPTED IN 14 TRIES, (AVG 540151.3571428572)
[1, 4, 10, 23, 57, 132, 301, 701, 1636, 3818, 8992, 20610]...: 18384119: ACCEPTED IN 34 TRIES, (AVG 540709.3823529412)
[1, 4, 10, 23, 57, 132, 301, 701, 1636, 3818, 8992, 20612]...: 19464880: ACCEPTED IN 36 TRIES, (AVG 540691.1111111111)
[1, 4, 10, 23, 57, 132, 301, 701, 1636, 3818, 8992, 20642]...: 7019685: ACCEPTED IN 13 TRIES, (AVG 539975.7692307692)
[1, 4, 10, 23, 57, 132, 301, 701, 1636, 3818, 8992, 20643]...: 23253640: ACCEPTED IN 43 TRIES, (AVG 540782.3255813953)
[1, 4, 10, 23, 57, 132, 301, 701, 1636, 3818, 8992, 20646]...: 5935946: ACCEPTED IN 11 TRIES, (AVG 539631.4545454546)
[1, 4, 10, 23, 57, 132, 301, 701, 1636, 3818, 8992, 20674]...: 11347649: ACCEPTED IN 21 TRIES, (AVG 540364.2380952381)
[1, 4, 10, 23, 57, 132, 301, 701, 1636, 3818, 8992, 20676]...: 6479494: ACCEPTED IN 12 TRIES, (AVG 539957.8333333334)
[1, 4, 10, 23, 57, 132, 301, 701, 1636, 3818, 8992, 20679]...: 10806615: ACCEPTED IN 20 TRIES, (AVG 540330.75)
[1, 4, 10, 23, 57, 132, 301, 701, 1636, 3818, 8992, 20709]...: 12972390: ACCEPTED IN 24 TRIES, (AVG 540516.25)
[1, 4, 10, 23, 57, 132, 301, 701, 1636, 3818, 8992, 20711]...: 11348212: ACCEPTED IN 21 TRIES, (AVG 540391.0476190476)
[1, 4, 10, 23, 57, 132, 301, 701, 1636, 3818, 8992, 20713]...: 4855558: ACCEPTED IN 9 TRIES, (AVG 539506.4444444445)
[1, 4, 10, 23, 57, 132, 301, 701, 1636, 3818, 8992, 20741]...: 6478472: ACCEPTED IN 12 TRIES, (AVG 539872.6666666666)
[1, 4, 10, 23, 57, 132, 301, 701, 1636, 3818, 8992, 20744]...: 9184390: ACCEPTED IN 17 TRIES, (AVG 540258.2352941176)
[1, 4, 10, 23, 57, 132, 301, 701, 1636, 3818, 8992, 20745]...: 5938100: ACCEPTED IN 11 TRIES, (AVG 539827.2727272727)
[1, 4, 10, 23, 57, 132, 301, 701, 1636, 3818, 8992, 20775]...: 10266531: ACCEPTED IN 19 TRIES, (AVG 540343.7368421053)
[1, 4, 10, 23, 57, 132, 301, 701, 1636, 3818, 8992, 20776]...: 16219989: ACCEPTED IN 30 TRIES, (AVG 540666.3)
[1, 4, 10, 23, 57, 132, 301, 701, 1636, 3818, 8992, 20777]...: 6479442: ACCEPTED IN 12 TRIES, (AVG 539953.5)
[1, 4, 10, 23, 57, 132, 301, 701, 1636, 3818, 8992, 20778]...: 6478445: ACCEPTED IN 12 TRIES, (AVG 539870.4166666666)
[1, 4, 10, 23, 57, 132, 301, 701, 1636, 3818, 8992, 20781]...: 9726130: ACCEPTED IN 18 TRIES, (AVG 540340.5555555555)
[1, 4, 10, 23, 57, 132, 301, 701, 1636, 3818, 8992, 20808]...: 7560242: ACCEPTED IN 14 TRIES, (AVG 540017.2857142857)
[1, 4, 10, 23, 57, 132, 301, 701, 1636, 3818, 8992, 20811]...: 9723219: ACCEPTED IN 18 TRIES, (AVG 540178.8333333334)
[1, 4, 10, 23, 57, 132, 301, 701, 1636, 3818, 8992, 20812]...: 10266785: ACCEPTED IN 19 TRIES, (AVG 540357.1052631579)
[1, 4, 10, 23, 57, 132, 301, 701, 1636, 3818, 8992, 20843]...: 7561211: ACCEPTED IN 14 TRIES, (AVG 540086.5)
[1, 4, 10, 23, 57, 132, 301, 701, 1636, 3818, 8992, 20844]...: 11349073: ACCEPTED IN 21 TRIES, (AVG 540432.0476190476)
[1, 4, 10, 23, 57, 132, 301, 701, 1636, 3818, 8992, 20845]...: 9726648: ACCEPTED IN 18 TRIES, (AVG 540369.3333333334)
[1, 4, 10, 23, 57, 132, 301, 701, 1636, 3818, 8992, 20876]...: 7561445: ACCEPTED IN 14 TRIES, (AVG 540103.2142857143)
[1, 4, 10, 23, 57, 132, 301, 701, 1636, 3818, 8992, 20877]...: 9725943: ACCEPTED IN 18 TRIES, (AVG 540330.1666666666)
[1, 4, 10, 23, 57, 132, 301, 701, 1636, 3818, 8992, 20880]...: 11349367: ACCEPTED IN 21 TRIES, (AVG 540446.0476190476)
[1, 4, 10, 23, 57, 132, 301, 701, 1636, 3818, 8992, 20907]...: 10808139: ACCEPTED IN 20 TRIES, (AVG 540406.95)
[1, 4, 10, 23, 57, 132, 301, 701, 1636, 3818, 8992, 20908]...: 5938111: ACCEPTED IN 11 TRIES, (AVG 539828.2727272727)
[1, 4, 10, 23, 57, 132, 301, 701, 1636, 3818, 8992, 20910]...: 12972039: ACCEPTED IN 24 TRIES, (AVG 540501.625)
[1, 4, 10, 23, 57, 132, 301, 701, 1636, 3818, 8992, 20911]...: 14055670: ACCEPTED IN 26 TRIES, (AVG 540602.6923076923)
[1, 4, 10, 23, 57, 132, 301, 701, 1636, 3818, 8992, 20913]...: 9726160: ACCEPTED IN 18 TRIES, (AVG 540342.2222222222)
[1, 4, 10, 23, 57, 132, 301, 701, 1636, 3818, 8992, 20943]...: 7560357: ACCEPTED IN 14 TRIES, (AVG 540025.5)
[1, 4, 10, 23, 57, 132, 301, 701, 1636, 3818, 8992, 20944]...: 21631328: ACCEPTED IN 40 TRIES, (AVG 540783.2)
[1, 4, 10, 23, 57, 132, 301, 701, 1636, 3818, 8992, 20947]...: 6479243: ACCEPTED IN 12 TRIES, (AVG 539936.9166666666)
[1, 4, 10, 23, 57, 132, 301, 701, 1636, 3818, 8992, 20975]...: 5937973: ACCEPTED IN 11 TRIES, (AVG 539815.7272727273)
[1, 4, 10, 23, 57, 132, 301, 701, 1636, 3818, 8992, 20977]...: 9182717: ACCEPTED IN 17 TRIES, (AVG 540159.8235294118)
[1, 4, 10, 23, 57, 132, 301, 701, 1636, 3818, 8992, 20979]...: 14055222: ACCEPTED IN 26 TRIES, (AVG 540585.4615384615)
[1, 4, 10, 23, 57, 132, 301, 701, 1636, 3818, 8992, 21009]...: 9184323: ACCEPTED IN 17 TRIES, (AVG 540254.2941176471)
[1, 4, 10, 23, 57, 132, 301, 701, 1636, 3818, 8992, 21010]...: 6479850: ACCEPTED IN 12 TRIES, (AVG 539987.5)
[1, 4, 10, 23, 57, 132, 301, 701, 1636, 3818, 8992, 21012]...: 20007034: ACCEPTED IN 37 TRIES, (AVG 540730.6486486486)
[1, 4, 10, 23, 57, 132, 301, 701, 1636, 3818, 8992, 21014]...: 13514413: ACCEPTED IN 25 TRIES, (AVG 540576.52)
[1, 4, 10, 23, 57, 132, 301, 701, 1636, 3818, 8992, 21042]...: 11890700: ACCEPTED IN 22 TRIES, (AVG 540486.3636363636)
[1, 4, 10, 23, 57, 132, 301, 701, 1636, 3818, 8992, 21045]...: 10808860: ACCEPTED IN 20 TRIES, (AVG 540443.0)
[1, 4, 10, 23, 57, 132, 301, 701, 1636, 3818, 8992, 21046]...: 18923871: ACCEPTED IN 35 TRIES, (AVG 540682.0285714286)
[1, 4, 10, 23, 57, 132, 301, 701, 1636, 3818, 8992, 21076]...: 7559294: ACCEPTED IN 14 TRIES, (AVG 539949.5714285715)
[1, 4, 10, 23, 57, 132, 301, 701, 1636, 3818, 8992, 21077]...: 14594700: ACCEPTED IN 27 TRIES, (AVG 540544.4444444445)
[1, 4, 10, 23, 57, 132, 301, 701, 1636, 3818, 8992, 21078]...: 5937672: ACCEPTED IN 11 TRIES, (AVG 539788.3636363636)
[1, 4, 10, 23, 57, 132, 301, 701, 1636, 3818, 8992, 21079]...: 12432270: ACCEPTED IN 23 TRIES, (AVG 540533.4782608695)
[1, 4, 10, 23, 57, 132, 301, 701, 1636, 3818, 8992, 21109]...: 10264460: ACCEPTED IN 19 TRIES, (AVG 540234.7368421053)
[1, 4, 10, 23, 57, 132, 301, 701, 1636, 3818, 8992, 21111]...: 10808037: ACCEPTED IN 20 TRIES, (AVG 540401.85)
[1, 4, 10, 23, 57, 132, 301, 701, 1636, 3818, 8992, 21113]...: 5937396: ACCEPTED IN 11 TRIES, (AVG 539763.2727272727)
[1, 4, 10, 23, 57, 132, 301, 701, 1636, 3818, 8992, 21141]...: 14596577: ACCEPTED IN 27 TRIES, (AVG 540613.9629629629)
[1, 4, 10, 23, 57, 132, 301, 701, 1636, 3818, 8992, 21144]...: 4856327: ACCEPTED IN 9 TRIES, (AVG 539591.8888888889)
[1, 4, 10, 23, 57, 132, 301, 701, 1636, 3818, 8992, 21145]...: 7020935: ACCEPTED IN 13 TRIES, (AVG 540071.9230769231)
[1, 4, 10, 23, 57, 132, 301, 701, 1636, 3818, 8992, 21146]...: 10266826: ACCEPTED IN 19 TRIES, (AVG 540359.2631578947)
[1, 4, 10, 23, 57, 132, 301, 701, 1636, 3818, 8992, 21177]...: 7561300: ACCEPTED IN 14 TRIES, (AVG 540092.8571428572)
[1, 4, 10, 23, 57, 132, 301, 701, 1636, 3818, 8992, 21178]...: 20007748: ACCEPTED IN 37 TRIES, (AVG 540749.9459459459)
[1, 4, 10, 23, 57, 132, 301, 701, 1636, 3818, 8992, 21181]...: 7020930: ACCEPTED IN 13 TRIES, (AVG 540071.5384615385)
[1, 4, 10, 23, 57, 132, 301, 701, 1636, 3818, 8992, 21208]...: 8642557: ACCEPTED IN 16 TRIES, (AVG 540159.8125)
[1, 4, 10, 23, 57, 132, 301, 701, 1636, 3818, 8992, 21209]...: 11348673: ACCEPTED IN 21 TRIES, (AVG 540413.0)
[1, 4, 10, 23, 57, 132, 301, 701, 1636, 3818, 8992, 21211]...: 7019790: ACCEPTED IN 13 TRIES, (AVG 539983.8461538461)
[1, 4, 10, 23, 57, 132, 301, 701, 1636, 3818, 8992, 21212]...: 9185319: ACCEPTED IN 17 TRIES, (AVG 540312.8823529412)
[1, 4, 10, 23, 57, 132, 301, 701, 1636, 3818, 8992, 21213]...: 7561458: ACCEPTED IN 14 TRIES, (AVG 540104.1428571428)
[1, 4, 10, 23, 57, 132, 301, 701, 1636, 3818, 8992, 21243]...: 5397404: ACCEPTED IN 10 TRIES, (AVG 539740.4)
[1, 4, 10, 23, 57, 132, 301, 701, 1636, 3818, 8992, 21244]...: 7020888: ACCEPTED IN 13 TRIES, (AVG 540068.3076923077)
[1, 4, 10, 23, 57, 132, 301, 701, 1636, 3818, 8992, 21245]...: 9185181: ACCEPTED IN 17 TRIES, (AVG 540304.7647058824)
[1, 4, 10, 23, 57, 132, 301, 701, 1636, 3818, 8992, 21248]...: 6479617: ACCEPTED IN 12 TRIES, (AVG 539968.0833333334)
[1, 4, 10, 23, 57, 132, 301, 701, 1636, 3818, 8992, 21276]...: 4853626: ACCEPTED IN 9 TRIES, (AVG 539291.7777777778)
[1, 4, 10, 23, 57, 132, 301, 701, 1636, 3818, 8992, 21278]...: 9726104: ACCEPTED IN 18 TRIES, (AVG 540339.1111111111)
[1, 4, 10, 23, 57, 132, 301, 701, 1636, 3818, 8992, 21280]...: 9184711: ACCEPTED IN 17 TRIES, (AVG 540277.1176470588)
[1, 4, 10, 23, 57, 132, 301, 701, 1636, 3818, 8992, 21310]...: 7560820: ACCEPTED IN 14 TRIES, (AVG 540058.5714285715)
[1, 4, 10, 23, 57, 132, 301, 701, 1636, 3818, 8992, 21311]...: 7020342: ACCEPTED IN 13 TRIES, (AVG 540026.3076923077)
[1, 4, 10, 23, 57, 132, 301, 701, 1636, 3818, 8992, 21313]...: 9185374: ACCEPTED IN 17 TRIES, (AVG 540316.1176470588)
[1, 4, 10, 23, 57, 132, 301, 701, 1636, 3818, 8992, 21343]...: 7020701: ACCEPTED IN 13 TRIES, (AVG 540053.9230769231)
[1, 4, 10, 23, 57, 132, 301, 701, 1636, 3818, 8992, 21344]...: 5937213: ACCEPTED IN 11 TRIES, (AVG 539746.6363636364)
[1, 4, 10, 23, 57, 132, 301, 701, 1636, 3818, 8992, 21345]...: 10266566: ACCEPTED IN 19 TRIES, (AVG 540345.5789473684)
[1, 4, 10, 23, 57, 132, 301, 701, 1636, 3818, 8992, 21347]...: 11349649: ACCEPTED IN 21 TRIES, (AVG 540459.4761904762)
[1, 4, 10, 23, 57, 132, 301, 701, 1636, 3818, 8992, 21375]...: 10267244: ACCEPTED IN 19 TRIES, (AVG 540381.2631578947)
[1, 4, 10, 23, 57, 132, 301, 701, 1636, 3818, 8992, 21377]...: 6479840: ACCEPTED IN 12 TRIES, (AVG 539986.6666666666)
[1, 4, 10, 23, 57, 132, 301, 701, 1636, 3818, 8992, 21378]...: 7019806: ACCEPTED IN 13 TRIES, (AVG 539985.0769230769)
[1, 4, 10, 23, 57, 132, 301, 701, 1636, 3818, 8992, 21379]...: 5396016: ACCEPTED IN 10 TRIES, (AVG 539601.6)
[1, 4, 10, 23, 57, 132, 301, 701, 1636, 3818, 8992, 21380]...: 9183366: ACCEPTED IN 17 TRIES, (AVG 540198.0)
[1, 4, 10, 23, 57, 132, 301, 701, 1636, 3818, 8992, 21410]...: 9725405: ACCEPTED IN 18 TRIES, (AVG 540300.2777777778)
[1, 4, 10, 23, 57, 132, 301, 701, 1636, 3818, 8992, 21412]...: 10807743: ACCEPTED IN 20 TRIES, (AVG 540387.15)
[1, 4, 10, 23, 57, 132, 301, 701, 1636, 3818, 8992, 21414]...: 10808807: ACCEPTED IN 20 TRIES, (AVG 540440.35)
[1, 4, 10, 23, 57, 132, 301, 701, 1636, 3818, 8992, 21442]...: 11349085: ACCEPTED IN 21 TRIES, (AVG 540432.619047619)
[1, 4, 10, 23, 57, 132, 301, 701, 1636, 3818, 8992, 21445]...: 7561739: ACCEPTED IN 14 TRIES, (AVG 540124.2142857143)
[1, 4, 10, 23, 57, 132, 301, 701, 1636, 3818, 8992, 21446]...: 7561746: ACCEPTED IN 14 TRIES, (AVG 540124.7142857143)
[1, 4, 10, 23, 57, 132, 301, 701, 1636, 3818, 8992, 21477]...: 5396003: ACCEPTED IN 10 TRIES, (AVG 539600.3)
[1, 4, 10, 23, 57, 132, 301, 701, 1636, 3818, 8992, 21478]...: 5394024: ACCEPTED IN 10 TRIES, (AVG 539402.4)
[1, 4, 10, 23, 57, 132, 301, 701, 1636, 3818, 8992, 21479]...: 10266623: ACCEPTED IN 19 TRIES, (AVG 540348.5789473684)
[1, 4, 10, 23, 57, 132, 301, 701, 1636, 3818, 8992, 21482]...: 8644243: ACCEPTED IN 16 TRIES, (AVG 540265.1875)
[1, 4, 10, 23, 57, 132, 301, 701, 1636, 3818, 8992, 21509]...: 8643730: ACCEPTED IN 16 TRIES, (AVG 540233.125)
[1, 4, 10, 23, 57, 132, 301, 701, 1636, 3818, 8992, 21510]...: 7020909: ACCEPTED IN 13 TRIES, (AVG 540069.9230769231)
[1, 4, 10, 23, 57, 132, 301, 701, 1636, 3818, 8992, 21512]...: 7561428: ACCEPTED IN 14 TRIES, (AVG 540102.0)
[1, 4, 10, 23, 57, 132, 301, 701, 1636, 3818, 8992, 21513]...: 8103238: ACCEPTED IN 15 TRIES, (AVG 540215.8666666667)
[1, 4, 10, 23, 57, 132, 301, 701, 1636, 3818, 8992, 21514]...: 5938529: ACCEPTED IN 11 TRIES, (AVG 539866.2727272727)
[1, 4, 10, 23, 57, 132, 301, 701, 1636, 3818, 8992, 21544]...: 10267606: ACCEPTED IN 19 TRIES, (AVG 540400.3157894737)
[1, 4, 10, 23, 57, 132, 301, 701, 1636, 3818, 8992, 21545]...: 9182857: ACCEPTED IN 17 TRIES, (AVG 540168.0588235294)
[1, 4, 10, 23, 57, 132, 301, 701, 1636, 3818, 8992, 21546]...: 6478914: ACCEPTED IN 12 TRIES, (AVG 539909.5)
[1, 4, 10, 23, 57, 132, 301, 701, 1636, 3818, 8992, 21577]...: 9184365: ACCEPTED IN 17 TRIES, (AVG 540256.7647058824)
[1, 4, 10, 23, 57, 132, 301, 701, 1636, 3818, 8992, 21578]...: 9184244: ACCEPTED IN 17 TRIES, (AVG 540249.6470588235)
