[1, 4, 10, 23, 57, 132, 301, 701, 1636, 3818, 8770, 19319]...: 40030225: ACCEPTED IN 74 TRIES, (AVG 540948.9864864865)
[1, 4, 10, 23, 57, 132, 301, 701, 1636, 3818, 8770, 19323]...: 15678446: ACCEPTED IN 29 TRIES, (AVG 540636.0689655172)
[1, 4, 10, 23, 57, 132, 301, 701, 1636, 3818, 8770, 19353]...: 19465724: ACCEPTED IN 36 TRIES, (AVG 540714.5555555555)
[1, 4, 10, 23, 57, 132, 301, 701, 1636, 3818, 8770, 19355]...: 15137241: ACCEPTED IN 28 TRIES, (AVG 540615.75)
[1, 4, 10, 23, 57, 132, 301, 701, 1636, 3818, 8770, 19356]...: 59510455: ACCEPTED IN 110 TRIES, (AVG 541004.1363636364)
[1, 4, 10, 23, 57, 132, 301, 701, 1636, 3818, 8770, 19360]...: 17301680: ACCEPTED IN 32 TRIES, (AVG 540677.5)
[1, 4, 10, 23, 57, 132, 301, 701, 1636, 3818, 8770, 19386]...: 17843324: ACCEPTED IN 33 TRIES, (AVG 540706.7878787878)
[1, 4, 10, 23, 57, 132, 301, 701, 1636, 3818, 8770, 19390]...: 19467015: ACCEPTED IN 36 TRIES, (AVG 540750.4166666666)
[1, 4, 10, 23, 57, 132, 301, 701, 1636, 3818, 8770, 19393]...: 23795993: ACCEPTED IN 44 TRIES, (AVG 540818.0227272727)
[1, 4, 10, 23, 57, 132, 301, 701, 1636, 3818, 8770, 19397]...: 12972220: ACCEPTED IN 24 TRIES, (AVG 540509.1666666666)
[1, 4, 10, 23, 57, 132, 301, 701, 1636, 3818, 8770, 19418]...: 18380794: ACCEPTED IN 34 TRIES, (AVG 540611.5882352941)
[1, 4, 10, 23, 57, 132, 301, 701, 1636, 3818, 8770, 19422]...: 29748165: ACCEPTED IN 55 TRIES, (AVG 540875.7272727273)
[1, 4, 10, 23, 57, 132, 301, 701, 1636, 3818, 8770, 19423]...: 11349799: ACCEPTED IN 21 TRIES, (AVG 540466.619047619)
[1, 4, 10, 23, 57, 132, 301, 701, 1636, 3818, 8770, 19434]...: 19466192: ACCEPTED IN 36 TRIES, (AVG 540727.5555555555)
[1, 4, 10, 23, 57, 132, 301, 701, 1636, 3818, 8770, 19455]...: 60051853: ACCEPTED IN 111 TRIES, (AVG 541007.6846846847)
[1, 4, 10, 23, 57, 132, 301, 701, 1636, 3818, 8770, 19485]...: 14594856: ACCEPTED IN 27 TRIES, (AVG 540550.2222222222)
[1, 4, 10, 23, 57, 132, 301, 701, 1636, 3818, 8770, 19488]...: 28124989: ACCEPTED IN 52 TRIES, (AVG 540865.1730769231)
[1, 4, 10, 23, 57, 132, 301, 701, 1636, 3818, 8770, 19489]...: 25960734: ACCEPTED IN 48 TRIES, (AVG 540848.625)
[1, 4, 10, 23, 57, 132, 301, 701, 1636, 3818, 8770, 19492]...: 26500909: ACCEPTED IN 49 TRIES, (AVG 540834.8775510204)
[1, 4, 10, 23, 57, 132, 301, 701, 1636, 3818, 8770, 19520]...: 38947518: ACCEPTED IN 72 TRIES, (AVG 540937.75)
[1, 4, 10, 23, 57, 132, 301, 701, 1636, 3818, 8770, 19521]...: 21630939: ACCEPTED IN 40 TRIES, (AVG 540773.475)
[1, 4, 10, 23, 57, 132, 301, 701, 1636, 3818, 8770, 19522]...: 14595418: ACCEPTED IN 27 TRIES, (AVG 540571.0370370371)
[1, 4, 10, 23, 57, 132, 301, 701, 1636, 3818, 8770, 19524]...: 38405839: ACCEPTED IN 71 TRIES, (AVG 540927.309859155)
[1, 4, 10, 23, 57, 132, 301, 701, 1636, 3818, 8770, 19525]...: 23254322: ACCEPTED IN 43 TRIES, (AVG 540798.1860465116)
[1, 4, 10, 23, 57, 132, 301, 701, 1636, 3818, 8770, 19529]...: 3232513: ACCEPTED IN 6 TRIES, (AVG 538752.1666666666)
[1, 4, 10, 23, 57, 132, 301, 701, 1636, 3818, 8770, 19555]...: 14055485: ACCEPTED IN 26 TRIES, (AVG 540595.5769230769)
[1, 4, 10, 23, 57, 132, 301, 701, 1636, 3818, 8770, 19566]...: 11349706: ACCEPTED IN 21 TRIES, (AVG 540462.1904761905)
[1, 4, 10, 23, 57, 132, 301, 701, 1636, 3818, 8770, 19587]...: 17302470: ACCEPTED IN 32 TRIES, (AVG 540702.1875)
[1, 4, 10, 23, 57, 132, 301, 701, 1636, 3818, 8770, 19588]...: 44358907: ACCEPTED IN 82 TRIES, (AVG 540962.2804878049)
[1, 4, 10, 23, 57, 132, 301, 701, 1636, 3818, 8770, 19620]...: 77368503: ACCEPTED IN 143 TRIES, (AVG 541038.4825174825)
[1, 4, 10, 23, 57, 132, 301, 701, 1636, 3818, 8770, 19621]...: 30829996: ACCEPTED IN 57 TRIES, (AVG 540877.1228070175)
[1, 4, 10, 23, 57, 132, 301, 701, 1636, 3818, 8770, 19624]...: 19466982: ACCEPTED IN 36 TRIES, (AVG 540749.5)
[1, 4, 10, 23, 57, 132, 301, 701, 1636, 3818, 8770, 19654]...: 10267598: ACCEPTED IN 19 TRIES, (AVG 540399.8947368421)
[1, 4, 10, 23, 57, 132, 301, 701, 1636, 3818, 8770, 19656]...: 12973072: ACCEPTED IN 24 TRIES, (AVG 540544.6666666666)
[1, 4, 10, 23, 57, 132, 301, 701, 1636, 3818, 8770, 19657]...: 14055566: ACCEPTED IN 26 TRIES, (AVG 540598.6923076923)
[1, 4, 10, 23, 57, 132, 301, 701, 1636, 3818, 8770, 19661]...: 11889899: ACCEPTED IN 22 TRIES, (AVG 540449.9545454546)
[1, 4, 10, 23, 57, 132, 301, 701, 1636, 3818, 8770, 19687]...: 10266656: ACCEPTED IN 19 TRIES, (AVG 540350.3157894737)
[1, 4, 10, 23, 57, 132, 301, 701, 1636, 3818, 8770, 19691]...: 17843265: ACCEPTED IN 33 TRIES, (AVG 540705.0)
[1, 4, 10, 23, 57, 132, 301, 701, 1636, 3818, 8770, 19698]...: 8102031: ACCEPTED IN 15 TRIES, (AVG 540135.4)
[1, 4, 10, 23, 57, 132, 301, 701, 1636, 3818, 8770, 19719]...: 38405932: ACCEPTED IN 71 TRIES, (AVG 540928.6197183098)
[1, 4, 10, 23, 57, 132, 301, 701, 1636, 3818, 8770, 19723]...: 18383391: ACCEPTED IN 34 TRIES, (AVG 540687.9705882353)
[1, 4, 10, 23, 57, 132, 301, 701, 1636, 3818, 8770, 19753]...: 19466187: ACCEPTED IN 36 TRIES, (AVG 540727.4166666666)
[1, 4, 10, 23, 57, 132, 301, 701, 1636, 3818, 8770, 19756]...: 19466984: ACCEPTED IN 36 TRIES, (AVG 540749.5555555555)
[1, 4, 10, 23, 57, 132, 301, 701, 1636, 3818, 8770, 19786]...: 13514506: ACCEPTED IN 25 TRIES, (AVG 540580.24)
[1, 4, 10, 23, 57, 132, 301, 701, 1636, 3818, 8770, 19789]...: 39488339: ACCEPTED IN 73 TRIES, (AVG 540936.1506849315)
[1, 4, 10, 23, 57, 132, 301, 701, 1636, 3818, 8770, 19790]...: 14596852: ACCEPTED IN 27 TRIES, (AVG 540624.1481481482)
[1, 4, 10, 23, 57, 132, 301, 701, 1636, 3818, 8770, 19793]...: 19464927: ACCEPTED IN 36 TRIES, (AVG 540692.4166666666)
[1, 4, 10, 23, 57, 132, 301, 701, 1636, 3818, 8770, 19821]...: 20007231: ACCEPTED IN 37 TRIES, (AVG 540735.972972973)
[1, 4, 10, 23, 57, 132, 301, 701, 1636, 3818, 8770, 19822]...: 11348915: ACCEPTED IN 21 TRIES, (AVG 540424.5238095238)
[1, 4, 10, 23, 57, 132, 301, 701, 1636, 3818, 8770, 19823]...: 17300363: ACCEPTED IN 32 TRIES, (AVG 540636.34375)
[1, 4, 10, 23, 57, 132, 301, 701, 1636, 3818, 8770, 19830]...: 13513682: ACCEPTED IN 25 TRIES, (AVG 540547.28)
[1, 4, 10, 23, 57, 132, 301, 701, 1636, 3818, 8770, 19855]...: 32454258: ACCEPTED IN 60 TRIES, (AVG 540904.3)
[1, 4, 10, 23, 57, 132, 301, 701, 1636, 3818, 8770, 19885]...: 18384625: ACCEPTED IN 34 TRIES, (AVG 540724.2647058824)
[1, 4, 10, 23, 57, 132, 301, 701, 1636, 3818, 8770, 19888]...: 27583679: ACCEPTED IN 51 TRIES, (AVG 540856.4509803922)
[1, 4, 10, 23, 57, 132, 301, 701, 1636, 3818, 8770, 19889]...: 14594865: ACCEPTED IN 27 TRIES, (AVG 540550.5555555555)
[1, 4, 10, 23, 57, 132, 301, 701, 1636, 3818, 8770, 19921]...: 28125291: ACCEPTED IN 52 TRIES, (AVG 540870.9807692308)
[1, 4, 10, 23, 57, 132, 301, 701, 1636, 3818, 8770, 19922]...: 14595996: ACCEPTED IN 27 TRIES, (AVG 540592.4444444445)
[1, 4, 10, 23, 57, 132, 301, 701, 1636, 3818, 8770, 19924]...: 17843286: ACCEPTED IN 33 TRIES, (AVG 540705.6363636364)
[1, 4, 10, 23, 57, 132, 301, 701, 1636, 3818, 8770, 19925]...: 28125059: ACCEPTED IN 52 TRIES, (AVG 540866.5192307692)
[1, 4, 10, 23, 57, 132, 301, 701, 1636, 3818, 8770, 19955]...: 12430531: ACCEPTED IN 23 TRIES, (AVG 540457.8695652174)
[1, 4, 10, 23, 57, 132, 301, 701, 1636, 3818, 8770, 19962]...: 25418790: ACCEPTED IN 47 TRIES, (AVG 540825.3191489362)
[1, 4, 10, 23, 57, 132, 301, 701, 1636, 3818, 8770, 19987]...: 7562120: ACCEPTED IN 14 TRIES, (AVG 540151.4285714285)
[1, 4, 10, 23, 57, 132, 301, 701, 1636, 3818, 8770, 19988]...: 12431889: ACCEPTED IN 23 TRIES, (AVG 540516.9130434783)
[1, 4, 10, 23, 57, 132, 301, 701, 1636, 3818, 8770, 19992]...: 15678880: ACCEPTED IN 29 TRIES, (AVG 540651.0344827586)
[1, 4, 10, 23, 57, 132, 301, 701, 1636, 3818, 8770, 20020]...: 15137628: ACCEPTED IN 28 TRIES, (AVG 540629.5714285715)
[1, 4, 10, 23, 57, 132, 301, 701, 1636, 3818, 8770, 20024]...: 12432052: ACCEPTED IN 23 TRIES, (AVG 540524.0)
[1, 4, 10, 23, 57, 132, 301, 701, 1636, 3818, 8770, 20054]...: 15677454: ACCEPTED IN 29 TRIES, (AVG 540601.8620689656)
[1, 4, 10, 23, 57, 132, 301, 701, 1636, 3818, 8770, 20056]...: 6478781: ACCEPTED IN 12 TRIES, (AVG 539898.4166666666)
[1, 4, 10, 23, 57, 132, 301, 701, 1636, 3818, 8770, 20057]...: 15137807: ACCEPTED IN 28 TRIES, (AVG 540635.9642857143)
[1, 4, 10, 23, 57, 132, 301, 701, 1636, 3818, 8770, 20087]...: 10808846: ACCEPTED IN 20 TRIES, (AVG 540442.3)
[1, 4, 10, 23, 57, 132, 301, 701, 1636, 3818, 8770, 20091]...: 22171427: ACCEPTED IN 41 TRIES, (AVG 540766.512195122)
[1, 4, 10, 23, 57, 132, 301, 701, 1636, 3818, 8770, 20094]...: 15678543: ACCEPTED IN 29 TRIES, (AVG 540639.4137931034)
[1, 4, 10, 23, 57, 132, 301, 701, 1636, 3818, 8770, 20119]...: 13514281: ACCEPTED IN 25 TRIES, (AVG 540571.24)
[1, 4, 10, 23, 57, 132, 301, 701, 1636, 3818, 8770, 20122]...: 28124835: ACCEPTED IN 52 TRIES, (AVG 540862.2115384615)
[1, 4, 10, 23, 57, 132, 301, 701, 1636, 3818, 8770, 20123]...: 22170643: ACCEPTED IN 41 TRIES, (AVG 540747.3902439025)
[1, 4, 10, 23, 57, 132, 301, 701, 1636, 3818, 8770, 20124]...: 28122629: ACCEPTED IN 52 TRIES, (AVG 540819.7884615385)
[1, 4, 10, 23, 57, 132, 301, 701, 1636, 3818, 8770, 20156]...: 8644397: ACCEPTED IN 16 TRIES, (AVG 540274.8125)
[1, 4, 10, 23, 57, 132, 301, 701, 1636, 3818, 8770, 20158]...: 11348254: ACCEPTED IN 21 TRIES, (AVG 540393.0476190476)
[1, 4, 10, 23, 57, 132, 301, 701, 1636, 3818, 8770, 20186]...: 6479302: ACCEPTED IN 12 TRIES, (AVG 539941.8333333334)
[1, 4, 10, 23, 57, 132, 301, 701, 1636, 3818, 8770, 20189]...: 10808502: ACCEPTED IN 20 TRIES, (AVG 540425.1)
[1, 4, 10, 23, 57, 132, 301, 701, 1636, 3818, 8770, 20190]...: 26500777: ACCEPTED IN 49 TRIES, (AVG 540832.1836734693)
[1, 4, 10, 23, 57, 132, 301, 701, 1636, 3818, 8770, 20221]...: 17842815: ACCEPTED IN 33 TRIES, (AVG 540691.3636363636)
[1, 4, 10, 23, 57, 132, 301, 701, 1636, 3818, 8770, 20222]...: 14594554: ACCEPTED IN 27 TRIES, (AVG 540539.0370370371)
[1, 4, 10, 23, 57, 132, 301, 701, 1636, 3818, 8770, 20223]...: 18384084: ACCEPTED IN 34 TRIES, (AVG 540708.3529411765)
[1, 4, 10, 23, 57, 132, 301, 701, 1636, 3818, 8770, 20225]...: 15678213: ACCEPTED IN 29 TRIES, (AVG 540628.0344827586)
[1, 4, 10, 23, 57, 132, 301, 701, 1636, 3818, 8770, 20226]...: 22712206: ACCEPTED IN 42 TRIES, (AVG 540766.8095238095)
[1, 4, 10, 23, 57, 132, 301, 701, 1636, 3818, 8770, 20256]...: 14595180: ACCEPTED IN 27 TRIES, (AVG 540562.2222222222)
[1, 4, 10, 23, 57, 132, 301, 701, 1636, 3818, 8770, 20288]...: 18924338: ACCEPTED IN 35 TRIES, (AVG 540695.3714285714)
[1, 4, 10, 23, 57, 132, 301, 701, 1636, 3818, 8770, 20289]...: 26501832: ACCEPTED IN 49 TRIES, (AVG 540853.7142857143)
[1, 4, 10, 23, 57, 132, 301, 701, 1636, 3818, 8770, 20290]...: 14595468: ACCEPTED IN 27 TRIES, (AVG 540572.8888888889)
[1, 4, 10, 23, 57, 132, 301, 701, 1636, 3818, 8770, 20321]...: 7560424: ACCEPTED IN 14 TRIES, (AVG 540030.2857142857)
[1, 4, 10, 23, 57, 132, 301, 701, 1636, 3818, 8770, 20322]...: 17302057: ACCEPTED IN 32 TRIES, (AVG 540689.28125)
[1, 4, 10, 23, 57, 132, 301, 701, 1636, 3818, 8770, 20325]...: 20008190: ACCEPTED IN 37 TRIES, (AVG 540761.8918918918)
[1, 4, 10, 23, 57, 132, 301, 701, 1636, 3818, 8770, 20353]...: 8644180: ACCEPTED IN 16 TRIES, (AVG 540261.25)
[1, 4, 10, 23, 57, 132, 301, 701, 1636, 3818, 8770, 20355]...: 8644327: ACCEPTED IN 16 TRIES, (AVG 540270.4375)
[1, 4, 10, 23, 57, 132, 301, 701, 1636, 3818, 8770, 20357]...: 9185479: ACCEPTED IN 17 TRIES, (AVG 540322.2941176471)
[1, 4, 10, 23, 57, 132, 301, 701, 1636, 3818, 8770, 20358]...: 6478529: ACCEPTED IN 12 TRIES, (AVG 539877.4166666666)
[1, 4, 10, 23, 57, 132, 301, 701, 1636, 3818, 8770, 20388]...: 14596050: ACCEPTED IN 27 TRIES, (AVG 540594.4444444445)
[1, 4, 10, 23, 57, 132, 301, 701, 1636, 3818, 8770, 20392]...: 6479108: ACCEPTED IN 12 TRIES, (AVG 539925.6666666666)
[1, 4, 10, 23, 57, 132, 301, 701, 1636, 3818, 8770, 20420]...: 6479426: ACCEPTED IN 12 TRIES, (AVG 539952.1666666666)
[1, 4, 10, 23, 57, 132, 301, 701, 1636, 3818, 8770, 20422]...: 19464509: ACCEPTED IN 36 TRIES, (AVG 540680.8055555555)
[1, 4, 10, 23, 57, 132, 301, 701, 1636, 3818, 8770, 20423]...: 14055019: ACCEPTED IN 26 TRIES, (AVG 540577.6538461539)
[1, 4, 10, 23, 57, 132, 301, 701, 1636, 3818, 8770, 20424]...: 7561061: ACCEPTED IN 14 TRIES, (AVG 540075.7857142857)
[1, 4, 10, 23, 57, 132, 301, 701, 1636, 3818, 8770, 20454]...: 14596809: ACCEPTED IN 27 TRIES, (AVG 540622.5555555555)
[1, 4, 10, 23, 57, 132, 301, 701, 1636, 3818, 8770, 20457]...: 19464959: ACCEPTED IN 36 TRIES, (AVG 540693.3055555555)
[1, 4, 10, 23, 57, 132, 301, 701, 1636, 3818, 8770, 20459]...: 19467062: ACCEPTED IN 36 TRIES, (AVG 540751.7222222222)
[1, 4, 10, 23, 57, 132, 301, 701, 1636, 3818, 8770, 20487]...: 9184122: ACCEPTED IN 17 TRIES, (AVG 540242.4705882353)
[1, 4, 10, 23, 57, 132, 301, 701, 1636, 3818, 8770, 20490]...: 13514246: ACCEPTED IN 25 TRIES, (AVG 540569.84)
[1, 4, 10, 23, 57, 132, 301, 701, 1636, 3818, 8770, 20491]...: 14594979: ACCEPTED IN 27 TRIES, (AVG 540554.7777777778)
[1, 4, 10, 23, 57, 132, 301, 701, 1636, 3818, 8770, 20522]...: 18925303: ACCEPTED IN 35 TRIES, (AVG 540722.9428571429)
[1, 4, 10, 23, 57, 132, 301, 701, 1636, 3818, 8770, 20523]...: 9184938: ACCEPTED IN 17 TRIES, (AVG 540290.4705882353)
[1, 4, 10, 23, 57, 132, 301, 701, 1636, 3818, 8770, 20524]...: 18925157: ACCEPTED IN 35 TRIES, (AVG 540718.7714285714)
[1, 4, 10, 23, 57, 132, 301, 701, 1636, 3818, 8770, 20554]...: 18382709: ACCEPTED IN 34 TRIES, (AVG 540667.9117647059)
[1, 4, 10, 23, 57, 132, 301, 701, 1636, 3818, 8770, 20555]...: 29207308: ACCEPTED IN 54 TRIES, (AVG 540876.074074074)
[1, 4, 10, 23, 57, 132, 301, 701, 1636, 3818, 8770, 20556]...: 13512469: ACCEPTED IN 25 TRIES, (AVG 540498.76)
[1, 4, 10, 23, 57, 132, 301, 701, 1636, 3818, 8770, 20586]...: 7561930: ACCEPTED IN 14 TRIES, (AVG 540137.8571428572)
[1, 4, 10, 23, 57, 132, 301, 701, 1636, 3818, 8770, 20589]...: 14595079: ACCEPTED IN 27 TRIES, (AVG 540558.4814814815)
[1, 4, 10, 23, 57, 132, 301, 701, 1636, 3818, 8770, 20590]...: 8642956: ACCEPTED IN 16 TRIES, (AVG 540184.75)
[1, 4, 10, 23, 57, 132, 301, 701, 1636, 3818, 8770, 20591]...: 22172732: ACCEPTED IN 41 TRIES, (AVG 540798.3414634146)
[1, 4, 10, 23, 57, 132, 301, 701, 1636, 3818, 8770, 20622]...: 18384819: ACCEPTED IN 34 TRIES, (AVG 540729.9705882353)
[1, 4, 10, 23, 57, 132, 301, 701, 1636, 3818, 8770, 20623]...: 24335979: ACCEPTED IN 45 TRIES, (AVG 540799.5333333333)
[1, 4, 10, 23, 57, 132, 301, 701, 1636, 3818, 8770, 20626]...: 18383516: ACCEPTED IN 34 TRIES, (AVG 540691.6470588235)
[1, 4, 10, 23, 57, 132, 301, 701, 1636, 3818, 8770, 20654]...: 15677526: ACCEPTED IN 29 TRIES, (AVG 540604.3448275862)
[1, 4, 10, 23, 57, 132, 301, 701, 1636, 3818, 8770, 20656]...: 14055281: ACCEPTED IN 26 TRIES, (AVG 540587.7307692308)
[1, 4, 10, 23, 57, 132, 301, 701, 1636, 3818, 8770, 20688]...: 11349514: ACCEPTED IN 21 TRIES, (AVG 540453.0476190476)
[1, 4, 10, 23, 57, 132, 301, 701, 1636, 3818, 8770, 20689]...: 9184309: ACCEPTED IN 17 TRIES, (AVG 540253.4705882353)
[1, 4, 10, 23, 57, 132, 301, 701, 1636, 3818, 8770, 20693]...: 28121190: ACCEPTED IN 52 TRIES, (AVG 540792.1153846154)
[1, 4, 10, 23, 57, 132, 301, 701, 1636, 3818, 8770, 20721]...: 14595872: ACCEPTED IN 27 TRIES, (AVG 540587.8518518518)
[1, 4, 10, 23, 57, 132, 301, 701, 1636, 3818, 8770, 20723]...: 7560864: ACCEPTED IN 14 TRIES, (AVG 540061.7142857143)
[1, 4, 10, 23, 57, 132, 301, 701, 1636, 3818, 8770, 20724]...: 27042726: ACCEPTED IN 50 TRIES, (AVG 540854.52)
[1, 4, 10, 23, 57, 132, 301, 701, 1636, 3818, 8770, 20725]...: 14594460: ACCEPTED IN 27 TRIES, (AVG 540535.5555555555)
[1, 4, 10, 23, 57, 132, 301, 701, 1636, 3818, 8770, 20755]...: 21089146: ACCEPTED IN 39 TRIES, (AVG 540747.3333333334)
[1, 4, 10, 23, 57, 132, 301, 701, 1636, 3818, 8770, 20757]...: 25418952: ACCEPTED IN 47 TRIES, (AVG 540828.7659574468)
[1, 4, 10, 23, 57, 132, 301, 701, 1636, 3818, 8770, 20758]...: 15678913: ACCEPTED IN 29 TRIES, (AVG 540652.1724137932)
[1, 4, 10, 23, 57, 132, 301, 701, 1636, 3818, 8770, 20788]...: 10264928: ACCEPTED IN 19 TRIES, (AVG 540259.3684210526)
[1, 4, 10, 23, 57, 132, 301, 701, 1636, 3818, 8770, 20792]...: 19465109: ACCEPTED IN 36 TRIES, (AVG 540697.4722222222)
[1, 4, 10, 23, 57, 132, 301, 701, 1636, 3818, 8770, 20820]...: 9184608: ACCEPTED IN 17 TRIES, (AVG 540271.0588235294)
[1, 4, 10, 23, 57, 132, 301, 701, 1636, 3818, 8770, 20823]...: 15678898: ACCEPTED IN 29 TRIES, (AVG 540651.6551724138)
[1, 4, 10, 23, 57, 132, 301, 701, 1636, 3818, 8770, 20824]...: 15677941: ACCEPTED IN 29 TRIES, (AVG 540618.6551724138)
[1, 4, 10, 23, 57, 132, 301, 701, 1636, 3818, 8770, 20825]...: 15136736: ACCEPTED IN 28 TRIES, (AVG 540597.7142857143)
[1, 4, 10, 23, 57, 132, 301, 701, 1636, 3818, 8770, 20855]...: 6478182: ACCEPTED IN 12 TRIES, (AVG 539848.5)
[1, 4, 10, 23, 57, 132, 301, 701, 1636, 3818, 8770, 20856]...: 39488811: ACCEPTED IN 73 TRIES, (AVG 540942.6164383561)
[1, 4, 10, 23, 57, 132, 301, 701, 1636, 3818, 8770, 20857]...: 14596674: ACCEPTED IN 27 TRIES, (AVG 540617.5555555555)
[1, 4, 10, 23, 57, 132, 301, 701, 1636, 3818, 8770, 20859]...: 14596383: ACCEPTED IN 27 TRIES, (AVG 540606.7777777778)
[1, 4, 10, 23, 57, 132, 301, 701, 1636, 3818, 8770, 20887]...: 14055078: ACCEPTED IN 26 TRIES, (AVG 540579.9230769231)
[1, 4, 10, 23, 57, 132, 301, 701, 1636, 3818, 8770, 20890]...: 15678677: ACCEPTED IN 29 TRIES, (AVG 540644.0344827586)
[1, 4, 10, 23, 57, 132, 301, 701, 1636, 3818, 8770, 20891]...: 29207034: ACCEPTED IN 54 TRIES, (AVG 540871.0)
[1, 4, 10, 23, 57, 132, 301, 701, 1636, 3818, 8770, 20922]...: 15676982: ACCEPTED IN 29 TRIES, (AVG 540585.5862068966)
[1, 4, 10, 23, 57, 132, 301, 701, 1636, 3818, 8770, 20923]...: 14055443: ACCEPTED IN 26 TRIES, (AVG 540593.9615384615)
[1, 4, 10, 23, 57, 132, 301, 701, 1636, 3818, 8770, 20924]...: 7560502: ACCEPTED IN 14 TRIES, (AVG 540035.8571428572)
[1, 4, 10, 23, 57, 132, 301, 701, 1636, 3818, 8770, 20927]...: 6478566: ACCEPTED IN 12 TRIES, (AVG 539880.5)
[1, 4, 10, 23, 57, 132, 301, 701, 1636, 3818, 8770, 20955]...: 7560075: ACCEPTED IN 14 TRIES, (AVG 540005.3571428572)
[1, 4, 10, 23, 57, 132, 301, 701, 1636, 3818, 8770, 20957]...: 8643186: ACCEPTED IN 16 TRIES, (AVG 540199.125)
[1, 4, 10, 23, 57, 132, 301, 701, 1636, 3818, 8770, 20989]...: 22171084: ACCEPTED IN 41 TRIES, (AVG 540758.1463414634)
[1, 4, 10, 23, 57, 132, 301, 701, 1636, 3818, 8770, 20990]...: 7561772: ACCEPTED IN 14 TRIES, (AVG 540126.5714285715)
[1, 4, 10, 23, 57, 132, 301, 701, 1636, 3818, 8770, 20991]...: 14596008: ACCEPTED IN 27 TRIES, (AVG 540592.8888888889)
[1, 4, 10, 23, 57, 132, 301, 701, 1636, 3818, 8770, 21022]...: 15136312: ACCEPTED IN 28 TRIES, (AVG 540582.5714285715)
[1, 4, 10, 23, 57, 132, 301, 701, 1636, 3818, 8770, 21023]...: 12431292: ACCEPTED IN 23 TRIES, (AVG 540490.9565217391)
[1, 4, 10, 23, 57, 132, 301, 701, 1636, 3818, 8770, 21026]...: 25417646: ACCEPTED IN 47 TRIES, (AVG 540800.9787234042)
