[1, 4, 10, 23, 57, 132, 301, 701, 1636, 3758, 8385, 18456]...: 12971936: ACCEPTED IN 24 TRIES, (AVG 540497.3333333334)
[1, 4, 10, 23, 57, 132, 301, 701, 1636, 3758, 8385, 18457]...: 38406305: ACCEPTED IN 71 TRIES, (AVG 540933.8732394367)
[1, 4, 10, 23, 57, 132, 301, 701, 1636, 3758, 8385, 18459]...: 6479398: ACCEPTED IN 12 TRIES, (AVG 539949.8333333334)
[1, 4, 10, 23, 57, 132, 301, 701, 1636, 3758, 8385, 18460]...: 20549337: ACCEPTED IN 38 TRIES, (AVG 540772.0263157894)
[1, 4, 10, 23, 57, 132, 301, 701, 1636, 3758, 8385, 18461]...: 29206055: ACCEPTED IN 54 TRIES, (AVG 540852.8703703703)
[1, 4, 10, 23, 57, 132, 301, 701, 1636, 3758, 8385, 18485]...: 8641344: ACCEPTED IN 16 TRIES, (AVG 540084.0)
[1, 4, 10, 23, 57, 132, 301, 701, 1636, 3758, 8385, 18487]...: 19465891: ACCEPTED IN 36 TRIES, (AVG 540719.1944444445)
[1, 4, 10, 23, 57, 132, 301, 701, 1636, 3758, 8385, 18488]...: 12431533: ACCEPTED IN 23 TRIES, (AVG 540501.4347826086)
[1, 4, 10, 23, 57, 132, 301, 701, 1636, 3758, 8385, 18489]...: 20008155: ACCEPTED IN 37 TRIES, (AVG 540760.9459459459)
[1, 4, 10, 23, 57, 132, 301, 701, 1636, 3758, 8385, 18491]...: 11349758: ACCEPTED IN 21 TRIES, (AVG 540464.6666666666)
[1, 4, 10, 23, 57, 132, 301, 701, 1636, 3758, 8385, 18493]...: 20546304: ACCEPTED IN 38 TRIES, (AVG 540692.2105263158)
[1, 4, 10, 23, 57, 132, 301, 701, 1636, 3758, 8385, 18494]...: 41110501: ACCEPTED IN 76 TRIES, (AVG 540927.6447368421)
[1, 4, 10, 23, 57, 132, 301, 701, 1636, 3758, 8385, 18497]...: 14596367: ACCEPTED IN 27 TRIES, (AVG 540606.1851851852)
[1, 4, 10, 23, 57, 132, 301, 701, 1636, 3758, 8385, 18522]...: 10805918: ACCEPTED IN 20 TRIES, (AVG 540295.9)
[1, 4, 10, 23, 57, 132, 301, 701, 1636, 3758, 8385, 18523]...: 40571260: ACCEPTED IN 75 TRIES, (AVG 540950.1333333333)
[1, 4, 10, 23, 57, 132, 301, 701, 1636, 3758, 8385, 18527]...: 15137424: ACCEPTED IN 28 TRIES, (AVG 540622.2857142857)
[1, 4, 10, 23, 57, 132, 301, 701, 1636, 3758, 8385, 18554]...: 12430495: ACCEPTED IN 23 TRIES, (AVG 540456.304347826)
[1, 4, 10, 23, 57, 132, 301, 701, 1636, 3758, 8385, 18555]...: 63298678: ACCEPTED IN 117 TRIES, (AVG 541014.3418803419)
[1, 4, 10, 23, 57, 132, 301, 701, 1636, 3758, 8385, 18556]...: 20548334: ACCEPTED IN 38 TRIES, (AVG 540745.6315789474)
[1, 4, 10, 23, 57, 132, 301, 701, 1636, 3758, 8385, 18557]...: 12971770: ACCEPTED IN 24 TRIES, (AVG 540490.4166666666)
[1, 4, 10, 23, 57, 132, 301, 701, 1636, 3758, 8385, 18559]...: 113082648: ACCEPTED IN 209 TRIES, (AVG 541065.3014354067)
[1, 4, 10, 23, 57, 132, 301, 701, 1636, 3758, 8385, 18560]...: 17842630: ACCEPTED IN 33 TRIES, (AVG 540685.7575757576)
[1, 4, 10, 23, 57, 132, 301, 701, 1636, 3758, 8385, 18564]...: 28124814: ACCEPTED IN 52 TRIES, (AVG 540861.8076923077)
[1, 4, 10, 23, 57, 132, 301, 701, 1636, 3758, 8385, 18587]...: 11346592: ACCEPTED IN 21 TRIES, (AVG 540313.9047619047)
[1, 4, 10, 23, 57, 132, 301, 701, 1636, 3758, 8385, 18588]...: 28124877: ACCEPTED IN 52 TRIES, (AVG 540863.0192307692)
[1, 4, 10, 23, 57, 132, 301, 701, 1636, 3758, 8385, 18589]...: 8644125: ACCEPTED IN 16 TRIES, (AVG 540257.8125)
[1, 4, 10, 23, 57, 132, 301, 701, 1636, 3758, 8385, 18590]...: 202910288: ACCEPTED IN 375 TRIES, (AVG 541094.1013333333)
[1, 4, 10, 23, 57, 132, 301, 701, 1636, 3758, 8385, 18592]...: 40028440: ACCEPTED IN 74 TRIES, (AVG 540924.8648648649)
[1, 4, 10, 23, 57, 132, 301, 701, 1636, 3758, 8385, 18593]...: 25960053: ACCEPTED IN 48 TRIES, (AVG 540834.4375)
[1, 4, 10, 23, 57, 132, 301, 701, 1636, 3758, 8385, 18596]...: 37324562: ACCEPTED IN 69 TRIES, (AVG 540935.6811594203)
[1, 4, 10, 23, 57, 132, 301, 701, 1636, 3758, 8385, 18619]...: 35700655: ACCEPTED IN 66 TRIES, (AVG 540919.0151515151)
[1, 4, 10, 23, 57, 132, 301, 701, 1636, 3758, 8385, 18622]...: 62216845: ACCEPTED IN 115 TRIES, (AVG 541016.0434782609)
[1, 4, 10, 23, 57, 132, 301, 701, 1636, 3758, 8385, 18623]...: 40568977: ACCEPTED IN 75 TRIES, (AVG 540919.6933333334)
[1, 4, 10, 23, 57, 132, 301, 701, 1636, 3758, 8385, 18624]...: 232132729: ACCEPTED IN 429 TRIES, (AVG 541101.9324009324)
[1, 4, 10, 23, 57, 132, 301, 701, 1636, 3758, 8385, 18625]...: 11889010: ACCEPTED IN 22 TRIES, (AVG 540409.5454545454)
[1, 4, 10, 23, 57, 132, 301, 701, 1636, 3758, 8385, 18626]...: 11889693: ACCEPTED IN 22 TRIES, (AVG 540440.5909090909)
[1, 4, 10, 23, 57, 132, 301, 701, 1636, 3758, 8385, 18628]...: 19465776: ACCEPTED IN 36 TRIES, (AVG 540716.0)
[1, 4, 10, 23, 57, 132, 301, 701, 1636, 3758, 8385, 18629]...: 13513641: ACCEPTED IN 25 TRIES, (AVG 540545.64)
[1, 4, 10, 23, 57, 132, 301, 701, 1636, 3758, 8385, 18654]...: 41112002: ACCEPTED IN 76 TRIES, (AVG 540947.3947368421)
[1, 4, 10, 23, 57, 132, 301, 701, 1636, 3758, 8385, 18655]...: 8644117: ACCEPTED IN 16 TRIES, (AVG 540257.3125)
[1, 4, 10, 23, 57, 132, 301, 701, 1636, 3758, 8385, 18656]...: 10806190: ACCEPTED IN 20 TRIES, (AVG 540309.5)
[1, 4, 10, 23, 57, 132, 301, 701, 1636, 3758, 8385, 18657]...: 12972342: ACCEPTED IN 24 TRIES, (AVG 540514.25)
[1, 4, 10, 23, 57, 132, 301, 701, 1636, 3758, 8385, 18660]...: 10808347: ACCEPTED IN 20 TRIES, (AVG 540417.35)
[1, 4, 10, 23, 57, 132, 301, 701, 1636, 3758, 8385, 18663]...: 10265470: ACCEPTED IN 19 TRIES, (AVG 540287.8947368421)
[1, 4, 10, 23, 57, 132, 301, 701, 1636, 3758, 8385, 18686]...: 30830596: ACCEPTED IN 57 TRIES, (AVG 540887.649122807)
[1, 4, 10, 23, 57, 132, 301, 701, 1636, 3758, 8385, 18690]...: 20548085: ACCEPTED IN 38 TRIES, (AVG 540739.0789473684)
[1, 4, 10, 23, 57, 132, 301, 701, 1636, 3758, 8385, 18691]...: 10265663: ACCEPTED IN 19 TRIES, (AVG 540298.052631579)
[1, 4, 10, 23, 57, 132, 301, 701, 1636, 3758, 8385, 18692]...: 16219372: ACCEPTED IN 30 TRIES, (AVG 540645.7333333333)
[1, 4, 10, 23, 57, 132, 301, 701, 1636, 3758, 8385, 18695]...: 97389844: ACCEPTED IN 180 TRIES, (AVG 541054.6888888889)
[1, 4, 10, 23, 57, 132, 301, 701, 1636, 3758, 8385, 18696]...: 16219532: ACCEPTED IN 30 TRIES, (AVG 540651.0666666667)
[1, 4, 10, 23, 57, 132, 301, 701, 1636, 3758, 8385, 18721]...: 37863640: ACCEPTED IN 70 TRIES, (AVG 540909.1428571428)
[1, 4, 10, 23, 57, 132, 301, 701, 1636, 3758, 8385, 18722]...: 7020662: ACCEPTED IN 13 TRIES, (AVG 540050.9230769231)
[1, 4, 10, 23, 57, 132, 301, 701, 1636, 3758, 8385, 18723]...: 32995033: ACCEPTED IN 61 TRIES, (AVG 540902.1803278689)
[1, 4, 10, 23, 57, 132, 301, 701, 1636, 3758, 8385, 18724]...: 10807948: ACCEPTED IN 20 TRIES, (AVG 540397.4)
[1, 4, 10, 23, 57, 132, 301, 701, 1636, 3758, 8385, 18725]...: 11890906: ACCEPTED IN 22 TRIES, (AVG 540495.7272727273)
[1, 4, 10, 23, 57, 132, 301, 701, 1636, 3758, 8385, 18727]...: 7561443: ACCEPTED IN 14 TRIES, (AVG 540103.0714285715)
[1, 4, 10, 23, 57, 132, 301, 701, 1636, 3758, 8385, 18728]...: 8641622: ACCEPTED IN 16 TRIES, (AVG 540101.375)
[1, 4, 10, 23, 57, 132, 301, 701, 1636, 3758, 8385, 18754]...: 38406291: ACCEPTED IN 71 TRIES, (AVG 540933.676056338)
[1, 4, 10, 23, 57, 132, 301, 701, 1636, 3758, 8385, 18756]...: 42194101: ACCEPTED IN 78 TRIES, (AVG 540950.0128205129)
[1, 4, 10, 23, 57, 132, 301, 701, 1636, 3758, 8385, 18757]...: 21629069: ACCEPTED IN 40 TRIES, (AVG 540726.725)
[1, 4, 10, 23, 57, 132, 301, 701, 1636, 3758, 8385, 18758]...: 10266806: ACCEPTED IN 19 TRIES, (AVG 540358.2105263158)
[1, 4, 10, 23, 57, 132, 301, 701, 1636, 3758, 8385, 18759]...: 10808328: ACCEPTED IN 20 TRIES, (AVG 540416.4)
[1, 4, 10, 23, 57, 132, 301, 701, 1636, 3758, 8385, 18760]...: 21630454: ACCEPTED IN 40 TRIES, (AVG 540761.35)
[1, 4, 10, 23, 57, 132, 301, 701, 1636, 3758, 8385, 18761]...: 37323923: ACCEPTED IN 69 TRIES, (AVG 540926.4202898551)
[1, 4, 10, 23, 57, 132, 301, 701, 1636, 3758, 8385, 18762]...: 27583548: ACCEPTED IN 51 TRIES, (AVG 540853.8823529412)
[1, 4, 10, 23, 57, 132, 301, 701, 1636, 3758, 8385, 18786]...: 32995300: ACCEPTED IN 61 TRIES, (AVG 540906.5573770492)
[1, 4, 10, 23, 57, 132, 301, 701, 1636, 3758, 8385, 18788]...: 12973392: ACCEPTED IN 24 TRIES, (AVG 540558.0)
[1, 4, 10, 23, 57, 132, 301, 701, 1636, 3758, 8385, 18789]...: 11349593: ACCEPTED IN 21 TRIES, (AVG 540456.8095238095)
[1, 4, 10, 23, 57, 132, 301, 701, 1636, 3758, 8385, 18790]...: 12431681: ACCEPTED IN 23 TRIES, (AVG 540507.8695652174)
[1, 4, 10, 23, 57, 132, 301, 701, 1636, 3758, 8385, 18791]...: 13514351: ACCEPTED IN 25 TRIES, (AVG 540574.04)
[1, 4, 10, 23, 57, 132, 301, 701, 1636, 3758, 8385, 18792]...: 10808416: ACCEPTED IN 20 TRIES, (AVG 540420.8)
[1, 4, 10, 23, 57, 132, 301, 701, 1636, 3758, 8385, 18794]...: 5938252: ACCEPTED IN 11 TRIES, (AVG 539841.0909090909)
[1, 4, 10, 23, 57, 132, 301, 701, 1636, 3758, 8385, 18795]...: 5938674: ACCEPTED IN 11 TRIES, (AVG 539879.4545454546)
[1, 4, 10, 23, 57, 132, 301, 701, 1636, 3758, 8385, 18798]...: 11349238: ACCEPTED IN 21 TRIES, (AVG 540439.9047619047)
[1, 4, 10, 23, 57, 132, 301, 701, 1636, 3758, 8385, 18821]...: 18925313: ACCEPTED IN 35 TRIES, (AVG 540723.2285714286)
[1, 4, 10, 23, 57, 132, 301, 701, 1636, 3758, 8385, 18822]...: 20008013: ACCEPTED IN 37 TRIES, (AVG 540757.1081081082)
[1, 4, 10, 23, 57, 132, 301, 701, 1636, 3758, 8385, 18823]...: 19466560: ACCEPTED IN 36 TRIES, (AVG 540737.7777777778)
[1, 4, 10, 23, 57, 132, 301, 701, 1636, 3758, 8385, 18824]...: 11890210: ACCEPTED IN 22 TRIES, (AVG 540464.0909090909)
[1, 4, 10, 23, 57, 132, 301, 701, 1636, 3758, 8385, 18826]...: 117411275: ACCEPTED IN 217 TRIES, (AVG 541065.7834101382)
[1, 4, 10, 23, 57, 132, 301, 701, 1636, 3758, 8385, 18827]...: 20007285: ACCEPTED IN 37 TRIES, (AVG 540737.4324324324)
[1, 4, 10, 23, 57, 132, 301, 701, 1636, 3758, 8385, 18828]...: 8643240: ACCEPTED IN 16 TRIES, (AVG 540202.5)
[1, 4, 10, 23, 57, 132, 301, 701, 1636, 3758, 8385, 18853]...: 20547451: ACCEPTED IN 38 TRIES, (AVG 540722.3947368421)
[1, 4, 10, 23, 57, 132, 301, 701, 1636, 3758, 8385, 18855]...: 38406197: ACCEPTED IN 71 TRIES, (AVG 540932.352112676)
[1, 4, 10, 23, 57, 132, 301, 701, 1636, 3758, 8385, 18856]...: 8643531: ACCEPTED IN 16 TRIES, (AVG 540220.6875)
[1, 4, 10, 23, 57, 132, 301, 701, 1636, 3758, 8385, 18857]...: 12431748: ACCEPTED IN 23 TRIES, (AVG 540510.7826086957)
[1, 4, 10, 23, 57, 132, 301, 701, 1636, 3758, 8385, 18858]...: 11890278: ACCEPTED IN 22 TRIES, (AVG 540467.1818181818)
[1, 4, 10, 23, 57, 132, 301, 701, 1636, 3758, 8385, 18859]...: 11889315: ACCEPTED IN 22 TRIES, (AVG 540423.4090909091)
[1, 4, 10, 23, 57, 132, 301, 701, 1636, 3758, 8385, 18860]...: 7560880: ACCEPTED IN 14 TRIES, (AVG 540062.8571428572)
[1, 4, 10, 23, 57, 132, 301, 701, 1636, 3758, 8385, 18861]...: 11349622: ACCEPTED IN 21 TRIES, (AVG 540458.1904761905)
[1, 4, 10, 23, 57, 132, 301, 701, 1636, 3758, 8385, 18865]...: 17842057: ACCEPTED IN 33 TRIES, (AVG 540668.3939393939)
[1, 4, 10, 23, 57, 132, 301, 701, 1636, 3758, 8385, 18888]...: 11889361: ACCEPTED IN 22 TRIES, (AVG 540425.5)
[1, 4, 10, 23, 57, 132, 301, 701, 1636, 3758, 8385, 18889]...: 11349650: ACCEPTED IN 21 TRIES, (AVG 540459.5238095238)
[1, 4, 10, 23, 57, 132, 301, 701, 1636, 3758, 8385, 18890]...: 20008034: ACCEPTED IN 37 TRIES, (AVG 540757.6756756756)
[1, 4, 10, 23, 57, 132, 301, 701, 1636, 3758, 8385, 18891]...: 8643235: ACCEPTED IN 16 TRIES, (AVG 540202.1875)
[1, 4, 10, 23, 57, 132, 301, 701, 1636, 3758, 8385, 18893]...: 12431496: ACCEPTED IN 23 TRIES, (AVG 540499.8260869565)
[1, 4, 10, 23, 57, 132, 301, 701, 1636, 3758, 8385, 18894]...: 10807226: ACCEPTED IN 20 TRIES, (AVG 540361.3)
[1, 4, 10, 23, 57, 132, 301, 701, 1636, 3758, 8385, 18897]...: 12431612: ACCEPTED IN 23 TRIES, (AVG 540504.8695652174)
[1, 4, 10, 23, 57, 132, 301, 701, 1636, 3758, 8385, 18920]...: 4314968: ACCEPTED IN 8 TRIES, (AVG 539371.0)
[1, 4, 10, 23, 57, 132, 301, 701, 1636, 3758, 8385, 18923]...: 67627532: ACCEPTED IN 125 TRIES, (AVG 541020.256)
[1, 4, 10, 23, 57, 132, 301, 701, 1636, 3758, 8385, 18924]...: 11890337: ACCEPTED IN 22 TRIES, (AVG 540469.8636363636)
[1, 4, 10, 23, 57, 132, 301, 701, 1636, 3758, 8385, 18925]...: 20007387: ACCEPTED IN 37 TRIES, (AVG 540740.1891891892)
[1, 4, 10, 23, 57, 132, 301, 701, 1636, 3758, 8385, 18926]...: 11890136: ACCEPTED IN 22 TRIES, (AVG 540460.7272727273)
[1, 4, 10, 23, 57, 132, 301, 701, 1636, 3758, 8385, 18927]...: 9185453: ACCEPTED IN 17 TRIES, (AVG 540320.7647058824)
[1, 4, 10, 23, 57, 132, 301, 701, 1636, 3758, 8385, 18929]...: 5937090: ACCEPTED IN 11 TRIES, (AVG 539735.4545454546)
[1, 4, 10, 23, 57, 132, 301, 701, 1636, 3758, 8385, 18930]...: 11891202: ACCEPTED IN 22 TRIES, (AVG 540509.1818181818)
[1, 4, 10, 23, 57, 132, 301, 701, 1636, 3758, 8385, 18954]...: 11888921: ACCEPTED IN 22 TRIES, (AVG 540405.5)
[1, 4, 10, 23, 57, 132, 301, 701, 1636, 3758, 8385, 18955]...: 11889093: ACCEPTED IN 22 TRIES, (AVG 540413.3181818182)
[1, 4, 10, 23, 57, 132, 301, 701, 1636, 3758, 8385, 18956]...: 10807253: ACCEPTED IN 20 TRIES, (AVG 540362.65)
[1, 4, 10, 23, 57, 132, 301, 701, 1636, 3758, 8385, 18957]...: 18383990: ACCEPTED IN 34 TRIES, (AVG 540705.5882352941)
[1, 4, 10, 23, 57, 132, 301, 701, 1636, 3758, 8385, 18958]...: 11890094: ACCEPTED IN 22 TRIES, (AVG 540458.8181818182)
[1, 4, 10, 23, 57, 132, 301, 701, 1636, 3758, 8385, 18959]...: 18382567: ACCEPTED IN 34 TRIES, (AVG 540663.7352941176)
[1, 4, 10, 23, 57, 132, 301, 701, 1636, 3758, 8385, 18960]...: 12972817: ACCEPTED IN 24 TRIES, (AVG 540534.0416666666)
[1, 4, 10, 23, 57, 132, 301, 701, 1636, 3758, 8385, 18987]...: 14596616: ACCEPTED IN 27 TRIES, (AVG 540615.4074074074)
[1, 4, 10, 23, 57, 132, 301, 701, 1636, 3758, 8385, 18988]...: 10808783: ACCEPTED IN 20 TRIES, (AVG 540439.15)
[1, 4, 10, 23, 57, 132, 301, 701, 1636, 3758, 8385, 18990]...: 8643729: ACCEPTED IN 16 TRIES, (AVG 540233.0625)
[1, 4, 10, 23, 57, 132, 301, 701, 1636, 3758, 8385, 18991]...: 10265897: ACCEPTED IN 19 TRIES, (AVG 540310.3684210526)
[1, 4, 10, 23, 57, 132, 301, 701, 1636, 3758, 8385, 18992]...: 20549078: ACCEPTED IN 38 TRIES, (AVG 540765.2105263158)
[1, 4, 10, 23, 57, 132, 301, 701, 1636, 3758, 8385, 18993]...: 10808511: ACCEPTED IN 20 TRIES, (AVG 540425.55)
[1, 4, 10, 23, 57, 132, 301, 701, 1636, 3758, 8385, 18996]...: 9724830: ACCEPTED IN 18 TRIES, (AVG 540268.3333333334)
[1, 4, 10, 23, 57, 132, 301, 701, 1636, 3758, 8385, 18997]...: 10807996: ACCEPTED IN 20 TRIES, (AVG 540399.8)
[1, 4, 10, 23, 57, 132, 301, 701, 1636, 3758, 8385, 19022]...: 11890713: ACCEPTED IN 22 TRIES, (AVG 540486.9545454546)
[1, 4, 10, 23, 57, 132, 301, 701, 1636, 3758, 8385, 19023]...: 18384636: ACCEPTED IN 34 TRIES, (AVG 540724.5882352941)
[1, 4, 10, 23, 57, 132, 301, 701, 1636, 3758, 8385, 19024]...: 19467118: ACCEPTED IN 36 TRIES, (AVG 540753.2777777778)
[1, 4, 10, 23, 57, 132, 301, 701, 1636, 3758, 8385, 19025]...: 12431177: ACCEPTED IN 23 TRIES, (AVG 540485.9565217391)
[1, 4, 10, 23, 57, 132, 301, 701, 1636, 3758, 8385, 19026]...: 20007774: ACCEPTED IN 37 TRIES, (AVG 540750.6486486486)
[1, 4, 10, 23, 57, 132, 301, 701, 1636, 3758, 8385, 19028]...: 5938574: ACCEPTED IN 11 TRIES, (AVG 539870.3636363636)
[1, 4, 10, 23, 57, 132, 301, 701, 1636, 3758, 8385, 19029]...: 11349606: ACCEPTED IN 21 TRIES, (AVG 540457.4285714285)
[1, 4, 10, 23, 57, 132, 301, 701, 1636, 3758, 8385, 19055]...: 11889123: ACCEPTED IN 22 TRIES, (AVG 540414.6818181818)
[1, 4, 10, 23, 57, 132, 301, 701, 1636, 3758, 8385, 19056]...: 11891182: ACCEPTED IN 22 TRIES, (AVG 540508.2727272727)
[1, 4, 10, 23, 57, 132, 301, 701, 1636, 3758, 8385, 19057]...: 37324526: ACCEPTED IN 69 TRIES, (AVG 540935.1594202898)
[1, 4, 10, 23, 57, 132, 301, 701, 1636, 3758, 8385, 19058]...: 5395507: ACCEPTED IN 10 TRIES, (AVG 539550.7)
[1, 4, 10, 23, 57, 132, 301, 701, 1636, 3758, 8385, 19059]...: 10807972: ACCEPTED IN 20 TRIES, (AVG 540398.6)
[1, 4, 10, 23, 57, 132, 301, 701, 1636, 3758, 8385, 19060]...: 11349573: ACCEPTED IN 21 TRIES, (AVG 540455.8571428572)
[1, 4, 10, 23, 57, 132, 301, 701, 1636, 3758, 8385, 19061]...: 8103077: ACCEPTED IN 15 TRIES, (AVG 540205.1333333333)
[1, 4, 10, 23, 57, 132, 301, 701, 1636, 3758, 8385, 19062]...: 8644023: ACCEPTED IN 16 TRIES, (AVG 540251.4375)
[1, 4, 10, 23, 57, 132, 301, 701, 1636, 3758, 8385, 19063]...: 10267658: ACCEPTED IN 19 TRIES, (AVG 540403.052631579)
[1, 4, 10, 23, 57, 132, 301, 701, 1636, 3758, 8385, 19086]...: 12972607: ACCEPTED IN 24 TRIES, (AVG 540525.2916666666)
[1, 4, 10, 23, 57, 132, 301, 701, 1636, 3758, 8385, 19087]...: 26501177: ACCEPTED IN 49 TRIES, (AVG 540840.3469387755)
[1, 4, 10, 23, 57, 132, 301, 701, 1636, 3758, 8385, 19089]...: 9726283: ACCEPTED IN 18 TRIES, (AVG 540349.0555555555)
[1, 4, 10, 23, 57, 132, 301, 701, 1636, 3758, 8385, 19090]...: 10267460: ACCEPTED IN 19 TRIES, (AVG 540392.6315789474)
[1, 4, 10, 23, 57, 132, 301, 701, 1636, 3758, 8385, 19091]...: 10807783: ACCEPTED IN 20 TRIES, (AVG 540389.15)
[1, 4, 10, 23, 57, 132, 301, 701, 1636, 3758, 8385, 19092]...: 10808047: ACCEPTED IN 20 TRIES, (AVG 540402.35)
[1, 4, 10, 23, 57, 132, 301, 701, 1636, 3758, 8385, 19095]...: 10267313: ACCEPTED IN 19 TRIES, (AVG 540384.8947368421)
[1, 4, 10, 23, 57, 132, 301, 701, 1636, 3758, 8385, 19096]...: 10267635: ACCEPTED IN 19 TRIES, (AVG 540401.8421052631)
[1, 4, 10, 23, 57, 132, 301, 701, 1636, 3758, 8385, 19099]...: 7020277: ACCEPTED IN 13 TRIES, (AVG 540021.3076923077)
[1, 4, 10, 23, 57, 132, 301, 701, 1636, 3758, 8385, 19122]...: 7020339: ACCEPTED IN 13 TRIES, (AVG 540026.0769230769)
[1, 4, 10, 23, 57, 132, 301, 701, 1636, 3758, 8385, 19123]...: 32995042: ACCEPTED IN 61 TRIES, (AVG 540902.3278688524)
[1, 4, 10, 23, 57, 132, 301, 701, 1636, 3758, 8385, 19124]...: 11349724: ACCEPTED IN 21 TRIES, (AVG 540463.0476190476)
[1, 4, 10, 23, 57, 132, 301, 701, 1636, 3758, 8385, 19125]...: 10808823: ACCEPTED IN 20 TRIES, (AVG 540441.15)
[1, 4, 10, 23, 57, 132, 301, 701, 1636, 3758, 8385, 19127]...: 11349777: ACCEPTED IN 21 TRIES, (AVG 540465.5714285715)
[1, 4, 10, 23, 57, 132, 301, 701, 1636, 3758, 8385, 19128]...: 13512006: ACCEPTED IN 25 TRIES, (AVG 540480.24)
[1, 4, 10, 23, 57, 132, 301, 701, 1636, 3758, 8385, 19129]...: 12971518: ACCEPTED IN 24 TRIES, (AVG 540479.9166666666)
[1, 4, 10, 23, 57, 132, 301, 701, 1636, 3758, 8385, 19154]...: 10807720: ACCEPTED IN 20 TRIES, (AVG 540386.0)
[1, 4, 10, 23, 57, 132, 301, 701, 1636, 3758, 8385, 19156]...: 12431849: ACCEPTED IN 23 TRIES, (AVG 540515.1739130435)
[1, 4, 10, 23, 57, 132, 301, 701, 1636, 3758, 8385, 19157]...: 5937176: ACCEPTED IN 11 TRIES, (AVG 539743.2727272727)
[1, 4, 10, 23, 57, 132, 301, 701, 1636, 3758, 8385, 19158]...: 10808773: ACCEPTED IN 20 TRIES, (AVG 540438.65)
[1, 4, 10, 23, 57, 132, 301, 701, 1636, 3758, 8385, 19159]...: 11349441: ACCEPTED IN 21 TRIES, (AVG 540449.5714285715)
[1, 4, 10, 23, 57, 132, 301, 701, 1636, 3758, 8385, 19160]...: 7560681: ACCEPTED IN 14 TRIES, (AVG 540048.6428571428)
[1, 4, 10, 23, 57, 132, 301, 701, 1636, 3758, 8385, 19161]...: 8643846: ACCEPTED IN 16 TRIES, (AVG 540240.375)
[1, 4, 10, 23, 57, 132, 301, 701, 1636, 3758, 8385, 19162]...: 8103199: ACCEPTED IN 15 TRIES, (AVG 540213.2666666667)
[1, 4, 10, 23, 57, 132, 301, 701, 1636, 3758, 8385, 19188]...: 12973067: ACCEPTED IN 24 TRIES, (AVG 540544.4583333334)
[1, 4, 10, 23, 57, 132, 301, 701, 1636, 3758, 8385, 19189]...: 11890527: ACCEPTED IN 22 TRIES, (AVG 540478.5)
[1, 4, 10, 23, 57, 132, 301, 701, 1636, 3758, 8385, 19190]...: 5394854: ACCEPTED IN 10 TRIES, (AVG 539485.4)
[1, 4, 10, 23, 57, 132, 301, 701, 1636, 3758, 8385, 19191]...: 10267110: ACCEPTED IN 19 TRIES, (AVG 540374.2105263158)
[1, 4, 10, 23, 57, 132, 301, 701, 1636, 3758, 8385, 19192]...: 12431971: ACCEPTED IN 23 TRIES, (AVG 540520.4782608695)
[1, 4, 10, 23, 57, 132, 301, 701, 1636, 3758, 8385, 19193]...: 8641373: ACCEPTED IN 16 TRIES, (AVG 540085.8125)
[1, 4, 10, 23, 57, 132, 301, 701, 1636, 3758, 8385, 19194]...: 7559754: ACCEPTED IN 14 TRIES, (AVG 539982.4285714285)
[1, 4, 10, 23, 57, 132, 301, 701, 1636, 3758, 8385, 19195]...: 7020623: ACCEPTED IN 13 TRIES, (AVG 540047.9230769231)
[1, 4, 10, 23, 57, 132, 301, 701, 1636, 3758, 8385, 19198]...: 8101839: ACCEPTED IN 15 TRIES, (AVG 540122.6)
[1, 4, 10, 23, 57, 132, 301, 701, 1636, 3758, 8385, 19221]...: 10808139: ACCEPTED IN 20 TRIES, (AVG 540406.95)
[1, 4, 10, 23, 57, 132, 301, 701, 1636, 3758, 8385, 19224]...: 11348758: ACCEPTED IN 21 TRIES, (AVG 540417.0476190476)
[1, 4, 10, 23, 57, 132, 301, 701, 1636, 3758, 8385, 19226]...: 7561677: ACCEPTED IN 14 TRIES, (AVG 540119.7857142857)
[1, 4, 10, 23, 57, 132, 301, 701, 1636, 3758, 8385, 19227]...: 10808917: ACCEPTED IN 20 TRIES, (AVG 540445.85)
[1, 4, 10, 23, 57, 132, 301, 701, 1636, 3758, 8385, 19228]...: 10808285: ACCEPTED IN 20 TRIES, (AVG 540414.25)
[1, 4, 10, 23, 57, 132, 301, 701, 1636, 3758, 8385, 19230]...: 10267651: ACCEPTED IN 19 TRIES, (AVG 540402.6842105263)
[1, 4, 10, 23, 57, 132, 301, 701, 1636, 3758, 8385, 19231]...: 10267532: ACCEPTED IN 19 TRIES, (AVG 540396.4210526316)
[1, 4, 10, 23, 57, 132, 301, 701, 1636, 3758, 8385, 19255]...: 11890360: ACCEPTED IN 22 TRIES, (AVG 540470.9090909091)
[1, 4, 10, 23, 57, 132, 301, 701, 1636, 3758, 8385, 19256]...: 5396263: ACCEPTED IN 10 TRIES, (AVG 539626.3)
[1, 4, 10, 23, 57, 132, 301, 701, 1636, 3758, 8385, 19257]...: 10267425: ACCEPTED IN 19 TRIES, (AVG 540390.7894736842)
[1, 4, 10, 23, 57, 132, 301, 701, 1636, 3758, 8385, 19258]...: 9185515: ACCEPTED IN 17 TRIES, (AVG 540324.4117647059)
[1, 4, 10, 23, 57, 132, 301, 701, 1636, 3758, 8385, 19259]...: 18925791: ACCEPTED IN 35 TRIES, (AVG 540736.8857142857)
[1, 4, 10, 23, 57, 132, 301, 701, 1636, 3758, 8385, 19260]...: 7561522: ACCEPTED IN 14 TRIES, (AVG 540108.7142857143)
[1, 4, 10, 23, 57, 132, 301, 701, 1636, 3758, 8385, 19261]...: 8102882: ACCEPTED IN 15 TRIES, (AVG 540192.1333333333)
[1, 4, 10, 23, 57, 132, 301, 701, 1636, 3758, 8385, 19288]...: 8642311: ACCEPTED IN 16 TRIES, (AVG 540144.4375)
[1, 4, 10, 23, 57, 132, 301, 701, 1636, 3758, 8385, 19289]...: 11889805: ACCEPTED IN 22 TRIES, (AVG 540445.6818181818)
[1, 4, 10, 23, 57, 132, 301, 701, 1636, 3758, 8385, 19290]...: 7020936: ACCEPTED IN 13 TRIES, (AVG 540072.0)
[1, 4, 10, 23, 57, 132, 301, 701, 1636, 3758, 8385, 19291]...: 10808712: ACCEPTED IN 20 TRIES, (AVG 540435.6)
[1, 4, 10, 23, 57, 132, 301, 701, 1636, 3758, 8385, 19292]...: 11891158: ACCEPTED IN 22 TRIES, (AVG 540507.1818181818)
[1, 4, 10, 23, 57, 132, 301, 701, 1636, 3758, 8385, 19293]...: 7562116: ACCEPTED IN 14 TRIES, (AVG 540151.1428571428)
[1, 4, 10, 23, 57, 132, 301, 701, 1636, 3758, 8385, 19294]...: 14595529: ACCEPTED IN 27 TRIES, (AVG 540575.1481481482)
[1, 4, 10, 23, 57, 132, 301, 701, 1636, 3758, 8385, 19297]...: 6479285: ACCEPTED IN 12 TRIES, (AVG 539940.4166666666)
[1, 4, 10, 23, 57, 132, 301, 701, 1636, 3758, 8385, 19320]...: 11349815: ACCEPTED IN 21 TRIES, (AVG 540467.380952381)
[1, 4, 10, 23, 57, 132, 301, 701, 1636, 3758, 8385, 19323]...: 10808916: ACCEPTED IN 20 TRIES, (AVG 540445.8)
[1, 4, 10, 23, 57, 132, 301, 701, 1636, 3758, 8385, 19324]...: 7560008: ACCEPTED IN 14 TRIES, (AVG 540000.5714285715)
[1, 4, 10, 23, 57, 132, 301, 701, 1636, 3758, 8385, 19325]...: 11890539: ACCEPTED IN 22 TRIES, (AVG 540479.0454545454)
[1, 4, 10, 23, 57, 132, 301, 701, 1636, 3758, 8385, 19326]...: 7560903: ACCEPTED IN 14 TRIES, (AVG 540064.5)
[1, 4, 10, 23, 57, 132, 301, 701, 1636, 3758, 8385, 19327]...: 11347163: ACCEPTED IN 21 TRIES, (AVG 540341.0952380953)
[1, 4, 10, 23, 57, 132, 301, 701, 1636, 3758, 8385, 19329]...: 7020698: ACCEPTED IN 13 TRIES, (AVG 540053.6923076923)
[1, 4, 10, 23, 57, 132, 301, 701, 1636, 3758, 8385, 19330]...: 5397564: ACCEPTED IN 10 TRIES, (AVG 539756.4)
[1, 4, 10, 23, 57, 132, 301, 701, 1636, 3758, 8385, 19356]...: 7020545: ACCEPTED IN 13 TRIES, (AVG 540041.9230769231)
[1, 4, 10, 23, 57, 132, 301, 701, 1636, 3758, 8385, 19357]...: 10807781: ACCEPTED IN 20 TRIES, (AVG 540389.05)
[1, 4, 10, 23, 57, 132, 301, 701, 1636, 3758, 8385, 19358]...: 10808093: ACCEPTED IN 20 TRIES, (AVG 540404.65)
[1, 4, 10, 23, 57, 132, 301, 701, 1636, 3758, 8385, 19359]...: 11887962: ACCEPTED IN 22 TRIES, (AVG 540361.9090909091)
[1, 4, 10, 23, 57, 132, 301, 701, 1636, 3758, 8385, 19360]...: 6479090: ACCEPTED IN 12 TRIES, (AVG 539924.1666666666)
[1, 4, 10, 23, 57, 132, 301, 701, 1636, 3758, 8385, 19361]...: 10807558: ACCEPTED IN 20 TRIES, (AVG 540377.9)
[1, 4, 10, 23, 57, 132, 301, 701, 1636, 3758, 8385, 19362]...: 13512673: ACCEPTED IN 25 TRIES, (AVG 540506.92)
[1, 4, 10, 23, 57, 132, 301, 701, 1636, 3758, 8385, 19363]...: 7020558: ACCEPTED IN 13 TRIES, (AVG 540042.9230769231)
[1, 4, 10, 23, 57, 132, 301, 701, 1636, 3758, 8385, 19364]...: 7018979: ACCEPTED IN 13 TRIES, (AVG 539921.4615384615)
[1, 4, 10, 23, 57, 132, 301, 701, 1636, 3758, 8385, 19387]...: 8102615: ACCEPTED IN 15 TRIES, (AVG 540174.3333333334)
[1, 4, 10, 23, 57, 132, 301, 701, 1636, 3758, 8385, 19388]...: 28122600: ACCEPTED IN 52 TRIES, (AVG 540819.2307692308)
[1, 4, 10, 23, 57, 132, 301, 701, 1636, 3758, 8385, 19390]...: 10808030: ACCEPTED IN 20 TRIES, (AVG 540401.5)
[1, 4, 10, 23, 57, 132, 301, 701, 1636, 3758, 8385, 19391]...: 10806873: ACCEPTED IN 20 TRIES, (AVG 540343.65)
[1, 4, 10, 23, 57, 132, 301, 701, 1636, 3758, 8385, 19392]...: 8644057: ACCEPTED IN 16 TRIES, (AVG 540253.5625)
[1, 4, 10, 23, 57, 132, 301, 701, 1636, 3758, 8385, 19393]...: 21089921: ACCEPTED IN 39 TRIES, (AVG 540767.2051282051)
[1, 4, 10, 23, 57, 132, 301, 701, 1636, 3758, 8385, 19396]...: 6478404: ACCEPTED IN 12 TRIES, (AVG 539867.0)
[1, 4, 10, 23, 57, 132, 301, 701, 1636, 3758, 8385, 19397]...: 10266486: ACCEPTED IN 19 TRIES, (AVG 540341.3684210526)
[1, 4, 10, 23, 57, 132, 301, 701, 1636, 3758, 8385, 19422]...: 6478615: ACCEPTED IN 12 TRIES, (AVG 539884.5833333334)
[1, 4, 10, 23, 57, 132, 301, 701, 1636, 3758, 8385, 19423]...: 6479285: ACCEPTED IN 12 TRIES, (AVG 539940.4166666666)
[1, 4, 10, 23, 57, 132, 301, 701, 1636, 3758, 8385, 19424]...: 9725417: ACCEPTED IN 18 TRIES, (AVG 540300.9444444445)
[1, 4, 10, 23, 57, 132, 301, 701, 1636, 3758, 8385, 19425]...: 8642752: ACCEPTED IN 16 TRIES, (AVG 540172.0)
[1, 4, 10, 23, 57, 132, 301, 701, 1636, 3758, 8385, 19426]...: 10808292: ACCEPTED IN 20 TRIES, (AVG 540414.6)
[1, 4, 10, 23, 57, 132, 301, 701, 1636, 3758, 8385, 19428]...: 10805621: ACCEPTED IN 20 TRIES, (AVG 540281.05)
[1, 4, 10, 23, 57, 132, 301, 701, 1636, 3758, 8385, 19429]...: 6477266: ACCEPTED IN 12 TRIES, (AVG 539772.1666666666)
[1, 4, 10, 23, 57, 132, 301, 701, 1636, 3758, 8385, 19455]...: 7018876: ACCEPTED IN 13 TRIES, (AVG 539913.5384615385)
[1, 4, 10, 23, 57, 132, 301, 701, 1636, 3758, 8385, 19457]...: 7561009: ACCEPTED IN 14 TRIES, (AVG 540072.0714285715)
[1, 4, 10, 23, 57, 132, 301, 701, 1636, 3758, 8385, 19458]...: 7559815: ACCEPTED IN 14 TRIES, (AVG 539986.7857142857)
[1, 4, 10, 23, 57, 132, 301, 701, 1636, 3758, 8385, 19459]...: 7019636: ACCEPTED IN 13 TRIES, (AVG 539972.0)
[1, 4, 10, 23, 57, 132, 301, 701, 1636, 3758, 8385, 19460]...: 11890684: ACCEPTED IN 22 TRIES, (AVG 540485.6363636364)
[1, 4, 10, 23, 57, 132, 301, 701, 1636, 3758, 8385, 19461]...: 7561402: ACCEPTED IN 14 TRIES, (AVG 540100.1428571428)
[1, 4, 10, 23, 57, 132, 301, 701, 1636, 3758, 8385, 19462]...: 7562011: ACCEPTED IN 14 TRIES, (AVG 540143.6428571428)
[1, 4, 10, 23, 57, 132, 301, 701, 1636, 3758, 8385, 19463]...: 9183585: ACCEPTED IN 17 TRIES, (AVG 540210.8823529412)
[1, 4, 10, 23, 57, 132, 301, 701, 1636, 3758, 8385, 19489]...: 5937909: ACCEPTED IN 11 TRIES, (AVG 539809.9090909091)
[1, 4, 10, 23, 57, 132, 301, 701, 1636, 3758, 8385, 19490]...: 5396431: ACCEPTED IN 10 TRIES, (AVG 539643.1)
[1, 4, 10, 23, 57, 132, 301, 701, 1636, 3758, 8385, 19491]...: 7019531: ACCEPTED IN 13 TRIES, (AVG 539963.9230769231)
[1, 4, 10, 23, 57, 132, 301, 701, 1636, 3758, 8385, 19492]...: 8643217: ACCEPTED IN 16 TRIES, (AVG 540201.0625)
[1, 4, 10, 23, 57, 132, 301, 701, 1636, 3758, 8385, 19493]...: 10267058: ACCEPTED IN 19 TRIES, (AVG 540371.4736842106)
[1, 4, 10, 23, 57, 132, 301, 701, 1636, 3758, 8385, 19494]...: 6479328: ACCEPTED IN 12 TRIES, (AVG 539944.0)
[1, 4, 10, 23, 57, 132, 301, 701, 1636, 3758, 8385, 19495]...: 5937840: ACCEPTED IN 11 TRIES, (AVG 539803.6363636364)
[1, 4, 10, 23, 57, 132, 301, 701, 1636, 3758, 8385, 19496]...: 10266283: ACCEPTED IN 19 TRIES, (AVG 540330.6842105263)
[1, 4, 10, 23, 57, 132, 301, 701, 1636, 3758, 8385, 19499]...: 7020006: ACCEPTED IN 13 TRIES, (AVG 540000.4615384615)
[1, 4, 10, 23, 57, 132, 301, 701, 1636, 3758, 8385, 19522]...: 4314431: ACCEPTED IN 8 TRIES, (AVG 539303.875)
[1, 4, 10, 23, 57, 132, 301, 701, 1636, 3758, 8385, 19523]...: 7020107: ACCEPTED IN 13 TRIES, (AVG 540008.2307692308)
[1, 4, 10, 23, 57, 132, 301, 701, 1636, 3758, 8385, 19524]...: 5938629: ACCEPTED IN 11 TRIES, (AVG 539875.3636363636)
[1, 4, 10, 23, 57, 132, 301, 701, 1636, 3758, 8385, 19525]...: 7560499: ACCEPTED IN 14 TRIES, (AVG 540035.6428571428)
[1, 4, 10, 23, 57, 132, 301, 701, 1636, 3758, 8385, 19527]...: 6479498: ACCEPTED IN 12 TRIES, (AVG 539958.1666666666)
[1, 4, 10, 23, 57, 132, 301, 701, 1636, 3758, 8385, 19528]...: 10808617: ACCEPTED IN 20 TRIES, (AVG 540430.85)
[1, 4, 10, 23, 57, 132, 301, 701, 1636, 3758, 8385, 19529]...: 8644191: ACCEPTED IN 16 TRIES, (AVG 540261.9375)
[1, 4, 10, 23, 57, 132, 301, 701, 1636, 3758, 8385, 19531]...: 10807692: ACCEPTED IN 20 TRIES, (AVG 540384.6)
[1, 4, 10, 23, 57, 132, 301, 701, 1636, 3758, 8385, 19554]...: 10808860: ACCEPTED IN 20 TRIES, (AVG 540443.0)
[1, 4, 10, 23, 57, 132, 301, 701, 1636, 3758, 8385, 19556]...: 12430638: ACCEPTED IN 23 TRIES, (AVG 540462.5217391305)
[1, 4, 10, 23, 57, 132, 301, 701, 1636, 3758, 8385, 19557]...: 4854409: ACCEPTED IN 9 TRIES, (AVG 539378.7777777778)
[1, 4, 10, 23, 57, 132, 301, 701, 1636, 3758, 8385, 19558]...: 5397393: ACCEPTED IN 10 TRIES, (AVG 539739.3)
[1, 4, 10, 23, 57, 132, 301, 701, 1636, 3758, 8385, 19559]...: 10265534: ACCEPTED IN 19 TRIES, (AVG 540291.2631578947)
[1, 4, 10, 23, 57, 132, 301, 701, 1636, 3758, 8385, 19560]...: 10807450: ACCEPTED IN 20 TRIES, (AVG 540372.5)
[1, 4, 10, 23, 57, 132, 301, 701, 1636, 3758, 8385, 19561]...: 8644036: ACCEPTED IN 16 TRIES, (AVG 540252.25)
[1, 4, 10, 23, 57, 132, 301, 701, 1636, 3758, 8385, 19562]...: 10267029: ACCEPTED IN 19 TRIES, (AVG 540369.947368421)
[1, 4, 10, 23, 57, 132, 301, 701, 1636, 3758, 8385, 19589]...: 6478216: ACCEPTED IN 12 TRIES, (AVG 539851.3333333334)
[1, 4, 10, 23, 57, 132, 301, 701, 1636, 3758, 8385, 19590]...: 10807102: ACCEPTED IN 20 TRIES, (AVG 540355.1)
[1, 4, 10, 23, 57, 132, 301, 701, 1636, 3758, 8385, 19591]...: 5937224: ACCEPTED IN 11 TRIES, (AVG 539747.6363636364)
[1, 4, 10, 23, 57, 132, 301, 701, 1636, 3758, 8385, 19592]...: 7020423: ACCEPTED IN 13 TRIES, (AVG 540032.5384615385)
[1, 4, 10, 23, 57, 132, 301, 701, 1636, 3758, 8385, 19593]...: 20547247: ACCEPTED IN 38 TRIES, (AVG 540717.0263157894)
[1, 4, 10, 23, 57, 132, 301, 701, 1636, 3758, 8385, 19594]...: 9726357: ACCEPTED IN 18 TRIES, (AVG 540353.1666666666)
[1, 4, 10, 23, 57, 132, 301, 701, 1636, 3758, 8385, 19595]...: 7020005: ACCEPTED IN 13 TRIES, (AVG 540000.3846153846)
[1, 4, 10, 23, 57, 132, 301, 701, 1636, 3758, 8385, 19598]...: 5396223: ACCEPTED IN 10 TRIES, (AVG 539622.3)
[1, 4, 10, 23, 57, 132, 301, 701, 1636, 3758, 8385, 19621]...: 10808282: ACCEPTED IN 20 TRIES, (AVG 540414.1)
[1, 4, 10, 23, 57, 132, 301, 701, 1636, 3758, 8385, 19624]...: 3232535: ACCEPTED IN 6 TRIES, (AVG 538755.8333333334)
[1, 4, 10, 23, 57, 132, 301, 701, 1636, 3758, 8385, 19625]...: 7017243: ACCEPTED IN 13 TRIES, (AVG 539787.9230769231)
[1, 4, 10, 23, 57, 132, 301, 701, 1636, 3758, 8385, 19626]...: 10808733: ACCEPTED IN 20 TRIES, (AVG 540436.65)
[1, 4, 10, 23, 57, 132, 301, 701, 1636, 3758, 8385, 19627]...: 12970770: ACCEPTED IN 24 TRIES, (AVG 540448.75)
[1, 4, 10, 23, 57, 132, 301, 701, 1636, 3758, 8385, 19628]...: 6479462: ACCEPTED IN 12 TRIES, (AVG 539955.1666666666)
[1, 4, 10, 23, 57, 132, 301, 701, 1636, 3758, 8385, 19630]...: 10808695: ACCEPTED IN 20 TRIES, (AVG 540434.75)
[1, 4, 10, 23, 57, 132, 301, 701, 1636, 3758, 8385, 19631]...: 6477912: ACCEPTED IN 12 TRIES, (AVG 539826.0)
[1, 4, 10, 23, 57, 132, 301, 701, 1636, 3758, 8385, 19656]...: 7559450: ACCEPTED IN 14 TRIES, (AVG 539960.7142857143)
[1, 4, 10, 23, 57, 132, 301, 701, 1636, 3758, 8385, 19657]...: 5395900: ACCEPTED IN 10 TRIES, (AVG 539590.0)
[1, 4, 10, 23, 57, 132, 301, 701, 1636, 3758, 8385, 19658]...: 10266575: ACCEPTED IN 19 TRIES, (AVG 540346.052631579)
[1, 4, 10, 23, 57, 132, 301, 701, 1636, 3758, 8385, 19659]...: 12972631: ACCEPTED IN 24 TRIES, (AVG 540526.2916666666)
[1, 4, 10, 23, 57, 132, 301, 701, 1636, 3758, 8385, 19660]...: 7020582: ACCEPTED IN 13 TRIES, (AVG 540044.7692307692)
[1, 4, 10, 23, 57, 132, 301, 701, 1636, 3758, 8385, 19661]...: 9724539: ACCEPTED IN 18 TRIES, (AVG 540252.1666666666)
[1, 4, 10, 23, 57, 132, 301, 701, 1636, 3758, 8385, 19662]...: 5936995: ACCEPTED IN 11 TRIES, (AVG 539726.8181818182)
[1, 4, 10, 23, 57, 132, 301, 701, 1636, 3758, 8385, 19663]...: 10267606: ACCEPTED IN 19 TRIES, (AVG 540400.3157894737)
[1, 4, 10, 23, 57, 132, 301, 701, 1636, 3758, 8385, 19688]...: 7020705: ACCEPTED IN 13 TRIES, (AVG 540054.2307692308)
[1, 4, 10, 23, 57, 132, 301, 701, 1636, 3758, 8385, 19689]...: 5397137: ACCEPTED IN 10 TRIES, (AVG 539713.7)
[1, 4, 10, 23, 57, 132, 301, 701, 1636, 3758, 8385, 19691]...: 6477792: ACCEPTED IN 12 TRIES, (AVG 539816.0)
[1, 4, 10, 23, 57, 132, 301, 701, 1636, 3758, 8385, 19692]...: 11890901: ACCEPTED IN 22 TRIES, (AVG 540495.5)
[1, 4, 10, 23, 57, 132, 301, 701, 1636, 3758, 8385, 19693]...: 7020450: ACCEPTED IN 13 TRIES, (AVG 540034.6153846154)
[1, 4, 10, 23, 57, 132, 301, 701, 1636, 3758, 8385, 19694]...: 8641817: ACCEPTED IN 16 TRIES, (AVG 540113.5625)
[1, 4, 10, 23, 57, 132, 301, 701, 1636, 3758, 8385, 19697]...: 10267060: ACCEPTED IN 19 TRIES, (AVG 540371.5789473684)
[1, 4, 10, 23, 57, 132, 301, 701, 1636, 3758, 8385, 19698]...: 5397398: ACCEPTED IN 10 TRIES, (AVG 539739.8)
[1, 4, 10, 23, 57, 132, 301, 701, 1636, 3758, 8385, 19723]...: 6479724: ACCEPTED IN 12 TRIES, (AVG 539977.0)
[1, 4, 10, 23, 57, 132, 301, 701, 1636, 3758, 8385, 19724]...: 8103036: ACCEPTED IN 15 TRIES, (AVG 540202.4)
[1, 4, 10, 23, 57, 132, 301, 701, 1636, 3758, 8385, 19725]...: 7020613: ACCEPTED IN 13 TRIES, (AVG 540047.1538461539)
[1, 4, 10, 23, 57, 132, 301, 701, 1636, 3758, 8385, 19726]...: 6479357: ACCEPTED IN 12 TRIES, (AVG 539946.4166666666)
[1, 4, 10, 23, 57, 132, 301, 701, 1636, 3758, 8385, 19727]...: 11889671: ACCEPTED IN 22 TRIES, (AVG 540439.5909090909)
[1, 4, 10, 23, 57, 132, 301, 701, 1636, 3758, 8385, 19729]...: 5937929: ACCEPTED IN 11 TRIES, (AVG 539811.7272727273)
[1, 4, 10, 23, 57, 132, 301, 701, 1636, 3758, 8385, 19730]...: 10807278: ACCEPTED IN 20 TRIES, (AVG 540363.9)
[1, 4, 10, 23, 57, 132, 301, 701, 1636, 3758, 8385, 19756]...: 6477863: ACCEPTED IN 12 TRIES, (AVG 539821.9166666666)
[1, 4, 10, 23, 57, 132, 301, 701, 1636, 3758, 8385, 19757]...: 6478280: ACCEPTED IN 12 TRIES, (AVG 539856.6666666666)
[1, 4, 10, 23, 57, 132, 301, 701, 1636, 3758, 8385, 19758]...: 10807813: ACCEPTED IN 20 TRIES, (AVG 540390.65)
[1, 4, 10, 23, 57, 132, 301, 701, 1636, 3758, 8385, 19759]...: 10266810: ACCEPTED IN 19 TRIES, (AVG 540358.4210526316)
[1, 4, 10, 23, 57, 132, 301, 701, 1636, 3758, 8385, 19760]...: 9726595: ACCEPTED IN 18 TRIES, (AVG 540366.3888888889)
[1, 4, 10, 23, 57, 132, 301, 701, 1636, 3758, 8385, 19761]...: 11890346: ACCEPTED IN 22 TRIES, (AVG 540470.2727272727)
[1, 4, 10, 23, 57, 132, 301, 701, 1636, 3758, 8385, 19762]...: 9725839: ACCEPTED IN 18 TRIES, (AVG 540324.3888888889)
[1, 4, 10, 23, 57, 132, 301, 701, 1636, 3758, 8385, 19763]...: 4855730: ACCEPTED IN 9 TRIES, (AVG 539525.5555555555)
[1, 4, 10, 23, 57, 132, 301, 701, 1636, 3758, 8385, 19764]...: 11349188: ACCEPTED IN 21 TRIES, (AVG 540437.5238095238)
[1, 4, 10, 23, 57, 132, 301, 701, 1636, 3758, 8385, 19788]...: 5937266: ACCEPTED IN 11 TRIES, (AVG 539751.4545454546)
[1, 4, 10, 23, 57, 132, 301, 701, 1636, 3758, 8385, 19790]...: 12432053: ACCEPTED IN 23 TRIES, (AVG 540524.0434782609)
[1, 4, 10, 23, 57, 132, 301, 701, 1636, 3758, 8385, 19791]...: 7020577: ACCEPTED IN 13 TRIES, (AVG 540044.3846153846)
[1, 4, 10, 23, 57, 132, 301, 701, 1636, 3758, 8385, 19792]...: 10807135: ACCEPTED IN 20 TRIES, (AVG 540356.75)
[1, 4, 10, 23, 57, 132, 301, 701, 1636, 3758, 8385, 19793]...: 11889387: ACCEPTED IN 22 TRIES, (AVG 540426.6818181818)
[1, 4, 10, 23, 57, 132, 301, 701, 1636, 3758, 8385, 19794]...: 9726493: ACCEPTED IN 18 TRIES, (AVG 540360.7222222222)
[1, 4, 10, 23, 57, 132, 301, 701, 1636, 3758, 8385, 19795]...: 7020952: ACCEPTED IN 13 TRIES, (AVG 540073.2307692308)
[1, 4, 10, 23, 57, 132, 301, 701, 1636, 3758, 8385, 19796]...: 4856085: ACCEPTED IN 9 TRIES, (AVG 539565.0)
[1, 4, 10, 23, 57, 132, 301, 701, 1636, 3758, 8385, 19797]...: 6479316: ACCEPTED IN 12 TRIES, (AVG 539943.0)
[1, 4, 10, 23, 57, 132, 301, 701, 1636, 3758, 8385, 19800]...: 4855617: ACCEPTED IN 9 TRIES, (AVG 539513.0)
[1, 4, 10, 23, 57, 132, 301, 701, 1636, 3758, 8385, 19823]...: 6479804: ACCEPTED IN 12 TRIES, (AVG 539983.6666666666)
[1, 4, 10, 23, 57, 132, 301, 701, 1636, 3758, 8385, 19824]...: 5396949: ACCEPTED IN 10 TRIES, (AVG 539694.9)
[1, 4, 10, 23, 57, 132, 301, 701, 1636, 3758, 8385, 19825]...: 9185498: ACCEPTED IN 17 TRIES, (AVG 540323.4117647059)
[1, 4, 10, 23, 57, 132, 301, 701, 1636, 3758, 8385, 19826]...: 10267801: ACCEPTED IN 19 TRIES, (AVG 540410.5789473684)
[1, 4, 10, 23, 57, 132, 301, 701, 1636, 3758, 8385, 19828]...: 5397343: ACCEPTED IN 10 TRIES, (AVG 539734.3)
[1, 4, 10, 23, 57, 132, 301, 701, 1636, 3758, 8385, 19829]...: 7020467: ACCEPTED IN 13 TRIES, (AVG 540035.9230769231)
[1, 4, 10, 23, 57, 132, 301, 701, 1636, 3758, 8385, 19830]...: 4855639: ACCEPTED IN 9 TRIES, (AVG 539515.4444444445)
[1, 4, 10, 23, 57, 132, 301, 701, 1636, 3758, 8385, 19832]...: 8643741: ACCEPTED IN 16 TRIES, (AVG 540233.8125)
[1, 4, 10, 23, 57, 132, 301, 701, 1636, 3758, 8385, 19855]...: 5395193: ACCEPTED IN 10 TRIES, (AVG 539519.3)
[1, 4, 10, 23, 57, 132, 301, 701, 1636, 3758, 8385, 19857]...: 10808561: ACCEPTED IN 20 TRIES, (AVG 540428.05)
[1, 4, 10, 23, 57, 132, 301, 701, 1636, 3758, 8385, 19858]...: 9185003: ACCEPTED IN 17 TRIES, (AVG 540294.2941176471)
[1, 4, 10, 23, 57, 132, 301, 701, 1636, 3758, 8385, 19859]...: 12432326: ACCEPTED IN 23 TRIES, (AVG 540535.9130434783)
[1, 4, 10, 23, 57, 132, 301, 701, 1636, 3758, 8385, 19860]...: 4856310: ACCEPTED IN 9 TRIES, (AVG 539590.0)
[1, 4, 10, 23, 57, 132, 301, 701, 1636, 3758, 8385, 19861]...: 7020397: ACCEPTED IN 13 TRIES, (AVG 540030.5384615385)
[1, 4, 10, 23, 57, 132, 301, 701, 1636, 3758, 8385, 19862]...: 7560266: ACCEPTED IN 14 TRIES, (AVG 540019.0)
[1, 4, 10, 23, 57, 132, 301, 701, 1636, 3758, 8385, 19863]...: 10806585: ACCEPTED IN 20 TRIES, (AVG 540329.25)
[1, 4, 10, 23, 57, 132, 301, 701, 1636, 3758, 8385, 19889]...: 5938468: ACCEPTED IN 11 TRIES, (AVG 539860.7272727273)
[1, 4, 10, 23, 57, 132, 301, 701, 1636, 3758, 8385, 19890]...: 7562103: ACCEPTED IN 14 TRIES, (AVG 540150.2142857143)
[1, 4, 10, 23, 57, 132, 301, 701, 1636, 3758, 8385, 19891]...: 4314726: ACCEPTED IN 8 TRIES, (AVG 539340.75)
[1, 4, 10, 23, 57, 132, 301, 701, 1636, 3758, 8385, 19892]...: 7018393: ACCEPTED IN 13 TRIES, (AVG 539876.3846153846)
[1, 4, 10, 23, 57, 132, 301, 701, 1636, 3758, 8385, 19893]...: 11349633: ACCEPTED IN 21 TRIES, (AVG 540458.7142857143)
[1, 4, 10, 23, 57, 132, 301, 701, 1636, 3758, 8385, 19894]...: 8643001: ACCEPTED IN 16 TRIES, (AVG 540187.5625)
[1, 4, 10, 23, 57, 132, 301, 701, 1636, 3758, 8385, 19895]...: 6479535: ACCEPTED IN 12 TRIES, (AVG 539961.25)
[1, 4, 10, 23, 57, 132, 301, 701, 1636, 3758, 8385, 19896]...: 11349155: ACCEPTED IN 21 TRIES, (AVG 540435.9523809524)
[1, 4, 10, 23, 57, 132, 301, 701, 1636, 3758, 8385, 19899]...: 7562093: ACCEPTED IN 14 TRIES, (AVG 540149.5)
[1, 4, 10, 23, 57, 132, 301, 701, 1636, 3758, 8385, 19922]...: 5935923: ACCEPTED IN 11 TRIES, (AVG 539629.3636363636)
[1, 4, 10, 23, 57, 132, 301, 701, 1636, 3758, 8385, 19925]...: 4856377: ACCEPTED IN 9 TRIES, (AVG 539597.4444444445)
[1, 4, 10, 23, 57, 132, 301, 701, 1636, 3758, 8385, 19926]...: 10807455: ACCEPTED IN 20 TRIES, (AVG 540372.75)
[1, 4, 10, 23, 57, 132, 301, 701, 1636, 3758, 8385, 19927]...: 10265707: ACCEPTED IN 19 TRIES, (AVG 540300.3684210526)
[1, 4, 10, 23, 57, 132, 301, 701, 1636, 3758, 8385, 19928]...: 5937061: ACCEPTED IN 11 TRIES, (AVG 539732.8181818182)
[1, 4, 10, 23, 57, 132, 301, 701, 1636, 3758, 8385, 19929]...: 5937993: ACCEPTED IN 11 TRIES, (AVG 539817.5454545454)
[1, 4, 10, 23, 57, 132, 301, 701, 1636, 3758, 8385, 19931]...: 9724916: ACCEPTED IN 18 TRIES, (AVG 540273.1111111111)
[1, 4, 10, 23, 57, 132, 301, 701, 1636, 3758, 8385, 19932]...: 7019199: ACCEPTED IN 13 TRIES, (AVG 539938.3846153846)
[1, 4, 10, 23, 57, 132, 301, 701, 1636, 3758, 8385, 19957]...: 9725276: ACCEPTED IN 18 TRIES, (AVG 540293.1111111111)
[1, 4, 10, 23, 57, 132, 301, 701, 1636, 3758, 8385, 19958]...: 10265755: ACCEPTED IN 19 TRIES, (AVG 540302.8947368421)
[1, 4, 10, 23, 57, 132, 301, 701, 1636, 3758, 8385, 19959]...: 6479203: ACCEPTED IN 12 TRIES, (AVG 539933.5833333334)
[1, 4, 10, 23, 57, 132, 301, 701, 1636, 3758, 8385, 19960]...: 11349867: ACCEPTED IN 21 TRIES, (AVG 540469.8571428572)
[1, 4, 10, 23, 57, 132, 301, 701, 1636, 3758, 8385, 19961]...: 6478922: ACCEPTED IN 12 TRIES, (AVG 539910.1666666666)
[1, 4, 10, 23, 57, 132, 301, 701, 1636, 3758, 8385, 19962]...: 8640298: ACCEPTED IN 16 TRIES, (AVG 540018.625)
[1, 4, 10, 23, 57, 132, 301, 701, 1636, 3758, 8385, 19963]...: 8642988: ACCEPTED IN 16 TRIES, (AVG 540186.75)
[1, 4, 10, 23, 57, 132, 301, 701, 1636, 3758, 8385, 19964]...: 7562092: ACCEPTED IN 14 TRIES, (AVG 540149.4285714285)
[1, 4, 10, 23, 57, 132, 301, 701, 1636, 3758, 8385, 19989]...: 7560707: ACCEPTED IN 14 TRIES, (AVG 540050.5)
[1, 4, 10, 23, 57, 132, 301, 701, 1636, 3758, 8385, 19990]...: 4855433: ACCEPTED IN 9 TRIES, (AVG 539492.5555555555)
[1, 4, 10, 23, 57, 132, 301, 701, 1636, 3758, 8385, 19992]...: 11347668: ACCEPTED IN 21 TRIES, (AVG 540365.1428571428)
[1, 4, 10, 23, 57, 132, 301, 701, 1636, 3758, 8385, 19993]...: 5394151: ACCEPTED IN 10 TRIES, (AVG 539415.1)
[1, 4, 10, 23, 57, 132, 301, 701, 1636, 3758, 8385, 19994]...: 7019762: ACCEPTED IN 13 TRIES, (AVG 539981.6923076923)
[1, 4, 10, 23, 57, 132, 301, 701, 1636, 3758, 8385, 19995]...: 7560543: ACCEPTED IN 14 TRIES, (AVG 540038.7857142857)
[1, 4, 10, 23, 57, 132, 301, 701, 1636, 3758, 8385, 19998]...: 5395651: ACCEPTED IN 10 TRIES, (AVG 539565.1)
[1, 4, 10, 23, 57, 132, 301, 701, 1636, 3758, 8385, 19999]...: 9726262: ACCEPTED IN 18 TRIES, (AVG 540347.8888888889)
[1, 4, 10, 23, 57, 132, 301, 701, 1636, 3758, 8385, 20021]...: 6478594: ACCEPTED IN 12 TRIES, (AVG 539882.8333333334)
[1, 4, 10, 23, 57, 132, 301, 701, 1636, 3758, 8385, 20024]...: 6479073: ACCEPTED IN 12 TRIES, (AVG 539922.75)
[1, 4, 10, 23, 57, 132, 301, 701, 1636, 3758, 8385, 20025]...: 7019941: ACCEPTED IN 13 TRIES, (AVG 539995.4615384615)
[1, 4, 10, 23, 57, 132, 301, 701, 1636, 3758, 8385, 20026]...: 5938325: ACCEPTED IN 11 TRIES, (AVG 539847.7272727273)
[1, 4, 10, 23, 57, 132, 301, 701, 1636, 3758, 8385, 20027]...: 4314732: ACCEPTED IN 8 TRIES, (AVG 539341.5)
[1, 4, 10, 23, 57, 132, 301, 701, 1636, 3758, 8385, 20028]...: 8642939: ACCEPTED IN 16 TRIES, (AVG 540183.6875)
[1, 4, 10, 23, 57, 132, 301, 701, 1636, 3758, 8385, 20030]...: 9726184: ACCEPTED IN 18 TRIES, (AVG 540343.5555555555)
[1, 4, 10, 23, 57, 132, 301, 701, 1636, 3758, 8385, 20031]...: 7561144: ACCEPTED IN 14 TRIES, (AVG 540081.7142857143)
[1, 4, 10, 23, 57, 132, 301, 701, 1636, 3758, 8385, 20057]...: 6479038: ACCEPTED IN 12 TRIES, (AVG 539919.8333333334)
[1, 4, 10, 23, 57, 132, 301, 701, 1636, 3758, 8385, 20058]...: 10805136: ACCEPTED IN 20 TRIES, (AVG 540256.8)
[1, 4, 10, 23, 57, 132, 301, 701, 1636, 3758, 8385, 20059]...: 10808198: ACCEPTED IN 20 TRIES, (AVG 540409.9)
[1, 4, 10, 23, 57, 132, 301, 701, 1636, 3758, 8385, 20060]...: 10266983: ACCEPTED IN 19 TRIES, (AVG 540367.5263157894)
[1, 4, 10, 23, 57, 132, 301, 701, 1636, 3758, 8385, 20061]...: 7561180: ACCEPTED IN 14 TRIES, (AVG 540084.2857142857)
[1, 4, 10, 23, 57, 132, 301, 701, 1636, 3758, 8385, 20062]...: 7560817: ACCEPTED IN 14 TRIES, (AVG 540058.3571428572)
[1, 4, 10, 23, 57, 132, 301, 701, 1636, 3758, 8385, 20063]...: 7019294: ACCEPTED IN 13 TRIES, (AVG 539945.6923076923)
[1, 4, 10, 23, 57, 132, 301, 701, 1636, 3758, 8385, 20064]...: 11345953: ACCEPTED IN 21 TRIES, (AVG 540283.4761904762)
[1, 4, 10, 23, 57, 132, 301, 701, 1636, 3758, 8385, 20065]...: 3232028: ACCEPTED IN 6 TRIES, (AVG 538671.3333333334)
[1, 4, 10, 23, 57, 132, 301, 701, 1636, 3758, 8385, 20089]...: 4854726: ACCEPTED IN 9 TRIES, (AVG 539414.0)
[1, 4, 10, 23, 57, 132, 301, 701, 1636, 3758, 8385, 20091]...: 6479668: ACCEPTED IN 12 TRIES, (AVG 539972.3333333334)
[1, 4, 10, 23, 57, 132, 301, 701, 1636, 3758, 8385, 20092]...: 6479423: ACCEPTED IN 12 TRIES, (AVG 539951.9166666666)
[1, 4, 10, 23, 57, 132, 301, 701, 1636, 3758, 8385, 20093]...: 10266782: ACCEPTED IN 19 TRIES, (AVG 540356.947368421)
[1, 4, 10, 23, 57, 132, 301, 701, 1636, 3758, 8385, 20094]...: 7559734: ACCEPTED IN 14 TRIES, (AVG 539981.0)
[1, 4, 10, 23, 57, 132, 301, 701, 1636, 3758, 8385, 20095]...: 9184513: ACCEPTED IN 17 TRIES, (AVG 540265.4705882353)
[1, 4, 10, 23, 57, 132, 301, 701, 1636, 3758, 8385, 20096]...: 7020117: ACCEPTED IN 13 TRIES, (AVG 540009.0)
[1, 4, 10, 23, 57, 132, 301, 701, 1636, 3758, 8385, 20097]...: 4315010: ACCEPTED IN 8 TRIES, (AVG 539376.25)
[1, 4, 10, 23, 57, 132, 301, 701, 1636, 3758, 8385, 20098]...: 11349679: ACCEPTED IN 21 TRIES, (AVG 540460.9047619047)
[1, 4, 10, 23, 57, 132, 301, 701, 1636, 3758, 8385, 20124]...: 11349076: ACCEPTED IN 21 TRIES, (AVG 540432.1904761905)
