[1, 4, 10, 23, 57, 132, 301, 701, 1636, 3851, 8785, 19327]...: 28663909: ACCEPTED IN 53 TRIES, (AVG 540828.4716981133)
[1, 4, 10, 23, 57, 132, 301, 701, 1636, 3851, 8785, 19329]...: 9725214: ACCEPTED IN 18 TRIES, (AVG 540289.6666666666)
[1, 4, 10, 23, 57, 132, 301, 701, 1636, 3851, 8785, 19330]...: 7561901: ACCEPTED IN 14 TRIES, (AVG 540135.7857142857)
[1, 4, 10, 23, 57, 132, 301, 701, 1636, 3851, 8785, 19352]...: 12969811: ACCEPTED IN 24 TRIES, (AVG 540408.7916666666)
[1, 4, 10, 23, 57, 132, 301, 701, 1636, 3851, 8785, 19354]...: 15677936: ACCEPTED IN 29 TRIES, (AVG 540618.4827586206)
[1, 4, 10, 23, 57, 132, 301, 701, 1636, 3851, 8785, 19355]...: 23793461: ACCEPTED IN 44 TRIES, (AVG 540760.4772727273)
[1, 4, 10, 23, 57, 132, 301, 701, 1636, 3851, 8785, 19356]...: 13512870: ACCEPTED IN 25 TRIES, (AVG 540514.8)
[1, 4, 10, 23, 57, 132, 301, 701, 1636, 3851, 8785, 19357]...: 5397167: ACCEPTED IN 10 TRIES, (AVG 539716.7)
[1, 4, 10, 23, 57, 132, 301, 701, 1636, 3851, 8785, 19358]...: 9183284: ACCEPTED IN 17 TRIES, (AVG 540193.1764705882)
[1, 4, 10, 23, 57, 132, 301, 701, 1636, 3851, 8785, 19359]...: 23795029: ACCEPTED IN 44 TRIES, (AVG 540796.1136363636)
[1, 4, 10, 23, 57, 132, 301, 701, 1636, 3851, 8785, 19360]...: 11891083: ACCEPTED IN 22 TRIES, (AVG 540503.7727272727)
[1, 4, 10, 23, 57, 132, 301, 701, 1636, 3851, 8785, 19364]...: 12431100: ACCEPTED IN 23 TRIES, (AVG 540482.6086956522)
[1, 4, 10, 23, 57, 132, 301, 701, 1636, 3851, 8785, 19384]...: 9185494: ACCEPTED IN 17 TRIES, (AVG 540323.1764705882)
[1, 4, 10, 23, 57, 132, 301, 701, 1636, 3851, 8785, 19387]...: 12972345: ACCEPTED IN 24 TRIES, (AVG 540514.375)
[1, 4, 10, 23, 57, 132, 301, 701, 1636, 3851, 8785, 19388]...: 12972747: ACCEPTED IN 24 TRIES, (AVG 540531.125)
[1, 4, 10, 23, 57, 132, 301, 701, 1636, 3851, 8785, 19389]...: 15137729: ACCEPTED IN 28 TRIES, (AVG 540633.1785714285)
[1, 4, 10, 23, 57, 132, 301, 701, 1636, 3851, 8785, 19390]...: 10807821: ACCEPTED IN 20 TRIES, (AVG 540391.05)
[1, 4, 10, 23, 57, 132, 301, 701, 1636, 3851, 8785, 19391]...: 19465800: ACCEPTED IN 36 TRIES, (AVG 540716.6666666666)
[1, 4, 10, 23, 57, 132, 301, 701, 1636, 3851, 8785, 19392]...: 10266758: ACCEPTED IN 19 TRIES, (AVG 540355.6842105263)
[1, 4, 10, 23, 57, 132, 301, 701, 1636, 3851, 8785, 19393]...: 5936450: ACCEPTED IN 11 TRIES, (AVG 539677.2727272727)
[1, 4, 10, 23, 57, 132, 301, 701, 1636, 3851, 8785, 19396]...: 14055264: ACCEPTED IN 26 TRIES, (AVG 540587.0769230769)
[1, 4, 10, 23, 57, 132, 301, 701, 1636, 3851, 8785, 19419]...: 14596587: ACCEPTED IN 27 TRIES, (AVG 540614.3333333334)
[1, 4, 10, 23, 57, 132, 301, 701, 1636, 3851, 8785, 19421]...: 17843678: ACCEPTED IN 33 TRIES, (AVG 540717.5151515151)
[1, 4, 10, 23, 57, 132, 301, 701, 1636, 3851, 8785, 19422]...: 18923588: ACCEPTED IN 35 TRIES, (AVG 540673.9428571429)
[1, 4, 10, 23, 57, 132, 301, 701, 1636, 3851, 8785, 19423]...: 31371865: ACCEPTED IN 58 TRIES, (AVG 540894.224137931)
[1, 4, 10, 23, 57, 132, 301, 701, 1636, 3851, 8785, 19424]...: 12971634: ACCEPTED IN 24 TRIES, (AVG 540484.75)
[1, 4, 10, 23, 57, 132, 301, 701, 1636, 3851, 8785, 19425]...: 18925531: ACCEPTED IN 35 TRIES, (AVG 540729.4571428571)
[1, 4, 10, 23, 57, 132, 301, 701, 1636, 3851, 8785, 19426]...: 12431515: ACCEPTED IN 23 TRIES, (AVG 540500.6521739131)
[1, 4, 10, 23, 57, 132, 301, 701, 1636, 3851, 8785, 19428]...: 9726483: ACCEPTED IN 18 TRIES, (AVG 540360.1666666666)
[1, 4, 10, 23, 57, 132, 301, 701, 1636, 3851, 8785, 19429]...: 9724972: ACCEPTED IN 18 TRIES, (AVG 540276.2222222222)
[1, 4, 10, 23, 57, 132, 301, 701, 1636, 3851, 8785, 19453]...: 12431949: ACCEPTED IN 23 TRIES, (AVG 540519.5217391305)
[1, 4, 10, 23, 57, 132, 301, 701, 1636, 3851, 8785, 19454]...: 9726660: ACCEPTED IN 18 TRIES, (AVG 540370.0)
[1, 4, 10, 23, 57, 132, 301, 701, 1636, 3851, 8785, 19455]...: 11346531: ACCEPTED IN 21 TRIES, (AVG 540311.0)
[1, 4, 10, 23, 57, 132, 301, 701, 1636, 3851, 8785, 19456]...: 7020451: ACCEPTED IN 13 TRIES, (AVG 540034.6923076923)
[1, 4, 10, 23, 57, 132, 301, 701, 1636, 3851, 8785, 19457]...: 10806836: ACCEPTED IN 20 TRIES, (AVG 540341.8)
[1, 4, 10, 23, 57, 132, 301, 701, 1636, 3851, 8785, 19458]...: 12972874: ACCEPTED IN 24 TRIES, (AVG 540536.4166666666)
[1, 4, 10, 23, 57, 132, 301, 701, 1636, 3851, 8785, 19459]...: 22710883: ACCEPTED IN 42 TRIES, (AVG 540735.3095238095)
[1, 4, 10, 23, 57, 132, 301, 701, 1636, 3851, 8785, 19460]...: 22712358: ACCEPTED IN 42 TRIES, (AVG 540770.4285714285)
[1, 4, 10, 23, 57, 132, 301, 701, 1636, 3851, 8785, 19461]...: 10266366: ACCEPTED IN 19 TRIES, (AVG 540335.052631579)
[1, 4, 10, 23, 57, 132, 301, 701, 1636, 3851, 8785, 19462]...: 9726387: ACCEPTED IN 18 TRIES, (AVG 540354.8333333334)
[1, 4, 10, 23, 57, 132, 301, 701, 1636, 3851, 8785, 19463]...: 9724538: ACCEPTED IN 18 TRIES, (AVG 540252.1111111111)
[1, 4, 10, 23, 57, 132, 301, 701, 1636, 3851, 8785, 19486]...: 21088704: ACCEPTED IN 39 TRIES, (AVG 540736.0)
[1, 4, 10, 23, 57, 132, 301, 701, 1636, 3851, 8785, 19487]...: 10267293: ACCEPTED IN 19 TRIES, (AVG 540383.8421052631)
[1, 4, 10, 23, 57, 132, 301, 701, 1636, 3851, 8785, 19489]...: 42735845: ACCEPTED IN 79 TRIES, (AVG 540960.0632911392)
[1, 4, 10, 23, 57, 132, 301, 701, 1636, 3851, 8785, 19490]...: 9723789: ACCEPTED IN 18 TRIES, (AVG 540210.5)
[1, 4, 10, 23, 57, 132, 301, 701, 1636, 3851, 8785, 19491]...: 11887952: ACCEPTED IN 22 TRIES, (AVG 540361.4545454546)
[1, 4, 10, 23, 57, 132, 301, 701, 1636, 3851, 8785, 19492]...: 12972436: ACCEPTED IN 24 TRIES, (AVG 540518.1666666666)
[1, 4, 10, 23, 57, 132, 301, 701, 1636, 3851, 8785, 19495]...: 13512257: ACCEPTED IN 25 TRIES, (AVG 540490.28)
[1, 4, 10, 23, 57, 132, 301, 701, 1636, 3851, 8785, 19496]...: 15678672: ACCEPTED IN 29 TRIES, (AVG 540643.8620689656)
[1, 4, 10, 23, 57, 132, 301, 701, 1636, 3851, 8785, 19521]...: 18925897: ACCEPTED IN 35 TRIES, (AVG 540739.9142857143)
[1, 4, 10, 23, 57, 132, 301, 701, 1636, 3851, 8785, 19522]...: 10266798: ACCEPTED IN 19 TRIES, (AVG 540357.7894736842)
[1, 4, 10, 23, 57, 132, 301, 701, 1636, 3851, 8785, 19523]...: 10266937: ACCEPTED IN 19 TRIES, (AVG 540365.1052631579)
[1, 4, 10, 23, 57, 132, 301, 701, 1636, 3851, 8785, 19524]...: 10266142: ACCEPTED IN 19 TRIES, (AVG 540323.2631578947)
[1, 4, 10, 23, 57, 132, 301, 701, 1636, 3851, 8785, 19525]...: 12430110: ACCEPTED IN 23 TRIES, (AVG 540439.5652173914)
[1, 4, 10, 23, 57, 132, 301, 701, 1636, 3851, 8785, 19527]...: 9725523: ACCEPTED IN 18 TRIES, (AVG 540306.8333333334)
[1, 4, 10, 23, 57, 132, 301, 701, 1636, 3851, 8785, 19528]...: 7020845: ACCEPTED IN 13 TRIES, (AVG 540065.0)
[1, 4, 10, 23, 57, 132, 301, 701, 1636, 3851, 8785, 19553]...: 9725654: ACCEPTED IN 18 TRIES, (AVG 540314.1111111111)
[1, 4, 10, 23, 57, 132, 301, 701, 1636, 3851, 8785, 19554]...: 11889845: ACCEPTED IN 22 TRIES, (AVG 540447.5)
[1, 4, 10, 23, 57, 132, 301, 701, 1636, 3851, 8785, 19555]...: 23794571: ACCEPTED IN 44 TRIES, (AVG 540785.7045454546)
[1, 4, 10, 23, 57, 132, 301, 701, 1636, 3851, 8785, 19556]...: 6479093: ACCEPTED IN 12 TRIES, (AVG 539924.4166666666)
[1, 4, 10, 23, 57, 132, 301, 701, 1636, 3851, 8785, 19557]...: 11890211: ACCEPTED IN 22 TRIES, (AVG 540464.1363636364)
[1, 4, 10, 23, 57, 132, 301, 701, 1636, 3851, 8785, 19558]...: 6478451: ACCEPTED IN 12 TRIES, (AVG 539870.9166666666)
[1, 4, 10, 23, 57, 132, 301, 701, 1636, 3851, 8785, 19559]...: 11348402: ACCEPTED IN 21 TRIES, (AVG 540400.0952380953)
[1, 4, 10, 23, 57, 132, 301, 701, 1636, 3851, 8785, 19560]...: 7019054: ACCEPTED IN 13 TRIES, (AVG 539927.2307692308)
[1, 4, 10, 23, 57, 132, 301, 701, 1636, 3851, 8785, 19561]...: 12971540: ACCEPTED IN 24 TRIES, (AVG 540480.8333333334)
[1, 4, 10, 23, 57, 132, 301, 701, 1636, 3851, 8785, 19562]...: 12972667: ACCEPTED IN 24 TRIES, (AVG 540527.7916666666)
[1, 4, 10, 23, 57, 132, 301, 701, 1636, 3851, 8785, 19585]...: 11349613: ACCEPTED IN 21 TRIES, (AVG 540457.7619047619)
[1, 4, 10, 23, 57, 132, 301, 701, 1636, 3851, 8785, 19586]...: 10808078: ACCEPTED IN 20 TRIES, (AVG 540403.9)
[1, 4, 10, 23, 57, 132, 301, 701, 1636, 3851, 8785, 19588]...: 15136842: ACCEPTED IN 28 TRIES, (AVG 540601.5)
[1, 4, 10, 23, 57, 132, 301, 701, 1636, 3851, 8785, 19589]...: 21629276: ACCEPTED IN 40 TRIES, (AVG 540731.9)
[1, 4, 10, 23, 57, 132, 301, 701, 1636, 3851, 8785, 19590]...: 6478817: ACCEPTED IN 12 TRIES, (AVG 539901.4166666666)
[1, 4, 10, 23, 57, 132, 301, 701, 1636, 3851, 8785, 19591]...: 9726379: ACCEPTED IN 18 TRIES, (AVG 540354.3888888889)
[1, 4, 10, 23, 57, 132, 301, 701, 1636, 3851, 8785, 19592]...: 9183700: ACCEPTED IN 17 TRIES, (AVG 540217.6470588235)
[1, 4, 10, 23, 57, 132, 301, 701, 1636, 3851, 8785, 19593]...: 11890463: ACCEPTED IN 22 TRIES, (AVG 540475.5909090909)
[1, 4, 10, 23, 57, 132, 301, 701, 1636, 3851, 8785, 19594]...: 16219190: ACCEPTED IN 30 TRIES, (AVG 540639.6666666666)
[1, 4, 10, 23, 57, 132, 301, 701, 1636, 3851, 8785, 19595]...: 7561245: ACCEPTED IN 14 TRIES, (AVG 540088.9285714285)
[1, 4, 10, 23, 57, 132, 301, 701, 1636, 3851, 8785, 19598]...: 11889781: ACCEPTED IN 22 TRIES, (AVG 540444.5909090909)
[1, 4, 10, 23, 57, 132, 301, 701, 1636, 3851, 8785, 19621]...: 9185038: ACCEPTED IN 17 TRIES, (AVG 540296.3529411765)
[1, 4, 10, 23, 57, 132, 301, 701, 1636, 3851, 8785, 19622]...: 13514189: ACCEPTED IN 25 TRIES, (AVG 540567.56)
[1, 4, 10, 23, 57, 132, 301, 701, 1636, 3851, 8785, 19623]...: 9725865: ACCEPTED IN 18 TRIES, (AVG 540325.8333333334)
[1, 4, 10, 23, 57, 132, 301, 701, 1636, 3851, 8785, 19624]...: 10808512: ACCEPTED IN 20 TRIES, (AVG 540425.6)
[1, 4, 10, 23, 57, 132, 301, 701, 1636, 3851, 8785, 19626]...: 11889060: ACCEPTED IN 22 TRIES, (AVG 540411.8181818182)
[1, 4, 10, 23, 57, 132, 301, 701, 1636, 3851, 8785, 19627]...: 8643040: ACCEPTED IN 16 TRIES, (AVG 540190.0)
[1, 4, 10, 23, 57, 132, 301, 701, 1636, 3851, 8785, 19628]...: 11349150: ACCEPTED IN 21 TRIES, (AVG 540435.7142857143)
[1, 4, 10, 23, 57, 132, 301, 701, 1636, 3851, 8785, 19630]...: 12431978: ACCEPTED IN 23 TRIES, (AVG 540520.7826086957)
[1, 4, 10, 23, 57, 132, 301, 701, 1636, 3851, 8785, 19653]...: 6477288: ACCEPTED IN 12 TRIES, (AVG 539774.0)
[1, 4, 10, 23, 57, 132, 301, 701, 1636, 3851, 8785, 19655]...: 12430409: ACCEPTED IN 23 TRIES, (AVG 540452.5652173914)
[1, 4, 10, 23, 57, 132, 301, 701, 1636, 3851, 8785, 19656]...: 18382365: ACCEPTED IN 34 TRIES, (AVG 540657.7941176471)
[1, 4, 10, 23, 57, 132, 301, 701, 1636, 3851, 8785, 19657]...: 11349947: ACCEPTED IN 21 TRIES, (AVG 540473.6666666666)
[1, 4, 10, 23, 57, 132, 301, 701, 1636, 3851, 8785, 19658]...: 7020095: ACCEPTED IN 13 TRIES, (AVG 540007.3076923077)
[1, 4, 10, 23, 57, 132, 301, 701, 1636, 3851, 8785, 19659]...: 10807703: ACCEPTED IN 20 TRIES, (AVG 540385.15)
[1, 4, 10, 23, 57, 132, 301, 701, 1636, 3851, 8785, 19660]...: 11888633: ACCEPTED IN 22 TRIES, (AVG 540392.4090909091)
[1, 4, 10, 23, 57, 132, 301, 701, 1636, 3851, 8785, 19661]...: 14596886: ACCEPTED IN 27 TRIES, (AVG 540625.4074074074)
[1, 4, 10, 23, 57, 132, 301, 701, 1636, 3851, 8785, 19665]...: 10267126: ACCEPTED IN 19 TRIES, (AVG 540375.052631579)
[1, 4, 10, 23, 57, 132, 301, 701, 1636, 3851, 8785, 19685]...: 10806562: ACCEPTED IN 20 TRIES, (AVG 540328.1)
[1, 4, 10, 23, 57, 132, 301, 701, 1636, 3851, 8785, 19687]...: 10808570: ACCEPTED IN 20 TRIES, (AVG 540428.5)
[1, 4, 10, 23, 57, 132, 301, 701, 1636, 3851, 8785, 19688]...: 11889182: ACCEPTED IN 22 TRIES, (AVG 540417.3636363636)
[1, 4, 10, 23, 57, 132, 301, 701, 1636, 3851, 8785, 19689]...: 6477765: ACCEPTED IN 12 TRIES, (AVG 539813.75)
[1, 4, 10, 23, 57, 132, 301, 701, 1636, 3851, 8785, 19690]...: 9726639: ACCEPTED IN 18 TRIES, (AVG 540368.8333333334)
[1, 4, 10, 23, 57, 132, 301, 701, 1636, 3851, 8785, 19691]...: 12431809: ACCEPTED IN 23 TRIES, (AVG 540513.4347826086)
[1, 4, 10, 23, 57, 132, 301, 701, 1636, 3851, 8785, 19692]...: 11349809: ACCEPTED IN 21 TRIES, (AVG 540467.0952380953)
[1, 4, 10, 23, 57, 132, 301, 701, 1636, 3851, 8785, 19693]...: 6479012: ACCEPTED IN 12 TRIES, (AVG 539917.6666666666)
[1, 4, 10, 23, 57, 132, 301, 701, 1636, 3851, 8785, 19694]...: 14055155: ACCEPTED IN 26 TRIES, (AVG 540582.8846153846)
[1, 4, 10, 23, 57, 132, 301, 701, 1636, 3851, 8785, 19697]...: 16219796: ACCEPTED IN 30 TRIES, (AVG 540659.8666666667)
[1, 4, 10, 23, 57, 132, 301, 701, 1636, 3851, 8785, 19720]...: 14596471: ACCEPTED IN 27 TRIES, (AVG 540610.0370370371)
[1, 4, 10, 23, 57, 132, 301, 701, 1636, 3851, 8785, 19722]...: 11890279: ACCEPTED IN 22 TRIES, (AVG 540467.2272727273)
[1, 4, 10, 23, 57, 132, 301, 701, 1636, 3851, 8785, 19723]...: 18924547: ACCEPTED IN 35 TRIES, (AVG 540701.3428571429)
[1, 4, 10, 23, 57, 132, 301, 701, 1636, 3851, 8785, 19724]...: 11348934: ACCEPTED IN 21 TRIES, (AVG 540425.4285714285)
[1, 4, 10, 23, 57, 132, 301, 701, 1636, 3851, 8785, 19725]...: 8643309: ACCEPTED IN 16 TRIES, (AVG 540206.8125)
[1, 4, 10, 23, 57, 132, 301, 701, 1636, 3851, 8785, 19726]...: 10807864: ACCEPTED IN 20 TRIES, (AVG 540393.2)
[1, 4, 10, 23, 57, 132, 301, 701, 1636, 3851, 8785, 19727]...: 13511519: ACCEPTED IN 25 TRIES, (AVG 540460.76)
[1, 4, 10, 23, 57, 132, 301, 701, 1636, 3851, 8785, 19729]...: 10266124: ACCEPTED IN 19 TRIES, (AVG 540322.3157894737)
[1, 4, 10, 23, 57, 132, 301, 701, 1636, 3851, 8785, 19730]...: 10265392: ACCEPTED IN 19 TRIES, (AVG 540283.7894736842)
[1, 4, 10, 23, 57, 132, 301, 701, 1636, 3851, 8785, 19754]...: 14054164: ACCEPTED IN 26 TRIES, (AVG 540544.7692307692)
[1, 4, 10, 23, 57, 132, 301, 701, 1636, 3851, 8785, 19755]...: 21630356: ACCEPTED IN 40 TRIES, (AVG 540758.9)
[1, 4, 10, 23, 57, 132, 301, 701, 1636, 3851, 8785, 19756]...: 7017401: ACCEPTED IN 13 TRIES, (AVG 539800.0769230769)
[1, 4, 10, 23, 57, 132, 301, 701, 1636, 3851, 8785, 19757]...: 21088733: ACCEPTED IN 39 TRIES, (AVG 540736.7435897436)
[1, 4, 10, 23, 57, 132, 301, 701, 1636, 3851, 8785, 19758]...: 11890557: ACCEPTED IN 22 TRIES, (AVG 540479.8636363636)
[1, 4, 10, 23, 57, 132, 301, 701, 1636, 3851, 8785, 19759]...: 31912778: ACCEPTED IN 59 TRIES, (AVG 540894.5423728813)
[1, 4, 10, 23, 57, 132, 301, 701, 1636, 3851, 8785, 19760]...: 9726362: ACCEPTED IN 18 TRIES, (AVG 540353.4444444445)
[1, 4, 10, 23, 57, 132, 301, 701, 1636, 3851, 8785, 19761]...: 8100773: ACCEPTED IN 15 TRIES, (AVG 540051.5333333333)
[1, 4, 10, 23, 57, 132, 301, 701, 1636, 3851, 8785, 19762]...: 11349311: ACCEPTED IN 21 TRIES, (AVG 540443.380952381)
[1, 4, 10, 23, 57, 132, 301, 701, 1636, 3851, 8785, 19787]...: 6479750: ACCEPTED IN 12 TRIES, (AVG 539979.1666666666)
[1, 4, 10, 23, 57, 132, 301, 701, 1636, 3851, 8785, 19788]...: 9724567: ACCEPTED IN 18 TRIES, (AVG 540253.7222222222)
[1, 4, 10, 23, 57, 132, 301, 701, 1636, 3851, 8785, 19789]...: 23254831: ACCEPTED IN 43 TRIES, (AVG 540810.023255814)
[1, 4, 10, 23, 57, 132, 301, 701, 1636, 3851, 8785, 19790]...: 10265494: ACCEPTED IN 19 TRIES, (AVG 540289.1578947369)
[1, 4, 10, 23, 57, 132, 301, 701, 1636, 3851, 8785, 19791]...: 12431613: ACCEPTED IN 23 TRIES, (AVG 540504.9130434783)
[1, 4, 10, 23, 57, 132, 301, 701, 1636, 3851, 8785, 19792]...: 12432051: ACCEPTED IN 23 TRIES, (AVG 540523.9565217391)
[1, 4, 10, 23, 57, 132, 301, 701, 1636, 3851, 8785, 19793]...: 30830574: ACCEPTED IN 57 TRIES, (AVG 540887.2631578947)
[1, 4, 10, 23, 57, 132, 301, 701, 1636, 3851, 8785, 19796]...: 9725303: ACCEPTED IN 18 TRIES, (AVG 540294.6111111111)
[1, 4, 10, 23, 57, 132, 301, 701, 1636, 3851, 8785, 19797]...: 18384378: ACCEPTED IN 34 TRIES, (AVG 540717.0)
[1, 4, 10, 23, 57, 132, 301, 701, 1636, 3851, 8785, 19819]...: 11349218: ACCEPTED IN 21 TRIES, (AVG 540438.9523809524)
[1, 4, 10, 23, 57, 132, 301, 701, 1636, 3851, 8785, 19822]...: 15136572: ACCEPTED IN 28 TRIES, (AVG 540591.8571428572)
[1, 4, 10, 23, 57, 132, 301, 701, 1636, 3851, 8785, 19823]...: 10808027: ACCEPTED IN 20 TRIES, (AVG 540401.35)
[1, 4, 10, 23, 57, 132, 301, 701, 1636, 3851, 8785, 19824]...: 9724561: ACCEPTED IN 18 TRIES, (AVG 540253.3888888889)
[1, 4, 10, 23, 57, 132, 301, 701, 1636, 3851, 8785, 19825]...: 9182769: ACCEPTED IN 17 TRIES, (AVG 540162.8823529412)
[1, 4, 10, 23, 57, 132, 301, 701, 1636, 3851, 8785, 19826]...: 12430450: ACCEPTED IN 23 TRIES, (AVG 540454.3478260869)
[1, 4, 10, 23, 57, 132, 301, 701, 1636, 3851, 8785, 19828]...: 12431538: ACCEPTED IN 23 TRIES, (AVG 540501.6521739131)
[1, 4, 10, 23, 57, 132, 301, 701, 1636, 3851, 8785, 19829]...: 9181346: ACCEPTED IN 17 TRIES, (AVG 540079.1764705882)
[1, 4, 10, 23, 57, 132, 301, 701, 1636, 3851, 8785, 19854]...: 7020481: ACCEPTED IN 13 TRIES, (AVG 540037.0)
[1, 4, 10, 23, 57, 132, 301, 701, 1636, 3851, 8785, 19855]...: 14054937: ACCEPTED IN 26 TRIES, (AVG 540574.5)
[1, 4, 10, 23, 57, 132, 301, 701, 1636, 3851, 8785, 19856]...: 10807495: ACCEPTED IN 20 TRIES, (AVG 540374.75)
[1, 4, 10, 23, 57, 132, 301, 701, 1636, 3851, 8785, 19857]...: 11349558: ACCEPTED IN 21 TRIES, (AVG 540455.1428571428)
[1, 4, 10, 23, 57, 132, 301, 701, 1636, 3851, 8785, 19858]...: 9184877: ACCEPTED IN 17 TRIES, (AVG 540286.8823529412)
[1, 4, 10, 23, 57, 132, 301, 701, 1636, 3851, 8785, 19859]...: 6477317: ACCEPTED IN 12 TRIES, (AVG 539776.4166666666)
[1, 4, 10, 23, 57, 132, 301, 701, 1636, 3851, 8785, 19860]...: 11349858: ACCEPTED IN 21 TRIES, (AVG 540469.4285714285)
[1, 4, 10, 23, 57, 132, 301, 701, 1636, 3851, 8785, 19861]...: 21631142: ACCEPTED IN 40 TRIES, (AVG 540778.55)
[1, 4, 10, 23, 57, 132, 301, 701, 1636, 3851, 8785, 19862]...: 10263782: ACCEPTED IN 19 TRIES, (AVG 540199.052631579)
[1, 4, 10, 23, 57, 132, 301, 701, 1636, 3851, 8785, 19863]...: 11887874: ACCEPTED IN 22 TRIES, (AVG 540357.9090909091)
[1, 4, 10, 23, 57, 132, 301, 701, 1636, 3851, 8785, 19886]...: 9726438: ACCEPTED IN 18 TRIES, (AVG 540357.6666666666)
[1, 4, 10, 23, 57, 132, 301, 701, 1636, 3851, 8785, 19887]...: 9726569: ACCEPTED IN 18 TRIES, (AVG 540364.9444444445)
[1, 4, 10, 23, 57, 132, 301, 701, 1636, 3851, 8785, 19889]...: 10807507: ACCEPTED IN 20 TRIES, (AVG 540375.35)
[1, 4, 10, 23, 57, 132, 301, 701, 1636, 3851, 8785, 19890]...: 6478971: ACCEPTED IN 12 TRIES, (AVG 539914.25)
[1, 4, 10, 23, 57, 132, 301, 701, 1636, 3851, 8785, 19891]...: 6476629: ACCEPTED IN 12 TRIES, (AVG 539719.0833333334)
[1, 4, 10, 23, 57, 132, 301, 701, 1636, 3851, 8785, 19892]...: 10264662: ACCEPTED IN 19 TRIES, (AVG 540245.3684210526)
[1, 4, 10, 23, 57, 132, 301, 701, 1636, 3851, 8785, 19893]...: 10808801: ACCEPTED IN 20 TRIES, (AVG 540440.05)
[1, 4, 10, 23, 57, 132, 301, 701, 1636, 3851, 8785, 19894]...: 10808208: ACCEPTED IN 20 TRIES, (AVG 540410.4)
[1, 4, 10, 23, 57, 132, 301, 701, 1636, 3851, 8785, 19895]...: 12429379: ACCEPTED IN 23 TRIES, (AVG 540407.7826086957)
[1, 4, 10, 23, 57, 132, 301, 701, 1636, 3851, 8785, 19896]...: 10805852: ACCEPTED IN 20 TRIES, (AVG 540292.6)
[1, 4, 10, 23, 57, 132, 301, 701, 1636, 3851, 8785, 19899]...: 14596161: ACCEPTED IN 27 TRIES, (AVG 540598.5555555555)
[1, 4, 10, 23, 57, 132, 301, 701, 1636, 3851, 8785, 19921]...: 10806791: ACCEPTED IN 20 TRIES, (AVG 540339.55)
[1, 4, 10, 23, 57, 132, 301, 701, 1636, 3851, 8785, 19922]...: 27042924: ACCEPTED IN 50 TRIES, (AVG 540858.48)
[1, 4, 10, 23, 57, 132, 301, 701, 1636, 3851, 8785, 19923]...: 6478452: ACCEPTED IN 12 TRIES, (AVG 539871.0)
[1, 4, 10, 23, 57, 132, 301, 701, 1636, 3851, 8785, 19924]...: 11890456: ACCEPTED IN 22 TRIES, (AVG 540475.2727272727)
[1, 4, 10, 23, 57, 132, 301, 701, 1636, 3851, 8785, 19925]...: 15137111: ACCEPTED IN 28 TRIES, (AVG 540611.1071428572)
[1, 4, 10, 23, 57, 132, 301, 701, 1636, 3851, 8785, 19927]...: 10266048: ACCEPTED IN 19 TRIES, (AVG 540318.3157894737)
[1, 4, 10, 23, 57, 132, 301, 701, 1636, 3851, 8785, 19928]...: 12971241: ACCEPTED IN 24 TRIES, (AVG 540468.375)
[1, 4, 10, 23, 57, 132, 301, 701, 1636, 3851, 8785, 19929]...: 7560554: ACCEPTED IN 14 TRIES, (AVG 540039.5714285715)
[1, 4, 10, 23, 57, 132, 301, 701, 1636, 3851, 8785, 19931]...: 11348611: ACCEPTED IN 21 TRIES, (AVG 540410.0476190476)
[1, 4, 10, 23, 57, 132, 301, 701, 1636, 3851, 8785, 19954]...: 7018542: ACCEPTED IN 13 TRIES, (AVG 539887.8461538461)
[1, 4, 10, 23, 57, 132, 301, 701, 1636, 3851, 8785, 19956]...: 7020333: ACCEPTED IN 13 TRIES, (AVG 540025.6153846154)
[1, 4, 10, 23, 57, 132, 301, 701, 1636, 3851, 8785, 19957]...: 9725922: ACCEPTED IN 18 TRIES, (AVG 540329.0)
[1, 4, 10, 23, 57, 132, 301, 701, 1636, 3851, 8785, 19958]...: 7019840: ACCEPTED IN 13 TRIES, (AVG 539987.6923076923)
[1, 4, 10, 23, 57, 132, 301, 701, 1636, 3851, 8785, 19959]...: 9185044: ACCEPTED IN 17 TRIES, (AVG 540296.7058823529)
[1, 4, 10, 23, 57, 132, 301, 701, 1636, 3851, 8785, 19960]...: 10807699: ACCEPTED IN 20 TRIES, (AVG 540384.95)
[1, 4, 10, 23, 57, 132, 301, 701, 1636, 3851, 8785, 19961]...: 11890342: ACCEPTED IN 22 TRIES, (AVG 540470.0909090909)
[1, 4, 10, 23, 57, 132, 301, 701, 1636, 3851, 8785, 19962]...: 10808150: ACCEPTED IN 20 TRIES, (AVG 540407.5)
[1, 4, 10, 23, 57, 132, 301, 701, 1636, 3851, 8785, 19986]...: 10266032: ACCEPTED IN 19 TRIES, (AVG 540317.4736842106)
[1, 4, 10, 23, 57, 132, 301, 701, 1636, 3851, 8785, 19988]...: 12431806: ACCEPTED IN 23 TRIES, (AVG 540513.304347826)
[1, 4, 10, 23, 57, 132, 301, 701, 1636, 3851, 8785, 19989]...: 11349234: ACCEPTED IN 21 TRIES, (AVG 540439.7142857143)
[1, 4, 10, 23, 57, 132, 301, 701, 1636, 3851, 8785, 19990]...: 22713105: ACCEPTED IN 42 TRIES, (AVG 540788.2142857143)
[1, 4, 10, 23, 57, 132, 301, 701, 1636, 3851, 8785, 19991]...: 9181418: ACCEPTED IN 17 TRIES, (AVG 540083.4117647059)
[1, 4, 10, 23, 57, 132, 301, 701, 1636, 3851, 8785, 19992]...: 20549218: ACCEPTED IN 38 TRIES, (AVG 540768.8947368421)
[1, 4, 10, 23, 57, 132, 301, 701, 1636, 3851, 8785, 19993]...: 10806717: ACCEPTED IN 20 TRIES, (AVG 540335.85)
[1, 4, 10, 23, 57, 132, 301, 701, 1636, 3851, 8785, 19994]...: 9726665: ACCEPTED IN 18 TRIES, (AVG 540370.2777777778)
[1, 4, 10, 23, 57, 132, 301, 701, 1636, 3851, 8785, 19995]...: 7019721: ACCEPTED IN 13 TRIES, (AVG 539978.5384615385)
[1, 4, 10, 23, 57, 132, 301, 701, 1636, 3851, 8785, 19998]...: 9722499: ACCEPTED IN 18 TRIES, (AVG 540138.8333333334)
[1, 4, 10, 23, 57, 132, 301, 701, 1636, 3851, 8785, 20021]...: 9726013: ACCEPTED IN 18 TRIES, (AVG 540334.0555555555)
[1, 4, 10, 23, 57, 132, 301, 701, 1636, 3851, 8785, 20022]...: 9184802: ACCEPTED IN 17 TRIES, (AVG 540282.4705882353)
[1, 4, 10, 23, 57, 132, 301, 701, 1636, 3851, 8785, 20023]...: 7020802: ACCEPTED IN 13 TRIES, (AVG 540061.6923076923)
[1, 4, 10, 23, 57, 132, 301, 701, 1636, 3851, 8785, 20024]...: 22171238: ACCEPTED IN 41 TRIES, (AVG 540761.9024390244)
[1, 4, 10, 23, 57, 132, 301, 701, 1636, 3851, 8785, 20025]...: 11890873: ACCEPTED IN 22 TRIES, (AVG 540494.2272727273)
[1, 4, 10, 23, 57, 132, 301, 701, 1636, 3851, 8785, 20026]...: 10267543: ACCEPTED IN 19 TRIES, (AVG 540397.0)
[1, 4, 10, 23, 57, 132, 301, 701, 1636, 3851, 8785, 20027]...: 5397090: ACCEPTED IN 10 TRIES, (AVG 539709.0)
[1, 4, 10, 23, 57, 132, 301, 701, 1636, 3851, 8785, 20028]...: 9725006: ACCEPTED IN 18 TRIES, (AVG 540278.1111111111)
[1, 4, 10, 23, 57, 132, 301, 701, 1636, 3851, 8785, 20030]...: 5935772: ACCEPTED IN 11 TRIES, (AVG 539615.6363636364)
[1, 4, 10, 23, 57, 132, 301, 701, 1636, 3851, 8785, 20031]...: 7020826: ACCEPTED IN 13 TRIES, (AVG 540063.5384615385)
[1, 4, 10, 23, 57, 132, 301, 701, 1636, 3851, 8785, 20053]...: 21631637: ACCEPTED IN 40 TRIES, (AVG 540790.925)
[1, 4, 10, 23, 57, 132, 301, 701, 1636, 3851, 8785, 20055]...: 12431929: ACCEPTED IN 23 TRIES, (AVG 540518.6521739131)
[1, 4, 10, 23, 57, 132, 301, 701, 1636, 3851, 8785, 20056]...: 17300348: ACCEPTED IN 32 TRIES, (AVG 540635.875)
[1, 4, 10, 23, 57, 132, 301, 701, 1636, 3851, 8785, 20057]...: 6479225: ACCEPTED IN 12 TRIES, (AVG 539935.4166666666)
[1, 4, 10, 23, 57, 132, 301, 701, 1636, 3851, 8785, 20058]...: 12972465: ACCEPTED IN 24 TRIES, (AVG 540519.375)
[1, 4, 10, 23, 57, 132, 301, 701, 1636, 3851, 8785, 20059]...: 19465655: ACCEPTED IN 36 TRIES, (AVG 540712.6388888889)
[1, 4, 10, 23, 57, 132, 301, 701, 1636, 3851, 8785, 20060]...: 11347813: ACCEPTED IN 21 TRIES, (AVG 540372.0476190476)
[1, 4, 10, 23, 57, 132, 301, 701, 1636, 3851, 8785, 20061]...: 11349565: ACCEPTED IN 21 TRIES, (AVG 540455.4761904762)
[1, 4, 10, 23, 57, 132, 301, 701, 1636, 3851, 8785, 20062]...: 9184630: ACCEPTED IN 17 TRIES, (AVG 540272.3529411765)
[1, 4, 10, 23, 57, 132, 301, 701, 1636, 3851, 8785, 20063]...: 8644275: ACCEPTED IN 16 TRIES, (AVG 540267.1875)
[1, 4, 10, 23, 57, 132, 301, 701, 1636, 3851, 8785, 20088]...: 11889992: ACCEPTED IN 22 TRIES, (AVG 540454.1818181818)
[1, 4, 10, 23, 57, 132, 301, 701, 1636, 3851, 8785, 20089]...: 12431558: ACCEPTED IN 23 TRIES, (AVG 540502.5217391305)
[1, 4, 10, 23, 57, 132, 301, 701, 1636, 3851, 8785, 20090]...: 9725623: ACCEPTED IN 18 TRIES, (AVG 540312.3888888889)
[1, 4, 10, 23, 57, 132, 301, 701, 1636, 3851, 8785, 20091]...: 7020812: ACCEPTED IN 13 TRIES, (AVG 540062.4615384615)
[1, 4, 10, 23, 57, 132, 301, 701, 1636, 3851, 8785, 20092]...: 9725412: ACCEPTED IN 18 TRIES, (AVG 540300.6666666666)
[1, 4, 10, 23, 57, 132, 301, 701, 1636, 3851, 8785, 20093]...: 9185114: ACCEPTED IN 17 TRIES, (AVG 540300.8235294118)
[1, 4, 10, 23, 57, 132, 301, 701, 1636, 3851, 8785, 20094]...: 9183677: ACCEPTED IN 17 TRIES, (AVG 540216.2941176471)
[1, 4, 10, 23, 57, 132, 301, 701, 1636, 3851, 8785, 20097]...: 12432108: ACCEPTED IN 23 TRIES, (AVG 540526.4347826086)
[1, 4, 10, 23, 57, 132, 301, 701, 1636, 3851, 8785, 20120]...: 10265977: ACCEPTED IN 19 TRIES, (AVG 540314.5789473684)
[1, 4, 10, 23, 57, 132, 301, 701, 1636, 3851, 8785, 20123]...: 10266929: ACCEPTED IN 19 TRIES, (AVG 540364.6842105263)
[1, 4, 10, 23, 57, 132, 301, 701, 1636, 3851, 8785, 20124]...: 7020776: ACCEPTED IN 13 TRIES, (AVG 540059.6923076923)
[1, 4, 10, 23, 57, 132, 301, 701, 1636, 3851, 8785, 20125]...: 10806519: ACCEPTED IN 20 TRIES, (AVG 540325.95)
[1, 4, 10, 23, 57, 132, 301, 701, 1636, 3851, 8785, 20126]...: 10808752: ACCEPTED IN 20 TRIES, (AVG 540437.6)
[1, 4, 10, 23, 57, 132, 301, 701, 1636, 3851, 8785, 20127]...: 5938169: ACCEPTED IN 11 TRIES, (AVG 539833.5454545454)
[1, 4, 10, 23, 57, 132, 301, 701, 1636, 3851, 8785, 20129]...: 10807736: ACCEPTED IN 20 TRIES, (AVG 540386.8)
[1, 4, 10, 23, 57, 132, 301, 701, 1636, 3851, 8785, 20130]...: 12431814: ACCEPTED IN 23 TRIES, (AVG 540513.6521739131)
[1, 4, 10, 23, 57, 132, 301, 701, 1636, 3851, 8785, 20154]...: 9184550: ACCEPTED IN 17 TRIES, (AVG 540267.6470588235)
[1, 4, 10, 23, 57, 132, 301, 701, 1636, 3851, 8785, 20155]...: 17301107: ACCEPTED IN 32 TRIES, (AVG 540659.59375)
[1, 4, 10, 23, 57, 132, 301, 701, 1636, 3851, 8785, 20156]...: 7561208: ACCEPTED IN 14 TRIES, (AVG 540086.2857142857)
[1, 4, 10, 23, 57, 132, 301, 701, 1636, 3851, 8785, 20157]...: 8102268: ACCEPTED IN 15 TRIES, (AVG 540151.2)
[1, 4, 10, 23, 57, 132, 301, 701, 1636, 3851, 8785, 20158]...: 11349597: ACCEPTED IN 21 TRIES, (AVG 540457.0)
[1, 4, 10, 23, 57, 132, 301, 701, 1636, 3851, 8785, 20159]...: 12428617: ACCEPTED IN 23 TRIES, (AVG 540374.6521739131)
[1, 4, 10, 23, 57, 132, 301, 701, 1636, 3851, 8785, 20160]...: 10265848: ACCEPTED IN 19 TRIES, (AVG 540307.7894736842)
[1, 4, 10, 23, 57, 132, 301, 701, 1636, 3851, 8785, 20161]...: 9184783: ACCEPTED IN 17 TRIES, (AVG 540281.3529411765)
[1, 4, 10, 23, 57, 132, 301, 701, 1636, 3851, 8785, 20162]...: 7020223: ACCEPTED IN 13 TRIES, (AVG 540017.1538461539)
[1, 4, 10, 23, 57, 132, 301, 701, 1636, 3851, 8785, 20163]...: 6478398: ACCEPTED IN 12 TRIES, (AVG 539866.5)
[1, 4, 10, 23, 57, 132, 301, 701, 1636, 3851, 8785, 20164]...: 7020735: ACCEPTED IN 13 TRIES, (AVG 540056.5384615385)
[1, 4, 10, 23, 57, 132, 301, 701, 1636, 3851, 8785, 20187]...: 12432156: ACCEPTED IN 23 TRIES, (AVG 540528.5217391305)
[1, 4, 10, 23, 57, 132, 301, 701, 1636, 3851, 8785, 20188]...: 7019390: ACCEPTED IN 13 TRIES, (AVG 539953.0769230769)
[1, 4, 10, 23, 57, 132, 301, 701, 1636, 3851, 8785, 20190]...: 11348667: ACCEPTED IN 21 TRIES, (AVG 540412.7142857143)
[1, 4, 10, 23, 57, 132, 301, 701, 1636, 3851, 8785, 20191]...: 10267157: ACCEPTED IN 19 TRIES, (AVG 540376.6842105263)
[1, 4, 10, 23, 57, 132, 301, 701, 1636, 3851, 8785, 20192]...: 10267634: ACCEPTED IN 19 TRIES, (AVG 540401.7894736842)
[1, 4, 10, 23, 57, 132, 301, 701, 1636, 3851, 8785, 20193]...: 11347600: ACCEPTED IN 21 TRIES, (AVG 540361.9047619047)
[1, 4, 10, 23, 57, 132, 301, 701, 1636, 3851, 8785, 20194]...: 9184005: ACCEPTED IN 17 TRIES, (AVG 540235.5882352941)
[1, 4, 10, 23, 57, 132, 301, 701, 1636, 3851, 8785, 20195]...: 10808660: ACCEPTED IN 20 TRIES, (AVG 540433.0)
[1, 4, 10, 23, 57, 132, 301, 701, 1636, 3851, 8785, 20196]...: 9725836: ACCEPTED IN 18 TRIES, (AVG 540324.2222222222)
[1, 4, 10, 23, 57, 132, 301, 701, 1636, 3851, 8785, 20197]...: 6478970: ACCEPTED IN 12 TRIES, (AVG 539914.1666666666)
[1, 4, 10, 23, 57, 132, 301, 701, 1636, 3851, 8785, 20222]...: 11889030: ACCEPTED IN 22 TRIES, (AVG 540410.4545454546)
[1, 4, 10, 23, 57, 132, 301, 701, 1636, 3851, 8785, 20223]...: 10265550: ACCEPTED IN 19 TRIES, (AVG 540292.1052631579)
[1, 4, 10, 23, 57, 132, 301, 701, 1636, 3851, 8785, 20224]...: 21629705: ACCEPTED IN 40 TRIES, (AVG 540742.625)
[1, 4, 10, 23, 57, 132, 301, 701, 1636, 3851, 8785, 20225]...: 12973398: ACCEPTED IN 24 TRIES, (AVG 540558.25)
[1, 4, 10, 23, 57, 132, 301, 701, 1636, 3851, 8785, 20226]...: 22712363: ACCEPTED IN 42 TRIES, (AVG 540770.5476190476)
[1, 4, 10, 23, 57, 132, 301, 701, 1636, 3851, 8785, 20228]...: 9726246: ACCEPTED IN 18 TRIES, (AVG 540347.0)
[1, 4, 10, 23, 57, 132, 301, 701, 1636, 3851, 8785, 20229]...: 10267113: ACCEPTED IN 19 TRIES, (AVG 540374.3684210526)
[1, 4, 10, 23, 57, 132, 301, 701, 1636, 3851, 8785, 20232]...: 10266269: ACCEPTED IN 19 TRIES, (AVG 540329.947368421)
[1, 4, 10, 23, 57, 132, 301, 701, 1636, 3851, 8785, 20255]...: 7020663: ACCEPTED IN 13 TRIES, (AVG 540051.0)
[1, 4, 10, 23, 57, 132, 301, 701, 1636, 3851, 8785, 20256]...: 6479455: ACCEPTED IN 12 TRIES, (AVG 539954.5833333334)
[1, 4, 10, 23, 57, 132, 301, 701, 1636, 3851, 8785, 20257]...: 10805994: ACCEPTED IN 20 TRIES, (AVG 540299.7)
[1, 4, 10, 23, 57, 132, 301, 701, 1636, 3851, 8785, 20258]...: 11349330: ACCEPTED IN 21 TRIES, (AVG 540444.2857142857)
[1, 4, 10, 23, 57, 132, 301, 701, 1636, 3851, 8785, 20259]...: 11890635: ACCEPTED IN 22 TRIES, (AVG 540483.4090909091)
[1, 4, 10, 23, 57, 132, 301, 701, 1636, 3851, 8785, 20260]...: 9726648: ACCEPTED IN 18 TRIES, (AVG 540369.3333333334)
[1, 4, 10, 23, 57, 132, 301, 701, 1636, 3851, 8785, 20261]...: 20007172: ACCEPTED IN 37 TRIES, (AVG 540734.3783783783)
[1, 4, 10, 23, 57, 132, 301, 701, 1636, 3851, 8785, 20262]...: 7020881: ACCEPTED IN 13 TRIES, (AVG 540067.7692307692)
[1, 4, 10, 23, 57, 132, 301, 701, 1636, 3851, 8785, 20263]...: 10804861: ACCEPTED IN 20 TRIES, (AVG 540243.05)
[1, 4, 10, 23, 57, 132, 301, 701, 1636, 3851, 8785, 20286]...: 9725905: ACCEPTED IN 18 TRIES, (AVG 540328.0555555555)
[1, 4, 10, 23, 57, 132, 301, 701, 1636, 3851, 8785, 20287]...: 10266085: ACCEPTED IN 19 TRIES, (AVG 540320.2631578947)
[1, 4, 10, 23, 57, 132, 301, 701, 1636, 3851, 8785, 20289]...: 11888124: ACCEPTED IN 22 TRIES, (AVG 540369.2727272727)
[1, 4, 10, 23, 57, 132, 301, 701, 1636, 3851, 8785, 20290]...: 12431510: ACCEPTED IN 23 TRIES, (AVG 540500.4347826086)
[1, 4, 10, 23, 57, 132, 301, 701, 1636, 3851, 8785, 20291]...: 7018213: ACCEPTED IN 13 TRIES, (AVG 539862.5384615385)
[1, 4, 10, 23, 57, 132, 301, 701, 1636, 3851, 8785, 20292]...: 10807486: ACCEPTED IN 20 TRIES, (AVG 540374.3)
[1, 4, 10, 23, 57, 132, 301, 701, 1636, 3851, 8785, 20293]...: 9724771: ACCEPTED IN 18 TRIES, (AVG 540265.0555555555)
[1, 4, 10, 23, 57, 132, 301, 701, 1636, 3851, 8785, 20294]...: 15136697: ACCEPTED IN 28 TRIES, (AVG 540596.3214285715)
[1, 4, 10, 23, 57, 132, 301, 701, 1636, 3851, 8785, 20295]...: 6479262: ACCEPTED IN 12 TRIES, (AVG 539938.5)
[1, 4, 10, 23, 57, 132, 301, 701, 1636, 3851, 8785, 20296]...: 10266511: ACCEPTED IN 19 TRIES, (AVG 540342.6842105263)
[1, 4, 10, 23, 57, 132, 301, 701, 1636, 3851, 8785, 20299]...: 9184759: ACCEPTED IN 17 TRIES, (AVG 540279.9411764706)
[1, 4, 10, 23, 57, 132, 301, 701, 1636, 3851, 8785, 20322]...: 10808289: ACCEPTED IN 20 TRIES, (AVG 540414.45)
[1, 4, 10, 23, 57, 132, 301, 701, 1636, 3851, 8785, 20323]...: 9725411: ACCEPTED IN 18 TRIES, (AVG 540300.6111111111)
[1, 4, 10, 23, 57, 132, 301, 701, 1636, 3851, 8785, 20324]...: 9725006: ACCEPTED IN 18 TRIES, (AVG 540278.1111111111)
[1, 4, 10, 23, 57, 132, 301, 701, 1636, 3851, 8785, 20325]...: 12972746: ACCEPTED IN 24 TRIES, (AVG 540531.0833333334)
[1, 4, 10, 23, 57, 132, 301, 701, 1636, 3851, 8785, 20326]...: 9183790: ACCEPTED IN 17 TRIES, (AVG 540222.9411764706)
[1, 4, 10, 23, 57, 132, 301, 701, 1636, 3851, 8785, 20327]...: 9726118: ACCEPTED IN 18 TRIES, (AVG 540339.8888888889)
[1, 4, 10, 23, 57, 132, 301, 701, 1636, 3851, 8785, 20328]...: 11349987: ACCEPTED IN 21 TRIES, (AVG 540475.5714285715)
[1, 4, 10, 23, 57, 132, 301, 701, 1636, 3851, 8785, 20329]...: 5936410: ACCEPTED IN 11 TRIES, (AVG 539673.6363636364)
[1, 4, 10, 23, 57, 132, 301, 701, 1636, 3851, 8785, 20331]...: 10267798: ACCEPTED IN 19 TRIES, (AVG 540410.4210526316)
[1, 4, 10, 23, 57, 132, 301, 701, 1636, 3851, 8785, 20354]...: 10808912: ACCEPTED IN 20 TRIES, (AVG 540445.6)
[1, 4, 10, 23, 57, 132, 301, 701, 1636, 3851, 8785, 20356]...: 6478838: ACCEPTED IN 12 TRIES, (AVG 539903.1666666666)
[1, 4, 10, 23, 57, 132, 301, 701, 1636, 3851, 8785, 20357]...: 10807852: ACCEPTED IN 20 TRIES, (AVG 540392.6)
[1, 4, 10, 23, 57, 132, 301, 701, 1636, 3851, 8785, 20358]...: 19466905: ACCEPTED IN 36 TRIES, (AVG 540747.3611111111)
[1, 4, 10, 23, 57, 132, 301, 701, 1636, 3851, 8785, 20359]...: 9725973: ACCEPTED IN 18 TRIES, (AVG 540331.8333333334)
[1, 4, 10, 23, 57, 132, 301, 701, 1636, 3851, 8785, 20360]...: 7020971: ACCEPTED IN 13 TRIES, (AVG 540074.6923076923)
[1, 4, 10, 23, 57, 132, 301, 701, 1636, 3851, 8785, 20361]...: 12972211: ACCEPTED IN 24 TRIES, (AVG 540508.7916666666)
[1, 4, 10, 23, 57, 132, 301, 701, 1636, 3851, 8785, 20362]...: 14054950: ACCEPTED IN 26 TRIES, (AVG 540575.0)
[1, 4, 10, 23, 57, 132, 301, 701, 1636, 3851, 8785, 20363]...: 15677964: ACCEPTED IN 29 TRIES, (AVG 540619.448275862)
[1, 4, 10, 23, 57, 132, 301, 701, 1636, 3851, 8785, 20364]...: 15135501: ACCEPTED IN 28 TRIES, (AVG 540553.6071428572)
[1, 4, 10, 23, 57, 132, 301, 701, 1636, 3851, 8785, 20388]...: 11350069: ACCEPTED IN 21 TRIES, (AVG 540479.4761904762)
[1, 4, 10, 23, 57, 132, 301, 701, 1636, 3851, 8785, 20389]...: 7019514: ACCEPTED IN 13 TRIES, (AVG 539962.6153846154)
[1, 4, 10, 23, 57, 132, 301, 701, 1636, 3851, 8785, 20390]...: 6476939: ACCEPTED IN 12 TRIES, (AVG 539744.9166666666)
[1, 4, 10, 23, 57, 132, 301, 701, 1636, 3851, 8785, 20391]...: 11890432: ACCEPTED IN 22 TRIES, (AVG 540474.1818181818)
[1, 4, 10, 23, 57, 132, 301, 701, 1636, 3851, 8785, 20392]...: 13513906: ACCEPTED IN 25 TRIES, (AVG 540556.24)
[1, 4, 10, 23, 57, 132, 301, 701, 1636, 3851, 8785, 20393]...: 11347264: ACCEPTED IN 21 TRIES, (AVG 540345.9047619047)
[1, 4, 10, 23, 57, 132, 301, 701, 1636, 3851, 8785, 20394]...: 11347010: ACCEPTED IN 21 TRIES, (AVG 540333.8095238095)
[1, 4, 10, 23, 57, 132, 301, 701, 1636, 3851, 8785, 20395]...: 10806441: ACCEPTED IN 20 TRIES, (AVG 540322.05)
[1, 4, 10, 23, 57, 132, 301, 701, 1636, 3851, 8785, 20398]...: 6478670: ACCEPTED IN 12 TRIES, (AVG 539889.1666666666)
[1, 4, 10, 23, 57, 132, 301, 701, 1636, 3851, 8785, 20421]...: 9726601: ACCEPTED IN 18 TRIES, (AVG 540366.7222222222)
[1, 4, 10, 23, 57, 132, 301, 701, 1636, 3851, 8785, 20424]...: 5936962: ACCEPTED IN 11 TRIES, (AVG 539723.8181818182)
[1, 4, 10, 23, 57, 132, 301, 701, 1636, 3851, 8785, 20425]...: 9185164: ACCEPTED IN 17 TRIES, (AVG 540303.7647058824)
[1, 4, 10, 23, 57, 132, 301, 701, 1636, 3851, 8785, 20426]...: 5936356: ACCEPTED IN 11 TRIES, (AVG 539668.7272727273)
[1, 4, 10, 23, 57, 132, 301, 701, 1636, 3851, 8785, 20427]...: 9723929: ACCEPTED IN 18 TRIES, (AVG 540218.2777777778)
[1, 4, 10, 23, 57, 132, 301, 701, 1636, 3851, 8785, 20428]...: 11347675: ACCEPTED IN 21 TRIES, (AVG 540365.4761904762)
[1, 4, 10, 23, 57, 132, 301, 701, 1636, 3851, 8785, 20430]...: 9723933: ACCEPTED IN 18 TRIES, (AVG 540218.5)
[1, 4, 10, 23, 57, 132, 301, 701, 1636, 3851, 8785, 20431]...: 9723640: ACCEPTED IN 18 TRIES, (AVG 540202.2222222222)
[1, 4, 10, 23, 57, 132, 301, 701, 1636, 3851, 8785, 20455]...: 9725359: ACCEPTED IN 18 TRIES, (AVG 540297.7222222222)
[1, 4, 10, 23, 57, 132, 301, 701, 1636, 3851, 8785, 20456]...: 12432110: ACCEPTED IN 23 TRIES, (AVG 540526.5217391305)
[1, 4, 10, 23, 57, 132, 301, 701, 1636, 3851, 8785, 20457]...: 7020760: ACCEPTED IN 13 TRIES, (AVG 540058.4615384615)
[1, 4, 10, 23, 57, 132, 301, 701, 1636, 3851, 8785, 20458]...: 10808084: ACCEPTED IN 20 TRIES, (AVG 540404.2)
[1, 4, 10, 23, 57, 132, 301, 701, 1636, 3851, 8785, 20459]...: 9185490: ACCEPTED IN 17 TRIES, (AVG 540322.9411764706)
[1, 4, 10, 23, 57, 132, 301, 701, 1636, 3851, 8785, 20460]...: 18384097: ACCEPTED IN 34 TRIES, (AVG 540708.7352941176)
[1, 4, 10, 23, 57, 132, 301, 701, 1636, 3851, 8785, 20461]...: 8103211: ACCEPTED IN 15 TRIES, (AVG 540214.0666666667)
[1, 4, 10, 23, 57, 132, 301, 701, 1636, 3851, 8785, 20462]...: 5937658: ACCEPTED IN 11 TRIES, (AVG 539787.0909090909)
[1, 4, 10, 23, 57, 132, 301, 701, 1636, 3851, 8785, 20463]...: 12431273: ACCEPTED IN 23 TRIES, (AVG 540490.1304347826)
[1, 4, 10, 23, 57, 132, 301, 701, 1636, 3851, 8785, 20488]...: 11888816: ACCEPTED IN 22 TRIES, (AVG 540400.7272727273)
[1, 4, 10, 23, 57, 132, 301, 701, 1636, 3851, 8785, 20489]...: 6479584: ACCEPTED IN 12 TRIES, (AVG 539965.3333333334)
[1, 4, 10, 23, 57, 132, 301, 701, 1636, 3851, 8785, 20490]...: 9725846: ACCEPTED IN 18 TRIES, (AVG 540324.7777777778)
[1, 4, 10, 23, 57, 132, 301, 701, 1636, 3851, 8785, 20491]...: 12971908: ACCEPTED IN 24 TRIES, (AVG 540496.1666666666)
[1, 4, 10, 23, 57, 132, 301, 701, 1636, 3851, 8785, 20492]...: 11890849: ACCEPTED IN 22 TRIES, (AVG 540493.1363636364)
[1, 4, 10, 23, 57, 132, 301, 701, 1636, 3851, 8785, 20493]...: 6478638: ACCEPTED IN 12 TRIES, (AVG 539886.5)
[1, 4, 10, 23, 57, 132, 301, 701, 1636, 3851, 8785, 20494]...: 8643727: ACCEPTED IN 16 TRIES, (AVG 540232.9375)
[1, 4, 10, 23, 57, 132, 301, 701, 1636, 3851, 8785, 20495]...: 9184131: ACCEPTED IN 17 TRIES, (AVG 540243.0)
[1, 4, 10, 23, 57, 132, 301, 701, 1636, 3851, 8785, 20496]...: 11349721: ACCEPTED IN 21 TRIES, (AVG 540462.9047619047)
[1, 4, 10, 23, 57, 132, 301, 701, 1636, 3851, 8785, 20497]...: 10265487: ACCEPTED IN 19 TRIES, (AVG 540288.7894736842)
[1, 4, 10, 23, 57, 132, 301, 701, 1636, 3851, 8785, 20498]...: 7561951: ACCEPTED IN 14 TRIES, (AVG 540139.3571428572)
[1, 4, 10, 23, 57, 132, 301, 701, 1636, 3851, 8785, 20520]...: 9723265: ACCEPTED IN 18 TRIES, (AVG 540181.3888888889)
[1, 4, 10, 23, 57, 132, 301, 701, 1636, 3851, 8785, 20523]...: 10808709: ACCEPTED IN 20 TRIES, (AVG 540435.45)
[1, 4, 10, 23, 57, 132, 301, 701, 1636, 3851, 8785, 20524]...: 6479474: ACCEPTED IN 12 TRIES, (AVG 539956.1666666666)
[1, 4, 10, 23, 57, 132, 301, 701, 1636, 3851, 8785, 20525]...: 5937809: ACCEPTED IN 11 TRIES, (AVG 539800.8181818182)
[1, 4, 10, 23, 57, 132, 301, 701, 1636, 3851, 8785, 20526]...: 16220092: ACCEPTED IN 30 TRIES, (AVG 540669.7333333333)
[1, 4, 10, 23, 57, 132, 301, 701, 1636, 3851, 8785, 20527]...: 9726588: ACCEPTED IN 18 TRIES, (AVG 540366.0)
[1, 4, 10, 23, 57, 132, 301, 701, 1636, 3851, 8785, 20529]...: 8643697: ACCEPTED IN 16 TRIES, (AVG 540231.0625)
[1, 4, 10, 23, 57, 132, 301, 701, 1636, 3851, 8785, 20530]...: 7018601: ACCEPTED IN 13 TRIES, (AVG 539892.3846153846)
[1, 4, 10, 23, 57, 132, 301, 701, 1636, 3851, 8785, 20533]...: 9185121: ACCEPTED IN 17 TRIES, (AVG 540301.2352941176)
[1, 4, 10, 23, 57, 132, 301, 701, 1636, 3851, 8785, 20556]...: 8643792: ACCEPTED IN 16 TRIES, (AVG 540237.0)
[1, 4, 10, 23, 57, 132, 301, 701, 1636, 3851, 8785, 20557]...: 11890277: ACCEPTED IN 22 TRIES, (AVG 540467.1363636364)
[1, 4, 10, 23, 57, 132, 301, 701, 1636, 3851, 8785, 20558]...: 6478957: ACCEPTED IN 12 TRIES, (AVG 539913.0833333334)
[1, 4, 10, 23, 57, 132, 301, 701, 1636, 3851, 8785, 20559]...: 11348216: ACCEPTED IN 21 TRIES, (AVG 540391.2380952381)
[1, 4, 10, 23, 57, 132, 301, 701, 1636, 3851, 8785, 20560]...: 10808246: ACCEPTED IN 20 TRIES, (AVG 540412.3)
[1, 4, 10, 23, 57, 132, 301, 701, 1636, 3851, 8785, 20561]...: 8102284: ACCEPTED IN 15 TRIES, (AVG 540152.2666666667)
[1, 4, 10, 23, 57, 132, 301, 701, 1636, 3851, 8785, 20562]...: 9185403: ACCEPTED IN 17 TRIES, (AVG 540317.8235294118)
[1, 4, 10, 23, 57, 132, 301, 701, 1636, 3851, 8785, 20563]...: 12431690: ACCEPTED IN 23 TRIES, (AVG 540508.2608695652)
[1, 4, 10, 23, 57, 132, 301, 701, 1636, 3851, 8785, 20564]...: 12432220: ACCEPTED IN 23 TRIES, (AVG 540531.304347826)
[1, 4, 10, 23, 57, 132, 301, 701, 1636, 3851, 8785, 20587]...: 7561987: ACCEPTED IN 14 TRIES, (AVG 540141.9285714285)
[1, 4, 10, 23, 57, 132, 301, 701, 1636, 3851, 8785, 20588]...: 10808687: ACCEPTED IN 20 TRIES, (AVG 540434.35)
[1, 4, 10, 23, 57, 132, 301, 701, 1636, 3851, 8785, 20590]...: 7019365: ACCEPTED IN 13 TRIES, (AVG 539951.1538461539)
[1, 4, 10, 23, 57, 132, 301, 701, 1636, 3851, 8785, 20591]...: 14596291: ACCEPTED IN 27 TRIES, (AVG 540603.3703703703)
[1, 4, 10, 23, 57, 132, 301, 701, 1636, 3851, 8785, 20592]...: 10806779: ACCEPTED IN 20 TRIES, (AVG 540338.95)
[1, 4, 10, 23, 57, 132, 301, 701, 1636, 3851, 8785, 20593]...: 9726428: ACCEPTED IN 18 TRIES, (AVG 540357.1111111111)
[1, 4, 10, 23, 57, 132, 301, 701, 1636, 3851, 8785, 20594]...: 7019715: ACCEPTED IN 13 TRIES, (AVG 539978.0769230769)
[1, 4, 10, 23, 57, 132, 301, 701, 1636, 3851, 8785, 20595]...: 12429189: ACCEPTED IN 23 TRIES, (AVG 540399.5217391305)
[1, 4, 10, 23, 57, 132, 301, 701, 1636, 3851, 8785, 20596]...: 7017206: ACCEPTED IN 13 TRIES, (AVG 539785.0769230769)
[1, 4, 10, 23, 57, 132, 301, 701, 1636, 3851, 8785, 20597]...: 8644398: ACCEPTED IN 16 TRIES, (AVG 540274.875)
[1, 4, 10, 23, 57, 132, 301, 701, 1636, 3851, 8785, 20600]...: 9724503: ACCEPTED IN 18 TRIES, (AVG 540250.1666666666)
[1, 4, 10, 23, 57, 132, 301, 701, 1636, 3851, 8785, 20622]...: 7019916: ACCEPTED IN 13 TRIES, (AVG 539993.5384615385)
[1, 4, 10, 23, 57, 132, 301, 701, 1636, 3851, 8785, 20623]...: 7020071: ACCEPTED IN 13 TRIES, (AVG 540005.4615384615)
[1, 4, 10, 23, 57, 132, 301, 701, 1636, 3851, 8785, 20624]...: 8642912: ACCEPTED IN 16 TRIES, (AVG 540182.0)
[1, 4, 10, 23, 57, 132, 301, 701, 1636, 3851, 8785, 20625]...: 5937787: ACCEPTED IN 11 TRIES, (AVG 539798.8181818182)
[1, 4, 10, 23, 57, 132, 301, 701, 1636, 3851, 8785, 20626]...: 6479569: ACCEPTED IN 12 TRIES, (AVG 539964.0833333334)
[1, 4, 10, 23, 57, 132, 301, 701, 1636, 3851, 8785, 20627]...: 8102487: ACCEPTED IN 15 TRIES, (AVG 540165.8)
[1, 4, 10, 23, 57, 132, 301, 701, 1636, 3851, 8785, 20628]...: 9726579: ACCEPTED IN 18 TRIES, (AVG 540365.5)
[1, 4, 10, 23, 57, 132, 301, 701, 1636, 3851, 8785, 20629]...: 14596670: ACCEPTED IN 27 TRIES, (AVG 540617.4074074074)
[1, 4, 10, 23, 57, 132, 301, 701, 1636, 3851, 8785, 20630]...: 9184673: ACCEPTED IN 17 TRIES, (AVG 540274.8823529412)
[1, 4, 10, 23, 57, 132, 301, 701, 1636, 3851, 8785, 20632]...: 6478380: ACCEPTED IN 12 TRIES, (AVG 539865.0)
[1, 4, 10, 23, 57, 132, 301, 701, 1636, 3851, 8785, 20655]...: 14595877: ACCEPTED IN 27 TRIES, (AVG 540588.0370370371)
[1, 4, 10, 23, 57, 132, 301, 701, 1636, 3851, 8785, 20657]...: 13513205: ACCEPTED IN 25 TRIES, (AVG 540528.2)
[1, 4, 10, 23, 57, 132, 301, 701, 1636, 3851, 8785, 20658]...: 13511513: ACCEPTED IN 25 TRIES, (AVG 540460.52)
[1, 4, 10, 23, 57, 132, 301, 701, 1636, 3851, 8785, 20659]...: 8644033: ACCEPTED IN 16 TRIES, (AVG 540252.0625)
[1, 4, 10, 23, 57, 132, 301, 701, 1636, 3851, 8785, 20660]...: 10267331: ACCEPTED IN 19 TRIES, (AVG 540385.8421052631)
[1, 4, 10, 23, 57, 132, 301, 701, 1636, 3851, 8785, 20661]...: 7020092: ACCEPTED IN 13 TRIES, (AVG 540007.0769230769)
[1, 4, 10, 23, 57, 132, 301, 701, 1636, 3851, 8785, 20662]...: 10266092: ACCEPTED IN 19 TRIES, (AVG 540320.6315789474)
[1, 4, 10, 23, 57, 132, 301, 701, 1636, 3851, 8785, 20663]...: 7020903: ACCEPTED IN 13 TRIES, (AVG 540069.4615384615)
[1, 4, 10, 23, 57, 132, 301, 701, 1636, 3851, 8785, 20664]...: 9725334: ACCEPTED IN 18 TRIES, (AVG 540296.3333333334)
[1, 4, 10, 23, 57, 132, 301, 701, 1636, 3851, 8785, 20665]...: 10267417: ACCEPTED IN 19 TRIES, (AVG 540390.3684210526)
[1, 4, 10, 23, 57, 132, 301, 701, 1636, 3851, 8785, 20689]...: 6479071: ACCEPTED IN 12 TRIES, (AVG 539922.5833333334)
[1, 4, 10, 23, 57, 132, 301, 701, 1636, 3851, 8785, 20690]...: 11347949: ACCEPTED IN 21 TRIES, (AVG 540378.5238095238)
[1, 4, 10, 23, 57, 132, 301, 701, 1636, 3851, 8785, 20691]...: 13513879: ACCEPTED IN 25 TRIES, (AVG 540555.16)
[1, 4, 10, 23, 57, 132, 301, 701, 1636, 3851, 8785, 20692]...: 13513176: ACCEPTED IN 25 TRIES, (AVG 540527.04)
[1, 4, 10, 23, 57, 132, 301, 701, 1636, 3851, 8785, 20693]...: 10808672: ACCEPTED IN 20 TRIES, (AVG 540433.6)
[1, 4, 10, 23, 57, 132, 301, 701, 1636, 3851, 8785, 20694]...: 9184687: ACCEPTED IN 17 TRIES, (AVG 540275.7058823529)
[1, 4, 10, 23, 57, 132, 301, 701, 1636, 3851, 8785, 20695]...: 9184276: ACCEPTED IN 17 TRIES, (AVG 540251.5294117647)
[1, 4, 10, 23, 57, 132, 301, 701, 1636, 3851, 8785, 20696]...: 15136268: ACCEPTED IN 28 TRIES, (AVG 540581.0)
[1, 4, 10, 23, 57, 132, 301, 701, 1636, 3851, 8785, 20699]...: 5937201: ACCEPTED IN 11 TRIES, (AVG 539745.5454545454)
[1, 4, 10, 23, 57, 132, 301, 701, 1636, 3851, 8785, 20722]...: 12973019: ACCEPTED IN 24 TRIES, (AVG 540542.4583333334)
[1, 4, 10, 23, 57, 132, 301, 701, 1636, 3851, 8785, 20723]...: 12432197: ACCEPTED IN 23 TRIES, (AVG 540530.304347826)
[1, 4, 10, 23, 57, 132, 301, 701, 1636, 3851, 8785, 20724]...: 10265596: ACCEPTED IN 19 TRIES, (AVG 540294.5263157894)
[1, 4, 10, 23, 57, 132, 301, 701, 1636, 3851, 8785, 20725]...: 7020360: ACCEPTED IN 13 TRIES, (AVG 540027.6923076923)
[1, 4, 10, 23, 57, 132, 301, 701, 1636, 3851, 8785, 20726]...: 15137415: ACCEPTED IN 28 TRIES, (AVG 540621.9642857143)
[1, 4, 10, 23, 57, 132, 301, 701, 1636, 3851, 8785, 20727]...: 9726273: ACCEPTED IN 18 TRIES, (AVG 540348.5)
[1, 4, 10, 23, 57, 132, 301, 701, 1636, 3851, 8785, 20728]...: 16219911: ACCEPTED IN 30 TRIES, (AVG 540663.7)
[1, 4, 10, 23, 57, 132, 301, 701, 1636, 3851, 8785, 20729]...: 6478892: ACCEPTED IN 12 TRIES, (AVG 539907.6666666666)
[1, 4, 10, 23, 57, 132, 301, 701, 1636, 3851, 8785, 20731]...: 17300686: ACCEPTED IN 32 TRIES, (AVG 540646.4375)
[1, 4, 10, 23, 57, 132, 301, 701, 1636, 3851, 8785, 20732]...: 11889615: ACCEPTED IN 22 TRIES, (AVG 540437.0454545454)
[1, 4, 10, 23, 57, 132, 301, 701, 1636, 3851, 8785, 20754]...: 6477466: ACCEPTED IN 12 TRIES, (AVG 539788.8333333334)
[1, 4, 10, 23, 57, 132, 301, 701, 1636, 3851, 8785, 20756]...: 7020760: ACCEPTED IN 13 TRIES, (AVG 540058.4615384615)
[1, 4, 10, 23, 57, 132, 301, 701, 1636, 3851, 8785, 20757]...: 10265097: ACCEPTED IN 19 TRIES, (AVG 540268.2631578947)
[1, 4, 10, 23, 57, 132, 301, 701, 1636, 3851, 8785, 20758]...: 6479776: ACCEPTED IN 12 TRIES, (AVG 539981.3333333334)
[1, 4, 10, 23, 57, 132, 301, 701, 1636, 3851, 8785, 20759]...: 7019595: ACCEPTED IN 13 TRIES, (AVG 539968.8461538461)
[1, 4, 10, 23, 57, 132, 301, 701, 1636, 3851, 8785, 20760]...: 11888195: ACCEPTED IN 22 TRIES, (AVG 540372.5)
[1, 4, 10, 23, 57, 132, 301, 701, 1636, 3851, 8785, 20761]...: 11349667: ACCEPTED IN 21 TRIES, (AVG 540460.3333333334)
[1, 4, 10, 23, 57, 132, 301, 701, 1636, 3851, 8785, 20762]...: 21089563: ACCEPTED IN 39 TRIES, (AVG 540758.0256410256)
[1, 4, 10, 23, 57, 132, 301, 701, 1636, 3851, 8785, 20763]...: 19466863: ACCEPTED IN 36 TRIES, (AVG 540746.1944444445)
[1, 4, 10, 23, 57, 132, 301, 701, 1636, 3851, 8785, 20764]...: 5397272: ACCEPTED IN 10 TRIES, (AVG 539727.2)
[1, 4, 10, 23, 57, 132, 301, 701, 1636, 3851, 8785, 20789]...: 7017618: ACCEPTED IN 13 TRIES, (AVG 539816.7692307692)
[1, 4, 10, 23, 57, 132, 301, 701, 1636, 3851, 8785, 20790]...: 10265973: ACCEPTED IN 19 TRIES, (AVG 540314.3684210526)
[1, 4, 10, 23, 57, 132, 301, 701, 1636, 3851, 8785, 20791]...: 10808648: ACCEPTED IN 20 TRIES, (AVG 540432.4)
[1, 4, 10, 23, 57, 132, 301, 701, 1636, 3851, 8785, 20792]...: 9726565: ACCEPTED IN 18 TRIES, (AVG 540364.7222222222)
[1, 4, 10, 23, 57, 132, 301, 701, 1636, 3851, 8785, 20793]...: 9726370: ACCEPTED IN 18 TRIES, (AVG 540353.8888888889)
[1, 4, 10, 23, 57, 132, 301, 701, 1636, 3851, 8785, 20794]...: 5938117: ACCEPTED IN 11 TRIES, (AVG 539828.8181818182)
[1, 4, 10, 23, 57, 132, 301, 701, 1636, 3851, 8785, 20795]...: 12972041: ACCEPTED IN 24 TRIES, (AVG 540501.7083333334)
[1, 4, 10, 23, 57, 132, 301, 701, 1636, 3851, 8785, 20796]...: 12430262: ACCEPTED IN 23 TRIES, (AVG 540446.1739130435)
[1, 4, 10, 23, 57, 132, 301, 701, 1636, 3851, 8785, 20797]...: 10808894: ACCEPTED IN 20 TRIES, (AVG 540444.7)
[1, 4, 10, 23, 57, 132, 301, 701, 1636, 3851, 8785, 20798]...: 9183182: ACCEPTED IN 17 TRIES, (AVG 540187.1764705882)
[1, 4, 10, 23, 57, 132, 301, 701, 1636, 3851, 8785, 20799]...: 11348225: ACCEPTED IN 21 TRIES, (AVG 540391.6666666666)
[1, 4, 10, 23, 57, 132, 301, 701, 1636, 3851, 8785, 20821]...: 11347114: ACCEPTED IN 21 TRIES, (AVG 540338.7619047619)
[1, 4, 10, 23, 57, 132, 301, 701, 1636, 3851, 8785, 20824]...: 9185457: ACCEPTED IN 17 TRIES, (AVG 540321.0)
[1, 4, 10, 23, 57, 132, 301, 701, 1636, 3851, 8785, 20825]...: 10267302: ACCEPTED IN 19 TRIES, (AVG 540384.3157894737)
[1, 4, 10, 23, 57, 132, 301, 701, 1636, 3851, 8785, 20826]...: 9724356: ACCEPTED IN 18 TRIES, (AVG 540242.0)
[1, 4, 10, 23, 57, 132, 301, 701, 1636, 3851, 8785, 20827]...: 10267627: ACCEPTED IN 19 TRIES, (AVG 540401.4210526316)
[1, 4, 10, 23, 57, 132, 301, 701, 1636, 3851, 8785, 20828]...: 7020299: ACCEPTED IN 13 TRIES, (AVG 540023.0)
[1, 4, 10, 23, 57, 132, 301, 701, 1636, 3851, 8785, 20830]...: 11346361: ACCEPTED IN 21 TRIES, (AVG 540302.9047619047)
[1, 4, 10, 23, 57, 132, 301, 701, 1636, 3851, 8785, 20831]...: 9723432: ACCEPTED IN 18 TRIES, (AVG 540190.6666666666)
[1, 4, 10, 23, 57, 132, 301, 701, 1636, 3851, 8785, 20834]...: 9724984: ACCEPTED IN 18 TRIES, (AVG 540276.8888888889)
[1, 4, 10, 23, 57, 132, 301, 701, 1636, 3851, 8785, 20856]...: 9184518: ACCEPTED IN 17 TRIES, (AVG 540265.7647058824)
[1, 4, 10, 23, 57, 132, 301, 701, 1636, 3851, 8785, 20857]...: 7019845: ACCEPTED IN 13 TRIES, (AVG 539988.0769230769)
[1, 4, 10, 23, 57, 132, 301, 701, 1636, 3851, 8785, 20858]...: 9725822: ACCEPTED IN 18 TRIES, (AVG 540323.4444444445)
[1, 4, 10, 23, 57, 132, 301, 701, 1636, 3851, 8785, 20859]...: 10808806: ACCEPTED IN 20 TRIES, (AVG 540440.3)
[1, 4, 10, 23, 57, 132, 301, 701, 1636, 3851, 8785, 20860]...: 10808382: ACCEPTED IN 20 TRIES, (AVG 540419.1)
[1, 4, 10, 23, 57, 132, 301, 701, 1636, 3851, 8785, 20861]...: 9184384: ACCEPTED IN 17 TRIES, (AVG 540257.8823529412)
[1, 4, 10, 23, 57, 132, 301, 701, 1636, 3851, 8785, 20862]...: 6479067: ACCEPTED IN 12 TRIES, (AVG 539922.25)
[1, 4, 10, 23, 57, 132, 301, 701, 1636, 3851, 8785, 20863]...: 11348427: ACCEPTED IN 21 TRIES, (AVG 540401.2857142857)
[1, 4, 10, 23, 57, 132, 301, 701, 1636, 3851, 8785, 20864]...: 11890762: ACCEPTED IN 22 TRIES, (AVG 540489.1818181818)
[1, 4, 10, 23, 57, 132, 301, 701, 1636, 3851, 8785, 20865]...: 8644064: ACCEPTED IN 16 TRIES, (AVG 540254.0)
[1, 4, 10, 23, 57, 132, 301, 701, 1636, 3851, 8785, 20888]...: 7020180: ACCEPTED IN 13 TRIES, (AVG 540013.8461538461)
[1, 4, 10, 23, 57, 132, 301, 701, 1636, 3851, 8785, 20889]...: 12431970: ACCEPTED IN 23 TRIES, (AVG 540520.4347826086)
[1, 4, 10, 23, 57, 132, 301, 701, 1636, 3851, 8785, 20891]...: 9185249: ACCEPTED IN 17 TRIES, (AVG 540308.7647058824)
[1, 4, 10, 23, 57, 132, 301, 701, 1636, 3851, 8785, 20892]...: 8103027: ACCEPTED IN 15 TRIES, (AVG 540201.8)
[1, 4, 10, 23, 57, 132, 301, 701, 1636, 3851, 8785, 20893]...: 8643293: ACCEPTED IN 16 TRIES, (AVG 540205.8125)
[1, 4, 10, 23, 57, 132, 301, 701, 1636, 3851, 8785, 20894]...: 10807427: ACCEPTED IN 20 TRIES, (AVG 540371.35)
[1, 4, 10, 23, 57, 132, 301, 701, 1636, 3851, 8785, 20895]...: 9725143: ACCEPTED IN 18 TRIES, (AVG 540285.7222222222)
[1, 4, 10, 23, 57, 132, 301, 701, 1636, 3851, 8785, 20896]...: 11889641: ACCEPTED IN 22 TRIES, (AVG 540438.2272727273)
[1, 4, 10, 23, 57, 132, 301, 701, 1636, 3851, 8785, 20897]...: 19466525: ACCEPTED IN 36 TRIES, (AVG 540736.8055555555)
[1, 4, 10, 23, 57, 132, 301, 701, 1636, 3851, 8785, 20898]...: 8103174: ACCEPTED IN 15 TRIES, (AVG 540211.6)
[1, 4, 10, 23, 57, 132, 301, 701, 1636, 3851, 8785, 20923]...: 10806646: ACCEPTED IN 20 TRIES, (AVG 540332.3)
[1, 4, 10, 23, 57, 132, 301, 701, 1636, 3851, 8785, 20924]...: 11349516: ACCEPTED IN 21 TRIES, (AVG 540453.1428571428)
[1, 4, 10, 23, 57, 132, 301, 701, 1636, 3851, 8785, 20925]...: 6478772: ACCEPTED IN 12 TRIES, (AVG 539897.6666666666)
[1, 4, 10, 23, 57, 132, 301, 701, 1636, 3851, 8785, 20926]...: 9725066: ACCEPTED IN 18 TRIES, (AVG 540281.4444444445)
[1, 4, 10, 23, 57, 132, 301, 701, 1636, 3851, 8785, 20927]...: 10808257: ACCEPTED IN 20 TRIES, (AVG 540412.85)
[1, 4, 10, 23, 57, 132, 301, 701, 1636, 3851, 8785, 20928]...: 6478953: ACCEPTED IN 12 TRIES, (AVG 539912.75)
[1, 4, 10, 23, 57, 132, 301, 701, 1636, 3851, 8785, 20929]...: 9184585: ACCEPTED IN 17 TRIES, (AVG 540269.7058823529)
[1, 4, 10, 23, 57, 132, 301, 701, 1636, 3851, 8785, 20930]...: 9184206: ACCEPTED IN 17 TRIES, (AVG 540247.4117647059)
[1, 4, 10, 23, 57, 132, 301, 701, 1636, 3851, 8785, 20931]...: 9185429: ACCEPTED IN 17 TRIES, (AVG 540319.3529411765)
[1, 4, 10, 23, 57, 132, 301, 701, 1636, 3851, 8785, 20933]...: 6479550: ACCEPTED IN 12 TRIES, (AVG 539962.5)
[1, 4, 10, 23, 57, 132, 301, 701, 1636, 3851, 8785, 20956]...: 11347143: ACCEPTED IN 21 TRIES, (AVG 540340.1428571428)
[1, 4, 10, 23, 57, 132, 301, 701, 1636, 3851, 8785, 20957]...: 6478049: ACCEPTED IN 12 TRIES, (AVG 539837.4166666666)
[1, 4, 10, 23, 57, 132, 301, 701, 1636, 3851, 8785, 20958]...: 9184898: ACCEPTED IN 17 TRIES, (AVG 540288.1176470588)
[1, 4, 10, 23, 57, 132, 301, 701, 1636, 3851, 8785, 20959]...: 12432178: ACCEPTED IN 23 TRIES, (AVG 540529.4782608695)
[1, 4, 10, 23, 57, 132, 301, 701, 1636, 3851, 8785, 20960]...: 11349326: ACCEPTED IN 21 TRIES, (AVG 540444.0952380953)
[1, 4, 10, 23, 57, 132, 301, 701, 1636, 3851, 8785, 20961]...: 7561894: ACCEPTED IN 14 TRIES, (AVG 540135.2857142857)
[1, 4, 10, 23, 57, 132, 301, 701, 1636, 3851, 8785, 20962]...: 10807157: ACCEPTED IN 20 TRIES, (AVG 540357.85)
[1, 4, 10, 23, 57, 132, 301, 701, 1636, 3851, 8785, 20963]...: 11889063: ACCEPTED IN 22 TRIES, (AVG 540411.9545454546)
[1, 4, 10, 23, 57, 132, 301, 701, 1636, 3851, 8785, 20964]...: 11890488: ACCEPTED IN 22 TRIES, (AVG 540476.7272727273)
[1, 4, 10, 23, 57, 132, 301, 701, 1636, 3851, 8785, 20965]...: 9725199: ACCEPTED IN 18 TRIES, (AVG 540288.8333333334)
[1, 4, 10, 23, 57, 132, 301, 701, 1636, 3851, 8785, 20966]...: 9184915: ACCEPTED IN 17 TRIES, (AVG 540289.1176470588)
[1, 4, 10, 23, 57, 132, 301, 701, 1636, 3851, 8785, 20988]...: 9724674: ACCEPTED IN 18 TRIES, (AVG 540259.6666666666)
[1, 4, 10, 23, 57, 132, 301, 701, 1636, 3851, 8785, 20990]...: 12431470: ACCEPTED IN 23 TRIES, (AVG 540498.695652174)
[1, 4, 10, 23, 57, 132, 301, 701, 1636, 3851, 8785, 20991]...: 6477691: ACCEPTED IN 12 TRIES, (AVG 539807.5833333334)
[1, 4, 10, 23, 57, 132, 301, 701, 1636, 3851, 8785, 20992]...: 6479631: ACCEPTED IN 12 TRIES, (AVG 539969.25)
[1, 4, 10, 23, 57, 132, 301, 701, 1636, 3851, 8785, 20993]...: 5394275: ACCEPTED IN 10 TRIES, (AVG 539427.5)
[1, 4, 10, 23, 57, 132, 301, 701, 1636, 3851, 8785, 20994]...: 9182835: ACCEPTED IN 17 TRIES, (AVG 540166.7647058824)
[1, 4, 10, 23, 57, 132, 301, 701, 1636, 3851, 8785, 20995]...: 10266880: ACCEPTED IN 19 TRIES, (AVG 540362.1052631579)
[1, 4, 10, 23, 57, 132, 301, 701, 1636, 3851, 8785, 20996]...: 9723314: ACCEPTED IN 18 TRIES, (AVG 540184.1111111111)
[1, 4, 10, 23, 57, 132, 301, 701, 1636, 3851, 8785, 20997]...: 6476269: ACCEPTED IN 12 TRIES, (AVG 539689.0833333334)
[1, 4, 10, 23, 57, 132, 301, 701, 1636, 3851, 8785, 21000]...: 7018452: ACCEPTED IN 13 TRIES, (AVG 539880.9230769231)
[1, 4, 10, 23, 57, 132, 301, 701, 1636, 3851, 8785, 21023]...: 9184602: ACCEPTED IN 17 TRIES, (AVG 540270.7058823529)
[1, 4, 10, 23, 57, 132, 301, 701, 1636, 3851, 8785, 21024]...: 6479686: ACCEPTED IN 12 TRIES, (AVG 539973.8333333334)
[1, 4, 10, 23, 57, 132, 301, 701, 1636, 3851, 8785, 21025]...: 9182922: ACCEPTED IN 17 TRIES, (AVG 540171.8823529412)
[1, 4, 10, 23, 57, 132, 301, 701, 1636, 3851, 8785, 21026]...: 9726654: ACCEPTED IN 18 TRIES, (AVG 540369.6666666666)
[1, 4, 10, 23, 57, 132, 301, 701, 1636, 3851, 8785, 21027]...: 9184997: ACCEPTED IN 17 TRIES, (AVG 540293.9411764706)
[1, 4, 10, 23, 57, 132, 301, 701, 1636, 3851, 8785, 21028]...: 11345828: ACCEPTED IN 21 TRIES, (AVG 540277.5238095238)
[1, 4, 10, 23, 57, 132, 301, 701, 1636, 3851, 8785, 21029]...: 10267347: ACCEPTED IN 19 TRIES, (AVG 540386.6842105263)
[1, 4, 10, 23, 57, 132, 301, 701, 1636, 3851, 8785, 21030]...: 5938471: ACCEPTED IN 11 TRIES, (AVG 539861.0)
[1, 4, 10, 23, 57, 132, 301, 701, 1636, 3851, 8785, 21032]...: 14054355: ACCEPTED IN 26 TRIES, (AVG 540552.1153846154)
[1, 4, 10, 23, 57, 132, 301, 701, 1636, 3851, 8785, 21055]...: 9725724: ACCEPTED IN 18 TRIES, (AVG 540318.0)
[1, 4, 10, 23, 57, 132, 301, 701, 1636, 3851, 8785, 21057]...: 9184807: ACCEPTED IN 17 TRIES, (AVG 540282.7647058824)
[1, 4, 10, 23, 57, 132, 301, 701, 1636, 3851, 8785, 21058]...: 14596644: ACCEPTED IN 27 TRIES, (AVG 540616.4444444445)
[1, 4, 10, 23, 57, 132, 301, 701, 1636, 3851, 8785, 21059]...: 9184519: ACCEPTED IN 17 TRIES, (AVG 540265.8235294118)
[1, 4, 10, 23, 57, 132, 301, 701, 1636, 3851, 8785, 21060]...: 5935922: ACCEPTED IN 11 TRIES, (AVG 539629.2727272727)
[1, 4, 10, 23, 57, 132, 301, 701, 1636, 3851, 8785, 21061]...: 6479126: ACCEPTED IN 12 TRIES, (AVG 539927.1666666666)
[1, 4, 10, 23, 57, 132, 301, 701, 1636, 3851, 8785, 21062]...: 10808083: ACCEPTED IN 20 TRIES, (AVG 540404.15)
[1, 4, 10, 23, 57, 132, 301, 701, 1636, 3851, 8785, 21063]...: 9184852: ACCEPTED IN 17 TRIES, (AVG 540285.4117647059)
[1, 4, 10, 23, 57, 132, 301, 701, 1636, 3851, 8785, 21064]...: 9723940: ACCEPTED IN 18 TRIES, (AVG 540218.8888888889)
[1, 4, 10, 23, 57, 132, 301, 701, 1636, 3851, 8785, 21065]...: 9724648: ACCEPTED IN 18 TRIES, (AVG 540258.2222222222)
