[1, 4, 10, 23, 57, 132, 301, 701, 1636, 3887, 9131, 20121]...: 8102252: ACCEPTED IN 15 TRIES, (AVG 540150.1333333333)
[1, 4, 10, 23, 57, 132, 301, 701, 1636, 3887, 9131, 20124]...: 16760894: ACCEPTED IN 31 TRIES, (AVG 540674.0)
[1, 4, 10, 23, 57, 132, 301, 701, 1636, 3887, 9131, 20142]...: 29748114: ACCEPTED IN 55 TRIES, (AVG 540874.8)
[1, 4, 10, 23, 57, 132, 301, 701, 1636, 3887, 9131, 20175]...: 16760893: ACCEPTED IN 31 TRIES, (AVG 540673.9677419355)
[1, 4, 10, 23, 57, 132, 301, 701, 1636, 3887, 9131, 20179]...: 12431680: ACCEPTED IN 23 TRIES, (AVG 540507.8260869565)
[1, 4, 10, 23, 57, 132, 301, 701, 1636, 3887, 9131, 20212]...: 27582469: ACCEPTED IN 51 TRIES, (AVG 540832.725490196)
[1, 4, 10, 23, 57, 132, 301, 701, 1636, 3887, 9131, 20216]...: 10264108: ACCEPTED IN 19 TRIES, (AVG 540216.2105263158)
[1, 4, 10, 23, 57, 132, 301, 701, 1636, 3887, 9131, 20223]...: 21630747: ACCEPTED IN 40 TRIES, (AVG 540768.675)
[1, 4, 10, 23, 57, 132, 301, 701, 1636, 3887, 9131, 20253]...: 16761428: ACCEPTED IN 31 TRIES, (AVG 540691.2258064516)
[1, 4, 10, 23, 57, 132, 301, 701, 1636, 3887, 9131, 20274]...: 25959399: ACCEPTED IN 48 TRIES, (AVG 540820.8125)
[1, 4, 10, 23, 57, 132, 301, 701, 1636, 3887, 9131, 20290]...: 16219426: ACCEPTED IN 30 TRIES, (AVG 540647.5333333333)
[1, 4, 10, 23, 57, 132, 301, 701, 1636, 3887, 9131, 20311]...: 12431543: ACCEPTED IN 23 TRIES, (AVG 540501.8695652174)
[1, 4, 10, 23, 57, 132, 301, 701, 1636, 3887, 9131, 20344]...: 8643432: ACCEPTED IN 16 TRIES, (AVG 540214.5)
[1, 4, 10, 23, 57, 132, 301, 701, 1636, 3887, 9131, 20348]...: 12431091: ACCEPTED IN 23 TRIES, (AVG 540482.2173913043)
[1, 4, 10, 23, 57, 132, 301, 701, 1636, 3887, 9131, 20385]...: 9185086: ACCEPTED IN 17 TRIES, (AVG 540299.1764705882)
[1, 4, 10, 23, 57, 132, 301, 701, 1636, 3887, 9131, 20422]...: 11890997: ACCEPTED IN 22 TRIES, (AVG 540499.8636363636)
[1, 4, 10, 23, 57, 132, 301, 701, 1636, 3887, 9131, 20443]...: 11890999: ACCEPTED IN 22 TRIES, (AVG 540499.9545454546)
[1, 4, 10, 23, 57, 132, 301, 701, 1636, 3887, 9131, 20476]...: 9183810: ACCEPTED IN 17 TRIES, (AVG 540224.1176470588)
[1, 4, 10, 23, 57, 132, 301, 701, 1636, 3887, 9131, 20480]...: 11349961: ACCEPTED IN 21 TRIES, (AVG 540474.3333333334)
[1, 4, 10, 23, 57, 132, 301, 701, 1636, 3887, 9131, 20517]...: 18384066: ACCEPTED IN 34 TRIES, (AVG 540707.8235294118)
[1, 4, 10, 23, 57, 132, 301, 701, 1636, 3887, 9131, 20524]...: 11348456: ACCEPTED IN 21 TRIES, (AVG 540402.6666666666)
[1, 4, 10, 23, 57, 132, 301, 701, 1636, 3887, 9131, 20575]...: 11891145: ACCEPTED IN 22 TRIES, (AVG 540506.5909090909)
[1, 4, 10, 23, 57, 132, 301, 701, 1636, 3887, 9131, 20591]...: 10267021: ACCEPTED IN 19 TRIES, (AVG 540369.5263157894)
[1, 4, 10, 23, 57, 132, 301, 701, 1636, 3887, 9131, 20607]...: 10267534: ACCEPTED IN 19 TRIES, (AVG 540396.5263157894)
[1, 4, 10, 23, 57, 132, 301, 701, 1636, 3887, 9131, 20612]...: 11889486: ACCEPTED IN 22 TRIES, (AVG 540431.1818181818)
[1, 4, 10, 23, 57, 132, 301, 701, 1636, 3887, 9131, 20623]...: 10266657: ACCEPTED IN 19 TRIES, (AVG 540350.3684210526)
[1, 4, 10, 23, 57, 132, 301, 701, 1636, 3887, 9131, 20649]...: 10807469: ACCEPTED IN 20 TRIES, (AVG 540373.45)
[1, 4, 10, 23, 57, 132, 301, 701, 1636, 3887, 9131, 20723]...: 8642308: ACCEPTED IN 16 TRIES, (AVG 540144.25)
[1, 4, 10, 23, 57, 132, 301, 701, 1636, 3887, 9131, 20744]...: 11348842: ACCEPTED IN 21 TRIES, (AVG 540421.0476190476)
[1, 4, 10, 23, 57, 132, 301, 701, 1636, 3887, 9131, 20781]...: 8101735: ACCEPTED IN 15 TRIES, (AVG 540115.6666666666)
[1, 4, 10, 23, 57, 132, 301, 701, 1636, 3887, 9131, 20825]...: 20006591: ACCEPTED IN 37 TRIES, (AVG 540718.6756756756)
[1, 4, 10, 23, 57, 132, 301, 701, 1636, 3887, 9131, 20841]...: 12431891: ACCEPTED IN 23 TRIES, (AVG 540517.0)
[1, 4, 10, 23, 57, 132, 301, 701, 1636, 3887, 9131, 20857]...: 18383267: ACCEPTED IN 34 TRIES, (AVG 540684.3235294118)
[1, 4, 10, 23, 57, 132, 301, 701, 1636, 3887, 9131, 20876]...: 8643814: ACCEPTED IN 16 TRIES, (AVG 540238.375)
[1, 4, 10, 23, 57, 132, 301, 701, 1636, 3887, 9131, 20913]...: 10267066: ACCEPTED IN 19 TRIES, (AVG 540371.8947368421)
[1, 4, 10, 23, 57, 132, 301, 701, 1636, 3887, 9131, 20924]...: 10807912: ACCEPTED IN 20 TRIES, (AVG 540395.6)
[1, 4, 10, 23, 57, 132, 301, 701, 1636, 3887, 9131, 21045]...: 22172756: ACCEPTED IN 41 TRIES, (AVG 540798.9268292683)
[1, 4, 10, 23, 57, 132, 301, 701, 1636, 3887, 9131, 21075]...: 16761147: ACCEPTED IN 31 TRIES, (AVG 540682.1612903225)
[1, 4, 10, 23, 57, 132, 301, 701, 1636, 3887, 9131, 21158]...: 8101234: ACCEPTED IN 15 TRIES, (AVG 540082.2666666667)
[1, 4, 10, 23, 57, 132, 301, 701, 1636, 3887, 9131, 21177]...: 12432266: ACCEPTED IN 23 TRIES, (AVG 540533.304347826)
[1, 4, 10, 23, 57, 132, 301, 701, 1636, 3887, 9131, 21225]...: 10267622: ACCEPTED IN 19 TRIES, (AVG 540401.1578947369)
[1, 4, 10, 23, 57, 132, 301, 701, 1636, 3887, 9131, 21308]...: 10806158: ACCEPTED IN 20 TRIES, (AVG 540307.9)
[1, 4, 10, 23, 57, 132, 301, 701, 1636, 3887, 9131, 21324]...: 10808509: ACCEPTED IN 20 TRIES, (AVG 540425.45)
[1, 4, 10, 23, 57, 132, 301, 701, 1636, 3887, 9131, 21459]...: 8643366: ACCEPTED IN 16 TRIES, (AVG 540210.375)
[1, 4, 10, 23, 57, 132, 301, 701, 1636, 3887, 9131, 21526]...: 11347813: ACCEPTED IN 21 TRIES, (AVG 540372.0476190476)
[1, 4, 10, 23, 57, 132, 301, 701, 1636, 3887, 9131, 21542]...: 10806729: ACCEPTED IN 20 TRIES, (AVG 540336.45)
[1, 4, 10, 23, 57, 132, 301, 701, 1636, 3887, 9131, 21558]...: 10266198: ACCEPTED IN 19 TRIES, (AVG 540326.2105263158)
[1, 4, 10, 23, 57, 132, 301, 701, 1636, 3887, 9131, 21625]...: 16761351: ACCEPTED IN 31 TRIES, (AVG 540688.7419354839)
[1, 4, 10, 23, 57, 132, 301, 701, 1636, 3887, 9131, 21760]...: 11890587: ACCEPTED IN 22 TRIES, (AVG 540481.2272727273)
[1, 4, 10, 23, 57, 132, 301, 701, 1636, 3887, 9131, 21776]...: 8644077: ACCEPTED IN 16 TRIES, (AVG 540254.8125)
[1, 4, 10, 23, 57, 132, 301, 701, 1636, 3887, 9131, 21792]...: 11349963: ACCEPTED IN 21 TRIES, (AVG 540474.4285714285)
[1, 4, 10, 23, 57, 132, 301, 701, 1636, 3887, 9131, 21859]...: 11348296: ACCEPTED IN 21 TRIES, (AVG 540395.0476190476)
