[1, 4, 10, 23, 57, 132, 301, 701, 1636, 3887, 8569, 19150]...: 1076633: ACCEPTED IN 2 TRIES, (AVG 538316.5)
[1, 4, 10, 23, 57, 132, 301, 701, 1636, 3887, 8569, 19286]...: 1075991: ACCEPTED IN 2 TRIES, (AVG 537995.5)
[1, 4, 10, 23, 57, 132, 301, 701, 1636, 3887, 8569, 19317]...: 1076588: ACCEPTED IN 2 TRIES, (AVG 538294.0)
[1, 4, 10, 23, 57, 132, 301, 701, 1636, 3887, 8569, 19418]...: 1077085: ACCEPTED IN 2 TRIES, (AVG 538542.5)
[1, 4, 10, 23, 57, 132, 301, 701, 1636, 3887, 8569, 19420]...: 2695750: ACCEPTED IN 5 TRIES, (AVG 539150.0)
[1, 4, 10, 23, 57, 132, 301, 701, 1636, 3887, 8569, 19587]...: 1076280: ACCEPTED IN 2 TRIES, (AVG 538140.0)
[1, 4, 10, 23, 57, 132, 301, 701, 1636, 3887, 8569, 19819]...: 4314457: ACCEPTED IN 8 TRIES, (AVG 539307.125)
[1, 4, 10, 23, 57, 132, 301, 701, 1636, 3887, 8569, 19820]...: 2154115: ACCEPTED IN 4 TRIES, (AVG 538528.75)
[1, 4, 10, 23, 57, 132, 301, 701, 1636, 3887, 8569, 19919]...: 1616502: ACCEPTED IN 3 TRIES, (AVG 538834.0)
[1, 4, 10, 23, 57, 132, 301, 701, 1636, 3887, 8569, 19987]...: 1076330: ACCEPTED IN 2 TRIES, (AVG 538165.0)
[1, 4, 10, 23, 57, 132, 301, 701, 1636, 3887, 8569, 20354]...: 1076037: ACCEPTED IN 2 TRIES, (AVG 538018.5)
[1, 4, 10, 23, 57, 132, 301, 701, 1636, 3887, 8569, 20388]...: 1076325: ACCEPTED IN 2 TRIES, (AVG 538162.5)
[1, 4, 10, 23, 57, 132, 301, 701, 1636, 3887, 8569, 20485]...: 1077101: ACCEPTED IN 2 TRIES, (AVG 538550.5)
[1, 4, 10, 23, 57, 132, 301, 701, 1636, 3887, 8569, 20490]...: 1076748: ACCEPTED IN 2 TRIES, (AVG 538374.0)
[1, 4, 10, 23, 57, 132, 301, 701, 1636, 3887, 8569, 20553]...: 1076240: ACCEPTED IN 2 TRIES, (AVG 538120.0)
