[1, 4, 10, 23, 57, 132, 301, 701, 1654, 3958, 8904, 19588]...: 18384484: ACCEPTED IN 34 TRIES, (AVG 540720.1176470588)
[1, 4, 10, 23, 57, 132, 301, 701, 1654, 3958, 8904, 19592]...: 11889959: ACCEPTED IN 22 TRIES, (AVG 540452.6818181818)
[1, 4, 10, 23, 57, 132, 301, 701, 1654, 3958, 8904, 19596]...: 21631489: ACCEPTED IN 40 TRIES, (AVG 540787.225)
[1, 4, 10, 23, 57, 132, 301, 701, 1654, 3958, 8904, 19600]...: 9726379: ACCEPTED IN 18 TRIES, (AVG 540354.3888888889)
[1, 4, 10, 23, 57, 132, 301, 701, 1654, 3958, 8904, 19604]...: 12430069: ACCEPTED IN 23 TRIES, (AVG 540437.7826086957)
[1, 4, 10, 23, 57, 132, 301, 701, 1654, 3958, 8904, 19608]...: 20548093: ACCEPTED IN 38 TRIES, (AVG 540739.2894736842)
[1, 4, 10, 23, 57, 132, 301, 701, 1654, 3958, 8904, 19612]...: 34076462: ACCEPTED IN 63 TRIES, (AVG 540896.2222222222)
[1, 4, 10, 23, 57, 132, 301, 701, 1654, 3958, 8904, 19616]...: 21631328: ACCEPTED IN 40 TRIES, (AVG 540783.2)
[1, 4, 10, 23, 57, 132, 301, 701, 1654, 3958, 8904, 19621]...: 9726181: ACCEPTED IN 18 TRIES, (AVG 540343.3888888889)
[1, 4, 10, 23, 57, 132, 301, 701, 1654, 3958, 8904, 19625]...: 20548379: ACCEPTED IN 38 TRIES, (AVG 540746.8157894737)
[1, 4, 10, 23, 57, 132, 301, 701, 1654, 3958, 8904, 19629]...: 11889488: ACCEPTED IN 22 TRIES, (AVG 540431.2727272727)
[1, 4, 10, 23, 57, 132, 301, 701, 1654, 3958, 8904, 19633]...: 11889191: ACCEPTED IN 22 TRIES, (AVG 540417.7727272727)
[1, 4, 10, 23, 57, 132, 301, 701, 1654, 3958, 8904, 19637]...: 8643999: ACCEPTED IN 16 TRIES, (AVG 540249.9375)
[1, 4, 10, 23, 57, 132, 301, 701, 1654, 3958, 8904, 19641]...: 7561285: ACCEPTED IN 14 TRIES, (AVG 540091.7857142857)
[1, 4, 10, 23, 57, 132, 301, 701, 1654, 3958, 8904, 19645]...: 9185487: ACCEPTED IN 17 TRIES, (AVG 540322.7647058824)
[1, 4, 10, 23, 57, 132, 301, 701, 1654, 3958, 8904, 19649]...: 28665683: ACCEPTED IN 53 TRIES, (AVG 540861.9433962264)
[1, 4, 10, 23, 57, 132, 301, 701, 1654, 3958, 8904, 19653]...: 22712958: ACCEPTED IN 42 TRIES, (AVG 540784.7142857143)
[1, 4, 10, 23, 57, 132, 301, 701, 1654, 3958, 8904, 19654]...: 5397109: ACCEPTED IN 10 TRIES, (AVG 539710.9)
[1, 4, 10, 23, 57, 132, 301, 701, 1654, 3958, 8904, 19658]...: 10808855: ACCEPTED IN 20 TRIES, (AVG 540442.75)
[1, 4, 10, 23, 57, 132, 301, 701, 1654, 3958, 8904, 19662]...: 10267167: ACCEPTED IN 19 TRIES, (AVG 540377.2105263158)
[1, 4, 10, 23, 57, 132, 301, 701, 1654, 3958, 8904, 19666]...: 25418575: ACCEPTED IN 47 TRIES, (AVG 540820.7446808511)
[1, 4, 10, 23, 57, 132, 301, 701, 1654, 3958, 8904, 19670]...: 10808828: ACCEPTED IN 20 TRIES, (AVG 540441.4)
[1, 4, 10, 23, 57, 132, 301, 701, 1654, 3958, 8904, 19674]...: 20007836: ACCEPTED IN 37 TRIES, (AVG 540752.3243243244)
[1, 4, 10, 23, 57, 132, 301, 701, 1654, 3958, 8904, 19682]...: 10807039: ACCEPTED IN 20 TRIES, (AVG 540351.95)
[1, 4, 10, 23, 57, 132, 301, 701, 1654, 3958, 8904, 19686]...: 21088506: ACCEPTED IN 39 TRIES, (AVG 540730.9230769231)
[1, 4, 10, 23, 57, 132, 301, 701, 1654, 3958, 8904, 19691]...: 35157631: ACCEPTED IN 65 TRIES, (AVG 540886.6307692308)
[1, 4, 10, 23, 57, 132, 301, 701, 1654, 3958, 8904, 19694]...: 10267449: ACCEPTED IN 19 TRIES, (AVG 540392.052631579)
[1, 4, 10, 23, 57, 132, 301, 701, 1654, 3958, 8904, 19695]...: 9181969: ACCEPTED IN 17 TRIES, (AVG 540115.8235294118)
[1, 4, 10, 23, 57, 132, 301, 701, 1654, 3958, 8904, 19699]...: 8101280: ACCEPTED IN 15 TRIES, (AVG 540085.3333333334)
[1, 4, 10, 23, 57, 132, 301, 701, 1654, 3958, 8904, 19703]...: 13514174: ACCEPTED IN 25 TRIES, (AVG 540566.96)
[1, 4, 10, 23, 57, 132, 301, 701, 1654, 3958, 8904, 19707]...: 21088055: ACCEPTED IN 39 TRIES, (AVG 540719.358974359)
[1, 4, 10, 23, 57, 132, 301, 701, 1654, 3958, 8904, 19711]...: 9185090: ACCEPTED IN 17 TRIES, (AVG 540299.4117647059)
[1, 4, 10, 23, 57, 132, 301, 701, 1654, 3958, 8904, 19720]...: 26500689: ACCEPTED IN 49 TRIES, (AVG 540830.387755102)
[1, 4, 10, 23, 57, 132, 301, 701, 1654, 3958, 8904, 19724]...: 4313650: ACCEPTED IN 8 TRIES, (AVG 539206.25)
[1, 4, 10, 23, 57, 132, 301, 701, 1654, 3958, 8904, 19728]...: 33536084: ACCEPTED IN 62 TRIES, (AVG 540904.5806451613)
[1, 4, 10, 23, 57, 132, 301, 701, 1654, 3958, 8904, 19732]...: 4856318: ACCEPTED IN 9 TRIES, (AVG 539590.8888888889)
[1, 4, 10, 23, 57, 132, 301, 701, 1654, 3958, 8904, 19736]...: 22171091: ACCEPTED IN 41 TRIES, (AVG 540758.3170731707)
[1, 4, 10, 23, 57, 132, 301, 701, 1654, 3958, 8904, 19740]...: 12431129: ACCEPTED IN 23 TRIES, (AVG 540483.8695652174)
[1, 4, 10, 23, 57, 132, 301, 701, 1654, 3958, 8904, 19744]...: 8101923: ACCEPTED IN 15 TRIES, (AVG 540128.2)
[1, 4, 10, 23, 57, 132, 301, 701, 1654, 3958, 8904, 19748]...: 15137764: ACCEPTED IN 28 TRIES, (AVG 540634.4285714285)
[1, 4, 10, 23, 57, 132, 301, 701, 1654, 3958, 8904, 19753]...: 9185303: ACCEPTED IN 17 TRIES, (AVG 540311.9411764706)
[1, 4, 10, 23, 57, 132, 301, 701, 1654, 3958, 8904, 19757]...: 10806934: ACCEPTED IN 20 TRIES, (AVG 540346.7)
[1, 4, 10, 23, 57, 132, 301, 701, 1654, 3958, 8904, 19761]...: 10266214: ACCEPTED IN 19 TRIES, (AVG 540327.052631579)
[1, 4, 10, 23, 57, 132, 301, 701, 1654, 3958, 8904, 19765]...: 23254018: ACCEPTED IN 43 TRIES, (AVG 540791.1162790698)
[1, 4, 10, 23, 57, 132, 301, 701, 1654, 3958, 8904, 19769]...: 9726423: ACCEPTED IN 18 TRIES, (AVG 540356.8333333334)
[1, 4, 10, 23, 57, 132, 301, 701, 1654, 3958, 8904, 19773]...: 8103195: ACCEPTED IN 15 TRIES, (AVG 540213.0)
[1, 4, 10, 23, 57, 132, 301, 701, 1654, 3958, 8904, 19777]...: 20006696: ACCEPTED IN 37 TRIES, (AVG 540721.5135135135)
[1, 4, 10, 23, 57, 132, 301, 701, 1654, 3958, 8904, 19781]...: 16218653: ACCEPTED IN 30 TRIES, (AVG 540621.7666666667)
[1, 4, 10, 23, 57, 132, 301, 701, 1654, 3958, 8904, 19785]...: 14055575: ACCEPTED IN 26 TRIES, (AVG 540599.0384615385)
[1, 4, 10, 23, 57, 132, 301, 701, 1654, 3958, 8904, 19790]...: 23795861: ACCEPTED IN 44 TRIES, (AVG 540815.0227272727)
[1, 4, 10, 23, 57, 132, 301, 701, 1654, 3958, 8904, 19794]...: 21628383: ACCEPTED IN 40 TRIES, (AVG 540709.575)
[1, 4, 10, 23, 57, 132, 301, 701, 1654, 3958, 8904, 19798]...: 10267801: ACCEPTED IN 19 TRIES, (AVG 540410.5789473684)
[1, 4, 10, 23, 57, 132, 301, 701, 1654, 3958, 8904, 19802]...: 23254918: ACCEPTED IN 43 TRIES, (AVG 540812.0465116279)
[1, 4, 10, 23, 57, 132, 301, 701, 1654, 3958, 8904, 19806]...: 9726321: ACCEPTED IN 18 TRIES, (AVG 540351.1666666666)
[1, 4, 10, 23, 57, 132, 301, 701, 1654, 3958, 8904, 19814]...: 10267691: ACCEPTED IN 19 TRIES, (AVG 540404.7894736842)
[1, 4, 10, 23, 57, 132, 301, 701, 1654, 3958, 8904, 19818]...: 9724758: ACCEPTED IN 18 TRIES, (AVG 540264.3333333334)
[1, 4, 10, 23, 57, 132, 301, 701, 1654, 3958, 8904, 19823]...: 9723973: ACCEPTED IN 18 TRIES, (AVG 540220.7222222222)
[1, 4, 10, 23, 57, 132, 301, 701, 1654, 3958, 8904, 19826]...: 10267002: ACCEPTED IN 19 TRIES, (AVG 540368.5263157894)
[1, 4, 10, 23, 57, 132, 301, 701, 1654, 3958, 8904, 19827]...: 25419070: ACCEPTED IN 47 TRIES, (AVG 540831.2765957447)
[1, 4, 10, 23, 57, 132, 301, 701, 1654, 3958, 8904, 19831]...: 10808878: ACCEPTED IN 20 TRIES, (AVG 540443.9)
[1, 4, 10, 23, 57, 132, 301, 701, 1654, 3958, 8904, 19835]...: 10264907: ACCEPTED IN 19 TRIES, (AVG 540258.2631578947)
[1, 4, 10, 23, 57, 132, 301, 701, 1654, 3958, 8904, 19839]...: 11349977: ACCEPTED IN 21 TRIES, (AVG 540475.0952380953)
[1, 4, 10, 23, 57, 132, 301, 701, 1654, 3958, 8904, 19843]...: 9184050: ACCEPTED IN 17 TRIES, (AVG 540238.2352941176)
[1, 4, 10, 23, 57, 132, 301, 701, 1654, 3958, 8904, 19852]...: 10267794: ACCEPTED IN 19 TRIES, (AVG 540410.2105263158)
[1, 4, 10, 23, 57, 132, 301, 701, 1654, 3958, 8904, 19855]...: 8644162: ACCEPTED IN 16 TRIES, (AVG 540260.125)
[1, 4, 10, 23, 57, 132, 301, 701, 1654, 3958, 8904, 19856]...: 10807564: ACCEPTED IN 20 TRIES, (AVG 540378.2)
[1, 4, 10, 23, 57, 132, 301, 701, 1654, 3958, 8904, 19860]...: 8103007: ACCEPTED IN 15 TRIES, (AVG 540200.4666666667)
[1, 4, 10, 23, 57, 132, 301, 701, 1654, 3958, 8904, 19864]...: 7020574: ACCEPTED IN 13 TRIES, (AVG 540044.1538461539)
[1, 4, 10, 23, 57, 132, 301, 701, 1654, 3958, 8904, 19868]...: 5938116: ACCEPTED IN 11 TRIES, (AVG 539828.7272727273)
[1, 4, 10, 23, 57, 132, 301, 701, 1654, 3958, 8904, 19872]...: 10808138: ACCEPTED IN 20 TRIES, (AVG 540406.9)
[1, 4, 10, 23, 57, 132, 301, 701, 1654, 3958, 8904, 19876]...: 7561981: ACCEPTED IN 14 TRIES, (AVG 540141.5)
[1, 4, 10, 23, 57, 132, 301, 701, 1654, 3958, 8904, 19880]...: 8103117: ACCEPTED IN 15 TRIES, (AVG 540207.8)
[1, 4, 10, 23, 57, 132, 301, 701, 1654, 3958, 8904, 19889]...: 4313213: ACCEPTED IN 8 TRIES, (AVG 539151.625)
[1, 4, 10, 23, 57, 132, 301, 701, 1654, 3958, 8904, 19893]...: 11890636: ACCEPTED IN 22 TRIES, (AVG 540483.4545454546)
[1, 4, 10, 23, 57, 132, 301, 701, 1654, 3958, 8904, 19897]...: 11886356: ACCEPTED IN 22 TRIES, (AVG 540288.9090909091)
[1, 4, 10, 23, 57, 132, 301, 701, 1654, 3958, 8904, 19901]...: 22713092: ACCEPTED IN 42 TRIES, (AVG 540787.9047619047)
[1, 4, 10, 23, 57, 132, 301, 701, 1654, 3958, 8904, 19905]...: 8102777: ACCEPTED IN 15 TRIES, (AVG 540185.1333333333)
[1, 4, 10, 23, 57, 132, 301, 701, 1654, 3958, 8904, 19909]...: 10808898: ACCEPTED IN 20 TRIES, (AVG 540444.9)
[1, 4, 10, 23, 57, 132, 301, 701, 1654, 3958, 8904, 19913]...: 10808349: ACCEPTED IN 20 TRIES, (AVG 540417.45)
[1, 4, 10, 23, 57, 132, 301, 701, 1654, 3958, 8904, 19917]...: 9725334: ACCEPTED IN 18 TRIES, (AVG 540296.3333333334)
[1, 4, 10, 23, 57, 132, 301, 701, 1654, 3958, 8904, 19922]...: 23796105: ACCEPTED IN 44 TRIES, (AVG 540820.5681818182)
[1, 4, 10, 23, 57, 132, 301, 701, 1654, 3958, 8904, 19926]...: 7019632: ACCEPTED IN 13 TRIES, (AVG 539971.6923076923)
[1, 4, 10, 23, 57, 132, 301, 701, 1654, 3958, 8904, 19930]...: 22171181: ACCEPTED IN 41 TRIES, (AVG 540760.512195122)
[1, 4, 10, 23, 57, 132, 301, 701, 1654, 3958, 8904, 19934]...: 11890054: ACCEPTED IN 22 TRIES, (AVG 540457.0)
[1, 4, 10, 23, 57, 132, 301, 701, 1654, 3958, 8904, 19938]...: 18384510: ACCEPTED IN 34 TRIES, (AVG 540720.8823529412)
[1, 4, 10, 23, 57, 132, 301, 701, 1654, 3958, 8904, 19946]...: 11889830: ACCEPTED IN 22 TRIES, (AVG 540446.8181818182)
[1, 4, 10, 23, 57, 132, 301, 701, 1654, 3958, 8904, 19950]...: 10265814: ACCEPTED IN 19 TRIES, (AVG 540306.0)
[1, 4, 10, 23, 57, 132, 301, 701, 1654, 3958, 8904, 19954]...: 7020058: ACCEPTED IN 13 TRIES, (AVG 540004.4615384615)
[1, 4, 10, 23, 57, 132, 301, 701, 1654, 3958, 8904, 19955]...: 11888907: ACCEPTED IN 22 TRIES, (AVG 540404.8636363636)
[1, 4, 10, 23, 57, 132, 301, 701, 1654, 3958, 8904, 19959]...: 6479556: ACCEPTED IN 12 TRIES, (AVG 539963.0)
[1, 4, 10, 23, 57, 132, 301, 701, 1654, 3958, 8904, 19963]...: 9726278: ACCEPTED IN 18 TRIES, (AVG 540348.7777777778)
[1, 4, 10, 23, 57, 132, 301, 701, 1654, 3958, 8904, 19967]...: 20007403: ACCEPTED IN 37 TRIES, (AVG 540740.6216216217)
[1, 4, 10, 23, 57, 132, 301, 701, 1654, 3958, 8904, 19971]...: 11889864: ACCEPTED IN 22 TRIES, (AVG 540448.3636363636)
[1, 4, 10, 23, 57, 132, 301, 701, 1654, 3958, 8904, 19975]...: 34077229: ACCEPTED IN 63 TRIES, (AVG 540908.3968253968)
[1, 4, 10, 23, 57, 132, 301, 701, 1654, 3958, 8904, 19987]...: 9724938: ACCEPTED IN 18 TRIES, (AVG 540274.3333333334)
[1, 4, 10, 23, 57, 132, 301, 701, 1654, 3958, 8904, 19992]...: 8102879: ACCEPTED IN 15 TRIES, (AVG 540191.9333333333)
[1, 4, 10, 23, 57, 132, 301, 701, 1654, 3958, 8904, 19996]...: 11890426: ACCEPTED IN 22 TRIES, (AVG 540473.9090909091)
[1, 4, 10, 23, 57, 132, 301, 701, 1654, 3958, 8904, 20000]...: 9725565: ACCEPTED IN 18 TRIES, (AVG 540309.1666666666)
[1, 4, 10, 23, 57, 132, 301, 701, 1654, 3958, 8904, 20004]...: 14055724: ACCEPTED IN 26 TRIES, (AVG 540604.7692307692)
[1, 4, 10, 23, 57, 132, 301, 701, 1654, 3958, 8904, 20008]...: 6478830: ACCEPTED IN 12 TRIES, (AVG 539902.5)
[1, 4, 10, 23, 57, 132, 301, 701, 1654, 3958, 8904, 20012]...: 10264567: ACCEPTED IN 19 TRIES, (AVG 540240.3684210526)
[1, 4, 10, 23, 57, 132, 301, 701, 1654, 3958, 8904, 20021]...: 10265842: ACCEPTED IN 19 TRIES, (AVG 540307.4736842106)
[1, 4, 10, 23, 57, 132, 301, 701, 1654, 3958, 8904, 20025]...: 8103259: ACCEPTED IN 15 TRIES, (AVG 540217.2666666667)
[1, 4, 10, 23, 57, 132, 301, 701, 1654, 3958, 8904, 20029]...: 20007682: ACCEPTED IN 37 TRIES, (AVG 540748.1621621621)
[1, 4, 10, 23, 57, 132, 301, 701, 1654, 3958, 8904, 20033]...: 9184161: ACCEPTED IN 17 TRIES, (AVG 540244.7647058824)
[1, 4, 10, 23, 57, 132, 301, 701, 1654, 3958, 8904, 20037]...: 12972501: ACCEPTED IN 24 TRIES, (AVG 540520.875)
[1, 4, 10, 23, 57, 132, 301, 701, 1654, 3958, 8904, 20041]...: 19465856: ACCEPTED IN 36 TRIES, (AVG 540718.2222222222)
[1, 4, 10, 23, 57, 132, 301, 701, 1654, 3958, 8904, 20045]...: 21088200: ACCEPTED IN 39 TRIES, (AVG 540723.0769230769)
[1, 4, 10, 23, 57, 132, 301, 701, 1654, 3958, 8904, 20049]...: 15677320: ACCEPTED IN 29 TRIES, (AVG 540597.2413793104)
[1, 4, 10, 23, 57, 132, 301, 701, 1654, 3958, 8904, 20054]...: 21630839: ACCEPTED IN 40 TRIES, (AVG 540770.975)
[1, 4, 10, 23, 57, 132, 301, 701, 1654, 3958, 8904, 20058]...: 3774052: ACCEPTED IN 7 TRIES, (AVG 539150.2857142857)
[1, 4, 10, 23, 57, 132, 301, 701, 1654, 3958, 8904, 20062]...: 15678222: ACCEPTED IN 29 TRIES, (AVG 540628.3448275862)
[1, 4, 10, 23, 57, 132, 301, 701, 1654, 3958, 8904, 20066]...: 15679094: ACCEPTED IN 29 TRIES, (AVG 540658.4137931034)
[1, 4, 10, 23, 57, 132, 301, 701, 1654, 3958, 8904, 20070]...: 20007313: ACCEPTED IN 37 TRIES, (AVG 540738.1891891892)
[1, 4, 10, 23, 57, 132, 301, 701, 1654, 3958, 8904, 20078]...: 7562003: ACCEPTED IN 14 TRIES, (AVG 540143.0714285715)
[1, 4, 10, 23, 57, 132, 301, 701, 1654, 3958, 8904, 20082]...: 12972599: ACCEPTED IN 24 TRIES, (AVG 540524.9583333334)
[1, 4, 10, 23, 57, 132, 301, 701, 1654, 3958, 8904, 20086]...: 14055639: ACCEPTED IN 26 TRIES, (AVG 540601.5)
[1, 4, 10, 23, 57, 132, 301, 701, 1654, 3958, 8904, 20091]...: 9185207: ACCEPTED IN 17 TRIES, (AVG 540306.2941176471)
[1, 4, 10, 23, 57, 132, 301, 701, 1654, 3958, 8904, 20095]...: 10267177: ACCEPTED IN 19 TRIES, (AVG 540377.7368421053)
[1, 4, 10, 23, 57, 132, 301, 701, 1654, 3958, 8904, 20099]...: 23254019: ACCEPTED IN 43 TRIES, (AVG 540791.1395348837)
[1, 4, 10, 23, 57, 132, 301, 701, 1654, 3958, 8904, 20103]...: 12431831: ACCEPTED IN 23 TRIES, (AVG 540514.3913043478)
[1, 4, 10, 23, 57, 132, 301, 701, 1654, 3958, 8904, 20107]...: 12430412: ACCEPTED IN 23 TRIES, (AVG 540452.695652174)
[1, 4, 10, 23, 57, 132, 301, 701, 1654, 3958, 8904, 20119]...: 11890600: ACCEPTED IN 22 TRIES, (AVG 540481.8181818182)
[1, 4, 10, 23, 57, 132, 301, 701, 1654, 3958, 8904, 20124]...: 17842921: ACCEPTED IN 33 TRIES, (AVG 540694.5757575758)
[1, 4, 10, 23, 57, 132, 301, 701, 1654, 3958, 8904, 20128]...: 18383538: ACCEPTED IN 34 TRIES, (AVG 540692.2941176471)
[1, 4, 10, 23, 57, 132, 301, 701, 1654, 3958, 8904, 20132]...: 9726295: ACCEPTED IN 18 TRIES, (AVG 540349.7222222222)
[1, 4, 10, 23, 57, 132, 301, 701, 1654, 3958, 8904, 20136]...: 9724467: ACCEPTED IN 18 TRIES, (AVG 540248.1666666666)
[1, 4, 10, 23, 57, 132, 301, 701, 1654, 3958, 8904, 20140]...: 22171920: ACCEPTED IN 41 TRIES, (AVG 540778.5365853659)
[1, 4, 10, 23, 57, 132, 301, 701, 1654, 3958, 8904, 20144]...: 7561851: ACCEPTED IN 14 TRIES, (AVG 540132.2142857143)
[1, 4, 10, 23, 57, 132, 301, 701, 1654, 3958, 8904, 20153]...: 9725657: ACCEPTED IN 18 TRIES, (AVG 540314.2777777778)
[1, 4, 10, 23, 57, 132, 301, 701, 1654, 3958, 8904, 20157]...: 10265390: ACCEPTED IN 19 TRIES, (AVG 540283.6842105263)
[1, 4, 10, 23, 57, 132, 301, 701, 1654, 3958, 8904, 20161]...: 20004549: ACCEPTED IN 37 TRIES, (AVG 540663.4864864865)
[1, 4, 10, 23, 57, 132, 301, 701, 1654, 3958, 8904, 20165]...: 33535646: ACCEPTED IN 62 TRIES, (AVG 540897.5161290322)
[1, 4, 10, 23, 57, 132, 301, 701, 1654, 3958, 8904, 20169]...: 10808384: ACCEPTED IN 20 TRIES, (AVG 540419.2)
[1, 4, 10, 23, 57, 132, 301, 701, 1654, 3958, 8904, 20173]...: 11891023: ACCEPTED IN 22 TRIES, (AVG 540501.0454545454)
[1, 4, 10, 23, 57, 132, 301, 701, 1654, 3958, 8904, 20177]...: 9725125: ACCEPTED IN 18 TRIES, (AVG 540284.7222222222)
[1, 4, 10, 23, 57, 132, 301, 701, 1654, 3958, 8904, 20181]...: 11890423: ACCEPTED IN 22 TRIES, (AVG 540473.7727272727)
[1, 4, 10, 23, 57, 132, 301, 701, 1654, 3958, 8904, 20190]...: 11349502: ACCEPTED IN 21 TRIES, (AVG 540452.4761904762)
[1, 4, 10, 23, 57, 132, 301, 701, 1654, 3958, 8904, 20194]...: 8644311: ACCEPTED IN 16 TRIES, (AVG 540269.4375)
[1, 4, 10, 23, 57, 132, 301, 701, 1654, 3958, 8904, 20198]...: 7019301: ACCEPTED IN 13 TRIES, (AVG 539946.2307692308)
[1, 4, 10, 23, 57, 132, 301, 701, 1654, 3958, 8904, 20202]...: 8642569: ACCEPTED IN 16 TRIES, (AVG 540160.5625)
[1, 4, 10, 23, 57, 132, 301, 701, 1654, 3958, 8904, 20206]...: 7017829: ACCEPTED IN 13 TRIES, (AVG 539833.0)
[1, 4, 10, 23, 57, 132, 301, 701, 1654, 3958, 8904, 20210]...: 10808509: ACCEPTED IN 20 TRIES, (AVG 540425.45)
[1, 4, 10, 23, 57, 132, 301, 701, 1654, 3958, 8904, 20214]...: 9184659: ACCEPTED IN 17 TRIES, (AVG 540274.0588235294)
[1, 4, 10, 23, 57, 132, 301, 701, 1654, 3958, 8904, 20218]...: 18384675: ACCEPTED IN 34 TRIES, (AVG 540725.7352941176)
[1, 4, 10, 23, 57, 132, 301, 701, 1654, 3958, 8904, 20223]...: 23795986: ACCEPTED IN 44 TRIES, (AVG 540817.8636363636)
[1, 4, 10, 23, 57, 132, 301, 701, 1654, 3958, 8904, 20227]...: 22713212: ACCEPTED IN 42 TRIES, (AVG 540790.7619047619)
[1, 4, 10, 23, 57, 132, 301, 701, 1654, 3958, 8904, 20231]...: 10267643: ACCEPTED IN 19 TRIES, (AVG 540402.2631578947)
[1, 4, 10, 23, 57, 132, 301, 701, 1654, 3958, 8904, 20235]...: 10266519: ACCEPTED IN 19 TRIES, (AVG 540343.1052631579)
[1, 4, 10, 23, 57, 132, 301, 701, 1654, 3958, 8904, 20239]...: 21631106: ACCEPTED IN 40 TRIES, (AVG 540777.65)
[1, 4, 10, 23, 57, 132, 301, 701, 1654, 3958, 8904, 20251]...: 10807835: ACCEPTED IN 20 TRIES, (AVG 540391.75)
[1, 4, 10, 23, 57, 132, 301, 701, 1654, 3958, 8904, 20255]...: 9725802: ACCEPTED IN 18 TRIES, (AVG 540322.3333333334)
[1, 4, 10, 23, 57, 132, 301, 701, 1654, 3958, 8904, 20256]...: 10266585: ACCEPTED IN 19 TRIES, (AVG 540346.5789473684)
[1, 4, 10, 23, 57, 132, 301, 701, 1654, 3958, 8904, 20260]...: 10806371: ACCEPTED IN 20 TRIES, (AVG 540318.55)
[1, 4, 10, 23, 57, 132, 301, 701, 1654, 3958, 8904, 20264]...: 10266654: ACCEPTED IN 19 TRIES, (AVG 540350.2105263158)
[1, 4, 10, 23, 57, 132, 301, 701, 1654, 3958, 8904, 20268]...: 8103168: ACCEPTED IN 15 TRIES, (AVG 540211.2)
[1, 4, 10, 23, 57, 132, 301, 701, 1654, 3958, 8904, 20272]...: 19466208: ACCEPTED IN 36 TRIES, (AVG 540728.0)
[1, 4, 10, 23, 57, 132, 301, 701, 1654, 3958, 8904, 20276]...: 9183623: ACCEPTED IN 17 TRIES, (AVG 540213.1176470588)
[1, 4, 10, 23, 57, 132, 301, 701, 1654, 3958, 8904, 20289]...: 9185374: ACCEPTED IN 17 TRIES, (AVG 540316.1176470588)
[1, 4, 10, 23, 57, 132, 301, 701, 1654, 3958, 8904, 20293]...: 8644258: ACCEPTED IN 16 TRIES, (AVG 540266.125)
[1, 4, 10, 23, 57, 132, 301, 701, 1654, 3958, 8904, 20297]...: 9185450: ACCEPTED IN 17 TRIES, (AVG 540320.5882352941)
[1, 4, 10, 23, 57, 132, 301, 701, 1654, 3958, 8904, 20301]...: 10264677: ACCEPTED IN 19 TRIES, (AVG 540246.1578947369)
[1, 4, 10, 23, 57, 132, 301, 701, 1654, 3958, 8904, 20305]...: 27580545: ACCEPTED IN 51 TRIES, (AVG 540795.0)
[1, 4, 10, 23, 57, 132, 301, 701, 1654, 3958, 8904, 20309]...: 19466060: ACCEPTED IN 36 TRIES, (AVG 540723.8888888889)
[1, 4, 10, 23, 57, 132, 301, 701, 1654, 3958, 8904, 20313]...: 10266127: ACCEPTED IN 19 TRIES, (AVG 540322.4736842106)
[1, 4, 10, 23, 57, 132, 301, 701, 1654, 3958, 8904, 20322]...: 11349343: ACCEPTED IN 21 TRIES, (AVG 540444.9047619047)
[1, 4, 10, 23, 57, 132, 301, 701, 1654, 3958, 8904, 20326]...: 10806639: ACCEPTED IN 20 TRIES, (AVG 540331.95)
[1, 4, 10, 23, 57, 132, 301, 701, 1654, 3958, 8904, 20330]...: 10267709: ACCEPTED IN 19 TRIES, (AVG 540405.7368421053)
[1, 4, 10, 23, 57, 132, 301, 701, 1654, 3958, 8904, 20334]...: 10267758: ACCEPTED IN 19 TRIES, (AVG 540408.3157894737)
[1, 4, 10, 23, 57, 132, 301, 701, 1654, 3958, 8904, 20338]...: 9184912: ACCEPTED IN 17 TRIES, (AVG 540288.9411764706)
[1, 4, 10, 23, 57, 132, 301, 701, 1654, 3958, 8904, 20342]...: 8643662: ACCEPTED IN 16 TRIES, (AVG 540228.875)
[1, 4, 10, 23, 57, 132, 301, 701, 1654, 3958, 8904, 20346]...: 11889570: ACCEPTED IN 22 TRIES, (AVG 540435.0)
[1, 4, 10, 23, 57, 132, 301, 701, 1654, 3958, 8904, 20350]...: 9726204: ACCEPTED IN 18 TRIES, (AVG 540344.6666666666)
[1, 4, 10, 23, 57, 132, 301, 701, 1654, 3958, 8904, 20355]...: 8102884: ACCEPTED IN 15 TRIES, (AVG 540192.2666666667)
[1, 4, 10, 23, 57, 132, 301, 701, 1654, 3958, 8904, 20359]...: 5937961: ACCEPTED IN 11 TRIES, (AVG 539814.6363636364)
[1, 4, 10, 23, 57, 132, 301, 701, 1654, 3958, 8904, 20363]...: 10264636: ACCEPTED IN 19 TRIES, (AVG 540244.0)
[1, 4, 10, 23, 57, 132, 301, 701, 1654, 3958, 8904, 20367]...: 8642544: ACCEPTED IN 16 TRIES, (AVG 540159.0)
[1, 4, 10, 23, 57, 132, 301, 701, 1654, 3958, 8904, 20371]...: 11889549: ACCEPTED IN 22 TRIES, (AVG 540434.0454545454)
[1, 4, 10, 23, 57, 132, 301, 701, 1654, 3958, 8904, 20383]...: 11890997: ACCEPTED IN 22 TRIES, (AVG 540499.8636363636)
[1, 4, 10, 23, 57, 132, 301, 701, 1654, 3958, 8904, 20387]...: 6479819: ACCEPTED IN 12 TRIES, (AVG 539984.9166666666)
[1, 4, 10, 23, 57, 132, 301, 701, 1654, 3958, 8904, 20392]...: 4314864: ACCEPTED IN 8 TRIES, (AVG 539358.0)
[1, 4, 10, 23, 57, 132, 301, 701, 1654, 3958, 8904, 20396]...: 8103094: ACCEPTED IN 15 TRIES, (AVG 540206.2666666667)
[1, 4, 10, 23, 57, 132, 301, 701, 1654, 3958, 8904, 20400]...: 8102310: ACCEPTED IN 15 TRIES, (AVG 540154.0)
[1, 4, 10, 23, 57, 132, 301, 701, 1654, 3958, 8904, 20404]...: 9725782: ACCEPTED IN 18 TRIES, (AVG 540321.2222222222)
[1, 4, 10, 23, 57, 132, 301, 701, 1654, 3958, 8904, 20421]...: 9185513: ACCEPTED IN 17 TRIES, (AVG 540324.2941176471)
[1, 4, 10, 23, 57, 132, 301, 701, 1654, 3958, 8904, 20425]...: 7562032: ACCEPTED IN 14 TRIES, (AVG 540145.1428571428)
[1, 4, 10, 23, 57, 132, 301, 701, 1654, 3958, 8904, 20429]...: 16220246: ACCEPTED IN 30 TRIES, (AVG 540674.8666666667)
[1, 4, 10, 23, 57, 132, 301, 701, 1654, 3958, 8904, 20433]...: 11348282: ACCEPTED IN 21 TRIES, (AVG 540394.380952381)
[1, 4, 10, 23, 57, 132, 301, 701, 1654, 3958, 8904, 20437]...: 9726428: ACCEPTED IN 18 TRIES, (AVG 540357.1111111111)
[1, 4, 10, 23, 57, 132, 301, 701, 1654, 3958, 8904, 20441]...: 10265211: ACCEPTED IN 19 TRIES, (AVG 540274.2631578947)
[1, 4, 10, 23, 57, 132, 301, 701, 1654, 3958, 8904, 20445]...: 10266905: ACCEPTED IN 19 TRIES, (AVG 540363.4210526316)
[1, 4, 10, 23, 57, 132, 301, 701, 1654, 3958, 8904, 20454]...: 11890579: ACCEPTED IN 22 TRIES, (AVG 540480.8636363636)
[1, 4, 10, 23, 57, 132, 301, 701, 1654, 3958, 8904, 20458]...: 6479551: ACCEPTED IN 12 TRIES, (AVG 539962.5833333334)
[1, 4, 10, 23, 57, 132, 301, 701, 1654, 3958, 8904, 20462]...: 17843499: ACCEPTED IN 33 TRIES, (AVG 540712.0909090909)
[1, 4, 10, 23, 57, 132, 301, 701, 1654, 3958, 8904, 20466]...: 20547356: ACCEPTED IN 38 TRIES, (AVG 540719.8947368421)
[1, 4, 10, 23, 57, 132, 301, 701, 1654, 3958, 8904, 20470]...: 21090423: ACCEPTED IN 39 TRIES, (AVG 540780.0769230769)
[1, 4, 10, 23, 57, 132, 301, 701, 1654, 3958, 8904, 20474]...: 11349784: ACCEPTED IN 21 TRIES, (AVG 540465.9047619047)
[1, 4, 10, 23, 57, 132, 301, 701, 1654, 3958, 8904, 20478]...: 8102501: ACCEPTED IN 15 TRIES, (AVG 540166.7333333333)
[1, 4, 10, 23, 57, 132, 301, 701, 1654, 3958, 8904, 20482]...: 20007877: ACCEPTED IN 37 TRIES, (AVG 540753.4324324324)
[1, 4, 10, 23, 57, 132, 301, 701, 1654, 3958, 8904, 20491]...: 8643781: ACCEPTED IN 16 TRIES, (AVG 540236.3125)
[1, 4, 10, 23, 57, 132, 301, 701, 1654, 3958, 8904, 20495]...: 11890394: ACCEPTED IN 22 TRIES, (AVG 540472.4545454546)
[1, 4, 10, 23, 57, 132, 301, 701, 1654, 3958, 8904, 20499]...: 18382873: ACCEPTED IN 34 TRIES, (AVG 540672.7352941176)
[1, 4, 10, 23, 57, 132, 301, 701, 1654, 3958, 8904, 20503]...: 11348920: ACCEPTED IN 21 TRIES, (AVG 540424.7619047619)
[1, 4, 10, 23, 57, 132, 301, 701, 1654, 3958, 8904, 20507]...: 14054533: ACCEPTED IN 26 TRIES, (AVG 540558.9615384615)
[1, 4, 10, 23, 57, 132, 301, 701, 1654, 3958, 8904, 20515]...: 9185064: ACCEPTED IN 17 TRIES, (AVG 540297.8823529412)
[1, 4, 10, 23, 57, 132, 301, 701, 1654, 3958, 8904, 20519]...: 10267761: ACCEPTED IN 19 TRIES, (AVG 540408.4736842106)
[1, 4, 10, 23, 57, 132, 301, 701, 1654, 3958, 8904, 20524]...: 11889758: ACCEPTED IN 22 TRIES, (AVG 540443.5454545454)
[1, 4, 10, 23, 57, 132, 301, 701, 1654, 3958, 8904, 20528]...: 9726269: ACCEPTED IN 18 TRIES, (AVG 540348.2777777778)
[1, 4, 10, 23, 57, 132, 301, 701, 1654, 3958, 8904, 20532]...: 11891126: ACCEPTED IN 22 TRIES, (AVG 540505.7272727273)
[1, 4, 10, 23, 57, 132, 301, 701, 1654, 3958, 8904, 20536]...: 13513082: ACCEPTED IN 25 TRIES, (AVG 540523.28)
[1, 4, 10, 23, 57, 132, 301, 701, 1654, 3958, 8904, 20553]...: 10807016: ACCEPTED IN 20 TRIES, (AVG 540350.8)
[1, 4, 10, 23, 57, 132, 301, 701, 1654, 3958, 8904, 20556]...: 7020732: ACCEPTED IN 13 TRIES, (AVG 540056.3076923077)
[1, 4, 10, 23, 57, 132, 301, 701, 1654, 3958, 8904, 20557]...: 10267023: ACCEPTED IN 19 TRIES, (AVG 540369.6315789474)
[1, 4, 10, 23, 57, 132, 301, 701, 1654, 3958, 8904, 20561]...: 10265295: ACCEPTED IN 19 TRIES, (AVG 540278.6842105263)
[1, 4, 10, 23, 57, 132, 301, 701, 1654, 3958, 8904, 20565]...: 23253874: ACCEPTED IN 43 TRIES, (AVG 540787.7674418605)
[1, 4, 10, 23, 57, 132, 301, 701, 1654, 3958, 8904, 20569]...: 7559306: ACCEPTED IN 14 TRIES, (AVG 539950.4285714285)
[1, 4, 10, 23, 57, 132, 301, 701, 1654, 3958, 8904, 20573]...: 10266120: ACCEPTED IN 19 TRIES, (AVG 540322.1052631579)
[1, 4, 10, 23, 57, 132, 301, 701, 1654, 3958, 8904, 20577]...: 10266425: ACCEPTED IN 19 TRIES, (AVG 540338.1578947369)
[1, 4, 10, 23, 57, 132, 301, 701, 1654, 3958, 8904, 20590]...: 9726159: ACCEPTED IN 18 TRIES, (AVG 540342.1666666666)
[1, 4, 10, 23, 57, 132, 301, 701, 1654, 3958, 8904, 20594]...: 7017988: ACCEPTED IN 13 TRIES, (AVG 539845.2307692308)
[1, 4, 10, 23, 57, 132, 301, 701, 1654, 3958, 8904, 20598]...: 10267542: ACCEPTED IN 19 TRIES, (AVG 540396.947368421)
[1, 4, 10, 23, 57, 132, 301, 701, 1654, 3958, 8904, 20602]...: 4314941: ACCEPTED IN 8 TRIES, (AVG 539367.625)
[1, 4, 10, 23, 57, 132, 301, 701, 1654, 3958, 8904, 20606]...: 20008100: ACCEPTED IN 37 TRIES, (AVG 540759.4594594594)
[1, 4, 10, 23, 57, 132, 301, 701, 1654, 3958, 8904, 20610]...: 10264762: ACCEPTED IN 19 TRIES, (AVG 540250.6315789474)
[1, 4, 10, 23, 57, 132, 301, 701, 1654, 3958, 8904, 20614]...: 10266173: ACCEPTED IN 19 TRIES, (AVG 540324.8947368421)
[1, 4, 10, 23, 57, 132, 301, 701, 1654, 3958, 8904, 20623]...: 11349436: ACCEPTED IN 21 TRIES, (AVG 540449.3333333334)
[1, 4, 10, 23, 57, 132, 301, 701, 1654, 3958, 8904, 20627]...: 20006918: ACCEPTED IN 37 TRIES, (AVG 540727.5135135135)
[1, 4, 10, 23, 57, 132, 301, 701, 1654, 3958, 8904, 20631]...: 11887706: ACCEPTED IN 22 TRIES, (AVG 540350.2727272727)
[1, 4, 10, 23, 57, 132, 301, 701, 1654, 3958, 8904, 20635]...: 9725219: ACCEPTED IN 18 TRIES, (AVG 540289.9444444445)
[1, 4, 10, 23, 57, 132, 301, 701, 1654, 3958, 8904, 20639]...: 10267163: ACCEPTED IN 19 TRIES, (AVG 540377.0)
[1, 4, 10, 23, 57, 132, 301, 701, 1654, 3958, 8904, 20647]...: 14595621: ACCEPTED IN 27 TRIES, (AVG 540578.5555555555)
[1, 4, 10, 23, 57, 132, 301, 701, 1654, 3958, 8904, 20651]...: 21088469: ACCEPTED IN 39 TRIES, (AVG 540729.9743589744)
[1, 4, 10, 23, 57, 132, 301, 701, 1654, 3958, 8904, 20656]...: 20007694: ACCEPTED IN 37 TRIES, (AVG 540748.4864864865)
[1, 4, 10, 23, 57, 132, 301, 701, 1654, 3958, 8904, 20660]...: 5937221: ACCEPTED IN 11 TRIES, (AVG 539747.3636363636)
[1, 4, 10, 23, 57, 132, 301, 701, 1654, 3958, 8904, 20664]...: 20005456: ACCEPTED IN 37 TRIES, (AVG 540688.0)
[1, 4, 10, 23, 57, 132, 301, 701, 1654, 3958, 8904, 20668]...: 10266910: ACCEPTED IN 19 TRIES, (AVG 540363.6842105263)
[1, 4, 10, 23, 57, 132, 301, 701, 1654, 3958, 8904, 20688]...: 10267011: ACCEPTED IN 19 TRIES, (AVG 540369.0)
[1, 4, 10, 23, 57, 132, 301, 701, 1654, 3958, 8904, 20693]...: 7020726: ACCEPTED IN 13 TRIES, (AVG 540055.8461538461)
[1, 4, 10, 23, 57, 132, 301, 701, 1654, 3958, 8904, 20697]...: 10267399: ACCEPTED IN 19 TRIES, (AVG 540389.4210526316)
[1, 4, 10, 23, 57, 132, 301, 701, 1654, 3958, 8904, 20701]...: 11348900: ACCEPTED IN 21 TRIES, (AVG 540423.8095238095)
[1, 4, 10, 23, 57, 132, 301, 701, 1654, 3958, 8904, 20705]...: 4313561: ACCEPTED IN 8 TRIES, (AVG 539195.125)
[1, 4, 10, 23, 57, 132, 301, 701, 1654, 3958, 8904, 20722]...: 9183448: ACCEPTED IN 17 TRIES, (AVG 540202.8235294118)
[1, 4, 10, 23, 57, 132, 301, 701, 1654, 3958, 8904, 20726]...: 8644042: ACCEPTED IN 16 TRIES, (AVG 540252.625)
[1, 4, 10, 23, 57, 132, 301, 701, 1654, 3958, 8904, 20730]...: 17302132: ACCEPTED IN 32 TRIES, (AVG 540691.625)
[1, 4, 10, 23, 57, 132, 301, 701, 1654, 3958, 8904, 20734]...: 3772948: ACCEPTED IN 7 TRIES, (AVG 538992.5714285715)
[1, 4, 10, 23, 57, 132, 301, 701, 1654, 3958, 8904, 20738]...: 7020072: ACCEPTED IN 13 TRIES, (AVG 540005.5384615385)
[1, 4, 10, 23, 57, 132, 301, 701, 1654, 3958, 8904, 20742]...: 10265673: ACCEPTED IN 19 TRIES, (AVG 540298.5789473684)
[1, 4, 10, 23, 57, 132, 301, 701, 1654, 3958, 8904, 20746]...: 7559928: ACCEPTED IN 14 TRIES, (AVG 539994.8571428572)
[1, 4, 10, 23, 57, 132, 301, 701, 1654, 3958, 8904, 20755]...: 10264059: ACCEPTED IN 19 TRIES, (AVG 540213.6315789474)
[1, 4, 10, 23, 57, 132, 301, 701, 1654, 3958, 8904, 20759]...: 9185230: ACCEPTED IN 17 TRIES, (AVG 540307.6470588235)
[1, 4, 10, 23, 57, 132, 301, 701, 1654, 3958, 8904, 20763]...: 9725808: ACCEPTED IN 18 TRIES, (AVG 540322.6666666666)
[1, 4, 10, 23, 57, 132, 301, 701, 1654, 3958, 8904, 20767]...: 20548832: ACCEPTED IN 38 TRIES, (AVG 540758.7368421053)
[1, 4, 10, 23, 57, 132, 301, 701, 1654, 3958, 8904, 20771]...: 12430962: ACCEPTED IN 23 TRIES, (AVG 540476.6086956522)
[1, 4, 10, 23, 57, 132, 301, 701, 1654, 3958, 8904, 20779]...: 8644292: ACCEPTED IN 16 TRIES, (AVG 540268.25)
[1, 4, 10, 23, 57, 132, 301, 701, 1654, 3958, 8904, 20783]...: 8100898: ACCEPTED IN 15 TRIES, (AVG 540059.8666666667)
[1, 4, 10, 23, 57, 132, 301, 701, 1654, 3958, 8904, 20792]...: 9725583: ACCEPTED IN 18 TRIES, (AVG 540310.1666666666)
[1, 4, 10, 23, 57, 132, 301, 701, 1654, 3958, 8904, 20796]...: 10807173: ACCEPTED IN 20 TRIES, (AVG 540358.65)
[1, 4, 10, 23, 57, 132, 301, 701, 1654, 3958, 8904, 20800]...: 16220073: ACCEPTED IN 30 TRIES, (AVG 540669.1)
[1, 4, 10, 23, 57, 132, 301, 701, 1654, 3958, 8904, 20808]...: 13513790: ACCEPTED IN 25 TRIES, (AVG 540551.6)
[1, 4, 10, 23, 57, 132, 301, 701, 1654, 3958, 8904, 20820]...: 9725009: ACCEPTED IN 18 TRIES, (AVG 540278.2777777778)
[1, 4, 10, 23, 57, 132, 301, 701, 1654, 3958, 8904, 20825]...: 7561647: ACCEPTED IN 14 TRIES, (AVG 540117.6428571428)
[1, 4, 10, 23, 57, 132, 301, 701, 1654, 3958, 8904, 20829]...: 10267706: ACCEPTED IN 19 TRIES, (AVG 540405.5789473684)
[1, 4, 10, 23, 57, 132, 301, 701, 1654, 3958, 8904, 20833]...: 15676839: ACCEPTED IN 29 TRIES, (AVG 540580.6551724138)
[1, 4, 10, 23, 57, 132, 301, 701, 1654, 3958, 8904, 20837]...: 9725930: ACCEPTED IN 18 TRIES, (AVG 540329.4444444445)
[1, 4, 10, 23, 57, 132, 301, 701, 1654, 3958, 8904, 20854]...: 11889883: ACCEPTED IN 22 TRIES, (AVG 540449.2272727273)
[1, 4, 10, 23, 57, 132, 301, 701, 1654, 3958, 8904, 20858]...: 17843526: ACCEPTED IN 33 TRIES, (AVG 540712.9090909091)
[1, 4, 10, 23, 57, 132, 301, 701, 1654, 3958, 8904, 20862]...: 10267098: ACCEPTED IN 19 TRIES, (AVG 540373.5789473684)
[1, 4, 10, 23, 57, 132, 301, 701, 1654, 3958, 8904, 20866]...: 10806681: ACCEPTED IN 20 TRIES, (AVG 540334.05)
[1, 4, 10, 23, 57, 132, 301, 701, 1654, 3958, 8904, 20870]...: 9726407: ACCEPTED IN 18 TRIES, (AVG 540355.9444444445)
[1, 4, 10, 23, 57, 132, 301, 701, 1654, 3958, 8904, 20874]...: 9184381: ACCEPTED IN 17 TRIES, (AVG 540257.7058823529)
[1, 4, 10, 23, 57, 132, 301, 701, 1654, 3958, 8904, 20878]...: 13514155: ACCEPTED IN 25 TRIES, (AVG 540566.2)
[1, 4, 10, 23, 57, 132, 301, 701, 1654, 3958, 8904, 20891]...: 7020674: ACCEPTED IN 13 TRIES, (AVG 540051.8461538461)
[1, 4, 10, 23, 57, 132, 301, 701, 1654, 3958, 8904, 20895]...: 10807353: ACCEPTED IN 20 TRIES, (AVG 540367.65)
[1, 4, 10, 23, 57, 132, 301, 701, 1654, 3958, 8904, 20899]...: 10266988: ACCEPTED IN 19 TRIES, (AVG 540367.7894736842)
[1, 4, 10, 23, 57, 132, 301, 701, 1654, 3958, 8904, 20903]...: 9184547: ACCEPTED IN 17 TRIES, (AVG 540267.4705882353)
[1, 4, 10, 23, 57, 132, 301, 701, 1654, 3958, 8904, 20907]...: 8103146: ACCEPTED IN 15 TRIES, (AVG 540209.7333333333)
[1, 4, 10, 23, 57, 132, 301, 701, 1654, 3958, 8904, 20911]...: 10267565: ACCEPTED IN 19 TRIES, (AVG 540398.1578947369)
[1, 4, 10, 23, 57, 132, 301, 701, 1654, 3958, 8904, 20915]...: 11888907: ACCEPTED IN 22 TRIES, (AVG 540404.8636363636)
[1, 4, 10, 23, 57, 132, 301, 701, 1654, 3958, 8904, 20924]...: 7018703: ACCEPTED IN 13 TRIES, (AVG 539900.2307692308)
[1, 4, 10, 23, 57, 132, 301, 701, 1654, 3958, 8904, 20928]...: 12973110: ACCEPTED IN 24 TRIES, (AVG 540546.25)
[1, 4, 10, 23, 57, 132, 301, 701, 1654, 3958, 8904, 20932]...: 10267395: ACCEPTED IN 19 TRIES, (AVG 540389.2105263158)
[1, 4, 10, 23, 57, 132, 301, 701, 1654, 3958, 8904, 20940]...: 4315220: ACCEPTED IN 8 TRIES, (AVG 539402.5)
[1, 4, 10, 23, 57, 132, 301, 701, 1654, 3958, 8904, 20952]...: 10267397: ACCEPTED IN 19 TRIES, (AVG 540389.3157894737)
[1, 4, 10, 23, 57, 132, 301, 701, 1654, 3958, 8904, 20957]...: 22172638: ACCEPTED IN 41 TRIES, (AVG 540796.0487804879)
[1, 4, 10, 23, 57, 132, 301, 701, 1654, 3958, 8904, 20961]...: 8102225: ACCEPTED IN 15 TRIES, (AVG 540148.3333333334)
[1, 4, 10, 23, 57, 132, 301, 701, 1654, 3958, 8904, 20965]...: 21090523: ACCEPTED IN 39 TRIES, (AVG 540782.641025641)
[1, 4, 10, 23, 57, 132, 301, 701, 1654, 3958, 8904, 20969]...: 21089314: ACCEPTED IN 39 TRIES, (AVG 540751.641025641)
[1, 4, 10, 23, 57, 132, 301, 701, 1654, 3958, 8904, 20990]...: 20007840: ACCEPTED IN 37 TRIES, (AVG 540752.4324324324)
[1, 4, 10, 23, 57, 132, 301, 701, 1654, 3958, 8904, 20994]...: 9184439: ACCEPTED IN 17 TRIES, (AVG 540261.1176470588)
[1, 4, 10, 23, 57, 132, 301, 701, 1654, 3958, 8904, 20998]...: 8101456: ACCEPTED IN 15 TRIES, (AVG 540097.0666666667)
[1, 4, 10, 23, 57, 132, 301, 701, 1654, 3958, 8904, 21002]...: 11349410: ACCEPTED IN 21 TRIES, (AVG 540448.0952380953)
[1, 4, 10, 23, 57, 132, 301, 701, 1654, 3958, 8904, 21006]...: 11889712: ACCEPTED IN 22 TRIES, (AVG 540441.4545454546)
[1, 4, 10, 23, 57, 132, 301, 701, 1654, 3958, 8904, 21023]...: 20548468: ACCEPTED IN 38 TRIES, (AVG 540749.1578947369)
[1, 4, 10, 23, 57, 132, 301, 701, 1654, 3958, 8904, 21027]...: 13513943: ACCEPTED IN 25 TRIES, (AVG 540557.72)
[1, 4, 10, 23, 57, 132, 301, 701, 1654, 3958, 8904, 21031]...: 13513941: ACCEPTED IN 25 TRIES, (AVG 540557.64)
[1, 4, 10, 23, 57, 132, 301, 701, 1654, 3958, 8904, 21035]...: 11348978: ACCEPTED IN 21 TRIES, (AVG 540427.5238095238)
[1, 4, 10, 23, 57, 132, 301, 701, 1654, 3958, 8904, 21039]...: 11889612: ACCEPTED IN 22 TRIES, (AVG 540436.9090909091)
[1, 4, 10, 23, 57, 132, 301, 701, 1654, 3958, 8904, 21043]...: 10808093: ACCEPTED IN 20 TRIES, (AVG 540404.65)
[1, 4, 10, 23, 57, 132, 301, 701, 1654, 3958, 8904, 21047]...: 11890815: ACCEPTED IN 22 TRIES, (AVG 540491.5909090909)
[1, 4, 10, 23, 57, 132, 301, 701, 1654, 3958, 8904, 21056]...: 8102690: ACCEPTED IN 15 TRIES, (AVG 540179.3333333334)
[1, 4, 10, 23, 57, 132, 301, 701, 1654, 3958, 8904, 21060]...: 8102766: ACCEPTED IN 15 TRIES, (AVG 540184.4)
[1, 4, 10, 23, 57, 132, 301, 701, 1654, 3958, 8904, 21064]...: 10265255: ACCEPTED IN 19 TRIES, (AVG 540276.5789473684)
[1, 4, 10, 23, 57, 132, 301, 701, 1654, 3958, 8904, 21072]...: 10267415: ACCEPTED IN 19 TRIES, (AVG 540390.2631578947)
[1, 4, 10, 23, 57, 132, 301, 701, 1654, 3958, 8904, 21084]...: 21088376: ACCEPTED IN 39 TRIES, (AVG 540727.5897435897)
[1, 4, 10, 23, 57, 132, 301, 701, 1654, 3958, 8904, 21093]...: 9184189: ACCEPTED IN 17 TRIES, (AVG 540246.4117647059)
[1, 4, 10, 23, 57, 132, 301, 701, 1654, 3958, 8904, 21097]...: 10808057: ACCEPTED IN 20 TRIES, (AVG 540402.85)
[1, 4, 10, 23, 57, 132, 301, 701, 1654, 3958, 8904, 21101]...: 9726610: ACCEPTED IN 18 TRIES, (AVG 540367.2222222222)
[1, 4, 10, 23, 57, 132, 301, 701, 1654, 3958, 8904, 21122]...: 11891010: ACCEPTED IN 22 TRIES, (AVG 540500.4545454546)
[1, 4, 10, 23, 57, 132, 301, 701, 1654, 3958, 8904, 21126]...: 10266303: ACCEPTED IN 19 TRIES, (AVG 540331.7368421053)
[1, 4, 10, 23, 57, 132, 301, 701, 1654, 3958, 8904, 21130]...: 6479088: ACCEPTED IN 12 TRIES, (AVG 539924.0)
[1, 4, 10, 23, 57, 132, 301, 701, 1654, 3958, 8904, 21134]...: 8643571: ACCEPTED IN 16 TRIES, (AVG 540223.1875)
[1, 4, 10, 23, 57, 132, 301, 701, 1654, 3958, 8904, 21138]...: 10266646: ACCEPTED IN 19 TRIES, (AVG 540349.7894736842)
[1, 4, 10, 23, 57, 132, 301, 701, 1654, 3958, 8904, 21155]...: 15678925: ACCEPTED IN 29 TRIES, (AVG 540652.5862068966)
[1, 4, 10, 23, 57, 132, 301, 701, 1654, 3958, 8904, 21159]...: 10266353: ACCEPTED IN 19 TRIES, (AVG 540334.3684210526)
[1, 4, 10, 23, 57, 132, 301, 701, 1654, 3958, 8904, 21163]...: 20546730: ACCEPTED IN 38 TRIES, (AVG 540703.4210526316)
[1, 4, 10, 23, 57, 132, 301, 701, 1654, 3958, 8904, 21167]...: 11349375: ACCEPTED IN 21 TRIES, (AVG 540446.4285714285)
[1, 4, 10, 23, 57, 132, 301, 701, 1654, 3958, 8904, 21171]...: 11888952: ACCEPTED IN 22 TRIES, (AVG 540406.9090909091)
[1, 4, 10, 23, 57, 132, 301, 701, 1654, 3958, 8904, 21175]...: 21089810: ACCEPTED IN 39 TRIES, (AVG 540764.358974359)
[1, 4, 10, 23, 57, 132, 301, 701, 1654, 3958, 8904, 21179]...: 18925187: ACCEPTED IN 35 TRIES, (AVG 540719.6285714286)
[1, 4, 10, 23, 57, 132, 301, 701, 1654, 3958, 8904, 21192]...: 10265204: ACCEPTED IN 19 TRIES, (AVG 540273.8947368421)
[1, 4, 10, 23, 57, 132, 301, 701, 1654, 3958, 8904, 21196]...: 8102181: ACCEPTED IN 15 TRIES, (AVG 540145.4)
[1, 4, 10, 23, 57, 132, 301, 701, 1654, 3958, 8904, 21204]...: 9726590: ACCEPTED IN 18 TRIES, (AVG 540366.1111111111)
[1, 4, 10, 23, 57, 132, 301, 701, 1654, 3958, 8904, 21208]...: 9185181: ACCEPTED IN 17 TRIES, (AVG 540304.7647058824)
[1, 4, 10, 23, 57, 132, 301, 701, 1654, 3958, 8904, 21216]...: 7562005: ACCEPTED IN 14 TRIES, (AVG 540143.2142857143)
[1, 4, 10, 23, 57, 132, 301, 701, 1654, 3958, 8904, 21225]...: 20005976: ACCEPTED IN 37 TRIES, (AVG 540702.0540540541)
[1, 4, 10, 23, 57, 132, 301, 701, 1654, 3958, 8904, 21229]...: 9183517: ACCEPTED IN 17 TRIES, (AVG 540206.8823529412)
[1, 4, 10, 23, 57, 132, 301, 701, 1654, 3958, 8904, 21233]...: 10267657: ACCEPTED IN 19 TRIES, (AVG 540403.0)
[1, 4, 10, 23, 57, 132, 301, 701, 1654, 3958, 8904, 21254]...: 10267533: ACCEPTED IN 19 TRIES, (AVG 540396.4736842106)
[1, 4, 10, 23, 57, 132, 301, 701, 1654, 3958, 8904, 21258]...: 8102348: ACCEPTED IN 15 TRIES, (AVG 540156.5333333333)
[1, 4, 10, 23, 57, 132, 301, 701, 1654, 3958, 8904, 21262]...: 16219735: ACCEPTED IN 30 TRIES, (AVG 540657.8333333334)
[1, 4, 10, 23, 57, 132, 301, 701, 1654, 3958, 8904, 21266]...: 4310857: ACCEPTED IN 8 TRIES, (AVG 538857.125)
[1, 4, 10, 23, 57, 132, 301, 701, 1654, 3958, 8904, 21270]...: 20006360: ACCEPTED IN 37 TRIES, (AVG 540712.4324324324)
[1, 4, 10, 23, 57, 132, 301, 701, 1654, 3958, 8904, 21291]...: 5397565: ACCEPTED IN 10 TRIES, (AVG 539756.5)
[1, 4, 10, 23, 57, 132, 301, 701, 1654, 3958, 8904, 21295]...: 4314690: ACCEPTED IN 8 TRIES, (AVG 539336.25)
[1, 4, 10, 23, 57, 132, 301, 701, 1654, 3958, 8904, 21299]...: 8641417: ACCEPTED IN 16 TRIES, (AVG 540088.5625)
[1, 4, 10, 23, 57, 132, 301, 701, 1654, 3958, 8904, 21303]...: 21631658: ACCEPTED IN 40 TRIES, (AVG 540791.45)
[1, 4, 10, 23, 57, 132, 301, 701, 1654, 3958, 8904, 21307]...: 9183851: ACCEPTED IN 17 TRIES, (AVG 540226.5294117647)
[1, 4, 10, 23, 57, 132, 301, 701, 1654, 3958, 8904, 21324]...: 4314883: ACCEPTED IN 8 TRIES, (AVG 539360.375)
[1, 4, 10, 23, 57, 132, 301, 701, 1654, 3958, 8904, 21328]...: 7020215: ACCEPTED IN 13 TRIES, (AVG 540016.5384615385)
[1, 4, 10, 23, 57, 132, 301, 701, 1654, 3958, 8904, 21336]...: 8102207: ACCEPTED IN 15 TRIES, (AVG 540147.1333333333)
[1, 4, 10, 23, 57, 132, 301, 701, 1654, 3958, 8904, 21340]...: 5937262: ACCEPTED IN 11 TRIES, (AVG 539751.0909090909)
[1, 4, 10, 23, 57, 132, 301, 701, 1654, 3958, 8904, 21348]...: 11890911: ACCEPTED IN 22 TRIES, (AVG 540495.9545454546)
[1, 4, 10, 23, 57, 132, 301, 701, 1654, 3958, 8904, 21357]...: 10267366: ACCEPTED IN 19 TRIES, (AVG 540387.6842105263)
[1, 4, 10, 23, 57, 132, 301, 701, 1654, 3958, 8904, 21361]...: 10267691: ACCEPTED IN 19 TRIES, (AVG 540404.7894736842)
[1, 4, 10, 23, 57, 132, 301, 701, 1654, 3958, 8904, 21365]...: 8102743: ACCEPTED IN 15 TRIES, (AVG 540182.8666666667)
