[1, 4, 10, 23, 57, 132, 301, 701, 1654, 3958, 8713, 19180]...: 17843571: ACCEPTED IN 33 TRIES, (AVG 540714.2727272727)
[1, 4, 10, 23, 57, 132, 301, 701, 1654, 3958, 8713, 19190]...: 62216215: ACCEPTED IN 115 TRIES, (AVG 541010.5652173914)
[1, 4, 10, 23, 57, 132, 301, 701, 1654, 3958, 8713, 19227]...: 160161767: ACCEPTED IN 296 TRIES, (AVG 541087.0506756756)
[1, 4, 10, 23, 57, 132, 301, 701, 1654, 3958, 8713, 19244]...: 13512035: ACCEPTED IN 25 TRIES, (AVG 540481.4)
[1, 4, 10, 23, 57, 132, 301, 701, 1654, 3958, 8713, 19285]...: 11349296: ACCEPTED IN 21 TRIES, (AVG 540442.6666666666)
[1, 4, 10, 23, 57, 132, 301, 701, 1654, 3958, 8713, 19318]...: 14055472: ACCEPTED IN 26 TRIES, (AVG 540595.0769230769)
[1, 4, 10, 23, 57, 132, 301, 701, 1654, 3958, 8713, 19322]...: 37863375: ACCEPTED IN 70 TRIES, (AVG 540905.3571428572)
[1, 4, 10, 23, 57, 132, 301, 701, 1654, 3958, 8713, 19359]...: 46523452: ACCEPTED IN 86 TRIES, (AVG 540970.3720930233)
[1, 4, 10, 23, 57, 132, 301, 701, 1654, 3958, 8713, 19376]...: 14054197: ACCEPTED IN 26 TRIES, (AVG 540546.0384615385)
[1, 4, 10, 23, 57, 132, 301, 701, 1654, 3958, 8713, 19413]...: 18384542: ACCEPTED IN 34 TRIES, (AVG 540721.8235294118)
[1, 4, 10, 23, 57, 132, 301, 701, 1654, 3958, 8713, 19450]...: 36783402: ACCEPTED IN 68 TRIES, (AVG 540932.3823529412)
[1, 4, 10, 23, 57, 132, 301, 701, 1654, 3958, 8713, 19454]...: 20549332: ACCEPTED IN 38 TRIES, (AVG 540771.8947368421)
[1, 4, 10, 23, 57, 132, 301, 701, 1654, 3958, 8713, 19491]...: 13513541: ACCEPTED IN 25 TRIES, (AVG 540541.64)
[1, 4, 10, 23, 57, 132, 301, 701, 1654, 3958, 8713, 19508]...: 23252690: ACCEPTED IN 43 TRIES, (AVG 540760.2325581395)
[1, 4, 10, 23, 57, 132, 301, 701, 1654, 3958, 8713, 19545]...: 14055622: ACCEPTED IN 26 TRIES, (AVG 540600.8461538461)
[1, 4, 10, 23, 57, 132, 301, 701, 1654, 3958, 8713, 19582]...: 53557757: ACCEPTED IN 99 TRIES, (AVG 540987.4444444445)
[1, 4, 10, 23, 57, 132, 301, 701, 1654, 3958, 8713, 19586]...: 36782121: ACCEPTED IN 68 TRIES, (AVG 540913.5441176471)
[1, 4, 10, 23, 57, 132, 301, 701, 1654, 3958, 8713, 19623]...: 30829889: ACCEPTED IN 57 TRIES, (AVG 540875.245614035)
[1, 4, 10, 23, 57, 132, 301, 701, 1654, 3958, 8713, 19640]...: 17302493: ACCEPTED IN 32 TRIES, (AVG 540702.90625)
[1, 4, 10, 23, 57, 132, 301, 701, 1654, 3958, 8713, 19677]...: 24878384: ACCEPTED IN 46 TRIES, (AVG 540834.4347826086)
[1, 4, 10, 23, 57, 132, 301, 701, 1654, 3958, 8713, 19714]...: 17843317: ACCEPTED IN 33 TRIES, (AVG 540706.5757575758)
[1, 4, 10, 23, 57, 132, 301, 701, 1654, 3958, 8713, 19755]...: 15137944: ACCEPTED IN 28 TRIES, (AVG 540640.8571428572)
[1, 4, 10, 23, 57, 132, 301, 701, 1654, 3958, 8713, 19809]...: 10266340: ACCEPTED IN 19 TRIES, (AVG 540333.6842105263)
[1, 4, 10, 23, 57, 132, 301, 701, 1654, 3958, 8713, 19846]...: 12973192: ACCEPTED IN 24 TRIES, (AVG 540549.6666666666)
[1, 4, 10, 23, 57, 132, 301, 701, 1654, 3958, 8713, 19887]...: 13511881: ACCEPTED IN 25 TRIES, (AVG 540475.24)
[1, 4, 10, 23, 57, 132, 301, 701, 1654, 3958, 8713, 19941]...: 11349954: ACCEPTED IN 21 TRIES, (AVG 540474.0)
[1, 4, 10, 23, 57, 132, 301, 701, 1654, 3958, 8713, 19978]...: 9725718: ACCEPTED IN 18 TRIES, (AVG 540317.6666666666)
[1, 4, 10, 23, 57, 132, 301, 701, 1654, 3958, 8713, 20015]...: 15677760: ACCEPTED IN 29 TRIES, (AVG 540612.4137931034)
[1, 4, 10, 23, 57, 132, 301, 701, 1654, 3958, 8713, 20110]...: 11890928: ACCEPTED IN 22 TRIES, (AVG 540496.7272727273)
[1, 4, 10, 23, 57, 132, 301, 701, 1654, 3958, 8713, 20147]...: 11890477: ACCEPTED IN 22 TRIES, (AVG 540476.2272727273)
[1, 4, 10, 23, 57, 132, 301, 701, 1654, 3958, 8713, 20242]...: 12431401: ACCEPTED IN 23 TRIES, (AVG 540495.695652174)
[1, 4, 10, 23, 57, 132, 301, 701, 1654, 3958, 8713, 20279]...: 12431432: ACCEPTED IN 23 TRIES, (AVG 540497.0434782609)
[1, 4, 10, 23, 57, 132, 301, 701, 1654, 3958, 8713, 20316]...: 12972160: ACCEPTED IN 24 TRIES, (AVG 540506.6666666666)
[1, 4, 10, 23, 57, 132, 301, 701, 1654, 3958, 8713, 20370]...: 15678005: ACCEPTED IN 29 TRIES, (AVG 540620.8620689656)
[1, 4, 10, 23, 57, 132, 301, 701, 1654, 3958, 8713, 20411]...: 12970748: ACCEPTED IN 24 TRIES, (AVG 540447.8333333334)
[1, 4, 10, 23, 57, 132, 301, 701, 1654, 3958, 8713, 20448]...: 14055590: ACCEPTED IN 26 TRIES, (AVG 540599.6153846154)
[1, 4, 10, 23, 57, 132, 301, 701, 1654, 3958, 8713, 20502]...: 15137338: ACCEPTED IN 28 TRIES, (AVG 540619.2142857143)
[1, 4, 10, 23, 57, 132, 301, 701, 1654, 3958, 8713, 20543]...: 10265381: ACCEPTED IN 19 TRIES, (AVG 540283.2105263158)
[1, 4, 10, 23, 57, 132, 301, 701, 1654, 3958, 8713, 20580]...: 12973296: ACCEPTED IN 24 TRIES, (AVG 540554.0)
[1, 4, 10, 23, 57, 132, 301, 701, 1654, 3958, 8713, 20617]...: 8102684: ACCEPTED IN 15 TRIES, (AVG 540178.9333333333)
[1, 4, 10, 23, 57, 132, 301, 701, 1654, 3958, 8713, 20634]...: 15677304: ACCEPTED IN 29 TRIES, (AVG 540596.6896551724)
[1, 4, 10, 23, 57, 132, 301, 701, 1654, 3958, 8713, 20671]...: 10807943: ACCEPTED IN 20 TRIES, (AVG 540397.15)
[1, 4, 10, 23, 57, 132, 301, 701, 1654, 3958, 8713, 20675]...: 8101469: ACCEPTED IN 15 TRIES, (AVG 540097.9333333333)
[1, 4, 10, 23, 57, 132, 301, 701, 1654, 3958, 8713, 20712]...: 16761181: ACCEPTED IN 31 TRIES, (AVG 540683.2580645161)
[1, 4, 10, 23, 57, 132, 301, 701, 1654, 3958, 8713, 20749]...: 12431883: ACCEPTED IN 23 TRIES, (AVG 540516.6521739131)
[1, 4, 10, 23, 57, 132, 301, 701, 1654, 3958, 8713, 20766]...: 14055721: ACCEPTED IN 26 TRIES, (AVG 540604.6538461539)
[1, 4, 10, 23, 57, 132, 301, 701, 1654, 3958, 8713, 20803]...: 11349915: ACCEPTED IN 21 TRIES, (AVG 540472.1428571428)
[1, 4, 10, 23, 57, 132, 301, 701, 1654, 3958, 8713, 20807]...: 14053587: ACCEPTED IN 26 TRIES, (AVG 540522.5769230769)
[1, 4, 10, 23, 57, 132, 301, 701, 1654, 3958, 8713, 20844]...: 16219490: ACCEPTED IN 30 TRIES, (AVG 540649.6666666666)
[1, 4, 10, 23, 57, 132, 301, 701, 1654, 3958, 8713, 20881]...: 24875674: ACCEPTED IN 46 TRIES, (AVG 540775.5217391305)
[1, 4, 10, 23, 57, 132, 301, 701, 1654, 3958, 8713, 20898]...: 14053809: ACCEPTED IN 26 TRIES, (AVG 540531.1153846154)
