[1, 4, 10, 23, 57, 132, 301, 701, 1636, 3719, 8298, 18377]...: 18384783: ACCEPTED IN 34 TRIES, (AVG 540728.9117647059)
[1, 4, 10, 23, 57, 132, 301, 701, 1636, 3719, 8298, 18414]...: 43275440: ACCEPTED IN 80 TRIES, (AVG 540943.0)
[1, 4, 10, 23, 57, 132, 301, 701, 1636, 3719, 8298, 18509]...: 228345487: ACCEPTED IN 422 TRIES, (AVG 541103.0497630332)
[1, 4, 10, 23, 57, 132, 301, 701, 1636, 3719, 8298, 18608]...: 102801148: ACCEPTED IN 190 TRIES, (AVG 541058.6736842105)
[1, 4, 10, 23, 57, 132, 301, 701, 1636, 3719, 8298, 18678]...: 22713618: ACCEPTED IN 42 TRIES, (AVG 540800.4285714285)
[1, 4, 10, 23, 57, 132, 301, 701, 1636, 3719, 8298, 18810]...: 42733410: ACCEPTED IN 79 TRIES, (AVG 540929.2405063291)
[1, 4, 10, 23, 57, 132, 301, 701, 1636, 3719, 8298, 18909]...: 43817176: ACCEPTED IN 81 TRIES, (AVG 540952.7901234567)
[1, 4, 10, 23, 57, 132, 301, 701, 1636, 3719, 8298, 18941]...: 28125262: ACCEPTED IN 52 TRIES, (AVG 540870.4230769231)
[1, 4, 10, 23, 57, 132, 301, 701, 1636, 3719, 8298, 19210]...: 24336406: ACCEPTED IN 45 TRIES, (AVG 540809.0222222222)
[1, 4, 10, 23, 57, 132, 301, 701, 1636, 3719, 8298, 19277]...: 19465126: ACCEPTED IN 36 TRIES, (AVG 540697.9444444445)
[1, 4, 10, 23, 57, 132, 301, 701, 1636, 3719, 8298, 19309]...: 23254833: ACCEPTED IN 43 TRIES, (AVG 540810.0697674418)
[1, 4, 10, 23, 57, 132, 301, 701, 1636, 3719, 8298, 19409]...: 7019764: ACCEPTED IN 13 TRIES, (AVG 539981.8461538461)
[1, 4, 10, 23, 57, 132, 301, 701, 1636, 3719, 8298, 19511]...: 10267299: ACCEPTED IN 19 TRIES, (AVG 540384.1578947369)
[1, 4, 10, 23, 57, 132, 301, 701, 1636, 3719, 8298, 19610]...: 9184726: ACCEPTED IN 17 TRIES, (AVG 540278.0)
[1, 4, 10, 23, 57, 132, 301, 701, 1636, 3719, 8298, 19642]...: 9183286: ACCEPTED IN 17 TRIES, (AVG 540193.2941176471)
[1, 4, 10, 23, 57, 132, 301, 701, 1636, 3719, 8298, 19876]...: 15135786: ACCEPTED IN 28 TRIES, (AVG 540563.7857142857)
[1, 4, 10, 23, 57, 132, 301, 701, 1636, 3719, 8298, 19911]...: 7562074: ACCEPTED IN 14 TRIES, (AVG 540148.1428571428)
