[1, 4, 10, 23, 57, 132, 301, 701, 1636, 3822, 8798, 19474]...: 1076948: ACCEPTED IN 2 TRIES, (AVG 538474.0)
[1, 4, 10, 23, 57, 132, 301, 701, 1636, 3822, 8798, 19541]...: 1615795: ACCEPTED IN 3 TRIES, (AVG 538598.3333333334)
[1, 4, 10, 23, 57, 132, 301, 701, 1636, 3822, 8798, 19624]...: 1077036: ACCEPTED IN 2 TRIES, (AVG 538518.0)
[1, 4, 10, 23, 57, 132, 301, 701, 1636, 3822, 8798, 19858]...: 1616261: ACCEPTED IN 3 TRIES, (AVG 538753.6666666666)
[1, 4, 10, 23, 57, 132, 301, 701, 1636, 3822, 8798, 19941]...: 2155809: ACCEPTED IN 4 TRIES, (AVG 538952.25)
[1, 4, 10, 23, 57, 132, 301, 701, 1636, 3822, 8798, 20076]...: 2156047: ACCEPTED IN 4 TRIES, (AVG 539011.75)
[1, 4, 10, 23, 57, 132, 301, 701, 1636, 3822, 8798, 20092]...: 2695774: ACCEPTED IN 5 TRIES, (AVG 539154.8)
[1, 4, 10, 23, 57, 132, 301, 701, 1636, 3822, 8798, 20159]...: 2695867: ACCEPTED IN 5 TRIES, (AVG 539173.4)
[1, 4, 10, 23, 57, 132, 301, 701, 1636, 3822, 8798, 20175]...: 537517: ACCEPTED IN 1 TRIES, (AVG 537517.0)
[1, 4, 10, 23, 57, 132, 301, 701, 1636, 3822, 8798, 20242]...: 1076345: ACCEPTED IN 2 TRIES, (AVG 538172.5)
[1, 4, 10, 23, 57, 132, 301, 701, 1636, 3822, 8798, 20309]...: 2155808: ACCEPTED IN 4 TRIES, (AVG 538952.0)
[1, 4, 10, 23, 57, 132, 301, 701, 1636, 3822, 8798, 20393]...: 2154814: ACCEPTED IN 4 TRIES, (AVG 538703.5)
[1, 4, 10, 23, 57, 132, 301, 701, 1636, 3822, 8798, 20626]...: 1076651: ACCEPTED IN 2 TRIES, (AVG 538325.5)
[1, 4, 10, 23, 57, 132, 301, 701, 1636, 3822, 8798, 20777]...: 2155387: ACCEPTED IN 4 TRIES, (AVG 538846.75)
[1, 4, 10, 23, 57, 132, 301, 701, 1636, 3822, 8798, 20860]...: 7012295: ACCEPTED IN 13 TRIES, (AVG 539407.3076923077)
[1, 4, 10, 23, 57, 132, 301, 701, 1636, 3822, 8798, 21094]...: 1615644: ACCEPTED IN 3 TRIES, (AVG 538548.0)
