[1, 4, 10, 23, 57, 132, 301, 701, 1654, 3879, 8747, 19249]...: 14596057: ACCEPTED IN 27 TRIES, (AVG 540594.7037037037)
[1, 4, 10, 23, 57, 132, 301, 701, 1654, 3879, 8747, 19253]...: 22713623: ACCEPTED IN 42 TRIES, (AVG 540800.5476190476)
[1, 4, 10, 23, 57, 132, 301, 701, 1654, 3879, 8747, 19257]...: 7560946: ACCEPTED IN 14 TRIES, (AVG 540067.5714285715)
[1, 4, 10, 23, 57, 132, 301, 701, 1654, 3879, 8747, 19261]...: 6479631: ACCEPTED IN 12 TRIES, (AVG 539969.25)
[1, 4, 10, 23, 57, 132, 301, 701, 1654, 3879, 8747, 19265]...: 17301127: ACCEPTED IN 32 TRIES, (AVG 540660.21875)
[1, 4, 10, 23, 57, 132, 301, 701, 1654, 3879, 8747, 19282]...: 7560953: ACCEPTED IN 14 TRIES, (AVG 540068.0714285715)
[1, 4, 10, 23, 57, 132, 301, 701, 1654, 3879, 8747, 19286]...: 13514507: ACCEPTED IN 25 TRIES, (AVG 540580.28)
[1, 4, 10, 23, 57, 132, 301, 701, 1654, 3879, 8747, 19290]...: 9724825: ACCEPTED IN 18 TRIES, (AVG 540268.0555555555)
[1, 4, 10, 23, 57, 132, 301, 701, 1654, 3879, 8747, 19294]...: 38406775: ACCEPTED IN 71 TRIES, (AVG 540940.4929577465)
[1, 4, 10, 23, 57, 132, 301, 701, 1654, 3879, 8747, 19298]...: 38406378: ACCEPTED IN 71 TRIES, (AVG 540934.9014084507)
[1, 4, 10, 23, 57, 132, 301, 701, 1654, 3879, 8747, 19302]...: 15677829: ACCEPTED IN 29 TRIES, (AVG 540614.7931034482)
[1, 4, 10, 23, 57, 132, 301, 701, 1654, 3879, 8747, 19319]...: 78992011: ACCEPTED IN 146 TRIES, (AVG 541041.1712328767)
[1, 4, 10, 23, 57, 132, 301, 701, 1654, 3879, 8747, 19323]...: 6479663: ACCEPTED IN 12 TRIES, (AVG 539971.9166666666)
[1, 4, 10, 23, 57, 132, 301, 701, 1654, 3879, 8747, 19327]...: 13514501: ACCEPTED IN 25 TRIES, (AVG 540580.04)
[1, 4, 10, 23, 57, 132, 301, 701, 1654, 3879, 8747, 19331]...: 12432032: ACCEPTED IN 23 TRIES, (AVG 540523.1304347826)
[1, 4, 10, 23, 57, 132, 301, 701, 1654, 3879, 8747, 19335]...: 8103165: ACCEPTED IN 15 TRIES, (AVG 540211.0)
[1, 4, 10, 23, 57, 132, 301, 701, 1654, 3879, 8747, 19339]...: 16219905: ACCEPTED IN 30 TRIES, (AVG 540663.5)
[1, 4, 10, 23, 57, 132, 301, 701, 1654, 3879, 8747, 19352]...: 15678485: ACCEPTED IN 29 TRIES, (AVG 540637.4137931034)
[1, 4, 10, 23, 57, 132, 301, 701, 1654, 3879, 8747, 19356]...: 23796109: ACCEPTED IN 44 TRIES, (AVG 540820.6590909091)
[1, 4, 10, 23, 57, 132, 301, 701, 1654, 3879, 8747, 19360]...: 3772351: ACCEPTED IN 7 TRIES, (AVG 538907.2857142857)
[1, 4, 10, 23, 57, 132, 301, 701, 1654, 3879, 8747, 19368]...: 20547704: ACCEPTED IN 38 TRIES, (AVG 540729.052631579)
[1, 4, 10, 23, 57, 132, 301, 701, 1654, 3879, 8747, 19372]...: 18384469: ACCEPTED IN 34 TRIES, (AVG 540719.6764705882)
[1, 4, 10, 23, 57, 132, 301, 701, 1654, 3879, 8747, 19381]...: 27042444: ACCEPTED IN 50 TRIES, (AVG 540848.88)
[1, 4, 10, 23, 57, 132, 301, 701, 1654, 3879, 8747, 19385]...: 22713439: ACCEPTED IN 42 TRIES, (AVG 540796.1666666666)
[1, 4, 10, 23, 57, 132, 301, 701, 1654, 3879, 8747, 19389]...: 12972717: ACCEPTED IN 24 TRIES, (AVG 540529.875)
[1, 4, 10, 23, 57, 132, 301, 701, 1654, 3879, 8747, 19393]...: 11347912: ACCEPTED IN 21 TRIES, (AVG 540376.7619047619)
[1, 4, 10, 23, 57, 132, 301, 701, 1654, 3879, 8747, 19397]...: 22713242: ACCEPTED IN 42 TRIES, (AVG 540791.4761904762)
[1, 4, 10, 23, 57, 132, 301, 701, 1654, 3879, 8747, 19418]...: 26501444: ACCEPTED IN 49 TRIES, (AVG 540845.7959183673)
[1, 4, 10, 23, 57, 132, 301, 701, 1654, 3879, 8747, 19422]...: 32454241: ACCEPTED IN 60 TRIES, (AVG 540904.0166666667)
[1, 4, 10, 23, 57, 132, 301, 701, 1654, 3879, 8747, 19426]...: 8102461: ACCEPTED IN 15 TRIES, (AVG 540164.0666666667)
[1, 4, 10, 23, 57, 132, 301, 701, 1654, 3879, 8747, 19430]...: 8102536: ACCEPTED IN 15 TRIES, (AVG 540169.0666666667)
[1, 4, 10, 23, 57, 132, 301, 701, 1654, 3879, 8747, 19434]...: 8644271: ACCEPTED IN 16 TRIES, (AVG 540266.9375)
[1, 4, 10, 23, 57, 132, 301, 701, 1654, 3879, 8747, 19451]...: 15137267: ACCEPTED IN 28 TRIES, (AVG 540616.6785714285)
[1, 4, 10, 23, 57, 132, 301, 701, 1654, 3879, 8747, 19455]...: 9726639: ACCEPTED IN 18 TRIES, (AVG 540368.8333333334)
[1, 4, 10, 23, 57, 132, 301, 701, 1654, 3879, 8747, 19459]...: 7561243: ACCEPTED IN 14 TRIES, (AVG 540088.7857142857)
[1, 4, 10, 23, 57, 132, 301, 701, 1654, 3879, 8747, 19463]...: 16218910: ACCEPTED IN 30 TRIES, (AVG 540630.3333333334)
[1, 4, 10, 23, 57, 132, 301, 701, 1654, 3879, 8747, 19467]...: 16218990: ACCEPTED IN 30 TRIES, (AVG 540633.0)
[1, 4, 10, 23, 57, 132, 301, 701, 1654, 3879, 8747, 19471]...: 13512821: ACCEPTED IN 25 TRIES, (AVG 540512.84)
[1, 4, 10, 23, 57, 132, 301, 701, 1654, 3879, 8747, 19484]...: 14596179: ACCEPTED IN 27 TRIES, (AVG 540599.2222222222)
[1, 4, 10, 23, 57, 132, 301, 701, 1654, 3879, 8747, 19488]...: 21089938: ACCEPTED IN 39 TRIES, (AVG 540767.641025641)
[1, 4, 10, 23, 57, 132, 301, 701, 1654, 3879, 8747, 19492]...: 12969907: ACCEPTED IN 24 TRIES, (AVG 540412.7916666666)
[1, 4, 10, 23, 57, 132, 301, 701, 1654, 3879, 8747, 19500]...: 35159125: ACCEPTED IN 65 TRIES, (AVG 540909.6153846154)
[1, 4, 10, 23, 57, 132, 301, 701, 1654, 3879, 8747, 19504]...: 13514098: ACCEPTED IN 25 TRIES, (AVG 540563.92)
[1, 4, 10, 23, 57, 132, 301, 701, 1654, 3879, 8747, 19512]...: 11890976: ACCEPTED IN 22 TRIES, (AVG 540498.9090909091)
[1, 4, 10, 23, 57, 132, 301, 701, 1654, 3879, 8747, 19521]...: 9185476: ACCEPTED IN 17 TRIES, (AVG 540322.1176470588)
[1, 4, 10, 23, 57, 132, 301, 701, 1654, 3879, 8747, 19525]...: 15678558: ACCEPTED IN 29 TRIES, (AVG 540639.9310344828)
[1, 4, 10, 23, 57, 132, 301, 701, 1654, 3879, 8747, 19529]...: 13513150: ACCEPTED IN 25 TRIES, (AVG 540526.0)
[1, 4, 10, 23, 57, 132, 301, 701, 1654, 3879, 8747, 19541]...: 8644114: ACCEPTED IN 16 TRIES, (AVG 540257.125)
[1, 4, 10, 23, 57, 132, 301, 701, 1654, 3879, 8747, 19550]...: 7019908: ACCEPTED IN 13 TRIES, (AVG 539992.9230769231)
[1, 4, 10, 23, 57, 132, 301, 701, 1654, 3879, 8747, 19554]...: 34618534: ACCEPTED IN 64 TRIES, (AVG 540914.59375)
[1, 4, 10, 23, 57, 132, 301, 701, 1654, 3879, 8747, 19558]...: 18383798: ACCEPTED IN 34 TRIES, (AVG 540699.9411764706)
[1, 4, 10, 23, 57, 132, 301, 701, 1654, 3879, 8747, 19562]...: 8641713: ACCEPTED IN 16 TRIES, (AVG 540107.0625)
[1, 4, 10, 23, 57, 132, 301, 701, 1654, 3879, 8747, 19566]...: 48684423: ACCEPTED IN 90 TRIES, (AVG 540938.0333333333)
[1, 4, 10, 23, 57, 132, 301, 701, 1654, 3879, 8747, 19583]...: 10267799: ACCEPTED IN 19 TRIES, (AVG 540410.4736842106)
[1, 4, 10, 23, 57, 132, 301, 701, 1654, 3879, 8747, 19587]...: 12972332: ACCEPTED IN 24 TRIES, (AVG 540513.8333333334)
[1, 4, 10, 23, 57, 132, 301, 701, 1654, 3879, 8747, 19591]...: 5397117: ACCEPTED IN 10 TRIES, (AVG 539711.7)
[1, 4, 10, 23, 57, 132, 301, 701, 1654, 3879, 8747, 19595]...: 19466362: ACCEPTED IN 36 TRIES, (AVG 540732.2777777778)
[1, 4, 10, 23, 57, 132, 301, 701, 1654, 3879, 8747, 19599]...: 29747497: ACCEPTED IN 55 TRIES, (AVG 540863.5818181818)
[1, 4, 10, 23, 57, 132, 301, 701, 1654, 3879, 8747, 19603]...: 4856377: ACCEPTED IN 9 TRIES, (AVG 539597.4444444445)
[1, 4, 10, 23, 57, 132, 301, 701, 1654, 3879, 8747, 19620]...: 8102555: ACCEPTED IN 15 TRIES, (AVG 540170.3333333334)
[1, 4, 10, 23, 57, 132, 301, 701, 1654, 3879, 8747, 19624]...: 11890750: ACCEPTED IN 22 TRIES, (AVG 540488.6363636364)
[1, 4, 10, 23, 57, 132, 301, 701, 1654, 3879, 8747, 19632]...: 13514602: ACCEPTED IN 25 TRIES, (AVG 540584.08)
[1, 4, 10, 23, 57, 132, 301, 701, 1654, 3879, 8747, 19636]...: 14055478: ACCEPTED IN 26 TRIES, (AVG 540595.3076923077)
[1, 4, 10, 23, 57, 132, 301, 701, 1654, 3879, 8747, 19640]...: 7560320: ACCEPTED IN 14 TRIES, (AVG 540022.8571428572)
[1, 4, 10, 23, 57, 132, 301, 701, 1654, 3879, 8747, 19653]...: 19466535: ACCEPTED IN 36 TRIES, (AVG 540737.0833333334)
[1, 4, 10, 23, 57, 132, 301, 701, 1654, 3879, 8747, 19657]...: 10808354: ACCEPTED IN 20 TRIES, (AVG 540417.7)
[1, 4, 10, 23, 57, 132, 301, 701, 1654, 3879, 8747, 19661]...: 14596205: ACCEPTED IN 27 TRIES, (AVG 540600.1851851852)
[1, 4, 10, 23, 57, 132, 301, 701, 1654, 3879, 8747, 19673]...: 14595370: ACCEPTED IN 27 TRIES, (AVG 540569.2592592592)
[1, 4, 10, 23, 57, 132, 301, 701, 1654, 3879, 8747, 19682]...: 11890861: ACCEPTED IN 22 TRIES, (AVG 540493.6818181818)
[1, 4, 10, 23, 57, 132, 301, 701, 1654, 3879, 8747, 19686]...: 16219657: ACCEPTED IN 30 TRIES, (AVG 540655.2333333333)
[1, 4, 10, 23, 57, 132, 301, 701, 1654, 3879, 8747, 19690]...: 13512672: ACCEPTED IN 25 TRIES, (AVG 540506.88)
[1, 4, 10, 23, 57, 132, 301, 701, 1654, 3879, 8747, 19694]...: 9183313: ACCEPTED IN 17 TRIES, (AVG 540194.8823529412)
[1, 4, 10, 23, 57, 132, 301, 701, 1654, 3879, 8747, 19698]...: 5397379: ACCEPTED IN 10 TRIES, (AVG 539737.9)
[1, 4, 10, 23, 57, 132, 301, 701, 1654, 3879, 8747, 19723]...: 18384309: ACCEPTED IN 34 TRIES, (AVG 540714.9705882353)
[1, 4, 10, 23, 57, 132, 301, 701, 1654, 3879, 8747, 19727]...: 10266537: ACCEPTED IN 19 TRIES, (AVG 540344.052631579)
[1, 4, 10, 23, 57, 132, 301, 701, 1654, 3879, 8747, 19731]...: 9184444: ACCEPTED IN 17 TRIES, (AVG 540261.4117647059)
[1, 4, 10, 23, 57, 132, 301, 701, 1654, 3879, 8747, 19735]...: 13514144: ACCEPTED IN 25 TRIES, (AVG 540565.76)
[1, 4, 10, 23, 57, 132, 301, 701, 1654, 3879, 8747, 19752]...: 16761162: ACCEPTED IN 31 TRIES, (AVG 540682.6451612903)
[1, 4, 10, 23, 57, 132, 301, 701, 1654, 3879, 8747, 19756]...: 19464443: ACCEPTED IN 36 TRIES, (AVG 540678.9722222222)
[1, 4, 10, 23, 57, 132, 301, 701, 1654, 3879, 8747, 19764]...: 14055423: ACCEPTED IN 26 TRIES, (AVG 540593.1923076923)
[1, 4, 10, 23, 57, 132, 301, 701, 1654, 3879, 8747, 19768]...: 12970812: ACCEPTED IN 24 TRIES, (AVG 540450.5)
[1, 4, 10, 23, 57, 132, 301, 701, 1654, 3879, 8747, 19772]...: 8103120: ACCEPTED IN 15 TRIES, (AVG 540208.0)
[1, 4, 10, 23, 57, 132, 301, 701, 1654, 3879, 8747, 19785]...: 8102616: ACCEPTED IN 15 TRIES, (AVG 540174.4)
[1, 4, 10, 23, 57, 132, 301, 701, 1654, 3879, 8747, 19789]...: 16759215: ACCEPTED IN 31 TRIES, (AVG 540619.8387096775)
[1, 4, 10, 23, 57, 132, 301, 701, 1654, 3879, 8747, 19793]...: 21088395: ACCEPTED IN 39 TRIES, (AVG 540728.0769230769)
[1, 4, 10, 23, 57, 132, 301, 701, 1654, 3879, 8747, 19805]...: 16218606: ACCEPTED IN 30 TRIES, (AVG 540620.2)
[1, 4, 10, 23, 57, 132, 301, 701, 1654, 3879, 8747, 19818]...: 18925884: ACCEPTED IN 35 TRIES, (AVG 540739.5428571429)
[1, 4, 10, 23, 57, 132, 301, 701, 1654, 3879, 8747, 19822]...: 13513193: ACCEPTED IN 25 TRIES, (AVG 540527.72)
[1, 4, 10, 23, 57, 132, 301, 701, 1654, 3879, 8747, 19826]...: 16219577: ACCEPTED IN 30 TRIES, (AVG 540652.5666666667)
[1, 4, 10, 23, 57, 132, 301, 701, 1654, 3879, 8747, 19830]...: 8644352: ACCEPTED IN 16 TRIES, (AVG 540272.0)
[1, 4, 10, 23, 57, 132, 301, 701, 1654, 3879, 8747, 19851]...: 7020929: ACCEPTED IN 13 TRIES, (AVG 540071.4615384615)
[1, 4, 10, 23, 57, 132, 301, 701, 1654, 3879, 8747, 19855]...: 18381726: ACCEPTED IN 34 TRIES, (AVG 540639.0)
[1, 4, 10, 23, 57, 132, 301, 701, 1654, 3879, 8747, 19859]...: 16219799: ACCEPTED IN 30 TRIES, (AVG 540659.9666666667)
[1, 4, 10, 23, 57, 132, 301, 701, 1654, 3879, 8747, 19863]...: 16760541: ACCEPTED IN 31 TRIES, (AVG 540662.6129032258)
[1, 4, 10, 23, 57, 132, 301, 701, 1654, 3879, 8747, 19867]...: 16761259: ACCEPTED IN 31 TRIES, (AVG 540685.7741935484)
[1, 4, 10, 23, 57, 132, 301, 701, 1654, 3879, 8747, 19884]...: 12970742: ACCEPTED IN 24 TRIES, (AVG 540447.5833333334)
[1, 4, 10, 23, 57, 132, 301, 701, 1654, 3879, 8747, 19888]...: 13513785: ACCEPTED IN 25 TRIES, (AVG 540551.4)
[1, 4, 10, 23, 57, 132, 301, 701, 1654, 3879, 8747, 19892]...: 16220167: ACCEPTED IN 30 TRIES, (AVG 540672.2333333333)
[1, 4, 10, 23, 57, 132, 301, 701, 1654, 3879, 8747, 19896]...: 20549008: ACCEPTED IN 38 TRIES, (AVG 540763.3684210526)
[1, 4, 10, 23, 57, 132, 301, 701, 1654, 3879, 8747, 19900]...: 9725710: ACCEPTED IN 18 TRIES, (AVG 540317.2222222222)
[1, 4, 10, 23, 57, 132, 301, 701, 1654, 3879, 8747, 19904]...: 12432317: ACCEPTED IN 23 TRIES, (AVG 540535.5217391305)
[1, 4, 10, 23, 57, 132, 301, 701, 1654, 3879, 8747, 19921]...: 9183121: ACCEPTED IN 17 TRIES, (AVG 540183.5882352941)
[1, 4, 10, 23, 57, 132, 301, 701, 1654, 3879, 8747, 19925]...: 8644032: ACCEPTED IN 16 TRIES, (AVG 540252.0)
[1, 4, 10, 23, 57, 132, 301, 701, 1654, 3879, 8747, 19937]...: 3232987: ACCEPTED IN 6 TRIES, (AVG 538831.1666666666)
[1, 4, 10, 23, 57, 132, 301, 701, 1654, 3879, 8747, 19941]...: 11347905: ACCEPTED IN 21 TRIES, (AVG 540376.4285714285)
[1, 4, 10, 23, 57, 132, 301, 701, 1654, 3879, 8747, 19950]...: 9725753: ACCEPTED IN 18 TRIES, (AVG 540319.6111111111)
[1, 4, 10, 23, 57, 132, 301, 701, 1654, 3879, 8747, 19954]...: 9726182: ACCEPTED IN 18 TRIES, (AVG 540343.4444444445)
[1, 4, 10, 23, 57, 132, 301, 701, 1654, 3879, 8747, 19958]...: 14596550: ACCEPTED IN 27 TRIES, (AVG 540612.9629629629)
[1, 4, 10, 23, 57, 132, 301, 701, 1654, 3879, 8747, 19962]...: 9182344: ACCEPTED IN 17 TRIES, (AVG 540137.8823529412)
[1, 4, 10, 23, 57, 132, 301, 701, 1654, 3879, 8747, 19983]...: 6477718: ACCEPTED IN 12 TRIES, (AVG 539809.8333333334)
[1, 4, 10, 23, 57, 132, 301, 701, 1654, 3879, 8747, 19987]...: 16761315: ACCEPTED IN 31 TRIES, (AVG 540687.5806451613)
[1, 4, 10, 23, 57, 132, 301, 701, 1654, 3879, 8747, 19991]...: 7020377: ACCEPTED IN 13 TRIES, (AVG 540029.0)
[1, 4, 10, 23, 57, 132, 301, 701, 1654, 3879, 8747, 19995]...: 14055740: ACCEPTED IN 26 TRIES, (AVG 540605.3846153846)
[1, 4, 10, 23, 57, 132, 301, 701, 1654, 3879, 8747, 19999]...: 9726430: ACCEPTED IN 18 TRIES, (AVG 540357.2222222222)
[1, 4, 10, 23, 57, 132, 301, 701, 1654, 3879, 8747, 20020]...: 16761433: ACCEPTED IN 31 TRIES, (AVG 540691.3870967742)
[1, 4, 10, 23, 57, 132, 301, 701, 1654, 3879, 8747, 20024]...: 13514109: ACCEPTED IN 25 TRIES, (AVG 540564.36)
[1, 4, 10, 23, 57, 132, 301, 701, 1654, 3879, 8747, 20028]...: 8103068: ACCEPTED IN 15 TRIES, (AVG 540204.5333333333)
[1, 4, 10, 23, 57, 132, 301, 701, 1654, 3879, 8747, 20032]...: 7562061: ACCEPTED IN 14 TRIES, (AVG 540147.2142857143)
[1, 4, 10, 23, 57, 132, 301, 701, 1654, 3879, 8747, 20036]...: 5394835: ACCEPTED IN 10 TRIES, (AVG 539483.5)
[1, 4, 10, 23, 57, 132, 301, 701, 1654, 3879, 8747, 20053]...: 13514059: ACCEPTED IN 25 TRIES, (AVG 540562.36)
[1, 4, 10, 23, 57, 132, 301, 701, 1654, 3879, 8747, 20057]...: 21631601: ACCEPTED IN 40 TRIES, (AVG 540790.025)
[1, 4, 10, 23, 57, 132, 301, 701, 1654, 3879, 8747, 20069]...: 9185083: ACCEPTED IN 17 TRIES, (AVG 540299.0)
[1, 4, 10, 23, 57, 132, 301, 701, 1654, 3879, 8747, 20073]...: 9725915: ACCEPTED IN 18 TRIES, (AVG 540328.6111111111)
[1, 4, 10, 23, 57, 132, 301, 701, 1654, 3879, 8747, 20082]...: 12430911: ACCEPTED IN 23 TRIES, (AVG 540474.3913043478)
[1, 4, 10, 23, 57, 132, 301, 701, 1654, 3879, 8747, 20086]...: 7019504: ACCEPTED IN 13 TRIES, (AVG 539961.8461538461)
[1, 4, 10, 23, 57, 132, 301, 701, 1654, 3879, 8747, 20090]...: 14596424: ACCEPTED IN 27 TRIES, (AVG 540608.2962962963)
[1, 4, 10, 23, 57, 132, 301, 701, 1654, 3879, 8747, 20119]...: 8103062: ACCEPTED IN 15 TRIES, (AVG 540204.1333333333)
[1, 4, 10, 23, 57, 132, 301, 701, 1654, 3879, 8747, 20123]...: 9726647: ACCEPTED IN 18 TRIES, (AVG 540369.2777777778)
[1, 4, 10, 23, 57, 132, 301, 701, 1654, 3879, 8747, 20127]...: 9725082: ACCEPTED IN 18 TRIES, (AVG 540282.3333333334)
[1, 4, 10, 23, 57, 132, 301, 701, 1654, 3879, 8747, 20131]...: 14593708: ACCEPTED IN 27 TRIES, (AVG 540507.7037037037)
[1, 4, 10, 23, 57, 132, 301, 701, 1654, 3879, 8747, 20152]...: 8102490: ACCEPTED IN 15 TRIES, (AVG 540166.0)
[1, 4, 10, 23, 57, 132, 301, 701, 1654, 3879, 8747, 20156]...: 5938409: ACCEPTED IN 11 TRIES, (AVG 539855.3636363636)
[1, 4, 10, 23, 57, 132, 301, 701, 1654, 3879, 8747, 20160]...: 10267636: ACCEPTED IN 19 TRIES, (AVG 540401.8947368421)
[1, 4, 10, 23, 57, 132, 301, 701, 1654, 3879, 8747, 20164]...: 11889415: ACCEPTED IN 22 TRIES, (AVG 540427.9545454546)
[1, 4, 10, 23, 57, 132, 301, 701, 1654, 3879, 8747, 20168]...: 22712955: ACCEPTED IN 42 TRIES, (AVG 540784.6428571428)
[1, 4, 10, 23, 57, 132, 301, 701, 1654, 3879, 8747, 20185]...: 5397253: ACCEPTED IN 10 TRIES, (AVG 539725.3)
[1, 4, 10, 23, 57, 132, 301, 701, 1654, 3879, 8747, 20189]...: 15678198: ACCEPTED IN 29 TRIES, (AVG 540627.5172413794)
[1, 4, 10, 23, 57, 132, 301, 701, 1654, 3879, 8747, 20193]...: 12972751: ACCEPTED IN 24 TRIES, (AVG 540531.2916666666)
[1, 4, 10, 23, 57, 132, 301, 701, 1654, 3879, 8747, 20201]...: 11890150: ACCEPTED IN 22 TRIES, (AVG 540461.3636363636)
[1, 4, 10, 23, 57, 132, 301, 701, 1654, 3879, 8747, 20205]...: 9726517: ACCEPTED IN 18 TRIES, (AVG 540362.0555555555)
[1, 4, 10, 23, 57, 132, 301, 701, 1654, 3879, 8747, 20222]...: 17841904: ACCEPTED IN 33 TRIES, (AVG 540663.7575757576)
[1, 4, 10, 23, 57, 132, 301, 701, 1654, 3879, 8747, 20242]...: 16219050: ACCEPTED IN 30 TRIES, (AVG 540635.0)
[1, 4, 10, 23, 57, 132, 301, 701, 1654, 3879, 8747, 20251]...: 9185074: ACCEPTED IN 17 TRIES, (AVG 540298.4705882353)
[1, 4, 10, 23, 57, 132, 301, 701, 1654, 3879, 8747, 20255]...: 15678402: ACCEPTED IN 29 TRIES, (AVG 540634.551724138)
[1, 4, 10, 23, 57, 132, 301, 701, 1654, 3879, 8747, 20259]...: 24336858: ACCEPTED IN 45 TRIES, (AVG 540819.0666666667)
[1, 4, 10, 23, 57, 132, 301, 701, 1654, 3879, 8747, 20263]...: 17843415: ACCEPTED IN 33 TRIES, (AVG 540709.5454545454)
[1, 4, 10, 23, 57, 132, 301, 701, 1654, 3879, 8747, 20284]...: 11350016: ACCEPTED IN 21 TRIES, (AVG 540476.9523809524)
[1, 4, 10, 23, 57, 132, 301, 701, 1654, 3879, 8747, 20288]...: 13513594: ACCEPTED IN 25 TRIES, (AVG 540543.76)
[1, 4, 10, 23, 57, 132, 301, 701, 1654, 3879, 8747, 20292]...: 13513336: ACCEPTED IN 25 TRIES, (AVG 540533.44)
[1, 4, 10, 23, 57, 132, 301, 701, 1654, 3879, 8747, 20296]...: 9182850: ACCEPTED IN 17 TRIES, (AVG 540167.6470588235)
[1, 4, 10, 23, 57, 132, 301, 701, 1654, 3879, 8747, 20300]...: 10808875: ACCEPTED IN 20 TRIES, (AVG 540443.75)
[1, 4, 10, 23, 57, 132, 301, 701, 1654, 3879, 8747, 20321]...: 11349613: ACCEPTED IN 21 TRIES, (AVG 540457.7619047619)
[1, 4, 10, 23, 57, 132, 301, 701, 1654, 3879, 8747, 20325]...: 14596751: ACCEPTED IN 27 TRIES, (AVG 540620.4074074074)
[1, 4, 10, 23, 57, 132, 301, 701, 1654, 3879, 8747, 20333]...: 7020243: ACCEPTED IN 13 TRIES, (AVG 540018.6923076923)
[1, 4, 10, 23, 57, 132, 301, 701, 1654, 3879, 8747, 20337]...: 9183244: ACCEPTED IN 17 TRIES, (AVG 540190.8235294118)
[1, 4, 10, 23, 57, 132, 301, 701, 1654, 3879, 8747, 20354]...: 9725776: ACCEPTED IN 18 TRIES, (AVG 540320.8888888889)
[1, 4, 10, 23, 57, 132, 301, 701, 1654, 3879, 8747, 20374]...: 13513625: ACCEPTED IN 25 TRIES, (AVG 540545.0)
[1, 4, 10, 23, 57, 132, 301, 701, 1654, 3879, 8747, 20383]...: 7561910: ACCEPTED IN 14 TRIES, (AVG 540136.4285714285)
[1, 4, 10, 23, 57, 132, 301, 701, 1654, 3879, 8747, 20387]...: 6479523: ACCEPTED IN 12 TRIES, (AVG 539960.25)
[1, 4, 10, 23, 57, 132, 301, 701, 1654, 3879, 8747, 20391]...: 16220100: ACCEPTED IN 30 TRIES, (AVG 540670.0)
[1, 4, 10, 23, 57, 132, 301, 701, 1654, 3879, 8747, 20420]...: 18384212: ACCEPTED IN 34 TRIES, (AVG 540712.1176470588)
[1, 4, 10, 23, 57, 132, 301, 701, 1654, 3879, 8747, 20424]...: 7559786: ACCEPTED IN 14 TRIES, (AVG 539984.7142857143)
[1, 4, 10, 23, 57, 132, 301, 701, 1654, 3879, 8747, 20428]...: 7559467: ACCEPTED IN 14 TRIES, (AVG 539961.9285714285)
[1, 4, 10, 23, 57, 132, 301, 701, 1654, 3879, 8747, 20432]...: 12431331: ACCEPTED IN 23 TRIES, (AVG 540492.6521739131)
[1, 4, 10, 23, 57, 132, 301, 701, 1654, 3879, 8747, 20453]...: 14593543: ACCEPTED IN 27 TRIES, (AVG 540501.5925925926)
[1, 4, 10, 23, 57, 132, 301, 701, 1654, 3879, 8747, 20457]...: 16216992: ACCEPTED IN 30 TRIES, (AVG 540566.4)
[1, 4, 10, 23, 57, 132, 301, 701, 1654, 3879, 8747, 20465]...: 16761106: ACCEPTED IN 31 TRIES, (AVG 540680.8387096775)
[1, 4, 10, 23, 57, 132, 301, 701, 1654, 3879, 8747, 20469]...: 12431070: ACCEPTED IN 23 TRIES, (AVG 540481.304347826)
[1, 4, 10, 23, 57, 132, 301, 701, 1654, 3879, 8747, 20486]...: 12431202: ACCEPTED IN 23 TRIES, (AVG 540487.0434782609)
[1, 4, 10, 23, 57, 132, 301, 701, 1654, 3879, 8747, 20494]...: 12972768: ACCEPTED IN 24 TRIES, (AVG 540532.0)
[1, 4, 10, 23, 57, 132, 301, 701, 1654, 3879, 8747, 20506]...: 9185202: ACCEPTED IN 17 TRIES, (AVG 540306.0)
[1, 4, 10, 23, 57, 132, 301, 701, 1654, 3879, 8747, 20519]...: 15679064: ACCEPTED IN 29 TRIES, (AVG 540657.3793103448)
[1, 4, 10, 23, 57, 132, 301, 701, 1654, 3879, 8747, 20523]...: 16218832: ACCEPTED IN 30 TRIES, (AVG 540627.7333333333)
[1, 4, 10, 23, 57, 132, 301, 701, 1654, 3879, 8747, 20552]...: 8643310: ACCEPTED IN 16 TRIES, (AVG 540206.875)
[1, 4, 10, 23, 57, 132, 301, 701, 1654, 3879, 8747, 20556]...: 11349170: ACCEPTED IN 21 TRIES, (AVG 540436.6666666666)
[1, 4, 10, 23, 57, 132, 301, 701, 1654, 3879, 8747, 20560]...: 9183200: ACCEPTED IN 17 TRIES, (AVG 540188.2352941176)
[1, 4, 10, 23, 57, 132, 301, 701, 1654, 3879, 8747, 20564]...: 13514592: ACCEPTED IN 25 TRIES, (AVG 540583.68)
[1, 4, 10, 23, 57, 132, 301, 701, 1654, 3879, 8747, 20585]...: 18384022: ACCEPTED IN 34 TRIES, (AVG 540706.5294117647)
[1, 4, 10, 23, 57, 132, 301, 701, 1654, 3879, 8747, 20589]...: 12972138: ACCEPTED IN 24 TRIES, (AVG 540505.75)
[1, 4, 10, 23, 57, 132, 301, 701, 1654, 3879, 8747, 20593]...: 10267483: ACCEPTED IN 19 TRIES, (AVG 540393.8421052631)
[1, 4, 10, 23, 57, 132, 301, 701, 1654, 3879, 8747, 20597]...: 9725147: ACCEPTED IN 18 TRIES, (AVG 540285.9444444445)
[1, 4, 10, 23, 57, 132, 301, 701, 1654, 3879, 8747, 20601]...: 23252960: ACCEPTED IN 43 TRIES, (AVG 540766.5116279069)
[1, 4, 10, 23, 57, 132, 301, 701, 1654, 3879, 8747, 20626]...: 15137122: ACCEPTED IN 28 TRIES, (AVG 540611.5)
[1, 4, 10, 23, 57, 132, 301, 701, 1654, 3879, 8747, 20638]...: 16219574: ACCEPTED IN 30 TRIES, (AVG 540652.4666666667)
[1, 4, 10, 23, 57, 132, 301, 701, 1654, 3879, 8747, 20651]...: 16218633: ACCEPTED IN 30 TRIES, (AVG 540621.1)
[1, 4, 10, 23, 57, 132, 301, 701, 1654, 3879, 8747, 20655]...: 18383770: ACCEPTED IN 34 TRIES, (AVG 540699.1176470588)
[1, 4, 10, 23, 57, 132, 301, 701, 1654, 3879, 8747, 20684]...: 5938603: ACCEPTED IN 11 TRIES, (AVG 539873.0)
[1, 4, 10, 23, 57, 132, 301, 701, 1654, 3879, 8747, 20688]...: 8103212: ACCEPTED IN 15 TRIES, (AVG 540214.1333333333)
[1, 4, 10, 23, 57, 132, 301, 701, 1654, 3879, 8747, 20692]...: 7560196: ACCEPTED IN 14 TRIES, (AVG 540014.0)
[1, 4, 10, 23, 57, 132, 301, 701, 1654, 3879, 8747, 20721]...: 8643138: ACCEPTED IN 16 TRIES, (AVG 540196.125)
[1, 4, 10, 23, 57, 132, 301, 701, 1654, 3879, 8747, 20725]...: 13514159: ACCEPTED IN 25 TRIES, (AVG 540566.36)
[1, 4, 10, 23, 57, 132, 301, 701, 1654, 3879, 8747, 20729]...: 13514061: ACCEPTED IN 25 TRIES, (AVG 540562.44)
[1, 4, 10, 23, 57, 132, 301, 701, 1654, 3879, 8747, 20733]...: 9183316: ACCEPTED IN 17 TRIES, (AVG 540195.0588235294)
[1, 4, 10, 23, 57, 132, 301, 701, 1654, 3879, 8747, 20758]...: 11889576: ACCEPTED IN 22 TRIES, (AVG 540435.2727272727)
[1, 4, 10, 23, 57, 132, 301, 701, 1654, 3879, 8747, 20770]...: 9726597: ACCEPTED IN 18 TRIES, (AVG 540366.5)
[1, 4, 10, 23, 57, 132, 301, 701, 1654, 3879, 8747, 20783]...: 7561799: ACCEPTED IN 14 TRIES, (AVG 540128.5)
[1, 4, 10, 23, 57, 132, 301, 701, 1654, 3879, 8747, 20787]...: 12432292: ACCEPTED IN 23 TRIES, (AVG 540534.4347826086)
[1, 4, 10, 23, 57, 132, 301, 701, 1654, 3879, 8747, 20820]...: 9725651: ACCEPTED IN 18 TRIES, (AVG 540313.9444444445)
[1, 4, 10, 23, 57, 132, 301, 701, 1654, 3879, 8747, 20824]...: 7561585: ACCEPTED IN 14 TRIES, (AVG 540113.2142857143)
[1, 4, 10, 23, 57, 132, 301, 701, 1654, 3879, 8747, 20853]...: 9726028: ACCEPTED IN 18 TRIES, (AVG 540334.8888888889)
[1, 4, 10, 23, 57, 132, 301, 701, 1654, 3879, 8747, 20857]...: 9185177: ACCEPTED IN 17 TRIES, (AVG 540304.5294117647)
[1, 4, 10, 23, 57, 132, 301, 701, 1654, 3879, 8747, 20861]...: 12432106: ACCEPTED IN 23 TRIES, (AVG 540526.3478260869)
[1, 4, 10, 23, 57, 132, 301, 701, 1654, 3879, 8747, 20865]...: 5938151: ACCEPTED IN 11 TRIES, (AVG 539831.9090909091)
[1, 4, 10, 23, 57, 132, 301, 701, 1654, 3879, 8747, 20890]...: 7020082: ACCEPTED IN 13 TRIES, (AVG 540006.3076923077)
[1, 4, 10, 23, 57, 132, 301, 701, 1654, 3879, 8747, 20894]...: 16761342: ACCEPTED IN 31 TRIES, (AVG 540688.4516129033)
[1, 4, 10, 23, 57, 132, 301, 701, 1654, 3879, 8747, 20902]...: 4855942: ACCEPTED IN 9 TRIES, (AVG 539549.1111111111)
[1, 4, 10, 23, 57, 132, 301, 701, 1654, 3879, 8747, 20915]...: 9726361: ACCEPTED IN 18 TRIES, (AVG 540353.3888888889)
[1, 4, 10, 23, 57, 132, 301, 701, 1654, 3879, 8747, 20952]...: 16219722: ACCEPTED IN 30 TRIES, (AVG 540657.4)
[1, 4, 10, 23, 57, 132, 301, 701, 1654, 3879, 8747, 20956]...: 17302174: ACCEPTED IN 32 TRIES, (AVG 540692.9375)
[1, 4, 10, 23, 57, 132, 301, 701, 1654, 3879, 8747, 20985]...: 17842787: ACCEPTED IN 33 TRIES, (AVG 540690.5151515151)
[1, 4, 10, 23, 57, 132, 301, 701, 1654, 3879, 8747, 20989]...: 4854100: ACCEPTED IN 9 TRIES, (AVG 539344.4444444445)
