[1, 4, 10, 23, 57, 132, 301, 701, 1636, 3890, 8901, 19648]...: 27042645: ACCEPTED IN 50 TRIES, (AVG 540852.9)
[1, 4, 10, 23, 57, 132, 301, 701, 1636, 3890, 8901, 19913]...: 8643776: ACCEPTED IN 16 TRIES, (AVG 540236.0)
[1, 4, 10, 23, 57, 132, 301, 701, 1636, 3890, 8901, 20048]...: 24877924: ACCEPTED IN 46 TRIES, (AVG 540824.4347826086)
[1, 4, 10, 23, 57, 132, 301, 701, 1636, 3890, 8901, 20115]...: 28123993: ACCEPTED IN 52 TRIES, (AVG 540846.0192307692)
[1, 4, 10, 23, 57, 132, 301, 701, 1636, 3890, 8901, 20147]...: 49770400: ACCEPTED IN 92 TRIES, (AVG 540982.6086956522)
[1, 4, 10, 23, 57, 132, 301, 701, 1636, 3890, 8901, 20151]...: 23794176: ACCEPTED IN 44 TRIES, (AVG 540776.7272727273)
[1, 4, 10, 23, 57, 132, 301, 701, 1636, 3890, 8901, 20214]...: 23795311: ACCEPTED IN 44 TRIES, (AVG 540802.5227272727)
[1, 4, 10, 23, 57, 132, 301, 701, 1636, 3890, 8901, 20250]...: 25419500: ACCEPTED IN 47 TRIES, (AVG 540840.4255319149)
[1, 4, 10, 23, 57, 132, 301, 701, 1636, 3890, 8901, 20317]...: 41653372: ACCEPTED IN 77 TRIES, (AVG 540952.8831168831)
[1, 4, 10, 23, 57, 132, 301, 701, 1636, 3890, 8901, 20484]...: 29207440: ACCEPTED IN 54 TRIES, (AVG 540878.5185185185)
[1, 4, 10, 23, 57, 132, 301, 701, 1636, 3890, 8901, 20515]...: 23254845: ACCEPTED IN 43 TRIES, (AVG 540810.3488372093)
[1, 4, 10, 23, 57, 132, 301, 701, 1636, 3890, 8901, 20583]...: 26501313: ACCEPTED IN 49 TRIES, (AVG 540843.1224489796)
[1, 4, 10, 23, 57, 132, 301, 701, 1636, 3890, 8901, 21050]...: 28124977: ACCEPTED IN 52 TRIES, (AVG 540864.9423076923)
[1, 4, 10, 23, 57, 132, 301, 701, 1636, 3890, 8901, 21117]...: 48687804: ACCEPTED IN 90 TRIES, (AVG 540975.6)
[1, 4, 10, 23, 57, 132, 301, 701, 1636, 3890, 8901, 21118]...: 23253778: ACCEPTED IN 43 TRIES, (AVG 540785.5348837209)
[1, 4, 10, 23, 57, 132, 301, 701, 1636, 3890, 8901, 21149]...: 25418609: ACCEPTED IN 47 TRIES, (AVG 540821.4680851063)
[1, 4, 10, 23, 57, 132, 301, 701, 1636, 3890, 8901, 21284]...: 48146309: ACCEPTED IN 89 TRIES, (AVG 540969.7640449438)
[1, 4, 10, 23, 57, 132, 301, 701, 1636, 3890, 8901, 21351]...: 23795212: ACCEPTED IN 44 TRIES, (AVG 540800.2727272727)
