[1, 4, 10, 23, 57, 132, 301, 701, 1636, 3890, 8661, 19070]...: 30830250: ACCEPTED IN 57 TRIES, (AVG 540881.5789473684)
[1, 4, 10, 23, 57, 132, 301, 701, 1636, 3890, 8661, 19082]...: 13513916: ACCEPTED IN 25 TRIES, (AVG 540556.64)
[1, 4, 10, 23, 57, 132, 301, 701, 1636, 3890, 8661, 19114]...: 18384721: ACCEPTED IN 34 TRIES, (AVG 540727.0882352941)
[1, 4, 10, 23, 57, 132, 301, 701, 1636, 3890, 8661, 19181]...: 21088410: ACCEPTED IN 39 TRIES, (AVG 540728.4615384615)
[1, 4, 10, 23, 57, 132, 301, 701, 1636, 3890, 8661, 19184]...: 24334753: ACCEPTED IN 45 TRIES, (AVG 540772.2888888889)
[1, 4, 10, 23, 57, 132, 301, 701, 1636, 3890, 8661, 19202]...: 18925458: ACCEPTED IN 35 TRIES, (AVG 540727.3714285714)
[1, 4, 10, 23, 57, 132, 301, 701, 1636, 3890, 8661, 19214]...: 84400593: ACCEPTED IN 156 TRIES, (AVG 541029.4423076923)
[1, 4, 10, 23, 57, 132, 301, 701, 1636, 3890, 8661, 19283]...: 12432294: ACCEPTED IN 23 TRIES, (AVG 540534.5217391305)
[1, 4, 10, 23, 57, 132, 301, 701, 1636, 3890, 8661, 19313]...: 22172562: ACCEPTED IN 41 TRIES, (AVG 540794.1951219512)
[1, 4, 10, 23, 57, 132, 301, 701, 1636, 3890, 8661, 19316]...: 11891160: ACCEPTED IN 22 TRIES, (AVG 540507.2727272727)
[1, 4, 10, 23, 57, 132, 301, 701, 1636, 3890, 8661, 19334]...: 10808285: ACCEPTED IN 20 TRIES, (AVG 540414.25)
[1, 4, 10, 23, 57, 132, 301, 701, 1636, 3890, 8661, 19350]...: 14054941: ACCEPTED IN 26 TRIES, (AVG 540574.6538461539)
[1, 4, 10, 23, 57, 132, 301, 701, 1636, 3890, 8661, 19371]...: 15136334: ACCEPTED IN 28 TRIES, (AVG 540583.3571428572)
[1, 4, 10, 23, 57, 132, 301, 701, 1636, 3890, 8661, 19415]...: 9726537: ACCEPTED IN 18 TRIES, (AVG 540363.1666666666)
[1, 4, 10, 23, 57, 132, 301, 701, 1636, 3890, 8661, 19417]...: 8103251: ACCEPTED IN 15 TRIES, (AVG 540216.7333333333)
[1, 4, 10, 23, 57, 132, 301, 701, 1636, 3890, 8661, 19482]...: 24877312: ACCEPTED IN 46 TRIES, (AVG 540811.1304347826)
[1, 4, 10, 23, 57, 132, 301, 701, 1636, 3890, 8661, 19503]...: 7560904: ACCEPTED IN 14 TRIES, (AVG 540064.5714285715)
[1, 4, 10, 23, 57, 132, 301, 701, 1636, 3890, 8661, 19549]...: 7559723: ACCEPTED IN 14 TRIES, (AVG 539980.2142857143)
[1, 4, 10, 23, 57, 132, 301, 701, 1636, 3890, 8661, 19584]...: 6479710: ACCEPTED IN 12 TRIES, (AVG 539975.8333333334)
[1, 4, 10, 23, 57, 132, 301, 701, 1636, 3890, 8661, 19614]...: 20547895: ACCEPTED IN 38 TRIES, (AVG 540734.0789473684)
[1, 4, 10, 23, 57, 132, 301, 701, 1636, 3890, 8661, 19635]...: 14054946: ACCEPTED IN 26 TRIES, (AVG 540574.8461538461)
[1, 4, 10, 23, 57, 132, 301, 701, 1636, 3890, 8661, 19651]...: 9726430: ACCEPTED IN 18 TRIES, (AVG 540357.2222222222)
[1, 4, 10, 23, 57, 132, 301, 701, 1636, 3890, 8661, 19681]...: 19465899: ACCEPTED IN 36 TRIES, (AVG 540719.4166666666)
[1, 4, 10, 23, 57, 132, 301, 701, 1636, 3890, 8661, 19683]...: 20547937: ACCEPTED IN 38 TRIES, (AVG 540735.1842105263)
[1, 4, 10, 23, 57, 132, 301, 701, 1636, 3890, 8661, 19716]...: 11889614: ACCEPTED IN 22 TRIES, (AVG 540437.0)
[1, 4, 10, 23, 57, 132, 301, 701, 1636, 3890, 8661, 19783]...: 19466281: ACCEPTED IN 36 TRIES, (AVG 540730.0277777778)
[1, 4, 10, 23, 57, 132, 301, 701, 1636, 3890, 8661, 19815]...: 20549374: ACCEPTED IN 38 TRIES, (AVG 540773.0)
[1, 4, 10, 23, 57, 132, 301, 701, 1636, 3890, 8661, 19885]...: 12432350: ACCEPTED IN 23 TRIES, (AVG 540536.9565217391)
[1, 4, 10, 23, 57, 132, 301, 701, 1636, 3890, 8661, 19915]...: 27582240: ACCEPTED IN 51 TRIES, (AVG 540828.2352941176)
[1, 4, 10, 23, 57, 132, 301, 701, 1636, 3890, 8661, 19917]...: 11348259: ACCEPTED IN 21 TRIES, (AVG 540393.2857142857)
[1, 4, 10, 23, 57, 132, 301, 701, 1636, 3890, 8661, 19984]...: 12431800: ACCEPTED IN 23 TRIES, (AVG 540513.0434782609)
[1, 4, 10, 23, 57, 132, 301, 701, 1636, 3890, 8661, 20017]...: 8643819: ACCEPTED IN 16 TRIES, (AVG 540238.6875)
[1, 4, 10, 23, 57, 132, 301, 701, 1636, 3890, 8661, 20049]...: 15137053: ACCEPTED IN 28 TRIES, (AVG 540609.0357142857)
[1, 4, 10, 23, 57, 132, 301, 701, 1636, 3890, 8661, 20116]...: 7020964: ACCEPTED IN 13 TRIES, (AVG 540074.1538461539)
[1, 4, 10, 23, 57, 132, 301, 701, 1636, 3890, 8661, 20218]...: 8643041: ACCEPTED IN 16 TRIES, (AVG 540190.0625)
[1, 4, 10, 23, 57, 132, 301, 701, 1636, 3890, 8661, 20250]...: 12430489: ACCEPTED IN 23 TRIES, (AVG 540456.0434782609)
[1, 4, 10, 23, 57, 132, 301, 701, 1636, 3890, 8661, 20285]...: 12430493: ACCEPTED IN 23 TRIES, (AVG 540456.2173913043)
[1, 4, 10, 23, 57, 132, 301, 701, 1636, 3890, 8661, 20350]...: 18924581: ACCEPTED IN 35 TRIES, (AVG 540702.3142857143)
[1, 4, 10, 23, 57, 132, 301, 701, 1636, 3890, 8661, 20352]...: 11890250: ACCEPTED IN 22 TRIES, (AVG 540465.9090909091)
[1, 4, 10, 23, 57, 132, 301, 701, 1636, 3890, 8661, 20382]...: 8103094: ACCEPTED IN 15 TRIES, (AVG 540206.2666666667)
[1, 4, 10, 23, 57, 132, 301, 701, 1636, 3890, 8661, 20384]...: 8642973: ACCEPTED IN 16 TRIES, (AVG 540185.8125)
[1, 4, 10, 23, 57, 132, 301, 701, 1636, 3890, 8661, 20417]...: 10265935: ACCEPTED IN 19 TRIES, (AVG 540312.3684210526)
[1, 4, 10, 23, 57, 132, 301, 701, 1636, 3890, 8661, 20484]...: 11347811: ACCEPTED IN 21 TRIES, (AVG 540371.9523809524)
[1, 4, 10, 23, 57, 132, 301, 701, 1636, 3890, 8661, 20516]...: 8643708: ACCEPTED IN 16 TRIES, (AVG 540231.75)
[1, 4, 10, 23, 57, 132, 301, 701, 1636, 3890, 8661, 20519]...: 10267120: ACCEPTED IN 19 TRIES, (AVG 540374.7368421053)
[1, 4, 10, 23, 57, 132, 301, 701, 1636, 3890, 8661, 20551]...: 11347486: ACCEPTED IN 21 TRIES, (AVG 540356.4761904762)
[1, 4, 10, 23, 57, 132, 301, 701, 1636, 3890, 8661, 20586]...: 11890833: ACCEPTED IN 22 TRIES, (AVG 540492.4090909091)
[1, 4, 10, 23, 57, 132, 301, 701, 1636, 3890, 8661, 20616]...: 12431961: ACCEPTED IN 23 TRIES, (AVG 540520.0434782609)
[1, 4, 10, 23, 57, 132, 301, 701, 1636, 3890, 8661, 20618]...: 12430269: ACCEPTED IN 23 TRIES, (AVG 540446.4782608695)
[1, 4, 10, 23, 57, 132, 301, 701, 1636, 3890, 8661, 20651]...: 17301511: ACCEPTED IN 32 TRIES, (AVG 540672.21875)
[1, 4, 10, 23, 57, 132, 301, 701, 1636, 3890, 8661, 20683]...: 4853523: ACCEPTED IN 9 TRIES, (AVG 539280.3333333334)
[1, 4, 10, 23, 57, 132, 301, 701, 1636, 3890, 8661, 20685]...: 9724395: ACCEPTED IN 18 TRIES, (AVG 540244.1666666666)
[1, 4, 10, 23, 57, 132, 301, 701, 1636, 3890, 8661, 20718]...: 8644298: ACCEPTED IN 16 TRIES, (AVG 540268.625)
[1, 4, 10, 23, 57, 132, 301, 701, 1636, 3890, 8661, 20750]...: 8644383: ACCEPTED IN 16 TRIES, (AVG 540273.9375)
