[1, 4, 10, 23, 57, 132, 301, 701, 1654, 3813, 9063, 19944]...: 20549269: ACCEPTED IN 38 TRIES, (AVG 540770.2368421053)
[1, 4, 10, 23, 57, 132, 301, 701, 1654, 3813, 9063, 19956]...: 18383292: ACCEPTED IN 34 TRIES, (AVG 540685.0588235294)
[1, 4, 10, 23, 57, 132, 301, 701, 1654, 3813, 9063, 19981]...: 8103015: ACCEPTED IN 15 TRIES, (AVG 540201.0)
[1, 4, 10, 23, 57, 132, 301, 701, 1654, 3813, 9063, 19985]...: 10267244: ACCEPTED IN 19 TRIES, (AVG 540381.2631578947)
[1, 4, 10, 23, 57, 132, 301, 701, 1654, 3813, 9063, 19989]...: 10808684: ACCEPTED IN 20 TRIES, (AVG 540434.2)
[1, 4, 10, 23, 57, 132, 301, 701, 1654, 3813, 9063, 20018]...: 18925059: ACCEPTED IN 35 TRIES, (AVG 540715.9714285714)
[1, 4, 10, 23, 57, 132, 301, 701, 1654, 3813, 9063, 20022]...: 7559406: ACCEPTED IN 14 TRIES, (AVG 539957.5714285715)
[1, 4, 10, 23, 57, 132, 301, 701, 1654, 3813, 9063, 20026]...: 11888505: ACCEPTED IN 22 TRIES, (AVG 540386.5909090909)
[1, 4, 10, 23, 57, 132, 301, 701, 1654, 3813, 9063, 20059]...: 15136331: ACCEPTED IN 28 TRIES, (AVG 540583.25)
[1, 4, 10, 23, 57, 132, 301, 701, 1654, 3813, 9063, 20076]...: 11890270: ACCEPTED IN 22 TRIES, (AVG 540466.8181818182)
[1, 4, 10, 23, 57, 132, 301, 701, 1654, 3813, 9063, 20088]...: 7019984: ACCEPTED IN 13 TRIES, (AVG 539998.7692307692)
[1, 4, 10, 23, 57, 132, 301, 701, 1654, 3813, 9063, 20113]...: 14055470: ACCEPTED IN 26 TRIES, (AVG 540595.0)
[1, 4, 10, 23, 57, 132, 301, 701, 1654, 3813, 9063, 20117]...: 11890584: ACCEPTED IN 22 TRIES, (AVG 540481.0909090909)
[1, 4, 10, 23, 57, 132, 301, 701, 1654, 3813, 9063, 20125]...: 11890312: ACCEPTED IN 22 TRIES, (AVG 540468.7272727273)
[1, 4, 10, 23, 57, 132, 301, 701, 1654, 3813, 9063, 20150]...: 11888041: ACCEPTED IN 22 TRIES, (AVG 540365.5)
[1, 4, 10, 23, 57, 132, 301, 701, 1654, 3813, 9063, 20154]...: 10808818: ACCEPTED IN 20 TRIES, (AVG 540440.9)
[1, 4, 10, 23, 57, 132, 301, 701, 1654, 3813, 9063, 20158]...: 15678410: ACCEPTED IN 29 TRIES, (AVG 540634.8275862068)
[1, 4, 10, 23, 57, 132, 301, 701, 1654, 3813, 9063, 20191]...: 9725879: ACCEPTED IN 18 TRIES, (AVG 540326.6111111111)
[1, 4, 10, 23, 57, 132, 301, 701, 1654, 3813, 9063, 20208]...: 11890045: ACCEPTED IN 22 TRIES, (AVG 540456.5909090909)
[1, 4, 10, 23, 57, 132, 301, 701, 1654, 3813, 9063, 20228]...: 11889164: ACCEPTED IN 22 TRIES, (AVG 540416.5454545454)
[1, 4, 10, 23, 57, 132, 301, 701, 1654, 3813, 9063, 20245]...: 10806790: ACCEPTED IN 20 TRIES, (AVG 540339.5)
[1, 4, 10, 23, 57, 132, 301, 701, 1654, 3813, 9063, 20249]...: 14055714: ACCEPTED IN 26 TRIES, (AVG 540604.3846153846)
[1, 4, 10, 23, 57, 132, 301, 701, 1654, 3813, 9063, 20257]...: 11890187: ACCEPTED IN 22 TRIES, (AVG 540463.0454545454)
[1, 4, 10, 23, 57, 132, 301, 701, 1654, 3813, 9063, 20277]...: 23794229: ACCEPTED IN 44 TRIES, (AVG 540777.9318181818)
[1, 4, 10, 23, 57, 132, 301, 701, 1654, 3813, 9063, 20282]...: 14596761: ACCEPTED IN 27 TRIES, (AVG 540620.7777777778)
[1, 4, 10, 23, 57, 132, 301, 701, 1654, 3813, 9063, 20286]...: 15136755: ACCEPTED IN 28 TRIES, (AVG 540598.3928571428)
[1, 4, 10, 23, 57, 132, 301, 701, 1654, 3813, 9063, 20290]...: 13514102: ACCEPTED IN 25 TRIES, (AVG 540564.08)
[1, 4, 10, 23, 57, 132, 301, 701, 1654, 3813, 9063, 20319]...: 11890861: ACCEPTED IN 22 TRIES, (AVG 540493.6818181818)
[1, 4, 10, 23, 57, 132, 301, 701, 1654, 3813, 9063, 20323]...: 16761189: ACCEPTED IN 31 TRIES, (AVG 540683.5161290322)
[1, 4, 10, 23, 57, 132, 301, 701, 1654, 3813, 9063, 20327]...: 11348298: ACCEPTED IN 21 TRIES, (AVG 540395.1428571428)
[1, 4, 10, 23, 57, 132, 301, 701, 1654, 3813, 9063, 20340]...: 12971542: ACCEPTED IN 24 TRIES, (AVG 540480.9166666666)
[1, 4, 10, 23, 57, 132, 301, 701, 1654, 3813, 9063, 20360]...: 12430730: ACCEPTED IN 23 TRIES, (AVG 540466.5217391305)
[1, 4, 10, 23, 57, 132, 301, 701, 1654, 3813, 9063, 20377]...: 12431792: ACCEPTED IN 23 TRIES, (AVG 540512.695652174)
[1, 4, 10, 23, 57, 132, 301, 701, 1654, 3813, 9063, 20381]...: 11889182: ACCEPTED IN 22 TRIES, (AVG 540417.3636363636)
[1, 4, 10, 23, 57, 132, 301, 701, 1654, 3813, 9063, 20389]...: 11348237: ACCEPTED IN 21 TRIES, (AVG 540392.2380952381)
[1, 4, 10, 23, 57, 132, 301, 701, 1654, 3813, 9063, 20409]...: 9185322: ACCEPTED IN 17 TRIES, (AVG 540313.0588235294)
[1, 4, 10, 23, 57, 132, 301, 701, 1654, 3813, 9063, 20414]...: 11890373: ACCEPTED IN 22 TRIES, (AVG 540471.5)
[1, 4, 10, 23, 57, 132, 301, 701, 1654, 3813, 9063, 20418]...: 12972336: ACCEPTED IN 24 TRIES, (AVG 540514.0)
[1, 4, 10, 23, 57, 132, 301, 701, 1654, 3813, 9063, 20422]...: 10807863: ACCEPTED IN 20 TRIES, (AVG 540393.15)
[1, 4, 10, 23, 57, 132, 301, 701, 1654, 3813, 9063, 20426]...: 12429688: ACCEPTED IN 23 TRIES, (AVG 540421.2173913043)
[1, 4, 10, 23, 57, 132, 301, 701, 1654, 3813, 9063, 20451]...: 9183663: ACCEPTED IN 17 TRIES, (AVG 540215.4705882353)
[1, 4, 10, 23, 57, 132, 301, 701, 1654, 3813, 9063, 20455]...: 22171696: ACCEPTED IN 41 TRIES, (AVG 540773.0731707317)
[1, 4, 10, 23, 57, 132, 301, 701, 1654, 3813, 9063, 20459]...: 16219670: ACCEPTED IN 30 TRIES, (AVG 540655.6666666666)
[1, 4, 10, 23, 57, 132, 301, 701, 1654, 3813, 9063, 20492]...: 9183460: ACCEPTED IN 17 TRIES, (AVG 540203.5294117647)
[1, 4, 10, 23, 57, 132, 301, 701, 1654, 3813, 9063, 20509]...: 11889168: ACCEPTED IN 22 TRIES, (AVG 540416.7272727273)
[1, 4, 10, 23, 57, 132, 301, 701, 1654, 3813, 9063, 20513]...: 6479355: ACCEPTED IN 12 TRIES, (AVG 539946.25)
[1, 4, 10, 23, 57, 132, 301, 701, 1654, 3813, 9063, 20529]...: 7561125: ACCEPTED IN 14 TRIES, (AVG 540080.3571428572)
[1, 4, 10, 23, 57, 132, 301, 701, 1654, 3813, 9063, 20541]...: 9184980: ACCEPTED IN 17 TRIES, (AVG 540292.9411764706)
[1, 4, 10, 23, 57, 132, 301, 701, 1654, 3813, 9063, 20546]...: 9724233: ACCEPTED IN 18 TRIES, (AVG 540235.1666666666)
[1, 4, 10, 23, 57, 132, 301, 701, 1654, 3813, 9063, 20550]...: 7559933: ACCEPTED IN 14 TRIES, (AVG 539995.2142857143)
[1, 4, 10, 23, 57, 132, 301, 701, 1654, 3813, 9063, 20554]...: 16218032: ACCEPTED IN 30 TRIES, (AVG 540601.0666666667)
[1, 4, 10, 23, 57, 132, 301, 701, 1654, 3813, 9063, 20558]...: 12431106: ACCEPTED IN 23 TRIES, (AVG 540482.8695652174)
[1, 4, 10, 23, 57, 132, 301, 701, 1654, 3813, 9063, 20583]...: 10807563: ACCEPTED IN 20 TRIES, (AVG 540378.15)
[1, 4, 10, 23, 57, 132, 301, 701, 1654, 3813, 9063, 20587]...: 14055471: ACCEPTED IN 26 TRIES, (AVG 540595.0384615385)
[1, 4, 10, 23, 57, 132, 301, 701, 1654, 3813, 9063, 20591]...: 6479099: ACCEPTED IN 12 TRIES, (AVG 539924.9166666666)
[1, 4, 10, 23, 57, 132, 301, 701, 1654, 3813, 9063, 20620]...: 6479749: ACCEPTED IN 12 TRIES, (AVG 539979.0833333334)
[1, 4, 10, 23, 57, 132, 301, 701, 1654, 3813, 9063, 20624]...: 11889684: ACCEPTED IN 22 TRIES, (AVG 540440.1818181818)
[1, 4, 10, 23, 57, 132, 301, 701, 1654, 3813, 9063, 20628]...: 8102887: ACCEPTED IN 15 TRIES, (AVG 540192.4666666667)
[1, 4, 10, 23, 57, 132, 301, 701, 1654, 3813, 9063, 20641]...: 11889214: ACCEPTED IN 22 TRIES, (AVG 540418.8181818182)
[1, 4, 10, 23, 57, 132, 301, 701, 1654, 3813, 9063, 20645]...: 12432167: ACCEPTED IN 23 TRIES, (AVG 540529.0)
[1, 4, 10, 23, 57, 132, 301, 701, 1654, 3813, 9063, 20661]...: 9185283: ACCEPTED IN 17 TRIES, (AVG 540310.7647058824)
[1, 4, 10, 23, 57, 132, 301, 701, 1654, 3813, 9063, 20673]...: 4856241: ACCEPTED IN 9 TRIES, (AVG 539582.3333333334)
[1, 4, 10, 23, 57, 132, 301, 701, 1654, 3813, 9063, 20678]...: 12973093: ACCEPTED IN 24 TRIES, (AVG 540545.5416666666)
[1, 4, 10, 23, 57, 132, 301, 701, 1654, 3813, 9063, 20682]...: 8101861: ACCEPTED IN 15 TRIES, (AVG 540124.0666666667)
[1, 4, 10, 23, 57, 132, 301, 701, 1654, 3813, 9063, 20686]...: 12432225: ACCEPTED IN 23 TRIES, (AVG 540531.5217391305)
[1, 4, 10, 23, 57, 132, 301, 701, 1654, 3813, 9063, 20690]...: 6477947: ACCEPTED IN 12 TRIES, (AVG 539828.9166666666)
[1, 4, 10, 23, 57, 132, 301, 701, 1654, 3813, 9063, 20715]...: 11890096: ACCEPTED IN 22 TRIES, (AVG 540458.9090909091)
[1, 4, 10, 23, 57, 132, 301, 701, 1654, 3813, 9063, 20719]...: 12430790: ACCEPTED IN 23 TRIES, (AVG 540469.1304347826)
[1, 4, 10, 23, 57, 132, 301, 701, 1654, 3813, 9063, 20723]...: 9725494: ACCEPTED IN 18 TRIES, (AVG 540305.2222222222)
[1, 4, 10, 23, 57, 132, 301, 701, 1654, 3813, 9063, 20727]...: 10808656: ACCEPTED IN 20 TRIES, (AVG 540432.8)
[1, 4, 10, 23, 57, 132, 301, 701, 1654, 3813, 9063, 20752]...: 7017395: ACCEPTED IN 13 TRIES, (AVG 539799.6153846154)
[1, 4, 10, 23, 57, 132, 301, 701, 1654, 3813, 9063, 20756]...: 7560396: ACCEPTED IN 14 TRIES, (AVG 540028.2857142857)
[1, 4, 10, 23, 57, 132, 301, 701, 1654, 3813, 9063, 20760]...: 11890179: ACCEPTED IN 22 TRIES, (AVG 540462.6818181818)
[1, 4, 10, 23, 57, 132, 301, 701, 1654, 3813, 9063, 20777]...: 12431683: ACCEPTED IN 23 TRIES, (AVG 540507.9565217391)
[1, 4, 10, 23, 57, 132, 301, 701, 1654, 3813, 9063, 20793]...: 11889931: ACCEPTED IN 22 TRIES, (AVG 540451.4090909091)
[1, 4, 10, 23, 57, 132, 301, 701, 1654, 3813, 9063, 20805]...: 11889531: ACCEPTED IN 22 TRIES, (AVG 540433.2272727273)
[1, 4, 10, 23, 57, 132, 301, 701, 1654, 3813, 9063, 20810]...: 12430983: ACCEPTED IN 23 TRIES, (AVG 540477.5217391305)
[1, 4, 10, 23, 57, 132, 301, 701, 1654, 3813, 9063, 20814]...: 9724978: ACCEPTED IN 18 TRIES, (AVG 540276.5555555555)
[1, 4, 10, 23, 57, 132, 301, 701, 1654, 3813, 9063, 20818]...: 10805988: ACCEPTED IN 20 TRIES, (AVG 540299.4)
[1, 4, 10, 23, 57, 132, 301, 701, 1654, 3813, 9063, 20847]...: 9726280: ACCEPTED IN 18 TRIES, (AVG 540348.8888888889)
[1, 4, 10, 23, 57, 132, 301, 701, 1654, 3813, 9063, 20851]...: 10808668: ACCEPTED IN 20 TRIES, (AVG 540433.4)
[1, 4, 10, 23, 57, 132, 301, 701, 1654, 3813, 9063, 20855]...: 8644363: ACCEPTED IN 16 TRIES, (AVG 540272.6875)
[1, 4, 10, 23, 57, 132, 301, 701, 1654, 3813, 9063, 20859]...: 11890251: ACCEPTED IN 22 TRIES, (AVG 540465.9545454546)
[1, 4, 10, 23, 57, 132, 301, 701, 1654, 3813, 9063, 20884]...: 10808394: ACCEPTED IN 20 TRIES, (AVG 540419.7)
[1, 4, 10, 23, 57, 132, 301, 701, 1654, 3813, 9063, 20888]...: 11348181: ACCEPTED IN 21 TRIES, (AVG 540389.5714285715)
[1, 4, 10, 23, 57, 132, 301, 701, 1654, 3813, 9063, 20892]...: 14594732: ACCEPTED IN 27 TRIES, (AVG 540545.6296296297)
[1, 4, 10, 23, 57, 132, 301, 701, 1654, 3813, 9063, 20909]...: 12431493: ACCEPTED IN 23 TRIES, (AVG 540499.695652174)
[1, 4, 10, 23, 57, 132, 301, 701, 1654, 3813, 9063, 20925]...: 12430155: ACCEPTED IN 23 TRIES, (AVG 540441.5217391305)
[1, 4, 10, 23, 57, 132, 301, 701, 1654, 3813, 9063, 20929]...: 15135322: ACCEPTED IN 28 TRIES, (AVG 540547.2142857143)
[1, 4, 10, 23, 57, 132, 301, 701, 1654, 3813, 9063, 20937]...: 14595694: ACCEPTED IN 27 TRIES, (AVG 540581.2592592592)
[1, 4, 10, 23, 57, 132, 301, 701, 1654, 3813, 9063, 20942]...: 7020759: ACCEPTED IN 13 TRIES, (AVG 540058.3846153846)
[1, 4, 10, 23, 57, 132, 301, 701, 1654, 3813, 9063, 20946]...: 7561206: ACCEPTED IN 14 TRIES, (AVG 540086.1428571428)
[1, 4, 10, 23, 57, 132, 301, 701, 1654, 3813, 9063, 20950]...: 9183163: ACCEPTED IN 17 TRIES, (AVG 540186.0588235294)
[1, 4, 10, 23, 57, 132, 301, 701, 1654, 3813, 9063, 20979]...: 11890002: ACCEPTED IN 22 TRIES, (AVG 540454.6363636364)
[1, 4, 10, 23, 57, 132, 301, 701, 1654, 3813, 9063, 20983]...: 6478971: ACCEPTED IN 12 TRIES, (AVG 539914.25)
[1, 4, 10, 23, 57, 132, 301, 701, 1654, 3813, 9063, 20987]...: 11889313: ACCEPTED IN 22 TRIES, (AVG 540423.3181818182)
[1, 4, 10, 23, 57, 132, 301, 701, 1654, 3813, 9063, 20991]...: 15137906: ACCEPTED IN 28 TRIES, (AVG 540639.5)
[1, 4, 10, 23, 57, 132, 301, 701, 1654, 3813, 9063, 21016]...: 9184178: ACCEPTED IN 17 TRIES, (AVG 540245.7647058824)
[1, 4, 10, 23, 57, 132, 301, 701, 1654, 3813, 9063, 21020]...: 12432345: ACCEPTED IN 23 TRIES, (AVG 540536.7391304348)
[1, 4, 10, 23, 57, 132, 301, 701, 1654, 3813, 9063, 21024]...: 7560966: ACCEPTED IN 14 TRIES, (AVG 540069.0)
[1, 4, 10, 23, 57, 132, 301, 701, 1654, 3813, 9063, 21028]...: 12431688: ACCEPTED IN 23 TRIES, (AVG 540508.1739130435)
[1, 4, 10, 23, 57, 132, 301, 701, 1654, 3813, 9063, 21041]...: 8101359: ACCEPTED IN 15 TRIES, (AVG 540090.6)
[1, 4, 10, 23, 57, 132, 301, 701, 1654, 3813, 9063, 21057]...: 10266866: ACCEPTED IN 19 TRIES, (AVG 540361.3684210526)
[1, 4, 10, 23, 57, 132, 301, 701, 1654, 3813, 9063, 21061]...: 12430896: ACCEPTED IN 23 TRIES, (AVG 540473.7391304348)
[1, 4, 10, 23, 57, 132, 301, 701, 1654, 3813, 9063, 21070]...: 18923441: ACCEPTED IN 35 TRIES, (AVG 540669.7428571428)
[1, 4, 10, 23, 57, 132, 301, 701, 1654, 3813, 9063, 21078]...: 11349323: ACCEPTED IN 21 TRIES, (AVG 540443.9523809524)
[1, 4, 10, 23, 57, 132, 301, 701, 1654, 3813, 9063, 21082]...: 12431405: ACCEPTED IN 23 TRIES, (AVG 540495.8695652174)
[1, 4, 10, 23, 57, 132, 301, 701, 1654, 3813, 9063, 21111]...: 9184054: ACCEPTED IN 17 TRIES, (AVG 540238.4705882353)
[1, 4, 10, 23, 57, 132, 301, 701, 1654, 3813, 9063, 21115]...: 12429785: ACCEPTED IN 23 TRIES, (AVG 540425.4347826086)
[1, 4, 10, 23, 57, 132, 301, 701, 1654, 3813, 9063, 21119]...: 12432141: ACCEPTED IN 23 TRIES, (AVG 540527.8695652174)
[1, 4, 10, 23, 57, 132, 301, 701, 1654, 3813, 9063, 21123]...: 12972833: ACCEPTED IN 24 TRIES, (AVG 540534.7083333334)
[1, 4, 10, 23, 57, 132, 301, 701, 1654, 3813, 9063, 21148]...: 11890983: ACCEPTED IN 22 TRIES, (AVG 540499.2272727273)
[1, 4, 10, 23, 57, 132, 301, 701, 1654, 3813, 9063, 21152]...: 9724983: ACCEPTED IN 18 TRIES, (AVG 540276.8333333334)
[1, 4, 10, 23, 57, 132, 301, 701, 1654, 3813, 9063, 21156]...: 12972655: ACCEPTED IN 24 TRIES, (AVG 540527.2916666666)
[1, 4, 10, 23, 57, 132, 301, 701, 1654, 3813, 9063, 21160]...: 6479344: ACCEPTED IN 12 TRIES, (AVG 539945.3333333334)
[1, 4, 10, 23, 57, 132, 301, 701, 1654, 3813, 9063, 21189]...: 9182903: ACCEPTED IN 17 TRIES, (AVG 540170.7647058824)
[1, 4, 10, 23, 57, 132, 301, 701, 1654, 3813, 9063, 21193]...: 14054584: ACCEPTED IN 26 TRIES, (AVG 540560.9230769231)
[1, 4, 10, 23, 57, 132, 301, 701, 1654, 3813, 9063, 21202]...: 14053769: ACCEPTED IN 26 TRIES, (AVG 540529.5769230769)
[1, 4, 10, 23, 57, 132, 301, 701, 1654, 3813, 9063, 21210]...: 11887996: ACCEPTED IN 22 TRIES, (AVG 540363.4545454546)
[1, 4, 10, 23, 57, 132, 301, 701, 1654, 3813, 9063, 21214]...: 9726011: ACCEPTED IN 18 TRIES, (AVG 540333.9444444445)
[1, 4, 10, 23, 57, 132, 301, 701, 1654, 3813, 9063, 21230]...: 11890540: ACCEPTED IN 22 TRIES, (AVG 540479.0909090909)
[1, 4, 10, 23, 57, 132, 301, 701, 1654, 3813, 9063, 21243]...: 9182202: ACCEPTED IN 17 TRIES, (AVG 540129.5294117647)
[1, 4, 10, 23, 57, 132, 301, 701, 1654, 3813, 9063, 21247]...: 9184785: ACCEPTED IN 17 TRIES, (AVG 540281.4705882353)
[1, 4, 10, 23, 57, 132, 301, 701, 1654, 3813, 9063, 21251]...: 14595107: ACCEPTED IN 27 TRIES, (AVG 540559.5185185185)
[1, 4, 10, 23, 57, 132, 301, 701, 1654, 3813, 9063, 21255]...: 11889231: ACCEPTED IN 22 TRIES, (AVG 540419.5909090909)
[1, 4, 10, 23, 57, 132, 301, 701, 1654, 3813, 9063, 21280]...: 12972768: ACCEPTED IN 24 TRIES, (AVG 540532.0)
[1, 4, 10, 23, 57, 132, 301, 701, 1654, 3813, 9063, 21284]...: 11889510: ACCEPTED IN 22 TRIES, (AVG 540432.2727272727)
[1, 4, 10, 23, 57, 132, 301, 701, 1654, 3813, 9063, 21288]...: 11888057: ACCEPTED IN 22 TRIES, (AVG 540366.2272727273)
[1, 4, 10, 23, 57, 132, 301, 701, 1654, 3813, 9063, 21292]...: 10265140: ACCEPTED IN 19 TRIES, (AVG 540270.5263157894)
[1, 4, 10, 23, 57, 132, 301, 701, 1654, 3813, 9063, 21317]...: 14055191: ACCEPTED IN 26 TRIES, (AVG 540584.2692307692)
[1, 4, 10, 23, 57, 132, 301, 701, 1654, 3813, 9063, 21321]...: 13514054: ACCEPTED IN 25 TRIES, (AVG 540562.16)
[1, 4, 10, 23, 57, 132, 301, 701, 1654, 3813, 9063, 21325]...: 8102523: ACCEPTED IN 15 TRIES, (AVG 540168.2)
[1, 4, 10, 23, 57, 132, 301, 701, 1654, 3813, 9063, 21329]...: 14055032: ACCEPTED IN 26 TRIES, (AVG 540578.1538461539)
[1, 4, 10, 23, 57, 132, 301, 701, 1654, 3813, 9063, 21334]...: 13513108: ACCEPTED IN 25 TRIES, (AVG 540524.32)
[1, 4, 10, 23, 57, 132, 301, 701, 1654, 3813, 9063, 21342]...: 9724364: ACCEPTED IN 18 TRIES, (AVG 540242.4444444445)
[1, 4, 10, 23, 57, 132, 301, 701, 1654, 3813, 9063, 21346]...: 3231352: ACCEPTED IN 6 TRIES, (AVG 538558.6666666666)
[1, 4, 10, 23, 57, 132, 301, 701, 1654, 3813, 9063, 21362]...: 10808309: ACCEPTED IN 20 TRIES, (AVG 540415.45)
[1, 4, 10, 23, 57, 132, 301, 701, 1654, 3813, 9063, 21371]...: 14596857: ACCEPTED IN 27 TRIES, (AVG 540624.3333333334)
[1, 4, 10, 23, 57, 132, 301, 701, 1654, 3813, 9063, 21375]...: 7020471: ACCEPTED IN 13 TRIES, (AVG 540036.2307692308)
[1, 4, 10, 23, 57, 132, 301, 701, 1654, 3813, 9063, 21379]...: 18925375: ACCEPTED IN 35 TRIES, (AVG 540725.0)
[1, 4, 10, 23, 57, 132, 301, 701, 1654, 3813, 9063, 21383]...: 9184171: ACCEPTED IN 17 TRIES, (AVG 540245.3529411765)
[1, 4, 10, 23, 57, 132, 301, 701, 1654, 3813, 9063, 21387]...: 11889433: ACCEPTED IN 22 TRIES, (AVG 540428.7727272727)
[1, 4, 10, 23, 57, 132, 301, 701, 1654, 3813, 9063, 21412]...: 8103163: ACCEPTED IN 15 TRIES, (AVG 540210.8666666667)
[1, 4, 10, 23, 57, 132, 301, 701, 1654, 3813, 9063, 21416]...: 11889307: ACCEPTED IN 22 TRIES, (AVG 540423.0454545454)
[1, 4, 10, 23, 57, 132, 301, 701, 1654, 3813, 9063, 21420]...: 11890559: ACCEPTED IN 22 TRIES, (AVG 540479.9545454546)
[1, 4, 10, 23, 57, 132, 301, 701, 1654, 3813, 9063, 21424]...: 15136954: ACCEPTED IN 28 TRIES, (AVG 540605.5)
[1, 4, 10, 23, 57, 132, 301, 701, 1654, 3813, 9063, 21449]...: 9726543: ACCEPTED IN 18 TRIES, (AVG 540363.5)
[1, 4, 10, 23, 57, 132, 301, 701, 1654, 3813, 9063, 21453]...: 10808765: ACCEPTED IN 20 TRIES, (AVG 540438.25)
[1, 4, 10, 23, 57, 132, 301, 701, 1654, 3813, 9063, 21457]...: 11890814: ACCEPTED IN 22 TRIES, (AVG 540491.5454545454)
[1, 4, 10, 23, 57, 132, 301, 701, 1654, 3813, 9063, 21461]...: 11888570: ACCEPTED IN 22 TRIES, (AVG 540389.5454545454)
[1, 4, 10, 23, 57, 132, 301, 701, 1654, 3813, 9063, 21466]...: 9725708: ACCEPTED IN 18 TRIES, (AVG 540317.1111111111)
[1, 4, 10, 23, 57, 132, 301, 701, 1654, 3813, 9063, 21478]...: 9726299: ACCEPTED IN 18 TRIES, (AVG 540349.9444444445)
[1, 4, 10, 23, 57, 132, 301, 701, 1654, 3813, 9063, 21494]...: 11888671: ACCEPTED IN 22 TRIES, (AVG 540394.1363636364)
[1, 4, 10, 23, 57, 132, 301, 701, 1654, 3813, 9063, 21503]...: 12431990: ACCEPTED IN 23 TRIES, (AVG 540521.304347826)
[1, 4, 10, 23, 57, 132, 301, 701, 1654, 3813, 9063, 21507]...: 11889877: ACCEPTED IN 22 TRIES, (AVG 540448.9545454546)
[1, 4, 10, 23, 57, 132, 301, 701, 1654, 3813, 9063, 21511]...: 11889358: ACCEPTED IN 22 TRIES, (AVG 540425.3636363636)
[1, 4, 10, 23, 57, 132, 301, 701, 1654, 3813, 9063, 21515]...: 9725275: ACCEPTED IN 18 TRIES, (AVG 540293.0555555555)
[1, 4, 10, 23, 57, 132, 301, 701, 1654, 3813, 9063, 21544]...: 10806642: ACCEPTED IN 20 TRIES, (AVG 540332.1)
[1, 4, 10, 23, 57, 132, 301, 701, 1654, 3813, 9063, 21548]...: 10267794: ACCEPTED IN 19 TRIES, (AVG 540410.2105263158)
[1, 4, 10, 23, 57, 132, 301, 701, 1654, 3813, 9063, 21552]...: 7020299: ACCEPTED IN 13 TRIES, (AVG 540023.0)
[1, 4, 10, 23, 57, 132, 301, 701, 1654, 3813, 9063, 21556]...: 11890051: ACCEPTED IN 22 TRIES, (AVG 540456.8636363636)
[1, 4, 10, 23, 57, 132, 301, 701, 1654, 3813, 9063, 21581]...: 4314189: ACCEPTED IN 8 TRIES, (AVG 539273.625)
[1, 4, 10, 23, 57, 132, 301, 701, 1654, 3813, 9063, 21585]...: 7017488: ACCEPTED IN 13 TRIES, (AVG 539806.7692307692)
[1, 4, 10, 23, 57, 132, 301, 701, 1654, 3813, 9063, 21589]...: 14594821: ACCEPTED IN 27 TRIES, (AVG 540548.925925926)
[1, 4, 10, 23, 57, 132, 301, 701, 1654, 3813, 9063, 21593]...: 6479680: ACCEPTED IN 12 TRIES, (AVG 539973.3333333334)
[1, 4, 10, 23, 57, 132, 301, 701, 1654, 3813, 9063, 21598]...: 11889289: ACCEPTED IN 22 TRIES, (AVG 540422.2272727273)
[1, 4, 10, 23, 57, 132, 301, 701, 1654, 3813, 9063, 21610]...: 14053452: ACCEPTED IN 26 TRIES, (AVG 540517.3846153846)
[1, 4, 10, 23, 57, 132, 301, 701, 1654, 3813, 9063, 21618]...: 11889293: ACCEPTED IN 22 TRIES, (AVG 540422.4090909091)
[1, 4, 10, 23, 57, 132, 301, 701, 1654, 3813, 9063, 21626]...: 13512559: ACCEPTED IN 25 TRIES, (AVG 540502.36)
[1, 4, 10, 23, 57, 132, 301, 701, 1654, 3813, 9063, 21630]...: 14596512: ACCEPTED IN 27 TRIES, (AVG 540611.5555555555)
[1, 4, 10, 23, 57, 132, 301, 701, 1654, 3813, 9063, 21635]...: 11889083: ACCEPTED IN 22 TRIES, (AVG 540412.8636363636)
[1, 4, 10, 23, 57, 132, 301, 701, 1654, 3813, 9063, 21639]...: 14053505: ACCEPTED IN 26 TRIES, (AVG 540519.4230769231)
[1, 4, 10, 23, 57, 132, 301, 701, 1654, 3813, 9063, 21643]...: 11349729: ACCEPTED IN 21 TRIES, (AVG 540463.2857142857)
[1, 4, 10, 23, 57, 132, 301, 701, 1654, 3813, 9063, 21647]...: 9184268: ACCEPTED IN 17 TRIES, (AVG 540251.0588235294)
[1, 4, 10, 23, 57, 132, 301, 701, 1654, 3813, 9063, 21672]...: 7560047: ACCEPTED IN 14 TRIES, (AVG 540003.3571428572)
[1, 4, 10, 23, 57, 132, 301, 701, 1654, 3813, 9063, 21676]...: 7561360: ACCEPTED IN 14 TRIES, (AVG 540097.1428571428)
[1, 4, 10, 23, 57, 132, 301, 701, 1654, 3813, 9063, 21680]...: 12973412: ACCEPTED IN 24 TRIES, (AVG 540558.8333333334)
[1, 4, 10, 23, 57, 132, 301, 701, 1654, 3813, 9063, 21684]...: 7559257: ACCEPTED IN 14 TRIES, (AVG 539946.9285714285)
[1, 4, 10, 23, 57, 132, 301, 701, 1654, 3813, 9063, 21688]...: 7561731: ACCEPTED IN 14 TRIES, (AVG 540123.6428571428)
[1, 4, 10, 23, 57, 132, 301, 701, 1654, 3813, 9063, 21713]...: 9182213: ACCEPTED IN 17 TRIES, (AVG 540130.1764705882)
[1, 4, 10, 23, 57, 132, 301, 701, 1654, 3813, 9063, 21717]...: 10267378: ACCEPTED IN 19 TRIES, (AVG 540388.3157894737)
[1, 4, 10, 23, 57, 132, 301, 701, 1654, 3813, 9063, 21721]...: 9185435: ACCEPTED IN 17 TRIES, (AVG 540319.7058823529)
[1, 4, 10, 23, 57, 132, 301, 701, 1654, 3813, 9063, 21725]...: 6477907: ACCEPTED IN 12 TRIES, (AVG 539825.5833333334)
[1, 4, 10, 23, 57, 132, 301, 701, 1654, 3813, 9063, 21730]...: 7020567: ACCEPTED IN 13 TRIES, (AVG 540043.6153846154)
[1, 4, 10, 23, 57, 132, 301, 701, 1654, 3813, 9063, 21742]...: 9725117: ACCEPTED IN 18 TRIES, (AVG 540284.2777777778)
[1, 4, 10, 23, 57, 132, 301, 701, 1654, 3813, 9063, 21750]...: 10806557: ACCEPTED IN 20 TRIES, (AVG 540327.85)
