[1, 4, 10, 23, 57, 132, 301, 701, 1654, 3813, 8911, 19640]...: 10267118: ACCEPTED IN 19 TRIES, (AVG 540374.6315789474)
[1, 4, 10, 23, 57, 132, 301, 701, 1654, 3813, 8911, 19652]...: 18383845: ACCEPTED IN 34 TRIES, (AVG 540701.3235294118)
[1, 4, 10, 23, 57, 132, 301, 701, 1654, 3813, 8911, 19689]...: 5397310: ACCEPTED IN 10 TRIES, (AVG 539731.0)
[1, 4, 10, 23, 57, 132, 301, 701, 1654, 3813, 8911, 19772]...: 12971841: ACCEPTED IN 24 TRIES, (AVG 540493.375)
[1, 4, 10, 23, 57, 132, 301, 701, 1654, 3813, 8911, 19784]...: 7561399: ACCEPTED IN 14 TRIES, (AVG 540099.9285714285)
[1, 4, 10, 23, 57, 132, 301, 701, 1654, 3813, 8911, 19809]...: 7560809: ACCEPTED IN 14 TRIES, (AVG 540057.7857142857)
[1, 4, 10, 23, 57, 132, 301, 701, 1654, 3813, 8911, 19821]...: 10808154: ACCEPTED IN 20 TRIES, (AVG 540407.7)
[1, 4, 10, 23, 57, 132, 301, 701, 1654, 3813, 8911, 19904]...: 12973034: ACCEPTED IN 24 TRIES, (AVG 540543.0833333334)
[1, 4, 10, 23, 57, 132, 301, 701, 1654, 3813, 8911, 19941]...: 7020406: ACCEPTED IN 13 TRIES, (AVG 540031.2307692308)
[1, 4, 10, 23, 57, 132, 301, 701, 1654, 3813, 8911, 19953]...: 16220151: ACCEPTED IN 30 TRIES, (AVG 540671.7)
[1, 4, 10, 23, 57, 132, 301, 701, 1654, 3813, 8911, 20036]...: 7018938: ACCEPTED IN 13 TRIES, (AVG 539918.3076923077)
[1, 4, 10, 23, 57, 132, 301, 701, 1654, 3813, 8911, 20073]...: 6478582: ACCEPTED IN 12 TRIES, (AVG 539881.8333333334)
[1, 4, 10, 23, 57, 132, 301, 701, 1654, 3813, 8911, 20085]...: 6479424: ACCEPTED IN 12 TRIES, (AVG 539952.0)
[1, 4, 10, 23, 57, 132, 301, 701, 1654, 3813, 8911, 20205]...: 7561305: ACCEPTED IN 14 TRIES, (AVG 540093.2142857143)
[1, 4, 10, 23, 57, 132, 301, 701, 1654, 3813, 8911, 20209]...: 7020530: ACCEPTED IN 13 TRIES, (AVG 540040.7692307692)
[1, 4, 10, 23, 57, 132, 301, 701, 1654, 3813, 8911, 20337]...: 10806319: ACCEPTED IN 20 TRIES, (AVG 540315.95)
[1, 4, 10, 23, 57, 132, 301, 701, 1654, 3813, 8911, 20341]...: 4315220: ACCEPTED IN 8 TRIES, (AVG 539402.5)
[1, 4, 10, 23, 57, 132, 301, 701, 1654, 3813, 8911, 20473]...: 7560210: ACCEPTED IN 14 TRIES, (AVG 540015.0)
[1, 4, 10, 23, 57, 132, 301, 701, 1654, 3813, 8911, 20510]...: 9185004: ACCEPTED IN 17 TRIES, (AVG 540294.3529411765)
[1, 4, 10, 23, 57, 132, 301, 701, 1654, 3813, 8911, 20605]...: 5936917: ACCEPTED IN 11 TRIES, (AVG 539719.7272727273)
[1, 4, 10, 23, 57, 132, 301, 701, 1654, 3813, 8911, 20642]...: 5938335: ACCEPTED IN 11 TRIES, (AVG 539848.6363636364)
[1, 4, 10, 23, 57, 132, 301, 701, 1654, 3813, 8911, 20737]...: 5935048: ACCEPTED IN 11 TRIES, (AVG 539549.8181818182)
[1, 4, 10, 23, 57, 132, 301, 701, 1654, 3813, 8911, 20774]...: 16220288: ACCEPTED IN 30 TRIES, (AVG 540676.2666666667)
[1, 4, 10, 23, 57, 132, 301, 701, 1654, 3813, 8911, 20906]...: 5937806: ACCEPTED IN 11 TRIES, (AVG 539800.5454545454)
[1, 4, 10, 23, 57, 132, 301, 701, 1654, 3813, 8911, 20910]...: 7020932: ACCEPTED IN 13 TRIES, (AVG 540071.6923076923)
[1, 4, 10, 23, 57, 132, 301, 701, 1654, 3813, 8911, 21038]...: 6478672: ACCEPTED IN 12 TRIES, (AVG 539889.3333333334)
[1, 4, 10, 23, 57, 132, 301, 701, 1654, 3813, 8911, 21042]...: 7561545: ACCEPTED IN 14 TRIES, (AVG 540110.3571428572)
[1, 4, 10, 23, 57, 132, 301, 701, 1654, 3813, 8911, 21162]...: 5937550: ACCEPTED IN 11 TRIES, (AVG 539777.2727272727)
[1, 4, 10, 23, 57, 132, 301, 701, 1654, 3813, 8911, 21174]...: 7561345: ACCEPTED IN 14 TRIES, (AVG 540096.0714285715)
[1, 4, 10, 23, 57, 132, 301, 701, 1654, 3813, 8911, 21211]...: 3771595: ACCEPTED IN 7 TRIES, (AVG 538799.2857142857)
[1, 4, 10, 23, 57, 132, 301, 701, 1654, 3813, 8911, 21294]...: 9725499: ACCEPTED IN 18 TRIES, (AVG 540305.5)
[1, 4, 10, 23, 57, 132, 301, 701, 1654, 3813, 8911, 21306]...: 10807707: ACCEPTED IN 20 TRIES, (AVG 540385.35)
[1, 4, 10, 23, 57, 132, 301, 701, 1654, 3813, 8911, 21343]...: 15137426: ACCEPTED IN 28 TRIES, (AVG 540622.3571428572)
